Name:				3l_cvrp31
Problem:			3L-CVRP
Number_of_used_Vehicles:	14
Total_Travel_Distance:		2010.58
Calculation_Time:		-1.00
Total_Iterations:		-1
ConstraintSet:			P1

-------------------------------------------------------------------------------------------------------------------
Tour_Id:			1
No_of_Customers:		6
No_of_Items:			17
Customer_Sequence:		12 49 11 16 46 40 

CustId	Id	TypeId	Rotated	x	y	z	Length	Width	Height	mass	Fragility	LoadBearingStrength
12	33	33	0	36	0	11	21	9	7	14.50	0		3.784743
12	34	34	0	36	0	18	22	11	6	14.50	0		2.958105
49	138	138	0	0	19	18	17	10	12	5.50	0		3.654162
49	139	139	0	9	0	13	17	10	11	5.50	1		0.642016
49	140	140	0	36	0	0	20	11	11	5.50	0		1.034392
49	141	141	0	9	11	19	20	6	10	5.50	0		1.676883
11	29	29	1	0	0	22	13	9	7	3.25	0		3.276851
11	30	30	0	0	19	12	22	9	6	3.25	0		2.089196
11	31	31	0	24	18	0	22	12	8	3.25	1		0.968616
11	32	32	1	46	11	0	18	8	11	3.25	0		1.122284
16	44	44	0	12	0	6	24	11	7	9.50	1		0.863277
16	45	45	0	0	19	0	24	10	12	9.50	0		3.664812
46	131	131	0	12	11	10	20	6	9	13	0		1.177731
46	132	132	0	12	0	0	24	12	6	13	0		3.173082
40	116	116	1	0	0	0	19	12	11	2.67	0		2.301989
40	117	117	1	0	0	11	15	9	11	2.67	0		1.322219
40	118	118	0	12	12	0	20	6	10	2.67	0		1.902238


-------------------------------------------------------------------------------------------------------------------
Tour_Id:			2
No_of_Customers:		6
No_of_Items:			16
Customer_Sequence:		20 65 15 7 19 26 

CustId	Id	TypeId	Rotated	x	y	z	Length	Width	Height	mass	Fragility	LoadBearingStrength
20	56	56	1	33	0	19	22	6	10	9	0		3.462793
20	57	57	1	33	0	12	18	9	7	9	0		2.705474
20	58	58	1	46	0	0	14	10	12	9	1		0.681250
65	192	192	0	7	8	19	15	11	7	3	1		0.961133
65	193	193	1	34	0	0	16	12	12	3	0		2.368372
15	42	42	0	23	22	12	22	7	12	5	1		0.818663
15	43	43	0	23	22	0	23	8	12	5	1		0.861195
7	19	19	0	10	8	0	24	11	10	16.50	0		2.117095
7	20	20	1	10	8	10	13	12	9	16.50	0		1.816441
19	52	52	1	0	0	18	19	7	11	6.75	0		1.428876
19	53	53	1	0	0	10	22	10	8	6.75	0		3.136543
19	54	54	0	10	0	12	23	8	12	6.75	1		0.811130
19	55	55	0	10	0	0	24	8	12	6.75	0		1.121925
26	76	76	0	0	22	12	23	7	11	5.67	0		3.956478
26	77	77	1	0	0	0	22	9	10	5.67	0		1.845696
26	78	78	0	0	22	0	19	8	12	5.67	0		2.126492


-------------------------------------------------------------------------------------------------------------------
Tour_Id:			3
No_of_Customers:		7
No_of_Items:			16
Customer_Sequence:		58 36 47 1 41 32 48 

CustId	Id	TypeId	Rotated	x	y	z	Length	Width	Height	mass	Fragility	LoadBearingStrength
58	169	169	0	38	17	9	18	10	7	7	0		1.779928
58	170	170	0	25	0	22	16	11	7	7	0		3.768276
36	106	106	0	15	17	10	16	6	12	2	0		2.512752
36	107	107	0	15	23	10	20	7	11	2	1		0.887807
36	108	108	0	38	17	0	18	11	9	2	0		1.095343
47	133	133	0	25	0	0	18	10	10	3.33	0		1.150499
47	134	134	1	43	0	0	14	11	12	3.33	0		2.435474
47	135	135	0	25	0	10	18	9	12	3.33	0		1.098258
1	1	1	0	15	17	0	23	12	10	8.50	0		1.193744
1	2	2	1	15	0	18	14	10	7	8.50	0		2.457415
41	119	119	1	15	0	0	17	10	12	15	0		3.171402
41	120	120	1	15	0	12	15	9	6	15	0		1.153266
32	93	93	1	7	0	0	15	8	7	9.50	0		2.055085
32	94	94	0	0	23	0	15	7	8	9.50	0		1.081413
48	136	136	1	0	0	11	13	6	10	12	0		1.275673
48	137	137	1	0	0	0	23	7	11	12	0		3.765376


-------------------------------------------------------------------------------------------------------------------
Tour_Id:			4
No_of_Customers:		6
No_of_Items:			20
Customer_Sequence:		60 59 69 24 73 2 

CustId	Id	TypeId	Rotated	x	y	z	Length	Width	Height	mass	Fragility	LoadBearingStrength
60	175	175	0	38	8	12	19	12	7	2	0		1.033075
60	176	176	0	15	16	18	14	12	11	2	0		1.572732
60	177	177	1	38	8	19	12	11	11	2	0		2.808854
60	178	178	0	7	10	19	20	6	9	2	0		2.557063
59	171	171	0	35	0	0	22	11	12	5.75	0		3.816169
59	172	172	0	38	11	0	22	6	12	5.75	0		3.479029
59	173	173	0	0	19	22	15	11	8	5.75	0		3.144593
59	174	174	0	35	0	12	24	8	9	5.75	0		2.480855
69	205	205	0	12	10	8	20	6	11	7.25	0		3.471913
69	206	206	0	12	0	21	23	10	9	7.25	1		0.750232
69	207	207	0	15	16	7	15	10	11	7.25	0		1.985065
69	208	208	0	15	16	0	23	9	7	7.25	0		3.495786
24	69	69	0	12	0	10	18	10	11	7.33	0		1.942426
24	70	70	1	0	0	18	14	7	12	7.33	0		2.341109
24	71	71	0	12	10	0	23	6	8	7.33	0		3.454510
73	218	218	1	0	0	0	19	12	9	9	0		3.288591
73	219	219	0	12	0	0	23	10	10	9	0		2.901228
73	220	220	1	0	0	9	13	7	9	9	0		1.105736
2	3	3	0	0	19	0	15	10	12	4	0		3.685468
2	4	4	0	0	19	12	15	11	10	4	0		2.284481


-------------------------------------------------------------------------------------------------------------------
Tour_Id:			5
No_of_Customers:		5
No_of_Items:			16
Customer_Sequence:		33 43 34 30 57 

CustId	Id	TypeId	Rotated	x	y	z	Length	Width	Height	mass	Fragility	LoadBearingStrength
33	95	95	1	34	14	12	16	7	7	7.50	0		2.805843
33	96	96	1	34	14	0	15	11	12	7.50	0		2.045025
33	97	97	1	34	14	19	15	7	6	7.50	0		3.677715
33	98	98	0	0	24	12	20	6	6	7.50	0		1.405667
43	125	125	1	34	0	12	14	10	12	11.50	1		0.612763
43	126	126	1	22	0	22	13	12	7	11.50	0		1.593149
34	99	99	0	0	24	0	19	6	12	7.75	0		2.278683
34	100	100	1	22	0	11	22	9	11	7.75	0		3.252411
34	101	101	1	34	0	0	14	8	12	7.75	0		2.301082
34	102	102	1	12	0	17	20	10	10	7.75	0		3.381187
30	89	89	1	22	0	0	24	12	11	6.50	0		1.911319
30	90	90	1	12	0	11	19	10	6	6.50	0		3.653272
57	165	165	1	0	0	0	24	11	10	3.25	0		2.932430
57	166	166	1	0	0	18	16	10	11	3.25	0		3.122805
57	167	167	1	12	0	0	19	10	11	3.25	0		1.254844
57	168	168	1	0	0	10	12	12	8	3.25	0		2.435982


-------------------------------------------------------------------------------------------------------------------
Tour_Id:			6
No_of_Customers:		4
No_of_Items:			14
Customer_Sequence:		21 28 67 72 

CustId	Id	TypeId	Rotated	x	y	z	Length	Width	Height	mass	Fragility	LoadBearingStrength
21	59	59	0	8	7	0	13	6	12	8	0		2.224918
21	60	60	0	22	14	0	24	12	11	8	0		3.781744
21	61	61	1	22	14	11	15	9	6	8	0		1.123360
21	62	62	1	22	14	17	16	8	12	8	0		1.560899
28	81	81	0	8	14	8	14	11	12	7	0		1.105634
28	82	82	0	8	0	9	24	6	11	7	1		0.954335
28	83	83	1	0	14	17	14	7	11	7	0		2.319513
28	84	84	0	7	14	20	13	7	7	7	1		0.607756
67	198	198	1	0	14	8	12	8	9	8.25	0		1.298886
67	199	199	0	0	14	0	20	10	8	8.25	0		3.613195
67	200	200	1	0	0	20	14	8	9	8.25	0		2.056524
67	201	201	0	8	0	0	24	7	9	8.25	0		2.225183
72	216	216	1	0	0	0	13	8	10	12	0		2.737330
72	217	217	1	0	0	10	14	7	10	12	0		2.209666


-------------------------------------------------------------------------------------------------------------------
Tour_Id:			7
No_of_Customers:		5
No_of_Items:			14
Customer_Sequence:		37 14 53 56 38 

CustId	Id	TypeId	Rotated	x	y	z	Length	Width	Height	mass	Fragility	LoadBearingStrength
37	109	109	0	21	11	0	16	6	10	17	0		1.330552
37	110	110	0	21	0	15	19	9	10	17	1		0.835915
14	38	38	0	21	0	9	21	11	6	1.25	0		1.710343
14	39	39	1	9	0	20	12	11	8	1.25	0		1.879133
14	40	40	0	21	0	0	24	11	9	1.25	0		2.013913
14	41	41	0	38	19	0	14	11	7	1.25	0		3.168918
53	152	152	1	9	0	8	14	12	12	10	0		1.787520
53	153	153	0	9	19	12	24	8	9	10	1		0.798428
53	154	154	0	15	19	0	23	10	12	10	0		1.332455
56	163	163	0	0	22	0	15	6	8	16.50	0		1.071252
56	164	164	1	10	0	0	19	9	8	16.50	0		2.944804
38	111	111	1	0	0	7	22	9	12	3.33	0		3.863408
38	112	112	1	0	0	19	16	9	10	3.33	0		3.327377
38	113	113	1	0	0	0	17	10	7	3.33	0		1.462398


-------------------------------------------------------------------------------------------------------------------
Tour_Id:			8
No_of_Customers:		4
No_of_Items:			14
Customer_Sequence:		61 75 66 54 

CustId	Id	TypeId	Rotated	x	y	z	Length	Width	Height	mass	Fragility	LoadBearingStrength
61	179	179	0	11	7	16	23	6	12	8.33	0		2.344321
61	180	180	0	22	17	11	22	10	6	8.33	0		1.585358
61	181	181	0	22	17	0	19	10	11	8.33	0		3.937330
75	225	225	0	6	17	10	16	9	11	10.33	0		1.875607
75	226	226	0	11	8	10	23	7	6	10.33	0		1.840270
75	227	227	0	12	8	0	23	9	10	10.33	0		3.610481
66	194	194	0	12	0	0	23	8	6	7.25	0		2.565754
66	195	195	1	6	17	0	13	12	10	7.25	0		3.827148
66	196	196	0	11	0	12	23	7	7	7.25	1		0.567141
66	197	197	0	11	0	6	18	7	6	7.25	0		2.285538
54	155	155	1	0	17	0	13	6	6	8.50	0		2.160854
54	156	156	1	0	0	6	17	11	11	8.50	0		3.146375
54	157	157	1	0	0	0	17	12	6	8.50	0		1.759336
54	158	158	1	0	0	17	21	6	11	8.50	0		2.653889


-------------------------------------------------------------------------------------------------------------------
Tour_Id:			9
No_of_Customers:		2
No_of_Items:			5
Customer_Sequence:		71 3 

CustId	Id	TypeId	Rotated	x	y	z	Length	Width	Height	mass	Fragility	LoadBearingStrength
71	213	213	1	0	0	22	21	9	6	6.67	0		3.611374
71	214	214	1	10	0	10	17	11	6	6.67	0		2.021246
71	215	215	1	10	0	0	23	12	10	6.67	0		3.591118
3	5	5	1	0	0	0	17	10	11	15.50	0		3.853833
3	6	6	1	0	0	11	22	7	11	15.50	0		2.462177


-------------------------------------------------------------------------------------------------------------------
Tour_Id:			10
No_of_Customers:		6
No_of_Items:			22
Customer_Sequence:		4 50 42 70 45 25 

CustId	Id	TypeId	Rotated	x	y	z	Length	Width	Height	mass	Fragility	LoadBearingStrength
4	7	7	0	29	0	18	17	11	10	7	0		1.632175
4	8	8	0	33	21	12	14	6	8	7	1		0.976004
4	9	9	1	47	9	12	16	10	7	7	0		1.962638
4	10	10	1	46	9	19	12	12	11	7	1		0.841090
50	142	142	0	33	12	12	14	9	7	3	0		1.071593
50	143	143	0	33	11	19	13	10	9	3	0		2.954782
50	144	144	0	33	22	0	24	8	12	3	0		1.494162
50	145	145	0	9	12	21	24	11	8	3	1		0.548906
42	121	121	0	29	0	10	21	9	8	7.25	0		3.062875
42	122	122	1	0	14	21	12	9	9	7.25	1		0.520512
42	123	123	0	6	0	22	20	9	7	7.25	0		1.831237
42	124	124	0	33	10	0	23	12	12	7.25	0		1.952380
70	209	209	0	9	12	12	24	10	9	2	1		0.896797
70	210	210	1	0	14	9	13	9	12	2	1		0.923095
70	211	211	0	9	14	0	24	11	12	2	0		1.351844
70	212	212	1	0	14	0	15	9	9	2	1		0.958664
45	129	129	1	0	0	19	14	6	6	17	0		1.507071
45	130	130	0	6	0	12	15	12	10	17	0		1.726650
25	72	72	0	7	0	0	22	11	12	2.25	0		2.018272
25	73	73	1	0	0	0	14	7	8	2.25	0		2.536545
25	74	74	0	29	0	0	20	10	10	2.25	0		2.621270
25	75	75	1	0	0	8	13	6	11	2.25	0		1.461653


-------------------------------------------------------------------------------------------------------------------
Tour_Id:			11
No_of_Customers:		5
No_of_Items:			14
Customer_Sequence:		74 44 27 13 22 

CustId	Id	TypeId	Rotated	x	y	z	Length	Width	Height	mass	Fragility	LoadBearingStrength
74	221	221	0	29	0	11	21	10	9	5.75	0		3.681274
74	222	222	0	37	19	0	22	9	12	5.75	0		2.140102
74	223	223	0	23	12	9	19	7	11	5.75	0		3.665012
74	224	224	0	32	0	0	19	10	11	5.75	0		3.871112
44	127	127	0	23	13	0	18	6	9	15.50	0		3.711664
44	128	128	1	23	0	9	12	6	7	15.50	0		1.942727
27	79	79	0	20	19	0	17	9	12	6.50	0		3.403793
27	80	80	1	23	0	0	13	9	9	6.50	0		3.495921
13	35	35	1	12	0	0	19	10	9	10.33	0		3.702432
13	36	36	0	0	22	0	20	8	9	10.33	0		3.911127
13	37	37	1	12	0	9	15	11	10	10.33	1		0.796604
22	63	63	1	0	0	0	22	12	10	6.33	0		2.502216
22	64	64	1	0	0	20	16	7	7	6.33	0		1.662744
22	65	65	1	0	0	10	12	11	10	6.33	0		2.281990


-------------------------------------------------------------------------------------------------------------------
Tour_Id:			12
No_of_Customers:		9
No_of_Items:			27
Customer_Sequence:		31 10 68 64 35 62 63 9 51 

CustId	Id	TypeId	Rotated	x	y	z	Length	Width	Height	mass	Fragility	LoadBearingStrength
31	91	91	0	35	23	12	21	7	9	6	0		1.139514
31	92	92	1	50	0	10	16	10	8	6	1		0.992044
10	25	25	0	35	23	0	21	7	12	3.25	0		2.593436
10	26	26	1	38	0	12	15	12	6	3.25	0		2.605545
10	27	27	1	50	0	0	23	8	10	3.25	0		3.506080
10	28	28	1	38	0	18	19	12	8	3.25	0		2.910968
68	202	202	1	28	0	21	13	10	8	11.33	0		2.750704
68	203	203	1	28	0	12	12	10	9	11.33	0		1.296415
68	204	204	0	17	23	15	17	7	12	11.33	1		0.902622
64	189	189	1	38	0	0	16	12	12	2.33	0		1.522471
64	190	190	0	17	23	6	18	7	9	2.33	0		3.560540
64	191	191	1	17	0	21	22	7	8	2.33	1		0.601237
35	103	103	1	28	0	6	20	8	6	3.33	0		3.422247
35	104	104	1	17	0	13	23	11	8	3.33	1		0.807588
35	105	105	0	16	23	0	17	6	6	3.33	0		2.164998
62	182	182	1	0	0	19	15	10	6	3.33	0		3.344852
62	183	183	1	10	0	18	14	7	8	3.33	0		3.872981
62	184	184	1	17	0	6	20	11	7	3.33	1		0.631812
63	185	185	0	0	22	16	16	7	11	1.25	0		1.850860
63	186	186	0	17	0	0	21	12	6	1.25	0		3.388166
63	187	187	1	8	0	11	18	9	7	1.25	0		2.345364
63	188	188	0	16	15	0	22	8	6	1.25	0		2.513911
9	23	23	1	7	0	0	15	10	11	8	0		3.484270
9	24	24	1	0	0	11	15	8	8	8	0		2.892699
51	146	146	0	0	22	6	15	6	10	4	0		3.383045
51	147	147	0	0	22	0	16	8	6	4	0		3.786532
51	148	148	1	0	0	0	22	7	11	4	0		3.943202


-------------------------------------------------------------------------------------------------------------------
Tour_Id:			13
No_of_Customers:		5
No_of_Items:			17
Customer_Sequence:		29 55 52 18 6 

CustId	Id	TypeId	Rotated	x	y	z	Length	Width	Height	mass	Fragility	LoadBearingStrength
29	85	85	0	17	0	15	14	7	6	5.25	0		1.911533
29	86	86	1	26	8	0	21	9	10	5.25	0		3.077891
29	87	87	0	17	0	21	14	6	9	5.25	0		3.429492
29	88	88	0	35	8	0	24	7	9	5.25	0		3.421011
55	159	159	0	18	0	0	24	8	9	4.25	0		3.949652
55	160	160	1	10	0	15	13	7	10	4.25	1		0.785718
55	161	161	0	17	0	9	14	8	6	4.25	0		3.832063
55	162	162	1	17	16	0	13	9	7	4.25	0		2.451394
52	149	149	1	11	0	8	12	6	7	11.33	1		0.946043
52	150	150	0	0	21	19	12	8	7	11.33	0		3.247415
52	151	151	1	12	0	0	16	6	8	11.33	1		0.643126
18	50	50	0	0	21	0	17	7	11	4	0		2.166741
18	51	51	0	0	21	11	17	6	8	4	0		1.132568
6	15	15	1	0	0	21	21	9	9	8.50	1		0.904525
6	16	16	1	0	0	8	17	11	7	8.50	0		1.135795
6	17	17	1	0	0	0	17	12	8	8.50	0		2.352128
6	18	18	1	0	0	15	16	10	6	8.50	0		1.867760


-------------------------------------------------------------------------------------------------------------------
Tour_Id:			14
No_of_Customers:		5
No_of_Items:			15
Customer_Sequence:		39 5 17 8 23 

CustId	Id	TypeId	Rotated	x	y	z	Length	Width	Height	mass	Fragility	LoadBearingStrength
39	114	114	0	23	18	0	22	10	6	7.50	0		3.915942
39	115	115	0	22	7	15	17	6	9	7.50	1		0.803371
5	11	11	0	21	7	6	14	6	9	5	0		1.223895
5	12	12	0	21	7	0	16	11	6	5	0		1.401199
5	13	13	0	19	0	16	14	7	7	5	0		2.312935
5	14	14	0	9	7	15	13	9	10	5	1		0.828016
17	46	46	1	12	0	7	16	7	8	7.25	0		2.501267
17	47	47	1	12	0	0	15	9	7	7.25	0		3.553943
17	48	48	0	19	0	10	24	6	6	7.25	0		2.906718
17	49	49	0	21	0	0	19	7	10	7.25	0		2.114744
8	21	21	0	0	18	12	23	6	10	11	1		0.672067
8	22	22	1	0	0	15	15	9	12	11	0		2.532665
23	66	66	0	0	18	0	23	9	12	10	0		3.307138
23	67	67	1	0	0	8	14	12	7	10	0		1.016645
23	68	68	1	0	0	0	18	12	8	10	0		1.521955


