Name:				3l_cvrp35
Problem:			3L-CVRP
Number_of_used_Vehicles:	28
Total_Travel_Distance:		4163.02
Calculation_Time:		-1.00
Total_Iterations:		-1
ConstraintSet:			P1

-------------------------------------------------------------------------------------------------------------------
Tour_Id:			1
No_of_Customers:		4
No_of_Items:			5
Customer_Sequence:		34 27 2 70 

CustId	Id	TypeId	Rotated	x	y	z	Length	Width	Height	mass	Fragility	LoadBearingStrength
34	51	51	0	33	0	16	24	18	14	21	0		3.612059
27	41	41	0	0	15	0	27	14	17	11.50	0		2.003059
27	42	42	1	36	0	0	27	18	16	11.50	0		2.189685
2	3	3	0	0	0	16	33	12	14	27	0		1.610133
70	103	103	0	0	0	0	36	15	16	10	0		2.568381


-------------------------------------------------------------------------------------------------------------------
Tour_Id:			2
No_of_Customers:		4
No_of_Items:			5
Customer_Sequence:		15 55 96 16 

CustId	Id	TypeId	Rotated	x	y	z	Length	Width	Height	mass	Fragility	LoadBearingStrength
15	25	25	0	18	12	16	35	17	14	16	1		0.817335
55	81	81	1	0	0	16	28	15	13	23	0		2.489744
96	142	142	0	18	0	0	31	14	14	7	0		1.252250
16	26	26	1	0	0	0	29	18	16	13	0		3.473463
16	27	27	0	18	14	0	35	16	16	13	1		0.814039


-------------------------------------------------------------------------------------------------------------------
Tour_Id:			3
No_of_Customers:		4
No_of_Items:			7
Customer_Sequence:		74 80 78 50 

CustId	Id	TypeId	Rotated	x	y	z	Length	Width	Height	mass	Fragility	LoadBearingStrength
74	109	109	0	24	16	14	34	12	13	10.50	0		3.829351
74	110	110	0	28	0	14	32	16	13	10.50	1		0.763680
80	118	118	0	29	0	0	31	14	14	3.50	0		3.624266
80	119	119	0	0	0	0	28	13	18	3.50	0		3.899336
78	115	115	0	0	13	12	24	17	12	8.50	0		1.575487
78	116	116	0	29	14	0	31	16	14	8.50	0		2.677786
50	73	73	0	0	13	0	29	16	12	26	0		2.414309


-------------------------------------------------------------------------------------------------------------------
Tour_Id:			4
No_of_Customers:		6
No_of_Items:			8
Customer_Sequence:		48 87 46 1 79 83 

CustId	Id	TypeId	Rotated	x	y	z	Length	Width	Height	mass	Fragility	LoadBearingStrength
48	70	70	1	46	0	14	29	12	15	6	0		2.699319
87	129	129	0	12	0	18	25	13	12	22	0		1.677453
46	67	67	0	12	17	13	24	12	17	11.50	1		0.969309
46	68	68	1	46	0	0	28	12	14	11.50	0		1.740347
1	1	1	0	12	0	0	34	17	18	2.50	0		2.002338
1	2	2	0	12	17	0	29	13	13	2.50	0		1.219866
79	117	117	1	0	0	13	25	12	16	34	0		2.957762
83	122	122	1	0	0	0	29	12	13	28	0		1.098626


-------------------------------------------------------------------------------------------------------------------
Tour_Id:			5
No_of_Customers:		2
No_of_Items:			2
Customer_Sequence:		33 58 

CustId	Id	TypeId	Rotated	x	y	z	Length	Width	Height	mass	Fragility	LoadBearingStrength
33	50	50	0	0	16	0	33	13	17	14	1		0.910812
58	85	85	0	0	0	0	32	16	18	16	0		2.275061


-------------------------------------------------------------------------------------------------------------------
Tour_Id:			6
No_of_Customers:		4
No_of_Items:			5
Customer_Sequence:		98 25 8 75 

CustId	Id	TypeId	Rotated	x	y	z	Length	Width	Height	mass	Fragility	LoadBearingStrength
98	144	144	1	36	0	0	28	18	12	4	0		3.508402
98	145	145	1	36	0	12	28	18	13	4	1		0.551919
25	39	39	0	0	18	0	31	12	14	25	0		2.890301
8	13	13	0	0	0	16	31	16	14	23	0		1.481837
75	111	111	0	0	0	0	36	18	16	34	0		3.323215


-------------------------------------------------------------------------------------------------------------------
Tour_Id:			7
No_of_Customers:		2
No_of_Items:			3
Customer_Sequence:		49 26 

CustId	Id	TypeId	Rotated	x	y	z	Length	Width	Height	mass	Fragility	LoadBearingStrength
49	71	71	0	0	12	17	33	14	13	4	0		2.481569
49	72	72	0	33	13	0	24	16	18	4	0		2.094537
26	40	40	0	0	12	0	33	18	17	8	0		2.413310


-------------------------------------------------------------------------------------------------------------------
Tour_Id:			8
No_of_Customers:		2
No_of_Items:			4
Customer_Sequence:		99 52 

CustId	Id	TypeId	Rotated	x	y	z	Length	Width	Height	mass	Fragility	LoadBearingStrength
99	146	146	0	0	12	12	32	17	16	14	1		0.538361
99	147	147	1	33	0	0	30	16	18	14	0		2.433576
52	76	76	0	0	0	0	31	12	18	12.50	0		2.352978
52	77	77	0	0	12	0	33	18	12	12.50	0		2.353134


-------------------------------------------------------------------------------------------------------------------
Tour_Id:			9
No_of_Customers:		3
No_of_Items:			6
Customer_Sequence:		21 84 95 

CustId	Id	TypeId	Rotated	x	y	z	Length	Width	Height	mass	Fragility	LoadBearingStrength
21	34	34	0	0	0	16	26	12	14	8	1		0.876343
21	35	35	0	0	12	18	26	17	12	8	0		2.977983
84	123	123	0	32	13	0	24	17	16	2.50	0		2.887599
84	124	124	0	0	15	0	25	14	18	2.50	0		1.798904
95	140	140	0	32	0	0	27	13	16	14.50	0		2.560985
95	141	141	0	0	0	0	32	15	16	14.50	0		2.996940


-------------------------------------------------------------------------------------------------------------------
Tour_Id:			10
No_of_Customers:		2
No_of_Items:			4
Customer_Sequence:		7 30 

CustId	Id	TypeId	Rotated	x	y	z	Length	Width	Height	mass	Fragility	LoadBearingStrength
7	11	11	0	0	12	15	33	16	14	11.50	1		0.558131
7	12	12	1	36	0	0	27	16	18	11.50	1		0.931903
30	45	45	0	0	0	0	31	12	12	5.50	0		1.333404
30	46	46	0	0	12	0	36	18	15	5.50	0		3.700689


-------------------------------------------------------------------------------------------------------------------
Tour_Id:			11
No_of_Customers:		4
No_of_Items:			6
Customer_Sequence:		43 76 61 36 

CustId	Id	TypeId	Rotated	x	y	z	Length	Width	Height	mass	Fragility	LoadBearingStrength
43	63	63	0	34	14	16	24	15	14	19	0		2.665993
76	112	112	0	0	16	16	27	12	14	7	1		0.938671
76	113	113	0	33	0	0	27	14	17	7	0		1.552148
61	89	89	0	0	0	0	33	16	18	6	0		1.814493
36	53	53	0	0	16	0	34	14	16	5	0		1.087792
36	54	54	0	34	16	0	25	14	16	5	0		2.629788


-------------------------------------------------------------------------------------------------------------------
Tour_Id:			12
No_of_Customers:		4
No_of_Items:			5
Customer_Sequence:		86 82 17 63 

CustId	Id	TypeId	Rotated	x	y	z	Length	Width	Height	mass	Fragility	LoadBearingStrength
86	127	127	0	18	15	0	28	14	13	4.50	0		3.890953
86	128	128	0	18	15	13	33	14	16	4.50	0		3.675760
82	121	121	0	18	0	0	36	15	18	22	1		0.571229
17	28	28	1	0	0	17	30	16	13	27	1		0.750316
63	92	92	1	0	0	0	29	18	17	31	0		2.396106


-------------------------------------------------------------------------------------------------------------------
Tour_Id:			13
No_of_Customers:		3
No_of_Items:			5
Customer_Sequence:		6 65 22 

CustId	Id	TypeId	Rotated	x	y	z	Length	Width	Height	mass	Fragility	LoadBearingStrength
6	9	9	1	34	0	0	30	15	18	12.50	0		1.313311
6	10	10	0	0	14	16	34	16	14	12.50	0		1.714099
65	94	94	0	0	0	14	30	14	13	3	1		0.554648
65	95	95	0	0	0	0	34	17	14	3	1		0.773502
22	36	36	0	0	17	0	33	13	16	31	0		2.557126


-------------------------------------------------------------------------------------------------------------------
Tour_Id:			14
No_of_Customers:		3
No_of_Items:			6
Customer_Sequence:		68 9 85 

CustId	Id	TypeId	Rotated	x	y	z	Length	Width	Height	mass	Fragility	LoadBearingStrength
68	100	100	1	34	0	12	26	18	14	5.50	0		1.739976
68	101	101	0	0	0	18	34	15	12	5.50	0		3.757421
9	14	14	0	0	15	16	30	14	14	11	1		0.640844
9	15	15	1	33	0	0	29	15	12	11	0		2.523763
85	125	125	0	0	14	0	33	13	16	17	0		3.271900
85	126	126	0	0	0	0	28	14	18	17	0		1.273527


-------------------------------------------------------------------------------------------------------------------
Tour_Id:			15
No_of_Customers:		3
No_of_Items:			5
Customer_Sequence:		57 77 13 

CustId	Id	TypeId	Rotated	x	y	z	Length	Width	Height	mass	Fragility	LoadBearingStrength
57	83	83	0	29	14	16	30	16	14	10	1		0.965526
57	84	84	0	33	0	0	26	13	14	10	0		3.722185
77	114	114	0	29	14	0	31	15	16	16	1		0.974350
13	22	22	0	0	14	0	29	15	18	13.50	1		0.644284
13	23	23	0	0	0	0	33	14	18	13.50	0		2.171426


-------------------------------------------------------------------------------------------------------------------
Tour_Id:			16
No_of_Customers:		3
No_of_Items:			4
Customer_Sequence:		44 72 59 

CustId	Id	TypeId	Rotated	x	y	z	Length	Width	Height	mass	Fragility	LoadBearingStrength
44	64	64	0	24	12	13	34	17	15	29	0		3.194191
72	106	106	0	0	12	16	24	16	14	15	0		2.287006
72	107	107	0	24	12	0	35	18	13	15	0		2.636333
59	86	86	0	0	12	0	24	15	16	23	0		3.510893


-------------------------------------------------------------------------------------------------------------------
Tour_Id:			17
No_of_Customers:		4
No_of_Items:			6
Customer_Sequence:		90 93 18 5 

CustId	Id	TypeId	Rotated	x	y	z	Length	Width	Height	mass	Fragility	LoadBearingStrength
90	133	133	1	35	0	13	27	16	16	8	0		3.074814
93	138	138	0	0	0	15	34	14	15	12	0		3.787315
18	29	29	1	35	0	0	26	15	13	6	0		1.768916
18	30	30	0	0	0	0	35	16	15	6	0		3.182775
5	7	7	0	0	16	0	35	13	13	6	0		3.754496
5	8	8	0	0	16	13	29	13	13	6	0		1.730914


-------------------------------------------------------------------------------------------------------------------
Tour_Id:			18
No_of_Customers:		4
No_of_Items:			4
Customer_Sequence:		20 32 81 54 

CustId	Id	TypeId	Rotated	x	y	z	Length	Width	Height	mass	Fragility	LoadBearingStrength
20	33	33	0	35	0	0	25	17	18	29	0		1.745162
32	49	49	0	0	17	0	32	12	13	14	0		1.937960
81	120	120	0	0	0	15	33	17	14	7	0		2.219573
54	80	80	0	0	0	0	35	17	15	13	0		3.695542


-------------------------------------------------------------------------------------------------------------------
Tour_Id:			19
No_of_Customers:		4
No_of_Items:			5
Customer_Sequence:		42 69 14 40 

CustId	Id	TypeId	Rotated	x	y	z	Length	Width	Height	mass	Fragility	LoadBearingStrength
42	61	61	0	0	12	18	24	17	12	3	0		1.615257
42	62	62	1	36	0	14	30	17	14	3	0		3.237790
69	102	102	1	36	0	0	30	18	14	13	0		3.763817
14	24	24	0	0	12	0	36	18	18	21	0		3.906583
40	59	59	0	0	0	0	32	12	13	31	1		0.736720


-------------------------------------------------------------------------------------------------------------------
Tour_Id:			20
No_of_Customers:		6
No_of_Items:			6
Customer_Sequence:		47 3 56 94 35 41 

CustId	Id	TypeId	Rotated	x	y	z	Length	Width	Height	mass	Fragility	LoadBearingStrength
47	69	69	1	36	0	18	30	16	12	6	0		2.034526
3	4	4	1	36	0	0	30	18	18	6	0		1.240782
56	82	82	0	0	18	17	33	12	13	9	0		1.614994
94	139	139	0	0	18	0	32	12	17	25	0		1.575517
35	52	52	0	0	0	13	36	18	16	12	1		0.854587
41	60	60	0	0	0	0	35	16	13	29	0		2.037008


-------------------------------------------------------------------------------------------------------------------
Tour_Id:			21
No_of_Customers:		4
No_of_Items:			6
Customer_Sequence:		37 38 4 53 

CustId	Id	TypeId	Rotated	x	y	z	Length	Width	Height	mass	Fragility	LoadBearingStrength
37	55	55	1	34	0	16	28	18	12	20	0		3.536088
38	56	56	1	34	0	0	27	17	16	31	0		1.934191
4	5	5	0	0	0	17	31	17	13	7	1		0.682964
4	6	6	0	0	17	14	30	12	16	7	0		1.514889
53	78	78	0	0	16	0	30	14	14	13.50	0		1.653992
53	79	79	0	0	0	0	34	16	17	13.50	0		1.165795


-------------------------------------------------------------------------------------------------------------------
Tour_Id:			22
No_of_Customers:		2
No_of_Items:			4
Customer_Sequence:		11 39 

CustId	Id	TypeId	Rotated	x	y	z	Length	Width	Height	mass	Fragility	LoadBearingStrength
11	18	18	0	0	0	0	36	14	18	9	1		0.614045
11	19	19	1	36	0	0	29	17	18	9	0		2.576642
39	57	57	0	0	14	0	28	14	13	14.50	0		3.414402
39	58	58	0	0	14	13	26	14	15	14.50	1		0.768523


-------------------------------------------------------------------------------------------------------------------
Tour_Id:			23
No_of_Customers:		4
No_of_Items:			7
Customer_Sequence:		73 62 12 89 

CustId	Id	TypeId	Rotated	x	y	z	Length	Width	Height	mass	Fragility	LoadBearingStrength
73	108	108	0	25	0	0	35	17	18	17	0		2.246383
62	90	90	0	26	17	0	33	12	13	13	0		3.657288
62	91	91	0	25	18	13	32	12	13	13	0		1.643435
12	20	20	1	12	0	13	29	13	16	4	1		0.979257
12	21	21	1	0	0	13	30	12	17	4	0		2.807324
89	131	131	0	0	17	0	26	13	13	16	0		2.768025
89	132	132	0	0	0	0	25	15	13	16	0		3.136854


-------------------------------------------------------------------------------------------------------------------
Tour_Id:			24
No_of_Customers:		4
No_of_Items:			6
Customer_Sequence:		67 91 23 88 

CustId	Id	TypeId	Rotated	x	y	z	Length	Width	Height	mass	Fragility	LoadBearingStrength
67	98	98	0	30	12	0	26	18	12	14	0		3.848005
67	99	99	0	27	12	12	33	18	18	14	0		3.340076
91	134	134	0	0	13	12	27	17	15	12.50	0		3.227742
91	135	135	0	26	0	0	34	12	13	12.50	1		0.724490
23	37	37	0	0	0	0	26	13	18	11	0		2.931611
88	130	130	0	0	13	0	30	14	12	6	0		1.331624


-------------------------------------------------------------------------------------------------------------------
Tour_Id:			25
No_of_Customers:		3
No_of_Items:			5
Customer_Sequence:		29 60 71 

CustId	Id	TypeId	Rotated	x	y	z	Length	Width	Height	mass	Fragility	LoadBearingStrength
29	44	44	0	27	0	12	33	17	18	26	0		1.797610
60	87	87	0	0	0	0	27	14	14	4	0		3.670736
60	88	88	0	27	0	0	32	16	12	4	0		3.386730
71	104	104	0	0	14	0	27	14	13	5.50	0		3.305128
71	105	105	0	0	14	13	26	16	17	5.50	0		1.176900


-------------------------------------------------------------------------------------------------------------------
Tour_Id:			26
No_of_Customers:		4
No_of_Items:			7
Customer_Sequence:		100 92 66 28 

CustId	Id	TypeId	Rotated	x	y	z	Length	Width	Height	mass	Fragility	LoadBearingStrength
100	148	148	1	35	0	14	29	17	13	11	0		1.097984
100	149	149	0	29	17	0	27	12	14	11	0		2.732233
92	136	136	0	35	0	0	25	17	14	4	0		1.286110
92	137	137	0	0	0	15	34	17	13	4	0		2.583470
66	96	96	0	0	0	0	35	16	15	4	0		3.359226
66	97	97	0	0	17	15	29	13	15	4	1		0.865309
28	43	43	0	0	16	0	25	14	15	31	0		3.414342


-------------------------------------------------------------------------------------------------------------------
Tour_Id:			27
No_of_Customers:		4
No_of_Items:			6
Customer_Sequence:		51 19 97 64 

CustId	Id	TypeId	Rotated	x	y	z	Length	Width	Height	mass	Fragility	LoadBearingStrength
51	74	74	0	15	12	17	31	18	12	6	0		1.147605
51	75	75	1	46	0	17	30	12	13	6	1		0.994731
19	31	31	0	15	12	0	33	18	17	9	0		3.683204
19	32	32	1	48	0	0	30	12	17	9	0		2.373889
97	143	143	0	15	0	0	30	12	18	9	0		1.274672
64	93	93	1	0	0	0	26	15	18	16	1		0.629158


-------------------------------------------------------------------------------------------------------------------
Tour_Id:			28
No_of_Customers:		4
No_of_Items:			7
Customer_Sequence:		45 10 24 31 

CustId	Id	TypeId	Rotated	x	y	z	Length	Width	Height	mass	Fragility	LoadBearingStrength
45	65	65	0	30	0	13	30	14	16	12.50	0		3.245846
45	66	66	0	0	0	17	30	17	13	12.50	1		0.714446
10	16	16	0	0	18	13	33	12	14	15.50	0		2.720357
10	17	17	0	34	17	0	24	13	18	15.50	0		1.086317
24	38	38	0	0	18	0	34	12	13	24	0		1.752599
31	47	47	0	0	0	0	29	18	17	15	1		0.549217
31	48	48	0	29	0	0	25	17	13	15	0		2.785516


