Name:				3l_cvrp36
Problem:			3L-CVRP
Number_of_used_Vehicles:	21
Total_Travel_Distance:		3400.00
Calculation_Time:		-1.00
Total_Iterations:		-1
ConstraintSet:			P1

-------------------------------------------------------------------------------------------------------------------
Tour_Id:			1
No_of_Customers:		5
No_of_Items:			9
Customer_Sequence:		28 22 64 84 49 

CustId	Id	TypeId	Rotated	x	y	z	Length	Width	Height	mass	Fragility	LoadBearingStrength
28	48	48	1	38	4	15	21	15	10	20	0		2.253392
22	39	39	0	19	0	0	39	4	21	8	0		2.163878
64	117	117	0	9	10	16	29	20	14	12.50	1		0.943351
64	118	118	0	38	4	0	14	20	15	12.50	0		1.836160
84	157	157	1	19	4	0	21	19	16	4.50	0		3.828154
84	158	158	1	12	4	16	6	12	8	4.50	0		1.388460
49	91	91	1	0	0	0	28	19	16	3.67	0		1.714174
49	92	92	1	0	0	16	29	9	11	3.67	0		3.376648
49	93	93	1	9	0	16	10	3	13	3.67	0		3.430980


-------------------------------------------------------------------------------------------------------------------
Tour_Id:			2
No_of_Customers:		7
No_of_Items:			12
Customer_Sequence:		21 82 75 65 6 19 97 

CustId	Id	TypeId	Rotated	x	y	z	Length	Width	Height	mass	Fragility	LoadBearingStrength
21	38	38	0	0	5	12	36	5	15	20	0		1.597362
82	153	153	0	37	10	7	23	18	21	5.67	1		0.681273
82	154	154	1	25	10	18	19	12	11	5.67	1		0.759906
82	155	155	0	29	0	12	6	3	16	5.67	0		1.939262
75	137	137	0	0	0	12	29	5	18	23	0		1.368131
65	119	119	0	12	10	18	13	16	12	3	0		3.390849
65	120	120	0	34	10	0	24	18	7	3	1		0.964675
6	9	9	0	12	10	0	18	19	18	7.33	0		3.012504
6	10	10	1	30	10	0	20	4	18	7.33	0		3.744332
6	11	11	0	7	0	0	30	10	12	7.33	0		1.424097
19	34	34	0	0	0	0	7	15	11	18	0		2.009775
97	182	182	0	0	15	0	12	15	21	11	1		0.543023


-------------------------------------------------------------------------------------------------------------------
Tour_Id:			3
No_of_Customers:		3
No_of_Items:			5
Customer_Sequence:		80 76 74 

CustId	Id	TypeId	Rotated	x	y	z	Length	Width	Height	mass	Fragility	LoadBearingStrength
80	148	148	1	21	18	0	12	17	16	6.50	1		0.866910
80	149	149	0	27	0	4	28	16	17	6.50	1		0.652567
76	138	138	0	27	0	0	31	18	4	5	0		1.872159
76	139	139	1	0	15	0	15	21	19	5	0		2.844806
74	136	136	0	0	0	0	27	15	17	5	0		1.394162


-------------------------------------------------------------------------------------------------------------------
Tour_Id:			4
No_of_Customers:		5
No_of_Items:			8
Customer_Sequence:		70 62 56 3 52 

CustId	Id	TypeId	Rotated	x	y	z	Length	Width	Height	mass	Fragility	LoadBearingStrength
70	129	129	0	0	0	20	41	20	6	15	1		0.637762
70	130	130	1	45	0	15	12	8	12	15	1		0.953324
62	115	115	1	46	18	0	12	14	9	21	1		0.787008
56	106	106	0	46	0	0	14	18	15	17	0		2.962076
3	5	5	0	5	15	0	41	12	20	27	1		0.651468
52	96	96	1	0	0	0	29	5	7	3	0		1.428597
52	97	97	1	0	0	7	13	3	8	3	0		3.632066
52	98	98	0	5	0	0	40	15	20	3	1		0.796609


-------------------------------------------------------------------------------------------------------------------
Tour_Id:			5
No_of_Customers:		5
No_of_Items:			8
Customer_Sequence:		24 68 85 9 12 

CustId	Id	TypeId	Rotated	x	y	z	Length	Width	Height	mass	Fragility	LoadBearingStrength
24	41	41	1	38	0	8	26	20	16	5	1		0.873021
68	125	125	0	0	5	25	31	8	4	31	0		2.742683
85	159	159	0	0	5	18	36	17	7	24	0		2.669946
9	16	16	1	38	0	0	30	19	8	13	0		2.414765
9	17	17	0	0	22	12	12	6	18	13	0		2.244888
12	20	20	1	0	20	0	7	13	12	10.33	0		1.365158
12	21	21	0	0	0	0	37	20	18	10.33	0		1.429315
12	22	22	0	0	0	18	38	5	10	10.33	0		3.947226


-------------------------------------------------------------------------------------------------------------------
Tour_Id:			6
No_of_Customers:		4
No_of_Items:			10
Customer_Sequence:		15 40 44 96 

CustId	Id	TypeId	Rotated	x	y	z	Length	Width	Height	mass	Fragility	LoadBearingStrength
15	27	27	0	13	22	0	42	8	20	3.50	0		3.730675
15	28	28	0	19	16	0	41	6	11	3.50	0		1.591015
40	73	73	0	48	0	14	11	16	7	6	1		0.829669
40	74	74	0	17	0	14	31	14	15	6	1		0.960453
40	75	75	1	0	0	21	21	15	5	6	0		3.360666
44	82	82	0	19	0	0	41	16	14	10.67	1		0.944209
44	83	83	1	0	0	7	8	3	10	10.67	0		2.582679
44	84	84	0	3	0	7	14	20	14	10.67	0		1.494786
96	180	180	0	0	20	0	13	10	8	2.50	0		1.717088
96	181	181	1	0	0	0	20	19	7	2.50	0		3.010976


-------------------------------------------------------------------------------------------------------------------
Tour_Id:			7
No_of_Customers:		5
No_of_Items:			10
Customer_Sequence:		60 59 53 14 29 

CustId	Id	TypeId	Rotated	x	y	z	Length	Width	Height	mass	Fragility	LoadBearingStrength
60	113	113	1	52	16	0	9	8	10	33	0		2.566392
59	111	111	0	19	12	15	33	16	14	13.50	1		0.814325
59	112	112	0	19	0	8	41	5	5	13.50	0		2.457639
53	99	99	0	19	5	8	35	7	11	6.33	0		2.984808
53	100	100	1	10	0	21	20	8	4	6.33	0		2.148484
53	101	101	0	19	16	0	33	14	15	6.33	1		0.517168
14	26	26	0	19	0	3	31	15	5	6	0		2.938207
29	49	49	1	0	0	21	28	10	5	11.33	1		0.933874
29	50	50	1	0	0	0	26	19	21	11.33	0		1.949888
29	51	51	0	19	0	0	34	16	3	11.33	0		1.746014


-------------------------------------------------------------------------------------------------------------------
Tour_Id:			8
No_of_Customers:		5
No_of_Items:			10
Customer_Sequence:		31 99 94 89 45 

CustId	Id	TypeId	Rotated	x	y	z	Length	Width	Height	mass	Fragility	LoadBearingStrength
31	53	53	0	0	13	24	42	13	6	11	0		2.428077
99	186	186	1	40	0	0	29	20	14	31	0		1.374088
94	176	176	1	18	19	0	6	18	21	2	0		3.049651
94	177	177	0	0	20	14	17	5	7	2	0		2.313416
94	178	178	0	0	13	21	33	13	3	2	0		2.361529
89	168	168	0	4	0	21	33	13	9	9	0		3.921320
89	169	169	1	0	0	20	7	4	6	9	0		3.500543
89	170	170	0	4	0	0	36	19	21	9	0		1.915393
45	85	85	1	0	0	0	20	4	20	5.50	0		2.556000
45	86	86	1	0	20	0	7	18	14	5.50	0		3.073023


-------------------------------------------------------------------------------------------------------------------
Tour_Id:			9
No_of_Customers:		6
No_of_Items:			11
Customer_Sequence:		81 42 69 38 4 55 

CustId	Id	TypeId	Rotated	x	y	z	Length	Width	Height	mass	Fragility	LoadBearingStrength
81	150	150	0	10	0	19	23	4	11	5.33	0		2.442912
81	151	151	1	48	0	10	21	6	11	5.33	1		0.505074
81	152	152	1	48	4	0	19	12	10	5.33	0		3.109378
42	79	79	0	0	26	9	37	4	15	14	0		2.207369
69	126	126	0	0	20	9	41	6	18	6	0		1.570440
69	127	127	0	12	0	0	31	20	19	6	0		2.264743
69	128	128	0	10	4	19	38	15	10	6	0		2.327999
38	68	68	1	0	0	23	12	6	3	11	0		2.173333
38	69	69	0	0	20	0	34	10	9	11	0		3.274074
4	6	6	1	0	0	6	15	10	17	21	0		3.604590
55	105	105	0	0	0	0	12	18	6	29	0		2.426777


-------------------------------------------------------------------------------------------------------------------
Tour_Id:			10
No_of_Customers:		4
No_of_Items:			8
Customer_Sequence:		100 78 50 66 

CustId	Id	TypeId	Rotated	x	y	z	Length	Width	Height	mass	Fragility	LoadBearingStrength
100	187	187	0	37	10	0	22	15	6	7.67	0		3.342448
100	188	188	0	0	20	19	26	9	11	7.67	1		0.988853
100	189	189	1	37	0	6	27	21	20	7.67	1		0.691207
78	142	142	0	0	15	0	37	14	19	6.33	0		3.729914
78	143	143	1	0	0	13	12	11	14	6.33	0		3.616186
78	144	144	0	0	15	19	34	5	6	6.33	1		0.708816
50	94	94	0	13	0	0	41	10	6	30	0		2.737927
66	121	121	0	0	0	0	13	15	13	22	0		3.330709


-------------------------------------------------------------------------------------------------------------------
Tour_Id:			11
No_of_Customers:		4
No_of_Items:			10
Customer_Sequence:		2 91 67 35 

CustId	Id	TypeId	Rotated	x	y	z	Length	Width	Height	mass	Fragility	LoadBearingStrength
2	3	3	1	54	0	0	18	6	20	3	0		1.576686
2	4	4	0	24	15	21	26	15	7	3	0		2.009512
91	172	172	1	24	0	21	15	15	8	11	0		1.380043
91	173	173	0	49	26	0	11	4	16	11	0		1.884129
67	122	122	1	34	0	0	26	20	21	3	0		1.278272
67	123	123	1	13	0	21	26	11	6	3	0		3.510296
67	124	124	0	34	26	0	15	4	17	3	0		1.647796
35	60	60	1	0	0	16	18	13	10	7.67	0		1.530377
35	61	61	1	14	0	0	28	20	21	7.67	0		3.079141
35	62	62	1	0	0	0	29	14	16	7.67	0		3.609168


-------------------------------------------------------------------------------------------------------------------
Tour_Id:			12
No_of_Customers:		6
No_of_Items:			10
Customer_Sequence:		47 73 23 88 13 77 

CustId	Id	TypeId	Rotated	x	y	z	Length	Width	Height	mass	Fragility	LoadBearingStrength
47	89	89	0	19	5	25	24	17	5	16	0		2.104107
73	135	135	0	21	22	3	24	6	14	31	0		3.911107
23	40	40	1	0	22	8	8	21	19	16	0		2.331654
88	166	166	0	0	0	19	37	5	7	6	0		1.292915
88	167	167	1	42	5	0	17	17	16	6	1		0.671959
13	23	23	0	0	0	0	38	19	19	6	0		3.564912
13	24	24	0	19	5	19	23	15	6	6	0		1.194194
13	25	25	1	0	5	19	17	19	10	6	0		2.770588
77	140	140	0	0	19	0	19	10	8	3.50	0		3.498506
77	141	141	0	19	22	0	41	7	3	3.50	0		3.544510


-------------------------------------------------------------------------------------------------------------------
Tour_Id:			13
No_of_Customers:		4
No_of_Items:			8
Customer_Sequence:		71 27 41 34 

CustId	Id	TypeId	Rotated	x	y	z	Length	Width	Height	mass	Fragility	LoadBearingStrength
71	131	131	0	0	14	19	20	16	11	5	0		1.396237
27	46	46	0	15	0	6	26	12	19	9.50	0		3.995116
27	47	47	1	41	0	6	12	14	14	9.50	0		2.551168
41	76	76	1	0	0	6	14	15	19	7.33	0		1.859245
41	77	77	0	35	0	0	22	19	6	7.33	0		1.642945
41	78	78	0	26	19	0	14	11	6	7.33	0		2.430724
34	58	58	0	0	0	0	35	17	6	11	0		3.517942
34	59	59	0	0	17	0	26	12	19	11	0		1.043438


-------------------------------------------------------------------------------------------------------------------
Tour_Id:			14
No_of_Customers:		6
No_of_Items:			15
Customer_Sequence:		26 16 57 20 32 54 

CustId	Id	TypeId	Rotated	x	y	z	Length	Width	Height	mass	Fragility	LoadBearingStrength
26	43	43	0	38	0	17	18	5	10	9.33	0		1.847195
26	44	44	0	36	23	21	19	6	9	9.33	0		1.560312
26	45	45	0	36	12	26	20	10	3	9.33	0		1.238096
16	29	29	1	41	12	0	18	18	21	5	0		1.598201
16	30	30	0	13	17	18	28	7	3	5	0		1.654190
16	31	31	0	36	12	21	24	11	5	5	0		1.761728
57	107	107	0	13	18	0	27	6	18	24	0		2.015627
20	35	35	1	16	3	13	12	20	15	3.33	0		3.837831
20	36	36	1	13	24	0	6	20	18	3.33	0		2.957791
20	37	37	0	41	0	0	19	12	17	3.33	0		1.382844
32	54	54	0	0	18	0	13	12	21	11	1		0.857220
32	55	55	0	0	3	13	16	6	16	11	0		1.747905
54	102	102	0	0	0	13	38	3	10	6.33	0		2.764239
54	103	103	0	0	0	0	41	18	13	6.33	0		1.216254
54	104	104	1	0	9	13	8	15	10	6.33	0		1.430187


-------------------------------------------------------------------------------------------------------------------
Tour_Id:			15
No_of_Customers:		5
No_of_Items:			9
Customer_Sequence:		18 79 1 46 10 

CustId	Id	TypeId	Rotated	x	y	z	Length	Width	Height	mass	Fragility	LoadBearingStrength
18	33	33	0	23	12	23	23	14	7	30	1		0.879240
79	145	145	0	25	12	0	32	18	5	9.67	0		1.326365
79	146	146	0	14	0	17	9	15	11	9.67	0		3.901061
79	147	147	0	25	12	5	34	14	18	9.67	1		0.642050
1	1	1	1	0	0	17	24	14	9	10.50	0		3.846184
1	2	2	0	19	0	6	35	8	11	10.50	0		2.656868
46	87	87	0	0	21	0	25	3	4	10	1		0.943952
46	88	88	0	19	0	0	36	12	6	10	0		3.143382
10	18	18	1	0	0	0	21	19	17	12	0		1.186881


-------------------------------------------------------------------------------------------------------------------
Tour_Id:			16
No_of_Customers:		3
No_of_Items:			8
Customer_Sequence:		58 33 39 

CustId	Id	TypeId	Rotated	x	y	z	Length	Width	Height	mass	Fragility	LoadBearingStrength
58	108	108	1	40	0	0	28	20	13	9	0		1.651593
58	109	109	0	20	11	0	19	10	5	9	0		1.933329
58	110	110	1	40	0	13	25	17	15	9	1		0.701673
33	56	56	0	0	0	12	40	10	16	13	0		3.077154
33	57	57	0	7	22	0	15	8	11	13	0		3.412813
39	70	70	0	0	11	0	7	16	6	11.33	0		3.802433
39	71	71	0	7	11	0	13	11	19	11.33	0		2.652839
39	72	72	0	0	0	0	38	11	12	11.33	0		3.576613


-------------------------------------------------------------------------------------------------------------------
Tour_Id:			17
No_of_Customers:		3
No_of_Items:			9
Customer_Sequence:		86 72 37 

CustId	Id	TypeId	Rotated	x	y	z	Length	Width	Height	mass	Fragility	LoadBearingStrength
86	160	160	0	0	6	18	40	12	8	2.33	0		2.967488
86	161	161	1	0	18	18	12	11	10	2.33	0		1.304644
86	162	162	1	40	0	5	27	20	11	2.33	1		0.612090
72	132	132	1	0	0	17	6	14	13	7.33	0		1.597713
72	133	133	0	0	8	0	40	20	18	7.33	0		2.441428
72	134	134	1	40	0	0	25	20	5	7.33	0		1.293811
37	65	65	0	0	0	8	30	7	6	5	0		2.458581
37	66	66	0	0	0	0	40	8	8	5	0		3.178161
37	67	67	0	0	0	14	22	8	3	5	0		1.307321


-------------------------------------------------------------------------------------------------------------------
Tour_Id:			18
No_of_Customers:		3
No_of_Items:			3
Customer_Sequence:		95 11 63 

CustId	Id	TypeId	Rotated	x	y	z	Length	Width	Height	mass	Fragility	LoadBearingStrength
95	179	179	0	0	0	16	42	10	12	15	0		1.571074
11	19	19	0	0	0	0	41	18	16	10	0		2.293854
63	116	116	0	0	18	0	36	11	19	8	1		0.844563


-------------------------------------------------------------------------------------------------------------------
Tour_Id:			19
No_of_Customers:		6
No_of_Items:			9
Customer_Sequence:		48 87 93 90 5 83 

CustId	Id	TypeId	Rotated	x	y	z	Length	Width	Height	mass	Fragility	LoadBearingStrength
48	90	90	1	39	0	9	28	10	5	7	1		0.882058
87	163	163	1	21	6	16	6	5	9	2.67	0		3.767435
87	164	164	1	39	0	5	21	19	4	2.67	1		0.689826
87	165	165	1	39	0	0	28	21	5	2.67	0		3.691995
93	175	175	0	0	0	14	34	6	10	29	0		1.330647
90	171	171	0	12	6	16	9	20	14	10	0		1.360887
5	7	7	0	12	7	0	27	21	16	13	0		1.372824
5	8	8	0	0	7	0	12	21	19	13	0		2.909844
83	156	156	0	0	0	0	37	7	14	13	0		2.051759


-------------------------------------------------------------------------------------------------------------------
Tour_Id:			20
No_of_Customers:		4
No_of_Items:			8
Customer_Sequence:		43 36 61 98 

CustId	Id	TypeId	Rotated	x	y	z	Length	Width	Height	mass	Fragility	LoadBearingStrength
43	80	80	0	17	0	17	42	18	8	3	1		0.676092
43	81	81	0	41	0	0	17	14	17	3	0		3.394865
36	63	63	1	38	16	0	7	21	11	5.50	0		1.106279
36	64	64	0	0	26	0	31	3	18	5.50	0		3.887457
61	114	114	0	17	0	0	24	16	17	7	1		0.704126
98	183	183	0	0	0	21	12	16	9	5	0		2.830536
98	184	184	0	0	0	0	17	19	21	5	0		3.126390
98	185	185	0	0	19	0	38	7	21	5	1		0.902512


-------------------------------------------------------------------------------------------------------------------
Tour_Id:			21
No_of_Customers:		7
No_of_Items:			9
Customer_Sequence:		7 30 17 51 8 25 92 

CustId	Id	TypeId	Rotated	x	y	z	Length	Width	Height	mass	Fragility	LoadBearingStrength
7	12	12	0	41	21	0	15	9	20	2	1		0.556785
7	13	13	1	44	0	16	21	10	9	2	1		0.947186
7	14	14	1	41	0	16	21	3	11	2	0		2.293233
30	52	52	0	0	22	14	33	6	11	5	1		0.535423
17	32	32	0	41	0	0	13	20	16	9	0		3.676459
51	95	95	0	0	0	0	40	6	20	16	1		0.848387
8	15	15	0	9	6	14	31	15	14	8	0		2.716899
25	42	42	0	0	6	14	9	16	14	28	0		1.290142
92	174	174	0	0	6	0	41	21	14	23	0		2.641075


