Name:				3l_cvrp30
Problem:			3L-CVRP
Number_of_used_Vehicles:	10
Total_Travel_Distance:		1713.82
Calculation_Time:		-1.00
Total_Iterations:		-1
ConstraintSet:			P1

-------------------------------------------------------------------------------------------------------------------
Tour_Id:			1
No_of_Customers:		4
No_of_Items:			8
Customer_Sequence:		9 30 11 26 

CustId	Id	TypeId	Rotated	x	y	z	Length	Width	Height	mass	Fragility	LoadBearingStrength
9	16	16	0	20	8	8	39	15	20	10.50	0		2.253790
9	17	17	1	0	11	10	17	10	13	10.50	1		0.682978
30	55	55	0	20	4	8	38	4	17	27	0		1.160452
11	20	20	0	20	0	0	39	20	8	5	0		2.008359
11	21	21	0	0	11	5	13	15	5	5	0		3.512579
11	22	22	0	20	0	8	39	4	21	5	0		3.646708
26	49	49	1	0	0	0	27	20	5	11.50	0		1.385678
26	50	50	1	0	0	5	11	8	4	11.50	0		2.581031


-------------------------------------------------------------------------------------------------------------------
Tour_Id:			2
No_of_Customers:		7
No_of_Items:			14
Customer_Sequence:		43 19 1 36 20 17 29 

CustId	Id	TypeId	Rotated	x	y	z	Length	Width	Height	mass	Fragility	LoadBearingStrength
43	81	81	0	22	21	22	28	6	5	9	1		0.615272
43	82	82	0	0	21	26	14	5	3	9	1		0.523620
19	35	35	1	27	11	11	10	17	18	8	0		1.480936
1	1	1	1	55	0	0	28	5	8	8.50	0		3.323258
1	2	2	1	45	0	0	26	10	8	8.50	0		2.041548
36	66	66	0	0	21	0	42	6	14	2	0		1.727956
36	67	67	1	22	21	14	7	21	8	2	1		0.940579
36	68	68	0	0	21	14	22	4	12	2	0		3.406338
20	36	36	1	0	0	24	9	7	6	10	0		3.687752
20	37	37	1	12	11	11	8	15	16	10	0		1.459672
20	38	38	0	12	0	11	29	11	17	10	1		0.578550
17	31	31	1	0	0	5	12	12	19	4.50	0		3.639306
17	32	32	0	12	0	0	33	21	11	4.50	0		2.533326
29	54	54	1	0	0	0	20	9	5	10	0		1.760867


-------------------------------------------------------------------------------------------------------------------
Tour_Id:			3
No_of_Customers:		7
No_of_Items:			14
Customer_Sequence:		49 38 47 50 44 13 28 

CustId	Id	TypeId	Rotated	x	y	z	Length	Width	Height	mass	Fragility	LoadBearingStrength
49	96	96	1	46	14	0	8	14	18	14	0		2.118667
38	71	71	0	46	0	0	8	14	21	20	0		2.596541
47	91	91	0	35	9	0	10	17	15	5.33	0		1.246452
47	92	92	1	29	5	15	19	17	14	5.33	1		0.861538
47	93	93	0	8	0	15	38	5	5	5.33	0		1.643866
50	97	97	0	0	13	19	27	11	5	11	0		2.082852
44	83	83	1	8	5	15	7	21	7	4.33	1		0.501309
44	84	84	0	35	26	0	16	4	19	4.33	0		2.307094
44	85	85	0	0	13	15	26	10	4	4.33	0		1.814825
13	25	25	0	11	9	0	24	18	15	2.33	0		3.035117
13	26	26	0	0	0	15	8	13	10	2.33	0		2.960080
13	27	27	0	11	0	0	35	9	15	2.33	0		1.797883
28	52	52	0	11	27	0	11	3	21	10	0		3.242657
28	53	53	1	0	0	0	29	11	15	10	0		1.847988


-------------------------------------------------------------------------------------------------------------------
Tour_Id:			4
No_of_Customers:		5
No_of_Items:			10
Customer_Sequence:		32 23 5 37 10 

CustId	Id	TypeId	Rotated	x	y	z	Length	Width	Height	mass	Fragility	LoadBearingStrength
32	57	57	0	0	12	24	26	15	3	5.67	0		2.434664
32	58	58	0	34	0	12	16	9	10	5.67	1		0.576459
32	59	59	0	26	12	24	24	13	4	5.67	0		2.889589
23	42	42	0	17	12	0	40	16	9	16.50	0		3.768682
23	43	43	0	13	12	9	36	18	15	16.50	0		3.004128
5	9	9	0	17	0	12	17	12	14	9	0		1.141820
37	69	69	0	17	0	0	40	10	12	16	0		1.978424
37	70	70	1	0	0	24	7	6	4	16	0		2.196717
10	18	18	1	0	0	6	20	13	18	14.50	0		2.978587
10	19	19	1	0	0	0	23	17	6	14.50	0		3.158686


-------------------------------------------------------------------------------------------------------------------
Tour_Id:			5
No_of_Customers:		3
No_of_Items:			6
Customer_Sequence:		25 18 48 

CustId	Id	TypeId	Rotated	x	y	z	Length	Width	Height	mass	Fragility	LoadBearingStrength
25	47	47	0	0	19	14	27	4	7	15.50	0		1.528043
25	48	48	0	18	0	14	34	19	12	15.50	0		3.483586
18	33	33	0	29	16	0	24	14	13	15	1		0.929385
18	34	34	0	0	20	0	29	8	14	15	0		3.032341
48	94	94	0	18	0	0	41	16	14	6.50	0		2.232229
48	95	95	0	0	0	0	18	20	10	6.50	0		2.395732


-------------------------------------------------------------------------------------------------------------------
Tour_Id:			6
No_of_Customers:		6
No_of_Items:			12
Customer_Sequence:		4 39 12 42 41 40 

CustId	Id	TypeId	Rotated	x	y	z	Length	Width	Height	mass	Fragility	LoadBearingStrength
4	8	8	0	39	0	20	13	21	6	31	1		0.766736
39	72	72	1	39	0	0	29	19	20	8.50	0		2.847354
39	73	73	0	0	0	27	17	7	3	8.50	0		1.857023
12	23	23	0	15	0	15	11	16	4	15	0		1.623138
12	24	24	0	0	16	20	16	9	10	15	1		0.888428
42	78	78	0	0	0	15	15	21	5	6	0		3.656217
42	79	79	0	0	4	4	32	16	11	6	0		2.351092
42	80	80	1	0	0	20	16	13	7	6	0		3.179351
41	75	75	0	0	0	0	31	21	4	3.33	0		3.814169
41	76	76	0	0	0	4	39	4	11	3.33	0		1.621384
41	77	77	0	21	21	0	13	9	10	3.33	0		1.780320
40	74	74	0	0	21	0	21	9	20	6	1		0.778669


-------------------------------------------------------------------------------------------------------------------
Tour_Id:			7
No_of_Customers:		4
No_of_Items:			9
Customer_Sequence:		7 6 33 45 

CustId	Id	TypeId	Rotated	x	y	z	Length	Width	Height	mass	Fragility	LoadBearingStrength
7	12	12	1	46	0	0	28	10	8	24	1		0.739572
6	10	10	0	18	0	13	25	20	15	15.50	1		0.850308
6	11	11	0	18	5	7	28	15	6	15.50	0		2.335500
33	60	60	0	18	5	0	28	19	7	7.67	0		3.846240
33	61	61	0	0	5	13	16	18	16	7.67	0		1.182304
33	62	62	0	0	23	6	6	4	21	7.67	1		0.953948
45	86	86	0	0	0	0	34	5	10	10	0		3.674342
45	87	87	0	0	5	6	14	16	7	10	0		1.878911
45	88	88	1	0	5	0	21	18	6	10	0		3.842405


-------------------------------------------------------------------------------------------------------------------
Tour_Id:			8
No_of_Customers:		2
No_of_Items:			4
Customer_Sequence:		35 22 

CustId	Id	TypeId	Rotated	x	y	z	Length	Width	Height	mass	Fragility	LoadBearingStrength
35	64	64	0	19	14	0	32	10	5	4.50	0		1.850699
35	65	65	0	19	0	20	41	11	10	4.50	1		0.848512
22	40	40	0	19	0	0	37	14	20	15	0		3.129633
22	41	41	1	0	0	0	26	19	19	15	1		0.597129


-------------------------------------------------------------------------------------------------------------------
Tour_Id:			9
No_of_Customers:		6
No_of_Items:			6
Customer_Sequence:		34 27 14 21 16 31 

CustId	Id	TypeId	Rotated	x	y	z	Length	Width	Height	mass	Fragility	LoadBearingStrength
34	63	63	0	0	0	20	37	10	5	14	0		1.013288
27	51	51	0	24	10	11	29	16	10	20	1		0.933336
14	28	28	0	0	0	0	41	8	20	6	0		3.495166
21	39	39	0	0	10	11	24	10	14	30	1		0.528184
16	30	30	0	20	8	0	39	19	11	8	1		0.894131
31	56	56	1	0	8	0	13	20	11	27	0		2.709534


-------------------------------------------------------------------------------------------------------------------
Tour_Id:			10
No_of_Customers:		6
No_of_Items:			14
Customer_Sequence:		24 2 46 8 3 15 

CustId	Id	TypeId	Rotated	x	y	z	Length	Width	Height	mass	Fragility	LoadBearingStrength
24	44	44	1	46	0	0	25	13	9	7	0		3.147383
24	45	45	1	44	0	9	28	15	21	7	1		0.612272
24	46	46	1	31	0	4	14	13	21	7	1		0.873615
2	3	3	0	4	11	11	19	5	19	8	0		1.414218
2	4	4	1	19	22	10	8	20	7	8	0		3.890435
46	89	89	1	31	0	0	16	15	4	9.50	1		0.679532
46	90	90	0	0	22	12	16	5	17	9.50	0		1.625232
8	13	13	1	0	0	11	12	4	15	1.67	0		1.513144
8	14	14	1	4	0	11	11	17	13	1.67	0		2.754472
8	15	15	0	19	16	0	16	6	20	1.67	0		3.093766
3	5	5	1	0	16	12	6	6	15	9.67	0		1.562291
3	6	6	1	19	22	0	8	15	10	9.67	0		2.627884
3	7	7	0	0	0	0	31	16	11	9.67	0		1.526739
15	29	29	1	0	16	0	10	19	12	7	0		1.591962


