Name:				004_n020_m200_bt3
Problem:			3L-VRPTW
Number_of_used_Vehicles:	3
Total_Travel_Distance:		394.84
Calculation_Time:		32.28
Total_Iterations:		8055
ConstraintSet:			P1

-------------------------------------------------------------------------------------------------------------------
Tour_Id:			1
No_of_Customers:		7
No_of_Items:			66
Customer_Sequence:		8 20 19 1 15 4 10 

CustId	Id	TypeId	Rotated	x	y	z	Length	Width	Height	mass	Fragility	LoadBearingStrength
10	90	1	0	0	0	0	17	7	8	180.99	0		3.528697
10	93	3	0	0	7	0	13	3	6	103.95	0		21.118934
10	94	3	0	0	10	0	13	3	6	103.95	0		21.118934
10	95	3	0	0	13	0	13	3	6	103.95	0		21.118934
10	91	2	0	0	16	0	6	4	8	42.11	1		2.203044
10	92	2	0	0	20	0	6	4	8	42.11	1		2.203044
4	32	3	0	0	7	6	13	3	6	103.95	0		21.118934
4	33	3	0	0	10	6	13	3	6	103.95	0		21.118934
4	34	3	0	0	13	6	13	3	6	103.95	0		21.118934
4	35	3	0	0	0	8	13	3	6	103.95	0		21.118934
4	27	2	0	0	3	8	6	4	8	42.11	1		2.203044
4	28	2	0	0	16	8	6	4	8	42.11	1		2.203044
4	29	2	0	0	20	8	6	4	8	42.11	1		2.203044
4	30	2	0	0	7	12	6	4	8	42.11	1		2.203044
4	31	2	0	0	11	12	6	4	8	42.11	1		2.203044
15	135	1	0	6	16	0	17	7	8	180.99	0		3.528697
15	139	3	0	0	0	14	13	3	6	103.95	0		21.118934
15	140	3	0	0	0	20	13	3	6	103.95	0		21.118934
15	141	3	0	6	3	8	13	3	6	103.95	0		21.118934
15	142	3	0	6	16	8	13	3	6	103.95	0		21.118934
15	143	3	0	6	19	8	13	3	6	103.95	0		21.118934
15	136	2	0	0	3	16	6	4	8	42.11	1		2.203044
15	137	2	0	0	15	16	6	4	8	42.11	1		2.203044
15	138	2	0	0	19	16	6	4	8	42.11	1		2.203044
1	1	1	0	13	7	0	17	7	8	180.99	0		3.528697
1	2	1	0	13	6	8	17	7	8	180.99	0		3.528697
1	4	3	0	6	3	14	13	3	6	103.95	0		21.118934
1	5	3	0	6	16	14	13	3	6	103.95	0		21.118934
1	6	3	0	6	19	14	13	3	6	103.95	0		21.118934
1	7	3	0	6	3	20	13	3	6	103.95	0		21.118934
1	8	3	0	6	16	20	13	3	6	103.95	0		21.118934
1	3	2	0	0	7	20	6	4	8	42.11	1		2.203044
19	180	1	0	13	6	16	17	7	8	180.99	0		3.528697
19	181	1	0	23	14	0	17	7	8	180.99	0		3.528697
19	182	1	0	19	13	8	17	7	8	180.99	0		3.528697
19	185	3	0	6	19	20	13	3	6	103.95	0		21.118934
19	186	3	0	13	6	24	13	3	6	103.95	0		21.118934
19	183	2	0	0	11	20	6	4	8	42.11	1		2.203044
19	184	2	0	19	13	16	6	4	8	42.11	1		2.203044
20	187	1	0	30	0	0	17	7	8	180.99	0		3.528697
20	188	1	0	30	0	8	17	7	8	180.99	0		3.528697
20	189	1	0	30	0	16	17	7	8	180.99	0		3.528697
20	190	1	0	36	7	0	17	7	8	180.99	0		3.528697
20	196	3	0	13	9	24	13	3	6	103.95	0		21.118934
20	197	3	0	17	0	0	13	3	6	103.95	0		21.118934
20	198	3	0	17	0	6	13	3	6	103.95	0		21.118934
20	199	3	0	17	0	12	13	3	6	103.95	0		21.118934
20	200	3	0	17	0	18	13	3	6	103.95	0		21.118934
20	191	2	0	19	17	16	6	4	8	42.11	1		2.203044
20	192	2	0	23	21	0	6	4	8	42.11	1		2.203044
20	193	2	0	19	20	8	6	4	8	42.11	1		2.203044
20	194	2	0	19	21	16	6	4	8	42.11	1		2.203044
20	195	2	0	25	20	8	6	4	8	42.11	1		2.203044
8	71	1	0	36	7	8	17	7	8	180.99	0		3.528697
8	72	1	0	36	7	16	17	7	8	180.99	0		3.528697
8	73	1	0	40	14	0	17	7	8	180.99	0		3.528697
8	74	1	0	36	14	8	17	7	8	180.99	0		3.528697
8	75	1	0	31	14	16	17	7	8	180.99	0		3.528697
8	80	3	0	17	0	24	13	3	6	103.95	0		21.118934
8	81	3	0	30	0	24	13	3	6	103.95	0		21.118934
8	82	3	0	30	3	24	13	3	6	103.95	0		21.118934
8	83	3	0	31	21	0	13	3	6	103.95	0		21.118934
8	76	2	0	25	13	16	6	4	8	42.11	1		2.203044
8	77	2	0	25	17	16	6	4	8	42.11	1		2.203044
8	78	2	0	25	21	16	6	4	8	42.11	1		2.203044
8	79	2	0	31	21	6	6	4	8	42.11	1		2.203044


-------------------------------------------------------------------------------------------------------------------
Tour_Id:			2
No_of_Customers:		7
No_of_Items:			68
Customer_Sequence:		2 6 12 11 3 18 16 

CustId	Id	TypeId	Rotated	x	y	z	Length	Width	Height	mass	Fragility	LoadBearingStrength
16	144	1	0	0	0	0	17	7	8	180.99	0		3.528697
16	147	2	0	0	7	0	6	4	8	42.11	1		2.203044
16	148	2	0	0	11	0	6	4	8	42.11	1		2.203044
18	170	1	0	0	15	0	17	7	8	180.99	0		3.528697
6	54	2	0	0	0	8	6	4	8	42.11	1		2.203044
3	18	1	0	0	15	8	17	7	8	180.99	0		3.528697
3	25	3	0	0	22	0	13	3	6	103.95	0		21.118934
16	154	3	0	0	4	8	13	3	6	103.95	0		21.118934
16	155	3	0	0	4	14	13	3	6	103.95	0		21.118934
16	146	2	0	0	7	8	6	4	8	42.11	1		2.203044
16	145	1	0	6	7	0	17	7	8	180.99	0		3.528697
18	174	1	0	6	7	8	17	7	8	180.99	0		3.528697
16	150	3	0	0	4	20	13	3	6	103.95	0		21.118934
18	171	1	0	6	7	16	17	7	8	180.99	0		3.528697
18	172	1	0	17	0	0	17	7	8	180.99	0		3.528697
18	173	1	0	17	14	0	17	7	8	180.99	0		3.528697
16	149	3	0	23	7	0	13	3	6	103.95	0		21.118934
18	175	2	0	0	11	8	6	4	8	42.11	1		2.203044
18	179	3	0	6	7	24	13	3	6	103.95	0		21.118934
18	178	3	0	6	10	24	13	3	6	103.95	0		21.118934
3	24	3	0	0	22	6	13	3	6	103.95	0		21.118934
18	177	2	0	0	7	16	6	4	8	42.11	1		2.203044
16	152	3	0	23	10	0	13	3	6	103.95	0		21.118934
11	103	3	0	0	22	12	13	3	6	103.95	0		21.118934
3	20	1	0	0	15	16	17	7	8	180.99	0		3.528697
3	21	1	0	17	14	8	17	7	8	180.99	0		3.528697
18	176	2	0	0	11	16	6	4	8	42.11	1		2.203044
6	52	2	0	0	0	16	6	4	8	42.11	1		2.203044
3	26	3	0	0	15	24	13	3	6	103.95	0		21.118934
12	105	1	0	17	14	16	17	7	8	180.99	0		3.528697
16	153	3	0	36	7	0	13	3	6	103.95	0		21.118934
11	96	1	0	23	7	6	17	7	8	180.99	0		3.528697
11	97	1	0	23	7	14	17	7	8	180.99	0		3.528697
11	98	1	0	23	7	22	17	7	8	180.99	0		3.528697
11	102	3	0	0	22	18	13	3	6	103.95	0		21.118934
3	19	1	0	34	0	0	17	7	8	180.99	0		3.528697
11	104	3	0	0	18	24	13	3	6	103.95	0		21.118934
11	99	2	0	17	21	0	6	4	8	42.11	1		2.203044
11	101	2	0	17	21	8	6	4	8	42.11	1		2.203044
12	110	3	0	0	21	24	13	3	6	103.95	0		21.118934
3	22	2	0	34	14	0	6	4	8	42.11	1		2.203044
12	106	1	0	34	18	0	17	7	8	180.99	0		3.528697
11	100	2	0	17	21	16	6	4	8	42.11	1		2.203044
12	111	3	0	13	4	8	13	3	6	103.95	0		21.118934
12	107	2	0	23	21	0	6	4	8	42.11	1		2.203044
12	108	2	0	23	21	8	6	4	8	42.11	1		2.203044
12	109	2	0	23	21	16	6	4	8	42.11	1		2.203044
6	48	1	0	26	0	8	17	7	8	180.99	0		3.528697
6	49	1	0	26	0	16	17	7	8	180.99	0		3.528697
6	50	1	0	34	18	8	17	7	8	180.99	0		3.528697
6	55	3	0	6	0	8	13	3	6	103.95	0		21.118934
6	56	3	0	6	0	14	13	3	6	103.95	0		21.118934
6	57	3	0	6	0	20	13	3	6	103.95	0		21.118934
6	58	3	0	13	4	14	13	3	6	103.95	0		21.118934
6	59	3	0	13	4	20	13	3	6	103.95	0		21.118934
6	51	2	0	19	0	8	6	4	8	42.11	1		2.203044
3	23	2	0	34	14	8	6	4	8	42.11	1		2.203044
6	53	2	0	19	0	16	6	4	8	42.11	1		2.203044
16	151	3	0	36	10	0	13	3	6	103.95	0		21.118934
2	9	1	0	34	18	16	17	7	8	180.99	0		3.528697
2	14	3	0	13	14	24	13	3	6	103.95	0		21.118934
2	15	3	0	13	17	24	13	3	6	103.95	0		21.118934
2	16	3	0	25	0	24	13	3	6	103.95	0		21.118934
2	17	3	0	26	17	24	13	3	6	103.95	0		21.118934
2	10	2	0	40	13	0	6	4	8	42.11	1		2.203044
2	11	2	0	40	7	6	6	4	8	42.11	1		2.203044
2	12	2	0	40	13	8	6	4	8	42.11	1		2.203044
2	13	2	0	40	7	14	6	4	8	42.11	1		2.203044


-------------------------------------------------------------------------------------------------------------------
Tour_Id:			3
No_of_Customers:		6
No_of_Items:			66
Customer_Sequence:		7 13 5 9 14 17 

CustId	Id	TypeId	Rotated	x	y	z	Length	Width	Height	mass	Fragility	LoadBearingStrength
17	156	1	0	0	0	0	17	7	8	180.99	0		3.528697
17	157	1	0	0	7	0	17	7	8	180.99	0		3.528697
17	158	1	0	0	14	0	17	7	8	180.99	0		3.528697
17	159	1	0	0	0	8	17	7	8	180.99	0		3.528697
17	160	1	0	0	7	8	17	7	8	180.99	0		3.528697
17	165	3	0	0	21	0	13	3	6	103.95	0		21.118934
17	166	3	0	0	21	6	13	3	6	103.95	0		21.118934
17	167	3	0	0	14	8	13	3	6	103.95	0		21.118934
17	168	3	0	0	17	8	13	3	6	103.95	0		21.118934
17	169	3	0	0	21	12	13	3	6	103.95	0		21.118934
17	161	2	0	0	14	14	6	4	8	42.11	1		2.203044
17	162	2	0	0	0	16	6	4	8	42.11	1		2.203044
17	163	2	0	0	4	16	6	4	8	42.11	1		2.203044
17	164	2	0	0	8	16	6	4	8	42.11	1		2.203044
14	124	1	1	6	0	16	17	7	8	180.99	0		3.528697
14	125	1	0	17	0	0	17	7	8	180.99	0		3.528697
14	126	1	0	17	7	0	17	7	8	180.99	0		3.528697
14	127	1	0	17	14	0	17	7	8	180.99	0		3.528697
14	132	3	0	0	21	18	13	3	6	103.95	0		21.118934
14	133	3	0	0	21	24	13	3	6	103.95	0		21.118934
14	134	3	1	6	0	24	13	3	6	103.95	0		21.118934
14	128	2	0	0	14	22	6	4	8	42.11	1		2.203044
14	129	2	0	6	17	14	6	4	8	42.11	1		2.203044
14	130	2	0	6	17	22	6	4	8	42.11	1		2.203044
14	131	2	0	13	21	0	6	4	8	42.11	1		2.203044
9	84	1	0	13	14	8	17	7	8	180.99	0		3.528697
9	85	1	0	13	14	16	17	7	8	180.99	0		3.528697
9	86	1	0	17	0	8	17	7	8	180.99	0		3.528697
9	88	3	0	6	13	24	13	3	6	103.95	0		21.118934
9	89	3	1	9	0	24	13	3	6	103.95	0		21.118934
9	87	2	0	13	21	8	6	4	8	42.11	1		2.203044
5	36	1	0	13	0	16	17	7	8	180.99	0		3.528697
5	37	1	0	19	7	8	17	7	8	180.99	0		3.528697
5	38	1	0	19	7	16	17	7	8	180.99	0		3.528697
5	39	1	0	34	0	0	17	7	8	180.99	0		3.528697
5	40	1	0	34	7	0	17	7	8	180.99	0		3.528697
5	44	3	0	12	0	24	13	3	6	103.95	0		21.118934
5	45	3	0	12	3	24	13	3	6	103.95	0		21.118934
5	46	3	0	19	21	0	13	3	6	103.95	0		21.118934
5	47	3	0	19	21	6	13	3	6	103.95	0		21.118934
5	41	2	1	13	7	16	6	4	8	42.11	1		2.203044
5	42	2	0	13	21	16	6	4	8	42.11	1		2.203044
5	43	2	0	19	21	12	6	4	8	42.11	1		2.203044
13	112	1	0	34	14	0	17	7	8	180.99	0		3.528697
13	113	1	0	30	14	8	17	7	8	180.99	0		3.528697
13	114	1	0	30	14	16	17	7	8	180.99	0		3.528697
13	119	3	0	17	6	24	13	3	6	103.95	0		21.118934
13	120	3	0	17	9	24	13	3	6	103.95	0		21.118934
13	121	3	0	19	12	24	13	3	6	103.95	0		21.118934
13	122	3	0	19	15	24	13	3	6	103.95	0		21.118934
13	123	3	0	12	18	24	13	3	6	103.95	0		21.118934
13	115	2	0	19	21	20	6	4	8	42.11	1		2.203044
13	116	2	0	25	21	12	6	4	8	42.11	1		2.203044
13	117	2	0	25	21	20	6	4	8	42.11	1		2.203044
13	118	2	1	30	0	16	6	4	8	42.11	1		2.203044
7	60	1	0	34	0	8	17	7	8	180.99	0		3.528697
7	61	1	0	34	0	16	17	7	8	180.99	0		3.528697
7	62	1	0	36	7	8	17	7	8	180.99	0		3.528697
7	63	1	0	36	7	16	17	7	8	180.99	0		3.528697
7	66	3	0	25	18	24	13	3	6	103.95	0		21.118934
7	67	3	0	30	6	24	13	3	6	103.95	0		21.118934
7	68	3	0	30	9	24	13	3	6	103.95	0		21.118934
7	69	3	0	32	21	0	13	3	6	103.95	0		21.118934
7	70	3	0	32	21	6	13	3	6	103.95	0		21.118934
7	64	2	0	31	21	12	6	4	8	42.11	1		2.203044
7	65	2	0	31	21	20	6	4	8	42.11	1		2.203044


