Name:				005_n020_m200_bt3
Problem:			3L-VRPTW
Number_of_used_Vehicles:	6
Total_Travel_Distance:		487.18
Calculation_Time:		2.06
Total_Iterations:		8027
ConstraintSet:			P1

-------------------------------------------------------------------------------------------------------------------
Tour_Id:			1
No_of_Customers:		5
No_of_Items:			53
Customer_Sequence:		6 8 20 1 7 

CustId	Id	TypeId	Rotated	x	y	z	Length	Width	Height	mass	Fragility	LoadBearingStrength
7	66	1	0	0	0	0	9	6	6	384.83	0		26.873808
7	67	1	0	0	6	0	9	6	6	384.83	0		26.873808
7	68	1	0	0	12	0	9	6	6	384.83	0		26.873808
7	69	1	0	0	18	0	9	6	6	384.83	0		26.873808
7	70	1	0	0	0	6	9	6	6	384.83	0		26.873808
7	71	1	0	0	6	6	9	6	6	384.83	0		26.873808
7	72	1	0	0	12	6	9	6	6	384.83	0		26.873808
7	76	3	0	0	18	6	8	3	8	142.31	0		29.625025
7	73	2	0	0	0	12	6	5	6	65.75	1		11.819270
7	74	2	0	0	5	12	6	5	6	65.75	1		11.819270
7	75	2	0	0	10	12	6	5	6	65.75	1		11.819270
1	1	1	0	9	0	0	9	6	6	384.83	0		26.873808
1	2	1	0	9	6	0	9	6	6	384.83	0		26.873808
1	3	1	0	9	12	0	9	6	6	384.83	0		26.873808
1	4	1	0	9	18	0	9	6	6	384.83	0		26.873808
1	5	1	0	8	18	6	9	6	6	384.83	0		26.873808
1	9	3	0	0	21	6	8	3	8	142.31	0		29.625025
1	10	3	0	0	15	12	8	3	8	142.31	0		29.625025
1	11	3	0	0	18	14	8	3	8	142.31	0		29.625025
1	12	3	0	0	21	14	8	3	8	142.31	0		29.625025
1	6	2	0	0	0	18	6	5	6	65.75	1		11.819270
1	7	2	0	0	5	18	6	5	6	65.75	1		11.819270
1	8	2	0	0	10	18	6	5	6	65.75	1		11.819270
20	192	1	0	0	18	22	9	6	6	384.83	0		26.873808
20	193	1	0	8	18	12	9	6	6	384.83	0		26.873808
20	197	3	0	0	15	20	8	3	8	142.31	0		29.625025
20	198	3	1	6	0	12	8	3	8	142.31	0		29.625025
20	199	3	1	6	0	20	8	3	8	142.31	0		29.625025
20	200	3	0	9	0	6	8	3	8	142.31	0		29.625025
20	194	2	0	0	0	24	6	5	6	65.75	1		11.819270
20	195	2	0	0	5	24	6	5	6	65.75	1		11.819270
20	196	2	0	0	10	24	6	5	6	65.75	1		11.819270
8	77	1	0	9	3	6	9	6	6	384.83	0		26.873808
8	78	1	0	9	9	6	9	6	6	384.83	0		26.873808
8	82	3	0	6	8	12	8	3	8	142.31	0		29.625025
8	83	3	0	6	11	12	8	3	8	142.31	0		29.625025
8	84	3	0	6	8	20	8	3	8	142.31	0		29.625025
8	85	3	0	6	11	20	8	3	8	142.31	0		29.625025
8	86	3	0	9	15	6	8	3	8	142.31	0		29.625025
8	87	3	0	8	15	14	8	3	8	142.31	0		29.625025
8	79	2	0	9	3	12	6	5	6	65.75	1		11.819270
8	80	2	0	9	3	18	6	5	6	65.75	1		11.819270
8	81	2	0	9	18	18	6	5	6	65.75	1		11.819270
6	56	1	0	18	0	0	9	6	6	384.83	0		26.873808
6	62	3	0	8	15	22	8	3	8	142.31	0		29.625025
6	63	3	0	9	0	14	8	3	8	142.31	0		29.625025
6	64	3	0	9	0	22	8	3	8	142.31	0		29.625025
6	65	3	1	15	3	12	8	3	8	142.31	0		29.625025
6	57	2	0	9	3	24	6	5	6	65.75	1		11.819270
6	58	2	0	9	18	24	6	5	6	65.75	1		11.819270
6	59	2	0	18	6	0	6	5	6	65.75	1		11.819270
6	60	2	0	18	11	0	6	5	6	65.75	1		11.819270
6	61	2	0	18	16	0	6	5	6	65.75	1		11.819270


-------------------------------------------------------------------------------------------------------------------
Tour_Id:			2
No_of_Customers:		3
No_of_Items:			31
Customer_Sequence:		9 3 5 

CustId	Id	TypeId	Rotated	x	y	z	Length	Width	Height	mass	Fragility	LoadBearingStrength
5	45	1	0	0	0	0	9	6	6	384.83	0		26.873808
5	46	1	0	0	6	0	9	6	6	384.83	0		26.873808
5	47	1	0	0	12	0	9	6	6	384.83	0		26.873808
5	48	1	0	0	18	0	9	6	6	384.83	0		26.873808
5	49	1	0	0	0	6	9	6	6	384.83	0		26.873808
5	55	3	0	0	6	6	8	3	8	142.31	0		29.625025
5	50	2	0	0	9	6	6	5	6	65.75	1		11.819270
5	51	2	0	0	14	6	6	5	6	65.75	1		11.819270
5	52	2	0	0	19	6	6	5	6	65.75	1		11.819270
5	53	2	0	0	0	12	6	5	6	65.75	1		11.819270
5	54	2	0	0	9	12	6	5	6	65.75	1		11.819270
3	26	1	0	9	0	0	9	6	6	384.83	0		26.873808
3	27	1	0	9	6	0	9	6	6	384.83	0		26.873808
3	28	1	0	8	6	6	9	6	6	384.83	0		26.873808
3	31	3	0	0	6	14	8	3	8	142.31	0		29.625025
3	32	3	0	0	6	22	8	3	8	142.31	0		29.625025
3	33	3	1	6	12	6	8	3	8	142.31	0		29.625025
3	34	3	0	6	9	12	8	3	8	142.31	0		29.625025
3	35	3	1	6	12	14	8	3	8	142.31	0		29.625025
3	29	2	0	0	14	12	6	5	6	65.75	1		11.819270
3	30	2	0	0	19	12	6	5	6	65.75	1		11.819270
9	88	1	0	9	12	0	9	6	6	384.83	0		26.873808
9	89	1	0	9	18	0	9	6	6	384.83	0		26.873808
9	90	1	0	9	0	6	9	6	6	384.83	0		26.873808
9	91	1	0	6	0	12	9	6	6	384.83	0		26.873808
9	92	1	0	6	0	18	9	6	6	384.83	0		26.873808
9	96	3	0	6	20	6	8	3	8	142.31	0		29.625025
9	97	3	0	6	20	14	8	3	8	142.31	0		29.625025
9	93	2	0	0	0	18	6	5	6	65.75	1		11.819270
9	94	2	0	0	0	24	6	5	6	65.75	1		11.819270
9	95	2	0	0	20	18	6	5	6	65.75	1		11.819270


-------------------------------------------------------------------------------------------------------------------
Tour_Id:			3
No_of_Customers:		4
No_of_Items:			37
Customer_Sequence:		17 12 19 18 

CustId	Id	TypeId	Rotated	x	y	z	Length	Width	Height	mass	Fragility	LoadBearingStrength
18	171	1	0	0	0	0	9	6	6	384.83	0		26.873808
18	172	1	0	0	6	0	9	6	6	384.83	0		26.873808
18	173	1	0	0	12	0	9	6	6	384.83	0		26.873808
18	177	3	0	0	18	0	8	3	8	142.31	0		29.625025
18	178	3	0	0	21	0	8	3	8	142.31	0		29.625025
18	179	3	0	0	0	6	8	3	8	142.31	0		29.625025
18	180	3	0	0	3	6	8	3	8	142.31	0		29.625025
18	181	3	0	0	6	6	8	3	8	142.31	0		29.625025
18	174	2	0	0	9	6	6	5	6	65.75	1		11.819270
18	175	2	0	0	18	8	6	5	6	65.75	1		11.819270
18	176	2	0	0	9	12	6	5	6	65.75	1		11.819270
19	182	1	0	0	0	14	9	6	6	384.83	0		26.873808
19	183	1	0	0	0	20	9	6	6	384.83	0		26.873808
19	184	1	0	8	18	0	9	6	6	384.83	0		26.873808
19	185	1	0	8	18	6	9	6	6	384.83	0		26.873808
19	189	3	0	0	14	6	8	3	8	142.31	0		29.625025
19	190	3	0	0	6	14	8	3	8	142.31	0		29.625025
19	191	3	0	0	14	14	8	3	8	142.31	0		29.625025
19	186	2	0	0	17	14	6	5	6	65.75	1		11.819270
19	187	2	0	0	9	18	6	5	6	65.75	1		11.819270
19	188	2	0	0	17	20	6	5	6	65.75	1		11.819270
12	123	3	0	0	6	22	8	3	8	142.31	0		29.625025
12	124	3	0	0	14	22	8	3	8	142.31	0		29.625025
12	125	3	0	9	0	0	8	3	8	142.31	0		29.625025
12	117	2	0	0	9	24	6	5	6	65.75	1		11.819270
12	118	2	0	8	18	12	6	5	6	65.75	1		11.819270
12	119	2	0	8	18	18	6	5	6	65.75	1		11.819270
12	120	2	0	8	18	24	6	5	6	65.75	1		11.819270
12	121	2	0	9	3	0	6	5	6	65.75	1		11.819270
12	122	2	0	9	8	0	6	5	6	65.75	1		11.819270
17	164	1	0	15	3	0	9	6	6	384.83	0		26.873808
17	167	3	0	9	13	0	8	3	8	142.31	0		29.625025
17	168	3	0	9	0	8	8	3	8	142.31	0		29.625025
17	169	3	0	8	13	8	8	3	8	142.31	0		29.625025
17	170	3	0	8	13	16	8	3	8	142.31	0		29.625025
17	165	2	0	8	6	6	6	5	6	65.75	1		11.819270
17	166	2	0	8	6	12	6	5	6	65.75	1		11.819270


-------------------------------------------------------------------------------------------------------------------
Tour_Id:			4
No_of_Customers:		4
No_of_Items:			35
Customer_Sequence:		15 16 11 4 

CustId	Id	TypeId	Rotated	x	y	z	Length	Width	Height	mass	Fragility	LoadBearingStrength
4	36	1	0	0	0	0	9	6	6	384.83	0		26.873808
4	37	1	0	0	6	0	9	6	6	384.83	0		26.873808
4	38	1	0	0	12	0	9	6	6	384.83	0		26.873808
4	39	1	0	0	18	0	9	6	6	384.83	0		26.873808
4	43	3	0	0	0	6	8	3	8	142.31	0		29.625025
4	44	3	0	0	3	6	8	3	8	142.31	0		29.625025
4	40	2	0	0	6	6	6	5	6	65.75	1		11.819270
4	41	2	0	0	11	6	6	5	6	65.75	1		11.819270
4	42	2	0	0	16	6	6	5	6	65.75	1		11.819270
11	108	1	0	0	0	14	9	6	6	384.83	0		26.873808
11	109	1	0	0	0	20	9	6	6	384.83	0		26.873808
11	110	1	0	9	0	0	9	6	6	384.83	0		26.873808
11	111	1	0	8	0	6	9	6	6	384.83	0		26.873808
11	115	3	0	0	21	6	8	3	8	142.31	0		29.625025
11	116	3	0	0	21	14	8	3	8	142.31	0		29.625025
11	112	2	0	0	6	12	6	5	6	65.75	1		11.819270
11	113	2	0	0	11	12	6	5	6	65.75	1		11.819270
11	114	2	0	0	16	12	6	5	6	65.75	1		11.819270
16	158	3	0	0	21	22	8	3	8	142.31	0		29.625025
16	159	3	1	6	6	6	8	3	8	142.31	0		29.625025
16	160	3	1	6	6	14	8	3	8	142.31	0		29.625025
16	161	3	1	6	6	22	8	3	8	142.31	0		29.625025
16	162	3	0	9	6	0	8	3	8	142.31	0		29.625025
16	163	3	0	9	9	0	8	3	8	142.31	0		29.625025
16	155	2	0	0	6	18	6	5	6	65.75	1		11.819270
16	156	2	0	0	11	18	6	5	6	65.75	1		11.819270
16	157	2	0	0	16	18	6	5	6	65.75	1		11.819270
15	153	3	0	9	12	0	8	3	8	142.31	0		29.625025
15	154	3	0	9	15	0	8	3	8	142.31	0		29.625025
15	147	2	0	0	14	24	6	5	6	65.75	1		11.819270
15	148	2	0	9	18	0	6	5	6	65.75	1		11.819270
15	149	2	0	8	18	6	6	5	6	65.75	1		11.819270
15	150	2	0	8	18	12	6	5	6	65.75	1		11.819270
15	151	2	0	8	18	18	6	5	6	65.75	1		11.819270
15	152	2	0	8	18	24	6	5	6	65.75	1		11.819270


-------------------------------------------------------------------------------------------------------------------
Tour_Id:			5
No_of_Customers:		3
No_of_Items:			35
Customer_Sequence:		10 2 13 

CustId	Id	TypeId	Rotated	x	y	z	Length	Width	Height	mass	Fragility	LoadBearingStrength
13	126	1	0	0	0	0	9	6	6	384.83	0		26.873808
13	127	1	0	0	6	0	9	6	6	384.83	0		26.873808
13	128	1	0	0	12	0	9	6	6	384.83	0		26.873808
13	129	1	0	0	18	0	9	6	6	384.83	0		26.873808
13	130	1	0	0	0	6	9	6	6	384.83	0		26.873808
13	135	3	0	0	6	6	8	3	8	142.31	0		29.625025
13	136	3	0	0	9	6	8	3	8	142.31	0		29.625025
13	137	3	0	0	12	6	8	3	8	142.31	0		29.625025
13	131	2	0	0	15	6	6	5	6	65.75	1		11.819270
13	132	2	0	0	20	6	6	5	6	65.75	1		11.819270
13	133	2	0	0	0	12	6	5	6	65.75	1		11.819270
13	134	2	0	0	15	12	6	5	6	65.75	1		11.819270
2	13	1	0	0	6	14	9	6	6	384.83	0		26.873808
2	14	1	0	0	6	20	9	6	6	384.83	0		26.873808
2	15	1	0	9	0	0	9	6	6	384.83	0		26.873808
2	16	1	0	9	6	0	9	6	6	384.83	0		26.873808
2	17	1	0	8	6	6	9	6	6	384.83	0		26.873808
2	18	1	0	9	12	0	9	6	6	384.83	0		26.873808
2	23	3	0	0	12	14	8	3	8	142.31	0		29.625025
2	24	3	0	0	12	22	8	3	8	142.31	0		29.625025
2	25	3	0	6	15	6	8	3	8	142.31	0		29.625025
2	19	2	0	0	20	12	6	5	6	65.75	1		11.819270
2	20	2	0	0	0	18	6	5	6	65.75	1		11.819270
2	21	2	0	0	15	18	6	5	6	65.75	1		11.819270
2	22	2	0	0	20	18	6	5	6	65.75	1		11.819270
10	98	1	0	9	18	0	9	6	6	384.83	0		26.873808
10	99	1	0	6	18	6	9	6	6	384.83	0		26.873808
10	104	3	0	6	18	12	8	3	8	142.31	0		29.625025
10	105	3	0	6	21	12	8	3	8	142.31	0		29.625025
10	106	3	0	6	15	14	8	3	8	142.31	0		29.625025
10	107	3	0	6	18	20	8	3	8	142.31	0		29.625025
10	100	2	0	0	0	24	6	5	6	65.75	1		11.819270
10	101	2	0	0	15	24	6	5	6	65.75	1		11.819270
10	102	2	0	0	20	24	6	5	6	65.75	1		11.819270
10	103	2	0	9	0	6	6	5	6	65.75	1		11.819270


-------------------------------------------------------------------------------------------------------------------
Tour_Id:			6
No_of_Customers:		1
No_of_Items:			0
Customer_Sequence:		14 

