Name:				006_n020_m200_bt10
Problem:			3L-VRPTW
Number_of_used_Vehicles:	4
Total_Travel_Distance:		452.36
Calculation_Time:		8.78
Total_Iterations:		8011
ConstraintSet:			P1

-------------------------------------------------------------------------------------------------------------------
Tour_Id:			1
No_of_Customers:		6
No_of_Items:			61
Customer_Sequence:		19 2 4 1 6 14 

CustId	Id	TypeId	Rotated	x	y	z	Length	Width	Height	mass	Fragility	LoadBearingStrength
14	144	8	0	0	0	0	11	6	7	71.77	0		1.922265
14	146	10	0	0	6	0	12	3	8	111.41	0		21.374749
14	147	10	0	0	9	0	12	3	8	111.41	0		21.374749
14	139	2	0	0	12	0	8	5	5	51.83	0		7.257565
14	143	6	0	0	17	0	15	2	4	42.97	0		25.234732
14	138	1	0	0	19	0	10	2	5	73.06	0		9.235474
14	140	4	0	0	12	5	6	5	3	48.54	0		34.772963
14	141	4	0	0	0	7	6	5	3	48.54	0		34.772963
14	142	4	0	0	5	8	6	5	3	48.54	0		34.772963
14	145	9	0	12	0	0	12	7	6	245.06	1		3.416736
6	57	8	0	10	19	0	11	6	7	71.77	0		1.922265
6	58	8	0	10	19	7	11	6	7	71.77	0		1.922265
6	59	8	0	10	19	14	11	6	7	71.77	0		1.922265
6	61	10	0	0	10	8	12	3	8	111.41	0		21.374749
6	55	3	0	0	10	16	16	3	5	73.68	0		26.352504
6	54	2	0	0	0	10	8	5	5	51.83	0		7.257565
6	60	9	0	12	7	0	12	7	6	245.06	1		3.416736
6	56	7	0	0	10	21	11	4	7	121.83	1		8.411719
1	8	8	0	10	19	21	11	6	7	71.77	0		1.922265
1	9	10	0	8	14	0	12	3	8	111.41	0		21.374749
1	10	10	0	0	14	8	12	3	8	111.41	0		21.374749
1	11	10	0	0	14	16	12	3	8	111.41	0		21.374749
1	2	3	0	0	14	24	16	3	5	73.68	0		26.352504
1	3	3	0	20	14	0	16	3	5	73.68	0		26.352504
1	4	3	0	20	14	5	16	3	5	73.68	0		26.352504
1	5	6	0	0	17	4	15	2	4	42.97	0		25.234732
1	6	6	0	0	17	8	15	2	4	42.97	0		25.234732
1	7	6	0	0	17	12	15	2	4	42.97	0		25.234732
1	1	1	0	0	0	15	10	2	5	73.06	0		9.235474
4	40	8	0	21	17	0	11	6	7	71.77	0		1.922265
4	41	8	0	21	17	7	11	6	7	71.77	0		1.922265
4	42	10	0	20	14	10	12	3	8	111.41	0		21.374749
4	43	10	0	20	14	18	12	3	8	111.41	0		21.374749
4	36	3	0	24	0	0	16	3	5	73.68	0		26.352504
4	38	6	0	0	17	16	15	2	4	42.97	0		25.234732
4	33	1	0	0	2	15	10	2	5	73.06	0		9.235474
4	34	1	0	0	0	20	10	2	5	73.06	0		9.235474
4	35	1	0	0	2	20	10	2	5	73.06	0		9.235474
4	37	4	0	0	5	11	6	5	3	48.54	0		34.772963
4	39	7	0	11	0	6	11	4	7	121.83	1		8.411719
2	18	8	0	21	17	14	11	6	7	71.77	0		1.922265
2	19	8	0	21	17	21	11	6	7	71.77	0		1.922265
2	15	5	0	24	3	0	10	7	5	165.98	0		12.518781
2	20	10	0	24	10	0	12	3	8	111.41	0		21.374749
2	21	10	0	24	0	5	12	3	8	111.41	0		21.374749
2	14	3	0	24	10	8	16	3	5	73.68	0		26.352504
2	13	2	0	0	5	14	8	5	5	51.83	0		7.257565
2	16	6	0	0	17	20	15	2	4	42.97	0		25.234732
2	12	1	0	0	5	19	10	2	5	73.06	0		9.235474
2	17	7	0	10	0	13	11	4	7	121.83	1		8.411719
19	190	8	0	24	3	5	11	6	7	71.77	0		1.922265
19	191	8	0	22	3	12	11	6	7	71.77	0		1.922265
19	193	10	0	21	3	19	12	3	8	111.41	0		21.374749
19	194	10	0	21	6	19	12	3	8	111.41	0		21.374749
19	184	2	0	0	0	25	8	5	5	51.83	0		7.257565
19	187	6	0	20	14	26	15	2	4	42.97	0		25.234732
19	188	6	0	21	23	0	15	2	4	42.97	0		25.234732
19	185	4	0	21	3	27	6	5	3	48.54	0		34.772963
19	186	4	0	27	3	27	6	5	3	48.54	0		34.772963
19	192	9	0	35	3	0	12	7	6	245.06	1		3.416736
19	189	7	0	10	0	20	11	4	7	121.83	1		8.411719


-------------------------------------------------------------------------------------------------------------------
Tour_Id:			2
No_of_Customers:		6
No_of_Items:			62
Customer_Sequence:		12 11 7 9 5 16 

CustId	Id	TypeId	Rotated	x	y	z	Length	Width	Height	mass	Fragility	LoadBearingStrength
16	159	3	0	0	0	0	16	3	5	73.68	0		26.352504
16	160	3	0	0	3	0	16	3	5	73.68	0		26.352504
16	161	3	0	0	6	0	16	3	5	73.68	0		26.352504
16	158	1	0	0	9	0	10	2	5	73.06	0		9.235474
16	164	9	0	0	11	0	12	7	6	245.06	1		3.416736
16	165	9	0	0	18	0	12	7	6	245.06	1		3.416736
16	162	7	0	0	0	5	11	4	7	121.83	1		8.411719
16	163	7	0	0	4	5	11	4	7	121.83	1		8.411719
5	50	8	0	12	9	0	11	6	7	71.77	0		1.922265
5	48	5	0	12	15	0	10	7	5	165.98	0		12.518781
5	53	10	0	0	8	5	12	3	8	111.41	0		21.374749
5	45	3	0	0	8	13	16	3	5	73.68	0		26.352504
5	46	3	0	0	8	18	16	3	5	73.68	0		26.352504
5	47	3	0	0	8	23	16	3	5	73.68	0		26.352504
5	44	2	1	11	0	5	8	5	5	51.83	0		7.257565
5	49	6	0	12	22	0	15	2	4	42.97	0		25.234732
5	51	9	0	0	11	6	12	7	6	245.06	1		3.416736
5	52	9	0	0	18	6	12	7	6	245.06	1		3.416736
9	92	8	0	12	15	5	11	6	7	71.77	0		1.922265
9	93	8	0	12	15	12	11	6	7	71.77	0		1.922265
9	87	5	0	12	15	19	10	7	5	165.98	0		12.518781
9	95	10	0	16	0	0	12	3	8	111.41	0		21.374749
9	86	3	0	16	3	0	16	3	5	73.68	0		26.352504
9	84	2	1	11	0	10	8	5	5	51.83	0		7.257565
9	85	2	1	11	0	15	8	5	5	51.83	0		7.257565
9	88	6	0	12	22	4	15	2	4	42.97	0		25.234732
9	89	6	0	12	22	8	15	2	4	42.97	0		25.234732
9	94	9	0	0	11	12	12	7	6	245.06	1		3.416736
9	90	7	0	0	0	12	11	4	7	121.83	1		8.411719
9	91	7	0	0	4	12	11	4	7	121.83	1		8.411719
7	70	8	0	23	6	0	11	6	7	71.77	0		1.922265
7	71	10	0	12	11	7	12	3	8	111.41	0		21.374749
7	72	10	0	12	11	15	12	3	8	111.41	0		21.374749
7	65	3	0	12	11	23	16	3	5	73.68	0		26.352504
7	63	2	1	11	0	20	8	5	5	51.83	0		7.257565
7	64	2	1	11	0	25	8	5	5	51.83	0		7.257565
7	67	6	0	12	22	12	15	2	4	42.97	0		25.234732
7	62	1	0	12	22	16	10	2	5	73.06	0		9.235474
7	66	4	0	12	15	24	6	5	3	48.54	0		34.772963
7	68	7	0	0	11	18	11	4	7	121.83	1		8.411719
7	69	7	0	16	0	8	11	4	7	121.83	1		8.411719
11	113	8	0	23	14	0	11	6	7	71.77	0		1.922265
11	114	8	0	23	14	7	11	6	7	71.77	0		1.922265
11	115	8	0	23	14	14	11	6	7	71.77	0		1.922265
11	110	5	0	22	14	21	10	7	5	165.98	0		12.518781
11	111	5	0	34	0	0	10	7	5	165.98	0		12.518781
11	108	3	0	16	8	7	16	3	5	73.68	0		26.352504
11	107	2	0	34	7	0	8	5	5	51.83	0		7.257565
11	109	4	0	12	15	27	6	5	3	48.54	0		34.772963
11	116	9	0	34	12	0	12	7	6	245.06	1		3.416736
11	112	7	0	16	0	15	11	4	7	121.83	1		8.411719
12	121	3	0	16	8	12	16	3	5	73.68	0		26.352504
12	122	3	0	16	8	17	16	3	5	73.68	0		26.352504
12	123	3	0	16	8	22	16	3	5	73.68	0		26.352504
12	124	3	0	27	21	0	16	3	5	73.68	0		26.352504
12	120	2	0	34	0	5	8	5	5	51.83	0		7.257565
12	125	6	0	16	4	5	15	2	4	42.97	0		25.234732
12	117	1	0	12	22	21	10	2	5	73.06	0		9.235474
12	118	1	0	16	4	9	10	2	5	73.06	0		9.235474
12	119	1	0	16	4	14	10	2	5	73.06	0		9.235474
12	127	9	0	34	12	6	12	7	6	245.06	1		3.416736
12	126	7	0	16	0	22	11	4	7	121.83	1		8.411719


-------------------------------------------------------------------------------------------------------------------
Tour_Id:			3
No_of_Customers:		7
No_of_Items:			67
Customer_Sequence:		20 10 17 8 13 18 3 

CustId	Id	TypeId	Rotated	x	y	z	Length	Width	Height	mass	Fragility	LoadBearingStrength
3	29	5	0	0	0	0	10	7	5	165.98	0		12.518781
3	32	10	0	0	7	0	12	3	8	111.41	0		21.374749
3	26	3	0	0	10	0	16	3	5	73.68	0		26.352504
3	24	2	0	0	13	0	8	5	5	51.83	0		7.257565
3	25	2	0	0	18	0	8	5	5	51.83	0		7.257565
3	30	6	0	0	23	0	15	2	4	42.97	0		25.234732
3	22	1	0	0	0	5	10	2	5	73.06	0		9.235474
3	23	1	0	0	23	4	10	2	5	73.06	0		9.235474
3	27	4	0	0	2	5	6	5	3	48.54	0		34.772963
3	28	4	0	0	10	5	6	5	3	48.54	0		34.772963
3	31	7	1	0	2	8	11	4	7	121.83	1		8.411719
18	182	8	0	8	13	0	11	6	7	71.77	0		1.922265
18	177	5	0	8	13	7	10	7	5	165.98	0		12.518781
18	178	5	0	8	13	12	10	7	5	165.98	0		12.518781
18	179	5	0	8	13	17	10	7	5	165.98	0		12.518781
18	183	10	1	4	2	8	12	3	8	111.41	0		21.374749
18	175	2	0	0	15	5	8	5	5	51.83	0		7.257565
18	176	2	0	0	14	10	8	5	5	51.83	0		7.257565
18	180	6	1	4	2	16	15	2	4	42.97	0		25.234732
18	174	1	0	0	20	5	10	2	5	73.06	0		9.235474
18	181	7	1	0	0	15	11	4	7	121.83	1		8.411719
13	133	8	0	8	13	22	11	6	7	71.77	0		1.922265
13	134	8	0	10	0	0	11	6	7	71.77	0		1.922265
13	137	10	0	7	2	7	12	3	8	111.41	0		21.374749
13	129	3	0	7	2	15	16	3	5	73.68	0		26.352504
13	131	6	0	4	2	20	15	2	4	42.97	0		25.234732
13	128	1	0	0	23	9	10	2	5	73.06	0		9.235474
13	130	4	0	16	6	0	6	5	3	48.54	0		34.772963
13	135	9	0	19	11	0	12	7	6	245.06	1		3.416736
13	136	9	0	19	18	0	12	7	6	245.06	1		3.416736
13	132	7	1	0	0	22	11	4	7	121.83	1		8.411719
8	82	8	0	23	0	0	11	6	7	71.77	0		1.922265
8	83	10	0	22	6	0	12	3	8	111.41	0		21.374749
8	78	6	0	4	2	24	15	2	4	42.97	0		25.234732
8	79	6	0	10	0	7	15	2	4	42.97	0		25.234732
8	80	6	0	10	0	11	15	2	4	42.97	0		25.234732
8	73	1	0	0	20	10	10	2	5	73.06	0		9.235474
8	74	1	0	0	23	14	10	2	5	73.06	0		9.235474
8	75	1	0	0	20	15	10	2	5	73.06	0		9.235474
8	76	4	0	16	6	3	6	5	3	48.54	0		34.772963
8	77	4	0	16	6	6	6	5	3	48.54	0		34.772963
8	81	7	0	19	11	6	11	4	7	121.83	1		8.411719
17	172	10	0	22	6	8	12	3	8	111.41	0		21.374749
17	173	10	0	22	6	16	12	3	8	111.41	0		21.374749
17	166	2	0	25	0	7	8	5	5	51.83	0		7.257565
17	168	6	0	10	0	15	15	2	4	42.97	0		25.234732
17	169	6	0	10	0	19	15	2	4	42.97	0		25.234732
17	170	6	0	10	0	23	15	2	4	42.97	0		25.234732
17	167	4	0	16	6	9	6	5	3	48.54	0		34.772963
17	171	9	0	19	15	6	12	7	6	245.06	1		3.416736
10	106	8	0	31	9	0	11	6	7	71.77	0		1.922265
10	102	5	0	31	15	0	10	7	5	165.98	0		12.518781
10	97	2	0	25	0	12	8	5	5	51.83	0		7.257565
10	98	2	0	25	0	17	8	5	5	51.83	0		7.257565
10	99	2	0	25	0	22	8	5	5	51.83	0		7.257565
10	100	2	0	31	15	5	8	5	5	51.83	0		7.257565
10	96	1	0	0	23	19	10	2	5	73.06	0		9.235474
10	101	4	0	25	0	27	6	5	3	48.54	0		34.772963
10	103	7	0	19	15	12	11	4	7	121.83	1		8.411719
10	104	7	0	19	19	12	11	4	7	121.83	1		8.411719
10	105	7	0	19	11	13	11	4	7	121.83	1		8.411719
20	199	8	0	30	9	7	11	6	7	71.77	0		1.922265
20	200	10	0	30	9	14	12	3	8	111.41	0		21.374749
20	196	3	0	22	6	24	16	3	5	73.68	0		26.352504
20	195	2	0	31	15	10	8	5	5	51.83	0		7.257565
20	197	6	0	30	9	22	15	2	4	42.97	0		25.234732
20	198	7	0	19	15	19	11	4	7	121.83	1		8.411719


-------------------------------------------------------------------------------------------------------------------
Tour_Id:			4
No_of_Customers:		1
No_of_Items:			0
Customer_Sequence:		15 

