Name:				007_n020_m200_bt10
Problem:			3L-VRPTW
Number_of_used_Vehicles:	5
Total_Travel_Distance:		528.51
Calculation_Time:		1.93
Total_Iterations:		8050
ConstraintSet:			P1

-------------------------------------------------------------------------------------------------------------------
Tour_Id:			1
No_of_Customers:		4
No_of_Items:			33
Customer_Sequence:		18 17 15 11 

CustId	Id	TypeId	Rotated	x	y	z	Length	Width	Height	mass	Fragility	LoadBearingStrength
11	104	7	0	0	0	0	16	6	8	104.26	0		5.795266
11	105	7	0	0	6	0	16	6	8	104.26	0		5.795266
11	103	6	0	0	12	0	16	5	8	83.88	0		1.994467
11	102	4	0	0	17	0	12	6	8	248.82	0		44.782376
11	106	8	0	0	0	8	14	5	8	193.52	0		9.067769
11	108	10	0	0	5	8	17	5	5	56.96	0		5.406398
11	107	9	0	0	23	0	8	2	7	44.60	0		13.818678
11	100	1	0	0	10	8	10	3	4	62.06	1		6.858617
11	101	3	0	0	23	7	7	2	4	12.33	1		2.145841
15	145	4	0	0	13	8	12	6	8	248.82	0		44.782376
15	146	4	0	0	5	13	12	6	8	248.82	0		44.782376
15	147	8	0	0	0	16	14	5	8	193.52	0		9.067769
15	148	9	0	0	19	8	8	2	7	44.60	0		13.818678
15	149	9	0	0	21	8	8	2	7	44.60	0		13.818678
15	150	9	0	0	19	15	8	2	7	44.60	0		13.818678
17	165	4	0	0	13	16	12	6	8	248.82	0		44.782376
17	166	4	0	0	5	21	12	6	8	248.82	0		44.782376
17	168	8	0	12	17	0	14	5	8	193.52	0		9.067769
17	170	10	0	0	0	24	17	5	5	56.96	0		5.406398
17	167	5	0	0	13	24	10	3	5	63.83	0		18.846743
17	159	2	0	0	16	24	6	4	5	84.15	0		26.858839
17	160	2	0	6	16	24	6	4	5	84.15	0		26.858839
17	169	9	0	0	21	15	8	2	7	44.60	0		13.818678
17	161	3	0	0	23	11	7	2	4	12.33	1		2.145841
17	162	3	0	0	11	12	7	2	4	12.33	1		2.145841
17	163	3	0	0	23	15	7	2	4	12.33	1		2.145841
17	164	3	0	0	11	16	7	2	4	12.33	1		2.145841
18	175	7	0	17	0	0	16	6	8	104.26	0		5.795266
18	176	7	0	17	6	0	16	6	8	104.26	0		5.795266
18	174	6	0	12	17	8	16	5	8	83.88	0		1.994467
18	172	4	0	12	17	16	12	6	8	248.82	0		44.782376
18	173	5	0	0	20	22	10	3	5	63.83	0		18.846743
18	171	1	0	12	22	0	10	3	4	62.06	1		6.858617


-------------------------------------------------------------------------------------------------------------------
Tour_Id:			2
No_of_Customers:		2
No_of_Items:			22
Customer_Sequence:		6 1 

CustId	Id	TypeId	Rotated	x	y	z	Length	Width	Height	mass	Fragility	LoadBearingStrength
1	8	6	0	0	0	0	16	5	8	83.88	0		1.994467
1	5	4	0	0	5	0	12	6	8	248.82	0		44.782376
1	6	4	0	0	11	0	12	6	8	248.82	0		44.782376
1	7	5	0	0	17	0	10	3	5	63.83	0		18.846743
1	1	2	0	0	20	0	6	4	5	84.15	0		26.858839
1	2	2	0	0	17	5	6	4	5	84.15	0		26.858839
1	3	2	0	0	21	5	6	4	5	84.15	0		26.858839
1	9	9	0	0	0	8	8	2	7	44.60	0		13.818678
1	4	3	0	0	2	8	7	2	4	12.33	1		2.145841
6	51	7	0	0	4	8	16	6	8	104.26	0		5.795266
6	52	7	0	0	10	8	16	6	8	104.26	0		5.795266
6	53	7	0	0	4	16	16	6	8	104.26	0		5.795266
6	50	6	0	0	10	16	16	5	8	83.88	0		1.994467
6	54	8	0	6	20	0	14	5	8	193.52	0		9.067769
6	55	8	0	6	20	8	14	5	8	193.52	0		9.067769
6	57	10	0	0	4	24	17	5	5	56.96	0		5.406398
6	58	10	0	0	9	24	17	5	5	56.96	0		5.406398
6	49	5	0	6	20	16	10	3	5	63.83	0		18.846743
6	48	2	0	0	16	10	6	4	5	84.15	0		26.858839
6	56	9	0	0	0	15	8	2	7	44.60	0		13.818678
6	46	1	0	6	20	21	10	3	4	62.06	1		6.858617
6	47	1	0	6	20	25	10	3	4	62.06	1		6.858617


-------------------------------------------------------------------------------------------------------------------
Tour_Id:			3
No_of_Customers:		5
No_of_Items:			46
Customer_Sequence:		8 2 5 4 3 

CustId	Id	TypeId	Rotated	x	y	z	Length	Width	Height	mass	Fragility	LoadBearingStrength
3	26	7	0	0	0	0	16	6	8	104.26	0		5.795266
3	25	6	0	0	6	0	16	5	8	83.88	0		1.994467
3	23	4	0	0	11	0	12	6	8	248.82	0		44.782376
3	24	4	0	0	17	0	12	6	8	248.82	0		44.782376
3	27	8	0	0	0	8	14	5	8	193.52	0		9.067769
3	21	2	0	0	5	8	6	4	5	84.15	0		26.858839
3	20	1	0	0	9	8	10	3	4	62.06	1		6.858617
3	22	3	0	0	23	0	7	2	4	12.33	1		2.145841
4	31	7	0	0	12	8	16	6	8	104.26	0		5.795266
4	32	7	0	0	12	16	16	6	8	104.26	0		5.795266
4	30	6	0	0	18	8	16	5	8	83.88	0		1.994467
4	29	4	0	0	0	16	12	6	8	248.82	0		44.782376
4	34	10	0	0	18	16	17	5	5	56.96	0		5.406398
4	35	10	0	0	18	21	17	5	5	56.96	0		5.406398
4	33	9	0	0	6	13	8	2	7	44.60	0		13.818678
4	28	1	0	0	9	12	10	3	4	62.06	1		6.858617
5	42	7	0	16	0	0	16	6	8	104.26	0		5.795266
5	40	6	0	14	0	8	16	5	8	83.88	0		1.994467
5	41	6	0	12	0	16	16	5	8	83.88	0		1.994467
5	43	8	0	16	6	0	14	5	8	193.52	0		9.067769
5	44	8	0	12	5	8	14	5	8	193.52	0		9.067769
5	45	10	0	0	0	24	17	5	5	56.96	0		5.406398
5	38	2	0	0	12	24	6	4	5	84.15	0		26.858839
5	36	1	0	0	9	16	10	3	4	62.06	1		6.858617
5	37	1	0	0	9	20	10	3	4	62.06	1		6.858617
5	39	3	0	0	23	4	7	2	4	12.33	1		2.145841
2	16	7	0	16	11	0	16	6	8	104.26	0		5.795266
2	15	6	0	12	5	16	16	5	8	83.88	0		1.994467
2	11	4	0	16	10	8	12	6	8	248.82	0		44.782376
2	12	4	0	16	10	16	12	6	8	248.82	0		44.782376
2	13	4	0	17	17	0	12	6	8	248.82	0		44.782376
2	17	8	0	17	16	8	14	5	8	193.52	0		9.067769
2	18	8	0	17	16	16	14	5	8	193.52	0		9.067769
2	19	10	0	6	12	24	17	5	5	56.96	0		5.406398
2	14	5	0	12	5	24	10	3	5	63.83	0		18.846743
2	10	3	0	0	23	8	7	2	4	12.33	1		2.145841
8	75	6	0	30	6	0	16	5	8	83.88	0		1.994467
8	76	6	0	28	5	8	16	5	8	83.88	0		1.994467
8	72	4	0	28	5	16	12	6	8	248.82	0		44.782376
8	77	8	0	32	0	0	14	5	8	193.52	0		9.067769
8	78	8	0	30	0	8	14	5	8	193.52	0		9.067769
8	73	5	0	12	8	24	10	3	5	63.83	0		18.846743
8	74	5	0	17	0	24	10	3	5	63.83	0		18.846743
8	70	2	0	22	3	24	6	4	5	84.15	0		26.858839
8	69	1	0	0	9	24	10	3	4	62.06	1		6.858617
8	71	3	0	0	23	12	7	2	4	12.33	1		2.145841


-------------------------------------------------------------------------------------------------------------------
Tour_Id:			4
No_of_Customers:		5
No_of_Items:			47
Customer_Sequence:		13 9 19 12 16 

CustId	Id	TypeId	Rotated	x	y	z	Length	Width	Height	mass	Fragility	LoadBearingStrength
16	156	6	0	0	0	0	16	5	8	83.88	0		1.994467
16	154	4	0	0	5	0	12	6	8	248.82	0		44.782376
16	157	8	0	0	11	0	14	5	8	193.52	0		9.067769
16	158	8	0	0	16	0	14	5	8	193.52	0		9.067769
16	155	5	0	0	21	0	10	3	5	63.83	0		18.846743
16	153	2	0	0	0	8	6	4	5	84.15	0		26.858839
16	151	1	0	0	21	5	10	3	4	62.06	1		6.858617
16	152	1	0	0	4	8	10	3	4	62.06	1		6.858617
12	113	7	0	0	7	8	16	6	8	104.26	0		5.795266
12	114	7	0	0	13	8	16	6	8	104.26	0		5.795266
12	115	7	0	0	7	16	16	6	8	104.26	0		5.795266
12	112	6	0	0	13	16	16	5	8	83.88	0		1.994467
12	116	8	0	12	5	0	14	5	8	193.52	0		9.067769
12	117	8	0	14	10	0	14	5	8	193.52	0		9.067769
12	120	10	0	0	7	24	17	5	5	56.96	0		5.406398
12	121	10	0	0	12	24	17	5	5	56.96	0		5.406398
12	109	2	0	0	0	13	6	4	5	84.15	0		26.858839
12	118	9	0	0	19	8	8	2	7	44.60	0		13.818678
12	119	9	0	0	19	15	8	2	7	44.60	0		13.818678
12	110	3	0	0	21	9	7	2	4	12.33	1		2.145841
12	111	3	0	0	4	12	7	2	4	12.33	1		2.145841
19	183	10	0	16	0	0	17	5	5	56.96	0		5.406398
19	184	10	0	16	0	5	17	5	5	56.96	0		5.406398
19	185	10	0	16	0	10	17	5	5	56.96	0		5.406398
19	181	5	0	6	0	8	10	3	5	63.83	0		18.846743
19	182	5	0	6	0	13	10	3	5	63.83	0		18.846743
19	179	2	0	0	0	18	6	4	5	84.15	0		26.858839
19	177	1	0	6	0	18	10	3	4	62.06	1		6.858617
19	178	1	0	6	0	22	10	3	4	62.06	1		6.858617
19	180	3	0	0	21	13	7	2	4	12.33	1		2.145841
9	85	7	0	16	0	15	16	6	8	104.26	0		5.795266
9	84	6	0	26	5	0	16	5	8	83.88	0		1.994467
9	81	4	0	28	10	0	12	6	8	248.82	0		44.782376
9	86	8	0	17	16	0	14	5	8	193.52	0		9.067769
9	82	5	0	10	21	0	10	3	5	63.83	0		18.846743
9	83	5	0	10	21	5	10	3	5	63.83	0		18.846743
9	87	9	0	0	19	22	8	2	7	44.60	0		13.818678
9	79	1	0	6	0	26	10	3	4	62.06	1		6.858617
9	80	3	0	0	4	16	7	2	4	12.33	1		2.145841
13	124	8	0	17	6	8	14	5	8	193.52	0		9.067769
13	125	8	0	17	11	8	14	5	8	193.52	0		9.067769
13	127	10	0	16	0	23	17	5	5	56.96	0		5.406398
13	128	10	0	17	16	8	17	5	5	56.96	0		5.406398
13	129	10	0	17	16	13	17	5	5	56.96	0		5.406398
13	123	5	0	10	21	10	10	3	5	63.83	0		18.846743
13	126	9	0	8	19	8	8	2	7	44.60	0		13.818678
13	122	3	0	0	21	17	7	2	4	12.33	1		2.145841


-------------------------------------------------------------------------------------------------------------------
Tour_Id:			5
No_of_Customers:		4
No_of_Items:			52
Customer_Sequence:		20 14 7 10 

CustId	Id	TypeId	Rotated	x	y	z	Length	Width	Height	mass	Fragility	LoadBearingStrength
10	91	7	0	0	0	0	16	6	8	104.26	0		5.795266
10	92	7	0	0	6	0	16	6	8	104.26	0		5.795266
10	93	7	0	0	12	0	16	6	8	104.26	0		5.795266
10	90	6	0	0	18	0	16	5	8	83.88	0		1.994467
10	94	8	0	0	0	8	14	5	8	193.52	0		9.067769
10	99	10	0	0	5	8	17	5	5	56.96	0		5.406398
10	88	2	0	0	10	8	6	4	5	84.15	0		26.858839
10	95	9	0	0	23	0	8	2	7	44.60	0		13.818678
10	96	9	0	0	23	7	8	2	7	44.60	0		13.818678
10	97	9	0	0	14	8	8	2	7	44.60	0		13.818678
10	98	9	0	0	16	8	8	2	7	44.60	0		13.818678
10	89	3	0	0	18	8	7	2	4	12.33	1		2.145841
7	66	7	0	0	5	13	16	6	8	104.26	0		5.795266
7	65	6	0	0	0	16	16	5	8	83.88	0		1.994467
7	62	4	0	0	5	21	12	6	8	248.82	0		44.782376
7	63	4	0	16	10	0	12	6	8	248.82	0		44.782376
7	64	4	0	8	11	8	12	6	8	248.82	0		44.782376
7	67	8	0	8	11	16	14	5	8	193.52	0		9.067769
7	68	8	0	16	0	0	14	5	8	193.52	0		9.067769
7	60	2	0	0	14	15	6	4	5	84.15	0		26.858839
7	59	1	0	0	20	8	10	3	4	62.06	1		6.858617
7	61	3	0	0	18	12	7	2	4	12.33	1		2.145841
14	137	7	0	16	17	0	16	6	8	104.26	0		5.795266
14	135	6	0	10	17	8	16	5	8	83.88	0		1.994467
14	136	6	0	7	16	16	16	5	8	83.88	0		1.994467
14	133	4	0	17	0	8	12	6	8	248.82	0		44.782376
14	138	8	0	16	0	16	14	5	8	193.52	0		9.067769
14	139	8	0	17	5	0	14	5	8	193.52	0		9.067769
14	140	8	0	17	6	8	14	5	8	193.52	0		9.067769
14	141	8	0	16	5	16	14	5	8	193.52	0		9.067769
14	143	10	0	0	0	24	17	5	5	56.96	0		5.406398
14	144	10	0	7	16	24	17	5	5	56.96	0		5.406398
14	134	5	0	8	11	24	10	3	5	63.83	0		18.846743
14	142	9	0	0	23	14	8	2	7	44.60	0		13.818678
14	130	1	0	16	5	24	10	3	4	62.06	1		6.858617
14	131	3	0	0	20	12	7	2	4	12.33	1		2.145841
14	132	3	0	0	18	16	7	2	4	12.33	1		2.145841
20	194	7	0	31	0	0	16	6	8	104.26	0		5.795266
20	195	7	0	30	0	8	16	6	8	104.26	0		5.795266
20	196	7	0	30	0	16	16	6	8	104.26	0		5.795266
20	192	4	0	31	6	0	12	6	8	248.82	0		44.782376
20	197	8	0	28	12	0	14	5	8	193.52	0		9.067769
20	198	8	0	22	11	8	14	5	8	193.52	0		9.067769
20	199	8	0	22	10	16	14	5	8	193.52	0		9.067769
20	193	5	0	16	8	24	10	3	5	63.83	0		18.846743
20	187	2	0	17	0	24	6	4	5	84.15	0		26.858839
20	188	2	0	18	11	24	6	4	5	84.15	0		26.858839
20	189	2	0	23	0	24	6	4	5	84.15	0		26.858839
20	200	9	0	0	23	21	8	2	7	44.60	0		13.818678
20	186	1	0	24	11	24	10	3	4	62.06	1		6.858617
20	190	3	0	8	23	0	7	2	4	12.33	1		2.145841
20	191	3	0	8	23	4	7	2	4	12.33	1		2.145841


