Name:				008_n020_m200_bt10
Problem:			3L-VRPTW
Number_of_used_Vehicles:	4
Total_Travel_Distance:		439.89
Calculation_Time:		7.38
Total_Iterations:		8033
ConstraintSet:			P1

-------------------------------------------------------------------------------------------------------------------
Tour_Id:			1
No_of_Customers:		7
No_of_Items:			65
Customer_Sequence:		9 8 11 4 1 13 5 

CustId	Id	TypeId	Rotated	x	y	z	Length	Width	Height	mass	Fragility	LoadBearingStrength
5	40	2	0	0	0	0	17	3	8	48.09	0		4.651403
5	41	3	0	0	3	0	6	5	8	55.09	0		10.928803
5	42	3	0	0	8	0	6	5	8	55.09	0		10.928803
5	43	3	0	0	13	0	6	5	8	55.09	0		10.928803
5	44	5	0	0	18	0	12	3	4	68.63	0		29.568598
5	45	10	0	0	21	0	9	4	3	72.73	0		30.221439
5	46	10	0	0	18	4	9	4	3	72.73	0		30.221439
5	39	1	0	0	0	8	12	5	4	36.30	1		0.969557
13	118	3	0	0	18	7	6	5	8	55.09	0		10.928803
13	127	9	0	6	5	0	14	3	4	112.24	0		17.564025
13	119	4	1	0	5	8	12	4	3	41.03	0		7.757519
13	120	5	1	0	5	11	12	3	4	68.63	0		29.568598
13	121	5	1	0	5	15	12	3	4	68.63	0		29.568598
13	122	5	1	0	5	19	12	3	4	68.63	0		29.568598
13	123	5	1	0	5	23	12	3	4	68.63	0		29.568598
13	124	8	0	0	18	15	8	4	3	68.22	0		14.293865
13	125	8	0	0	17	18	8	4	3	68.22	0		14.293865
13	126	8	0	0	17	21	8	4	3	68.22	0		14.293865
1	2	2	0	6	8	0	17	3	8	48.09	0		4.651403
1	7	9	0	6	11	0	14	3	4	112.24	0		17.564025
1	8	9	0	6	14	0	14	3	4	112.24	0		17.564025
1	9	9	0	6	5	4	14	3	4	112.24	0		17.564025
1	3	4	1	0	5	27	12	4	3	41.03	0		7.757519
1	10	10	0	0	17	24	9	4	3	72.73	0		30.221439
1	5	8	0	0	17	27	8	4	3	68.22	0		14.293865
1	6	8	0	4	5	8	8	4	3	68.22	0		14.293865
1	1	1	0	0	0	12	12	5	4	36.30	1		0.969557
1	4	7	0	0	0	16	9	3	8	103.09	1		9.040069
4	31	2	0	6	11	4	17	3	8	48.09	0		4.651403
4	32	2	0	6	14	4	17	3	8	48.09	0		4.651403
4	33	2	0	4	11	12	17	3	8	48.09	0		4.651403
4	36	6	0	4	14	12	17	3	4	40.12	0		3.076361
4	38	9	0	4	14	16	14	3	4	112.24	0		17.564025
4	34	4	0	4	11	20	12	4	3	41.03	0		7.757519
4	35	5	0	4	11	23	12	3	4	68.63	0		29.568598
4	37	7	0	4	5	11	9	3	8	103.09	1		9.040069
11	102	3	0	12	17	0	6	5	8	55.09	0		10.928803
11	104	6	0	9	22	0	17	3	4	40.12	0		3.076361
11	103	5	0	6	22	4	12	3	4	68.63	0		29.568598
11	101	1	0	17	0	0	12	5	4	36.30	1		0.969557
11	105	7	0	4	5	19	9	3	8	103.09	1		9.040069
11	106	7	0	6	22	8	9	3	8	103.09	1		9.040069
11	107	7	0	6	22	16	9	3	8	103.09	1		9.040069
8	70	2	0	18	17	0	17	3	8	48.09	0		4.651403
8	71	3	0	12	17	8	6	5	8	55.09	0		10.928803
8	74	6	0	18	17	8	17	3	4	40.12	0		3.076361
8	72	4	0	4	11	27	12	4	3	41.03	0		7.757519
8	73	5	0	18	17	12	12	3	4	68.63	0		29.568598
8	78	10	0	12	17	16	9	4	3	72.73	0		30.221439
8	77	8	0	12	17	19	8	4	3	68.22	0		14.293865
8	68	1	0	17	0	4	12	5	4	36.30	1		0.969557
8	69	1	0	12	0	8	12	5	4	36.30	1		0.969557
8	75	7	0	12	0	12	9	3	8	103.09	1		9.040069
8	76	7	0	12	0	20	9	3	8	103.09	1		9.040069
9	80	2	0	20	5	0	17	3	8	48.09	0		4.651403
9	86	6	0	13	5	8	17	3	4	40.12	0		3.076361
9	81	4	0	13	5	12	12	4	3	41.03	0		7.757519
9	82	4	0	13	5	15	12	4	3	41.03	0		7.757519
9	83	4	0	13	5	18	12	4	3	41.03	0		7.757519
9	84	4	0	13	5	21	12	4	3	41.03	0		7.757519
9	85	5	0	12	8	8	12	3	4	68.63	0		29.568598
9	89	10	0	12	17	22	9	4	3	72.73	0		30.221439
9	88	8	0	12	17	25	8	4	3	68.22	0		14.293865
9	79	1	0	13	5	24	12	5	4	36.30	1		0.969557
9	87	7	0	18	22	4	9	3	8	103.09	1		9.040069


-------------------------------------------------------------------------------------------------------------------
Tour_Id:			2
No_of_Customers:		5
No_of_Items:			54
Customer_Sequence:		19 7 10 16 12 

CustId	Id	TypeId	Rotated	x	y	z	Length	Width	Height	mass	Fragility	LoadBearingStrength
12	111	3	0	0	0	0	6	5	8	55.09	0		10.928803
12	113	6	0	0	5	0	17	3	4	40.12	0		3.076361
12	112	4	0	0	8	0	12	4	3	41.03	0		7.757519
12	114	8	0	0	12	0	8	4	3	68.22	0		14.293865
12	115	8	0	0	16	0	8	4	3	68.22	0		14.293865
12	116	8	0	0	20	0	8	4	3	68.22	0		14.293865
12	117	8	0	0	8	3	8	4	3	68.22	0		14.293865
12	108	1	1	0	12	3	12	5	4	36.30	1		0.969557
12	109	1	1	0	12	7	12	5	4	36.30	1		0.969557
12	110	1	1	0	12	11	12	5	4	36.30	1		0.969557
16	151	2	0	0	5	4	17	3	8	48.09	0		4.651403
16	152	3	0	0	0	8	6	5	8	55.09	0		10.928803
16	156	6	0	0	5	12	17	3	4	40.12	0		3.076361
16	162	9	0	0	5	16	14	3	4	112.24	0		17.564025
16	153	4	0	0	5	20	12	4	3	41.03	0		7.757519
16	154	4	0	0	5	23	12	4	3	41.03	0		7.757519
16	155	5	0	0	5	26	12	3	4	68.63	0		29.568598
16	158	8	0	0	8	6	8	4	3	68.22	0		14.293865
16	159	8	0	0	8	9	8	4	3	68.22	0		14.293865
16	160	8	0	0	8	12	8	4	3	68.22	0		14.293865
16	161	8	0	0	8	15	8	4	3	68.22	0		14.293865
16	157	7	1	0	12	15	9	3	8	103.09	1		9.040069
10	94	6	0	6	0	0	17	3	4	40.12	0		3.076361
10	98	9	0	6	0	4	14	3	4	112.24	0		17.564025
10	99	9	0	6	0	8	14	3	4	112.24	0		17.564025
10	91	4	1	5	12	3	12	4	3	41.03	0		7.757519
10	92	5	1	5	12	6	12	3	4	68.63	0		29.568598
10	93	5	1	5	12	10	12	3	4	68.63	0		29.568598
10	100	10	1	5	12	14	9	4	3	72.73	0		30.221439
10	96	8	0	0	0	16	8	4	3	68.22	0		14.293865
10	97	8	0	0	0	19	8	4	3	68.22	0		14.293865
10	90	1	0	9	12	0	12	5	4	36.30	1		0.969557
10	95	7	0	0	9	18	9	3	8	103.09	1		9.040069
7	59	2	0	9	17	0	17	3	8	48.09	0		4.651403
7	65	6	0	9	20	0	17	3	4	40.12	0		3.076361
7	60	4	1	5	12	17	12	4	3	41.03	0		7.757519
7	61	4	1	5	12	20	12	4	3	41.03	0		7.757519
7	62	4	1	5	12	23	12	4	3	41.03	0		7.757519
7	63	4	1	5	12	26	12	4	3	41.03	0		7.757519
7	64	4	0	8	0	12	12	4	3	41.03	0		7.757519
7	66	8	0	0	0	22	8	4	3	68.22	0		14.293865
7	67	8	0	0	0	25	8	4	3	68.22	0		14.293865
19	183	2	0	9	20	4	17	3	8	48.09	0		4.651403
19	186	6	0	9	17	8	17	3	4	40.12	0		3.076361
19	187	6	0	9	17	12	17	3	4	40.12	0		3.076361
19	188	6	0	9	20	12	17	3	4	40.12	0		3.076361
19	191	9	0	8	0	15	14	3	4	112.24	0		17.564025
19	184	4	0	8	0	19	12	4	3	41.03	0		7.757519
19	185	5	0	8	0	22	12	3	4	68.63	0		29.568598
19	189	8	0	8	0	26	8	4	3	68.22	0		14.293865
19	190	8	0	9	17	16	8	4	3	68.22	0		14.293865
19	180	1	0	9	12	4	12	5	4	36.30	1		0.969557
19	181	1	0	9	12	8	12	5	4	36.30	1		0.969557
19	182	1	0	9	12	12	12	5	4	36.30	1		0.969557


-------------------------------------------------------------------------------------------------------------------
Tour_Id:			3
No_of_Customers:		5
No_of_Items:			52
Customer_Sequence:		3 15 20 14 2 

CustId	Id	TypeId	Rotated	x	y	z	Length	Width	Height	mass	Fragility	LoadBearingStrength
2	13	3	0	0	0	0	6	5	8	55.09	0		10.928803
2	14	3	0	0	5	0	6	5	8	55.09	0		10.928803
2	17	9	0	0	10	0	14	3	4	112.24	0		17.564025
2	18	9	0	0	13	0	14	3	4	112.24	0		17.564025
2	19	10	0	0	16	0	9	4	3	72.73	0		30.221439
2	20	10	0	0	20	0	9	4	3	72.73	0		30.221439
2	15	8	0	0	16	3	8	4	3	68.22	0		14.293865
2	16	8	0	0	20	3	8	4	3	68.22	0		14.293865
2	11	1	0	0	10	4	12	5	4	36.30	1		0.969557
2	12	1	1	0	0	8	12	5	4	36.30	1		0.969557
14	128	2	0	6	0	0	17	3	8	48.09	0		4.651403
14	129	2	0	5	0	8	17	3	8	48.09	0		4.651403
14	130	2	0	5	0	16	17	3	8	48.09	0		4.651403
14	131	3	0	0	15	6	6	5	8	55.09	0		10.928803
14	132	3	0	0	20	6	6	5	8	55.09	0		10.928803
14	135	6	0	5	0	24	17	3	4	40.12	0		3.076361
14	137	9	0	6	3	0	14	3	4	112.24	0		17.564025
14	138	9	0	6	6	0	14	3	4	112.24	0		17.564025
14	133	4	0	6	3	4	12	4	3	41.03	0		7.757519
14	134	5	0	6	3	7	12	3	4	68.63	0		29.568598
14	139	10	1	0	15	14	9	4	3	72.73	0		30.221439
14	140	10	1	0	15	17	9	4	3	72.73	0		30.221439
14	141	10	1	0	15	20	9	4	3	72.73	0		30.221439
14	136	7	0	0	12	8	9	3	8	103.09	1		9.040069
20	192	3	0	9	16	0	6	5	8	55.09	0		10.928803
20	193	3	0	9	16	8	6	5	8	55.09	0		10.928803
20	194	3	0	9	16	16	6	5	8	55.09	0		10.928803
20	195	6	0	9	21	0	17	3	4	40.12	0		3.076361
20	200	9	0	5	3	11	14	3	4	112.24	0		17.564025
20	196	7	0	0	12	16	9	3	8	103.09	1		9.040069
20	197	7	0	5	3	15	9	3	8	103.09	1		9.040069
20	198	7	0	8	21	4	9	3	8	103.09	1		9.040069
20	199	7	0	6	21	12	9	3	8	103.09	1		9.040069
15	144	6	0	14	9	0	17	3	4	40.12	0		3.076361
15	145	6	0	14	12	0	17	3	4	40.12	0		3.076361
15	143	4	0	12	7	4	12	4	3	41.03	0		7.757519
15	149	10	0	12	11	4	9	4	3	72.73	0		30.221439
15	150	10	0	12	6	7	9	4	3	72.73	0		30.221439
15	147	8	0	9	16	24	8	4	3	68.22	0		14.293865
15	148	8	0	9	16	27	8	4	3	68.22	0		14.293865
15	142	1	0	12	10	7	12	5	4	36.30	1		0.969557
15	146	7	0	4	21	20	9	3	8	103.09	1		9.040069
3	23	2	0	17	15	0	17	3	8	48.09	0		4.651403
3	24	2	0	17	18	0	17	3	8	48.09	0		4.651403
3	25	3	0	17	15	8	6	5	8	55.09	0		10.928803
3	28	6	0	20	3	0	17	3	4	40.12	0		3.076361
3	26	4	0	12	6	10	12	4	3	41.03	0		7.757519
3	27	5	0	12	6	13	12	3	4	68.63	0		29.568598
3	21	1	0	9	10	11	12	5	4	36.30	1		0.969557
3	22	1	0	9	9	15	12	5	4	36.30	1		0.969557
3	29	7	0	9	9	19	9	3	8	103.09	1		9.040069
3	30	7	0	12	6	17	9	3	8	103.09	1		9.040069


-------------------------------------------------------------------------------------------------------------------
Tour_Id:			4
No_of_Customers:		3
No_of_Items:			29
Customer_Sequence:		18 6 17 

CustId	Id	TypeId	Rotated	x	y	z	Length	Width	Height	mass	Fragility	LoadBearingStrength
17	166	3	0	0	0	0	6	5	8	55.09	0		10.928803
17	168	6	0	0	5	0	17	3	4	40.12	0		3.076361
17	172	9	0	0	8	0	14	3	4	112.24	0		17.564025
17	167	4	0	0	11	0	12	4	3	41.03	0		7.757519
17	170	8	0	0	15	0	8	4	3	68.22	0		14.293865
17	171	8	0	0	19	0	8	4	3	68.22	0		14.293865
17	163	1	0	0	11	3	12	5	4	36.30	1		0.969557
17	164	1	0	0	5	4	12	5	4	36.30	1		0.969557
17	165	1	0	0	10	7	12	5	4	36.30	1		0.969557
17	169	7	0	0	16	3	9	3	8	103.09	1		9.040069
6	48	2	0	6	0	0	17	3	8	48.09	0		4.651403
6	49	3	0	0	19	3	6	5	8	55.09	0		10.928803
6	57	9	0	0	0	8	14	3	4	112.24	0		17.564025
6	50	5	0	0	0	12	12	3	4	68.63	0		29.568598
6	51	5	0	0	0	16	12	3	4	68.63	0		29.568598
6	58	10	0	0	0	20	9	4	3	72.73	0		30.221439
6	56	8	0	0	19	11	8	4	3	68.22	0		14.293865
6	47	1	0	0	3	8	12	5	4	36.30	1		0.969557
6	52	7	0	0	10	11	9	3	8	103.09	1		9.040069
6	53	7	0	0	16	11	9	3	8	103.09	1		9.040069
6	54	7	0	0	19	14	9	3	8	103.09	1		9.040069
6	55	7	0	0	4	12	9	3	8	103.09	1		9.040069
18	174	2	0	9	16	0	17	3	8	48.09	0		4.651403
18	175	3	0	9	19	0	6	5	8	55.09	0		10.928803
18	176	6	0	9	16	8	17	3	4	40.12	0		3.076361
18	177	9	0	9	16	12	14	3	4	112.24	0		17.564025
18	178	10	0	0	0	23	9	4	3	72.73	0		30.221439
18	179	10	0	0	0	26	9	4	3	72.73	0		30.221439
18	173	1	0	12	11	0	12	5	4	36.30	1		0.969557


