Name:				014_n020_m200_bt100
Problem:			3L-VRPTW
Number_of_used_Vehicles:	5
Total_Travel_Distance:		574.26
Calculation_Time:		1.98
Total_Iterations:		8076
ConstraintSet:			P1

-------------------------------------------------------------------------------------------------------------------
Tour_Id:			1
No_of_Customers:		5
No_of_Items:			46
Customer_Sequence:		17 9 14 16 3 

CustId	Id	TypeId	Rotated	x	y	z	Length	Width	Height	mass	Fragility	LoadBearingStrength
3	26	24	0	0	0	0	10	6	7	224.12	0		22.796111
3	25	21	0	0	6	0	14	4	6	196.12	0		12.934329
3	28	93	0	0	10	0	10	7	4	101.26	0		15.783424
3	29	97	0	0	17	0	7	5	8	72.69	0		30.875051
3	30	97	0	0	10	4	7	5	8	72.69	0		30.875051
3	23	10	0	0	0	7	8	5	6	57.71	0		10.199500
3	22	4	0	0	6	6	11	4	5	63.33	0		10.368055
3	24	14	0	0	17	8	7	6	4	41.82	0		21.249526
3	27	72	0	0	5	11	9	5	6	65.60	1		16.338627
16	155	50	0	7	17	0	15	6	7	71.87	0		6.432418
16	153	24	1	0	10	12	10	6	7	224.12	0		22.796111
16	156	59	1	0	10	19	13	6	5	143.70	0		86.684725
16	157	88	0	7	17	7	8	6	8	164.50	0		15.712324
16	158	97	0	0	0	13	7	5	8	72.69	0		30.875051
16	159	97	0	0	0	21	7	5	8	72.69	0		30.875051
16	154	35	0	0	10	24	8	4	4	26.27	0		17.347322
16	152	13	0	10	0	0	17	6	7	159.62	1		1.681476
14	135	21	0	10	10	0	14	4	6	196.12	0		12.934329
14	141	94	0	6	17	15	6	6	7	30.53	0		5.253400
14	133	8	0	0	14	24	7	7	5	89.98	0		6.538903
14	140	89	0	10	10	6	7	5	6	118.94	0		20.294795
14	139	84	0	15	17	7	9	6	3	61.13	0		16.860854
14	137	56	0	10	10	12	6	5	5	43.74	0		11.835636
14	134	9	0	0	23	0	14	2	5	18.65	0		4.377201
14	138	58	0	8	0	7	17	5	3	146.73	1		39.341093
14	136	36	0	9	0	10	14	6	3	124.21	1		5.159041
9	89	19	0	15	17	10	8	6	8	265.43	0		11.005578
9	90	21	0	14	6	0	14	4	6	196.12	0		12.934329
9	88	18	0	24	10	0	13	6	4	122.33	0		12.624914
9	95	100	0	15	17	18	7	6	7	38.03	0		12.509117
9	92	38	0	17	6	6	12	6	4	40.30	0		2.396884
9	86	10	0	8	10	17	8	5	6	57.71	0		10.199500
9	85	4	0	17	6	10	11	4	5	63.33	0		10.368055
9	84	2	0	24	16	0	16	3	3	59.47	0		17.945518
9	87	11	0	7	0	13	17	5	4	60.47	1		9.585974
9	93	69	0	7	0	17	14	3	6	338.25	1		31.962316
9	91	33	0	0	5	17	8	4	5	44.15	1		3.741707
9	94	95	0	0	5	22	7	5	4	62.53	1		10.613079
17	165	62	0	24	19	0	12	5	7	549.45	0		73.120492
17	162	40	0	24	19	7	10	6	7	53.25	0		5.721785
17	167	79	0	17	6	15	14	3	8	158.36	0		10.883807
17	160	8	0	15	17	25	7	7	5	89.98	0		6.538903
17	166	64	0	8	10	23	8	4	5	77.09	0		35.401977
17	161	9	0	0	23	5	14	2	5	18.65	0		4.377201
17	164	61	0	7	0	23	9	4	7	117.43	1		12.900746
17	163	49	0	23	19	14	8	5	5	23.26	1		4.331663


-------------------------------------------------------------------------------------------------------------------
Tour_Id:			2
No_of_Customers:		5
No_of_Items:			53
Customer_Sequence:		5 13 19 7 20 

CustId	Id	TypeId	Rotated	x	y	z	Length	Width	Height	mass	Fragility	LoadBearingStrength
20	197	74	0	0	0	0	17	7	7	359.36	0		20.454240
20	193	50	0	0	7	0	15	6	7	71.87	0		6.432418
20	194	52	0	0	13	0	7	7	6	222.75	0		102.544642
20	199	92	0	0	20	0	11	3	6	82.54	0		28.387211
20	196	66	0	0	13	6	9	6	3	57.65	0		11.629706
20	189	2	0	0	0	7	16	3	3	59.47	0		17.945518
20	191	35	0	0	19	6	8	4	4	26.27	0		17.347322
20	198	91	0	0	23	0	6	2	7	31.32	0		23.725823
20	195	58	0	0	3	7	17	5	3	146.73	1		39.341093
20	192	49	0	0	8	7	8	5	5	23.26	1		4.331663
20	200	95	0	0	13	9	7	5	4	62.53	1		10.613079
20	190	26	0	0	23	7	6	2	8	49.95	1		9.966158
7	69	75	0	9	13	0	17	7	4	73.01	0		6.722870
7	70	75	0	9	13	4	17	7	4	73.01	0		6.722870
7	71	80	0	0	0	10	17	3	8	49	0		19.169988
7	68	54	0	9	13	8	7	6	8	155.34	0		32.479815
7	72	93	0	16	13	8	10	7	4	101.26	0		15.783424
7	64	8	0	9	13	16	7	7	5	89.98	0		6.538903
7	67	47	0	16	13	12	10	6	4	89.09	0		7.635993
7	65	16	0	0	0	18	10	3	8	27.14	0		2.370942
7	66	39	0	16	13	16	10	6	3	83.75	0		7.079309
7	73	95	0	0	3	10	7	5	4	62.53	1		10.613079
19	182	21	0	11	20	0	14	4	6	196.12	0		12.934329
19	183	34	0	8	20	6	17	3	6	154.57	0		18.948473
19	188	84	0	9	13	21	9	6	3	61.13	0		16.860854
19	179	1	0	8	8	7	8	4	5	49.32	0		7.548918
19	184	42	0	8	8	12	8	4	5	51.57	0		22.281699
19	180	6	0	0	0	26	9	3	3	18.56	0		24.539825
19	181	6	0	8	20	12	9	3	3	18.56	0		24.539825
19	187	58	0	15	8	0	17	5	3	146.73	1		39.341093
19	185	49	0	0	8	12	8	5	5	23.26	1		4.331663
19	186	57	0	0	8	17	11	5	3	62.95	1		17.225835
13	132	98	0	17	0	0	14	5	7	102.47	0		10.428435
13	125	18	0	17	0	7	13	6	4	122.33	0		12.624914
13	126	18	0	17	0	11	13	6	4	122.33	0		12.624914
13	130	60	0	17	0	15	15	4	4	108.66	0		38.168294
13	127	44	0	26	13	0	11	7	3	73.98	0		10.758066
13	129	56	0	9	13	24	6	5	5	43.74	0		11.835636
13	131	96	0	0	3	14	6	5	7	103.89	1		5.916094
13	128	49	0	0	8	20	8	5	5	23.26	1		4.331663
5	41	23	0	32	0	0	16	7	6	125.39	0		6.643334
5	46	45	0	17	0	19	14	4	7	112.15	0		10.050641
5	39	15	0	25	20	0	15	3	8	194.18	0		62.862600
5	50	79	0	25	20	8	14	3	8	158.36	0		10.883807
5	40	18	0	26	13	3	13	6	4	122.33	0		12.624914
5	47	53	0	18	13	19	6	6	6	99.55	0		137.280604
5	43	30	0	17	19	12	7	5	6	52.50	0		7.690979
5	51	92	0	24	20	16	11	3	6	82.54	0		28.387211
5	49	70	0	8	20	15	9	4	5	175.68	0		27.175968
5	45	37	0	8	20	20	9	2	7	68.06	0		25.351920
5	48	55	0	26	13	7	13	6	4	104.49	1		2.348393
5	44	33	0	0	3	21	8	4	5	44.15	1		3.741707
5	42	26	0	0	23	15	6	2	8	49.95	1		9.966158


-------------------------------------------------------------------------------------------------------------------
Tour_Id:			3
No_of_Customers:		3
No_of_Items:			31
Customer_Sequence:		10 6 12 

CustId	Id	TypeId	Rotated	x	y	z	Length	Width	Height	mass	Fragility	LoadBearingStrength
12	124	82	0	0	0	0	16	5	8	351.91	0		16.066760
12	121	71	0	0	5	0	15	7	6	221.66	0		78.146719
12	118	32	0	0	12	0	17	4	8	66.20	0		18.408489
12	123	81	0	0	16	0	11	5	7	97.79	0		73.609474
12	116	15	0	0	21	0	15	3	8	194.18	0		62.862600
12	117	25	0	0	5	6	16	6	3	153.04	0		19.878604
12	120	39	0	0	5	9	10	6	3	83.75	0		7.079309
12	122	73	0	0	16	7	6	2	8	98.73	0		39.854296
12	115	11	0	0	0	8	17	5	4	60.47	1		9.585974
12	119	36	0	0	0	12	14	6	3	124.21	1		5.159041
6	62	74	0	16	5	0	17	7	7	359.36	0		20.454240
6	55	45	0	0	11	8	14	4	7	112.15	0		10.050641
6	53	19	0	0	11	15	8	6	8	265.43	0		11.005578
6	60	68	0	16	5	7	7	6	8	122.29	0		39.122565
6	52	18	0	17	12	0	13	6	4	122.33	0		12.624914
6	57	52	0	0	11	23	7	7	6	222.75	0		102.544642
6	63	87	0	0	21	8	9	4	6	38.39	0		6.092348
6	58	66	0	14	5	15	9	6	3	57.65	0		11.629706
6	59	66	0	14	5	18	9	6	3	57.65	0		11.629706
6	54	35	0	0	6	12	8	4	4	26.27	0		17.347322
6	56	48	0	0	18	7	13	2	4	116.56	0		132.604964
6	61	73	0	0	18	11	6	2	8	98.73	0		39.854296
10	103	68	0	14	5	21	7	6	8	122.29	0		39.122565
10	100	52	0	15	18	0	7	7	6	222.75	0		102.544642
10	104	99	0	0	20	14	8	4	8	90.61	0		13.137085
10	98	14	0	15	18	6	7	6	4	41.82	0		21.249526
10	101	56	0	0	20	22	6	5	5	43.74	0		11.835636
10	96	2	0	17	12	4	16	3	3	59.47	0		17.945518
10	99	37	0	6	18	11	9	2	7	68.06	0		25.351920
10	97	12	0	0	0	15	10	4	6	39	1		2.508970
10	102	57	0	17	11	7	11	5	3	62.95	1		17.225835


-------------------------------------------------------------------------------------------------------------------
Tour_Id:			4
No_of_Customers:		4
No_of_Items:			40
Customer_Sequence:		8 2 11 15 

CustId	Id	TypeId	Rotated	x	y	z	Length	Width	Height	mass	Fragility	LoadBearingStrength
15	150	82	0	0	0	0	16	5	8	351.91	0		16.066760
15	146	54	0	0	5	0	7	6	8	155.34	0		32.479815
15	149	78	0	0	11	0	17	5	3	42.55	0		13.050722
15	143	16	0	0	16	0	10	3	8	27.14	0		2.370942
15	142	6	0	0	19	0	9	3	3	18.56	0		24.539825
15	151	96	0	0	11	3	6	5	7	103.89	1		5.916094
15	145	41	0	0	22	0	16	3	4	63.37	1		17.607566
15	147	57	0	0	0	8	11	5	3	62.95	1		17.225835
15	148	57	0	0	0	11	11	5	3	62.95	1		17.225835
15	144	33	0	0	5	8	8	4	5	44.15	1		3.741707
11	108	75	0	16	0	0	17	7	4	73.01	0		6.722870
11	110	86	0	10	16	0	9	6	8	54.42	0		4.601446
11	107	68	0	8	5	0	7	6	8	122.29	0		39.122565
11	106	34	0	0	16	8	17	3	6	154.57	0		18.948473
11	113	100	0	8	5	8	7	6	7	38.03	0		12.509117
11	114	100	0	8	5	15	7	6	7	38.03	0		12.509117
11	105	8	0	8	5	22	7	7	5	89.98	0		6.538903
11	109	84	0	8	5	27	9	6	3	61.13	0		16.860854
11	112	96	0	0	11	10	6	5	7	103.89	1		5.916094
11	111	95	0	0	5	13	7	5	4	62.53	1		10.613079
2	18	81	0	16	0	4	11	5	7	97.79	0		73.609474
2	19	81	0	16	0	11	11	5	7	97.79	0		73.609474
2	13	10	0	16	0	18	8	5	6	57.71	0		10.199500
2	17	77	0	16	0	24	9	5	5	32.19	0		6.839536
2	14	20	0	0	16	14	8	4	7	32.30	0		5.704690
2	20	87	0	0	16	21	9	4	6	38.39	0		6.092348
2	21	91	0	6	12	3	6	2	7	31.32	0		23.725823
2	12	6	0	0	16	27	9	3	3	18.56	0		24.539825
2	16	61	0	0	0	14	9	4	7	117.43	1		12.900746
2	15	57	0	17	7	0	11	5	3	62.95	1		17.225835
8	77	50	0	19	12	0	15	6	7	71.87	0		6.432418
8	83	81	0	19	18	0	11	5	7	97.79	0		73.609474
8	82	79	0	19	12	7	14	3	8	158.36	0		10.883807
8	80	76	0	19	15	7	17	4	3	79.62	0		4.084037
8	81	76	0	17	15	10	17	4	3	79.62	0		4.084037
8	75	14	0	27	0	4	7	6	4	41.82	0		21.249526
8	76	42	0	9	16	14	8	4	5	51.57	0		22.281699
8	79	64	0	9	16	19	8	4	5	77.09	0		35.401977
8	74	11	0	17	15	13	17	5	4	60.47	1		9.585974
8	78	57	0	17	7	3	11	5	3	62.95	1		17.225835


-------------------------------------------------------------------------------------------------------------------
Tour_Id:			5
No_of_Customers:		3
No_of_Items:			30
Customer_Sequence:		1 18 4 

CustId	Id	TypeId	Rotated	x	y	z	Length	Width	Height	mass	Fragility	LoadBearingStrength
4	33	50	0	0	0	0	15	6	7	71.87	0		6.432418
4	31	31	0	0	6	0	7	6	6	33.16	0		4.174576
4	32	31	0	0	12	0	7	6	6	33.16	0		4.174576
4	37	77	0	0	18	0	9	5	5	32.19	0		6.839536
4	35	64	0	0	18	5	8	4	5	77.09	0		35.401977
4	36	73	0	0	23	0	6	2	8	98.73	0		39.854296
4	38	83	0	0	0	7	17	3	5	81.77	1		3.431770
4	34	63	1	0	6	6	12	4	4	23.04	1		6.521605
18	169	19	0	7	6	0	8	6	8	265.43	0		11.005578
18	170	21	0	7	12	0	14	4	6	196.12	0		12.934329
18	178	99	0	0	18	10	8	4	8	90.61	0		13.137085
18	176	92	0	0	3	7	11	3	6	82.54	0		28.387211
18	168	2	0	4	12	6	16	3	3	59.47	0		17.945518
18	171	35	0	0	3	13	8	4	4	26.27	0		17.347322
18	174	73	0	0	23	8	6	2	8	98.73	0		39.854296
18	175	91	0	0	23	16	6	2	7	31.32	0		23.725823
18	172	55	0	9	16	0	13	6	4	104.49	1		2.348393
18	173	58	0	9	16	4	17	5	3	146.73	1		39.341093
18	177	96	1	0	7	10	6	5	7	103.89	1		5.916094
1	5	40	0	15	3	0	10	6	7	53.25	0		5.721785
1	11	88	0	15	3	7	8	6	8	164.50	0		15.712324
1	4	31	0	15	3	15	7	6	6	33.16	0		4.174576
1	2	4	0	21	9	0	11	4	5	63.33	0		10.368055
1	9	70	0	0	3	17	9	4	5	175.68	0		27.175968
1	8	66	0	15	3	21	9	6	3	57.65	0		11.629706
1	6	42	0	0	18	18	8	4	5	51.57	0		22.281699
1	1	2	0	9	22	0	16	3	3	59.47	0		17.945518
1	10	73	0	0	3	22	6	2	8	98.73	0		39.854296
1	3	11	0	8	15	7	17	5	4	60.47	1		9.585974
1	7	58	0	8	15	11	17	5	3	146.73	1		39.341093


