Name:				019_n020_m200_bt3
Problem:			3L-VRPTW
Number_of_used_Vehicles:	5
Total_Travel_Distance:		450.81
Calculation_Time:		4.54
Total_Iterations:		8104
ConstraintSet:			P1

-------------------------------------------------------------------------------------------------------------------
Tour_Id:			1
No_of_Customers:		6
No_of_Items:			64
Customer_Sequence:		2 16 12 7 14 13 

CustId	Id	TypeId	Rotated	x	y	z	Length	Width	Height	mass	Fragility	LoadBearingStrength
13	121	1	0	0	0	0	7	3	5	79.33	0		7.637721
13	122	1	0	0	3	0	7	3	5	79.33	0		7.637721
13	123	1	0	0	6	0	7	3	5	79.33	0		7.637721
13	124	1	0	0	9	0	7	3	5	79.33	0		7.637721
13	125	2	0	0	12	0	6	2	8	80.96	0		37.494080
13	126	3	0	0	14	0	11	5	7	200.64	1		10.982056
13	127	3	0	0	19	0	11	5	7	200.64	1		10.982056
13	128	3	1	0	0	5	11	5	7	200.64	1		10.982056
13	129	3	0	0	14	7	11	5	7	200.64	1		10.982056
13	130	3	0	0	19	7	11	5	7	200.64	1		10.982056
13	131	3	1	0	0	12	11	5	7	200.64	1		10.982056
14	132	1	0	7	0	0	7	3	5	79.33	0		7.637721
14	133	2	0	0	12	8	6	2	8	80.96	0		37.494080
14	134	2	0	0	12	16	6	2	8	80.96	0		37.494080
14	135	2	0	5	0	5	6	2	8	80.96	0		37.494080
14	136	2	1	5	2	5	6	2	8	80.96	0		37.494080
14	137	2	0	5	0	13	6	2	8	80.96	0		37.494080
14	138	2	1	5	2	13	6	2	8	80.96	0		37.494080
14	139	3	0	0	14	14	11	5	7	200.64	1		10.982056
14	140	3	0	0	19	14	11	5	7	200.64	1		10.982056
14	141	3	1	0	0	19	11	5	7	200.64	1		10.982056
7	56	1	1	5	0	21	7	3	5	79.33	0		7.637721
7	57	1	0	7	3	0	7	3	5	79.33	0		7.637721
7	58	1	0	7	6	0	7	3	5	79.33	0		7.637721
7	59	1	0	7	9	0	7	3	5	79.33	0		7.637721
7	60	2	0	5	8	5	6	2	8	80.96	0		37.494080
7	61	3	0	0	14	21	11	5	7	200.64	1		10.982056
7	62	3	0	0	19	21	11	5	7	200.64	1		10.982056
7	63	3	0	11	12	0	11	5	7	200.64	1		10.982056
7	64	3	0	11	17	0	11	5	7	200.64	1		10.982056
7	65	3	0	11	12	7	11	5	7	200.64	1		10.982056
7	66	3	0	11	17	7	11	5	7	200.64	1		10.982056
12	108	1	0	11	22	0	7	3	5	79.33	0		7.637721
12	109	1	1	11	0	5	7	3	5	79.33	0		7.637721
12	110	1	0	11	22	5	7	3	5	79.33	0		7.637721
12	111	2	0	5	10	5	6	2	8	80.96	0		37.494080
12	112	2	0	5	8	13	6	2	8	80.96	0		37.494080
12	113	2	0	5	10	13	6	2	8	80.96	0		37.494080
12	114	2	0	5	8	21	6	2	8	80.96	0		37.494080
12	115	3	0	11	12	14	11	5	7	200.64	1		10.982056
12	116	3	0	11	17	14	11	5	7	200.64	1		10.982056
12	117	3	0	11	12	21	11	5	7	200.64	1		10.982056
12	118	3	0	11	17	21	11	5	7	200.64	1		10.982056
12	119	3	0	14	0	0	11	5	7	200.64	1		10.982056
12	120	3	0	14	5	0	11	5	7	200.64	1		10.982056
16	150	1	1	11	0	10	7	3	5	79.33	0		7.637721
16	151	1	0	11	22	10	7	3	5	79.33	0		7.637721
16	152	2	0	5	10	21	6	2	8	80.96	0		37.494080
16	153	2	1	11	0	15	6	2	8	80.96	0		37.494080
16	154	2	0	11	22	15	6	2	8	80.96	0		37.494080
16	155	2	0	14	10	0	6	2	8	80.96	0		37.494080
16	156	2	0	14	10	8	6	2	8	80.96	0		37.494080
16	157	2	0	14	10	16	6	2	8	80.96	0		37.494080
16	158	2	0	18	22	0	6	2	8	80.96	0		37.494080
16	159	3	0	14	0	7	11	5	7	200.64	1		10.982056
16	160	3	0	14	5	7	11	5	7	200.64	1		10.982056
16	161	3	0	14	0	14	11	5	7	200.64	1		10.982056
16	162	3	0	14	5	14	11	5	7	200.64	1		10.982056
2	10	1	0	22	10	0	7	3	5	79.33	0		7.637721
2	11	1	0	22	13	0	7	3	5	79.33	0		7.637721
2	12	1	0	22	16	0	7	3	5	79.33	0		7.637721
2	13	2	0	18	22	8	6	2	8	80.96	0		37.494080
2	14	3	0	13	0	21	11	5	7	200.64	1		10.982056
2	15	3	0	13	5	21	11	5	7	200.64	1		10.982056


-------------------------------------------------------------------------------------------------------------------
Tour_Id:			2
No_of_Customers:		3
No_of_Items:			26
Customer_Sequence:		17 19 8 

CustId	Id	TypeId	Rotated	x	y	z	Length	Width	Height	mass	Fragility	LoadBearingStrength
8	67	1	0	0	0	0	7	3	5	79.33	0		7.637721
8	68	2	0	0	3	0	6	2	8	80.96	0		37.494080
8	69	2	0	0	5	0	6	2	8	80.96	0		37.494080
8	70	2	0	0	7	0	6	2	8	80.96	0		37.494080
8	71	3	0	0	9	0	11	5	7	200.64	1		10.982056
8	72	3	0	0	14	0	11	5	7	200.64	1		10.982056
19	180	1	0	0	19	0	7	3	5	79.33	0		7.637721
19	181	1	0	0	22	0	7	3	5	79.33	0		7.637721
19	182	1	0	0	0	5	7	3	5	79.33	0		7.637721
19	183	1	0	0	19	5	7	3	5	79.33	0		7.637721
19	184	1	0	0	22	5	7	3	5	79.33	0		7.637721
19	185	1	0	0	3	8	7	3	5	79.33	0		7.637721
19	186	1	0	0	6	8	7	3	5	79.33	0		7.637721
19	187	1	0	0	0	10	7	3	5	79.33	0		7.637721
19	188	1	0	0	19	10	7	3	5	79.33	0		7.637721
19	189	2	0	0	22	10	6	2	8	80.96	0		37.494080
19	190	3	0	0	9	7	11	5	7	200.64	1		10.982056
17	163	1	0	0	3	13	7	3	5	79.33	0		7.637721
17	164	1	0	0	6	13	7	3	5	79.33	0		7.637721
17	165	1	0	0	0	15	7	3	5	79.33	0		7.637721
17	166	1	0	0	19	15	7	3	5	79.33	0		7.637721
17	167	2	0	0	3	18	6	2	8	80.96	0		37.494080
17	168	3	0	0	14	7	11	5	7	200.64	1		10.982056
17	169	3	0	0	9	14	11	5	7	200.64	1		10.982056
17	170	3	0	0	14	14	11	5	7	200.64	1		10.982056
17	171	3	0	0	9	21	11	5	7	200.64	1		10.982056


-------------------------------------------------------------------------------------------------------------------
Tour_Id:			3
No_of_Customers:		5
No_of_Items:			47
Customer_Sequence:		15 1 11 18 20 

CustId	Id	TypeId	Rotated	x	y	z	Length	Width	Height	mass	Fragility	LoadBearingStrength
20	191	1	0	0	0	0	7	3	5	79.33	0		7.637721
20	192	1	0	0	3	0	7	3	5	79.33	0		7.637721
20	193	2	0	0	6	0	6	2	8	80.96	0		37.494080
20	194	2	0	0	8	0	6	2	8	80.96	0		37.494080
20	195	2	0	0	10	0	6	2	8	80.96	0		37.494080
20	196	2	0	0	12	0	6	2	8	80.96	0		37.494080
20	197	2	0	0	14	0	6	2	8	80.96	0		37.494080
20	198	3	0	0	16	0	11	5	7	200.64	1		10.982056
20	199	3	0	0	16	7	11	5	7	200.64	1		10.982056
20	200	3	0	0	16	14	11	5	7	200.64	1		10.982056
18	172	1	0	0	21	0	7	3	5	79.33	0		7.637721
18	173	1	0	0	0	5	7	3	5	79.33	0		7.637721
18	174	1	0	0	3	5	7	3	5	79.33	0		7.637721
18	175	1	0	0	21	5	7	3	5	79.33	0		7.637721
18	176	2	0	0	6	8	6	2	8	80.96	0		37.494080
18	177	3	0	0	16	21	11	5	7	200.64	1		10.982056
18	178	3	0	6	6	0	11	5	7	200.64	1		10.982056
18	179	3	0	6	11	0	11	5	7	200.64	1		10.982056
11	96	1	0	0	8	8	7	3	5	79.33	0		7.637721
11	97	1	0	0	11	8	7	3	5	79.33	0		7.637721
11	98	1	0	0	0	10	7	3	5	79.33	0		7.637721
11	99	1	0	0	3	10	7	3	5	79.33	0		7.637721
11	100	1	0	0	21	10	7	3	5	79.33	0		7.637721
11	101	2	0	0	14	8	6	2	8	80.96	0		37.494080
11	102	2	0	0	8	13	6	2	8	80.96	0		37.494080
11	103	3	0	7	0	0	11	5	7	200.64	1		10.982056
11	104	3	0	7	0	7	11	5	7	200.64	1		10.982056
11	105	3	1	7	5	7	11	5	7	200.64	1		10.982056
11	106	3	0	7	0	14	11	5	7	200.64	1		10.982056
11	107	3	1	7	5	14	11	5	7	200.64	1		10.982056
1	1	1	0	0	21	15	7	3	5	79.33	0		7.637721
1	2	1	0	0	21	20	7	3	5	79.33	0		7.637721
1	3	2	0	0	8	21	6	2	8	80.96	0		37.494080
1	4	2	0	7	21	0	6	2	8	80.96	0		37.494080
1	5	3	0	6	0	21	11	5	7	200.64	1		10.982056
1	6	3	1	6	5	21	11	5	7	200.64	1		10.982056
1	7	3	0	11	16	0	11	5	7	200.64	1		10.982056
1	8	3	0	11	16	7	11	5	7	200.64	1		10.982056
1	9	3	0	11	16	14	11	5	7	200.64	1		10.982056
15	142	1	0	0	21	25	7	3	5	79.33	0		7.637721
15	143	1	0	13	21	0	7	3	5	79.33	0		7.637721
15	144	1	0	17	5	0	7	3	5	79.33	0		7.637721
15	145	1	0	13	21	5	7	3	5	79.33	0		7.637721
15	146	2	0	7	23	0	6	2	8	80.96	0		37.494080
15	147	2	0	7	21	8	6	2	8	80.96	0		37.494080
15	148	2	0	7	23	8	6	2	8	80.96	0		37.494080
15	149	3	0	11	16	21	11	5	7	200.64	1		10.982056


-------------------------------------------------------------------------------------------------------------------
Tour_Id:			4
No_of_Customers:		5
No_of_Items:			50
Customer_Sequence:		4 5 9 6 10 

CustId	Id	TypeId	Rotated	x	y	z	Length	Width	Height	mass	Fragility	LoadBearingStrength
10	84	1	0	0	0	0	7	3	5	79.33	0		7.637721
10	85	1	0	0	3	0	7	3	5	79.33	0		7.637721
10	86	1	0	0	6	0	7	3	5	79.33	0		7.637721
10	87	1	0	0	9	0	7	3	5	79.33	0		7.637721
10	88	1	0	0	12	0	7	3	5	79.33	0		7.637721
10	89	1	0	0	15	0	7	3	5	79.33	0		7.637721
10	90	1	0	0	18	0	7	3	5	79.33	0		7.637721
10	91	2	0	0	21	0	6	2	8	80.96	0		37.494080
10	92	2	0	0	23	0	6	2	8	80.96	0		37.494080
10	93	2	0	0	0	5	6	2	8	80.96	0		37.494080
10	94	2	0	0	2	5	6	2	8	80.96	0		37.494080
10	95	3	1	0	4	5	11	5	7	200.64	1		10.982056
6	47	1	0	0	15	5	7	3	5	79.33	0		7.637721
6	48	1	0	0	18	5	7	3	5	79.33	0		7.637721
6	49	2	0	0	21	8	6	2	8	80.96	0		37.494080
6	50	2	0	0	23	8	6	2	8	80.96	0		37.494080
6	51	2	0	0	15	10	6	2	8	80.96	0		37.494080
6	52	3	1	0	4	12	11	5	7	200.64	1		10.982056
6	53	3	1	0	4	19	11	5	7	200.64	1		10.982056
6	54	3	0	7	0	0	11	5	7	200.64	1		10.982056
6	55	3	0	6	0	7	11	5	7	200.64	1		10.982056
9	73	1	0	0	17	10	7	3	5	79.33	0		7.637721
9	74	1	0	0	17	15	7	3	5	79.33	0		7.637721
9	75	1	0	0	21	16	7	3	5	79.33	0		7.637721
9	76	2	0	0	15	18	6	2	8	80.96	0		37.494080
9	77	2	0	0	17	20	6	2	8	80.96	0		37.494080
9	78	3	0	5	0	14	11	5	7	200.64	1		10.982056
9	79	3	0	5	0	21	11	5	7	200.64	1		10.982056
9	80	3	0	7	5	0	11	5	7	200.64	1		10.982056
9	81	3	0	5	5	7	11	5	7	200.64	1		10.982056
9	82	3	0	5	5	14	11	5	7	200.64	1		10.982056
9	83	3	0	5	5	21	11	5	7	200.64	1		10.982056
5	38	1	0	0	21	21	7	3	5	79.33	0		7.637721
5	39	1	0	7	10	0	7	3	5	79.33	0		7.637721
5	40	1	0	5	10	5	7	3	5	79.33	0		7.637721
5	41	1	0	5	10	10	7	3	5	79.33	0		7.637721
5	42	2	0	5	10	15	6	2	8	80.96	0		37.494080
5	43	2	0	7	13	0	6	2	8	80.96	0		37.494080
5	44	2	0	7	15	0	6	2	8	80.96	0		37.494080
5	45	3	0	7	17	0	11	5	7	200.64	1		10.982056
5	46	3	0	7	17	7	11	5	7	200.64	1		10.982056
4	29	1	0	7	22	0	7	3	5	79.33	0		7.637721
4	30	1	0	7	22	5	7	3	5	79.33	0		7.637721
4	31	1	0	7	13	8	7	3	5	79.33	0		7.637721
4	32	2	0	6	13	13	6	2	8	80.96	0		37.494080
4	33	2	0	5	13	21	6	2	8	80.96	0		37.494080
4	34	2	0	7	22	10	6	2	8	80.96	0		37.494080
4	35	3	0	7	17	14	11	5	7	200.64	1		10.982056
4	36	3	0	7	17	21	11	5	7	200.64	1		10.982056
4	37	3	0	14	10	0	11	5	7	200.64	1		10.982056


-------------------------------------------------------------------------------------------------------------------
Tour_Id:			5
No_of_Customers:		1
No_of_Items:			0
Customer_Sequence:		3 

