Name:				025_n020_m200_bt10
Problem:			3L-VRPTW
Number_of_used_Vehicles:	5
Total_Travel_Distance:		570.71
Calculation_Time:		2.07
Total_Iterations:		8007
ConstraintSet:			P1

-------------------------------------------------------------------------------------------------------------------
Tour_Id:			1
No_of_Customers:		5
No_of_Items:			57
Customer_Sequence:		16 2 4 9 5 

CustId	Id	TypeId	Rotated	x	y	z	Length	Width	Height	mass	Fragility	LoadBearingStrength
5	46	8	0	0	0	0	11	5	6	230.89	0		9.347021
5	47	8	0	0	5	0	11	5	6	230.89	0		9.347021
5	44	7	0	0	10	0	14	3	6	91.64	0		12.714478
5	45	7	0	0	13	0	14	3	6	91.64	0		12.714478
5	38	3	0	0	16	0	8	5	5	152.30	0		55.796351
5	39	3	0	0	16	5	8	5	5	152.30	0		55.796351
5	40	3	0	0	0	6	8	5	5	152.30	0		55.796351
5	48	9	0	0	21	0	15	3	4	49.49	0		8.375666
5	42	6	0	0	21	4	6	3	7	85.57	0		9.590158
5	43	6	0	0	5	6	6	3	7	85.57	0		9.590158
5	37	2	0	0	8	6	9	3	4	87.82	0		157.163802
5	41	5	0	0	11	6	8	2	4	80.59	0		88.533864
9	87	7	0	0	13	6	14	3	6	91.64	0		12.714478
9	88	7	0	0	13	12	14	3	6	91.64	0		12.714478
9	78	1	0	0	8	10	7	4	8	72.70	0		5.249431
9	82	3	0	0	16	10	8	5	5	152.30	0		55.796351
9	89	9	0	0	13	18	15	3	4	49.49	0		8.375666
9	90	9	0	0	13	22	15	3	4	49.49	0		8.375666
9	79	2	0	0	0	11	9	3	4	87.82	0		157.163802
9	80	2	0	0	0	15	9	3	4	87.82	0		157.163802
9	81	2	0	0	16	15	9	3	4	87.82	0		157.163802
9	86	5	0	0	3	11	8	2	4	80.59	0		88.533864
9	83	4	0	11	0	0	12	6	8	153.63	1		5.378795
9	84	4	0	9	0	8	12	6	8	153.63	1		5.378795
9	85	4	0	9	0	16	12	6	8	153.63	1		5.378795
9	91	10	0	8	16	0	8	5	4	62.48	1		3.067262
9	92	10	0	8	16	4	8	5	4	62.48	1		3.067262
4	36	8	0	14	6	0	11	5	6	230.89	0		9.347021
4	28	1	0	0	8	18	7	4	8	72.70	0		5.249431
4	29	1	0	0	16	19	7	4	8	72.70	0		5.249431
4	32	3	0	14	6	6	8	5	5	152.30	0		55.796351
4	35	6	0	0	21	11	6	3	7	85.57	0		9.590158
4	30	2	0	0	8	26	9	3	4	87.82	0		157.163802
4	31	2	0	0	13	26	9	3	4	87.82	0		157.163802
4	34	5	0	0	19	15	8	2	4	80.59	0		88.533864
4	33	4	0	16	11	0	12	6	8	153.63	1		5.378795
2	20	8	0	16	17	0	11	5	6	230.89	0		9.347021
2	18	7	0	15	22	0	14	3	6	91.64	0		12.714478
2	19	7	0	15	22	6	14	3	6	91.64	0		12.714478
2	9	1	0	6	21	4	7	4	8	72.70	0		5.249431
2	10	1	0	6	21	12	7	4	8	72.70	0		5.249431
2	13	3	0	14	6	11	8	5	5	152.30	0		55.796351
2	14	3	0	14	6	16	8	5	5	152.30	0		55.796351
2	17	6	0	0	21	18	6	3	7	85.57	0		9.590158
2	11	2	0	6	21	20	9	3	4	87.82	0		157.163802
2	12	2	0	6	21	24	9	3	4	87.82	0		157.163802
2	16	5	0	0	6	13	8	2	4	80.59	0		88.533864
2	15	4	0	15	11	8	12	6	8	153.63	1		5.378795
16	160	8	0	16	17	6	11	5	6	230.89	0		9.347021
16	159	7	0	15	17	12	14	3	6	91.64	0		12.714478
16	153	3	0	14	6	21	8	5	5	152.30	0		55.796351
16	154	3	0	15	20	12	8	5	5	152.30	0		55.796351
16	157	6	0	15	20	17	6	3	7	85.57	0		9.590158
16	158	6	0	15	17	18	6	3	7	85.57	0		9.590158
16	152	2	0	14	6	26	9	3	4	87.82	0		157.163802
16	155	5	0	9	13	26	8	2	4	80.59	0		88.533864
16	156	5	0	14	9	26	8	2	4	80.59	0		88.533864


-------------------------------------------------------------------------------------------------------------------
Tour_Id:			2
No_of_Customers:		4
No_of_Items:			46
Customer_Sequence:		13 7 17 8 

CustId	Id	TypeId	Rotated	x	y	z	Length	Width	Height	mass	Fragility	LoadBearingStrength
8	74	8	0	0	0	0	11	5	6	230.89	0		9.347021
8	75	8	0	0	5	0	11	5	6	230.89	0		9.347021
8	71	7	0	0	10	0	14	3	6	91.64	0		12.714478
8	72	7	0	0	13	0	14	3	6	91.64	0		12.714478
8	73	7	0	0	16	0	14	3	6	91.64	0		12.714478
8	68	3	0	0	19	0	8	5	5	152.30	0		55.796351
8	76	9	1	0	0	6	15	3	4	49.49	0		8.375666
8	77	9	0	0	15	6	15	3	4	49.49	0		8.375666
8	70	6	0	0	19	5	6	3	7	85.57	0		9.590158
8	66	2	1	0	0	10	9	3	4	87.82	0		157.163802
8	67	2	1	0	9	10	9	3	4	87.82	0		157.163802
8	69	5	0	0	22	5	8	2	4	80.59	0		88.533864
17	169	8	1	3	0	6	11	5	6	230.89	0		9.347021
17	161	1	1	0	0	14	7	4	8	72.70	0		5.249431
17	164	3	1	4	0	12	8	5	5	152.30	0		55.796351
17	170	9	0	8	19	0	15	3	4	49.49	0		8.375666
17	171	9	0	8	22	0	15	3	4	49.49	0		8.375666
17	172	9	0	8	19	4	15	3	4	49.49	0		8.375666
17	167	6	0	0	19	12	6	3	7	85.57	0		9.590158
17	168	6	1	0	7	14	6	3	7	85.57	0		9.590158
17	162	2	1	0	0	22	9	3	4	87.82	0		157.163802
17	163	2	1	0	0	26	9	3	4	87.82	0		157.163802
17	165	5	0	0	22	9	8	2	4	80.59	0		88.533864
17	166	5	0	0	22	13	8	2	4	80.59	0		88.533864
7	64	7	0	3	11	6	14	3	6	91.64	0		12.714478
7	58	1	0	3	8	12	7	4	8	72.70	0		5.249431
7	65	9	0	6	19	8	15	3	4	49.49	0		8.375666
7	63	6	1	0	13	14	6	3	7	85.57	0		9.590158
7	59	2	1	0	9	21	9	3	4	87.82	0		157.163802
7	60	4	0	11	0	0	12	6	8	153.63	1		5.378795
7	61	4	0	9	0	8	12	6	8	153.63	1		5.378795
7	62	4	0	9	0	16	12	6	8	153.63	1		5.378795
13	129	8	0	14	6	0	11	5	6	230.89	0		9.347021
13	128	7	0	6	19	12	14	3	6	91.64	0		12.714478
13	118	1	0	3	7	20	7	4	8	72.70	0		5.249431
13	119	3	0	14	6	6	8	5	5	152.30	0		55.796351
13	120	3	0	14	6	11	8	5	5	152.30	0		55.796351
13	121	3	0	14	6	16	8	5	5	152.30	0		55.796351
13	126	6	0	0	19	19	6	3	7	85.57	0		9.590158
13	127	6	0	6	19	18	6	3	7	85.57	0		9.590158
13	124	5	0	0	22	17	8	2	4	80.59	0		88.533864
13	125	5	0	0	22	21	8	2	4	80.59	0		88.533864
13	122	4	0	17	11	0	12	6	8	153.63	1		5.378795
13	123	4	0	17	11	8	12	6	8	153.63	1		5.378795
13	130	10	0	9	0	24	8	5	4	62.48	1		3.067262
13	131	10	0	14	6	21	8	5	4	62.48	1		3.067262


-------------------------------------------------------------------------------------------------------------------
Tour_Id:			3
No_of_Customers:		3
No_of_Items:			24
Customer_Sequence:		12 15 1 

CustId	Id	TypeId	Rotated	x	y	z	Length	Width	Height	mass	Fragility	LoadBearingStrength
1	5	8	0	0	0	0	11	5	6	230.89	0		9.347021
1	6	8	0	0	5	0	11	5	6	230.89	0		9.347021
1	3	7	0	0	10	0	14	3	6	91.64	0		12.714478
1	4	7	0	0	13	0	14	3	6	91.64	0		12.714478
1	1	3	0	0	16	0	8	5	5	152.30	0		55.796351
1	7	9	0	0	21	0	15	3	4	49.49	0		8.375666
1	2	5	0	0	16	5	8	2	4	80.59	0		88.533864
1	8	10	0	0	0	6	8	5	4	62.48	1		3.067262
15	149	7	0	0	21	4	14	3	6	91.64	0		12.714478
15	150	7	0	0	5	6	14	3	6	91.64	0		12.714478
15	142	1	0	0	8	6	7	4	8	72.70	0		5.249431
15	145	3	1	7	8	6	8	5	5	152.30	0		55.796351
15	151	9	0	0	21	10	15	3	4	49.49	0		8.375666
15	148	6	0	0	18	5	6	3	7	85.57	0		9.590158
15	143	2	0	0	5	12	9	3	4	87.82	0		157.163802
15	144	2	0	0	8	14	9	3	4	87.82	0		157.163802
15	147	5	0	0	16	9	8	2	4	80.59	0		88.533864
15	146	4	0	14	0	0	12	6	8	153.63	1		5.378795
12	115	7	0	0	21	14	14	3	6	91.64	0		12.714478
12	116	7	0	0	21	20	14	3	6	91.64	0		12.714478
12	112	1	0	0	8	18	7	4	8	72.70	0		5.249431
12	113	2	0	0	5	16	9	3	4	87.82	0		157.163802
12	114	5	0	0	18	12	8	2	4	80.59	0		88.533864
12	117	10	0	0	0	10	8	5	4	62.48	1		3.067262


-------------------------------------------------------------------------------------------------------------------
Tour_Id:			4
No_of_Customers:		4
No_of_Items:			32
Customer_Sequence:		19 6 18 3 

CustId	Id	TypeId	Rotated	x	y	z	Length	Width	Height	mass	Fragility	LoadBearingStrength
3	25	8	0	0	0	0	11	5	6	230.89	0		9.347021
3	26	8	0	0	5	0	11	5	6	230.89	0		9.347021
3	27	8	0	0	10	0	11	5	6	230.89	0		9.347021
3	22	3	0	0	15	0	8	5	5	152.30	0		55.796351
3	23	6	0	0	20	0	6	3	7	85.57	0		9.590158
3	24	6	0	0	15	5	6	3	7	85.57	0		9.590158
3	21	2	0	0	0	6	9	3	4	87.82	0		157.163802
18	176	8	0	0	3	6	11	5	6	230.89	0		9.347021
18	175	7	0	0	8	6	14	3	6	91.64	0		12.714478
18	177	9	0	0	8	12	15	3	4	49.49	0		8.375666
18	174	5	0	0	23	0	8	2	4	80.59	0		88.533864
18	173	4	0	8	15	0	12	6	8	153.63	1		5.378795
18	178	10	0	0	3	12	8	5	4	62.48	1		3.067262
6	49	1	0	0	11	6	7	4	8	72.70	0		5.249431
6	54	6	0	0	0	10	6	3	7	85.57	0		9.590158
6	50	2	0	0	11	14	9	3	4	87.82	0		157.163802
6	51	5	0	0	23	4	8	2	4	80.59	0		88.533864
6	52	5	0	0	23	8	8	2	4	80.59	0		88.533864
6	53	5	0	0	15	12	8	2	4	80.59	0		88.533864
6	55	10	0	0	3	16	8	5	4	62.48	1		3.067262
6	56	10	0	0	3	20	8	5	4	62.48	1		3.067262
6	57	10	0	0	3	24	8	5	4	62.48	1		3.067262
19	186	8	0	11	0	0	11	5	6	230.89	0		9.347021
19	187	8	0	11	0	6	11	5	6	230.89	0		9.347021
19	179	1	0	0	11	18	7	4	8	72.70	0		5.249431
19	180	1	0	8	21	0	7	4	8	72.70	0		5.249431
19	181	3	0	8	0	12	8	5	5	152.30	0		55.796351
19	182	3	0	8	0	17	8	5	5	152.30	0		55.796351
19	185	6	0	0	8	16	6	3	7	85.57	0		9.590158
19	184	5	0	0	23	12	8	2	4	80.59	0		88.533864
19	183	4	0	8	14	8	12	6	8	153.63	1		5.378795
19	188	10	0	8	20	8	8	5	4	62.48	1		3.067262


-------------------------------------------------------------------------------------------------------------------
Tour_Id:			5
No_of_Customers:		4
No_of_Items:			41
Customer_Sequence:		11 20 10 14 

CustId	Id	TypeId	Rotated	x	y	z	Length	Width	Height	mass	Fragility	LoadBearingStrength
14	137	8	0	0	0	0	11	5	6	230.89	0		9.347021
14	138	8	0	0	5	0	11	5	6	230.89	0		9.347021
14	133	3	0	0	10	0	8	5	5	152.30	0		55.796351
14	139	9	0	0	15	0	15	3	4	49.49	0		8.375666
14	136	6	0	0	18	0	6	3	7	85.57	0		9.590158
14	132	2	0	0	21	0	9	3	4	87.82	0		157.163802
14	134	5	0	0	15	4	8	2	4	80.59	0		88.533864
14	135	5	0	0	21	4	8	2	4	80.59	0		88.533864
14	140	10	0	0	10	5	8	5	4	62.48	1		3.067262
14	141	10	0	0	0	6	8	5	4	62.48	1		3.067262
10	102	8	0	0	5	6	11	5	6	230.89	0		9.347021
10	94	3	0	0	5	12	8	5	5	152.30	0		55.796351
10	95	3	0	0	5	17	8	5	5	152.30	0		55.796351
10	96	3	0	0	5	22	8	5	5	152.30	0		55.796351
10	103	9	0	6	18	0	15	3	4	49.49	0		8.375666
10	100	6	0	0	18	7	6	3	7	85.57	0		9.590158
10	101	6	0	0	18	14	6	3	7	85.57	0		9.590158
10	93	2	0	6	17	4	9	3	4	87.82	0		157.163802
10	99	5	0	0	15	8	8	2	4	80.59	0		88.533864
10	97	4	0	11	0	0	12	6	8	153.63	1		5.378795
10	98	4	0	11	6	0	12	6	8	153.63	1		5.378795
20	198	8	0	15	12	0	11	5	6	230.89	0		9.347021
20	199	8	0	15	12	6	11	5	6	230.89	0		9.347021
20	197	7	0	9	21	0	14	3	6	91.64	0		12.714478
20	191	3	0	15	12	12	8	5	5	152.30	0		55.796351
20	194	6	0	0	18	21	6	3	7	85.57	0		9.590158
20	195	6	0	6	17	8	6	3	7	85.57	0		9.590158
20	196	6	0	6	17	15	6	3	7	85.57	0		9.590158
20	189	2	0	8	21	6	9	3	4	87.82	0		157.163802
20	190	2	0	8	21	10	9	3	4	87.82	0		157.163802
20	193	5	0	0	21	8	8	2	4	80.59	0		88.533864
20	192	4	0	11	0	8	12	6	8	153.63	1		5.378795
20	200	10	0	0	10	9	8	5	4	62.48	1		3.067262
11	108	8	0	23	0	0	11	5	6	230.89	0		9.347021
11	104	1	0	8	21	14	7	4	8	72.70	0		5.249431
11	109	9	0	21	17	0	15	3	4	49.49	0		8.375666
11	110	9	0	15	17	4	15	3	4	49.49	0		8.375666
11	107	6	0	6	17	22	6	3	7	85.57	0		9.590158
11	105	4	0	8	0	16	12	6	8	153.63	1		5.378795
11	106	4	0	11	6	8	12	6	8	153.63	1		5.378795
11	111	10	0	8	0	24	8	5	4	62.48	1		3.067262


