Name:				028_n020_m200_bt100
Problem:			3L-VRPTW
Number_of_used_Vehicles:	4
Total_Travel_Distance:		423.09
Calculation_Time:		24.54
Total_Iterations:		8075
ConstraintSet:			P1

-------------------------------------------------------------------------------------------------------------------
Tour_Id:			1
No_of_Customers:		7
No_of_Items:			72
Customer_Sequence:		13 4 16 10 1 11 9 

CustId	Id	TypeId	Rotated	x	y	z	Length	Width	Height	mass	Fragility	LoadBearingStrength
9	91	81	0	0	0	0	16	3	8	358.17	0		79.725658
9	83	3	0	0	3	0	15	5	5	41.21	0		8.717979
9	85	17	0	0	8	0	10	7	5	64.07	0		5.176413
9	93	94	0	0	15	0	8	5	8	63.29	0		9.268147
9	87	50	0	0	20	0	15	3	7	59.79	0		9.334829
9	92	89	0	0	3	5	12	4	6	51.27	0		22.870320
9	90	78	0	0	7	5	9	4	8	45.18	0		5.754114
9	84	15	0	0	20	7	15	3	6	51.63	0		12.056756
9	89	76	0	10	8	0	13	6	3	50.83	0		2.906359
9	88	72	0	0	23	0	12	2	5	14.83	0		3.889538
9	86	20	0	16	0	0	16	7	7	129.82	1		16.539313
11	113	74	0	10	8	3	12	7	5	70.45	0		10.464648
11	105	13	0	0	0	8	17	3	8	77	0		4.898679
11	111	37	0	9	8	8	16	6	4	50.68	0		8.574185
11	112	71	0	0	3	11	14	3	7	58.31	0		13.694348
11	103	5	0	0	15	8	6	5	7	27.21	0		5.753450
11	104	6	0	0	7	13	10	3	6	32.64	0		8.103662
11	114	85	0	0	20	13	10	3	4	14.89	0		6.269020
11	108	31	0	0	11	5	8	2	5	8.51	0		5.609142
11	109	34	0	0	15	15	8	3	3	11.35	0		6.962336
11	110	34	0	0	0	16	8	3	3	11.35	0		6.962336
11	107	24	0	0	13	5	6	2	6	11.71	0		2.971278
11	106	22	0	10	7	12	12	7	4	34.73	1		3.454602
1	9	81	0	0	3	18	16	3	8	358.17	0		79.725658
1	7	66	0	25	7	0	12	6	5	122.23	0		10.970328
1	5	50	0	8	15	0	15	3	7	59.79	0		9.334829
1	2	4	0	0	20	17	9	4	8	47.97	0		7.252563
1	8	78	0	0	6	19	9	4	8	45.18	0		5.754114
1	1	1	0	15	18	0	8	5	7	50.98	0		17.094133
1	3	10	0	8	15	7	11	3	6	39.27	0		7.225577
1	6	63	0	0	20	25	6	5	4	107.45	0		27.168164
1	4	20	0	10	7	16	16	7	7	129.82	1		16.539313
10	100	48	0	23	14	0	15	5	8	93.83	0		5.834746
10	102	66	0	23	19	0	12	6	5	122.23	0		10.970328
10	101	53	0	19	14	8	16	3	5	38.23	0		6.827713
10	94	18	0	8	15	13	12	2	6	23.68	0		34.035280
10	96	31	0	0	18	15	8	2	5	8.51	0		5.609142
10	97	34	0	0	15	18	8	3	3	11.35	0		6.962336
10	95	24	0	0	0	19	6	2	6	11.71	0		2.971278
10	98	41	0	17	0	7	10	6	8	90.40	1		1.950541
10	99	41	0	17	0	15	10	6	8	90.40	1		1.950541
16	157	27	0	23	19	5	16	6	6	84.59	0		3.232774
16	159	61	0	23	19	11	13	6	6	75.85	0		13.853251
16	158	30	0	23	19	17	11	6	6	60.50	0		7.077952
16	161	78	0	20	14	13	9	4	8	45.18	0		5.754114
16	154	5	0	15	19	7	6	5	7	27.21	0		5.753450
16	160	72	0	8	15	19	12	2	5	14.83	0		3.889538
16	155	20	0	9	6	23	16	7	7	129.82	1		16.539313
16	156	22	0	26	7	5	12	7	4	34.73	1		3.454602
4	34	12	0	32	0	0	16	5	7	111.08	0		10.953482
4	38	36	0	32	0	7	16	4	7	65.97	0		16.020325
4	39	37	0	38	5	0	16	6	4	50.68	0		8.574185
4	47	80	0	32	0	14	16	3	8	65.23	0		25.147073
4	42	45	0	20	14	21	8	5	8	54.14	0		10.817565
4	43	45	0	38	11	0	8	5	8	54.14	0		10.817565
4	35	15	0	32	0	22	15	3	6	51.63	0		12.056756
4	45	73	0	23	19	23	14	3	6	39.14	0		4.611823
4	46	73	0	23	22	23	14	3	6	39.14	0		4.611823
4	44	56	0	38	5	4	10	4	4	24.32	0		10.591314
4	40	39	0	38	4	8	7	5	3	14.17	0		3.072826
4	37	32	0	0	3	26	12	2	4	18.46	0		8.512238
4	41	41	0	26	6	9	10	6	8	90.40	1		1.950541
4	36	21	0	17	0	23	13	3	7	51.03	1		3.357686
13	132	49	0	46	11	0	9	7	7	70.41	0		3.387993
13	135	74	0	39	18	0	12	7	5	70.45	0		10.464648
13	134	58	0	39	18	5	13	6	5	40.78	0		13.449629
13	133	54	0	38	11	8	10	4	5	25.65	0		9.652080
13	128	10	0	36	11	13	11	3	6	39.27	0		7.225577
13	127	6	0	36	11	19	10	3	6	32.64	0		8.103662
13	131	35	0	38	9	4	15	2	3	12.93	0		5.407079
13	129	19	0	39	18	10	14	4	6	53.13	1		1.189683
13	130	26	0	37	19	16	16	3	5	27.02	1		1.047578


-------------------------------------------------------------------------------------------------------------------
Tour_Id:			2
No_of_Customers:		5
No_of_Items:			54
Customer_Sequence:		7 17 2 5 14 

CustId	Id	TypeId	Rotated	x	y	z	Length	Width	Height	mass	Fragility	LoadBearingStrength
14	145	82	0	0	0	0	16	5	6	57.37	0		2.623527
14	143	70	0	0	5	0	13	4	8	77.10	0		6.590868
14	136	3	0	0	9	0	15	5	5	41.21	0		8.717979
14	144	78	0	0	14	0	9	4	8	45.18	0		5.754114
14	140	44	0	0	18	0	17	3	4	45.72	0		23.018053
14	137	6	0	0	21	0	10	3	6	32.64	0		8.103662
14	141	51	0	15	5	0	15	6	8	108.82	1		8.960463
14	142	65	0	0	9	5	11	5	7	45.29	1		1.877578
14	146	86	0	0	9	12	7	6	6	31.16	1		1.525958
14	138	26	0	0	18	4	16	3	5	27.02	1		1.047578
14	139	29	0	0	0	6	13	4	3	106.91	1		9.588903
5	49	12	0	15	11	0	16	5	7	111.08	0		10.953482
5	54	75	0	15	11	7	16	6	4	71.24	0		9.709985
5	55	80	0	10	21	0	16	3	8	65.23	0		25.147073
5	50	15	0	0	5	8	15	3	6	51.63	0		12.056756
5	53	73	0	0	5	14	14	3	6	39.14	0		4.611823
5	56	93	0	15	11	11	6	6	6	42.40	0		13.075154
5	51	44	0	0	5	20	17	3	4	45.72	0		23.018053
5	48	10	0	0	15	8	11	3	6	39.27	0		7.225577
5	52	68	0	0	0	9	15	3	5	27.51	1		2.068818
2	14	48	0	16	0	0	15	5	8	93.83	0		5.834746
2	13	43	0	10	21	8	11	4	8	47.89	0		12.251734
2	21	94	0	15	0	8	8	5	8	63.29	0		9.268147
2	15	50	0	17	17	0	15	3	7	59.79	0		9.334829
2	16	57	0	30	5	0	14	5	4	38.98	0		9.744706
2	10	9	0	0	5	24	9	4	5	27.68	0		6.117614
2	12	16	0	15	0	16	9	5	3	23.08	0		10.602325
2	19	63	0	15	11	17	6	5	4	107.45	0		27.168164
2	17	59	0	0	9	18	9	5	7	36.80	1		3.890996
2	18	59	0	15	0	19	9	5	7	36.80	1		3.890996
2	20	86	0	17	5	8	7	6	6	31.16	1		1.525958
2	11	11	0	0	18	9	6	4	6	57.45	1		36.032906
17	164	48	0	30	5	4	15	5	8	93.83	0		5.834746
17	162	28	0	30	5	12	14	6	6	60.34	0		16.112103
17	165	49	0	21	11	11	9	7	7	70.41	0		3.387993
17	167	60	0	21	11	18	10	5	7	58.26	0		19.904831
17	163	45	0	24	0	8	8	5	8	54.14	0		10.817565
17	170	73	0	10	21	16	14	3	6	39.14	0		4.611823
17	166	54	0	10	21	22	10	4	5	25.65	0		9.652080
17	171	84	0	26	20	0	11	3	6	27.21	0		5.344588
17	173	90	0	21	11	25	10	5	3	20.24	0		5.759184
17	172	87	0	15	11	21	6	6	4	21	0		5.060912
17	168	63	0	15	11	25	6	5	4	107.45	0		27.168164
17	169	69	0	30	5	18	16	3	7	58.03	1		2.423794
7	67	7	0	31	11	0	17	6	6	93.01	0		5.479373
7	72	70	0	31	11	6	13	4	8	77.10	0		6.590868
7	65	3	0	32	0	0	15	5	5	41.21	0		8.717979
7	68	17	0	47	0	0	10	7	5	64.07	0		5.176413
7	74	97	0	46	0	5	7	6	7	157.10	0		40.683273
7	66	4	0	24	0	16	9	4	8	47.97	0		7.252563
7	69	18	0	21	16	18	12	2	6	23.68	0		34.035280
7	73	85	0	24	0	24	10	3	4	14.89	0		6.269020
7	70	24	0	21	16	24	6	2	6	11.71	0		2.971278
7	71	68	0	30	8	18	15	3	5	27.51	1		2.068818


-------------------------------------------------------------------------------------------------------------------
Tour_Id:			3
No_of_Customers:		3
No_of_Items:			27
Customer_Sequence:		6 20 8 

CustId	Id	TypeId	Rotated	x	y	z	Length	Width	Height	mass	Fragility	LoadBearingStrength
8	82	98	0	0	0	0	14	6	4	58.38	0		38.286250
8	80	50	0	0	6	0	15	3	7	59.79	0		9.334829
8	78	33	0	0	9	0	10	5	5	52.34	0		12.440169
8	75	9	0	0	14	0	9	4	5	27.68	0		6.117614
8	81	90	0	0	18	0	10	5	3	20.24	0		5.759184
8	77	32	0	0	23	0	12	2	4	18.46	0		8.512238
8	79	34	0	0	18	3	8	3	3	11.35	0		6.962336
8	76	20	0	10	9	0	16	7	7	129.82	1		16.539313
20	195	46	0	0	0	4	12	6	6	142.04	0		13.691474
20	193	38	0	0	0	10	14	6	5	105.49	0		15.946036
20	194	45	0	0	0	15	8	5	8	54.14	0		10.817565
20	199	94	0	8	0	15	8	5	8	63.29	0		9.268147
20	198	93	0	0	0	23	6	6	6	42.40	0		13.075154
20	192	10	0	0	6	7	11	3	6	39.27	0		7.225577
20	200	96	0	6	0	23	8	5	4	24.77	0		37.295104
20	197	90	0	6	0	27	10	5	3	20.24	0		5.759184
20	196	51	0	10	16	0	15	6	8	108.82	1		8.960463
20	190	2	0	10	9	7	11	6	7	63.45	1		1.933496
20	191	2	0	10	16	8	11	6	7	63.45	1		1.933496
6	59	42	0	16	0	0	16	5	8	127.28	0		3.712997
6	62	80	0	15	5	0	16	3	8	65.23	0		25.147073
6	60	43	0	15	5	8	11	4	8	47.89	0		12.251734
6	58	23	0	25	16	0	12	7	4	44.47	0		5.591680
6	63	94	0	15	5	16	8	5	8	63.29	0		9.268147
6	57	4	0	16	0	8	9	4	8	47.97	0		7.252563
6	61	63	0	15	5	24	6	5	4	107.45	0		27.168164
6	64	100	0	10	16	15	9	5	4	36	1		2.676176


-------------------------------------------------------------------------------------------------------------------
Tour_Id:			4
No_of_Customers:		5
No_of_Items:			47
Customer_Sequence:		19 3 12 15 18 

CustId	Id	TypeId	Rotated	x	y	z	Length	Width	Height	mass	Fragility	LoadBearingStrength
18	183	95	0	0	0	0	13	6	8	114.45	0		3.648734
18	176	27	0	0	6	0	16	6	6	84.59	0		3.232774
18	178	60	0	0	12	0	10	5	7	58.26	0		19.904831
18	180	71	0	0	17	0	14	3	7	58.31	0		13.694348
18	175	15	0	0	20	0	15	3	6	51.63	0		12.056756
18	181	76	0	0	6	6	13	6	3	50.83	0		2.906359
18	182	93	0	0	12	7	6	6	6	42.40	0		13.075154
18	174	9	0	0	20	6	9	4	5	27.68	0		6.117614
18	179	69	0	0	0	8	16	3	7	58.03	1		2.423794
18	177	47	0	0	18	7	8	2	8	20.74	1		5.586668
15	150	64	0	0	6	9	12	6	6	82.70	0		8.516836
15	153	98	0	0	6	15	14	6	4	58.38	0		38.286250
15	148	55	0	0	6	19	14	4	3	30.30	0		3.122291
15	149	56	0	0	20	11	10	4	4	24.32	0		10.591314
15	152	87	0	0	12	13	6	6	4	21	0		5.060912
15	151	72	0	0	3	8	12	2	5	14.83	0		3.889538
15	147	51	0	16	0	0	15	6	8	108.82	1		8.960463
12	124	80	0	0	6	22	16	3	8	65.23	0		25.147073
12	119	43	0	0	20	15	11	4	8	47.89	0		12.251734
12	123	79	0	10	12	0	12	3	8	51.32	0		4.105261
12	126	92	0	0	12	17	6	6	5	19.07	0		13.193198
12	121	55	0	0	20	23	14	4	3	30.30	0		3.122291
12	115	16	1	0	9	22	9	5	3	23.08	0		10.602325
12	118	39	1	0	9	25	7	5	3	14.17	0		3.072826
12	117	34	0	0	20	26	8	3	3	11.35	0		6.962336
12	120	51	0	16	6	0	15	6	8	108.82	1		8.960463
12	122	59	0	14	15	0	9	5	7	36.80	1		3.890996
12	116	21	0	0	0	15	13	3	7	51.03	1		3.357686
12	125	86	0	14	15	7	7	6	6	31.16	1		1.525958
3	33	95	0	23	12	0	13	6	8	114.45	0		3.648734
3	22	3	0	23	18	0	15	5	5	41.21	0		8.717979
3	25	17	0	23	12	8	10	7	5	64.07	0		5.176413
3	30	73	0	31	0	0	14	3	6	39.14	0		4.611823
3	27	53	0	6	12	8	16	3	5	38.23	0		6.827713
3	28	53	0	6	12	13	16	3	5	38.23	0		6.827713
3	26	44	0	6	12	18	17	3	4	45.72	0		23.018053
3	32	90	0	22	12	13	10	5	3	20.24	0		5.759184
3	23	8	0	16	0	8	17	5	8	122.14	1		1.752042
3	24	8	0	16	5	8	17	5	8	122.14	1		1.752042
3	29	69	0	0	0	22	16	3	7	58.03	1		2.423794
3	31	88	0	14	15	13	6	5	8	47.87	1		4.344147
19	184	12	0	33	3	0	16	5	7	111.08	0		10.953482
19	189	66	0	33	3	7	12	6	5	122.23	0		10.970328
19	187	43	0	5	12	22	11	4	8	47.89	0		12.251734
19	188	52	0	23	12	16	12	4	7	55.77	0		6.623776
19	186	25	0	33	9	0	11	3	8	51.75	0		7.641472
19	185	24	0	16	12	22	6	2	6	11.71	0		2.971278


