Name:				032_n020_m200_bt3
Problem:			3L-VRPTW
Number_of_used_Vehicles:	3
Total_Travel_Distance:		361.82
Calculation_Time:		3600.00
Total_Iterations:		7614
ConstraintSet:			P1

-------------------------------------------------------------------------------------------------------------------
Tour_Id:			1
No_of_Customers:		8
No_of_Items:			82
Customer_Sequence:		13 19 10 4 8 11 15 5 

CustId	Id	TypeId	Rotated	x	y	z	Length	Width	Height	mass	Fragility	LoadBearingStrength
5	42	1	0	0	0	0	15	3	8	46.79	0		2.102335
5	43	1	0	0	3	0	15	3	8	46.79	0		2.102335
5	44	1	0	0	6	0	15	3	8	46.79	0		2.102335
5	45	2	0	0	9	0	9	6	5	124.55	0		15.886810
5	46	2	0	0	15	0	9	6	5	124.55	0		15.886810
5	47	2	0	0	9	5	9	6	5	124.55	0		15.886810
5	48	2	0	0	15	5	9	6	5	124.55	0		15.886810
5	49	3	0	0	0	8	17	5	7	96.36	1		2.905919
15	140	1	0	0	21	0	15	3	8	46.79	0		2.102335
15	141	1	0	0	5	8	15	3	8	46.79	0		2.102335
15	142	1	0	0	21	8	15	3	8	46.79	0		2.102335
15	143	1	0	0	5	16	15	3	8	46.79	0		2.102335
15	144	1	0	0	21	16	15	3	8	46.79	0		2.102335
4	39	3	0	0	0	15	17	5	7	96.36	1		2.905919
15	146	2	0	0	8	10	9	6	5	124.55	0		15.886810
15	147	3	0	9	9	0	17	5	7	96.36	1		2.905919
15	148	3	0	9	14	0	17	5	7	96.36	1		2.905919
15	149	3	0	9	9	7	17	5	7	96.36	1		2.905919
15	150	3	0	9	14	7	17	5	7	96.36	1		2.905919
11	102	1	0	15	5	0	15	3	8	46.79	0		2.102335
11	101	1	0	15	19	0	15	3	8	46.79	0		2.102335
15	151	3	0	9	8	14	17	5	7	96.36	1		2.905919
11	103	2	0	26	8	0	9	6	5	124.55	0		15.886810
11	104	2	0	26	8	5	9	6	5	124.55	0		15.886810
11	105	2	0	26	8	10	9	6	5	124.55	0		15.886810
11	106	2	0	26	8	15	9	6	5	124.55	0		15.886810
11	107	3	0	9	13	14	17	5	7	96.36	1		2.905919
11	108	3	0	9	8	21	17	5	7	96.36	1		2.905919
11	109	3	0	9	13	21	17	5	7	96.36	1		2.905919
11	110	3	0	17	0	0	17	5	7	96.36	1		2.905919
11	111	3	0	17	0	7	17	5	7	96.36	1		2.905919
11	112	3	0	26	14	0	17	5	7	96.36	1		2.905919
8	69	1	0	15	22	0	15	3	8	46.79	0		2.102335
8	70	2	0	15	19	8	9	6	5	124.55	0		15.886810
8	71	2	0	15	19	13	9	6	5	124.55	0		15.886810
8	72	2	0	15	18	18	9	6	5	124.55	0		15.886810
8	73	2	0	15	18	23	9	6	5	124.55	0		15.886810
8	74	2	0	26	8	20	9	6	5	124.55	0		15.886810
8	75	3	0	26	14	7	17	5	7	96.36	1		2.905919
8	76	3	0	26	14	14	17	5	7	96.36	1		2.905919
4	32	1	0	15	5	8	15	3	8	46.79	0		2.102335
4	33	1	0	15	5	16	15	3	8	46.79	0		2.102335
4	34	1	0	30	5	0	15	3	8	46.79	0		2.102335
4	35	1	0	30	19	0	15	3	8	46.79	0		2.102335
4	36	1	0	24	19	8	15	3	8	46.79	0		2.102335
4	37	2	0	26	8	25	9	6	5	124.55	0		15.886810
4	38	3	0	0	0	22	17	5	7	96.36	1		2.905919
10	95	2	0	35	8	0	9	6	5	124.55	0		15.886810
4	40	3	0	17	0	14	17	5	7	96.36	1		2.905919
4	41	3	0	17	0	21	17	5	7	96.36	1		2.905919
10	87	1	0	24	19	16	15	3	8	46.79	0		2.102335
10	88	1	0	30	22	0	15	3	8	46.79	0		2.102335
10	89	1	0	24	22	8	15	3	8	46.79	0		2.102335
15	145	2	0	0	14	10	9	6	5	124.55	0		15.886810
10	91	1	0	24	22	16	15	3	8	46.79	0		2.102335
10	92	2	0	24	18	24	9	6	5	124.55	0		15.886810
10	93	2	0	35	8	5	9	6	5	124.55	0		15.886810
10	94	2	0	35	8	10	9	6	5	124.55	0		15.886810
10	90	1	0	30	5	8	15	3	8	46.79	0		2.102335
10	96	3	0	34	0	0	17	5	7	96.36	1		2.905919
10	97	3	0	34	0	7	17	5	7	96.36	1		2.905919
10	98	3	0	34	0	14	17	5	7	96.36	1		2.905919
10	99	3	0	34	0	21	17	5	7	96.36	1		2.905919
10	100	3	0	43	14	0	17	5	7	96.36	1		2.905919
19	181	1	0	30	5	16	15	3	8	46.79	0		2.102335
19	182	1	0	44	8	0	15	3	8	46.79	0		2.102335
19	183	1	0	44	11	0	15	3	8	46.79	0		2.102335
19	184	1	0	44	8	8	15	3	8	46.79	0		2.102335
19	185	2	0	35	8	15	9	6	5	124.55	0		15.886810
19	186	2	0	35	8	20	9	6	5	124.55	0		15.886810
19	187	2	0	35	8	25	9	6	5	124.55	0		15.886810
13	122	1	0	44	11	8	15	3	8	46.79	0		2.102335
13	128	2	0	44	8	16	9	6	5	124.55	0		15.886810
13	124	2	0	44	8	21	9	6	5	124.55	0		15.886810
13	125	2	0	45	19	0	9	6	5	124.55	0		15.886810
13	126	2	0	45	19	5	9	6	5	124.55	0		15.886810
13	127	2	0	45	19	10	9	6	5	124.55	0		15.886810
13	123	1	0	45	5	0	15	3	8	46.79	0		2.102335
13	129	2	0	45	19	15	9	6	5	124.55	0		15.886810
13	130	2	0	45	19	20	9	6	5	124.55	0		15.886810
13	131	2	0	45	19	25	9	6	5	124.55	0		15.886810
13	132	3	0	43	14	7	17	5	7	96.36	1		2.905919


-------------------------------------------------------------------------------------------------------------------
Tour_Id:			2
No_of_Customers:		9
No_of_Items:			88
Customer_Sequence:		3 7 20 14 18 1 17 6 16 

CustId	Id	TypeId	Rotated	x	y	z	Length	Width	Height	mass	Fragility	LoadBearingStrength
16	152	1	0	0	0	0	15	3	8	46.79	0		2.102335
16	153	1	0	0	3	0	15	3	8	46.79	0		2.102335
16	160	2	0	0	6	0	9	6	5	124.55	0		15.886810
16	155	1	0	0	12	0	15	3	8	46.79	0		2.102335
16	156	1	0	0	15	0	15	3	8	46.79	0		2.102335
16	157	1	0	0	18	0	15	3	8	46.79	0		2.102335
17	172	3	0	0	0	8	17	5	7	96.36	1		2.905919
16	159	2	0	0	6	5	9	6	5	124.55	0		15.886810
17	167	1	0	0	21	0	15	3	8	46.79	0		2.102335
16	161	2	0	0	12	8	9	6	5	124.55	0		15.886810
16	162	3	0	9	6	0	17	5	7	96.36	1		2.905919
16	163	3	0	9	6	7	17	5	7	96.36	1		2.905919
16	164	3	0	9	6	14	17	5	7	96.36	1		2.905919
6	53	2	0	0	11	13	9	6	5	124.55	0		15.886810
6	51	1	0	0	18	8	15	3	8	46.79	0		2.102335
6	52	1	0	0	18	16	15	3	8	46.79	0		2.102335
6	50	1	0	15	0	0	15	3	8	46.79	0		2.102335
6	54	2	0	0	11	18	9	6	5	124.55	0		15.886810
6	55	3	0	9	6	21	17	5	7	96.36	1		2.905919
6	56	3	0	15	11	0	17	5	7	96.36	1		2.905919
17	165	1	0	0	21	8	15	3	8	46.79	0		2.102335
17	173	3	0	0	0	15	17	5	7	96.36	1		2.905919
16	154	1	0	15	3	0	15	3	8	46.79	0		2.102335
17	168	2	0	0	11	23	9	6	5	124.55	0		15.886810
17	174	3	0	0	0	22	17	5	7	96.36	1		2.905919
17	170	2	0	15	16	0	9	6	5	124.55	0		15.886810
17	171	2	0	15	16	5	9	6	5	124.55	0		15.886810
16	158	2	0	0	5	10	9	6	5	124.55	0		15.886810
17	166	1	0	0	21	16	15	3	8	46.79	0		2.102335
1	8	2	0	0	17	24	9	6	5	124.55	0		15.886810
1	1	1	0	15	22	0	15	3	8	46.79	0		2.102335
17	169	2	0	15	16	10	9	6	5	124.55	0		15.886810
1	3	2	0	15	16	15	9	6	5	124.55	0		15.886810
1	4	2	0	15	16	20	9	6	5	124.55	0		15.886810
1	5	2	0	15	16	25	9	6	5	124.55	0		15.886810
1	6	2	0	17	0	8	9	6	5	124.55	0		15.886810
18	177	1	0	15	22	8	15	3	8	46.79	0		2.102335
1	2	1	0	24	16	0	15	3	8	46.79	0		2.102335
1	9	2	0	17	0	13	9	6	5	124.55	0		15.886810
1	10	3	0	15	11	7	17	5	7	96.36	1		2.905919
1	11	3	0	15	11	14	17	5	7	96.36	1		2.905919
14	137	2	0	17	0	18	9	6	5	124.55	0		15.886810
18	180	3	0	15	11	21	17	5	7	96.36	1		2.905919
1	7	2	0	30	0	0	9	6	5	124.55	0		15.886810
18	178	2	0	30	0	5	9	6	5	124.55	0		15.886810
18	179	2	0	30	0	10	9	6	5	124.55	0		15.886810
20	198	3	0	26	6	0	17	5	7	96.36	1		2.905919
14	133	1	0	15	22	16	15	3	8	46.79	0		2.102335
14	134	1	0	24	19	0	15	3	8	46.79	0		2.102335
14	136	2	0	17	0	23	9	6	5	124.55	0		15.886810
14	135	1	0	24	16	8	15	3	8	46.79	0		2.102335
18	175	1	0	30	22	0	15	3	8	46.79	0		2.102335
14	138	3	0	32	11	0	17	5	7	96.36	1		2.905919
14	139	3	0	32	11	7	17	5	7	96.36	1		2.905919
20	188	1	0	24	19	8	15	3	8	46.79	0		2.102335
20	189	1	0	24	16	16	15	3	8	46.79	0		2.102335
20	190	2	0	30	0	15	9	6	5	124.55	0		15.886810
20	191	2	0	30	0	20	9	6	5	124.55	0		15.886810
20	192	2	0	30	0	25	9	6	5	124.55	0		15.886810
20	193	2	0	39	0	0	9	6	5	124.55	0		15.886810
20	194	3	0	26	6	7	17	5	7	96.36	1		2.905919
20	195	3	0	26	6	14	17	5	7	96.36	1		2.905919
20	196	3	0	26	6	21	17	5	7	96.36	1		2.905919
20	197	3	0	32	11	14	17	5	7	96.36	1		2.905919
18	176	1	0	30	22	8	15	3	8	46.79	0		2.102335
7	59	1	0	24	19	16	15	3	8	46.79	0		2.102335
20	200	3	0	32	11	21	17	5	7	96.36	1		2.905919
7	67	3	0	39	16	0	17	5	7	96.36	1		2.905919
7	63	2	0	24	16	24	9	6	5	124.55	0		15.886810
20	199	3	0	43	6	0	17	5	7	96.36	1		2.905919
3	23	1	0	30	22	16	15	3	8	46.79	0		2.102335
7	61	2	0	39	0	5	9	6	5	124.55	0		15.886810
7	62	2	0	39	0	10	9	6	5	124.55	0		15.886810
7	58	1	0	45	21	0	15	3	8	46.79	0		2.102335
7	64	3	0	39	16	7	17	5	7	96.36	1		2.905919
7	60	2	0	39	0	15	9	6	5	124.55	0		15.886810
7	66	3	0	39	16	14	17	5	7	96.36	1		2.905919
7	57	1	0	45	21	8	15	3	8	46.79	0		2.102335
7	68	3	0	39	16	21	17	5	7	96.36	1		2.905919
7	65	3	0	43	6	7	17	5	7	96.36	1		2.905919
3	24	1	0	45	21	16	15	3	8	46.79	0		2.102335
3	25	2	0	39	0	20	9	6	5	124.55	0		15.886810
3	26	2	0	39	0	25	9	6	5	124.55	0		15.886810
3	27	2	0	48	0	0	9	6	5	124.55	0		15.886810
3	28	2	0	48	0	5	9	6	5	124.55	0		15.886810
3	29	2	0	48	0	10	9	6	5	124.55	0		15.886810
3	30	3	0	43	6	14	17	5	7	96.36	1		2.905919
3	31	3	0	43	6	21	17	5	7	96.36	1		2.905919


-------------------------------------------------------------------------------------------------------------------
Tour_Id:			3
No_of_Customers:		3
No_of_Items:			30
Customer_Sequence:		12 2 9 

CustId	Id	TypeId	Rotated	x	y	z	Length	Width	Height	mass	Fragility	LoadBearingStrength
9	77	1	0	0	0	0	15	3	8	46.79	0		2.102335
9	78	1	0	0	3	0	15	3	8	46.79	0		2.102335
9	79	1	0	0	6	0	15	3	8	46.79	0		2.102335
9	80	1	0	0	9	0	15	3	8	46.79	0		2.102335
9	81	2	0	0	12	0	9	6	5	124.55	0		15.886810
9	82	3	0	0	18	0	17	5	7	96.36	1		2.905919
9	83	3	0	0	18	7	17	5	7	96.36	1		2.905919
9	84	3	0	0	0	8	17	5	7	96.36	1		2.905919
9	85	3	0	0	5	8	17	5	7	96.36	1		2.905919
9	86	3	0	0	18	14	17	5	7	96.36	1		2.905919
2	12	1	0	9	12	0	15	3	8	46.79	0		2.102335
2	13	1	0	0	10	8	15	3	8	46.79	0		2.102335
2	14	1	0	0	10	16	15	3	8	46.79	0		2.102335
2	15	1	0	9	15	0	15	3	8	46.79	0		2.102335
2	16	2	0	17	18	0	9	6	5	124.55	0		15.886810
2	17	2	0	17	18	5	9	6	5	124.55	0		15.886810
2	18	2	0	17	0	0	9	6	5	124.55	0		15.886810
2	19	2	0	17	6	0	9	6	5	124.55	0		15.886810
2	20	3	0	0	0	15	17	5	7	96.36	1		2.905919
2	21	3	0	0	5	15	17	5	7	96.36	1		2.905919
2	22	3	0	0	18	21	17	5	7	96.36	1		2.905919
12	113	1	0	9	15	8	15	3	8	46.79	0		2.102335
12	114	1	0	9	15	16	15	3	8	46.79	0		2.102335
12	115	1	0	24	12	0	15	3	8	46.79	0		2.102335
12	116	1	0	24	15	0	15	3	8	46.79	0		2.102335
12	117	2	0	17	0	5	9	6	5	124.55	0		15.886810
12	118	2	0	17	6	5	9	6	5	124.55	0		15.886810
12	119	3	0	0	0	22	17	5	7	96.36	1		2.905919
12	120	3	0	0	5	22	17	5	7	96.36	1		2.905919
12	121	3	0	24	12	8	17	5	7	96.36	1		2.905919


