Name:				033_n020_m200_bt3
Problem:			3L-VRPTW
Number_of_used_Vehicles:	4
Total_Travel_Distance:		444.05
Calculation_Time:		3600.00
Total_Iterations:		412
ConstraintSet:			P1

-------------------------------------------------------------------------------------------------------------------
Tour_Id:			1
No_of_Customers:		4
No_of_Items:			40
Customer_Sequence:		3 1 18 13 

CustId	Id	TypeId	Rotated	x	y	z	Length	Width	Height	mass	Fragility	LoadBearingStrength
13	140	3	0	0	0	0	8	6	4	61.91	0		18.490325
13	141	3	0	0	6	0	8	6	4	61.91	0		18.490325
13	142	3	0	0	12	0	8	6	4	61.91	0		18.490325
13	132	1	0	0	18	0	17	3	3	46.27	0		15.131807
13	133	1	0	0	21	0	17	3	3	46.27	0		15.131807
13	134	1	0	0	18	3	17	3	3	46.27	0		15.131807
13	135	1	0	0	21	3	17	3	3	46.27	0		15.131807
13	136	1	1	0	0	4	17	3	3	46.27	0		15.131807
13	137	1	0	0	18	6	17	3	3	46.27	0		15.131807
13	138	1	0	0	21	6	17	3	3	46.27	0		15.131807
13	139	2	0	0	18	9	10	6	5	169.39	1		3.544409
18	183	3	1	3	0	4	8	6	4	61.91	0		18.490325
18	177	1	1	0	0	7	17	3	3	46.27	0		15.131807
18	178	1	1	0	0	10	17	3	3	46.27	0		15.131807
18	179	1	1	0	0	13	17	3	3	46.27	0		15.131807
18	180	2	0	0	18	14	10	6	5	169.39	1		3.544409
18	181	2	0	0	18	19	10	6	5	169.39	1		3.544409
18	182	2	0	0	18	24	10	6	5	169.39	1		3.544409
1	13	3	1	3	8	4	8	6	4	61.91	0		18.490325
1	14	3	0	3	0	8	8	6	4	61.91	0		18.490325
1	15	3	0	3	6	8	8	6	4	61.91	0		18.490325
1	1	1	1	0	0	16	17	3	3	46.27	0		15.131807
1	2	1	1	0	0	19	17	3	3	46.27	0		15.131807
1	3	1	1	0	0	22	17	3	3	46.27	0		15.131807
1	4	1	1	0	0	25	17	3	3	46.27	0		15.131807
1	5	1	0	8	12	0	17	3	3	46.27	0		15.131807
1	6	1	0	8	15	0	17	3	3	46.27	0		15.131807
1	7	1	0	17	18	0	17	3	3	46.27	0		15.131807
1	8	2	0	3	0	12	10	6	5	169.39	1		3.544409
1	9	2	0	3	6	12	10	6	5	169.39	1		3.544409
1	10	2	0	3	0	17	10	6	5	169.39	1		3.544409
1	11	2	0	3	6	17	10	6	5	169.39	1		3.544409
1	12	2	0	3	0	22	10	6	5	169.39	1		3.544409
3	32	3	0	10	18	9	8	6	4	61.91	0		18.490325
3	26	1	0	17	21	0	17	3	3	46.27	0		15.131807
3	27	1	0	17	18	3	17	3	3	46.27	0		15.131807
3	28	1	0	17	21	3	17	3	3	46.27	0		15.131807
3	29	1	0	17	18	6	17	3	3	46.27	0		15.131807
3	30	2	0	3	6	22	10	6	5	169.39	1		3.544409
3	31	2	0	10	18	13	10	6	5	169.39	1		3.544409


-------------------------------------------------------------------------------------------------------------------
Tour_Id:			2
No_of_Customers:		7
No_of_Items:			72
Customer_Sequence:		11 6 5 16 9 15 10 

CustId	Id	TypeId	Rotated	x	y	z	Length	Width	Height	mass	Fragility	LoadBearingStrength
10	107	3	0	0	0	0	8	6	4	61.91	0		18.490325
10	108	3	0	0	6	0	8	6	4	61.91	0		18.490325
16	164	2	0	0	12	0	10	6	5	169.39	1		3.544409
10	110	3	0	0	18	0	8	6	4	61.91	0		18.490325
10	102	1	0	8	0	0	17	3	3	46.27	0		15.131807
10	103	1	0	8	3	0	17	3	3	46.27	0		15.131807
10	104	2	0	0	0	4	10	6	5	169.39	1		3.544409
10	105	2	0	0	6	4	10	6	5	169.39	1		3.544409
10	106	2	0	0	18	4	10	6	5	169.39	1		3.544409
15	157	3	0	25	0	0	8	6	4	61.91	0		18.490325
15	152	1	0	25	6	0	17	3	3	46.27	0		15.131807
15	153	1	0	25	9	0	17	3	3	46.27	0		15.131807
15	154	1	0	25	6	3	17	3	3	46.27	0		15.131807
15	155	2	0	0	0	9	10	6	5	169.39	1		3.544409
15	156	2	0	0	6	9	10	6	5	169.39	1		3.544409
9	100	3	0	25	0	4	8	6	4	61.91	0		18.490325
9	101	3	0	25	0	8	8	6	4	61.91	0		18.490325
9	92	1	0	25	9	3	17	3	3	46.27	0		15.131807
9	93	1	0	25	6	6	17	3	3	46.27	0		15.131807
9	94	1	0	25	9	6	17	3	3	46.27	0		15.131807
9	95	1	0	25	6	9	17	3	3	46.27	0		15.131807
9	96	1	0	25	9	9	17	3	3	46.27	0		15.131807
9	97	2	0	0	18	9	10	6	5	169.39	1		3.544409
9	98	2	0	0	0	14	10	6	5	169.39	1		3.544409
9	99	2	0	0	6	14	10	6	5	169.39	1		3.544409
16	165	3	0	10	12	0	8	6	4	61.91	0		18.490325
16	158	1	0	10	18	0	17	3	3	46.27	0		15.131807
16	159	2	0	0	12	5	10	6	5	169.39	1		3.544409
16	160	2	0	0	12	10	10	6	5	169.39	1		3.544409
16	161	2	0	0	18	14	10	6	5	169.39	1		3.544409
16	162	2	0	0	12	15	10	6	5	169.39	1		3.544409
16	163	2	0	0	0	19	10	6	5	169.39	1		3.544409
10	109	3	0	8	6	0	8	6	4	61.91	0		18.490325
5	53	3	0	10	12	4	8	6	4	61.91	0		18.490325
5	54	3	0	10	12	8	8	6	4	61.91	0		18.490325
5	55	3	0	10	12	12	8	6	4	61.91	0		18.490325
5	43	1	0	10	21	0	17	3	3	46.27	0		15.131807
5	44	1	0	10	18	3	17	3	3	46.27	0		15.131807
5	45	1	0	10	21	3	17	3	3	46.27	0		15.131807
5	46	1	0	10	18	6	17	3	3	46.27	0		15.131807
5	47	1	0	10	21	6	17	3	3	46.27	0		15.131807
5	48	1	0	10	18	9	17	3	3	46.27	0		15.131807
5	49	2	0	0	6	19	10	6	5	169.39	1		3.544409
5	50	2	0	0	18	19	10	6	5	169.39	1		3.544409
5	51	2	0	0	12	20	10	6	5	169.39	1		3.544409
5	52	2	0	0	0	24	10	6	5	169.39	1		3.544409
6	63	3	0	10	12	16	8	6	4	61.91	0		18.490325
6	64	3	0	10	12	20	8	6	4	61.91	0		18.490325
6	65	3	0	10	12	24	8	6	4	61.91	0		18.490325
6	66	3	0	18	12	0	8	6	4	61.91	0		18.490325
6	67	3	0	18	12	4	8	6	4	61.91	0		18.490325
6	68	3	0	18	12	8	8	6	4	61.91	0		18.490325
6	56	1	0	10	21	9	17	3	3	46.27	0		15.131807
6	57	1	0	10	18	12	17	3	3	46.27	0		15.131807
6	58	1	0	10	21	12	17	3	3	46.27	0		15.131807
6	59	2	0	0	6	24	10	6	5	169.39	1		3.544409
6	60	2	0	0	18	24	10	6	5	169.39	1		3.544409
6	61	2	0	0	12	25	10	6	5	169.39	1		3.544409
6	62	2	0	10	18	15	10	6	5	169.39	1		3.544409
11	121	3	0	18	12	12	8	6	4	61.91	0		18.490325
11	122	3	0	18	12	16	8	6	4	61.91	0		18.490325
11	123	3	0	18	12	20	8	6	4	61.91	0		18.490325
11	111	1	0	25	6	12	17	3	3	46.27	0		15.131807
11	112	1	0	25	9	12	17	3	3	46.27	0		15.131807
11	113	1	0	25	6	15	17	3	3	46.27	0		15.131807
11	114	1	0	25	9	15	17	3	3	46.27	0		15.131807
11	115	1	0	25	6	18	17	3	3	46.27	0		15.131807
11	116	1	0	25	9	18	17	3	3	46.27	0		15.131807
11	117	2	0	10	18	20	10	6	5	169.39	1		3.544409
11	118	2	0	10	18	25	10	6	5	169.39	1		3.544409
11	119	2	0	18	12	24	10	6	5	169.39	1		3.544409
11	120	2	0	25	0	12	10	6	5	169.39	1		3.544409


-------------------------------------------------------------------------------------------------------------------
Tour_Id:			3
No_of_Customers:		6
No_of_Items:			53
Customer_Sequence:		19 20 2 12 4 7 

CustId	Id	TypeId	Rotated	x	y	z	Length	Width	Height	mass	Fragility	LoadBearingStrength
7	75	3	0	0	0	0	8	6	4	61.91	0		18.490325
7	76	3	0	0	6	0	8	6	4	61.91	0		18.490325
7	69	1	0	0	12	0	17	3	3	46.27	0		15.131807
7	70	1	0	0	15	0	17	3	3	46.27	0		15.131807
2	23	3	0	0	18	0	8	6	4	61.91	0		18.490325
7	72	2	0	0	12	3	10	6	5	169.39	1		3.544409
7	73	2	0	0	0	4	10	6	5	169.39	1		3.544409
7	74	2	0	0	6	4	10	6	5	169.39	1		3.544409
4	38	3	0	10	12	3	8	6	4	61.91	0		18.490325
4	39	3	0	10	12	7	8	6	4	61.91	0		18.490325
4	40	3	0	10	12	11	8	6	4	61.91	0		18.490325
4	41	3	0	10	12	15	8	6	4	61.91	0		18.490325
4	42	3	0	10	12	19	8	6	4	61.91	0		18.490325
4	33	1	0	17	12	0	17	3	3	46.27	0		15.131807
4	34	2	0	0	12	8	10	6	5	169.39	1		3.544409
4	35	2	0	0	0	9	10	6	5	169.39	1		3.544409
4	36	2	0	0	6	9	10	6	5	169.39	1		3.544409
4	37	2	0	0	12	13	10	6	5	169.39	1		3.544409
12	131	3	0	10	12	23	8	6	4	61.91	0		18.490325
12	124	1	0	18	12	3	17	3	3	46.27	0		15.131807
12	125	1	0	18	12	6	17	3	3	46.27	0		15.131807
12	126	1	0	18	12	9	17	3	3	46.27	0		15.131807
12	127	2	0	0	0	14	10	6	5	169.39	1		3.544409
12	128	2	0	0	6	14	10	6	5	169.39	1		3.544409
12	129	2	0	0	0	19	10	6	5	169.39	1		3.544409
12	130	2	0	0	6	19	10	6	5	169.39	1		3.544409
2	21	3	0	0	18	4	8	6	4	61.91	0		18.490325
2	22	3	0	0	18	8	8	6	4	61.91	0		18.490325
7	71	1	0	8	0	0	17	3	3	46.27	0		15.131807
2	24	3	0	0	18	12	8	6	4	61.91	0		18.490325
2	25	3	0	0	18	16	8	6	4	61.91	0		18.490325
2	16	1	0	8	18	0	17	3	3	46.27	0		15.131807
2	17	2	0	0	18	20	10	6	5	169.39	1		3.544409
20	200	3	0	25	0	0	8	6	4	61.91	0		18.490325
2	19	2	0	0	0	24	10	6	5	169.39	1		3.544409
2	20	2	0	0	6	24	10	6	5	169.39	1		3.544409
20	196	3	0	25	6	0	8	6	4	61.91	0		18.490325
20	197	3	0	25	18	0	8	6	4	61.91	0		18.490325
20	198	3	0	25	0	4	8	6	4	61.91	0		18.490325
20	199	3	0	25	6	4	8	6	4	61.91	0		18.490325
2	18	2	0	0	18	25	10	6	5	169.39	1		3.544409
20	194	1	0	18	12	12	17	3	3	46.27	0		15.131807
20	195	2	0	25	18	4	10	6	5	169.39	1		3.544409
19	192	3	0	25	0	8	8	6	4	61.91	0		18.490325
19	193	3	0	25	6	8	8	6	4	61.91	0		18.490325
19	184	1	0	18	12	15	17	3	3	46.27	0		15.131807
19	185	1	0	18	12	18	17	3	3	46.27	0		15.131807
19	186	1	0	18	12	21	17	3	3	46.27	0		15.131807
19	187	1	0	18	12	24	17	3	3	46.27	0		15.131807
19	188	2	0	25	18	9	10	6	5	169.39	1		3.544409
19	189	2	0	25	0	12	10	6	5	169.39	1		3.544409
19	190	2	0	25	6	12	10	6	5	169.39	1		3.544409
19	191	2	0	25	18	14	10	6	5	169.39	1		3.544409


-------------------------------------------------------------------------------------------------------------------
Tour_Id:			4
No_of_Customers:		3
No_of_Items:			35
Customer_Sequence:		17 8 14 

CustId	Id	TypeId	Rotated	x	y	z	Length	Width	Height	mass	Fragility	LoadBearingStrength
14	150	3	0	0	0	0	8	6	4	61.91	0		18.490325
14	151	3	0	0	6	0	8	6	4	61.91	0		18.490325
14	143	1	0	0	12	0	17	3	3	46.27	0		15.131807
14	144	1	0	0	15	0	17	3	3	46.27	0		15.131807
14	145	1	0	0	18	0	17	3	3	46.27	0		15.131807
14	146	1	0	0	21	0	17	3	3	46.27	0		15.131807
14	147	2	0	0	12	3	10	6	5	169.39	1		3.544409
14	148	2	0	0	18	3	10	6	5	169.39	1		3.544409
14	149	2	0	0	0	4	10	6	5	169.39	1		3.544409
8	85	3	0	0	6	4	8	6	4	61.91	0		18.490325
8	86	3	0	0	6	8	8	6	4	61.91	0		18.490325
8	87	3	0	0	6	12	8	6	4	61.91	0		18.490325
8	88	3	0	0	6	16	8	6	4	61.91	0		18.490325
8	89	3	0	0	6	20	8	6	4	61.91	0		18.490325
8	90	3	0	0	6	24	8	6	4	61.91	0		18.490325
8	91	3	0	8	6	0	8	6	4	61.91	0		18.490325
8	77	1	0	16	6	0	17	3	3	46.27	0		15.131807
8	78	1	0	16	9	0	17	3	3	46.27	0		15.131807
8	79	1	0	16	6	3	17	3	3	46.27	0		15.131807
8	80	1	0	16	9	3	17	3	3	46.27	0		15.131807
8	81	2	0	0	12	8	10	6	5	169.39	1		3.544409
8	82	2	0	0	18	8	10	6	5	169.39	1		3.544409
8	83	2	0	0	0	9	10	6	5	169.39	1		3.544409
8	84	2	0	0	12	13	10	6	5	169.39	1		3.544409
17	173	3	0	10	12	3	8	6	4	61.91	0		18.490325
17	174	3	0	10	18	3	8	6	4	61.91	0		18.490325
17	175	3	0	10	12	7	8	6	4	61.91	0		18.490325
17	176	3	0	10	18	7	8	6	4	61.91	0		18.490325
17	166	1	0	16	6	6	17	3	3	46.27	0		15.131807
17	167	1	0	16	9	6	17	3	3	46.27	0		15.131807
17	168	2	0	0	18	13	10	6	5	169.39	1		3.544409
17	169	2	0	0	0	14	10	6	5	169.39	1		3.544409
17	170	2	0	0	12	18	10	6	5	169.39	1		3.544409
17	171	2	0	0	18	18	10	6	5	169.39	1		3.544409
17	172	2	0	0	0	19	10	6	5	169.39	1		3.544409


