Name:				042_n020_m200_bt100
Problem:			3L-VRPTW
Number_of_used_Vehicles:	3
Total_Travel_Distance:		432.08
Calculation_Time:		3600.00
Total_Iterations:		8432
ConstraintSet:			P1

-------------------------------------------------------------------------------------------------------------------
Tour_Id:			1
No_of_Customers:		7
No_of_Items:			75
Customer_Sequence:		7 4 6 5 10 11 20 

CustId	Id	TypeId	Rotated	x	y	z	Length	Width	Height	mass	Fragility	LoadBearingStrength
20	195	65	0	0	0	0	17	6	8	100.32	0		8.099980
20	198	76	0	0	6	0	14	6	5	42.74	0		2.302079
20	196	67	0	0	12	0	10	3	8	41.29	0		11.431594
20	200	100	0	0	15	0	11	4	4	28.28	0		9.869395
20	191	18	0	0	19	0	11	2	8	34.86	0		4.795784
20	194	52	0	0	6	5	7	5	5	23.75	0		13.035654
20	197	72	0	0	21	0	6	2	6	9.66	0		4.718994
20	193	49	0	0	0	8	15	4	8	80.61	1		1.155087
20	199	77	0	0	0	16	16	5	4	50.12	1		4.736503
20	192	24	0	0	6	10	8	5	7	51.08	1		1.659078
20	190	15	0	0	15	4	9	3	6	18.76	1		1.227905
11	105	74	0	11	12	0	17	6	6	78.01	0		3.016394
11	103	66	0	11	18	0	15	6	6	73.01	0		6.537108
11	99	47	0	10	12	6	14	6	6	66.58	0		3.374407
11	106	76	0	10	12	12	14	6	5	42.74	0		2.302079
11	101	52	0	8	6	5	7	5	5	23.75	0		13.035654
11	98	41	0	8	5	10	7	6	5	21.05	0		3.275268
11	110	98	0	10	12	17	16	6	4	63.20	0		11.019605
11	102	52	0	8	5	15	7	5	5	23.75	0		13.035654
11	104	72	0	0	23	0	6	2	6	9.66	0		4.718994
11	108	77	0	0	0	20	16	5	4	50.12	1		4.736503
11	107	77	0	0	0	24	16	5	4	50.12	1		4.736503
11	100	49	0	10	12	21	15	4	8	80.61	1		1.155087
11	109	83	0	0	5	17	7	6	3	32.25	1		1.977086
10	95	65	0	11	18	6	17	6	8	100.32	0		8.099980
10	97	98	0	11	18	14	16	6	4	63.20	0		11.019605
5	43	37	0	7	5	20	6	5	5	16.83	0		7.990309
10	94	56	0	11	18	18	9	5	7	170.96	0		53.206850
7	68	46	0	11	18	25	10	5	3	23.42	0		31.731566
10	91	39	0	15	6	0	10	3	7	39.61	0		9.975920
10	89	19	0	0	21	6	6	2	3	7.06	0		4.271417
10	96	87	0	17	0	0	17	6	8	134.85	1		3.397271
10	92	51	0	16	0	8	13	6	8	104.09	1		1.636546
10	93	51	0	25	6	0	13	6	8	104.09	1		1.636546
5	38	8	0	28	12	0	16	6	7	85.03	0		8.611966
5	52	97	0	26	12	7	15	4	7	81.50	0		14.915416
5	47	68	0	26	12	14	14	3	8	44.02	0		6.608870
5	44	41	0	20	18	18	7	6	5	21.05	0		3.275268
5	51	94	0	25	12	22	14	3	4	16.88	0		5.189095
5	48	69	0	28	18	0	7	3	8	18.42	0		5.203312
10	90	26	0	28	21	0	13	4	7	62.20	0		13.472592
5	41	23	0	34	0	0	8	6	3	28.61	0		5.218508
5	46	60	0	10	16	21	8	2	7	19.07	0		4.729589
5	45	51	0	16	0	16	13	6	8	104.09	1		1.636546
5	50	86	0	25	6	8	13	4	8	44.64	1		2.137643
5	39	9	0	16	0	24	13	5	3	19.60	1		3.562052
5	40	15	0	25	6	16	9	3	6	18.76	1		1.227905
5	42	28	0	7	5	25	8	5	4	22.85	1		1.715042
5	49	83	0	0	5	20	7	6	3	32.25	1		1.977086
6	53	20	0	38	6	0	15	6	6	84.55	0		8.599731
6	56	47	0	38	6	6	14	6	6	66.58	0		3.374407
6	60	93	0	28	21	7	17	4	7	93.79	0		32.192308
6	59	76	0	38	6	12	14	6	5	42.74	0		2.302079
6	54	23	0	34	0	3	8	6	3	28.61	0		5.218508
6	58	53	0	26	16	7	14	2	5	22.45	0		6.303567
6	55	27	0	38	6	17	15	5	8	93.90	1		0.994302
6	57	49	0	27	21	14	15	4	8	80.61	1		1.155087
4	32	55	0	42	0	0	17	6	4	57.23	0		3.623380
4	37	98	0	42	0	4	16	6	4	63.20	0		11.019605
4	31	40	0	35	18	0	12	3	7	37.77	0		5.636496
4	36	91	0	34	0	6	7	4	8	37.20	0		8.397030
4	33	59	0	35	18	7	10	3	6	20.02	0		20.701056
4	35	84	0	34	0	14	8	3	7	32.47	0		17.776477
4	34	79	0	25	12	26	10	3	3	14.14	0		2.977262
7	70	93	0	42	0	8	17	4	7	93.79	0		32.192308
7	65	35	0	44	12	0	16	6	4	54.56	0		4.506516
7	66	36	0	42	0	15	12	4	8	46.93	0		4.214286
7	62	25	0	44	12	4	14	3	8	62.27	0		6.879283
7	64	33	0	35	18	13	13	3	7	29.03	0		18.807383
7	63	32	0	35	18	20	12	3	7	29.82	0		6.197734
7	67	40	0	42	0	23	12	3	7	37.77	0		5.636496
10	88	4	0	15	6	7	9	4	6	38.86	0		4.901969
7	71	99	0	18	16	21	9	2	5	10.93	0		17.160039
7	61	19	0	18	16	26	6	2	3	7.06	0		4.271417
7	69	81	0	27	21	22	11	3	6	20.26	1		2.679063


-------------------------------------------------------------------------------------------------------------------
Tour_Id:			2
No_of_Customers:		7
No_of_Items:			73
Customer_Sequence:		18 14 15 1 8 3 12 

CustId	Id	TypeId	Rotated	x	y	z	Length	Width	Height	mass	Fragility	LoadBearingStrength
12	118	78	0	0	0	0	17	6	7	104.06	0		5.071338
12	116	74	0	0	6	0	17	6	6	78.01	0		3.016394
1	6	56	0	0	12	0	9	5	7	170.96	0		53.206850
12	113	25	0	0	17	0	14	3	8	62.27	0		6.879283
12	117	75	0	0	20	0	9	2	4	13.56	0		9.755806
12	122	100	0	0	6	6	11	4	4	28.28	0		9.869395
3	29	84	0	0	22	0	8	3	7	32.47	0		17.776477
12	120	94	0	0	0	7	14	3	4	16.88	0		5.189095
12	121	99	0	0	20	4	9	2	5	10.93	0		17.160039
12	112	21	0	0	6	10	6	5	3	10.42	0		15.580174
3	19	8	0	14	17	0	16	6	7	85.03	0		8.611966
3	27	82	0	0	6	13	6	5	8	41.66	0		4.971567
15	149	45	0	9	12	0	14	5	8	95.47	0		4.200070
3	26	70	0	14	17	7	15	6	4	67.10	0		15.578343
3	22	29	0	0	3	7	13	3	7	45.82	0		18.647969
3	25	61	0	0	17	8	14	3	6	43.12	0		6.229594
12	114	38	0	11	6	6	8	6	5	32.38	1		2.866284
3	30	90	0	14	17	11	10	7	3	27.44	0		3.398626
8	73	4	0	0	17	14	9	4	6	38.86	0		4.901969
12	119	94	0	0	0	11	14	3	4	16.88	0		5.189095
3	24	51	0	17	0	0	13	6	8	104.09	1		1.636546
3	23	30	0	14	0	8	17	6	6	66.83	1		1.253471
3	21	27	0	14	0	14	15	5	8	93.90	1		0.994302
3	20	15	0	0	22	7	9	3	6	18.76	1		1.227905
3	28	84	0	0	3	14	8	3	7	32.47	0		17.776477
8	76	34	0	0	5	21	7	6	4	30.76	0		7.913617
8	78	64	0	0	17	20	8	3	3	9.06	0		6.124541
8	77	51	0	9	17	14	13	6	8	104.09	1		1.636546
8	74	24	0	8	17	22	8	5	7	51.08	1		1.659078
12	111	10	0	0	0	15	13	3	7	27.37	0		4.036193
8	72	1	0	0	0	22	7	3	5	14.89	1		0.880223
12	115	66	0	17	6	0	15	6	6	73.01	0		6.537108
1	7	61	0	19	6	6	14	3	6	43.12	0		6.229594
14	133	25	0	9	12	8	14	3	8	62.27	0		6.879283
1	4	41	0	0	5	25	7	6	5	21.05	0		3.275268
1	9	83	0	11	6	11	7	6	3	32.25	1		1.977086
1	1	34	0	30	17	0	7	6	4	30.76	0		7.913617
1	2	34	0	30	17	4	7	6	4	30.76	0		7.913617
1	3	37	0	0	12	7	6	5	5	16.83	0		7.990309
1	5	43	0	0	11	12	6	4	8	21.81	1		3.786985
15	148	36	0	19	6	12	12	4	8	46.93	0		4.214286
8	75	24	0	14	0	22	8	5	7	51.08	1		1.659078
1	10	94	0	19	9	6	14	3	4	16.88	0		5.189095
15	146	31	0	31	0	0	16	6	3	42.95	0		9.375098
15	151	57	0	19	6	20	11	5	5	51.68	0		6.003992
15	145	29	0	23	12	0	13	3	7	45.82	0		18.647969
14	138	72	0	0	15	12	6	2	6	9.66	0		4.718994
15	152	82	0	24	17	11	6	5	8	41.66	0		4.971567
15	142	4	0	30	17	8	9	4	6	38.86	0		4.901969
15	147	32	0	30	17	14	12	3	7	29.82	0		6.197734
15	144	19	0	9	15	8	6	2	3	7.06	0		4.271417
15	143	14	0	31	0	3	14	6	3	33.26	1		1.210880
14	139	78	0	33	6	0	17	6	7	104.06	0		5.071338
18	178	100	0	9	12	16	11	4	4	28.28	0		9.869395
14	135	45	0	33	6	7	14	5	8	95.47	0		4.200070
14	136	57	0	19	6	25	11	5	5	51.68	0		6.003992
14	137	67	0	23	12	7	10	3	8	41.29	0		11.431594
14	134	42	0	30	17	21	10	4	5	29.26	0		2.522053
14	132	22	0	31	6	15	14	4	3	33.39	0		7.438174
14	130	9	0	31	0	6	13	5	3	19.60	1		3.562052
14	131	19	0	0	15	18	6	2	3	7.06	0		4.271417
14	140	86	0	31	0	9	13	4	8	44.64	1		2.137643
14	141	86	0	29	0	17	13	4	8	44.64	1		2.137643
15	150	54	0	24	17	19	6	5	7	22.24	0		3.197793
18	175	78	0	42	12	0	17	6	7	104.06	0		5.071338
18	173	47	0	42	18	0	14	6	6	66.58	0		3.374407
18	170	17	0	42	11	7	11	6	7	127.58	0		8.963862
18	176	80	0	42	18	6	16	7	4	58.15	0		3.824472
18	177	97	0	31	6	18	15	4	7	81.50	0		14.915416
18	171	39	0	9	12	20	10	3	7	39.61	0		9.975920
1	8	82	1	37	17	0	6	5	8	41.66	0		4.971567
18	174	53	0	23	15	0	14	2	5	22.45	0		6.303567
18	172	43	0	0	11	20	6	4	8	21.81	1		3.786985


-------------------------------------------------------------------------------------------------------------------
Tour_Id:			3
No_of_Customers:		6
No_of_Items:			52
Customer_Sequence:		19 13 2 9 16 17 

CustId	Id	TypeId	Rotated	x	y	z	Length	Width	Height	mass	Fragility	LoadBearingStrength
17	165	8	0	0	0	0	16	6	7	85.03	0		8.611966
17	169	93	0	0	6	0	17	4	7	93.79	0		32.192308
17	163	4	0	0	10	0	9	4	6	38.86	0		4.901969
17	164	4	0	0	14	0	9	4	6	38.86	0		4.901969
17	167	69	0	0	18	0	7	3	8	18.42	0		5.203312
17	168	75	0	0	21	0	9	2	4	13.56	0		9.755806
17	166	49	0	0	0	7	15	4	8	80.61	1		1.155087
16	153	2	0	0	4	7	16	5	7	92.71	0		7.062848
16	158	39	0	0	10	6	10	3	7	39.61	0		9.975920
16	159	41	0	0	4	14	7	6	5	21.05	0		3.275268
16	160	50	0	0	23	0	13	2	7	20.82	0		11.007313
16	161	52	0	0	13	6	7	5	5	23.75	0		13.035654
16	162	96	0	0	18	8	8	3	7	29.62	0		36.912166
16	155	11	0	0	23	7	14	2	5	28.02	0		10.471996
16	154	3	0	0	23	12	16	2	4	23.31	0		7.674991
16	157	24	0	0	13	11	8	5	7	51.08	1		1.659078
16	156	12	0	0	21	4	6	2	8	13.35	1		1.268946
9	84	71	0	9	13	0	17	5	8	108.18	0		13.770898
9	86	85	0	17	0	0	12	7	8	127.79	0		8.491966
9	85	74	0	8	13	8	17	6	6	78.01	0		3.016394
9	80	13	0	8	13	14	17	5	7	63.42	0		5.248180
9	87	97	0	8	13	21	15	4	7	81.50	0		14.915416
9	83	31	0	17	7	0	16	6	3	42.95	0		9.375098
9	79	10	0	0	10	13	13	3	7	27.37	0		4.036193
9	82	30	0	17	7	3	17	6	6	66.83	1		1.253471
9	81	27	0	16	0	8	15	5	8	93.90	1		0.994302
2	15	73	0	26	13	0	15	6	3	36.53	0		6.045592
2	12	32	0	0	10	20	12	3	7	29.82	0		6.197734
2	13	48	0	26	13	3	7	7	5	34.29	0		4.172631
2	18	91	0	0	18	15	7	4	8	37.20	0		8.397030
2	11	23	0	0	4	19	8	6	3	28.61	0		5.218508
2	17	88	0	0	23	16	13	2	3	11.42	0		12.572307
2	14	62	0	0	4	22	7	6	7	35.07	1		1.410898
2	16	81	0	16	0	16	11	3	6	20.26	1		2.679063
13	124	25	0	9	20	0	14	3	8	62.27	0		6.879283
13	125	40	0	8	20	8	12	3	7	37.77	0		5.636496
13	129	91	0	23	20	0	7	4	8	37.20	0		8.397030
13	127	90	0	25	13	8	10	7	3	27.44	0		3.398626
13	128	90	0	25	13	11	10	7	3	27.44	0		3.398626
13	123	19	0	0	23	19	6	2	3	7.06	0		4.271417
13	126	62	0	16	7	9	7	6	7	35.07	1		1.410898
19	187	85	0	25	13	14	12	7	8	127.79	0		8.491966
19	186	80	0	23	13	22	16	7	4	58.15	0		3.824472
19	183	55	0	23	13	26	17	6	4	57.23	0		3.623380
19	182	39	0	7	20	15	10	3	7	39.61	0		9.975920
19	189	92	0	30	20	0	15	4	3	26.01	0		15.118810
19	181	23	0	31	0	0	8	6	3	28.61	0		5.218508
19	180	21	0	0	17	23	6	5	3	10.42	0		15.580174
19	188	88	0	0	10	27	13	2	3	11.42	0		12.572307
19	185	72	0	0	23	22	6	2	6	9.66	0		4.718994
19	184	62	0	16	7	16	7	6	7	35.07	1		1.410898
19	179	14	0	23	7	9	14	6	3	33.26	1		1.210880


