Name:				050_n020_m200_bt3
Problem:			3L-VRPTW
Number_of_used_Vehicles:	2
Total_Travel_Distance:		345.02
Calculation_Time:		3600.00
Total_Iterations:		519
ConstraintSet:			P1

-------------------------------------------------------------------------------------------------------------------
Tour_Id:			1
No_of_Customers:		10
No_of_Items:			105
Customer_Sequence:		7 6 18 19 16 13 5 10 17 8 

CustId	Id	TypeId	Rotated	x	y	z	Length	Width	Height	mass	Fragility	LoadBearingStrength
8	67	3	0	0	0	0	15	6	7	93.09	0		5.167659
8	68	3	0	0	6	0	15	6	7	93.09	0		5.167659
8	65	2	0	0	12	0	10	6	4	31.08	0		7.031607
8	66	2	0	0	18	0	10	6	4	31.08	0		7.031607
8	62	1	0	0	12	4	9	3	8	79.83	1		9.329170
8	63	1	0	0	15	4	9	3	8	79.83	1		9.329170
8	64	1	0	0	18	4	9	3	8	79.83	1		9.329170
17	165	3	0	0	0	7	15	6	7	93.09	0		5.167659
17	166	3	0	0	6	7	15	6	7	93.09	0		5.167659
17	167	3	0	0	0	14	15	6	7	93.09	0		5.167659
17	162	2	0	0	6	14	10	6	4	31.08	0		7.031607
17	163	2	0	0	6	18	10	6	4	31.08	0		7.031607
17	164	2	0	0	0	21	10	6	4	31.08	0		7.031607
17	159	1	0	0	21	4	9	3	8	79.83	1		9.329170
17	160	1	0	0	12	12	9	3	8	79.83	1		9.329170
17	161	1	0	0	15	12	9	3	8	79.83	1		9.329170
10	87	3	0	10	12	0	15	6	7	93.09	0		5.167659
10	88	3	0	9	12	7	15	6	7	93.09	0		5.167659
10	89	3	0	9	12	14	15	6	7	93.09	0		5.167659
10	90	3	0	9	12	21	15	6	7	93.09	0		5.167659
10	91	3	0	10	18	0	15	6	7	93.09	0		5.167659
10	92	3	0	9	18	7	15	6	7	93.09	0		5.167659
10	85	2	0	0	6	22	10	6	4	31.08	0		7.031607
10	86	2	0	0	0	25	10	6	4	31.08	0		7.031607
10	81	1	0	0	18	12	9	3	8	79.83	1		9.329170
10	82	1	0	0	21	12	9	3	8	79.83	1		9.329170
10	83	1	0	0	12	20	9	3	8	79.83	1		9.329170
10	84	1	0	0	15	20	9	3	8	79.83	1		9.329170
5	36	3	0	9	18	14	15	6	7	93.09	0		5.167659
5	34	2	0	0	6	26	10	6	4	31.08	0		7.031607
5	35	2	0	9	18	21	10	6	4	31.08	0		7.031607
5	30	1	0	0	18	20	9	3	8	79.83	1		9.329170
5	31	1	0	0	21	20	9	3	8	79.83	1		9.329170
5	32	1	0	15	0	0	9	3	8	79.83	1		9.329170
5	33	1	0	15	3	0	9	3	8	79.83	1		9.329170
13	127	3	0	15	6	0	15	6	7	93.09	0		5.167659
13	128	3	0	15	6	7	15	6	7	93.09	0		5.167659
13	129	3	0	10	6	14	15	6	7	93.09	0		5.167659
13	130	3	0	10	6	21	15	6	7	93.09	0		5.167659
13	119	2	0	9	18	25	10	6	4	31.08	0		7.031607
13	120	2	0	24	0	0	10	6	4	31.08	0		7.031607
13	121	2	0	24	0	4	10	6	4	31.08	0		7.031607
13	122	2	0	24	0	8	10	6	4	31.08	0		7.031607
13	123	2	0	24	0	12	10	6	4	31.08	0		7.031607
13	124	2	0	24	0	16	10	6	4	31.08	0		7.031607
13	125	2	0	24	0	20	10	6	4	31.08	0		7.031607
13	126	2	0	24	0	24	10	6	4	31.08	0		7.031607
13	116	1	0	15	0	8	9	3	8	79.83	1		9.329170
13	117	1	0	15	3	8	9	3	8	79.83	1		9.329170
13	118	1	0	15	0	16	9	3	8	79.83	1		9.329170
16	157	3	0	25	12	0	15	6	7	93.09	0		5.167659
16	158	3	0	24	12	7	15	6	7	93.09	0		5.167659
16	153	2	0	24	12	14	10	6	4	31.08	0		7.031607
16	154	2	0	24	12	18	10	6	4	31.08	0		7.031607
16	155	2	0	24	12	22	10	6	4	31.08	0		7.031607
16	156	2	0	24	12	26	10	6	4	31.08	0		7.031607
16	148	1	0	25	18	0	9	3	8	79.83	1		9.329170
16	149	1	0	24	18	8	9	3	8	79.83	1		9.329170
16	150	1	0	24	18	16	9	3	8	79.83	1		9.329170
16	151	1	0	25	21	0	9	3	8	79.83	1		9.329170
16	152	1	0	24	21	8	9	3	8	79.83	1		9.329170
19	183	3	0	30	6	0	15	6	7	93.09	0		5.167659
19	184	3	0	30	6	7	15	6	7	93.09	0		5.167659
19	185	3	0	25	6	14	15	6	7	93.09	0		5.167659
19	186	3	0	25	6	21	15	6	7	93.09	0		5.167659
19	179	2	0	34	0	0	10	6	4	31.08	0		7.031607
19	180	2	0	34	18	0	10	6	4	31.08	0		7.031607
19	181	2	0	34	0	4	10	6	4	31.08	0		7.031607
19	182	2	0	34	18	4	10	6	4	31.08	0		7.031607
19	176	1	0	24	21	16	9	3	8	79.83	1		9.329170
19	177	1	0	33	18	8	9	3	8	79.83	1		9.329170
19	178	1	0	33	21	8	9	3	8	79.83	1		9.329170
18	174	3	0	40	12	0	15	6	7	93.09	0		5.167659
18	175	3	0	39	12	7	15	6	7	93.09	0		5.167659
18	169	2	0	34	0	8	10	6	4	31.08	0		7.031607
18	170	2	0	34	0	12	10	6	4	31.08	0		7.031607
18	171	2	0	34	12	14	10	6	4	31.08	0		7.031607
18	172	2	0	34	0	16	10	6	4	31.08	0		7.031607
18	173	2	0	34	12	18	10	6	4	31.08	0		7.031607
18	168	1	0	33	18	16	9	3	8	79.83	1		9.329170
6	43	3	0	44	0	0	15	6	7	93.09	0		5.167659
6	44	3	0	44	18	0	15	6	7	93.09	0		5.167659
6	45	3	0	44	0	7	15	6	7	93.09	0		5.167659
6	46	3	0	44	18	7	15	6	7	93.09	0		5.167659
6	38	2	0	34	0	20	10	6	4	31.08	0		7.031607
6	39	2	0	34	12	22	10	6	4	31.08	0		7.031607
6	40	2	0	34	0	24	10	6	4	31.08	0		7.031607
6	41	2	0	34	12	26	10	6	4	31.08	0		7.031607
6	42	2	0	42	18	14	10	6	4	31.08	0		7.031607
6	37	1	0	33	21	16	9	3	8	79.83	1		9.329170
7	59	3	0	44	0	14	15	6	7	93.09	0		5.167659
7	60	3	0	44	0	21	15	6	7	93.09	0		5.167659
7	61	3	0	45	6	0	15	6	7	93.09	0		5.167659
7	56	2	0	42	18	18	10	6	4	31.08	0		7.031607
7	57	2	0	42	18	22	10	6	4	31.08	0		7.031607
7	58	2	0	42	18	26	10	6	4	31.08	0		7.031607
7	47	1	0	44	12	14	9	3	8	79.83	1		9.329170
7	48	1	0	44	15	14	9	3	8	79.83	1		9.329170
7	49	1	0	44	12	22	9	3	8	79.83	1		9.329170
7	50	1	0	44	15	22	9	3	8	79.83	1		9.329170
7	51	1	0	45	6	7	9	3	8	79.83	1		9.329170
7	52	1	0	45	9	7	9	3	8	79.83	1		9.329170
7	53	1	0	45	6	15	9	3	8	79.83	1		9.329170
7	54	1	0	45	9	15	9	3	8	79.83	1		9.329170
7	55	1	1	53	15	14	9	3	8	79.83	1		9.329170


-------------------------------------------------------------------------------------------------------------------
Tour_Id:			2
No_of_Customers:		10
No_of_Items:			95
Customer_Sequence:		14 20 3 15 2 4 9 1 11 12 

CustId	Id	TypeId	Rotated	x	y	z	Length	Width	Height	mass	Fragility	LoadBearingStrength
12	113	3	0	0	0	0	15	6	7	93.09	0		5.167659
12	114	3	0	0	6	0	15	6	7	93.09	0		5.167659
12	115	3	0	0	12	0	15	6	7	93.09	0		5.167659
12	109	2	0	0	18	0	10	6	4	31.08	0		7.031607
12	110	2	0	0	0	7	10	6	4	31.08	0		7.031607
12	111	2	0	0	18	4	10	6	4	31.08	0		7.031607
12	112	2	0	0	6	7	10	6	4	31.08	0		7.031607
12	104	1	0	0	12	7	9	3	8	79.83	1		9.329170
12	105	1	0	0	15	7	9	3	8	79.83	1		9.329170
12	106	1	0	0	18	8	9	3	8	79.83	1		9.329170
12	107	1	0	0	21	8	9	3	8	79.83	1		9.329170
12	108	1	0	0	0	11	9	3	8	79.83	1		9.329170
11	101	3	0	10	18	0	15	6	7	93.09	0		5.167659
11	102	3	1	10	0	7	15	6	7	93.09	0		5.167659
11	103	3	0	10	18	7	15	6	7	93.09	0		5.167659
11	96	2	0	0	3	11	10	6	4	31.08	0		7.031607
11	97	2	0	0	3	15	10	6	4	31.08	0		7.031607
11	98	2	0	0	3	19	10	6	4	31.08	0		7.031607
11	99	2	0	0	3	23	10	6	4	31.08	0		7.031607
11	100	2	1	10	0	14	10	6	4	31.08	0		7.031607
11	93	1	0	0	9	11	9	3	8	79.83	1		9.329170
11	94	1	0	0	12	15	9	3	8	79.83	1		9.329170
11	95	1	0	0	15	15	9	3	8	79.83	1		9.329170
1	3	3	0	9	18	14	15	6	7	93.09	0		5.167659
1	4	3	0	9	18	21	15	6	7	93.09	0		5.167659
1	5	3	0	16	0	0	15	6	7	93.09	0		5.167659
1	6	3	0	16	6	0	15	6	7	93.09	0		5.167659
1	7	3	0	16	12	0	15	6	7	93.09	0		5.167659
1	8	3	0	16	0	7	15	6	7	93.09	0		5.167659
1	2	2	1	10	0	18	10	6	4	31.08	0		7.031607
1	1	1	0	0	18	16	9	3	8	79.83	1		9.329170
9	78	3	0	16	6	7	15	6	7	93.09	0		5.167659
9	79	3	0	16	12	7	15	6	7	93.09	0		5.167659
9	70	1	0	9	10	14	9	3	8	79.83	1		9.329170
9	74	2	1	10	0	22	10	6	4	31.08	0		7.031607
9	75	2	1	10	0	26	10	6	4	31.08	0		7.031607
9	76	2	0	16	0	14	10	6	4	31.08	0		7.031607
9	77	2	0	16	0	18	10	6	4	31.08	0		7.031607
9	69	1	0	9	10	22	9	3	8	79.83	1		9.329170
9	80	3	0	18	6	14	15	6	7	93.09	0		5.167659
9	71	1	0	16	0	22	9	3	8	79.83	1		9.329170
9	72	1	0	16	3	22	9	3	8	79.83	1		9.329170
9	73	1	0	16	6	21	9	3	8	79.83	1		9.329170
4	29	3	0	18	12	14	15	6	7	93.09	0		5.167659
4	25	2	0	18	9	21	10	6	4	31.08	0		7.031607
4	26	2	0	18	9	25	10	6	4	31.08	0		7.031607
4	27	2	0	25	18	0	10	6	4	31.08	0		7.031607
4	28	2	0	25	18	4	10	6	4	31.08	0		7.031607
2	17	3	0	31	0	0	15	6	7	93.09	0		5.167659
2	18	3	0	31	0	7	15	6	7	93.09	0		5.167659
2	14	2	0	25	18	8	10	6	4	31.08	0		7.031607
2	15	2	0	25	18	12	10	6	4	31.08	0		7.031607
2	16	2	0	24	18	16	10	6	4	31.08	0		7.031607
2	9	1	0	18	15	21	9	3	8	79.83	1		9.329170
2	10	1	0	24	18	20	9	3	8	79.83	1		9.329170
2	11	1	0	24	21	20	9	3	8	79.83	1		9.329170
2	12	1	0	25	6	21	9	3	8	79.83	1		9.329170
2	13	1	0	26	0	14	9	3	8	79.83	1		9.329170
15	142	3	0	33	9	0	15	6	7	93.09	0		5.167659
15	143	3	0	33	9	7	15	6	7	93.09	0		5.167659
15	144	3	0	33	9	14	15	6	7	93.09	0		5.167659
15	145	3	0	28	9	21	15	6	7	93.09	0		5.167659
15	146	3	0	35	15	0	15	6	7	93.09	0		5.167659
15	147	3	0	35	15	7	15	6	7	93.09	0		5.167659
15	140	2	0	35	0	14	10	6	4	31.08	0		7.031607
15	141	2	0	35	15	14	10	6	4	31.08	0		7.031607
3	20	2	0	35	0	18	10	6	4	31.08	0		7.031607
3	21	2	0	34	15	18	10	6	4	31.08	0		7.031607
3	22	2	0	33	15	22	10	6	4	31.08	0		7.031607
3	23	2	0	33	15	26	10	6	4	31.08	0		7.031607
3	24	2	0	35	0	22	10	6	4	31.08	0		7.031607
3	19	1	0	25	0	22	9	3	8	79.83	1		9.329170
20	197	3	1	48	0	0	15	6	7	93.09	0		5.167659
20	198	3	1	48	0	7	15	6	7	93.09	0		5.167659
20	199	3	1	48	0	14	15	6	7	93.09	0		5.167659
20	200	3	1	48	0	21	15	6	7	93.09	0		5.167659
20	194	2	0	34	0	26	10	6	4	31.08	0		7.031607
20	195	2	0	50	15	0	10	6	4	31.08	0		7.031607
20	196	2	0	50	15	4	10	6	4	31.08	0		7.031607
20	187	1	0	34	6	0	9	3	8	79.83	1		9.329170
20	188	1	0	34	6	8	9	3	8	79.83	1		9.329170
20	189	1	0	34	6	16	9	3	8	79.83	1		9.329170
20	190	1	0	35	21	0	9	3	8	79.83	1		9.329170
20	191	1	0	35	21	8	9	3	8	79.83	1		9.329170
20	192	1	0	34	21	16	9	3	8	79.83	1		9.329170
20	193	1	0	44	21	0	9	3	8	79.83	1		9.329170
14	138	3	1	54	0	0	15	6	7	93.09	0		5.167659
14	139	3	1	54	0	7	15	6	7	93.09	0		5.167659
14	132	2	0	50	15	8	10	6	4	31.08	0		7.031607
14	133	2	0	50	15	12	10	6	4	31.08	0		7.031607
14	134	2	0	50	15	16	10	6	4	31.08	0		7.031607
14	135	2	0	50	15	20	10	6	4	31.08	0		7.031607
14	136	2	0	50	15	24	10	6	4	31.08	0		7.031607
14	137	2	1	54	0	14	10	6	4	31.08	0		7.031607
14	131	1	0	44	21	8	9	3	8	79.83	1		9.329170


