Name:				052_n020_m200_bt10
Problem:			3L-VRPTW
Number_of_used_Vehicles:	3
Total_Travel_Distance:		339.15
Calculation_Time:		3600.00
Total_Iterations:		699
ConstraintSet:			P1

-------------------------------------------------------------------------------------------------------------------
Tour_Id:			1
No_of_Customers:		4
No_of_Items:			41
Customer_Sequence:		14 3 20 8 

CustId	Id	TypeId	Rotated	x	y	z	Length	Width	Height	mass	Fragility	LoadBearingStrength
8	71	2	0	0	0	0	17	7	5	60.79	0		24.029025
8	73	4	0	0	7	0	11	7	6	107.45	0		6.563532
8	74	4	0	0	14	0	11	7	6	107.45	0		6.563532
8	72	3	0	0	0	5	13	7	5	64.03	0		6.253563
8	77	9	0	0	7	6	9	6	6	65.22	0		5.004437
8	78	9	0	0	13	6	9	6	6	65.22	0		5.004437
8	79	9	0	0	0	10	9	6	6	65.22	0		5.004437
8	70	1	0	0	21	0	13	2	6	20.93	0		2.474172
8	80	10	0	0	19	6	13	3	3	22.34	0		5.573092
8	81	10	0	0	19	9	13	3	3	22.34	0		5.573092
8	82	10	1	0	6	12	13	3	3	22.34	0		5.573092
8	75	8	0	0	0	16	7	5	6	49.78	1		1.460868
8	76	8	0	0	0	22	7	5	6	49.78	1		1.460868
20	192	2	1	3	6	12	17	7	5	60.79	0		24.029025
20	193	2	1	3	6	17	17	7	5	60.79	0		24.029025
20	194	3	1	3	6	22	13	7	5	64.03	0		6.253563
20	195	5	0	11	7	0	10	5	8	74.18	0		5.158658
20	199	9	0	11	12	0	9	6	6	65.22	0		5.004437
20	196	6	0	9	12	6	7	6	5	21.66	0		3.613636
20	191	1	0	0	23	0	13	2	6	20.93	0		2.474172
20	200	10	0	0	22	6	13	3	3	22.34	0		5.573092
20	197	7	0	13	18	0	17	6	8	152.03	1		1.645841
20	198	8	0	3	19	22	7	5	6	49.78	1		1.460868
3	24	4	0	17	0	0	11	7	6	107.45	0		6.563532
3	25	4	0	17	0	6	11	7	6	107.45	0		6.563532
3	26	5	0	11	7	8	10	5	8	74.18	0		5.158658
3	28	9	0	11	7	16	9	6	6	65.22	0		5.004437
3	27	6	0	11	7	22	7	6	5	21.66	0		3.613636
14	135	2	0	21	7	0	17	7	5	60.79	0		24.029025
14	136	3	0	17	0	12	13	7	5	64.03	0		6.253563
14	137	3	0	17	0	17	13	7	5	64.03	0		6.253563
14	143	9	0	17	0	22	9	6	6	65.22	0		5.004437
14	138	6	0	21	7	5	7	6	5	21.66	0		3.613636
14	139	6	0	21	7	10	7	6	5	21.66	0		3.613636
14	140	6	0	21	7	15	7	6	5	21.66	0		3.613636
14	132	1	0	20	14	0	13	2	6	20.93	0		2.474172
14	133	1	0	20	16	0	13	2	6	20.93	0		2.474172
14	134	1	0	20	14	6	13	2	6	20.93	0		2.474172
14	144	10	0	3	6	27	13	3	3	22.34	0		5.573092
14	141	8	0	13	18	8	7	5	6	49.78	1		1.460868
14	142	8	0	13	18	14	7	5	6	49.78	1		1.460868


-------------------------------------------------------------------------------------------------------------------
Tour_Id:			2
No_of_Customers:		9
No_of_Items:			88
Customer_Sequence:		5 15 13 6 19 4 9 18 2 

CustId	Id	TypeId	Rotated	x	y	z	Length	Width	Height	mass	Fragility	LoadBearingStrength
2	16	3	0	0	0	0	13	7	5	64.03	0		6.253563
18	173	1	0	0	7	0	13	2	6	20.93	0		2.474172
2	18	5	0	0	9	0	10	5	8	74.18	0		5.158658
2	19	5	0	0	14	0	10	5	8	74.18	0		5.158658
2	14	1	0	0	19	0	13	2	6	20.93	0		2.474172
2	20	6	0	0	0	5	7	6	5	21.66	0		3.613636
2	17	3	0	0	9	8	13	7	5	64.03	0		6.253563
2	21	10	0	0	21	0	13	3	3	22.34	0		5.573092
2	22	10	0	0	21	3	13	3	3	22.34	0		5.573092
2	23	10	0	0	19	6	13	3	3	22.34	0		5.573092
18	176	4	0	0	9	13	11	7	6	107.45	0		6.563532
18	177	4	0	0	9	19	11	7	6	107.45	0		6.563532
18	178	4	0	13	0	0	11	7	6	107.45	0		6.563532
18	175	3	0	0	9	25	13	7	5	64.03	0		6.253563
18	180	9	0	0	0	10	9	6	6	65.22	0		5.004437
18	172	1	0	0	7	6	13	2	6	20.93	0		2.474172
2	15	1	0	0	22	6	13	2	6	20.93	0		2.474172
18	174	1	0	0	16	8	13	2	6	20.93	0		2.474172
18	181	10	0	0	19	9	13	3	3	22.34	0		5.573092
18	179	7	0	13	7	0	17	6	8	152.03	1		1.645841
9	86	4	0	13	13	0	11	7	6	107.45	0		6.563532
9	84	3	0	13	0	6	13	7	5	64.03	0		6.253563
9	85	3	0	13	13	6	13	7	5	64.03	0		6.253563
9	83	1	0	0	7	12	13	2	6	20.93	0		2.474172
9	88	10	0	0	19	12	13	3	3	22.34	0		5.573092
9	87	8	0	0	0	16	7	5	6	49.78	1		1.460868
9	89	10	0	0	19	15	13	3	3	22.34	0		5.573092
4	30	2	0	9	0	11	17	7	5	60.79	0		24.029025
4	31	3	0	7	0	16	13	7	5	64.03	0		6.253563
4	34	6	0	7	0	21	7	6	5	21.66	0		3.613636
4	37	9	0	13	13	11	9	6	6	65.22	0		5.004437
4	33	6	0	13	13	17	7	6	5	21.66	0		3.613636
4	32	5	0	13	20	0	10	5	8	74.18	0		5.158658
4	29	1	0	0	22	12	13	2	6	20.93	0		2.474172
19	183	4	0	26	0	0	11	7	6	107.45	0		6.563532
4	39	10	0	0	19	18	13	3	3	22.34	0		5.573092
4	35	7	0	13	7	8	17	6	8	152.03	1		1.645841
4	36	8	0	0	0	22	7	5	6	49.78	1		1.460868
4	38	10	0	0	19	21	13	3	3	22.34	0		5.573092
19	182	3	0	26	13	0	13	7	5	64.03	0		6.253563
19	184	5	0	13	20	8	10	5	8	74.18	0		5.158658
19	185	5	0	13	19	16	10	5	8	74.18	0		5.158658
19	186	6	0	13	13	22	7	6	5	21.66	0		3.613636
19	187	7	0	13	7	16	17	6	8	152.03	1		1.645841
19	188	7	0	26	13	5	17	6	8	152.03	1		1.645841
6	49	3	0	26	0	6	13	7	5	64.03	0		6.253563
19	190	8	0	13	7	24	7	5	6	49.78	1		1.460868
6	47	2	0	26	0	11	17	7	5	60.79	0		24.029025
6	48	2	0	20	0	16	17	7	5	60.79	0		24.029025
6	50	4	0	14	0	21	11	7	6	107.45	0		6.563532
6	51	4	0	25	0	21	11	7	6	107.45	0		6.563532
19	189	8	0	13	19	24	7	5	6	49.78	1		1.460868
6	52	5	0	23	20	0	10	5	8	74.18	0		5.158658
6	53	5	0	23	20	8	10	5	8	74.18	0		5.158658
6	58	9	0	23	19	16	9	6	6	65.22	0		5.004437
13	123	3	0	43	0	0	13	7	5	64.03	0		6.253563
13	130	10	0	13	0	27	13	3	3	22.34	0		5.573092
6	56	6	0	23	19	22	7	6	5	21.66	0		3.613636
6	57	8	0	20	7	24	7	5	6	49.78	1		1.460868
13	122	2	0	43	7	0	17	7	5	60.79	0		24.029025
13	124	4	0	43	14	0	11	7	6	107.45	0		6.563532
6	54	6	0	30	7	0	7	6	5	21.66	0		3.613636
13	125	5	0	33	20	0	10	5	8	74.18	0		5.158658
13	128	9	0	30	7	5	9	6	6	65.22	0		5.004437
15	152	9	0	30	7	11	9	6	6	65.22	0		5.004437
13	129	10	0	13	3	27	13	3	3	22.34	0		5.573092
6	55	6	1	37	0	0	7	6	5	21.66	0		3.613636
13	131	10	0	26	0	27	13	3	3	22.34	0		5.573092
13	126	7	0	22	13	13	17	6	8	152.03	1		1.645841
13	127	7	0	20	13	21	17	6	8	152.03	1		1.645841
15	145	2	0	43	0	5	17	7	5	60.79	0		24.029025
15	146	2	0	43	7	5	17	7	5	60.79	0		24.029025
15	147	4	0	43	14	6	11	7	6	107.45	0		6.563532
13	121	1	0	43	21	0	13	2	6	20.93	0		2.474172
15	153	9	0	30	7	17	9	6	6	65.22	0		5.004437
15	154	9	0	30	7	23	9	6	6	65.22	0		5.004437
15	155	10	0	26	3	27	13	3	3	22.34	0		5.573092
15	148	7	0	39	7	10	17	6	8	152.03	1		1.645841
15	149	7	0	39	7	18	17	6	8	152.03	1		1.645841
15	150	8	0	33	19	8	7	5	6	49.78	1		1.460868
15	151	8	0	33	19	14	7	5	6	49.78	1		1.460868
5	41	2	0	43	0	10	17	7	5	60.79	0		24.029025
5	44	4	0	43	14	12	11	7	6	107.45	0		6.563532
5	42	3	0	43	0	15	13	7	5	64.03	0		6.253563
5	43	3	0	43	14	18	13	7	5	64.03	0		6.253563
5	45	5	0	43	0	20	10	5	8	74.18	0		5.158658
5	46	9	0	43	14	23	9	6	6	65.22	0		5.004437
5	40	1	0	43	23	0	13	2	6	20.93	0		2.474172


-------------------------------------------------------------------------------------------------------------------
Tour_Id:			3
No_of_Customers:		7
No_of_Items:			71
Customer_Sequence:		12 16 1 7 11 17 10 

CustId	Id	TypeId	Rotated	x	y	z	Length	Width	Height	mass	Fragility	LoadBearingStrength
10	92	4	0	0	0	0	11	7	6	107.45	0		6.563532
10	90	3	0	0	7	0	13	7	5	64.03	0		6.253563
10	91	3	0	0	14	0	13	7	5	64.03	0		6.253563
10	93	5	0	0	7	5	10	5	8	74.18	0		5.158658
10	94	5	0	0	12	5	10	5	8	74.18	0		5.158658
10	95	5	0	0	17	5	10	5	8	74.18	0		5.158658
10	97	9	0	0	0	6	9	6	6	65.22	0		5.004437
10	96	6	0	0	0	12	7	6	5	21.66	0		3.613636
10	98	10	0	0	21	0	13	3	3	22.34	0		5.573092
17	167	2	1	0	7	13	17	7	5	60.79	0		24.029025
17	168	2	1	0	7	18	17	7	5	60.79	0		24.029025
17	169	3	1	0	7	23	13	7	5	64.03	0		6.253563
17	166	1	1	7	7	13	13	2	6	20.93	0		2.474172
17	171	10	1	10	7	5	13	3	3	22.34	0		5.573092
17	170	7	0	11	0	0	17	6	8	152.03	1		1.645841
11	100	2	0	13	7	0	17	7	5	60.79	0		24.029025
11	101	2	0	13	14	0	17	7	5	60.79	0		24.029025
11	102	4	0	13	6	5	11	7	6	107.45	0		6.563532
11	103	6	0	0	0	17	7	6	5	21.66	0		3.613636
11	99	1	1	7	7	19	13	2	6	20.93	0		2.474172
11	107	10	1	10	7	8	13	3	3	22.34	0		5.573092
11	108	10	0	10	7	11	13	3	3	22.34	0		5.573092
11	104	8	0	0	0	22	7	5	6	49.78	1		1.460868
11	105	8	0	0	20	23	7	5	6	49.78	1		1.460868
11	106	8	0	10	10	11	7	5	6	49.78	1		1.460868
7	59	2	0	28	0	0	17	7	5	60.79	0		24.029025
7	61	4	1	24	6	5	11	7	6	107.45	0		6.563532
7	62	4	1	23	7	11	11	7	6	107.45	0		6.563532
7	63	4	1	23	7	17	11	7	6	107.45	0		6.563532
7	60	3	1	23	7	23	13	7	5	64.03	0		6.253563
7	64	5	0	13	17	5	10	5	8	74.18	0		5.158658
7	65	5	0	13	17	13	10	5	8	74.18	0		5.158658
7	66	7	0	9	0	8	17	6	8	152.03	1		1.645841
7	67	7	0	7	0	16	17	6	8	152.03	1		1.645841
7	68	8	0	7	0	24	7	5	6	49.78	1		1.460868
7	69	8	0	10	10	17	7	5	6	49.78	1		1.460868
1	2	4	0	31	0	5	11	7	6	107.45	0		6.563532
1	3	4	0	30	0	11	11	7	6	107.45	0		6.563532
1	1	3	0	30	0	17	13	7	5	64.03	0		6.253563
1	10	9	0	30	0	22	9	6	6	65.22	0		5.004437
1	11	9	0	31	7	0	9	6	6	65.22	0		5.004437
1	4	6	0	31	13	0	7	6	5	21.66	0		3.613636
1	5	6	0	30	19	0	7	6	5	21.66	0		3.613636
1	12	10	0	13	22	0	13	3	3	22.34	0		5.573092
1	13	10	0	7	22	3	13	3	3	22.34	0		5.573092
1	6	7	0	37	19	0	17	6	8	152.03	1		1.645841
1	7	7	0	37	19	8	17	6	8	152.03	1		1.645841
12	119	9	0	31	13	5	9	6	6	65.22	0		5.004437
1	9	8	0	14	0	24	7	5	6	49.78	1		1.460868
16	159	3	0	40	7	0	13	7	5	64.03	0		6.253563
16	160	3	0	45	0	0	13	7	5	64.03	0		6.253563
16	161	5	0	31	7	6	10	5	8	74.18	0		5.158658
16	165	9	0	31	7	14	9	6	6	65.22	0		5.004437
16	162	6	0	30	7	20	7	6	5	21.66	0		3.613636
16	156	1	0	41	7	5	13	2	6	20.93	0		2.474172
16	157	1	0	41	9	5	13	2	6	20.93	0		2.474172
16	158	1	0	41	11	5	13	2	6	20.93	0		2.474172
16	163	7	0	37	19	16	17	6	8	152.03	1		1.645841
16	164	8	0	37	19	24	7	5	6	49.78	1		1.460868
12	111	2	0	43	0	5	17	7	5	60.79	0		24.029025
12	112	2	0	43	0	10	17	7	5	60.79	0		24.029025
12	113	2	0	43	0	15	17	7	5	60.79	0		24.029025
12	114	3	0	41	7	11	13	7	5	64.03	0		6.253563
12	115	3	0	40	7	16	13	7	5	64.03	0		6.253563
12	116	5	0	30	13	11	10	5	8	74.18	0		5.158658
12	118	9	0	30	13	19	9	6	6	65.22	0		5.004437
1	8	8	0	30	19	5	7	5	6	49.78	1		1.460868
12	109	1	0	37	7	21	13	2	6	20.93	0		2.474172
12	110	1	0	37	9	21	13	2	6	20.93	0		2.474172
12	120	10	1	30	6	25	13	3	3	22.34	0		5.573092
12	117	7	0	43	0	20	17	6	8	152.03	1		1.645841


