Name:				055_n020_m200_bt10
Problem:			3L-VRPTW
Number_of_used_Vehicles:	2
Total_Travel_Distance:		387.57
Calculation_Time:		3600.00
Total_Iterations:		421
ConstraintSet:			P1

-------------------------------------------------------------------------------------------------------------------
Tour_Id:			1
No_of_Customers:		11
No_of_Items:			116
Customer_Sequence:		1 12 11 4 13 3 9 16 20 2 14 

CustId	Id	TypeId	Rotated	x	y	z	Length	Width	Height	mass	Fragility	LoadBearingStrength
14	140	10	0	0	0	0	16	6	4	214.04	0		36.110254
14	141	10	0	0	6	0	16	6	4	214.04	0		36.110254
14	139	9	0	0	12	0	8	6	8	98.85	0		7.326144
14	137	4	0	0	18	0	15	4	3	22.72	0		16.663236
14	135	1	0	0	0	4	10	7	4	30.26	0		1.787482
14	136	4	0	0	18	3	15	4	3	22.72	0		16.663236
14	134	1	0	0	0	8	10	7	4	30.26	0		1.787482
14	138	6	0	0	22	0	16	3	7	178.98	1		2.797987
2	21	9	0	0	12	8	8	6	8	98.85	0		7.326144
2	22	9	0	0	0	12	8	6	8	98.85	0		7.326144
2	20	8	0	0	7	4	11	4	7	177.94	0		7.664851
2	12	1	0	15	12	0	10	7	4	30.26	0		1.787482
2	13	1	0	15	12	4	10	7	4	30.26	0		1.787482
20	200	10	0	16	0	0	16	6	4	214.04	0		36.110254
2	19	7	0	0	12	16	7	6	6	27.23	0		7.872722
2	16	4	0	0	18	6	15	4	3	22.72	0		16.663236
2	17	4	0	0	18	9	15	4	3	22.72	0		16.663236
2	18	5	0	0	7	11	11	5	3	18.34	0		2.600766
2	15	3	0	0	22	7	12	3	5	40.88	1		2.461596
2	14	1	0	15	12	8	10	7	4	30.26	0		1.787482
20	198	7	0	0	6	14	7	6	6	27.23	0		7.872722
20	199	7	0	0	0	20	7	6	6	27.23	0		7.872722
20	193	4	0	0	18	12	15	4	3	22.72	0		16.663236
20	194	5	0	0	18	15	11	5	3	18.34	0		2.600766
20	195	6	0	10	0	4	16	3	7	178.98	1		2.797987
20	196	6	0	10	3	4	16	3	7	178.98	1		2.797987
20	197	6	0	10	0	11	16	3	7	178.98	1		2.797987
20	190	3	0	0	18	18	12	3	5	40.88	1		2.461596
20	191	3	0	0	18	23	12	3	5	40.88	1		2.461596
20	192	3	0	8	0	18	12	3	5	40.88	1		2.461596
16	162	10	0	16	6	0	16	6	4	214.04	0		36.110254
16	161	9	0	0	6	20	8	6	8	98.85	0		7.326144
16	159	8	0	11	6	4	11	4	7	177.94	0		7.664851
16	160	8	0	11	6	11	11	4	7	177.94	0		7.664851
16	148	1	0	15	12	12	10	7	4	30.26	0		1.787482
16	149	1	0	15	12	16	10	7	4	30.26	0		1.787482
16	150	1	0	15	12	20	10	7	4	30.26	0		1.787482
16	151	1	0	15	12	24	10	7	4	30.26	0		1.787482
16	152	1	0	25	12	0	10	7	4	30.26	0		1.787482
16	156	7	0	0	12	22	7	6	6	27.23	0		7.872722
16	157	7	0	16	19	0	7	6	6	27.23	0		7.872722
16	158	7	0	16	19	6	7	6	6	27.23	0		7.872722
16	155	6	0	7	0	23	16	3	7	178.98	1		2.797987
16	153	2	0	0	0	26	7	3	3	17.01	0		19.952628
16	154	4	0	23	19	0	15	4	3	22.72	0		16.663236
9	93	9	0	15	19	12	8	6	8	98.85	0		7.326144
9	94	9	0	15	19	20	8	6	8	98.85	0		7.326144
9	92	8	0	11	6	18	11	4	7	177.94	0		7.664851
9	89	4	0	23	19	3	15	4	3	22.72	0		16.663236
9	90	5	0	11	6	25	11	5	3	18.34	0		2.600766
9	85	2	0	0	3	26	7	3	3	17.01	0		19.952628
9	86	2	0	22	6	4	7	3	3	17.01	0		19.952628
9	87	2	0	22	9	4	7	3	3	17.01	0		19.952628
9	91	6	0	10	3	11	16	3	7	178.98	1		2.797987
9	88	3	0	8	3	18	12	3	5	40.88	1		2.461596
3	31	10	0	32	0	0	16	6	4	214.04	0		36.110254
3	32	10	0	26	0	4	16	6	4	214.04	0		36.110254
3	30	9	0	22	6	7	8	6	8	98.85	0		7.326144
3	28	7	0	22	6	15	7	6	6	27.23	0		7.872722
3	29	7	0	22	6	21	7	6	6	27.23	0		7.872722
3	24	5	0	23	19	6	11	5	3	18.34	0		2.600766
3	25	5	0	23	19	9	11	5	3	18.34	0		2.600766
3	23	2	0	22	6	27	7	3	3	17.01	0		19.952628
3	26	6	0	7	3	23	16	3	7	178.98	1		2.797987
3	27	6	0	26	0	8	16	3	7	178.98	1		2.797987
13	133	10	0	32	6	0	16	6	4	214.04	0		36.110254
13	127	1	0	25	12	4	10	7	4	30.26	0		1.787482
13	129	4	0	30	6	4	15	4	3	22.72	0		16.663236
13	130	4	0	30	6	7	15	4	3	22.72	0		16.663236
13	131	4	0	30	6	10	15	4	3	22.72	0		16.663236
13	128	2	0	22	9	27	7	3	3	17.01	0		19.952628
13	132	6	0	26	3	8	16	3	7	178.98	1		2.797987
4	44	10	0	35	12	0	16	6	4	214.04	0		36.110254
4	43	9	0	23	19	12	8	6	8	98.85	0		7.326144
4	39	7	0	23	19	20	7	6	6	27.23	0		7.872722
4	34	3	0	25	12	8	12	3	5	40.88	1		2.461596
4	41	7	0	37	10	4	7	6	6	27.23	0		7.872722
4	42	7	0	37	10	10	7	6	6	27.23	0		7.872722
4	35	4	0	30	6	13	15	4	3	22.72	0		16.663236
11	114	7	0	37	10	16	7	6	6	27.23	0		7.872722
4	37	5	0	38	19	0	11	5	3	18.34	0		2.600766
4	33	2	0	23	19	26	7	3	3	17.01	0		19.952628
4	38	6	0	26	0	15	16	3	7	178.98	1		2.797987
11	109	4	0	30	6	16	15	4	3	22.72	0		16.663236
11	116	9	0	37	10	22	8	6	8	98.85	0		7.326144
11	117	9	0	38	18	3	8	6	8	98.85	0		7.326144
4	36	5	1	45	6	4	11	5	3	18.34	0		2.600766
11	115	7	0	38	18	11	7	6	6	27.23	0		7.872722
11	108	4	0	30	6	19	15	4	3	22.72	0		16.663236
4	40	7	0	42	0	4	7	6	6	27.23	0		7.872722
11	110	4	0	30	6	22	15	4	3	22.72	0		16.663236
11	111	5	1	45	6	7	11	5	3	18.34	0		2.600766
11	106	2	0	23	22	26	7	3	3	17.01	0		19.952628
11	112	6	0	26	3	15	16	3	7	178.98	1		2.797987
11	113	6	0	26	0	22	16	3	7	178.98	1		2.797987
11	107	3	0	25	3	22	12	3	5	40.88	1		2.461596
12	124	10	1	45	0	10	16	6	4	214.04	0		36.110254
12	125	10	1	45	0	14	16	6	4	214.04	0		36.110254
12	126	10	1	45	0	18	16	6	4	214.04	0		36.110254
12	123	9	0	38	18	17	8	6	8	98.85	0		7.326144
12	118	1	1	45	0	22	10	7	4	30.26	0		1.787482
12	120	4	0	30	6	25	15	4	3	22.72	0		16.663236
12	119	2	0	38	18	25	7	3	3	17.01	0		19.952628
12	121	6	1	51	0	0	16	3	7	178.98	1		2.797987
12	122	6	1	51	0	7	16	3	7	178.98	1		2.797987
1	10	10	1	54	0	0	16	6	4	214.04	0		36.110254
1	11	10	1	54	0	4	16	6	4	214.04	0		36.110254
1	7	9	0	45	10	22	8	6	8	98.85	0		7.326144
1	8	9	0	49	18	0	8	6	8	98.85	0		7.326144
1	9	9	0	49	18	8	8	6	8	98.85	0		7.326144
1	6	7	0	49	18	16	7	6	6	27.23	0		7.872722
1	5	4	1	54	0	8	15	4	3	22.72	0		16.663236
1	1	2	0	38	21	25	7	3	3	17.01	0		19.952628
1	2	2	0	45	0	26	7	3	3	17.01	0		19.952628
1	3	2	0	45	3	26	7	3	3	17.01	0		19.952628
1	4	2	0	45	6	26	7	3	3	17.01	0		19.952628


-------------------------------------------------------------------------------------------------------------------
Tour_Id:			2
No_of_Customers:		9
No_of_Items:			84
Customer_Sequence:		15 18 19 8 5 7 17 6 10 

CustId	Id	TypeId	Rotated	x	y	z	Length	Width	Height	mass	Fragility	LoadBearingStrength
10	105	9	0	0	0	0	8	6	8	98.85	0		7.326144
10	95	1	0	0	6	0	10	7	4	30.26	0		1.787482
10	96	1	0	0	13	0	10	7	4	30.26	0		1.787482
10	104	7	0	0	6	4	7	6	6	27.23	0		7.872722
10	99	4	0	0	20	0	15	4	3	22.72	0		16.663236
10	100	4	0	0	20	3	15	4	3	22.72	0		16.663236
10	101	5	0	0	12	4	11	5	3	18.34	0		2.600766
6	58	6	0	0	20	6	16	3	7	178.98	1		2.797987
10	98	2	0	0	17	4	7	3	3	17.01	0		19.952628
10	102	6	0	8	0	0	16	3	7	178.98	1		2.797987
10	103	6	0	8	3	0	16	3	7	178.98	1		2.797987
6	60	8	0	0	12	7	11	4	7	177.94	0		7.664851
6	55	1	0	11	6	0	10	7	4	30.26	0		1.787482
8	74	1	0	11	13	0	10	7	4	30.26	0		1.787482
6	57	5	0	0	12	14	11	5	3	18.34	0		2.600766
10	97	2	0	0	16	7	7	3	3	17.01	0		19.952628
6	56	3	0	0	20	13	12	3	5	40.88	1		2.461596
17	168	8	0	0	12	17	11	4	7	177.94	0		7.664851
17	166	7	0	0	0	8	7	6	6	27.23	0		7.872722
17	167	7	0	0	6	10	7	6	6	27.23	0		7.872722
17	163	4	0	7	6	4	15	4	3	22.72	0		16.663236
17	164	5	0	0	12	24	11	5	3	18.34	0		2.600766
17	165	5	0	0	12	27	11	5	3	18.34	0		2.600766
7	66	6	0	0	20	18	16	3	7	178.98	1		2.797987
7	71	10	0	22	6	0	16	6	4	214.04	0		36.110254
7	72	10	0	22	6	4	16	6	4	214.04	0		36.110254
7	61	1	0	38	0	0	10	7	4	30.26	0		1.787482
7	62	1	0	38	0	4	10	7	4	30.26	0		1.787482
7	64	5	0	7	6	7	11	5	3	18.34	0		2.600766
7	65	5	0	7	6	10	11	5	3	18.34	0		2.600766
19	184	6	0	7	17	4	16	3	7	178.98	1		2.797987
7	70	10	0	22	6	8	16	6	4	214.04	0		36.110254
7	67	6	0	8	0	7	16	3	7	178.98	1		2.797987
7	68	6	0	0	0	14	16	3	7	178.98	1		2.797987
7	69	6	0	0	0	21	16	3	7	178.98	1		2.797987
5	52	10	0	22	6	12	16	6	4	214.04	0		36.110254
5	53	10	0	22	6	16	16	6	4	214.04	0		36.110254
5	54	10	0	22	6	20	16	6	4	214.04	0		36.110254
5	50	8	0	7	6	13	11	4	7	177.94	0		7.664851
19	186	7	0	22	6	24	7	6	6	27.23	0		7.872722
5	45	1	0	38	0	8	10	7	4	30.26	0		1.787482
5	51	8	0	7	6	20	11	4	7	177.94	0		7.664851
8	73	1	0	21	12	0	10	7	4	30.26	0		1.787482
5	48	5	0	7	6	27	11	5	3	18.34	0		2.600766
5	46	3	0	0	20	25	12	3	5	40.88	1		2.461596
8	81	7	0	38	7	0	7	6	6	27.23	0		7.872722
8	82	9	0	38	7	6	8	6	8	98.85	0		7.326144
8	83	9	0	38	0	12	8	6	8	98.85	0		7.326144
5	47	4	0	16	20	0	15	4	3	22.72	0		16.663236
6	59	7	0	24	0	0	7	6	6	27.23	0		7.872722
8	84	10	0	31	13	0	16	6	4	214.04	0		36.110254
8	78	5	0	11	12	4	11	5	3	18.34	0		2.600766
8	75	2	0	0	3	14	7	3	3	17.01	0		19.952628
8	79	5	0	11	12	7	11	5	3	18.34	0		2.600766
8	80	6	0	16	20	3	16	3	7	178.98	1		2.797987
8	76	3	0	11	12	10	12	3	5	40.88	1		2.461596
8	77	3	0	11	12	15	12	3	5	40.88	1		2.461596
19	189	10	0	23	13	4	16	6	4	214.04	0		36.110254
19	187	9	0	23	13	8	8	6	8	98.85	0		7.326144
19	188	9	0	23	12	16	8	6	8	98.85	0		7.326144
19	185	7	0	22	12	24	7	6	6	27.23	0		7.872722
5	49	7	0	0	6	16	7	6	6	27.23	0		7.872722
19	182	5	0	29	6	24	11	5	3	18.34	0		2.600766
18	174	5	0	29	6	27	11	5	3	18.34	0		2.600766
19	183	6	0	7	17	11	16	3	7	178.98	1		2.797987
7	63	2	0	24	0	6	7	3	3	17.01	0		19.952628
18	177	9	0	31	13	8	8	6	8	98.85	0		7.326144
18	178	9	0	31	12	16	8	6	8	98.85	0		7.326144
15	142	1	0	29	11	24	10	7	4	30.26	0		1.787482
18	180	9	0	32	19	0	8	6	8	98.85	0		7.326144
19	181	2	0	38	7	14	7	3	3	17.01	0		19.952628
18	175	5	0	40	19	0	11	5	3	18.34	0		2.600766
18	169	2	0	32	19	8	7	3	3	17.01	0		19.952628
18	170	2	0	32	22	8	7	3	3	17.01	0		19.952628
18	171	2	0	32	19	11	7	3	3	17.01	0		19.952628
18	176	6	0	16	20	10	16	3	7	178.98	1		2.797987
18	172	3	0	16	20	17	12	3	5	40.88	1		2.461596
18	173	3	0	16	20	22	12	3	5	40.88	1		2.461596
15	146	9	0	38	0	20	8	6	8	98.85	0		7.326144
15	147	9	0	39	13	4	8	6	8	98.85	0		7.326144
18	179	9	0	40	19	3	8	6	8	98.85	0		7.326144
15	145	7	0	39	19	11	7	6	6	27.23	0		7.872722
15	144	4	1	48	0	0	15	4	3	22.72	0		16.663236
15	143	3	0	47	15	0	12	3	5	40.88	1		2.461596


