Name:				057_n020_m200_bt100
Problem:			3L-VRPTW
Number_of_used_Vehicles:	3
Total_Travel_Distance:		417.87
Calculation_Time:		3600.00
Total_Iterations:		3178
ConstraintSet:			P1

-------------------------------------------------------------------------------------------------------------------
Tour_Id:			1
No_of_Customers:		10
No_of_Items:			97
Customer_Sequence:		1 20 13 10 15 14 2 9 6 7 

CustId	Id	TypeId	Rotated	x	y	z	Length	Width	Height	mass	Fragility	LoadBearingStrength
7	67	20	0	0	0	0	16	4	8	81.54	0		6.566342
7	70	88	0	0	4	0	15	6	5	101.27	0		7.628133
7	71	91	0	0	10	0	7	5	6	21.03	0		17.663329
7	68	54	0	0	15	0	11	6	3	31.66	0		4.572438
7	66	19	0	0	21	0	11	2	3	21.58	0		6.213246
7	69	62	0	0	15	3	13	5	5	44.09	1		1.504124
6	56	28	0	0	4	5	17	5	5	43.08	0		19.267681
6	57	30	0	13	10	0	12	7	5	48.74	0		8.177987
6	58	41	0	13	17	0	12	7	3	25.41	0		4.763190
6	65	85	0	0	20	3	10	3	6	42.42	0		70.117663
6	61	61	0	0	10	6	8	3	7	23.73	0		14.675893
6	64	68	0	0	23	0	9	2	8	16.18	0		5.381423
6	55	21	0	0	4	10	8	5	3	12.80	0		3.414924
9	82	32	0	0	4	13	7	6	5	23.10	0		11.290994
6	63	67	0	0	0	8	13	4	7	82.30	1		12.918139
6	60	49	0	0	15	8	16	5	4	92.31	1		2.024599
6	59	43	0	0	20	9	9	4	7	52.11	1		3.470379
6	54	2	0	0	15	12	14	4	3	26.55	1		5.787163
9	81	1	0	0	4	18	8	6	8	86.52	0		3.644453
9	85	69	0	17	0	0	17	7	3	213.02	0		55.569741
9	87	82	0	8	4	10	11	4	7	40.40	0		2.987933
9	86	78	0	16	9	5	7	6	7	139.86	0		16.876515
6	62	63	0	0	13	6	9	2	5	18.36	0		8.437937
9	84	61	0	0	10	13	8	3	7	23.73	0		14.675893
9	88	96	0	17	0	3	15	6	4	41.02	1		3.208745
2	14	11	0	25	7	0	15	5	7	90.87	0		7.213390
9	83	46	0	0	0	15	9	3	7	91.56	1		5.683686
2	22	99	0	10	20	3	15	4	8	249.40	0		46.976585
2	21	93	0	8	4	17	13	3	7	40.08	0		9.792600
2	20	85	0	0	10	20	10	3	6	42.42	0		70.117663
2	19	74	0	9	20	11	14	4	3	18.99	0		13.577533
2	16	48	0	0	10	26	13	3	4	18.93	0		16.506111
2	15	35	0	0	4	26	8	3	4	18.11	0		16.656949
2	17	62	0	0	15	15	13	5	5	44.09	1		1.504124
2	18	64	0	19	0	7	15	6	3	35.73	1		5.009370
14	135	40	0	25	12	0	16	6	8	141.45	0		7.166451
14	133	13	0	25	18	0	16	6	6	569.80	0		60.429774
14	141	93	0	9	20	14	13	3	7	40.08	0		9.792600
14	139	71	0	25	18	6	17	4	4	37.39	0		6.305340
14	132	8	0	8	4	24	10	3	6	31.85	0		11.278779
14	140	85	0	9	20	21	10	3	6	42.42	0		70.117663
14	138	68	0	16	15	5	9	2	8	16.18	0		5.381423
14	134	29	0	16	9	12	7	4	4	66.40	0		31.765790
14	142	96	0	21	0	10	15	6	4	41.02	1		3.208745
14	137	49	0	0	15	20	16	5	4	92.31	1		2.024599
14	136	46	0	0	20	16	9	3	7	91.56	1		5.683686
15	143	39	0	23	7	7	14	5	3	22.45	0		1.681561
13	129	60	0	23	7	10	15	2	7	228.74	0		52.042675
15	145	48	0	23	9	10	13	3	4	18.93	0		16.506111
15	148	80	0	16	9	16	8	4	4	16.26	0		2.756396
15	151	100	0	0	7	26	10	2	4	16.88	0		19.693318
15	149	89	0	16	13	12	7	2	4	6.17	0		15.878056
15	147	62	0	0	15	24	13	5	5	44.09	1		1.504124
15	146	49	0	21	0	14	16	5	4	92.31	1		2.024599
20	195	22	0	24	9	14	16	3	7	39.25	0		3.869195
10	99	99	0	25	12	8	15	4	8	249.40	0		46.976585
10	91	47	0	37	0	0	16	7	4	46.25	0		4.654680
10	92	47	0	37	0	4	16	7	4	46.25	0		4.654680
10	90	44	0	37	0	8	8	6	8	42.36	0		2.907106
10	96	75	0	37	0	16	10	6	6	45.62	0		6.232691
10	97	75	0	37	0	22	10	6	6	45.62	0		6.232691
10	98	78	0	41	7	0	7	6	7	139.86	0		16.876515
10	95	71	0	25	18	10	17	4	4	37.39	0		6.305340
10	93	51	0	42	13	0	10	7	3	233.57	0		291.641224
10	94	68	0	16	15	13	9	2	8	16.18	0		5.381423
10	89	37	0	16	13	16	17	2	3	30.28	0		23.492060
13	125	24	0	42	13	3	11	6	7	58.91	0		4.466325
13	126	24	0	42	12	10	11	6	7	58.91	0		4.466325
15	150	92	0	42	20	0	15	5	4	41.53	0		4.681032
13	131	98	0	22	18	14	15	4	5	41.71	0		16.352444
13	122	6	0	22	18	19	16	3	5	25.14	0		1.796045
13	130	88	1	53	0	0	15	6	5	101.27	0		7.628133
13	123	8	0	22	18	24	10	3	6	31.85	0		11.278779
13	127	26	0	9	20	27	10	3	3	55.88	0		61.234396
13	128	46	0	33	12	16	9	3	7	91.56	1		5.683686
1	10	71	0	42	20	4	17	4	4	37.39	0		6.305340
20	198	65	1	53	0	5	16	5	6	77.34	0		12.426132
15	144	45	0	21	0	18	13	3	8	33.69	1		1.527230
20	197	60	0	23	7	17	15	2	7	228.74	0		52.042675
20	193	3	0	38	7	7	8	5	4	24.06	0		22.908158
20	194	7	0	23	7	24	14	2	5	96.83	0		169.180707
20	200	96	1	53	0	11	15	6	4	41.02	1		3.208745
20	196	45	0	24	9	21	13	3	8	33.69	1		1.527230
20	199	70	0	16	15	21	10	2	4	9.59	1		3.519655
1	11	87	0	42	19	8	17	4	6	67.13	0		4.063940
1	6	44	0	42	12	17	8	6	8	42.36	0		2.907106
1	13	98	0	38	18	14	15	4	5	41.71	0		16.352444
13	124	16	0	16	9	20	6	5	6	23.06	1		1.068023
1	5	34	0	38	18	19	9	5	4	28.42	0		5.670430
1	12	95	0	38	18	23	7	3	7	22.35	0		2.903489
1	4	33	0	25	22	6	9	2	8	31.80	0		43.497924
1	2	18	1	53	0	15	14	7	4	74.92	1		1.365765
1	3	31	1	53	0	19	15	6	3	36.17	1		1.685637
1	1	16	0	47	18	19	6	5	6	23.06	1		1.068023
1	7	50	0	22	22	14	11	2	8	28.69	1		8.449709
1	8	52	1	53	0	22	14	4	3	26.53	1		2.205521
1	9	53	0	33	12	23	7	3	3	9.80	1		2.668607


-------------------------------------------------------------------------------------------------------------------
Tour_Id:			2
No_of_Customers:		6
No_of_Items:			56
Customer_Sequence:		5 16 12 8 19 17 

CustId	Id	TypeId	Rotated	x	y	z	Length	Width	Height	mass	Fragility	LoadBearingStrength
17	162	27	0	0	0	0	15	7	6	95.61	0		6.244257
17	164	47	0	0	7	0	16	7	4	46.25	0		4.654680
17	161	22	0	0	14	0	16	3	7	39.25	0		3.869195
17	166	72	0	0	17	0	17	3	5	28.08	0		5.059669
17	158	6	0	0	20	0	16	3	5	25.14	0		1.796045
17	167	74	0	0	7	4	14	4	3	18.99	0		13.577533
17	168	79	0	0	11	4	10	3	5	27.11	0		4.297102
17	160	19	0	0	23	0	11	2	3	21.58	0		6.213246
17	159	18	0	0	17	5	14	7	4	74.92	1		1.365765
17	163	43	0	0	0	6	9	4	7	52.11	1		3.470379
17	165	50	0	0	4	6	11	2	8	28.69	1		8.449709
17	157	2	0	0	6	7	14	4	3	26.55	1		5.787163
19	186	65	0	15	0	0	16	5	6	77.34	0		12.426132
19	187	65	0	11	0	6	16	5	6	77.34	0		12.426132
19	192	99	0	9	0	12	15	4	8	249.40	0		46.976585
19	183	30	0	16	5	0	12	7	5	48.74	0		8.177987
19	189	87	0	9	0	20	17	4	6	67.13	0		4.063940
19	181	1	0	15	5	5	8	6	8	86.52	0		3.644453
19	182	10	0	0	14	7	8	3	5	20.76	0		30.549502
19	190	89	0	0	11	9	7	2	4	6.17	0		15.878056
19	188	67	0	0	17	9	13	4	7	82.30	1		12.918139
19	191	96	0	17	12	0	15	6	4	41.02	1		3.208745
19	185	62	0	0	6	10	13	5	5	44.09	1		1.504124
19	184	46	0	0	21	9	9	3	7	91.56	1		5.683686
8	72	27	0	17	18	0	15	7	6	95.61	0		6.244257
8	75	55	0	14	18	6	15	5	6	60.68	0		5.202495
8	78	83	0	13	18	12	15	4	6	262.75	0		24.176862
8	76	75	0	13	5	13	10	6	6	45.62	0		6.232691
8	79	86	0	9	0	26	17	5	4	45.47	0		25.105191
8	77	78	0	13	5	19	7	6	7	139.86	0		16.876515
8	80	93	0	13	18	18	13	3	7	40.08	0		9.792600
8	74	54	0	28	5	0	11	6	3	31.66	0		4.572438
8	73	42	0	13	18	25	12	2	3	10.18	0		5.177020
12	121	99	0	31	0	0	15	4	8	249.40	0		46.976585
12	117	82	0	28	5	3	11	4	7	40.40	0		2.987933
12	118	82	0	28	5	10	11	4	7	40.40	0		2.987933
12	119	92	0	31	0	8	15	5	4	41.53	0		4.681032
12	120	94	0	26	0	12	17	3	5	51.72	0		12.269791
12	115	56	0	26	0	17	13	3	5	21.25	0		3.800847
12	116	80	0	13	5	26	8	4	4	16.26	0		2.756396
12	114	29	1	23	5	5	7	4	4	66.40	0		31.765790
16	153	24	0	32	11	0	11	6	7	58.91	0		4.466325
16	155	56	0	26	0	22	13	3	5	21.25	0		3.800847
16	152	10	0	0	14	12	8	3	5	20.76	0		30.549502
16	156	58	0	14	23	6	15	2	3	12.41	0		8.552339
16	154	25	0	0	14	17	10	3	5	18.26	1		1.057604
5	53	99	0	32	17	0	15	4	8	249.40	0		46.976585
5	45	30	0	46	0	0	12	7	5	48.74	0		8.177987
5	49	81	0	28	5	17	14	3	8	74.11	0		35.077349
5	44	4	0	32	17	8	15	5	4	33.99	0		6.052417
5	48	78	0	32	11	7	7	6	7	139.86	0		16.876515
5	51	91	0	32	17	12	7	5	6	21.03	0		17.663329
5	50	90	0	43	7	0	16	6	8	133.70	1		4.467279
5	47	67	0	32	21	0	13	4	7	82.30	1		12.918139
5	52	96	0	43	7	8	15	6	4	41.02	1		3.208745
5	46	64	0	43	7	12	15	6	3	35.73	1		5.009370


-------------------------------------------------------------------------------------------------------------------
Tour_Id:			3
No_of_Customers:		4
No_of_Items:			47
Customer_Sequence:		3 11 18 4 

CustId	Id	TypeId	Rotated	x	y	z	Length	Width	Height	mass	Fragility	LoadBearingStrength
4	33	11	0	0	0	0	15	5	7	90.87	0		7.213390
4	43	98	0	0	5	0	15	4	5	41.71	0		16.352444
4	41	94	0	0	9	0	17	3	5	51.72	0		12.269791
4	38	61	0	0	12	0	8	3	7	23.73	0		14.675893
4	37	48	0	0	15	0	13	3	4	18.93	0		16.506111
4	35	33	0	0	18	0	9	2	8	31.80	0		43.497924
4	40	68	0	0	20	0	9	2	8	16.18	0		5.381423
4	34	26	0	0	22	0	10	3	3	55.88	0		61.234396
4	39	67	0	0	5	5	13	4	7	82.30	1		12.918139
4	42	96	0	13	12	0	15	6	4	41.02	1		3.208745
4	36	43	0	0	0	7	9	4	7	52.11	1		3.470379
18	178	87	0	9	18	0	17	4	6	67.13	0		4.063940
18	177	83	0	9	18	6	15	4	6	262.75	0		24.176862
18	176	72	0	0	9	5	17	3	5	28.08	0		5.059669
18	179	94	0	0	9	10	17	3	5	51.72	0		12.269791
18	170	26	0	0	15	4	10	3	3	55.88	0		61.234396
18	180	100	0	0	22	3	10	2	4	16.88	0		19.693318
18	172	42	0	0	15	7	12	2	3	10.18	0		5.177020
18	171	36	0	15	0	0	8	7	4	49.81	1		1.897553
18	173	46	0	0	12	7	9	3	7	91.56	1		5.683686
18	174	50	0	0	22	7	11	2	8	28.69	1		8.449709
18	169	2	0	0	5	12	14	4	3	26.55	1		5.787163
18	175	70	0	0	15	10	10	2	4	9.59	1		3.519655
11	104	28	0	23	0	0	17	5	5	43.08	0		19.267681
11	110	83	0	0	9	15	15	4	6	262.75	0		24.176862
11	111	86	0	23	5	0	17	5	4	45.47	0		25.105191
11	102	22	0	0	9	21	16	3	7	39.25	0		3.869195
11	109	82	0	9	18	12	11	4	7	40.40	0		2.987933
11	100	4	0	23	5	4	15	5	4	33.99	0		6.052417
11	113	98	0	23	0	5	15	4	5	41.71	0		16.352444
11	106	72	0	11	22	0	17	3	5	28.08	0		5.059669
11	105	41	0	28	10	0	12	7	3	25.41	0		4.763190
11	108	77	0	9	18	19	10	5	4	28.12	0		5.229385
11	107	74	0	23	5	8	14	4	3	18.99	0		13.577533
11	101	10	0	9	0	7	8	3	5	20.76	0		30.549502
11	103	26	0	9	0	12	10	3	3	55.88	0		61.234396
11	112	89	0	9	3	7	7	2	4	6.17	0		15.878056
3	26	40	0	28	17	0	16	6	8	141.45	0		7.166451
3	32	97	0	19	0	10	16	3	6	35.89	0		4.382919
3	23	12	0	9	18	23	13	3	6	36.21	0		10.011686
3	28	56	0	19	0	16	13	3	5	21.25	0		3.800847
3	30	85	0	9	0	15	10	3	6	42.42	0		70.117663
3	29	74	0	9	0	21	14	4	3	18.99	0		13.577533
3	25	33	0	9	3	11	9	2	8	31.80	0		43.497924
3	31	96	0	28	10	3	15	6	4	41.02	1		3.208745
3	24	16	0	0	13	14	6	5	6	23.06	1		1.068023
3	27	50	0	0	5	15	11	2	8	28.69	1		8.449709


