Name:				067_n060_m200_bt10
Problem:			3L-VRPTW
Number_of_used_Vehicles:	17
Total_Travel_Distance:		1231.57
Calculation_Time:		1924.52
Total_Iterations:		24187
ConstraintSet:			P1

-------------------------------------------------------------------------------------------------------------------
Tour_Id:			1
No_of_Customers:		3
No_of_Items:			10
Customer_Sequence:		14 17 32 

CustId	Id	TypeId	Rotated	x	y	z	Length	Width	Height	mass	Fragility	LoadBearingStrength
32	100	9	0	0	0	0	28	14	14	932.27	0		30.363833
32	98	4	0	0	14	0	22	7	14	885.45	0		39.168132
32	99	6	0	0	0	14	15	12	9	356.37	0		9.879165
32	97	1	0	0	12	14	32	6	6	436.53	0		28.097036
17	50	9	0	32	0	0	28	14	14	932.27	0		30.363833
17	48	6	0	15	0	14	15	12	9	356.37	0		9.879165
17	49	6	0	30	0	14	15	12	9	356.37	0		9.879165
17	51	10	0	0	12	20	22	6	7	345.28	0		28.215108
14	43	8	0	32	14	0	28	10	10	864.33	0		12.850204
14	42	4	0	32	14	10	22	7	14	885.45	0		39.168132


-------------------------------------------------------------------------------------------------------------------
Tour_Id:			2
No_of_Customers:		3
No_of_Items:			12
Customer_Sequence:		40 35 39 

CustId	Id	TypeId	Rotated	x	y	z	Length	Width	Height	mass	Fragility	LoadBearingStrength
39	124	7	0	0	0	0	14	13	10	195.83	0		4.331487
39	123	5	0	0	13	0	29	8	6	139.25	1		1.728200
35	110	9	0	29	0	0	28	14	14	932.27	0		30.363833
35	108	7	0	0	0	10	14	13	10	195.83	0		4.331487
35	109	7	0	0	0	20	14	13	10	195.83	0		4.331487
35	107	6	0	14	0	0	15	12	9	356.37	0		9.879165
35	106	2	0	0	13	6	25	10	9	441.88	1		14.044883
40	128	8	0	29	14	0	28	10	10	864.33	0		12.850204
40	129	8	0	25	14	10	28	10	10	864.33	0		12.850204
40	125	4	0	29	0	14	22	7	14	885.45	0		39.168132
40	126	4	0	25	7	14	22	7	14	885.45	0		39.168132
40	127	5	0	25	14	20	29	8	6	139.25	1		1.728200


-------------------------------------------------------------------------------------------------------------------
Tour_Id:			3
No_of_Customers:		6
No_of_Items:			16
Customer_Sequence:		53 33 7 5 41 50 

CustId	Id	TypeId	Rotated	x	y	z	Length	Width	Height	mass	Fragility	LoadBearingStrength
50	164	3	0	0	0	0	27	12	8	440.34	0		8.684773
50	165	6	0	0	12	0	15	12	9	356.37	0		9.879165
50	163	2	0	0	0	8	25	10	9	441.88	1		14.044883
41	131	7	0	0	12	9	14	13	10	195.83	0		4.331487
41	132	7	0	0	12	19	14	13	10	195.83	0		4.331487
41	130	6	0	15	12	0	15	12	9	356.37	0		9.879165
41	133	7	0	14	10	9	14	13	10	195.83	0		4.331487
5	16	3	0	30	0	0	27	12	8	440.34	0		8.684773
5	17	7	0	14	10	19	14	13	10	195.83	0		4.331487
7	21	4	0	25	0	8	22	7	14	885.45	0		39.168132
7	20	2	0	0	0	17	25	10	9	441.88	1		14.044883
33	101	3	0	30	12	0	27	12	8	440.34	0		8.684773
53	177	4	0	30	7	8	22	7	14	885.45	0		39.168132
53	176	3	0	28	0	22	27	12	8	440.34	0		8.684773
33	102	8	0	30	14	8	28	10	10	864.33	0		12.850204
53	175	1	0	28	14	18	32	6	6	436.53	0		28.097036


-------------------------------------------------------------------------------------------------------------------
Tour_Id:			4
No_of_Customers:		2
No_of_Items:			8
Customer_Sequence:		44 27 

CustId	Id	TypeId	Rotated	x	y	z	Length	Width	Height	mass	Fragility	LoadBearingStrength
27	84	9	0	0	0	0	28	14	14	932.27	0		30.363833
27	82	4	0	0	14	0	22	7	14	885.45	0		39.168132
27	83	7	0	0	0	14	14	13	10	195.83	0		4.331487
27	81	1	0	22	14	0	32	6	6	436.53	0		28.097036
44	144	9	0	28	0	0	28	14	14	932.27	0		30.363833
44	141	3	0	14	0	14	27	12	8	440.34	0		8.684773
44	142	4	0	0	13	14	22	7	14	885.45	0		39.168132
44	143	6	0	41	0	14	15	12	9	356.37	0		9.879165


-------------------------------------------------------------------------------------------------------------------
Tour_Id:			5
No_of_Customers:		3
No_of_Items:			12
Customer_Sequence:		52 8 31 

CustId	Id	TypeId	Rotated	x	y	z	Length	Width	Height	mass	Fragility	LoadBearingStrength
31	96	8	0	0	0	0	28	10	10	864.33	0		12.850204
8	22	1	0	0	10	0	32	6	6	436.53	0		28.097036
31	94	1	0	0	16	0	32	6	6	436.53	0		28.097036
8	26	9	0	0	10	6	28	14	14	932.27	0		30.363833
8	24	6	0	0	10	20	15	12	9	356.37	0		9.879165
31	95	4	0	0	0	10	22	7	14	885.45	0		39.168132
8	25	8	0	28	0	0	28	10	10	864.33	0		12.850204
8	23	3	0	32	10	0	27	12	8	440.34	0		8.684773
52	173	9	0	32	10	8	28	14	14	932.27	0		30.363833
52	171	5	0	22	0	10	29	8	6	139.25	1		1.728200
52	172	6	0	15	10	20	15	12	9	356.37	0		9.879165
52	174	10	0	32	10	22	22	6	7	345.28	0		28.215108


-------------------------------------------------------------------------------------------------------------------
Tour_Id:			6
No_of_Customers:		3
No_of_Items:			10
Customer_Sequence:		12 58 4 

CustId	Id	TypeId	Rotated	x	y	z	Length	Width	Height	mass	Fragility	LoadBearingStrength
4	14	9	0	0	0	0	28	14	14	932.27	0		30.363833
4	12	4	0	0	14	0	22	7	14	885.45	0		39.168132
4	13	7	0	0	0	14	14	13	10	195.83	0		4.331487
4	15	10	0	0	13	14	22	6	7	345.28	0		28.215108
58	194	8	0	22	14	0	28	10	10	864.33	0		12.850204
58	193	6	0	14	0	14	15	12	9	356.37	0		9.879165
58	192	2	0	22	14	10	25	10	9	441.88	1		14.044883
12	37	9	0	29	0	0	28	14	14	932.27	0		30.363833
12	36	3	0	29	0	14	27	12	8	440.34	0		8.684773
12	38	10	0	0	13	21	22	6	7	345.28	0		28.215108


-------------------------------------------------------------------------------------------------------------------
Tour_Id:			7
No_of_Customers:		6
No_of_Items:			16
Customer_Sequence:		28 57 25 54 16 49 

CustId	Id	TypeId	Rotated	x	y	z	Length	Width	Height	mass	Fragility	LoadBearingStrength
49	161	7	0	0	0	0	14	13	10	195.83	0		4.331487
16	47	10	0	0	13	0	22	6	7	345.28	0		28.215108
49	162	10	0	0	19	0	22	6	7	345.28	0		28.215108
49	160	1	0	14	0	0	32	6	6	436.53	0		28.097036
16	46	5	0	0	13	7	29	8	6	139.25	1		1.728200
54	178	4	0	14	6	0	22	7	14	885.45	0		39.168132
54	179	4	0	14	6	14	22	7	14	885.45	0		39.168132
25	77	4	0	36	6	0	22	7	14	885.45	0		39.168132
54	182	10	0	14	0	6	22	6	7	345.28	0		28.215108
54	180	5	0	0	13	13	29	8	6	139.25	1		1.728200
28	86	10	0	14	0	13	22	6	7	345.28	0		28.215108
25	78	5	0	0	13	19	29	8	6	139.25	1		1.728200
57	191	3	0	29	13	0	27	12	8	440.34	0		8.684773
57	190	2	0	29	13	8	25	10	9	441.88	1		14.044883
54	181	7	0	0	0	10	14	13	10	195.83	0		4.331487
28	85	5	0	29	13	17	29	8	6	139.25	1		1.728200


-------------------------------------------------------------------------------------------------------------------
Tour_Id:			8
No_of_Customers:		3
No_of_Items:			11
Customer_Sequence:		29 15 38 

CustId	Id	TypeId	Rotated	x	y	z	Length	Width	Height	mass	Fragility	LoadBearingStrength
38	119	4	0	0	0	0	22	7	14	885.45	0		39.168132
38	120	4	0	0	7	0	22	7	14	885.45	0		39.168132
38	121	4	0	0	14	0	22	7	14	885.45	0		39.168132
38	118	2	0	0	0	14	25	10	9	441.88	1		14.044883
38	122	7	0	0	10	14	14	13	10	195.83	0		4.331487
15	44	3	0	25	0	0	27	12	8	440.34	0		8.684773
15	45	10	0	22	12	0	22	6	7	345.28	0		28.215108
29	89	5	0	0	0	23	29	8	6	139.25	1		1.728200
29	90	7	0	25	0	8	14	13	10	195.83	0		4.331487
29	87	1	0	22	18	0	32	6	6	436.53	0		28.097036
29	88	4	0	22	18	6	22	7	14	885.45	0		39.168132


-------------------------------------------------------------------------------------------------------------------
Tour_Id:			9
No_of_Customers:		3
No_of_Items:			10
Customer_Sequence:		13 9 43 

CustId	Id	TypeId	Rotated	x	y	z	Length	Width	Height	mass	Fragility	LoadBearingStrength
43	140	9	0	0	0	0	28	14	14	932.27	0		30.363833
43	139	7	0	0	0	14	14	13	10	195.83	0		4.331487
43	137	5	0	0	14	0	29	8	6	139.25	1		1.728200
43	138	5	0	0	14	6	29	8	6	139.25	1		1.728200
9	29	8	0	28	0	0	28	10	10	864.33	0		12.850204
9	28	7	0	14	0	14	14	13	10	195.83	0		4.331487
9	27	5	0	0	14	12	29	8	6	139.25	1		1.728200
13	40	9	0	29	10	0	28	14	14	932.27	0		30.363833
13	41	9	0	29	10	14	28	14	14	932.27	0		30.363833
13	39	4	0	28	0	10	22	7	14	885.45	0		39.168132


-------------------------------------------------------------------------------------------------------------------
Tour_Id:			10
No_of_Customers:		3
No_of_Items:			12
Customer_Sequence:		11 47 23 

CustId	Id	TypeId	Rotated	x	y	z	Length	Width	Height	mass	Fragility	LoadBearingStrength
23	73	9	0	0	0	0	28	14	14	932.27	0		30.363833
23	72	3	0	0	0	14	27	12	8	440.34	0		8.684773
23	71	1	0	0	14	0	32	6	6	436.53	0		28.097036
47	154	9	0	28	0	0	28	14	14	932.27	0		30.363833
47	153	5	0	0	14	6	29	8	6	139.25	1		1.728200
11	34	4	0	27	0	14	22	7	14	885.45	0		39.168132
47	152	2	0	0	14	12	25	10	9	441.88	1		14.044883
47	150	1	0	27	7	14	32	6	6	436.53	0		28.097036
47	151	2	0	0	12	21	25	10	9	441.88	1		14.044883
11	35	10	0	0	0	22	22	6	7	345.28	0		28.215108
11	32	2	0	32	14	0	25	10	9	441.88	1		14.044883
11	33	2	0	29	14	9	25	10	9	441.88	1		14.044883


-------------------------------------------------------------------------------------------------------------------
Tour_Id:			11
No_of_Customers:		4
No_of_Items:			13
Customer_Sequence:		3 59 30 42 

CustId	Id	TypeId	Rotated	x	y	z	Length	Width	Height	mass	Fragility	LoadBearingStrength
30	91	1	0	0	0	0	32	6	6	436.53	0		28.097036
42	134	1	0	0	6	0	32	6	6	436.53	0		28.097036
30	93	9	0	0	0	6	28	14	14	932.27	0		30.363833
30	92	9	0	32	0	0	28	14	14	932.27	0		30.363833
42	135	4	0	0	14	0	22	7	14	885.45	0		39.168132
59	197	6	0	0	0	20	15	12	9	356.37	0		9.879165
59	196	4	0	0	14	14	22	7	14	885.45	0		39.168132
59	198	7	0	15	0	20	14	13	10	195.83	0		4.331487
42	136	5	0	22	14	0	29	8	6	139.25	1		1.728200
3	10	6	0	32	0	14	15	12	9	356.37	0		9.879165
3	11	7	1	47	0	14	14	13	10	195.83	0		4.331487
59	195	2	0	22	14	6	25	10	9	441.88	1		14.044883
3	9	5	0	22	14	15	29	8	6	139.25	1		1.728200


-------------------------------------------------------------------------------------------------------------------
Tour_Id:			12
No_of_Customers:		4
No_of_Items:			11
Customer_Sequence:		10 19 46 24 

CustId	Id	TypeId	Rotated	x	y	z	Length	Width	Height	mass	Fragility	LoadBearingStrength
24	76	10	0	0	0	0	22	6	7	345.28	0		28.215108
46	149	10	0	0	6	0	22	6	7	345.28	0		28.215108
24	74	7	0	0	12	0	14	13	10	195.83	0		4.331487
46	147	3	0	0	0	7	27	12	8	440.34	0		8.684773
46	148	9	0	0	0	15	28	14	14	932.27	0		30.363833
24	75	7	0	14	12	0	14	13	10	195.83	0		4.331487
19	58	9	0	28	0	0	28	14	14	932.27	0		30.363833
19	59	9	0	28	0	14	28	14	14	932.27	0		30.363833
19	57	2	0	0	14	10	25	10	9	441.88	1		14.044883
10	31	8	0	28	14	0	28	10	10	864.33	0		12.850204
10	30	2	0	0	14	19	25	10	9	441.88	1		14.044883


-------------------------------------------------------------------------------------------------------------------
Tour_Id:			13
No_of_Customers:		4
No_of_Items:			17
Customer_Sequence:		18 34 2 20 

CustId	Id	TypeId	Rotated	x	y	z	Length	Width	Height	mass	Fragility	LoadBearingStrength
20	63	8	0	0	0	0	28	10	10	864.33	0		12.850204
20	60	1	0	0	10	0	32	6	6	436.53	0		28.097036
20	62	7	0	0	0	10	14	13	10	195.83	0		4.331487
20	61	1	0	0	16	0	32	6	6	436.53	0		28.097036
2	5	3	0	0	13	6	27	12	8	440.34	0		8.684773
18	54	3	0	0	13	14	27	12	8	440.34	0		8.684773
2	4	2	0	28	0	0	25	10	9	441.88	1		14.044883
2	8	7	0	0	0	20	14	13	10	195.83	0		4.331487
18	52	1	0	0	13	22	32	6	6	436.53	0		28.097036
2	6	6	0	14	0	10	15	12	9	356.37	0		9.879165
34	103	2	0	29	0	9	25	10	9	441.88	1		14.044883
34	105	5	0	29	0	18	29	8	6	139.25	1		1.728200
34	104	4	0	32	10	0	22	7	14	885.45	0		39.168132
2	7	6	0	14	0	19	15	12	9	356.37	0		9.879165
18	53	1	0	0	19	22	32	6	6	436.53	0		28.097036
18	56	10	0	29	10	14	22	6	7	345.28	0		28.215108
18	55	5	0	29	0	24	29	8	6	139.25	1		1.728200


-------------------------------------------------------------------------------------------------------------------
Tour_Id:			14
No_of_Customers:		5
No_of_Items:			16
Customer_Sequence:		60 45 37 56 48 

CustId	Id	TypeId	Rotated	x	y	z	Length	Width	Height	mass	Fragility	LoadBearingStrength
48	155	3	0	0	0	0	27	12	8	440.34	0		8.684773
48	158	6	0	0	12	0	15	12	9	356.37	0		9.879165
48	157	3	0	0	0	8	27	12	8	440.34	0		8.684773
48	156	3	0	0	0	16	27	12	8	440.34	0		8.684773
48	159	10	0	15	12	0	22	6	7	345.28	0		28.215108
56	186	3	0	27	0	0	27	12	8	440.34	0		8.684773
56	187	4	0	15	18	0	22	7	14	885.45	0		39.168132
56	188	5	0	0	0	24	29	8	6	139.25	1		1.728200
56	189	7	0	0	12	9	14	13	10	195.83	0		4.331487
37	117	8	0	29	0	8	28	10	10	864.33	0		12.850204
37	115	7	0	0	12	19	14	13	10	195.83	0		4.331487
45	145	2	0	29	0	18	25	10	9	441.88	1		14.044883
45	146	4	0	15	18	14	22	7	14	885.45	0		39.168132
37	116	7	0	37	12	0	14	13	10	195.83	0		4.331487
60	199	7	0	37	10	10	14	13	10	195.83	0		4.331487
60	200	7	0	37	10	20	14	13	10	195.83	0		4.331487


-------------------------------------------------------------------------------------------------------------------
Tour_Id:			15
No_of_Customers:		4
No_of_Items:			11
Customer_Sequence:		36 6 26 22 

CustId	Id	TypeId	Rotated	x	y	z	Length	Width	Height	mass	Fragility	LoadBearingStrength
22	70	9	0	0	0	0	28	14	14	932.27	0		30.363833
22	69	8	0	0	14	0	28	10	10	864.33	0		12.850204
36	112	3	0	0	0	14	27	12	8	440.34	0		8.684773
26	80	8	0	0	14	10	28	10	10	864.33	0		12.850204
26	79	6	0	0	12	20	15	12	9	356.37	0		9.879165
6	19	9	0	28	0	0	28	14	14	932.27	0		30.363833
22	68	1	0	28	14	0	32	6	6	436.53	0		28.097036
36	114	9	0	27	0	14	28	14	14	932.27	0		30.363833
6	18	5	0	28	14	6	29	8	6	139.25	1		1.728200
36	113	3	0	0	0	22	27	12	8	440.34	0		8.684773
36	111	2	0	28	14	12	25	10	9	441.88	1		14.044883


-------------------------------------------------------------------------------------------------------------------
Tour_Id:			16
No_of_Customers:		3
No_of_Items:			12
Customer_Sequence:		55 21 51 

CustId	Id	TypeId	Rotated	x	y	z	Length	Width	Height	mass	Fragility	LoadBearingStrength
51	167	9	0	0	0	0	28	14	14	932.27	0		30.363833
51	166	4	0	0	14	0	22	7	14	885.45	0		39.168132
51	168	10	0	0	0	14	22	6	7	345.28	0		28.215108
51	169	10	0	0	6	14	22	6	7	345.28	0		28.215108
51	170	10	0	0	12	14	22	6	7	345.28	0		28.215108
21	66	9	0	28	0	0	28	14	14	932.27	0		30.363833
21	64	2	0	0	0	21	25	10	9	441.88	1		14.044883
21	67	10	0	0	10	21	22	6	7	345.28	0		28.215108
21	65	5	0	22	14	0	29	8	6	139.25	1		1.728200
55	185	4	0	25	0	14	22	7	14	885.45	0		39.168132
55	183	1	0	25	7	14	32	6	6	436.53	0		28.097036
55	184	2	0	22	14	6	25	10	9	441.88	1		14.044883


-------------------------------------------------------------------------------------------------------------------
Tour_Id:			17
No_of_Customers:		1
No_of_Items:			0
Customer_Sequence:		1 

