Name:				068_n060_m200_bt10
Problem:			3L-VRPTW
Number_of_used_Vehicles:	19
Total_Travel_Distance:		1474.22
Calculation_Time:		571.79
Total_Iterations:		24348
ConstraintSet:			P1

-------------------------------------------------------------------------------------------------------------------
Tour_Id:			1
No_of_Customers:		3
No_of_Items:			11
Customer_Sequence:		51 45 42 

CustId	Id	TypeId	Rotated	x	y	z	Length	Width	Height	mass	Fragility	LoadBearingStrength
42	134	9	0	0	0	0	23	13	12	1137.75	0		94.040425
45	145	3	0	0	13	0	26	11	8	487	0		18.123386
42	133	7	0	0	0	12	12	7	14	476.44	0		52.777447
45	143	1	0	0	13	8	26	6	12	455.10	0		26.388433
42	135	9	0	23	0	0	23	13	12	1137.75	0		94.040425
45	144	3	0	12	0	12	26	11	8	487	0		18.123386
45	146	4	0	12	0	20	28	14	8	807.46	1		4.077456
51	168	9	1	46	0	0	23	13	12	1137.75	0		94.040425
51	169	9	1	40	0	12	23	13	12	1137.75	0		94.040425
51	166	6	0	0	19	8	33	5	14	301.45	0		22.529329
51	167	7	1	53	0	12	12	7	14	476.44	0		52.777447


-------------------------------------------------------------------------------------------------------------------
Tour_Id:			2
No_of_Customers:		3
No_of_Items:			10
Customer_Sequence:		17 11 12 

CustId	Id	TypeId	Rotated	x	y	z	Length	Width	Height	mass	Fragility	LoadBearingStrength
12	36	9	0	0	0	0	23	13	12	1137.75	0		94.040425
12	32	4	0	0	0	12	28	14	8	807.46	1		4.077456
12	33	7	0	0	14	0	12	7	14	476.44	0		52.777447
12	34	7	0	0	14	14	12	7	14	476.44	0		52.777447
12	35	8	0	12	14	0	34	9	14	767.77	0		7.662072
11	31	6	0	12	14	14	33	5	14	301.45	0		22.529329
11	29	3	0	28	0	0	26	11	8	487	0		18.123386
11	30	4	0	0	0	20	28	14	8	807.46	1		4.077456
17	52	9	0	28	0	8	23	13	12	1137.75	0		94.040425
17	51	3	0	28	0	20	26	11	8	487	0		18.123386


-------------------------------------------------------------------------------------------------------------------
Tour_Id:			3
No_of_Customers:		3
No_of_Items:			12
Customer_Sequence:		20 48 46 

CustId	Id	TypeId	Rotated	x	y	z	Length	Width	Height	mass	Fragility	LoadBearingStrength
46	147	1	0	0	0	0	26	6	12	455.10	0		26.388433
46	150	9	0	0	6	0	23	13	12	1137.75	0		94.040425
46	148	3	0	0	0	12	26	11	8	487	0		18.123386
46	149	8	0	26	0	0	34	9	14	767.77	0		7.662072
20	61	8	0	26	9	0	34	9	14	767.77	0		7.662072
48	154	1	0	0	19	0	26	6	12	455.10	0		26.388433
48	156	5	0	0	11	12	16	14	14	476.39	0		5.423342
48	155	1	0	26	18	0	26	6	12	455.10	0		26.388433
48	157	6	0	16	18	12	33	5	14	301.45	0		22.529329
20	62	9	0	26	0	14	23	13	12	1137.75	0		94.040425
20	59	6	0	26	13	14	33	5	14	301.45	0		22.529329
20	60	7	1	49	0	14	12	7	14	476.44	0		52.777447


-------------------------------------------------------------------------------------------------------------------
Tour_Id:			4
No_of_Customers:		4
No_of_Items:			9
Customer_Sequence:		21 54 32 53 

CustId	Id	TypeId	Rotated	x	y	z	Length	Width	Height	mass	Fragility	LoadBearingStrength
53	175	9	0	0	0	0	23	13	12	1137.75	0		94.040425
53	174	6	0	0	13	0	33	5	14	301.45	0		22.529329
32	101	1	0	0	18	0	26	6	12	455.10	0		26.388433
54	177	10	0	0	0	12	29	13	9	788.14	1		4.231594
32	102	10	0	23	0	0	29	13	9	788.14	1		4.231594
21	64	3	0	33	13	0	26	11	8	487	0		18.123386
21	63	3	0	33	13	8	26	11	8	487	0		18.123386
54	176	7	0	0	18	12	12	7	14	476.44	0		52.777447
21	65	4	0	0	0	21	28	14	8	807.46	1		4.077456


-------------------------------------------------------------------------------------------------------------------
Tour_Id:			5
No_of_Customers:		3
No_of_Items:			11
Customer_Sequence:		58 44 24 

CustId	Id	TypeId	Rotated	x	y	z	Length	Width	Height	mass	Fragility	LoadBearingStrength
44	141	1	0	0	0	0	26	6	12	455.10	0		26.388433
24	74	9	0	0	6	0	23	13	12	1137.75	0		94.040425
24	72	1	0	0	19	0	26	6	12	455.10	0		26.388433
24	73	7	0	0	6	12	12	7	14	476.44	0		52.777447
24	75	9	0	23	6	0	23	13	12	1137.75	0		94.040425
44	142	4	0	12	0	12	28	14	8	807.46	1		4.077456
58	189	8	0	0	14	12	34	9	14	767.77	0		7.662072
58	191	10	0	12	0	20	29	13	9	788.14	1		4.231594
58	190	9	1	46	0	0	23	13	12	1137.75	0		94.040425
58	188	7	0	46	0	12	12	7	14	476.44	0		52.777447
58	187	1	0	34	14	12	26	6	12	455.10	0		26.388433


-------------------------------------------------------------------------------------------------------------------
Tour_Id:			6
No_of_Customers:		3
No_of_Items:			10
Customer_Sequence:		47 31 8 

CustId	Id	TypeId	Rotated	x	y	z	Length	Width	Height	mass	Fragility	LoadBearingStrength
8	22	8	0	0	0	0	34	9	14	767.77	0		7.662072
8	21	4	0	0	9	0	28	14	8	807.46	1		4.077456
31	99	8	0	0	0	14	34	9	14	767.77	0		7.662072
31	100	9	0	28	9	0	23	13	12	1137.75	0		94.040425
31	97	4	0	0	9	8	28	14	8	807.46	1		4.077456
47	153	10	0	0	9	16	29	13	9	788.14	1		4.231594
31	96	1	0	34	0	0	26	6	12	455.10	0		26.388433
47	151	1	0	29	9	12	26	6	12	455.10	0		26.388433
47	152	7	0	29	15	12	12	7	14	476.44	0		52.777447
31	98	7	0	34	0	12	12	7	14	476.44	0		52.777447


-------------------------------------------------------------------------------------------------------------------
Tour_Id:			7
No_of_Customers:		3
No_of_Items:			10
Customer_Sequence:		41 13 22 

CustId	Id	TypeId	Rotated	x	y	z	Length	Width	Height	mass	Fragility	LoadBearingStrength
22	66	2	0	0	0	0	30	11	9	746.54	0		43.119263
22	67	6	0	0	11	0	33	5	14	301.45	0		22.529329
13	38	3	0	0	0	9	26	11	8	487	0		18.123386
13	41	9	0	0	0	17	23	13	12	1137.75	0		94.040425
41	130	2	0	30	0	0	30	11	9	746.54	0		43.119263
13	40	8	0	0	16	0	34	9	14	767.77	0		7.662072
13	39	7	0	0	13	14	12	7	14	476.44	0		52.777447
41	131	6	0	0	20	14	33	5	14	301.45	0		22.529329
13	37	3	0	34	11	0	26	11	8	487	0		18.123386
41	132	8	0	26	0	9	34	9	14	767.77	0		7.662072


-------------------------------------------------------------------------------------------------------------------
Tour_Id:			8
No_of_Customers:		4
No_of_Items:			12
Customer_Sequence:		52 10 1 28 

CustId	Id	TypeId	Rotated	x	y	z	Length	Width	Height	mass	Fragility	LoadBearingStrength
28	87	2	0	0	0	0	30	11	9	746.54	0		43.119263
28	88	4	0	0	11	0	28	14	8	807.46	1		4.077456
10	25	2	0	0	0	9	30	11	9	746.54	0		43.119263
1	2	10	0	0	11	8	29	13	9	788.14	1		4.231594
10	28	9	0	0	0	18	23	13	12	1137.75	0		94.040425
1	1	7	0	29	11	0	12	7	14	476.44	0		52.777447
10	26	7	0	29	18	0	12	7	14	476.44	0		52.777447
10	27	7	0	29	11	14	12	7	14	476.44	0		52.777447
52	171	2	0	30	0	0	30	11	9	746.54	0		43.119263
52	172	3	0	30	0	9	26	11	8	487	0		18.123386
52	170	1	0	30	0	17	26	6	12	455.10	0		26.388433
52	173	7	0	29	18	14	12	7	14	476.44	0		52.777447


-------------------------------------------------------------------------------------------------------------------
Tour_Id:			9
No_of_Customers:		3
No_of_Items:			10
Customer_Sequence:		4 30 2 

CustId	Id	TypeId	Rotated	x	y	z	Length	Width	Height	mass	Fragility	LoadBearingStrength
2	3	6	0	0	0	0	33	5	14	301.45	0		22.529329
2	4	6	0	0	5	0	33	5	14	301.45	0		22.529329
30	94	8	0	0	10	0	34	9	14	767.77	0		7.662072
30	95	9	0	0	0	14	23	13	12	1137.75	0		94.040425
4	11	9	0	34	0	0	23	13	12	1137.75	0		94.040425
30	91	3	0	34	13	0	26	11	8	487	0		18.123386
30	93	7	0	0	13	14	12	7	14	476.44	0		52.777447
30	92	6	0	0	19	0	33	5	14	301.45	0		22.529329
4	12	9	1	23	0	14	23	13	12	1137.75	0		94.040425
4	10	5	0	36	0	12	16	14	14	476.39	0		5.423342


-------------------------------------------------------------------------------------------------------------------
Tour_Id:			10
No_of_Customers:		4
No_of_Items:			13
Customer_Sequence:		56 59 9 5 

CustId	Id	TypeId	Rotated	x	y	z	Length	Width	Height	mass	Fragility	LoadBearingStrength
5	14	3	0	0	0	0	26	11	8	487	0		18.123386
9	23	2	0	0	11	0	30	11	9	746.54	0		43.119263
5	13	1	0	0	0	8	26	6	12	455.10	0		26.388433
9	24	2	0	0	11	9	30	11	9	746.54	0		43.119263
59	194	6	0	0	6	8	33	5	14	301.45	0		22.529329
59	193	6	0	26	0	0	33	5	14	301.45	0		22.529329
59	192	5	0	30	11	0	16	14	14	476.39	0		5.423342
59	195	7	0	30	11	14	12	7	14	476.44	0		52.777447
59	196	10	0	0	11	18	29	13	9	788.14	1		4.231594
56	184	7	0	30	18	14	12	7	14	476.44	0		52.777447
56	183	5	1	46	5	0	16	14	14	476.39	0		5.423342
56	181	1	0	26	0	14	26	6	12	455.10	0		26.388433
56	182	5	0	42	11	14	16	14	14	476.39	0		5.423342


-------------------------------------------------------------------------------------------------------------------
Tour_Id:			11
No_of_Customers:		3
No_of_Items:			13
Customer_Sequence:		60 36 25 

CustId	Id	TypeId	Rotated	x	y	z	Length	Width	Height	mass	Fragility	LoadBearingStrength
25	79	9	0	0	0	0	23	13	12	1137.75	0		94.040425
25	77	3	0	0	13	0	26	11	8	487	0		18.123386
36	114	5	0	0	0	12	16	14	14	476.39	0		5.423342
25	78	7	0	0	14	8	12	7	14	476.44	0		52.777447
60	197	1	0	23	0	0	26	6	12	455.10	0		26.388433
25	76	1	0	23	6	0	26	6	12	455.10	0		26.388433
36	113	3	0	26	13	0	26	11	8	487	0		18.123386
36	115	7	0	12	14	8	12	7	14	476.44	0		52.777447
36	116	7	1	16	0	12	12	7	14	476.44	0		52.777447
60	198	6	0	23	0	12	33	5	14	301.45	0		22.529329
36	112	2	0	24	12	8	30	11	9	746.54	0		43.119263
60	199	7	0	23	5	12	12	7	14	476.44	0		52.777447
60	200	10	0	24	12	17	29	13	9	788.14	1		4.231594


-------------------------------------------------------------------------------------------------------------------
Tour_Id:			12
No_of_Customers:		4
No_of_Items:			12
Customer_Sequence:		26 27 55 35 

CustId	Id	TypeId	Rotated	x	y	z	Length	Width	Height	mass	Fragility	LoadBearingStrength
35	111	8	0	0	0	0	34	9	14	767.77	0		7.662072
55	180	7	0	0	9	0	12	7	14	476.44	0		52.777447
55	178	2	0	0	0	14	30	11	9	746.54	0		43.119263
27	84	8	0	0	16	0	34	9	14	767.77	0		7.662072
35	110	1	0	34	0	0	26	6	12	455.10	0		26.388433
55	179	7	0	12	9	0	12	7	14	476.44	0		52.777447
27	83	1	0	0	11	14	26	6	12	455.10	0		26.388433
26	81	6	0	0	17	14	33	5	14	301.45	0		22.529329
27	86	9	0	34	6	0	23	13	12	1137.75	0		94.040425
27	85	9	0	34	0	12	23	13	12	1137.75	0		94.040425
27	82	1	0	34	19	0	26	6	12	455.10	0		26.388433
26	80	3	0	34	13	12	26	11	8	487	0		18.123386


-------------------------------------------------------------------------------------------------------------------
Tour_Id:			13
No_of_Customers:		2
No_of_Items:			6
Customer_Sequence:		50 15 

CustId	Id	TypeId	Rotated	x	y	z	Length	Width	Height	mass	Fragility	LoadBearingStrength
15	47	3	0	0	0	0	26	11	8	487	0		18.123386
15	46	1	0	0	11	0	26	6	12	455.10	0		26.388433
15	48	7	0	0	17	0	12	7	14	476.44	0		52.777447
50	164	9	0	26	0	0	23	13	12	1137.75	0		94.040425
50	163	1	0	0	0	8	26	6	12	455.10	0		26.388433
50	165	10	0	26	0	12	29	13	9	788.14	1		4.231594


-------------------------------------------------------------------------------------------------------------------
Tour_Id:			14
No_of_Customers:		3
No_of_Items:			10
Customer_Sequence:		38 33 57 

CustId	Id	TypeId	Rotated	x	y	z	Length	Width	Height	mass	Fragility	LoadBearingStrength
57	185	5	0	0	0	0	16	14	14	476.39	0		5.423342
57	186	6	0	0	14	0	33	5	14	301.45	0		22.529329
33	107	5	0	0	0	14	16	14	14	476.39	0		5.423342
38	122	9	0	16	0	0	23	13	12	1137.75	0		94.040425
33	106	3	0	33	14	0	26	11	8	487	0		18.123386
33	104	1	0	0	19	0	26	6	12	455.10	0		26.388433
33	105	1	0	0	19	12	26	6	12	455.10	0		26.388433
33	103	1	0	33	13	8	26	6	12	455.10	0		26.388433
38	120	2	0	16	0	12	30	11	9	746.54	0		43.119263
38	121	4	0	16	0	21	28	14	8	807.46	1		4.077456


-------------------------------------------------------------------------------------------------------------------
Tour_Id:			15
No_of_Customers:		3
No_of_Items:			10
Customer_Sequence:		39 19 43 

CustId	Id	TypeId	Rotated	x	y	z	Length	Width	Height	mass	Fragility	LoadBearingStrength
43	139	8	0	0	0	0	34	9	14	767.77	0		7.662072
43	136	3	0	0	9	0	26	11	8	487	0		18.123386
43	140	9	0	0	9	8	23	13	12	1137.75	0		94.040425
39	125	6	0	0	0	14	33	5	14	301.45	0		22.529329
43	138	7	0	26	9	0	12	7	14	476.44	0		52.777447
19	58	5	0	38	0	0	16	14	14	476.39	0		5.423342
19	57	4	0	0	9	20	28	14	8	807.46	1		4.077456
43	137	6	0	26	16	0	33	5	14	301.45	0		22.529329
39	124	3	0	28	5	14	26	11	8	487	0		18.123386
39	123	1	0	28	16	14	26	6	12	455.10	0		26.388433


-------------------------------------------------------------------------------------------------------------------
Tour_Id:			16
No_of_Customers:		3
No_of_Items:			10
Customer_Sequence:		7 49 29 

CustId	Id	TypeId	Rotated	x	y	z	Length	Width	Height	mass	Fragility	LoadBearingStrength
29	89	4	0	0	0	0	28	14	8	807.46	1		4.077456
29	90	8	0	0	14	0	34	9	14	767.77	0		7.662072
49	162	10	0	0	0	8	29	13	9	788.14	1		4.231594
7	19	8	0	0	14	14	34	9	14	767.77	0		7.662072
49	160	7	0	29	0	0	12	7	14	476.44	0		52.777447
49	158	3	0	34	14	0	26	11	8	487	0		18.123386
49	159	5	0	41	0	0	16	14	14	476.39	0		5.423342
49	161	7	0	29	7	0	12	7	14	476.44	0		52.777447
7	20	10	0	0	0	17	29	13	9	788.14	1		4.231594
7	18	4	0	29	0	14	28	14	8	807.46	1		4.077456


-------------------------------------------------------------------------------------------------------------------
Tour_Id:			17
No_of_Customers:		3
No_of_Items:			11
Customer_Sequence:		6 40 14 

CustId	Id	TypeId	Rotated	x	y	z	Length	Width	Height	mass	Fragility	LoadBearingStrength
14	42	1	0	0	0	0	26	6	12	455.10	0		26.388433
14	43	1	0	0	6	0	26	6	12	455.10	0		26.388433
14	45	10	0	0	12	0	29	13	9	788.14	1		4.231594
14	44	7	0	0	0	12	12	7	14	476.44	0		52.777447
40	128	8	0	26	0	0	34	9	14	767.77	0		7.662072
6	17	8	0	26	0	14	34	9	14	767.77	0		7.662072
40	127	7	0	12	0	12	12	7	14	476.44	0		52.777447
40	129	10	0	0	12	9	29	13	9	788.14	1		4.231594
40	126	5	0	29	9	0	16	14	14	476.39	0		5.423342
6	16	5	0	29	9	14	16	14	14	476.39	0		5.423342
6	15	4	0	0	9	18	28	14	8	807.46	1		4.077456


-------------------------------------------------------------------------------------------------------------------
Tour_Id:			18
No_of_Customers:		3
No_of_Items:			11
Customer_Sequence:		3 34 23 

CustId	Id	TypeId	Rotated	x	y	z	Length	Width	Height	mass	Fragility	LoadBearingStrength
23	68	3	0	0	0	0	26	11	8	487	0		18.123386
23	70	7	0	0	11	0	12	7	14	476.44	0		52.777447
23	71	10	0	12	11	0	29	13	9	788.14	1		4.231594
23	69	3	0	0	0	8	26	11	8	487	0		18.123386
34	108	7	0	0	11	14	12	7	14	476.44	0		52.777447
3	5	1	0	0	0	16	26	6	12	455.10	0		26.388433
3	9	8	0	26	0	0	34	9	14	767.77	0		7.662072
3	7	5	0	41	11	0	16	14	14	476.39	0		5.423342
3	8	5	0	41	11	14	16	14	14	476.39	0		5.423342
34	109	10	0	12	11	9	29	13	9	788.14	1		4.231594
3	6	1	0	26	0	14	26	6	12	455.10	0		26.388433


-------------------------------------------------------------------------------------------------------------------
Tour_Id:			19
No_of_Customers:		3
No_of_Items:			9
Customer_Sequence:		18 37 16 

CustId	Id	TypeId	Rotated	x	y	z	Length	Width	Height	mass	Fragility	LoadBearingStrength
16	49	4	0	0	0	0	28	14	8	807.46	1		4.077456
16	50	5	0	28	0	0	16	14	14	476.39	0		5.423342
18	53	1	0	0	14	0	26	6	12	455.10	0		26.388433
18	54	1	0	0	14	12	26	6	12	455.10	0		26.388433
37	119	7	0	28	0	14	12	7	14	476.44	0		52.777447
18	55	2	0	26	14	0	30	11	9	746.54	0		43.119263
37	117	5	0	44	0	0	16	14	14	476.39	0		5.423342
37	118	6	0	26	7	14	33	5	14	301.45	0		22.529329
18	56	7	0	26	14	9	12	7	14	476.44	0		52.777447


