Name:				070_n060_m200_bt10
Problem:			3L-VRPTW
Number_of_used_Vehicles:	14
Total_Travel_Distance:		1055.35
Calculation_Time:		3600.00
Total_Iterations:		17640
ConstraintSet:			P1

-------------------------------------------------------------------------------------------------------------------
Tour_Id:			1
No_of_Customers:		4
No_of_Items:			14
Customer_Sequence:		37 21 30 47 

CustId	Id	TypeId	Rotated	x	y	z	Length	Width	Height	mass	Fragility	LoadBearingStrength
47	150	8	0	0	0	0	26	10	12	1105.94	0		7.519559
30	103	2	0	0	10	0	20	12	10	322.80	0		11.165325
47	149	3	0	0	0	12	28	5	7	308.57	1		8.826140
47	151	8	0	26	0	0	26	10	12	1105.94	0		7.519559
30	102	1	0	0	10	10	20	10	10	275.95	0		4.944674
30	104	10	0	0	10	20	14	11	10	314.88	1		14.639724
21	70	2	0	20	10	0	20	12	10	322.80	0		11.165325
21	71	2	0	20	10	10	20	12	10	322.80	0		11.165325
21	73	7	0	28	0	12	23	8	13	861.91	0		34.783719
21	74	10	0	14	10	20	14	11	10	314.88	1		14.639724
21	72	3	0	0	5	12	28	5	7	308.57	1		8.826140
37	119	2	0	40	10	0	20	12	10	322.80	0		11.165325
37	120	2	0	40	10	10	20	12	10	322.80	0		11.165325
37	121	9	0	28	8	20	27	8	6	379.88	0		10.363753


-------------------------------------------------------------------------------------------------------------------
Tour_Id:			2
No_of_Customers:		4
No_of_Items:			13
Customer_Sequence:		49 5 6 24 

CustId	Id	TypeId	Rotated	x	y	z	Length	Width	Height	mass	Fragility	LoadBearingStrength
24	82	3	0	0	0	0	28	5	7	308.57	1		8.826140
24	83	4	0	0	5	0	29	6	9	564.90	0		14.872561
24	81	1	0	0	11	0	20	10	10	275.95	0		4.944674
6	19	5	0	0	11	10	22	8	11	383.34	0		6.334951
6	20	10	0	22	11	0	14	11	10	314.88	1		14.639724
5	16	8	0	29	0	0	26	10	12	1105.94	0		7.519559
5	15	4	0	0	5	9	29	6	9	564.90	0		14.872561
5	17	10	0	22	11	10	14	11	10	314.88	1		14.639724
5	18	10	0	22	11	20	14	11	10	314.88	1		14.639724
49	156	5	0	29	0	12	22	8	11	383.34	0		6.334951
49	155	4	0	0	5	18	29	6	9	564.90	0		14.872561
49	157	10	0	36	10	0	14	11	10	314.88	1		14.639724
49	154	3	0	29	0	23	28	5	7	308.57	1		8.826140


-------------------------------------------------------------------------------------------------------------------
Tour_Id:			3
No_of_Customers:		5
No_of_Items:			14
Customer_Sequence:		45 31 2 9 23 

CustId	Id	TypeId	Rotated	x	y	z	Length	Width	Height	mass	Fragility	LoadBearingStrength
23	78	2	0	0	0	0	20	12	10	322.80	0		11.165325
23	79	7	0	0	12	0	23	8	13	861.91	0		34.783719
23	80	9	0	0	12	13	27	8	6	379.88	0		10.363753
9	31	7	0	0	0	10	23	8	13	861.91	0		34.783719
9	30	5	0	0	12	19	22	8	11	383.34	0		6.334951
9	32	10	0	23	0	0	14	11	10	314.88	1		14.639724
2	4	1	0	37	0	0	20	10	10	275.95	0		4.944674
2	6	3	0	0	20	0	28	5	7	308.57	1		8.826140
2	7	9	0	0	0	23	27	8	6	379.88	0		10.363753
2	5	1	0	28	11	0	20	10	10	275.95	0		4.944674
31	105	7	0	28	11	10	23	8	13	861.91	0		34.783719
31	106	9	0	28	11	23	27	8	6	379.88	0		10.363753
45	146	6	0	37	0	10	19	11	10	825.72	0		16.860290
45	145	1	0	37	0	20	20	10	10	275.95	0		4.944674


-------------------------------------------------------------------------------------------------------------------
Tour_Id:			4
No_of_Customers:		3
No_of_Items:			11
Customer_Sequence:		16 55 12 

CustId	Id	TypeId	Rotated	x	y	z	Length	Width	Height	mass	Fragility	LoadBearingStrength
12	41	8	0	0	0	0	26	10	12	1105.94	0		7.519559
12	39	2	0	0	10	0	20	12	10	322.80	0		11.165325
12	40	6	0	0	10	10	19	11	10	825.72	0		16.860290
12	38	1	0	0	0	12	20	10	10	275.95	0		4.944674
12	42	10	0	0	10	20	14	11	10	314.88	1		14.639724
55	181	8	0	20	10	0	26	10	12	1105.94	0		7.519559
16	54	1	0	19	10	12	20	10	10	275.95	0		4.944674
55	180	5	0	26	0	0	22	8	11	383.34	0		6.334951
55	179	2	1	48	0	0	20	12	10	322.80	0		11.165325
16	55	4	0	26	0	11	29	6	9	564.90	0		14.872561
16	56	4	0	20	0	20	29	6	9	564.90	0		14.872561


-------------------------------------------------------------------------------------------------------------------
Tour_Id:			5
No_of_Customers:		5
No_of_Items:			17
Customer_Sequence:		39 25 50 44 8 

CustId	Id	TypeId	Rotated	x	y	z	Length	Width	Height	mass	Fragility	LoadBearingStrength
8	27	3	0	0	0	0	28	5	7	308.57	1		8.826140
44	143	5	0	0	5	0	22	8	11	383.34	0		6.334951
8	26	1	0	0	13	0	20	10	10	275.95	0		4.944674
8	29	10	0	0	13	10	14	11	10	314.88	1		14.639724
8	28	6	0	20	13	0	19	11	10	825.72	0		16.860290
44	141	3	0	0	0	7	28	5	7	308.57	1		8.826140
44	142	5	0	0	5	11	22	8	11	383.34	0		6.334951
44	144	10	0	0	13	20	14	11	10	314.88	1		14.639724
44	140	2	0	14	13	10	20	12	10	322.80	0		11.165325
50	160	7	0	22	5	0	23	8	13	861.91	0		34.783719
50	159	6	0	14	13	20	19	11	10	825.72	0		16.860290
8	25	1	0	39	13	0	20	10	10	275.95	0		4.944674
50	158	3	0	0	0	14	28	5	7	308.57	1		8.826140
25	85	9	0	0	5	22	27	8	6	379.88	0		10.363753
25	84	3	0	0	0	21	28	5	7	308.57	1		8.826140
39	126	8	0	34	13	10	26	10	12	1105.94	0		7.519559
39	125	5	0	27	5	13	22	8	11	383.34	0		6.334951


-------------------------------------------------------------------------------------------------------------------
Tour_Id:			6
No_of_Customers:		5
No_of_Items:			15
Customer_Sequence:		38 32 43 14 56 

CustId	Id	TypeId	Rotated	x	y	z	Length	Width	Height	mass	Fragility	LoadBearingStrength
56	185	8	0	0	0	0	26	10	12	1105.94	0		7.519559
56	183	2	0	0	10	0	20	12	10	322.80	0		11.165325
56	186	10	0	0	10	10	14	11	10	314.88	1		14.639724
32	108	8	0	0	0	12	26	10	12	1105.94	0		7.519559
14	47	7	0	20	10	0	23	8	13	861.91	0		34.783719
56	182	1	0	26	0	0	20	10	10	275.95	0		4.944674
14	46	5	0	20	10	13	22	8	11	383.34	0		6.334951
14	48	10	0	0	10	20	14	11	10	314.88	1		14.639724
56	184	4	0	20	18	0	29	6	9	564.90	0		14.872561
38	122	1	0	26	0	10	20	10	10	275.95	0		4.944674
43	139	4	0	20	18	9	29	6	9	564.90	0		14.872561
32	107	4	0	14	18	18	29	6	9	564.90	0		14.872561
43	138	1	1	49	0	0	20	10	10	275.95	0		4.944674
38	123	1	0	26	0	20	20	10	10	275.95	0		4.944674
38	124	5	1	49	0	10	22	8	11	383.34	0		6.334951


-------------------------------------------------------------------------------------------------------------------
Tour_Id:			7
No_of_Customers:		4
No_of_Items:			15
Customer_Sequence:		51 26 33 57 

CustId	Id	TypeId	Rotated	x	y	z	Length	Width	Height	mass	Fragility	LoadBearingStrength
57	189	8	0	0	0	0	26	10	12	1105.94	0		7.519559
57	187	2	0	0	10	0	20	12	10	322.80	0		11.165325
57	188	6	0	0	10	10	19	11	10	825.72	0		16.860290
33	111	8	0	0	0	12	26	10	12	1105.94	0		7.519559
33	110	6	0	0	10	20	19	11	10	825.72	0		16.860290
33	109	4	0	20	10	0	29	6	9	564.90	0		14.872561
26	89	8	0	26	0	0	26	10	12	1105.94	0		7.519559
26	87	7	0	20	16	0	23	8	13	861.91	0		34.783719
26	88	7	0	20	16	13	23	8	13	861.91	0		34.783719
26	90	9	0	0	0	24	27	8	6	379.88	0		10.363753
26	86	3	0	20	10	9	28	5	7	308.57	1		8.826140
51	163	5	0	27	0	12	22	8	11	383.34	0		6.334951
51	164	10	1	49	10	0	14	11	10	314.88	1		14.639724
51	161	3	0	19	10	16	28	5	7	308.57	1		8.826140
51	162	3	0	19	10	23	28	5	7	308.57	1		8.826140


-------------------------------------------------------------------------------------------------------------------
Tour_Id:			8
No_of_Customers:		5
No_of_Items:			16
Customer_Sequence:		29 35 36 19 1 

CustId	Id	TypeId	Rotated	x	y	z	Length	Width	Height	mass	Fragility	LoadBearingStrength
1	1	7	0	0	0	0	23	8	13	861.91	0		34.783719
1	3	10	0	0	8	0	14	11	10	314.88	1		14.639724
1	2	7	0	0	0	13	23	8	13	861.91	0		34.783719
19	62	1	0	14	8	0	20	10	10	275.95	0		4.944674
19	63	4	0	0	19	0	29	6	9	564.90	0		14.872561
19	64	10	0	0	8	10	14	11	10	314.88	1		14.639724
19	65	10	0	0	8	20	14	11	10	314.88	1		14.639724
36	118	10	0	14	8	10	14	11	10	314.88	1		14.639724
36	117	5	0	23	0	0	22	8	11	383.34	0		6.334951
35	116	6	0	34	8	0	19	11	10	825.72	0		16.860290
35	115	4	0	0	19	9	29	6	9	564.90	0		14.872561
29	97	2	0	34	8	10	20	12	10	322.80	0		11.165325
29	100	7	0	23	0	11	23	8	13	861.91	0		34.783719
29	99	6	0	34	8	20	19	11	10	825.72	0		16.860290
29	98	4	0	0	19	18	29	6	9	564.90	0		14.872561
29	101	9	0	23	0	24	27	8	6	379.88	0		10.363753


-------------------------------------------------------------------------------------------------------------------
Tour_Id:			9
No_of_Customers:		5
No_of_Items:			15
Customer_Sequence:		11 22 34 53 46 

CustId	Id	TypeId	Rotated	x	y	z	Length	Width	Height	mass	Fragility	LoadBearingStrength
46	147	1	0	0	0	0	20	10	10	275.95	0		4.944674
53	170	2	0	0	10	0	20	12	10	322.80	0		11.165325
46	148	9	0	20	0	0	27	8	6	379.88	0		10.363753
53	172	6	0	0	0	10	19	11	10	825.72	0		16.860290
53	169	2	0	0	11	10	20	12	10	322.80	0		11.165325
53	173	8	0	20	8	0	26	10	12	1105.94	0		7.519559
53	171	5	0	20	0	6	22	8	11	383.34	0		6.334951
34	113	7	0	19	0	17	23	8	13	861.91	0		34.783719
22	77	8	0	20	8	12	26	10	12	1105.94	0		7.519559
34	114	10	0	0	0	20	14	11	10	314.88	1		14.639724
22	75	3	0	20	18	0	28	5	7	308.57	1		8.826140
22	76	7	1	48	0	0	23	8	13	861.91	0		34.783719
34	112	6	0	0	11	20	19	11	10	825.72	0		16.860290
11	36	1	1	46	0	13	20	10	10	275.95	0		4.944674
11	37	9	0	20	8	24	27	8	6	379.88	0		10.363753


-------------------------------------------------------------------------------------------------------------------
Tour_Id:			10
No_of_Customers:		3
No_of_Items:			10
Customer_Sequence:		15 17 59 

CustId	Id	TypeId	Rotated	x	y	z	Length	Width	Height	mass	Fragility	LoadBearingStrength
59	194	1	0	0	0	0	20	10	10	275.95	0		4.944674
59	195	5	0	0	10	0	22	8	11	383.34	0		6.334951
59	196	9	0	0	10	11	27	8	6	379.88	0		10.363753
17	58	8	0	0	0	10	26	10	12	1105.94	0		7.519559
17	57	3	0	0	18	0	28	5	7	308.57	1		8.826140
15	51	2	0	27	0	0	20	12	10	322.80	0		11.165325
15	49	1	0	0	10	17	20	10	10	275.95	0		4.944674
15	50	1	0	26	0	10	20	10	10	275.95	0		4.944674
15	53	9	0	0	0	22	27	8	6	379.88	0		10.363753
15	52	3	0	0	18	7	28	5	7	308.57	1		8.826140


-------------------------------------------------------------------------------------------------------------------
Tour_Id:			11
No_of_Customers:		4
No_of_Items:			13
Customer_Sequence:		18 3 20 27 

CustId	Id	TypeId	Rotated	x	y	z	Length	Width	Height	mass	Fragility	LoadBearingStrength
27	91	5	0	0	0	0	22	8	11	383.34	0		6.334951
27	92	5	0	0	8	0	22	8	11	383.34	0		6.334951
20	68	5	0	0	16	0	22	8	11	383.34	0		6.334951
20	69	6	0	0	0	11	19	11	10	825.72	0		16.860290
20	66	4	0	0	11	11	29	6	9	564.90	0		14.872561
3	11	8	0	22	0	0	26	10	12	1105.94	0		7.519559
3	9	5	0	0	17	11	22	8	11	383.34	0		6.334951
20	67	5	0	22	16	0	22	8	11	383.34	0		6.334951
18	61	8	0	19	0	12	26	10	12	1105.94	0		7.519559
3	8	4	0	0	11	20	29	6	9	564.90	0		14.872561
3	10	7	0	22	17	11	23	8	13	861.91	0		34.783719
18	60	7	1	48	0	0	23	8	13	861.91	0		34.783719
18	59	1	1	48	0	13	20	10	10	275.95	0		4.944674


-------------------------------------------------------------------------------------------------------------------
Tour_Id:			12
No_of_Customers:		4
No_of_Items:			16
Customer_Sequence:		52 58 7 28 

CustId	Id	TypeId	Rotated	x	y	z	Length	Width	Height	mass	Fragility	LoadBearingStrength
28	94	8	0	0	0	0	26	10	12	1105.94	0		7.519559
28	95	8	0	0	10	0	26	10	12	1105.94	0		7.519559
28	96	8	0	0	0	12	26	10	12	1105.94	0		7.519559
28	93	1	0	0	10	12	20	10	10	275.95	0		4.944674
7	23	5	0	26	0	0	22	8	11	383.34	0		6.334951
7	22	4	0	26	8	0	29	6	9	564.90	0		14.872561
7	24	9	0	0	0	24	27	8	6	379.88	0		10.363753
7	21	3	0	0	20	0	28	5	7	308.57	1		8.826140
58	193	6	0	28	14	0	19	11	10	825.72	0		16.860290
58	192	5	0	27	0	11	22	8	11	383.34	0		6.334951
58	190	1	0	28	14	10	20	10	10	275.95	0		4.944674
58	191	3	0	0	20	7	28	5	7	308.57	1		8.826140
52	165	1	0	28	14	20	20	10	10	275.95	0		4.944674
52	166	4	0	26	8	9	29	6	9	564.90	0		14.872561
52	167	4	0	26	8	18	29	6	9	564.90	0		14.872561
52	168	9	0	27	0	22	27	8	6	379.88	0		10.363753


-------------------------------------------------------------------------------------------------------------------
Tour_Id:			13
No_of_Customers:		3
No_of_Items:			13
Customer_Sequence:		41 54 10 

CustId	Id	TypeId	Rotated	x	y	z	Length	Width	Height	mass	Fragility	LoadBearingStrength
10	35	8	0	0	0	0	26	10	12	1105.94	0		7.519559
10	33	3	0	0	10	0	28	5	7	308.57	1		8.826140
10	34	7	0	0	15	0	23	8	13	861.91	0		34.783719
54	178	8	0	0	0	12	26	10	12	1105.94	0		7.519559
54	174	1	0	0	15	13	20	10	10	275.95	0		4.944674
54	177	6	0	28	0	0	19	11	10	825.72	0		16.860290
41	131	2	0	26	0	10	20	12	10	322.80	0		11.165325
54	175	2	0	28	11	0	20	12	10	322.80	0		11.165325
41	133	7	0	26	12	10	23	8	13	861.91	0		34.783719
54	176	2	1	48	0	0	20	12	10	322.80	0		11.165325
41	134	9	0	0	15	23	27	8	6	379.88	0		10.363753
41	135	9	0	0	0	24	27	8	6	379.88	0		10.363753
41	132	3	0	27	15	23	28	5	7	308.57	1		8.826140


-------------------------------------------------------------------------------------------------------------------
Tour_Id:			14
No_of_Customers:		6
No_of_Items:			18
Customer_Sequence:		13 60 4 48 40 42 

CustId	Id	TypeId	Rotated	x	y	z	Length	Width	Height	mass	Fragility	LoadBearingStrength
42	137	8	0	0	0	0	26	10	12	1105.94	0		7.519559
40	129	5	0	0	10	0	22	8	11	383.34	0		6.334951
40	128	5	0	0	10	11	22	8	11	383.34	0		6.334951
42	136	4	0	0	18	0	29	6	9	564.90	0		14.872561
40	127	4	0	0	18	9	29	6	9	564.90	0		14.872561
40	130	9	0	0	0	12	27	8	6	379.88	0		10.363753
48	153	8	0	0	0	18	26	10	12	1105.94	0		7.519559
48	152	2	0	27	0	0	20	12	10	322.80	0		11.165325
4	12	2	0	27	0	10	20	12	10	322.80	0		11.165325
4	13	4	0	0	18	18	29	6	9	564.90	0		14.872561
4	14	10	0	26	0	20	14	11	10	314.88	1		14.639724
60	200	7	0	29	12	0	23	8	13	861.91	0		34.783719
13	44	5	0	29	12	13	22	8	11	383.34	0		6.334951
60	198	3	0	29	20	0	28	5	7	308.57	1		8.826140
60	199	3	0	29	20	7	28	5	7	308.57	1		8.826140
60	197	3	0	29	20	14	28	5	7	308.57	1		8.826140
13	45	9	0	29	12	24	27	8	6	379.88	0		10.363753
13	43	3	0	29	20	21	28	5	7	308.57	1		8.826140


