Name:				076_n060_m200_bt3
Problem:			3L-VRPTW
Number_of_used_Vehicles:	7
Total_Travel_Distance:		775.57
Calculation_Time:		88.11
Total_Iterations:		9526
ConstraintSet:			P1

-------------------------------------------------------------------------------------------------------------------
Tour_Id:			1
No_of_Customers:		9
No_of_Items:			29
Customer_Sequence:		46 42 19 52 6 16 50 20 54 

CustId	Id	TypeId	Rotated	x	y	z	Length	Width	Height	mass	Fragility	LoadBearingStrength
54	178	2	0	0	0	0	14	4	5	195.76	0		48.804870
54	179	2	0	0	4	0	14	4	5	195.76	0		48.804870
54	177	1	0	0	8	0	17	4	8	289.08	1		11.547804
20	68	3	0	0	12	0	11	5	7	264.14	0		23.994636
20	69	3	0	0	17	0	11	5	7	264.14	0		23.994636
20	67	2	0	0	0	5	14	4	5	195.76	0		48.804870
20	66	1	0	0	4	5	17	4	8	289.08	1		11.547804
50	163	3	0	0	12	7	11	5	7	264.14	0		23.994636
50	164	3	0	0	17	7	11	5	7	264.14	0		23.994636
50	165	3	0	0	12	14	11	5	7	264.14	0		23.994636
50	162	2	0	0	0	10	14	4	5	195.76	0		48.804870
50	161	1	0	0	8	8	17	4	8	289.08	1		11.547804
16	54	2	0	0	17	14	14	4	5	195.76	0		48.804870
16	55	2	0	0	0	15	14	4	5	195.76	0		48.804870
16	53	1	0	0	4	13	17	4	8	289.08	1		11.547804
6	19	3	0	0	17	19	11	5	7	264.14	0		23.994636
6	18	2	0	0	0	20	14	4	5	195.76	0		48.804870
6	17	1	0	0	8	16	17	4	8	289.08	1		11.547804
52	168	1	0	0	4	21	17	4	8	289.08	1		11.547804
52	169	1	0	11	12	0	17	4	8	289.08	1		11.547804
52	170	1	0	11	12	8	17	4	8	289.08	1		11.547804
52	171	1	0	11	12	16	17	4	8	289.08	1		11.547804
19	65	3	0	14	16	0	11	5	7	264.14	0		23.994636
19	64	2	0	0	0	25	14	4	5	195.76	0		48.804870
19	63	1	0	14	0	0	17	4	8	289.08	1		11.547804
42	136	2	0	11	21	0	14	4	5	195.76	0		48.804870
42	135	1	0	11	21	5	17	4	8	289.08	1		11.547804
46	149	2	0	14	16	7	14	4	5	195.76	0		48.804870
46	150	2	0	14	16	12	14	4	5	195.76	0		48.804870


-------------------------------------------------------------------------------------------------------------------
Tour_Id:			2
No_of_Customers:		10
No_of_Items:			32
Customer_Sequence:		10 56 58 38 39 45 48 36 34 9 

CustId	Id	TypeId	Rotated	x	y	z	Length	Width	Height	mass	Fragility	LoadBearingStrength
9	28	2	0	0	0	0	14	4	5	195.76	0		48.804870
9	27	1	0	0	4	0	17	4	8	289.08	1		11.547804
34	112	3	0	0	8	0	11	5	7	264.14	0		23.994636
34	110	1	0	0	13	0	17	4	8	289.08	1		11.547804
34	111	1	0	0	17	0	17	4	8	289.08	1		11.547804
36	117	3	0	0	8	7	11	5	7	264.14	0		23.994636
36	116	1	0	0	21	0	17	4	8	289.08	1		11.547804
48	156	2	0	0	0	5	14	4	5	195.76	0		48.804870
48	157	2	0	0	0	10	14	4	5	195.76	0		48.804870
48	154	1	0	0	4	8	17	4	8	289.08	1		11.547804
48	155	1	0	0	13	8	17	4	8	289.08	1		11.547804
45	148	3	0	0	8	14	11	5	7	264.14	0		23.994636
45	147	2	0	0	0	15	14	4	5	195.76	0		48.804870
45	145	1	0	0	17	8	17	4	8	289.08	1		11.547804
45	146	1	0	0	21	8	17	4	8	289.08	1		11.547804
39	128	3	0	0	0	20	11	5	7	264.14	0		23.994636
39	127	2	0	0	8	21	14	4	5	195.76	0		48.804870
39	126	1	0	0	13	16	17	4	8	289.08	1		11.547804
38	125	3	0	14	8	0	11	5	7	264.14	0		23.994636
38	124	2	0	14	0	0	14	4	5	195.76	0		48.804870
38	123	1	0	0	17	16	17	4	8	289.08	1		11.547804
58	192	2	0	14	0	5	14	4	5	195.76	0		48.804870
58	191	1	0	0	21	16	17	4	8	289.08	1		11.547804
56	185	3	0	14	8	7	11	5	7	264.14	0		23.994636
56	182	1	0	14	0	10	17	4	8	289.08	1		11.547804
56	183	1	0	14	0	18	17	4	8	289.08	1		11.547804
56	184	1	0	17	4	0	17	4	8	289.08	1		11.547804
10	32	3	0	14	8	14	11	5	7	264.14	0		23.994636
10	33	3	0	14	8	21	11	5	7	264.14	0		23.994636
10	30	2	0	17	13	0	14	4	5	195.76	0		48.804870
10	31	2	0	17	17	0	14	4	5	195.76	0		48.804870
10	29	1	0	17	21	0	17	4	8	289.08	1		11.547804


-------------------------------------------------------------------------------------------------------------------
Tour_Id:			3
No_of_Customers:		8
No_of_Items:			21
Customer_Sequence:		40 29 1 11 26 41 35 30 

CustId	Id	TypeId	Rotated	x	y	z	Length	Width	Height	mass	Fragility	LoadBearingStrength
30	96	2	0	0	0	0	14	4	5	195.76	0		48.804870
30	97	2	0	0	4	0	14	4	5	195.76	0		48.804870
30	98	2	0	0	8	0	14	4	5	195.76	0		48.804870
35	114	3	0	0	12	0	11	5	7	264.14	0		23.994636
35	115	3	0	0	17	0	11	5	7	264.14	0		23.994636
35	113	2	0	0	0	5	14	4	5	195.76	0		48.804870
41	133	3	0	0	4	5	11	5	7	264.14	0		23.994636
41	134	3	0	0	12	7	11	5	7	264.14	0		23.994636
41	132	1	0	0	0	10	17	4	8	289.08	1		11.547804
26	84	3	0	0	17	7	11	5	7	264.14	0		23.994636
26	85	3	0	0	4	12	11	5	7	264.14	0		23.994636
26	83	2	0	0	12	14	14	4	5	195.76	0		48.804870
11	35	2	0	0	16	14	14	4	5	195.76	0		48.804870
11	34	1	0	0	0	18	17	4	8	289.08	1		11.547804
1	1	3	0	0	4	19	11	5	7	264.14	0		23.994636
1	2	3	0	0	12	19	11	5	7	264.14	0		23.994636
29	94	2	0	0	17	19	14	4	5	195.76	0		48.804870
29	95	2	0	0	17	24	14	4	5	195.76	0		48.804870
40	130	3	0	14	4	0	11	5	7	264.14	0		23.994636
40	131	3	0	14	9	0	11	5	7	264.14	0		23.994636
40	129	2	0	11	4	7	14	4	5	195.76	0		48.804870


-------------------------------------------------------------------------------------------------------------------
Tour_Id:			4
No_of_Customers:		9
No_of_Items:			29
Customer_Sequence:		5 51 59 43 21 24 22 49 25 

CustId	Id	TypeId	Rotated	x	y	z	Length	Width	Height	mass	Fragility	LoadBearingStrength
25	82	2	0	0	0	0	14	4	5	195.76	0		48.804870
25	80	1	0	0	4	0	17	4	8	289.08	1		11.547804
25	81	1	0	0	8	0	17	4	8	289.08	1		11.547804
49	159	3	0	0	12	0	11	5	7	264.14	0		23.994636
49	160	3	0	0	17	0	11	5	7	264.14	0		23.994636
49	158	2	0	0	0	5	14	4	5	195.76	0		48.804870
22	75	2	0	0	12	7	14	4	5	195.76	0		48.804870
22	74	1	0	0	4	8	17	4	8	289.08	1		11.547804
24	78	1	0	0	8	8	17	4	8	289.08	1		11.547804
24	79	1	0	0	0	10	17	4	8	289.08	1		11.547804
21	71	3	0	0	16	7	11	5	7	264.14	0		23.994636
21	72	3	0	0	16	14	11	5	7	264.14	0		23.994636
21	73	3	0	0	16	21	11	5	7	264.14	0		23.994636
21	70	2	0	0	12	12	14	4	5	195.76	0		48.804870
43	140	3	0	11	16	0	11	5	7	264.14	0		23.994636
43	141	3	0	11	16	7	11	5	7	264.14	0		23.994636
43	137	2	0	0	12	17	14	4	5	195.76	0		48.804870
43	138	2	0	0	12	22	14	4	5	195.76	0		48.804870
43	139	2	0	11	21	0	14	4	5	195.76	0		48.804870
59	196	3	0	11	16	14	11	5	7	264.14	0		23.994636
59	195	2	0	11	21	5	14	4	5	195.76	0		48.804870
59	193	1	0	0	4	16	17	4	8	289.08	1		11.547804
59	194	1	0	0	8	16	17	4	8	289.08	1		11.547804
51	166	2	0	11	21	10	14	4	5	195.76	0		48.804870
51	167	2	0	11	21	15	14	4	5	195.76	0		48.804870
5	15	2	0	11	16	21	14	4	5	195.76	0		48.804870
5	16	2	0	11	21	20	14	4	5	195.76	0		48.804870
5	13	1	0	0	0	18	17	4	8	289.08	1		11.547804
5	14	1	0	14	12	0	17	4	8	289.08	1		11.547804


-------------------------------------------------------------------------------------------------------------------
Tour_Id:			5
No_of_Customers:		7
No_of_Items:			28
Customer_Sequence:		53 44 15 33 17 57 23 

CustId	Id	TypeId	Rotated	x	y	z	Length	Width	Height	mass	Fragility	LoadBearingStrength
23	77	3	0	0	0	0	11	5	7	264.14	0		23.994636
23	76	1	0	0	5	0	17	4	8	289.08	1		11.547804
57	190	3	0	0	9	0	11	5	7	264.14	0		23.994636
57	187	2	0	0	14	0	14	4	5	195.76	0		48.804870
57	188	2	0	0	18	0	14	4	5	195.76	0		48.804870
57	189	2	0	0	14	5	14	4	5	195.76	0		48.804870
57	186	1	0	0	18	5	17	4	8	289.08	1		11.547804
17	57	3	0	0	0	7	11	5	7	264.14	0		23.994636
17	58	3	0	0	9	7	11	5	7	264.14	0		23.994636
17	59	3	0	0	0	14	11	5	7	264.14	0		23.994636
17	56	2	0	0	14	10	14	4	5	195.76	0		48.804870
33	106	1	0	0	5	8	17	4	8	289.08	1		11.547804
33	107	1	0	0	18	13	17	4	8	289.08	1		11.547804
33	108	1	0	0	14	15	17	4	8	289.08	1		11.547804
33	109	1	0	0	5	16	17	4	8	289.08	1		11.547804
15	51	3	0	0	9	14	11	5	7	264.14	0		23.994636
15	52	3	0	0	0	21	11	5	7	264.14	0		23.994636
15	49	2	0	0	9	21	14	4	5	195.76	0		48.804870
15	50	2	0	11	0	0	14	4	5	195.76	0		48.804870
15	48	1	0	0	18	21	17	4	8	289.08	1		11.547804
44	144	3	0	11	0	5	11	5	7	264.14	0		23.994636
44	143	2	0	11	0	12	14	4	5	195.76	0		48.804870
44	142	1	0	11	0	17	17	4	8	289.08	1		11.547804
53	176	3	0	14	9	0	11	5	7	264.14	0		23.994636
53	175	2	0	14	9	7	14	4	5	195.76	0		48.804870
53	172	1	0	14	9	12	17	4	8	289.08	1		11.547804
53	173	1	0	14	9	20	17	4	8	289.08	1		11.547804
53	174	1	0	17	5	0	17	4	8	289.08	1		11.547804


-------------------------------------------------------------------------------------------------------------------
Tour_Id:			6
No_of_Customers:		9
No_of_Items:			29
Customer_Sequence:		18 55 27 3 2 60 8 31 12 

CustId	Id	TypeId	Rotated	x	y	z	Length	Width	Height	mass	Fragility	LoadBearingStrength
12	39	3	0	0	0	0	11	5	7	264.14	0		23.994636
12	37	2	0	0	5	0	14	4	5	195.76	0		48.804870
12	38	2	0	0	9	0	14	4	5	195.76	0		48.804870
12	36	1	0	0	13	0	17	4	8	289.08	1		11.547804
31	100	3	0	0	17	0	11	5	7	264.14	0		23.994636
31	99	2	0	0	5	5	14	4	5	195.76	0		48.804870
8	26	3	0	0	0	7	11	5	7	264.14	0		23.994636
8	25	1	0	0	9	5	17	4	8	289.08	1		11.547804
60	199	3	0	0	17	7	11	5	7	264.14	0		23.994636
60	200	3	0	0	0	14	11	5	7	264.14	0		23.994636
60	198	2	0	0	5	10	14	4	5	195.76	0		48.804870
60	197	1	0	0	13	8	17	4	8	289.08	1		11.547804
2	6	3	0	0	17	14	11	5	7	264.14	0		23.994636
2	7	3	0	0	5	15	11	5	7	264.14	0		23.994636
2	4	2	0	0	0	21	14	4	5	195.76	0		48.804870
2	5	2	0	0	17	21	14	4	5	195.76	0		48.804870
2	3	1	0	0	13	16	17	4	8	289.08	1		11.547804
3	10	3	0	0	4	22	11	5	7	264.14	0		23.994636
3	9	2	0	14	0	0	14	4	5	195.76	0		48.804870
3	8	1	0	14	4	0	17	4	8	289.08	1		11.547804
27	89	2	0	14	0	5	14	4	5	195.76	0		48.804870
27	86	1	0	14	4	8	17	4	8	289.08	1		11.547804
27	87	1	0	11	4	16	17	4	8	289.08	1		11.547804
27	88	1	0	14	0	10	17	4	8	289.08	1		11.547804
55	180	3	0	14	17	0	11	5	7	264.14	0		23.994636
55	181	3	0	14	17	7	11	5	7	264.14	0		23.994636
18	62	2	0	14	17	14	14	4	5	195.76	0		48.804870
18	60	1	0	14	0	18	17	4	8	289.08	1		11.547804
18	61	1	0	14	17	19	17	4	8	289.08	1		11.547804


-------------------------------------------------------------------------------------------------------------------
Tour_Id:			7
No_of_Customers:		8
No_of_Items:			32
Customer_Sequence:		37 28 32 13 4 14 47 7 

CustId	Id	TypeId	Rotated	x	y	z	Length	Width	Height	mass	Fragility	LoadBearingStrength
7	23	3	0	0	0	0	11	5	7	264.14	0		23.994636
7	24	3	0	0	5	0	11	5	7	264.14	0		23.994636
7	22	2	0	0	10	0	14	4	5	195.76	0		48.804870
7	20	1	0	0	14	0	17	4	8	289.08	1		11.547804
7	21	1	0	0	18	0	17	4	8	289.08	1		11.547804
47	152	3	0	0	0	7	11	5	7	264.14	0		23.994636
47	153	3	0	0	5	7	11	5	7	264.14	0		23.994636
47	151	2	0	0	10	5	14	4	5	195.76	0		48.804870
14	46	2	0	0	10	10	14	4	5	195.76	0		48.804870
14	47	2	0	0	0	14	14	4	5	195.76	0		48.804870
14	45	1	0	0	14	8	17	4	8	289.08	1		11.547804
4	12	2	0	0	4	14	14	4	5	195.76	0		48.804870
4	11	1	0	0	18	8	17	4	8	289.08	1		11.547804
13	44	3	0	0	0	19	11	5	7	264.14	0		23.994636
13	43	2	0	0	10	15	14	4	5	195.76	0		48.804870
13	40	1	0	0	14	16	17	4	8	289.08	1		11.547804
13	41	1	0	0	18	16	17	4	8	289.08	1		11.547804
13	42	1	0	0	10	20	17	4	8	289.08	1		11.547804
32	104	3	0	14	0	0	11	5	7	264.14	0		23.994636
32	105	3	0	14	5	0	11	5	7	264.14	0		23.994636
32	103	2	0	0	5	19	14	4	5	195.76	0		48.804870
32	101	1	0	17	10	0	17	4	8	289.08	1		11.547804
32	102	1	0	17	14	0	17	4	8	289.08	1		11.547804
28	91	3	0	14	0	7	11	5	7	264.14	0		23.994636
28	92	3	0	14	5	7	11	5	7	264.14	0		23.994636
28	93	3	0	14	0	14	11	5	7	264.14	0		23.994636
28	90	1	0	17	18	0	17	4	8	289.08	1		11.547804
37	122	2	0	0	5	24	14	4	5	195.76	0		48.804870
37	118	1	0	17	10	8	17	4	8	289.08	1		11.547804
37	119	1	0	17	14	8	17	4	8	289.08	1		11.547804
37	120	1	0	17	18	8	17	4	8	289.08	1		11.547804
37	121	1	0	17	10	16	17	4	8	289.08	1		11.547804


