Name:				077_n060_m200_bt3
Problem:			3L-VRPTW
Number_of_used_Vehicles:	9
Total_Travel_Distance:		890.99
Calculation_Time:		82.03
Total_Iterations:		10385
ConstraintSet:			P1

-------------------------------------------------------------------------------------------------------------------
Tour_Id:			1
No_of_Customers:		7
No_of_Items:			21
Customer_Sequence:		6 31 32 43 20 5 55 

CustId	Id	TypeId	Rotated	x	y	z	Length	Width	Height	mass	Fragility	LoadBearingStrength
55	183	2	0	0	0	0	6	6	4	90.63	0		22.486769
55	184	3	0	0	6	0	8	2	6	71.25	0		24.140400
5	14	2	0	0	8	0	6	6	4	90.63	0		22.486769
5	15	2	0	0	14	0	6	6	4	90.63	0		22.486769
5	12	1	1	0	8	4	12	7	7	515.87	1		4.730632
5	13	1	1	0	8	11	12	7	7	515.87	1		4.730632
20	56	2	0	0	0	4	6	6	4	90.63	0		22.486769
20	57	3	0	0	20	0	8	2	6	71.25	0		24.140400
20	58	3	0	0	22	0	8	2	6	71.25	0		24.140400
43	143	2	0	0	0	8	6	6	4	90.63	0		22.486769
43	144	3	0	0	6	6	8	2	6	71.25	0		24.140400
32	100	2	0	0	0	12	6	6	4	90.63	0		22.486769
32	101	3	0	0	20	6	8	2	6	71.25	0		24.140400
32	102	3	0	0	22	6	8	2	6	71.25	0		24.140400
31	97	2	0	0	0	16	6	6	4	90.63	0		22.486769
31	98	2	0	0	0	20	6	6	4	90.63	0		22.486769
31	99	3	0	0	6	12	8	2	6	71.25	0		24.140400
31	95	1	1	0	6	18	12	7	7	515.87	1		4.730632
31	96	1	0	7	8	0	12	7	7	515.87	1		4.730632
6	16	2	0	0	0	24	6	6	4	90.63	0		22.486769
6	17	3	0	0	20	12	8	2	6	71.25	0		24.140400


-------------------------------------------------------------------------------------------------------------------
Tour_Id:			2
No_of_Customers:		9
No_of_Items:			29
Customer_Sequence:		19 25 54 15 47 17 33 52 2 

CustId	Id	TypeId	Rotated	x	y	z	Length	Width	Height	mass	Fragility	LoadBearingStrength
2	5	3	0	0	0	0	8	2	6	71.25	0		24.140400
2	4	1	0	0	2	0	12	7	7	515.87	1		4.730632
52	175	3	0	0	9	0	8	2	6	71.25	0		24.140400
52	176	3	0	0	11	0	8	2	6	71.25	0		24.140400
33	103	2	0	0	13	0	6	6	4	90.63	0		22.486769
33	104	2	0	0	19	0	6	6	4	90.63	0		22.486769
33	105	2	0	0	13	4	6	6	4	90.63	0		22.486769
33	106	3	0	0	19	4	8	2	6	71.25	0		24.140400
17	47	2	0	0	13	8	6	6	4	90.63	0		22.486769
17	48	2	0	0	13	12	6	6	4	90.63	0		22.486769
17	49	3	0	0	21	4	8	2	6	71.25	0		24.140400
17	46	1	0	0	2	7	12	7	7	515.87	1		4.730632
47	156	2	0	0	13	16	6	6	4	90.63	0		22.486769
47	157	2	0	0	13	20	6	6	4	90.63	0		22.486769
47	158	2	0	0	13	24	6	6	4	90.63	0		22.486769
47	159	3	0	0	23	4	8	2	6	71.25	0		24.140400
47	160	3	0	0	0	6	8	2	6	71.25	0		24.140400
15	39	3	0	0	9	6	8	2	6	71.25	0		24.140400
15	40	3	0	0	11	6	8	2	6	71.25	0		24.140400
54	180	2	0	0	19	10	6	6	4	90.63	0		22.486769
54	181	2	0	0	19	14	6	6	4	90.63	0		22.486769
54	182	3	0	0	0	12	8	2	6	71.25	0		24.140400
25	77	3	0	0	9	12	8	2	6	71.25	0		24.140400
25	78	3	0	0	11	12	8	2	6	71.25	0		24.140400
25	75	1	0	0	2	14	12	7	7	515.87	1		4.730632
25	76	1	0	0	2	21	12	7	7	515.87	1		4.730632
19	55	3	0	0	0	18	8	2	6	71.25	0		24.140400
19	53	1	0	8	9	0	12	7	7	515.87	1		4.730632
19	54	1	0	8	16	0	12	7	7	515.87	1		4.730632


-------------------------------------------------------------------------------------------------------------------
Tour_Id:			3
No_of_Customers:		9
No_of_Items:			32
Customer_Sequence:		35 3 59 18 23 1 28 38 60 

CustId	Id	TypeId	Rotated	x	y	z	Length	Width	Height	mass	Fragility	LoadBearingStrength
60	198	2	0	0	0	0	6	6	4	90.63	0		22.486769
60	199	3	0	0	6	0	8	2	6	71.25	0		24.140400
60	200	3	0	0	8	0	8	2	6	71.25	0		24.140400
38	125	2	0	0	10	0	6	6	4	90.63	0		22.486769
38	126	2	0	0	16	0	6	6	4	90.63	0		22.486769
38	127	3	0	0	22	0	8	2	6	71.25	0		24.140400
38	128	3	0	0	0	4	8	2	6	71.25	0		24.140400
38	124	1	1	0	10	4	12	7	7	515.87	1		4.730632
28	87	3	0	0	2	4	8	2	6	71.25	0		24.140400
28	88	3	0	0	4	4	8	2	6	71.25	0		24.140400
1	3	3	0	0	6	6	8	2	6	71.25	0		24.140400
1	1	1	1	0	8	11	12	7	7	515.87	1		4.730632
1	2	1	1	0	8	18	12	7	7	515.87	1		4.730632
23	68	2	0	0	0	10	6	6	4	90.63	0		22.486769
23	69	2	0	0	0	14	6	6	4	90.63	0		22.486769
23	70	2	0	0	0	18	6	6	4	90.63	0		22.486769
23	66	1	0	7	10	0	12	7	7	515.87	1		4.730632
23	67	1	0	7	10	7	12	7	7	515.87	1		4.730632
18	52	3	0	0	22	6	8	2	6	71.25	0		24.140400
18	50	1	0	7	10	14	12	7	7	515.87	1		4.730632
18	51	1	0	7	10	21	12	7	7	515.87	1		4.730632
59	195	2	0	0	0	22	6	6	4	90.63	0		22.486769
59	196	2	0	0	0	26	6	6	4	90.63	0		22.486769
59	197	2	0	8	0	0	6	6	4	90.63	0		22.486769
59	194	1	0	14	0	0	12	7	7	515.87	1		4.730632
3	6	3	0	0	6	12	8	2	6	71.25	0		24.140400
3	7	3	0	0	22	12	8	2	6	71.25	0		24.140400
3	8	3	0	0	6	18	8	2	6	71.25	0		24.140400
35	113	2	0	19	7	0	6	6	4	90.63	0		22.486769
35	114	3	0	0	22	18	8	2	6	71.25	0		24.140400
35	115	3	0	0	6	24	8	2	6	71.25	0		24.140400
35	112	1	0	14	0	7	12	7	7	515.87	1		4.730632


-------------------------------------------------------------------------------------------------------------------
Tour_Id:			4
No_of_Customers:		11
No_of_Items:			36
Customer_Sequence:		42 8 30 49 24 7 12 44 41 21 9 

CustId	Id	TypeId	Rotated	x	y	z	Length	Width	Height	mass	Fragility	LoadBearingStrength
9	26	2	0	0	0	0	6	6	4	90.63	0		22.486769
9	24	1	0	0	6	0	12	7	7	515.87	1		4.730632
9	25	1	0	0	13	0	12	7	7	515.87	1		4.730632
21	60	2	0	0	0	4	6	6	4	90.63	0		22.486769
21	61	3	0	0	20	0	8	2	6	71.25	0		24.140400
21	62	3	0	0	22	0	8	2	6	71.25	0		24.140400
21	59	1	0	0	6	7	12	7	7	515.87	1		4.730632
41	137	2	0	0	0	8	6	6	4	90.63	0		22.486769
41	138	3	0	0	20	6	8	2	6	71.25	0		24.140400
41	136	1	0	0	13	7	12	7	7	515.87	1		4.730632
44	145	2	0	0	0	12	6	6	4	90.63	0		22.486769
44	146	3	0	0	22	6	8	2	6	71.25	0		24.140400
12	34	3	0	0	20	12	8	2	6	71.25	0		24.140400
12	33	1	0	0	6	14	12	7	7	515.87	1		4.730632
7	20	2	0	0	0	16	6	6	4	90.63	0		22.486769
7	21	3	0	0	22	12	8	2	6	71.25	0		24.140400
7	18	1	0	0	13	14	12	7	7	515.87	1		4.730632
7	19	1	0	0	6	21	12	7	7	515.87	1		4.730632
24	74	3	0	0	20	18	8	2	6	71.25	0		24.140400
24	71	1	0	0	13	21	12	7	7	515.87	1		4.730632
24	72	1	0	12	0	0	12	7	7	515.87	1		4.730632
24	73	1	0	12	7	0	12	7	7	515.87	1		4.730632
49	166	2	0	0	0	20	6	6	4	90.63	0		22.486769
49	167	3	0	0	22	18	8	2	6	71.25	0		24.140400
49	168	3	0	0	0	24	8	2	6	71.25	0		24.140400
49	165	1	0	12	14	0	12	7	7	515.87	1		4.730632
30	92	2	0	24	0	0	6	6	4	90.63	0		22.486769
30	93	3	0	0	2	24	8	2	6	71.25	0		24.140400
30	94	3	0	0	4	24	8	2	6	71.25	0		24.140400
30	91	1	0	12	0	7	12	7	7	515.87	1		4.730632
8	22	2	0	24	6	0	6	6	4	90.63	0		22.486769
8	23	3	0	0	20	24	8	2	6	71.25	0		24.140400
42	141	3	0	0	22	24	8	2	6	71.25	0		24.140400
42	142	3	0	8	21	0	8	2	6	71.25	0		24.140400
42	139	1	0	12	7	7	12	7	7	515.87	1		4.730632
42	140	1	0	12	14	7	12	7	7	515.87	1		4.730632


-------------------------------------------------------------------------------------------------------------------
Tour_Id:			5
No_of_Customers:		8
No_of_Items:			26
Customer_Sequence:		36 48 50 51 53 34 22 29 

CustId	Id	TypeId	Rotated	x	y	z	Length	Width	Height	mass	Fragility	LoadBearingStrength
29	89	2	0	0	0	0	6	6	4	90.63	0		22.486769
29	90	2	0	0	6	0	6	6	4	90.63	0		22.486769
22	65	3	0	0	12	0	8	2	6	71.25	0		24.140400
22	63	1	0	0	14	0	12	7	7	515.87	1		4.730632
22	64	1	1	0	0	4	12	7	7	515.87	1		4.730632
34	108	2	0	7	0	0	6	6	4	90.63	0		22.486769
34	109	3	0	0	21	0	8	2	6	71.25	0		24.140400
34	110	3	0	0	23	0	8	2	6	71.25	0		24.140400
34	111	3	0	0	12	6	8	2	6	71.25	0		24.140400
34	107	1	0	0	14	7	12	7	7	515.87	1		4.730632
53	178	3	0	0	21	6	8	2	6	71.25	0		24.140400
53	179	3	0	0	23	6	8	2	6	71.25	0		24.140400
53	177	1	1	0	0	11	12	7	7	515.87	1		4.730632
51	171	2	0	7	6	0	6	6	4	90.63	0		22.486769
51	172	2	0	7	0	4	6	6	4	90.63	0		22.486769
51	173	3	0	0	12	12	8	2	6	71.25	0		24.140400
51	174	3	0	0	21	12	8	2	6	71.25	0		24.140400
50	170	2	0	7	6	4	6	6	4	90.63	0		22.486769
50	169	1	0	0	14	14	12	7	7	515.87	1		4.730632
48	162	2	0	7	0	8	6	6	4	90.63	0		22.486769
48	163	3	0	0	23	12	8	2	6	71.25	0		24.140400
48	164	3	0	0	12	18	8	2	6	71.25	0		24.140400
48	161	1	1	0	0	18	12	7	7	515.87	1		4.730632
36	116	2	0	7	6	8	6	6	4	90.63	0		22.486769
36	117	3	0	0	21	18	8	2	6	71.25	0		24.140400
36	118	3	0	0	23	18	8	2	6	71.25	0		24.140400


-------------------------------------------------------------------------------------------------------------------
Tour_Id:			6
No_of_Customers:		1
No_of_Items:			0
Customer_Sequence:		14 

-------------------------------------------------------------------------------------------------------------------
Tour_Id:			7
No_of_Customers:		4
No_of_Items:			13
Customer_Sequence:		56 11 39 46 

CustId	Id	TypeId	Rotated	x	y	z	Length	Width	Height	mass	Fragility	LoadBearingStrength
46	152	2	0	0	0	0	6	6	4	90.63	0		22.486769
46	153	3	0	0	6	0	8	2	6	71.25	0		24.140400
46	154	3	0	0	8	0	8	2	6	71.25	0		24.140400
46	155	3	0	0	10	0	8	2	6	71.25	0		24.140400
46	151	1	0	0	12	0	12	7	7	515.87	1		4.730632
39	129	3	0	0	19	0	8	2	6	71.25	0		24.140400
39	130	3	0	0	21	0	8	2	6	71.25	0		24.140400
11	31	3	0	0	23	0	8	2	6	71.25	0		24.140400
11	32	3	0	0	0	4	8	2	6	71.25	0		24.140400
56	187	2	0	0	6	6	6	6	4	90.63	0		22.486769
56	188	2	0	0	19	6	6	6	4	90.63	0		22.486769
56	185	1	0	0	12	7	12	7	7	515.87	1		4.730632
56	186	1	0	0	12	14	12	7	7	515.87	1		4.730632


-------------------------------------------------------------------------------------------------------------------
Tour_Id:			8
No_of_Customers:		4
No_of_Items:			15
Customer_Sequence:		27 45 26 58 

CustId	Id	TypeId	Rotated	x	y	z	Length	Width	Height	mass	Fragility	LoadBearingStrength
58	192	2	0	0	0	0	6	6	4	90.63	0		22.486769
58	193	3	0	0	6	0	8	2	6	71.25	0		24.140400
58	191	1	0	0	8	0	12	7	7	515.87	1		4.730632
26	81	2	0	0	15	0	6	6	4	90.63	0		22.486769
26	82	2	0	0	0	4	6	6	4	90.63	0		22.486769
26	83	2	0	0	15	4	6	6	4	90.63	0		22.486769
26	79	1	0	0	8	7	12	7	7	515.87	1		4.730632
26	80	1	0	0	8	14	12	7	7	515.87	1		4.730632
45	148	2	0	0	0	8	6	6	4	90.63	0		22.486769
45	149	2	0	0	15	8	6	6	4	90.63	0		22.486769
45	150	3	0	0	21	0	8	2	6	71.25	0		24.140400
45	147	1	0	0	8	21	12	7	7	515.87	1		4.730632
27	85	2	0	0	0	12	6	6	4	90.63	0		22.486769
27	86	2	0	0	15	12	6	6	4	90.63	0		22.486769
27	84	1	0	8	0	0	12	7	7	515.87	1		4.730632


-------------------------------------------------------------------------------------------------------------------
Tour_Id:			9
No_of_Customers:		7
No_of_Items:			26
Customer_Sequence:		13 4 16 37 10 40 57 

CustId	Id	TypeId	Rotated	x	y	z	Length	Width	Height	mass	Fragility	LoadBearingStrength
57	189	1	0	0	0	0	12	7	7	515.87	1		4.730632
57	190	1	0	0	7	0	12	7	7	515.87	1		4.730632
40	135	2	0	0	14	0	6	6	4	90.63	0		22.486769
40	131	1	0	0	0	7	12	7	7	515.87	1		4.730632
40	132	1	0	0	7	7	12	7	7	515.87	1		4.730632
40	133	1	0	0	0	14	12	7	7	515.87	1		4.730632
40	134	1	0	0	7	14	12	7	7	515.87	1		4.730632
10	27	2	0	0	14	4	6	6	4	90.63	0		22.486769
10	28	3	0	0	20	0	8	2	6	71.25	0		24.140400
10	29	3	0	0	22	0	8	2	6	71.25	0		24.140400
10	30	3	0	0	20	6	8	2	6	71.25	0		24.140400
37	120	2	0	0	14	8	6	6	4	90.63	0		22.486769
37	121	2	0	0	14	12	6	6	4	90.63	0		22.486769
37	122	3	0	0	22	6	8	2	6	71.25	0		24.140400
37	123	3	0	0	20	12	8	2	6	71.25	0		24.140400
37	119	1	0	0	0	21	12	7	7	515.87	1		4.730632
16	43	2	0	0	14	16	6	6	4	90.63	0		22.486769
16	44	2	0	0	14	20	6	6	4	90.63	0		22.486769
16	45	3	0	0	22	12	8	2	6	71.25	0		24.140400
16	41	1	0	0	7	21	12	7	7	515.87	1		4.730632
16	42	1	0	12	0	0	12	7	7	515.87	1		4.730632
4	11	2	0	0	14	24	6	6	4	90.63	0		22.486769
4	9	1	0	12	7	0	12	7	7	515.87	1		4.730632
4	10	1	0	8	14	0	12	7	7	515.87	1		4.730632
13	36	3	0	0	20	18	8	2	6	71.25	0		24.140400
13	35	1	0	8	14	7	12	7	7	515.87	1		4.730632


