Name:				081_n060_m200_bt10
Problem:			3L-VRPTW
Number_of_used_Vehicles:	11
Total_Travel_Distance:		1109.64
Calculation_Time:		30.71
Total_Iterations:		16597
ConstraintSet:			P1

-------------------------------------------------------------------------------------------------------------------
Tour_Id:			1
No_of_Customers:		6
No_of_Items:			16
Customer_Sequence:		45 51 33 57 18 15 

CustId	Id	TypeId	Rotated	x	y	z	Length	Width	Height	mass	Fragility	LoadBearingStrength
15	47	10	0	0	0	0	10	6	4	124.82	0		40.656561
15	46	6	0	0	6	0	13	4	4	228.35	0		23.714772
18	56	8	0	0	10	0	9	6	6	132.05	0		16.952229
18	54	3	0	0	16	0	11	6	4	127.76	1		17.075760
18	55	5	0	0	0	4	12	4	3	112.45	1		26.958311
57	188	7	0	0	4	4	12	4	5	234.77	0		62.963961
57	189	9	0	0	22	0	9	2	6	83.15	0		128.494264
33	100	2	0	0	10	6	9	7	6	222.45	0		62.746599
33	101	2	0	0	10	12	9	7	6	222.45	0		62.746599
33	102	2	0	0	10	18	9	7	6	222.45	0		62.746599
33	103	9	0	0	8	4	9	2	6	83.15	0		128.494264
51	170	8	0	0	10	24	9	6	6	132.05	0		16.952229
51	168	4	0	9	10	0	12	6	3	481.86	0		18.302152
51	169	6	0	0	4	9	13	4	4	228.35	0		23.714772
45	148	2	0	11	16	0	9	7	6	222.45	0		62.746599
45	149	3	0	9	10	3	11	6	4	127.76	1		17.075760


-------------------------------------------------------------------------------------------------------------------
Tour_Id:			2
No_of_Customers:		8
No_of_Items:			26
Customer_Sequence:		44 38 4 5 48 60 42 52 

CustId	Id	TypeId	Rotated	x	y	z	Length	Width	Height	mass	Fragility	LoadBearingStrength
52	171	1	0	0	0	0	10	5	5	206.23	0		22.111600
52	172	1	0	0	5	0	10	5	5	206.23	0		22.111600
42	134	7	0	0	10	0	12	4	5	234.77	0		62.963961
42	135	10	0	0	14	0	10	6	4	124.82	0		40.656561
42	136	10	0	0	14	4	10	6	4	124.82	0		40.656561
42	137	10	0	0	0	5	10	6	4	124.82	0		40.656561
42	133	6	0	0	20	0	13	4	4	228.35	0		23.714772
60	198	1	0	0	20	4	10	5	5	206.23	0		22.111600
60	200	6	0	0	6	5	13	4	4	228.35	0		23.714772
60	199	3	0	0	14	8	11	6	4	127.76	1		17.075760
48	159	2	0	0	0	9	9	7	6	222.45	0		62.746599
48	161	8	0	0	0	15	9	6	6	132.05	0		16.952229
48	160	6	0	0	10	5	13	4	4	228.35	0		23.714772
5	13	7	0	0	7	9	12	4	5	234.77	0		62.963961
5	14	9	0	0	11	9	9	2	6	83.15	0		128.494264
5	12	3	0	0	13	12	11	6	4	127.76	1		17.075760
4	10	8	0	0	0	21	9	6	6	132.05	0		16.952229
4	11	9	0	0	20	9	9	2	6	83.15	0		128.494264
38	119	10	0	10	0	0	10	6	4	124.82	0		40.656561
38	118	6	0	0	7	14	13	4	4	228.35	0		23.714772
38	117	5	0	0	13	16	12	4	3	112.45	1		26.958311
44	143	1	0	0	6	18	10	5	5	206.23	0		22.111600
44	146	7	0	0	6	23	12	4	5	234.77	0		62.963961
44	147	10	0	10	0	4	10	6	4	124.82	0		40.656561
44	145	6	0	10	0	8	13	4	4	228.35	0		23.714772
44	144	5	0	0	13	19	12	4	3	112.45	1		26.958311


-------------------------------------------------------------------------------------------------------------------
Tour_Id:			3
No_of_Customers:		6
No_of_Items:			22
Customer_Sequence:		7 55 6 34 8 41 

CustId	Id	TypeId	Rotated	x	y	z	Length	Width	Height	mass	Fragility	LoadBearingStrength
41	128	1	0	0	0	0	10	5	5	206.23	0		22.111600
41	131	10	0	0	5	0	10	6	4	124.82	0		40.656561
41	132	10	0	0	11	0	10	6	4	124.82	0		40.656561
41	130	9	0	0	17	0	9	2	6	83.15	0		128.494264
41	129	3	0	0	19	0	11	6	4	127.76	1		17.075760
8	23	1	0	0	5	4	10	5	5	206.23	0		22.111600
8	24	5	0	0	10	4	12	4	3	112.45	1		26.958311
8	25	5	0	0	19	4	12	4	3	112.45	1		26.958311
34	104	1	0	0	0	5	10	5	5	206.23	0		22.111600
34	105	10	0	0	5	9	10	6	4	124.82	0		40.656561
6	15	1	0	0	0	10	10	5	5	206.23	0		22.111600
6	17	7	0	0	5	13	12	4	5	234.77	0		62.963961
6	18	7	0	0	0	15	12	4	5	234.77	0		62.963961
6	16	6	0	0	5	18	13	4	4	228.35	0		23.714772
6	19	9	0	0	14	4	9	2	6	83.15	0		128.494264
55	180	2	0	12	9	0	9	7	6	222.45	0		62.746599
55	183	9	0	0	17	6	9	2	6	83.15	0		128.494264
55	181	5	0	0	19	7	12	4	3	112.45	1		26.958311
55	182	5	0	0	19	10	12	4	3	112.45	1		26.958311
7	21	8	0	12	16	0	9	6	6	132.05	0		16.952229
7	22	9	0	0	14	10	9	2	6	83.15	0		128.494264
7	20	5	0	0	19	13	12	4	3	112.45	1		26.958311


-------------------------------------------------------------------------------------------------------------------
Tour_Id:			4
No_of_Customers:		7
No_of_Items:			21
Customer_Sequence:		39 29 40 37 27 49 2 

CustId	Id	TypeId	Rotated	x	y	z	Length	Width	Height	mass	Fragility	LoadBearingStrength
2	3	2	0	0	0	0	9	7	6	222.45	0		62.746599
2	4	2	0	0	7	0	9	7	6	222.45	0		62.746599
2	5	5	0	0	14	0	12	4	3	112.45	1		26.958311
49	163	10	0	0	18	0	10	6	4	124.82	0		40.656561
49	162	5	0	0	14	3	12	4	3	112.45	1		26.958311
27	85	10	0	0	18	4	10	6	4	124.82	0		40.656561
27	84	3	0	0	0	6	11	6	4	127.76	1		17.075760
37	116	7	0	0	6	6	12	4	5	234.77	0		62.963961
37	113	4	0	0	18	8	12	6	3	481.86	0		18.302152
37	115	6	0	0	6	11	13	4	4	228.35	0		23.714772
37	114	5	0	0	10	6	12	4	3	112.45	1		26.958311
40	125	2	0	0	18	11	9	7	6	222.45	0		62.746599
40	126	8	0	0	18	17	9	6	6	132.05	0		16.952229
40	124	1	0	0	6	15	10	5	5	206.23	0		22.111600
40	127	9	0	0	6	20	9	2	6	83.15	0		128.494264
29	90	8	0	0	18	23	9	6	6	132.05	0		16.952229
29	89	5	0	0	14	6	12	4	3	112.45	1		26.958311
39	120	7	0	11	0	0	12	4	5	234.77	0		62.963961
39	121	7	0	11	0	5	12	4	5	234.77	0		62.963961
39	122	9	0	0	8	20	9	2	6	83.15	0		128.494264
39	123	9	0	11	4	0	9	2	6	83.15	0		128.494264


-------------------------------------------------------------------------------------------------------------------
Tour_Id:			5
No_of_Customers:		6
No_of_Items:			17
Customer_Sequence:		25 1 28 58 30 46 

CustId	Id	TypeId	Rotated	x	y	z	Length	Width	Height	mass	Fragility	LoadBearingStrength
46	151	8	0	0	0	0	9	6	6	132.05	0		16.952229
46	152	8	0	0	6	0	9	6	6	132.05	0		16.952229
46	153	10	0	0	12	0	10	6	4	124.82	0		40.656561
46	150	6	0	0	18	0	13	4	4	228.35	0		23.714772
30	91	4	0	0	12	4	12	6	3	481.86	0		18.302152
30	92	6	0	0	18	4	13	4	4	228.35	0		23.714772
58	190	2	0	0	0	6	9	7	6	222.45	0		62.746599
58	192	6	0	0	12	7	13	4	4	228.35	0		23.714772
58	193	9	0	0	22	0	9	2	6	83.15	0		128.494264
58	191	3	0	0	0	12	11	6	4	127.76	1		17.075760
28	86	2	0	11	0	0	9	7	6	222.45	0		62.746599
28	88	6	0	0	18	8	13	4	4	228.35	0		23.714772
28	87	3	0	0	0	16	11	6	4	127.76	1		17.075760
1	1	1	0	0	7	6	10	5	5	206.23	0		22.111600
1	2	3	0	0	7	11	11	6	4	127.76	1		17.075760
25	78	1	0	0	18	12	10	5	5	206.23	0		22.111600
25	79	4	0	11	0	6	12	6	3	481.86	0		18.302152


-------------------------------------------------------------------------------------------------------------------
Tour_Id:			6
No_of_Customers:		6
No_of_Items:			20
Customer_Sequence:		20 54 10 14 31 59 

CustId	Id	TypeId	Rotated	x	y	z	Length	Width	Height	mass	Fragility	LoadBearingStrength
59	195	6	0	0	0	0	13	4	4	228.35	0		23.714772
59	196	6	0	0	4	0	13	4	4	228.35	0		23.714772
59	197	9	0	0	8	0	9	2	6	83.15	0		128.494264
59	194	3	0	0	10	0	11	6	4	127.76	1		17.075760
31	93	1	0	0	16	0	10	5	5	206.23	0		22.111600
31	94	1	0	0	0	4	10	5	5	206.23	0		22.111600
31	95	6	0	0	21	0	13	4	4	228.35	0		23.714772
31	96	6	0	0	21	4	13	4	4	228.35	0		23.714772
14	45	10	0	0	0	9	10	6	4	124.82	0		40.656561
14	44	6	0	0	16	5	13	4	4	228.35	0		23.714772
10	32	8	0	0	0	13	9	6	6	132.05	0		16.952229
10	30	4	0	0	0	19	12	6	3	481.86	0		18.302152
10	31	6	0	0	20	8	13	4	4	228.35	0		23.714772
54	179	10	0	0	0	22	10	6	4	124.82	0		40.656561
54	178	9	0	0	6	4	9	2	6	83.15	0		128.494264
54	176	5	0	0	10	4	12	4	3	112.45	1		26.958311
54	177	5	0	0	10	7	12	4	3	112.45	1		26.958311
20	63	7	0	0	16	9	12	4	5	234.77	0		62.963961
20	62	6	0	0	20	12	13	4	4	228.35	0		23.714772
20	61	3	0	0	0	26	11	6	4	127.76	1		17.075760


-------------------------------------------------------------------------------------------------------------------
Tour_Id:			7
No_of_Customers:		6
No_of_Items:			24
Customer_Sequence:		22 19 56 47 21 11 

CustId	Id	TypeId	Rotated	x	y	z	Length	Width	Height	mass	Fragility	LoadBearingStrength
11	35	2	0	0	0	0	9	7	6	222.45	0		62.746599
11	33	1	0	0	7	0	10	5	5	206.23	0		22.111600
11	34	1	0	0	12	0	10	5	5	206.23	0		22.111600
11	36	7	0	0	17	0	12	4	5	234.77	0		62.963961
21	65	2	0	0	7	5	9	7	6	222.45	0		62.746599
21	64	1	0	0	14	5	10	5	5	206.23	0		22.111600
21	66	6	0	0	21	0	13	4	4	228.35	0		23.714772
21	67	9	0	0	21	4	9	2	6	83.15	0		128.494264
47	157	7	0	0	0	6	12	4	5	234.77	0		62.963961
47	156	4	1	0	0	11	12	6	3	481.86	0		18.302152
47	158	9	0	0	23	4	9	2	6	83.15	0		128.494264
47	154	3	0	0	14	10	11	6	4	127.76	1		17.075760
47	155	3	1	0	0	14	11	6	4	127.76	1		17.075760
56	187	8	0	10	4	0	9	6	6	132.05	0		16.952229
56	185	7	0	0	21	10	12	4	5	234.77	0		62.963961
56	186	7	0	0	21	15	12	4	5	234.77	0		62.963961
56	184	6	0	0	21	20	13	4	4	228.35	0		23.714772
19	57	2	0	9	4	6	9	7	6	222.45	0		62.746599
19	59	4	0	6	4	12	12	6	3	481.86	0		18.302152
19	60	9	0	0	12	11	9	2	6	83.15	0		128.494264
19	58	3	0	0	14	14	11	6	4	127.76	1		17.075760
22	68	2	0	6	4	15	9	7	6	222.45	0		62.746599
22	69	5	1	0	0	18	12	4	3	112.45	1		26.958311
22	70	5	0	0	14	18	12	4	3	112.45	1		26.958311


-------------------------------------------------------------------------------------------------------------------
Tour_Id:			8
No_of_Customers:		5
No_of_Items:			16
Customer_Sequence:		23 32 12 13 26 

CustId	Id	TypeId	Rotated	x	y	z	Length	Width	Height	mass	Fragility	LoadBearingStrength
26	80	1	0	0	0	0	10	5	5	206.23	0		22.111600
26	82	7	0	0	5	0	12	4	5	234.77	0		62.963961
26	83	10	0	0	9	0	10	6	4	124.82	0		40.656561
26	81	6	0	0	15	0	13	4	4	228.35	0		23.714772
13	41	8	0	0	19	0	9	6	6	132.05	0		16.952229
13	42	9	0	0	9	4	9	2	6	83.15	0		128.494264
13	43	9	0	0	11	4	9	2	6	83.15	0		128.494264
12	38	8	0	0	13	4	9	6	6	132.05	0		16.952229
12	39	8	0	0	0	5	9	6	6	132.05	0		16.952229
12	37	7	0	0	19	6	12	4	5	234.77	0		62.963961
12	40	9	0	0	6	5	9	2	6	83.15	0		128.494264
32	99	8	0	0	8	10	9	6	6	132.05	0		16.952229
32	97	1	0	0	14	10	10	5	5	206.23	0		22.111600
32	98	4	0	0	0	11	12	6	3	481.86	0		18.302152
23	71	4	0	0	0	14	12	6	3	481.86	0		18.302152
23	72	5	0	0	19	11	12	4	3	112.45	1		26.958311


-------------------------------------------------------------------------------------------------------------------
Tour_Id:			9
No_of_Customers:		3
No_of_Items:			11
Customer_Sequence:		16 36 24 

CustId	Id	TypeId	Rotated	x	y	z	Length	Width	Height	mass	Fragility	LoadBearingStrength
24	76	8	0	0	0	0	9	6	6	132.05	0		16.952229
24	77	10	0	0	6	0	10	6	4	124.82	0		40.656561
24	73	4	0	0	12	0	12	6	3	481.86	0		18.302152
24	75	6	0	0	18	0	13	4	4	228.35	0		23.714772
24	74	5	0	0	12	3	12	4	3	112.45	1		26.958311
36	111	7	0	0	6	4	12	4	5	234.77	0		62.963961
36	112	9	0	0	22	0	9	2	6	83.15	0		128.494264
36	110	3	0	0	0	6	11	6	4	127.76	1		17.075760
16	48	2	0	12	0	0	9	7	6	222.45	0		62.746599
16	50	7	0	0	18	4	12	4	5	234.77	0		62.963961
16	49	5	0	0	12	6	12	4	3	112.45	1		26.958311


-------------------------------------------------------------------------------------------------------------------
Tour_Id:			10
No_of_Customers:		3
No_of_Items:			11
Customer_Sequence:		50 53 9 

CustId	Id	TypeId	Rotated	x	y	z	Length	Width	Height	mass	Fragility	LoadBearingStrength
9	28	7	0	0	0	0	12	4	5	234.77	0		62.963961
9	26	4	0	0	4	0	12	6	3	481.86	0		18.302152
9	27	6	0	0	10	0	13	4	4	228.35	0		23.714772
9	29	9	0	0	14	0	9	2	6	83.15	0		128.494264
53	175	10	0	0	16	0	10	6	4	124.82	0		40.656561
53	173	4	0	0	4	3	12	6	3	481.86	0		18.302152
53	174	9	0	0	22	0	9	2	6	83.15	0		128.494264
50	164	1	0	0	16	4	10	5	5	206.23	0		22.111600
50	167	10	0	0	4	6	10	6	4	124.82	0		40.656561
50	165	9	0	0	10	4	9	2	6	83.15	0		128.494264
50	166	9	0	0	12	4	9	2	6	83.15	0		128.494264


-------------------------------------------------------------------------------------------------------------------
Tour_Id:			11
No_of_Customers:		4
No_of_Items:			16
Customer_Sequence:		17 35 43 3 

CustId	Id	TypeId	Rotated	x	y	z	Length	Width	Height	mass	Fragility	LoadBearingStrength
3	6	1	0	0	0	0	10	5	5	206.23	0		22.111600
3	9	9	0	0	5	0	9	2	6	83.15	0		128.494264
3	7	3	0	0	7	0	11	6	4	127.76	1		17.075760
3	8	5	0	0	13	0	12	4	3	112.45	1		26.958311
43	138	2	0	0	17	0	9	7	6	222.45	0		62.746599
43	139	2	0	0	17	6	9	7	6	222.45	0		62.746599
43	140	7	0	0	0	5	12	4	5	234.77	0		62.963961
43	141	7	0	0	0	10	12	4	5	234.77	0		62.963961
43	142	10	0	0	17	12	10	6	4	124.82	0		40.656561
35	107	2	0	0	17	16	9	7	6	222.45	0		62.746599
35	106	1	0	0	0	15	10	5	5	206.23	0		22.111600
35	109	10	0	0	0	20	10	6	4	124.82	0		40.656561
35	108	6	0	0	0	24	13	4	4	228.35	0		23.714772
17	52	8	0	0	17	22	9	6	6	132.05	0		16.952229
17	53	10	0	10	17	0	10	6	4	124.82	0		40.656561
17	51	3	0	0	7	4	11	6	4	127.76	1		17.075760


