Name:				083_n060_m200_bt10
Problem:			3L-VRPTW
Number_of_used_Vehicles:	7
Total_Travel_Distance:		644.85
Calculation_Time:		239.95
Total_Iterations:		11501
ConstraintSet:			P1

-------------------------------------------------------------------------------------------------------------------
Tour_Id:			1
No_of_Customers:		11
No_of_Items:			39
Customer_Sequence:		5 19 44 11 26 9 12 37 22 29 3 

CustId	Id	TypeId	Rotated	x	y	z	Length	Width	Height	mass	Fragility	LoadBearingStrength
3	11	9	0	0	0	0	13	2	3	83.09	0		38.777766
3	9	7	0	0	2	0	6	5	2	312.56	0		48.913854
3	10	7	0	0	7	0	6	5	2	312.56	0		48.913854
29	101	1	0	0	12	0	10	6	3	77.21	0		21.051003
29	102	1	0	0	18	0	10	6	3	77.21	0		21.051003
29	103	1	1	0	2	2	10	6	3	77.21	0		21.051003
22	80	6	0	0	12	3	12	4	5	279.64	0		26.899576
22	78	2	0	0	16	3	12	6	3	600.82	0		29.057388
22	79	2	0	0	16	6	12	6	3	600.82	0		29.057388
37	130	8	0	0	2	5	7	7	5	114.84	1		32.489882
37	128	5	0	0	16	9	9	6	3	193.49	1		55.849331
37	129	5	0	0	2	10	9	6	3	193.49	1		55.849331
12	41	2	0	9	2	0	12	6	3	600.82	0		29.057388
12	42	2	0	9	0	3	12	6	3	600.82	0		29.057388
12	45	10	0	0	12	8	9	4	4	118.71	0		32.697216
12	43	5	0	0	12	12	9	6	3	193.49	1		55.849331
12	44	5	0	0	2	13	9	6	3	193.49	1		55.849331
9	30	6	0	7	8	0	12	4	5	279.64	0		26.899576
9	31	6	0	7	8	5	12	4	5	279.64	0		26.899576
9	29	3	0	9	0	6	7	5	4	226.04	0		35.000813
9	32	9	0	0	22	3	13	2	3	83.09	0		38.777766
26	92	1	0	12	12	0	10	6	3	77.21	0		21.051003
26	94	10	0	7	8	10	9	4	4	118.71	0		32.697216
26	93	7	0	9	0	10	6	5	2	312.56	0		48.913854
11	39	4	0	12	12	3	13	5	3	177.82	0		23.266086
11	40	4	0	12	12	6	13	5	3	177.82	0		23.266086
11	37	3	0	9	0	12	7	5	4	226.04	0		35.000813
11	38	3	0	9	0	16	7	5	4	226.04	0		35.000813
44	152	3	0	9	0	20	7	5	4	226.04	0		35.000813
44	153	8	0	0	12	15	7	7	5	114.84	1		32.489882
44	154	8	0	0	12	20	7	7	5	114.84	1		32.489882
19	65	6	0	7	8	14	12	4	5	279.64	0		26.899576
19	64	1	0	12	12	9	10	6	3	77.21	0		21.051003
19	67	9	0	0	22	6	13	2	3	83.09	0		38.777766
19	68	9	0	0	22	9	13	2	3	83.09	0		38.777766
19	66	7	0	7	8	19	6	5	2	312.56	0		48.913854
5	15	4	0	21	0	0	13	5	3	177.82	0		23.266086
5	16	4	0	21	5	0	13	5	3	177.82	0		23.266086
5	17	5	0	0	19	12	9	6	3	193.49	1		55.849331


-------------------------------------------------------------------------------------------------------------------
Tour_Id:			2
No_of_Customers:		9
No_of_Items:			27
Customer_Sequence:		60 56 47 1 38 34 50 7 18 

CustId	Id	TypeId	Rotated	x	y	z	Length	Width	Height	mass	Fragility	LoadBearingStrength
18	63	6	0	0	0	0	12	4	5	279.64	0		26.899576
18	59	1	0	0	4	0	10	6	3	77.21	0		21.051003
18	60	1	0	0	10	0	10	6	3	77.21	0		21.051003
18	61	1	0	0	16	0	10	6	3	77.21	0		21.051003
18	62	3	0	0	4	3	7	5	4	226.04	0		35.000813
7	22	2	0	0	9	3	12	6	3	600.82	0		29.057388
7	23	3	0	0	15	3	7	5	4	226.04	0		35.000813
50	169	3	0	0	9	6	7	5	4	226.04	0		35.000813
50	170	5	0	10	15	0	9	6	3	193.49	1		55.849331
34	118	6	0	0	0	5	12	4	5	279.64	0		26.899576
34	120	10	0	0	4	7	9	4	4	118.71	0		32.697216
34	119	7	0	0	14	7	6	5	2	312.56	0		48.913854
38	131	6	0	0	0	10	12	4	5	279.64	0		26.899576
38	132	7	0	0	14	9	6	5	2	312.56	0		48.913854
1	1	2	0	12	0	0	12	6	3	600.82	0		29.057388
1	2	4	0	12	6	0	13	5	3	177.82	0		23.266086
1	3	4	0	9	4	3	13	5	3	177.82	0		23.266086
1	5	10	0	0	9	10	9	4	4	118.71	0		32.697216
1	4	8	0	7	15	3	7	7	5	114.84	1		32.489882
47	161	1	0	9	4	6	10	6	3	77.21	0		21.051003
47	162	3	0	0	4	11	7	5	4	226.04	0		35.000813
47	163	8	0	0	0	15	7	7	5	114.84	1		32.489882
56	186	6	0	0	9	14	12	4	5	279.64	0		26.899576
56	187	9	0	0	22	0	13	2	3	83.09	0		38.777766
60	200	6	0	0	9	19	12	4	5	279.64	0		26.899576
60	199	4	0	9	4	9	13	5	3	177.82	0		23.266086
60	198	1	0	19	11	0	10	6	3	77.21	0		21.051003


-------------------------------------------------------------------------------------------------------------------
Tour_Id:			3
No_of_Customers:		8
No_of_Items:			25
Customer_Sequence:		14 28 49 52 15 17 46 27 

CustId	Id	TypeId	Rotated	x	y	z	Length	Width	Height	mass	Fragility	LoadBearingStrength
27	95	3	0	0	0	0	7	5	4	226.04	0		35.000813
27	96	3	0	0	5	0	7	5	4	226.04	0		35.000813
27	97	3	0	0	10	0	7	5	4	226.04	0		35.000813
46	157	2	0	0	15	0	12	6	3	600.82	0		29.057388
46	159	10	0	0	21	0	9	4	4	118.71	0		32.697216
46	160	10	0	0	15	3	9	4	4	118.71	0		32.697216
46	158	8	0	0	0	4	7	7	5	114.84	1		32.489882
17	56	3	0	0	7	4	7	5	4	226.04	0		35.000813
17	58	9	0	0	19	3	13	2	3	83.09	0		38.777766
17	57	5	0	0	0	9	9	6	3	193.49	1		55.849331
15	53	6	0	0	21	4	12	4	5	279.64	0		26.899576
15	52	3	0	0	15	7	7	5	4	226.04	0		35.000813
52	173	3	0	0	7	8	7	5	4	226.04	0		35.000813
52	174	5	0	0	0	12	9	6	3	193.49	1		55.849331
52	175	5	0	0	0	15	9	6	3	193.49	1		55.849331
49	168	8	0	0	0	18	7	7	5	114.84	1		32.489882
49	166	5	0	0	0	23	9	6	3	193.49	1		55.849331
49	167	5	0	0	0	26	9	6	3	193.49	1		55.849331
28	100	9	0	0	21	9	13	2	3	83.09	0		38.777766
28	98	5	0	7	6	0	9	6	3	193.49	1		55.849331
28	99	5	0	7	6	3	9	6	3	193.49	1		55.849331
14	48	1	0	9	0	0	10	6	3	77.21	0		21.051003
14	49	1	0	9	0	3	10	6	3	77.21	0		21.051003
14	51	10	0	0	15	11	9	4	4	118.71	0		32.697216
14	50	8	0	7	6	6	7	7	5	114.84	1		32.489882


-------------------------------------------------------------------------------------------------------------------
Tour_Id:			4
No_of_Customers:		12
No_of_Items:			40
Customer_Sequence:		24 51 53 6 58 57 13 42 31 45 41 20 

CustId	Id	TypeId	Rotated	x	y	z	Length	Width	Height	mass	Fragility	LoadBearingStrength
20	70	6	0	0	0	0	12	4	5	279.64	0		26.899576
20	69	2	0	0	4	0	12	6	3	600.82	0		29.057388
20	73	10	0	0	10	0	9	4	4	118.71	0		32.697216
20	72	9	0	0	14	0	13	2	3	83.09	0		38.777766
20	71	7	0	0	16	0	6	5	2	312.56	0		48.913854
41	142	7	0	0	16	2	6	5	2	312.56	0		48.913854
41	141	5	0	0	4	3	9	6	3	193.49	1		55.849331
45	155	1	1	0	10	4	10	6	3	77.21	0		21.051003
45	156	9	0	0	21	0	13	2	3	83.09	0		38.777766
31	108	6	0	0	0	5	12	4	5	279.64	0		26.899576
31	109	9	0	0	23	0	13	2	3	83.09	0		38.777766
31	107	5	0	0	4	6	9	6	3	193.49	1		55.849331
42	146	9	0	0	21	3	13	2	3	83.09	0		38.777766
42	144	8	0	0	10	7	7	7	5	114.84	1		32.489882
42	145	8	0	0	10	12	7	7	5	114.84	1		32.489882
42	143	5	0	0	4	9	9	6	3	193.49	1		55.849331
13	46	3	0	12	0	0	7	5	4	226.04	0		35.000813
13	47	9	0	0	23	3	13	2	3	83.09	0		38.777766
57	188	2	0	12	5	0	12	6	3	600.82	0		29.057388
57	190	10	0	0	20	6	9	4	4	118.71	0		32.697216
57	191	10	0	0	0	10	9	4	4	118.71	0		32.697216
57	189	8	0	0	10	17	7	7	5	114.84	1		32.489882
58	192	1	0	9	5	3	10	6	3	77.21	0		21.051003
58	194	8	0	0	10	22	7	7	5	114.84	1		32.489882
58	193	5	0	0	4	12	9	6	3	193.49	1		55.849331
6	18	2	0	9	5	6	12	6	3	600.82	0		29.057388
6	19	2	0	9	4	9	12	6	3	600.82	0		29.057388
6	20	2	0	9	4	12	12	6	3	600.82	0		29.057388
6	21	10	0	0	20	10	9	4	4	118.71	0		32.697216
53	178	6	0	0	0	14	12	4	5	279.64	0		26.899576
53	179	6	0	0	20	14	12	4	5	279.64	0		26.899576
53	176	2	0	9	4	15	12	6	3	600.82	0		29.057388
53	177	4	0	9	4	18	13	5	3	177.82	0		23.266086
53	180	7	0	0	0	19	6	5	2	312.56	0		48.913854
51	171	4	0	9	4	21	13	5	3	177.82	0		23.266086
51	172	5	0	0	10	27	9	6	3	193.49	1		55.849331
24	83	6	0	0	20	19	12	4	5	279.64	0		26.899576
24	86	10	0	0	20	24	9	4	4	118.71	0		32.697216
24	84	7	0	0	20	28	6	5	2	312.56	0		48.913854
24	85	8	0	13	11	0	7	7	5	114.84	1		32.489882


-------------------------------------------------------------------------------------------------------------------
Tour_Id:			5
No_of_Customers:		9
No_of_Items:			30
Customer_Sequence:		59 33 36 2 16 8 32 4 40 

CustId	Id	TypeId	Rotated	x	y	z	Length	Width	Height	mass	Fragility	LoadBearingStrength
40	138	6	0	0	0	0	12	4	5	279.64	0		26.899576
40	139	6	0	0	4	0	12	4	5	279.64	0		26.899576
40	140	6	0	0	8	0	12	4	5	279.64	0		26.899576
4	12	6	0	0	12	0	12	4	5	279.64	0		26.899576
4	14	9	0	0	16	0	13	2	3	83.09	0		38.777766
4	13	8	0	0	18	0	7	7	5	114.84	1		32.489882
32	110	2	0	0	0	5	12	6	3	600.82	0		29.057388
32	111	7	0	0	6	5	6	5	2	312.56	0		48.913854
32	112	8	0	0	18	5	7	7	5	114.84	1		32.489882
8	26	6	0	0	11	5	12	4	5	279.64	0		26.899576
8	24	4	0	0	0	8	13	5	3	177.82	0		23.266086
8	28	10	0	0	11	10	9	4	4	118.71	0		32.697216
8	27	7	0	0	6	7	6	5	2	312.56	0		48.913854
8	25	5	0	0	18	10	9	6	3	193.49	1		55.849331
16	54	3	0	0	6	9	7	5	4	226.04	0		35.000813
16	55	3	0	0	0	11	7	5	4	226.04	0		35.000813
2	6	1	0	9	18	0	10	6	3	77.21	0		21.051003
2	7	1	0	9	16	3	10	6	3	77.21	0		21.051003
2	8	1	0	9	15	6	10	6	3	77.21	0		21.051003
36	127	6	0	0	11	14	12	4	5	279.64	0		26.899576
36	125	5	0	0	18	13	9	6	3	193.49	1		55.849331
36	126	5	0	0	18	16	9	6	3	193.49	1		55.849331
33	114	6	0	0	11	19	12	4	5	279.64	0		26.899576
33	117	10	0	0	6	13	9	4	4	118.71	0		32.697216
33	113	3	0	0	0	15	7	5	4	226.04	0		35.000813
33	115	7	0	0	5	17	6	5	2	312.56	0		48.913854
33	116	8	0	0	0	19	7	7	5	114.84	1		32.489882
59	195	3	0	0	11	24	7	5	4	226.04	0		35.000813
59	196	3	0	7	0	11	7	5	4	226.04	0		35.000813
59	197	8	0	0	18	19	7	7	5	114.84	1		32.489882


-------------------------------------------------------------------------------------------------------------------
Tour_Id:			6
No_of_Customers:		9
No_of_Items:			32
Customer_Sequence:		54 55 10 35 23 21 30 25 43 

CustId	Id	TypeId	Rotated	x	y	z	Length	Width	Height	mass	Fragility	LoadBearingStrength
43	149	6	0	0	0	0	12	4	5	279.64	0		26.899576
43	147	1	0	0	4	0	10	6	3	77.21	0		21.051003
43	151	10	0	0	10	0	9	4	4	118.71	0		32.697216
43	148	3	0	0	14	0	7	5	4	226.04	0		35.000813
43	150	8	0	0	10	4	7	7	5	114.84	1		32.489882
25	87	2	0	0	19	0	12	6	3	600.82	0		29.057388
25	91	10	0	0	4	3	9	4	4	118.71	0		32.697216
25	88	3	0	0	19	3	7	5	4	226.04	0		35.000813
25	89	7	0	0	4	7	6	5	2	312.56	0		48.913854
25	90	8	0	0	4	9	7	7	5	114.84	1		32.489882
30	104	1	0	9	10	0	10	6	3	77.21	0		21.051003
30	105	1	0	9	10	3	10	6	3	77.21	0		21.051003
30	106	9	0	0	0	5	13	2	3	83.09	0		38.777766
21	74	3	0	0	19	7	7	5	4	226.04	0		35.000813
21	77	9	0	0	2	5	13	2	3	83.09	0		38.777766
21	76	8	0	0	11	9	7	7	5	114.84	1		32.489882
21	75	5	0	0	4	14	9	6	3	193.49	1		55.849331
23	82	9	0	0	0	8	13	2	3	83.09	0		38.777766
23	81	5	0	0	10	14	9	6	3	193.49	1		55.849331
35	123	6	0	9	10	6	12	4	5	279.64	0		26.899576
35	124	6	0	9	10	11	12	4	5	279.64	0		26.899576
35	121	1	0	10	4	0	10	6	3	77.21	0		21.051003
35	122	5	0	0	4	17	9	6	3	193.49	1		55.849331
10	33	2	0	9	4	3	12	6	3	600.82	0		29.057388
10	34	4	0	9	4	6	13	5	3	177.82	0		23.266086
10	36	9	0	0	2	8	13	2	3	83.09	0		38.777766
10	35	5	0	0	10	17	9	6	3	193.49	1		55.849331
55	185	6	0	0	0	11	12	4	5	279.64	0		26.899576
55	184	1	0	9	4	9	10	6	3	77.21	0		21.051003
54	181	2	0	9	4	12	12	6	3	600.82	0		29.057388
54	182	7	0	0	18	11	6	5	2	312.56	0		48.913854
54	183	8	0	0	4	20	7	7	5	114.84	1		32.489882


-------------------------------------------------------------------------------------------------------------------
Tour_Id:			7
No_of_Customers:		2
No_of_Items:			7
Customer_Sequence:		39 48 

CustId	Id	TypeId	Rotated	x	y	z	Length	Width	Height	mass	Fragility	LoadBearingStrength
48	165	8	0	0	0	0	7	7	5	114.84	1		32.489882
48	164	5	0	0	7	0	9	6	3	193.49	1		55.849331
39	133	1	0	0	13	0	10	6	3	77.21	0		21.051003
39	137	8	0	0	7	3	7	7	5	114.84	1		32.489882
39	134	5	0	0	19	0	9	6	3	193.49	1		55.849331
39	135	5	0	0	14	3	9	6	3	193.49	1		55.849331
39	136	5	0	0	0	5	9	6	3	193.49	1		55.849331


