Name:				085_n060_m200_bt10
Problem:			3L-VRPTW
Number_of_used_Vehicles:	12
Total_Travel_Distance:		1145.86
Calculation_Time:		20.55
Total_Iterations:		8953
ConstraintSet:			P1

-------------------------------------------------------------------------------------------------------------------
Tour_Id:			1
No_of_Customers:		7
No_of_Items:			21
Customer_Sequence:		6 34 19 14 42 20 44 

CustId	Id	TypeId	Rotated	x	y	z	Length	Width	Height	mass	Fragility	LoadBearingStrength
44	147	9	0	0	0	0	15	2	7	177.19	0		20.285395
44	146	8	0	0	2	0	15	2	4	65.94	0		10.033405
20	74	10	0	0	4	0	14	4	8	360.48	0		37.408191
20	70	5	0	0	8	0	6	4	6	116.16	0		14.888442
20	71	6	0	0	12	0	17	4	7	687.94	1		10.363000
20	72	6	0	0	16	0	17	4	7	687.94	1		10.363000
20	73	6	0	0	20	0	17	4	7	687.94	1		10.363000
42	141	7	0	14	4	0	14	6	6	244.34	0		15.678173
42	140	1	0	14	4	6	17	6	4	761.90	0		115.292788
42	142	8	0	0	2	4	15	2	4	65.94	0		10.033405
14	49	4	0	14	4	10	14	3	4	124.06	0		47.815706
14	50	6	0	0	12	7	17	4	7	687.94	1		10.363000
19	68	7	0	17	10	0	14	6	6	244.34	0		15.678173
19	69	7	0	17	16	0	14	6	6	244.34	0		15.678173
19	67	6	0	0	16	7	17	4	7	687.94	1		10.363000
34	112	1	0	17	10	6	17	6	4	761.90	0		115.292788
34	114	8	0	0	0	7	15	2	4	65.94	0		10.033405
34	113	6	0	0	20	7	17	4	7	687.94	1		10.363000
6	21	7	0	17	16	6	14	6	6	244.34	0		15.678173
6	22	8	0	0	2	8	15	2	4	65.94	0		10.033405
6	20	6	0	0	12	14	17	4	7	687.94	1		10.363000


-------------------------------------------------------------------------------------------------------------------
Tour_Id:			2
No_of_Customers:		5
No_of_Items:			15
Customer_Sequence:		26 32 5 23 2 

CustId	Id	TypeId	Rotated	x	y	z	Length	Width	Height	mass	Fragility	LoadBearingStrength
2	6	7	0	0	0	0	14	6	6	244.34	0		15.678173
2	8	10	0	0	6	0	14	4	8	360.48	0		37.408191
2	7	8	0	0	10	0	15	2	4	65.94	0		10.033405
23	81	7	0	0	12	0	14	6	6	244.34	0		15.678173
23	82	10	0	0	18	0	14	4	8	360.48	0		37.408191
23	80	4	0	0	22	0	14	3	4	124.06	0		47.815706
5	19	10	0	0	0	6	14	4	8	360.48	0		37.408191
5	17	1	0	0	12	6	17	6	4	761.90	0		115.292788
5	18	6	0	0	6	8	17	4	7	687.94	1		10.363000
32	106	1	0	0	12	10	17	6	4	761.90	0		115.292788
32	108	9	0	0	10	4	15	2	7	177.19	0		20.285395
32	107	2	0	0	18	8	6	5	7	74.44	1		5.067042
26	88	1	0	0	12	14	17	6	4	761.90	0		115.292788
26	89	1	0	0	12	18	17	6	4	761.90	0		115.292788
26	90	4	0	0	0	14	14	3	4	124.06	0		47.815706


-------------------------------------------------------------------------------------------------------------------
Tour_Id:			3
No_of_Customers:		8
No_of_Items:			27
Customer_Sequence:		33 25 35 43 13 7 11 27 

CustId	Id	TypeId	Rotated	x	y	z	Length	Width	Height	mass	Fragility	LoadBearingStrength
27	93	10	0	0	0	0	14	4	8	360.48	0		37.408191
27	91	9	0	0	4	0	15	2	7	177.19	0		20.285395
27	92	9	0	0	6	0	15	2	7	177.19	0		20.285395
11	40	7	0	0	8	0	14	6	6	244.34	0		15.678173
11	38	1	0	0	14	0	17	6	4	761.90	0		115.292788
11	39	5	0	0	20	0	6	4	6	116.16	0		14.888442
7	23	1	0	0	14	4	17	6	4	761.90	0		115.292788
7	26	8	0	0	8	6	15	2	4	65.94	0		10.033405
7	27	8	0	0	10	6	15	2	4	65.94	0		10.033405
7	24	2	0	0	20	6	6	5	7	74.44	1		5.067042
7	25	2	0	0	0	8	6	5	7	74.44	1		5.067042
13	48	10	0	0	14	8	14	4	8	360.48	0		37.408191
13	44	1	0	15	0	0	17	6	4	761.90	0		115.292788
13	47	8	0	0	12	6	15	2	4	65.94	0		10.033405
13	45	2	0	0	8	10	6	5	7	74.44	1		5.067042
13	46	2	0	0	20	13	6	5	7	74.44	1		5.067042
43	145	7	0	15	6	0	14	6	6	244.34	0		15.678173
43	143	4	0	0	5	7	14	3	4	124.06	0		47.815706
43	144	4	0	0	5	11	14	3	4	124.06	0		47.815706
35	115	3	0	15	6	6	15	7	7	622.70	0		29.629545
35	116	3	0	14	6	13	15	7	7	622.70	0		29.629545
35	117	8	0	0	18	8	15	2	4	65.94	0		10.033405
25	87	7	0	14	6	20	14	6	6	244.34	0		15.678173
25	86	1	0	14	6	26	17	6	4	761.90	0		115.292788
33	109	3	0	17	13	0	15	7	7	622.70	0		29.629545
33	110	3	0	17	13	7	15	7	7	622.70	0		29.629545
33	111	5	0	0	13	16	6	4	6	116.16	0		14.888442


-------------------------------------------------------------------------------------------------------------------
Tour_Id:			4
No_of_Customers:		5
No_of_Items:			17
Customer_Sequence:		53 57 17 59 28 

CustId	Id	TypeId	Rotated	x	y	z	Length	Width	Height	mass	Fragility	LoadBearingStrength
28	94	3	0	0	0	0	15	7	7	622.70	0		29.629545
28	96	10	0	0	7	0	14	4	8	360.48	0		37.408191
28	95	9	0	0	11	0	15	2	7	177.19	0		20.285395
59	194	7	0	0	13	0	14	6	6	244.34	0		15.678173
59	195	7	0	0	19	0	14	6	6	244.34	0		15.678173
59	193	4	0	0	13	6	14	3	4	124.06	0		47.815706
59	196	8	0	0	16	6	15	2	4	65.94	0		10.033405
17	63	10	0	0	18	6	14	4	8	360.48	0		37.408191
17	60	1	0	0	0	7	17	6	4	761.90	0		115.292788
17	61	2	0	0	6	8	6	5	7	74.44	1		5.067042
17	62	2	0	0	13	10	6	5	7	74.44	1		5.067042
57	187	7	0	0	0	11	14	6	6	244.34	0		15.678173
57	188	9	0	0	22	6	15	2	7	177.19	0		20.285395
57	186	6	0	0	18	14	17	4	7	687.94	1		10.363000
53	173	9	0	0	11	7	15	2	7	177.19	0		20.285395
53	172	5	0	0	0	17	6	4	6	116.16	0		14.888442
53	171	2	0	0	6	15	6	5	7	74.44	1		5.067042


-------------------------------------------------------------------------------------------------------------------
Tour_Id:			5
No_of_Customers:		5
No_of_Items:			20
Customer_Sequence:		30 16 41 36 18 

CustId	Id	TypeId	Rotated	x	y	z	Length	Width	Height	mass	Fragility	LoadBearingStrength
18	65	5	0	0	0	0	6	4	6	116.16	0		14.888442
18	66	8	0	0	4	0	15	2	4	65.94	0		10.033405
18	64	2	0	0	6	0	6	5	7	74.44	1		5.067042
36	118	1	0	0	11	0	17	6	4	761.90	0		115.292788
36	119	9	0	0	17	0	15	2	7	177.19	0		20.285395
36	120	9	0	0	19	0	15	2	7	177.19	0		20.285395
41	136	3	0	15	0	0	15	7	7	622.70	0		29.629545
41	139	10	0	0	21	0	14	4	8	360.48	0		37.408191
41	137	5	0	0	11	4	6	4	6	116.16	0		14.888442
41	138	5	0	0	0	6	6	4	6	116.16	0		14.888442
16	58	7	0	6	11	4	14	6	6	244.34	0		15.678173
16	59	10	0	0	17	7	14	4	8	360.48	0		37.408191
16	56	5	0	0	21	8	6	4	6	116.16	0		14.888442
16	57	5	0	0	11	10	6	4	6	116.16	0		14.888442
16	55	2	0	0	6	7	6	5	7	74.44	1		5.067042
30	99	1	0	6	11	10	17	6	4	761.90	0		115.292788
30	103	9	0	0	17	15	15	2	7	177.19	0		20.285395
30	101	5	0	0	0	12	6	4	6	116.16	0		14.888442
30	102	6	0	6	11	14	17	4	7	687.94	1		10.363000
30	100	2	0	0	6	14	6	5	7	74.44	1		5.067042


-------------------------------------------------------------------------------------------------------------------
Tour_Id:			6
No_of_Customers:		4
No_of_Items:			15
Customer_Sequence:		48 22 3 54 

CustId	Id	TypeId	Rotated	x	y	z	Length	Width	Height	mass	Fragility	LoadBearingStrength
54	176	3	0	0	0	0	15	7	7	622.70	0		29.629545
54	174	1	0	0	7	0	17	6	4	761.90	0		115.292788
54	177	5	0	0	13	0	6	4	6	116.16	0		14.888442
54	175	2	0	0	17	0	6	5	7	74.44	1		5.067042
3	9	3	0	0	0	7	15	7	7	622.70	0		29.629545
3	13	9	0	0	22	0	15	2	7	177.19	0		20.285395
3	10	5	0	0	7	4	6	4	6	116.16	0		14.888442
3	11	5	0	0	13	6	6	4	6	116.16	0		14.888442
3	12	8	0	0	11	4	15	2	4	65.94	0		10.033405
22	79	7	0	0	0	14	14	6	6	244.34	0		15.678173
22	77	1	0	0	0	20	17	6	4	761.90	0		115.292788
22	78	2	0	0	17	7	6	5	7	74.44	1		5.067042
48	158	3	0	6	13	0	15	7	7	622.70	0		29.629545
48	159	7	0	0	0	24	14	6	6	244.34	0		15.678173
48	160	10	0	6	7	4	14	4	8	360.48	0		37.408191


-------------------------------------------------------------------------------------------------------------------
Tour_Id:			7
No_of_Customers:		6
No_of_Items:			21
Customer_Sequence:		1 10 58 56 9 31 

CustId	Id	TypeId	Rotated	x	y	z	Length	Width	Height	mass	Fragility	LoadBearingStrength
31	104	8	0	0	0	0	15	2	4	65.94	0		10.033405
31	105	8	0	0	2	0	15	2	4	65.94	0		10.033405
9	35	7	0	0	4	0	14	6	6	244.34	0		15.678173
9	32	4	0	0	10	0	14	3	4	124.06	0		47.815706
9	33	5	0	0	13	0	6	4	6	116.16	0		14.888442
9	34	6	0	0	17	0	17	4	7	687.94	1		10.363000
56	185	10	0	0	21	0	14	4	8	360.48	0		37.408191
56	182	1	0	0	4	6	17	6	4	761.90	0		115.292788
56	184	5	0	0	0	4	6	4	6	116.16	0		14.888442
56	183	2	0	0	0	10	6	5	7	74.44	1		5.067042
58	192	10	0	0	21	8	14	4	8	360.48	0		37.408191
58	189	1	0	0	5	10	17	6	4	761.90	0		115.292788
58	190	4	0	0	10	4	14	3	4	124.06	0		47.815706
58	191	4	0	0	5	14	14	3	4	124.06	0		47.815706
10	36	7	0	17	0	0	14	6	6	244.34	0		15.678173
10	37	9	0	0	11	8	15	2	7	177.19	0		20.285395
1	1	3	0	17	6	0	15	7	7	622.70	0		29.629545
1	3	7	0	17	13	0	14	6	6	244.34	0		15.678173
1	4	10	0	0	21	16	14	4	8	360.48	0		37.408191
1	5	10	0	0	5	18	14	4	8	360.48	0		37.408191
1	2	5	0	0	13	6	6	4	6	116.16	0		14.888442


-------------------------------------------------------------------------------------------------------------------
Tour_Id:			8
No_of_Customers:		5
No_of_Items:			17
Customer_Sequence:		15 38 52 46 29 

CustId	Id	TypeId	Rotated	x	y	z	Length	Width	Height	mass	Fragility	LoadBearingStrength
29	97	1	0	0	0	0	17	6	4	761.90	0		115.292788
29	98	6	0	0	6	0	17	4	7	687.94	1		10.363000
46	155	10	0	0	10	0	14	4	8	360.48	0		37.408191
46	153	4	0	0	14	0	14	3	4	124.06	0		47.815706
46	154	5	0	0	17	0	6	4	6	116.16	0		14.888442
46	152	2	0	0	0	4	6	5	7	74.44	1		5.067042
52	170	9	0	0	21	0	15	2	7	177.19	0		20.285395
52	169	8	0	0	23	0	15	2	4	65.94	0		10.033405
38	126	4	0	0	14	4	14	3	4	124.06	0		47.815706
38	127	4	0	0	10	8	14	3	4	124.06	0		47.815706
38	128	8	0	0	23	4	15	2	4	65.94	0		10.033405
38	124	2	0	0	13	8	6	5	7	74.44	1		5.067042
38	125	2	0	0	0	11	6	5	7	74.44	1		5.067042
15	52	7	0	6	0	4	14	6	6	244.34	0		15.678173
15	53	7	0	6	0	10	14	6	6	244.34	0		15.678173
15	54	8	0	0	21	7	15	2	4	65.94	0		10.033405
15	51	2	0	0	5	7	6	5	7	74.44	1		5.067042


-------------------------------------------------------------------------------------------------------------------
Tour_Id:			9
No_of_Customers:		3
No_of_Items:			9
Customer_Sequence:		47 12 45 

CustId	Id	TypeId	Rotated	x	y	z	Length	Width	Height	mass	Fragility	LoadBearingStrength
45	148	3	0	0	0	0	15	7	7	622.70	0		29.629545
45	150	9	0	0	7	0	15	2	7	177.19	0		20.285395
45	151	9	0	0	9	0	15	2	7	177.19	0		20.285395
45	149	8	0	0	11	0	15	2	4	65.94	0		10.033405
12	43	3	0	0	13	0	15	7	7	622.70	0		29.629545
12	41	1	0	0	0	7	17	6	4	761.90	0		115.292788
12	42	2	0	0	20	0	6	5	7	74.44	1		5.067042
47	156	5	0	0	6	7	6	4	6	116.16	0		14.888442
47	157	6	0	0	13	7	17	4	7	687.94	1		10.363000


-------------------------------------------------------------------------------------------------------------------
Tour_Id:			10
No_of_Customers:		5
No_of_Items:			15
Customer_Sequence:		4 49 60 37 24 

CustId	Id	TypeId	Rotated	x	y	z	Length	Width	Height	mass	Fragility	LoadBearingStrength
24	84	7	0	0	0	0	14	6	6	244.34	0		15.678173
24	85	9	0	0	6	0	15	2	7	177.19	0		20.285395
24	83	2	0	0	8	0	6	5	7	74.44	1		5.067042
37	122	7	0	0	13	0	14	6	6	244.34	0		15.678173
37	123	10	0	0	19	0	14	4	8	360.48	0		37.408191
37	121	2	0	0	0	6	6	5	7	74.44	1		5.067042
60	199	7	0	0	13	6	14	6	6	244.34	0		15.678173
60	200	10	0	0	19	8	14	4	8	360.48	0		37.408191
60	197	5	0	0	13	12	6	4	6	116.16	0		14.888442
60	198	5	0	0	19	16	6	4	6	116.16	0		14.888442
49	162	8	0	0	23	0	15	2	4	65.94	0		10.033405
49	161	6	0	6	8	0	17	4	7	687.94	1		10.363000
4	15	3	0	14	12	0	15	7	7	622.70	0		29.629545
4	16	10	0	14	0	0	14	4	8	360.48	0		37.408191
4	14	2	0	0	5	7	6	5	7	74.44	1		5.067042


-------------------------------------------------------------------------------------------------------------------
Tour_Id:			11
No_of_Customers:		4
No_of_Items:			12
Customer_Sequence:		40 55 51 21 

CustId	Id	TypeId	Rotated	x	y	z	Length	Width	Height	mass	Fragility	LoadBearingStrength
21	75	9	0	0	0	0	15	2	7	177.19	0		20.285395
21	76	9	0	0	2	0	15	2	7	177.19	0		20.285395
51	166	3	0	0	4	0	15	7	7	622.70	0		29.629545
51	168	8	0	0	11	0	15	2	4	65.94	0		10.033405
51	167	6	0	0	13	0	17	4	7	687.94	1		10.363000
55	178	3	0	0	17	0	15	7	7	622.70	0		29.629545
55	179	7	0	0	0	7	14	6	6	244.34	0		15.678173
55	180	7	0	0	6	7	14	6	6	244.34	0		15.678173
55	181	9	0	0	17	7	15	2	7	177.19	0		20.285395
40	133	5	0	0	19	7	6	4	6	116.16	0		14.888442
40	134	5	0	0	0	13	6	4	6	116.16	0		14.888442
40	135	8	0	0	4	13	15	2	4	65.94	0		10.033405


-------------------------------------------------------------------------------------------------------------------
Tour_Id:			12
No_of_Customers:		3
No_of_Items:			11
Customer_Sequence:		39 50 8 

CustId	Id	TypeId	Rotated	x	y	z	Length	Width	Height	mass	Fragility	LoadBearingStrength
8	28	1	0	0	0	0	17	6	4	761.90	0		115.292788
8	31	9	0	0	6	0	15	2	7	177.19	0		20.285395
8	30	4	0	0	8	0	14	3	4	124.06	0		47.815706
8	29	2	0	0	11	0	6	5	7	74.44	1		5.067042
50	165	9	0	0	16	0	15	2	7	177.19	0		20.285395
50	163	4	0	0	18	0	14	3	4	124.06	0		47.815706
50	164	6	0	0	21	0	17	4	7	687.94	1		10.363000
39	130	3	0	14	8	0	15	7	7	622.70	0		29.629545
39	131	7	0	0	0	4	14	6	6	244.34	0		15.678173
39	132	7	0	0	0	10	14	6	6	244.34	0		15.678173
39	129	1	0	0	0	16	17	6	4	761.90	0		115.292788


