Name:				093_n060_m200_bt3
Problem:			3L-VRPTW
Number_of_used_Vehicles:	15
Total_Travel_Distance:		1062.98
Calculation_Time:		735.61
Total_Iterations:		21898
ConstraintSet:			P1

-------------------------------------------------------------------------------------------------------------------
Tour_Id:			1
No_of_Customers:		3
No_of_Items:			13
Customer_Sequence:		13 33 37 

CustId	Id	TypeId	Rotated	x	y	z	Length	Width	Height	mass	Fragility	LoadBearingStrength
37	125	3	0	0	0	0	21	13	12	431.09	0		27.860383
37	124	2	0	0	13	0	22	12	12	634.14	0		55.292242
37	122	1	0	0	0	12	18	6	8	285.28	1		3.389784
37	123	1	0	0	6	12	18	6	8	285.28	1		3.389784
33	113	3	0	0	12	12	21	13	12	431.09	0		27.860383
33	114	3	0	21	0	0	21	13	12	431.09	0		27.860383
33	110	1	0	0	0	20	18	6	8	285.28	1		3.389784
33	111	1	0	0	6	20	18	6	8	285.28	1		3.389784
13	46	3	0	21	0	12	21	13	12	431.09	0		27.860383
33	112	1	0	22	13	0	18	6	8	285.28	1		3.389784
13	47	3	1	42	0	0	21	13	12	431.09	0		27.860383
13	48	3	1	42	0	12	21	13	12	431.09	0		27.860383
13	45	1	0	22	19	0	18	6	8	285.28	1		3.389784


-------------------------------------------------------------------------------------------------------------------
Tour_Id:			2
No_of_Customers:		4
No_of_Items:			11
Customer_Sequence:		5 54 27 52 

CustId	Id	TypeId	Rotated	x	y	z	Length	Width	Height	mass	Fragility	LoadBearingStrength
52	176	3	0	0	0	0	21	13	12	431.09	0		27.860383
52	175	1	0	0	13	0	18	6	8	285.28	1		3.389784
27	90	2	0	0	0	12	22	12	12	634.14	0		55.292242
27	91	2	0	18	13	0	22	12	12	634.14	0		55.292242
27	89	1	0	0	19	0	18	6	8	285.28	1		3.389784
54	182	3	0	22	0	0	21	13	12	431.09	0		27.860383
54	181	2	0	18	13	12	22	12	12	634.14	0		55.292242
54	180	1	0	22	0	12	18	6	8	285.28	1		3.389784
5	19	3	1	43	0	0	21	13	12	431.09	0		27.860383
5	18	2	1	40	0	12	22	12	12	634.14	0		55.292242
5	17	1	0	22	6	12	18	6	8	285.28	1		3.389784


-------------------------------------------------------------------------------------------------------------------
Tour_Id:			3
No_of_Customers:		4
No_of_Items:			16
Customer_Sequence:		15 49 51 18 

CustId	Id	TypeId	Rotated	x	y	z	Length	Width	Height	mass	Fragility	LoadBearingStrength
18	63	2	0	0	0	0	22	12	12	634.14	0		55.292242
18	64	2	0	0	12	0	22	12	12	634.14	0		55.292242
18	60	1	0	0	0	12	18	6	8	285.28	1		3.389784
18	61	1	0	0	6	12	18	6	8	285.28	1		3.389784
18	62	1	0	0	12	12	18	6	8	285.28	1		3.389784
51	174	3	0	22	0	0	21	13	12	431.09	0		27.860383
51	171	1	0	0	18	12	18	6	8	285.28	1		3.389784
51	172	1	0	0	0	20	18	6	8	285.28	1		3.389784
51	173	1	0	0	6	20	18	6	8	285.28	1		3.389784
49	165	3	0	18	0	12	21	13	12	431.09	0		27.860383
49	164	2	0	22	13	0	22	12	12	634.14	0		55.292242
49	162	1	0	0	12	20	18	6	8	285.28	1		3.389784
49	163	1	0	0	18	20	18	6	8	285.28	1		3.389784
15	53	3	1	44	0	0	21	13	12	431.09	0		27.860383
15	54	3	0	39	0	12	21	13	12	431.09	0		27.860383
15	52	1	0	18	13	12	18	6	8	285.28	1		3.389784


-------------------------------------------------------------------------------------------------------------------
Tour_Id:			4
No_of_Customers:		4
No_of_Items:			18
Customer_Sequence:		57 4 12 50 

CustId	Id	TypeId	Rotated	x	y	z	Length	Width	Height	mass	Fragility	LoadBearingStrength
50	168	3	0	0	0	0	21	13	12	431.09	0		27.860383
50	169	3	0	0	0	12	21	13	12	431.09	0		27.860383
12	41	1	0	0	13	0	18	6	8	285.28	1		3.389784
50	166	1	0	0	19	0	18	6	8	285.28	1		3.389784
4	15	2	0	18	13	0	22	12	12	634.14	0		55.292242
12	40	1	0	0	13	8	18	6	8	285.28	1		3.389784
12	42	1	0	0	19	8	18	6	8	285.28	1		3.389784
50	170	3	0	21	0	0	21	13	12	431.09	0		27.860383
12	43	1	0	0	13	16	18	6	8	285.28	1		3.389784
50	167	1	0	21	0	12	18	6	8	285.28	1		3.389784
4	16	3	0	21	6	12	21	13	12	431.09	0		27.860383
12	44	1	0	0	19	16	18	6	8	285.28	1		3.389784
57	189	2	1	42	0	0	22	12	12	634.14	0		55.292242
57	190	3	1	42	0	12	21	13	12	431.09	0		27.860383
4	14	1	0	18	19	12	18	6	8	285.28	1		3.389784
4	13	1	0	18	19	20	18	6	8	285.28	1		3.389784
4	12	1	0	21	0	20	18	6	8	285.28	1		3.389784
57	188	1	1	54	0	0	18	6	8	285.28	1		3.389784


-------------------------------------------------------------------------------------------------------------------
Tour_Id:			5
No_of_Customers:		5
No_of_Items:			15
Customer_Sequence:		9 34 40 43 48 

CustId	Id	TypeId	Rotated	x	y	z	Length	Width	Height	mass	Fragility	LoadBearingStrength
48	161	3	0	0	0	0	21	13	12	431.09	0		27.860383
48	160	2	0	0	13	0	22	12	12	634.14	0		55.292242
43	147	3	0	0	0	12	21	13	12	431.09	0		27.860383
43	146	1	0	0	13	12	18	6	8	285.28	1		3.389784
40	138	2	0	21	0	0	22	12	12	634.14	0		55.292242
40	139	2	0	21	0	12	22	12	12	634.14	0		55.292242
40	135	1	0	0	19	12	18	6	8	285.28	1		3.389784
40	136	1	0	0	13	20	18	6	8	285.28	1		3.389784
40	137	1	0	0	19	20	18	6	8	285.28	1		3.389784
34	116	2	0	22	13	0	22	12	12	634.14	0		55.292242
34	115	1	0	18	13	12	18	6	8	285.28	1		3.389784
9	31	3	1	44	0	0	21	13	12	431.09	0		27.860383
9	30	2	0	36	12	12	22	12	12	634.14	0		55.292242
9	28	1	0	18	19	12	18	6	8	285.28	1		3.389784
9	29	1	0	18	13	20	18	6	8	285.28	1		3.389784


-------------------------------------------------------------------------------------------------------------------
Tour_Id:			6
No_of_Customers:		4
No_of_Items:			14
Customer_Sequence:		46 60 44 6 

CustId	Id	TypeId	Rotated	x	y	z	Length	Width	Height	mass	Fragility	LoadBearingStrength
6	22	3	0	0	0	0	21	13	12	431.09	0		27.860383
6	21	2	0	0	13	0	22	12	12	634.14	0		55.292242
6	20	1	0	0	0	12	18	6	8	285.28	1		3.389784
44	150	3	0	0	6	12	21	13	12	431.09	0		27.860383
60	200	3	0	21	0	0	21	13	12	431.09	0		27.860383
44	149	2	0	22	13	0	22	12	12	634.14	0		55.292242
44	148	2	0	22	13	12	22	12	12	634.14	0		55.292242
60	198	1	0	0	0	20	18	6	8	285.28	1		3.389784
60	199	1	0	18	0	12	18	6	8	285.28	1		3.389784
46	155	1	0	18	0	20	18	6	8	285.28	1		3.389784
46	153	1	0	21	6	12	18	6	8	285.28	1		3.389784
46	157	3	1	44	0	0	21	13	12	431.09	0		27.860383
46	154	1	0	21	6	20	18	6	8	285.28	1		3.389784
46	156	2	1	44	0	12	22	12	12	634.14	0		55.292242


-------------------------------------------------------------------------------------------------------------------
Tour_Id:			7
No_of_Customers:		5
No_of_Items:			16
Customer_Sequence:		56 36 2 20 24 

CustId	Id	TypeId	Rotated	x	y	z	Length	Width	Height	mass	Fragility	LoadBearingStrength
24	82	3	0	0	0	0	21	13	12	431.09	0		27.860383
24	81	2	0	0	13	0	22	12	12	634.14	0		55.292242
24	80	1	0	0	0	12	18	6	8	285.28	1		3.389784
20	69	3	0	0	6	12	21	13	12	431.09	0		27.860383
20	68	2	0	21	0	0	22	12	12	634.14	0		55.292242
20	67	1	0	0	19	12	18	6	8	285.28	1		3.389784
2	8	2	0	21	0	12	22	12	12	634.14	0		55.292242
2	9	2	0	22	13	0	22	12	12	634.14	0		55.292242
2	5	1	0	0	0	20	18	6	8	285.28	1		3.389784
2	6	1	0	0	19	20	18	6	8	285.28	1		3.389784
2	7	1	0	18	19	12	18	6	8	285.28	1		3.389784
36	119	1	0	18	19	20	18	6	8	285.28	1		3.389784
36	120	1	0	21	12	12	18	6	8	285.28	1		3.389784
36	121	1	0	21	12	20	18	6	8	285.28	1		3.389784
56	187	3	1	44	0	0	21	13	12	431.09	0		27.860383
56	186	2	1	43	0	12	22	12	12	634.14	0		55.292242


-------------------------------------------------------------------------------------------------------------------
Tour_Id:			8
No_of_Customers:		4
No_of_Items:			12
Customer_Sequence:		16 38 14 11 

CustId	Id	TypeId	Rotated	x	y	z	Length	Width	Height	mass	Fragility	LoadBearingStrength
11	39	3	0	0	0	0	21	13	12	431.09	0		27.860383
11	37	2	0	0	13	0	22	12	12	634.14	0		55.292242
11	38	2	0	0	0	12	22	12	12	634.14	0		55.292242
14	50	1	0	0	12	12	18	6	8	285.28	1		3.389784
14	51	2	0	22	0	0	22	12	12	634.14	0		55.292242
38	127	2	0	22	12	0	22	12	12	634.14	0		55.292242
38	129	3	0	18	12	12	21	13	12	431.09	0		27.860383
38	128	2	0	22	0	12	22	12	12	634.14	0		55.292242
14	49	1	0	0	18	12	18	6	8	285.28	1		3.389784
38	126	1	0	0	12	20	18	6	8	285.28	1		3.389784
16	55	2	1	44	0	0	22	12	12	634.14	0		55.292242
16	56	2	1	44	0	12	22	12	12	634.14	0		55.292242


-------------------------------------------------------------------------------------------------------------------
Tour_Id:			9
No_of_Customers:		4
No_of_Items:			12
Customer_Sequence:		19 28 23 1 

CustId	Id	TypeId	Rotated	x	y	z	Length	Width	Height	mass	Fragility	LoadBearingStrength
1	3	2	0	0	0	0	22	12	12	634.14	0		55.292242
1	4	2	0	0	12	0	22	12	12	634.14	0		55.292242
1	1	1	0	0	0	12	18	6	8	285.28	1		3.389784
1	2	1	0	0	6	12	18	6	8	285.28	1		3.389784
23	79	3	0	0	12	12	21	13	12	431.09	0		27.860383
23	78	2	0	22	0	0	22	12	12	634.14	0		55.292242
23	77	1	0	0	0	20	18	6	8	285.28	1		3.389784
28	93	3	0	21	0	12	21	13	12	431.09	0		27.860383
28	94	3	0	22	12	0	21	13	12	431.09	0		27.860383
28	92	1	0	0	6	20	18	6	8	285.28	1		3.389784
19	66	3	1	44	0	0	21	13	12	431.09	0		27.860383
19	65	2	0	21	13	12	22	12	12	634.14	0		55.292242


-------------------------------------------------------------------------------------------------------------------
Tour_Id:			10
No_of_Customers:		4
No_of_Items:			16
Customer_Sequence:		32 45 39 10 

CustId	Id	TypeId	Rotated	x	y	z	Length	Width	Height	mass	Fragility	LoadBearingStrength
10	36	3	0	0	0	0	21	13	12	431.09	0		27.860383
10	35	2	0	0	13	0	22	12	12	634.14	0		55.292242
10	32	1	0	0	0	12	18	6	8	285.28	1		3.389784
10	33	1	0	0	6	12	18	6	8	285.28	1		3.389784
10	34	1	0	0	12	12	18	6	8	285.28	1		3.389784
39	134	3	0	21	0	0	21	13	12	431.09	0		27.860383
39	130	1	0	0	18	12	18	6	8	285.28	1		3.389784
39	131	1	0	0	0	20	18	6	8	285.28	1		3.389784
39	132	1	0	0	6	20	18	6	8	285.28	1		3.389784
39	133	1	0	0	12	20	18	6	8	285.28	1		3.389784
45	152	3	0	18	0	12	21	13	12	431.09	0		27.860383
45	151	2	0	22	13	0	22	12	12	634.14	0		55.292242
32	108	2	0	18	13	12	22	12	12	634.14	0		55.292242
32	109	2	1	44	0	0	22	12	12	634.14	0		55.292242
32	106	1	0	0	18	20	18	6	8	285.28	1		3.389784
32	107	1	0	39	0	12	18	6	8	285.28	1		3.389784


-------------------------------------------------------------------------------------------------------------------
Tour_Id:			11
No_of_Customers:		6
No_of_Items:			17
Customer_Sequence:		58 53 47 41 26 29 

CustId	Id	TypeId	Rotated	x	y	z	Length	Width	Height	mass	Fragility	LoadBearingStrength
29	95	2	0	0	0	0	22	12	12	634.14	0		55.292242
29	96	2	0	0	12	0	22	12	12	634.14	0		55.292242
47	159	1	0	0	0	12	18	6	8	285.28	1		3.389784
26	87	1	0	0	6	12	18	6	8	285.28	1		3.389784
26	86	1	0	0	12	12	18	6	8	285.28	1		3.389784
41	141	2	0	22	0	0	22	12	12	634.14	0		55.292242
47	158	1	0	0	18	12	18	6	8	285.28	1		3.389784
26	85	1	0	0	6	20	18	6	8	285.28	1		3.389784
26	88	3	0	22	12	0	21	13	12	431.09	0		27.860383
41	142	3	1	44	0	0	21	13	12	431.09	0		27.860383
41	140	1	0	0	12	20	18	6	8	285.28	1		3.389784
53	178	3	0	18	0	12	21	13	12	431.09	0		27.860383
53	179	3	0	39	0	12	21	13	12	431.09	0		27.860383
53	177	1	0	0	0	20	18	6	8	285.28	1		3.389784
58	193	2	0	18	13	12	22	12	12	634.14	0		55.292242
58	191	1	0	0	18	20	18	6	8	285.28	1		3.389784
58	192	1	0	40	13	12	18	6	8	285.28	1		3.389784


-------------------------------------------------------------------------------------------------------------------
Tour_Id:			12
No_of_Customers:		4
No_of_Items:			10
Customer_Sequence:		17 35 22 3 

CustId	Id	TypeId	Rotated	x	y	z	Length	Width	Height	mass	Fragility	LoadBearingStrength
3	10	3	0	0	0	0	21	13	12	431.09	0		27.860383
3	11	3	0	0	0	12	21	13	12	431.09	0		27.860383
22	75	3	0	21	0	0	21	13	12	431.09	0		27.860383
22	76	3	0	21	0	12	21	13	12	431.09	0		27.860383
22	74	1	0	0	13	0	18	6	8	285.28	1		3.389784
35	118	2	0	18	13	0	22	12	12	634.14	0		55.292242
35	117	1	0	0	19	0	18	6	8	285.28	1		3.389784
17	59	3	1	42	0	0	21	13	12	431.09	0		27.860383
17	57	1	0	18	13	12	18	6	8	285.28	1		3.389784
17	58	1	0	18	19	12	18	6	8	285.28	1		3.389784


-------------------------------------------------------------------------------------------------------------------
Tour_Id:			13
No_of_Customers:		4
No_of_Items:			13
Customer_Sequence:		7 59 42 21 

CustId	Id	TypeId	Rotated	x	y	z	Length	Width	Height	mass	Fragility	LoadBearingStrength
21	72	2	0	0	0	0	22	12	12	634.14	0		55.292242
21	73	2	0	0	12	0	22	12	12	634.14	0		55.292242
21	70	1	0	0	0	12	18	6	8	285.28	1		3.389784
21	71	1	0	0	6	12	18	6	8	285.28	1		3.389784
42	145	3	0	0	12	12	21	13	12	431.09	0		27.860383
42	144	2	0	22	0	0	22	12	12	634.14	0		55.292242
42	143	1	0	0	0	20	18	6	8	285.28	1		3.389784
59	196	3	0	21	0	12	21	13	12	431.09	0		27.860383
59	197	3	0	22	12	0	21	13	12	431.09	0		27.860383
59	194	1	0	0	6	20	18	6	8	285.28	1		3.389784
59	195	1	0	21	13	12	18	6	8	285.28	1		3.389784
7	24	3	1	44	0	0	21	13	12	431.09	0		27.860383
7	23	1	0	21	19	12	18	6	8	285.28	1		3.389784


-------------------------------------------------------------------------------------------------------------------
Tour_Id:			14
No_of_Customers:		3
No_of_Items:			11
Customer_Sequence:		8 55 31 

CustId	Id	TypeId	Rotated	x	y	z	Length	Width	Height	mass	Fragility	LoadBearingStrength
31	103	3	0	0	0	0	21	13	12	431.09	0		27.860383
31	104	3	0	0	0	12	21	13	12	431.09	0		27.860383
31	105	3	0	21	0	0	21	13	12	431.09	0		27.860383
31	101	1	0	0	13	0	18	6	8	285.28	1		3.389784
31	102	1	0	0	19	0	18	6	8	285.28	1		3.389784
55	185	3	0	21	0	12	21	13	12	431.09	0		27.860383
55	184	2	0	18	13	0	22	12	12	634.14	0		55.292242
55	183	1	0	0	13	8	18	6	8	285.28	1		3.389784
8	27	3	1	42	0	0	21	13	12	431.09	0		27.860383
8	25	2	0	18	13	12	22	12	12	634.14	0		55.292242
8	26	2	1	42	0	12	22	12	12	634.14	0		55.292242


-------------------------------------------------------------------------------------------------------------------
Tour_Id:			15
No_of_Customers:		2
No_of_Items:			6
Customer_Sequence:		30 25 

CustId	Id	TypeId	Rotated	x	y	z	Length	Width	Height	mass	Fragility	LoadBearingStrength
25	84	3	0	0	0	0	21	13	12	431.09	0		27.860383
25	83	1	0	0	13	0	18	6	8	285.28	1		3.389784
30	100	3	0	0	0	12	21	13	12	431.09	0		27.860383
30	99	2	0	18	13	0	22	12	12	634.14	0		55.292242
30	97	1	0	0	19	0	18	6	8	285.28	1		3.389784
30	98	1	0	0	13	8	18	6	8	285.28	1		3.389784


