Name:				095_n060_m200_bt3
Problem:			3L-VRPTW
Number_of_used_Vehicles:	21
Total_Travel_Distance:		1543.43
Calculation_Time:		160.07
Total_Iterations:		21206
ConstraintSet:			P1

-------------------------------------------------------------------------------------------------------------------
Tour_Id:			1
No_of_Customers:		3
No_of_Items:			10
Customer_Sequence:		49 46 44 

CustId	Id	TypeId	Rotated	x	y	z	Length	Width	Height	mass	Fragility	LoadBearingStrength
44	141	3	0	0	0	0	18	5	13	699.61	0		38.837091
44	142	3	0	0	5	0	18	5	13	699.61	0		38.837091
44	143	3	0	0	10	0	18	5	13	699.61	0		38.837091
44	144	3	0	0	15	0	18	5	13	699.61	0		38.837091
46	149	2	0	0	0	13	23	12	14	1580.26	1		7.585698
46	150	2	0	23	0	0	23	12	14	1580.26	1		7.585698
49	159	1	0	18	12	0	35	13	11	917.89	0		7.682454
49	161	3	0	0	20	0	18	5	13	699.61	0		38.837091
49	162	3	0	0	12	13	18	5	13	699.61	0		38.837091
49	160	2	0	18	12	11	23	12	14	1580.26	1		7.585698


-------------------------------------------------------------------------------------------------------------------
Tour_Id:			2
No_of_Customers:		3
No_of_Items:			11
Customer_Sequence:		39 21 20 

CustId	Id	TypeId	Rotated	x	y	z	Length	Width	Height	mass	Fragility	LoadBearingStrength
20	61	2	0	0	0	0	23	12	14	1580.26	1		7.585698
20	62	3	0	0	12	0	18	5	13	699.61	0		38.837091
20	60	2	0	0	0	14	23	12	14	1580.26	1		7.585698
21	64	3	0	0	17	0	18	5	13	699.61	0		38.837091
20	59	1	0	23	0	0	35	13	11	917.89	0		7.682454
21	65	3	0	0	12	13	18	5	13	699.61	0		38.837091
21	66	3	0	0	17	13	18	5	13	699.61	0		38.837091
21	63	2	0	18	13	0	23	12	14	1580.26	1		7.585698
39	121	1	0	23	0	11	35	13	11	917.89	0		7.682454
39	122	3	0	41	13	0	18	5	13	699.61	0		38.837091
39	123	3	0	41	18	0	18	5	13	699.61	0		38.837091


-------------------------------------------------------------------------------------------------------------------
Tour_Id:			3
No_of_Customers:		3
No_of_Items:			10
Customer_Sequence:		17 32 28 

CustId	Id	TypeId	Rotated	x	y	z	Length	Width	Height	mass	Fragility	LoadBearingStrength
28	86	1	0	0	0	0	35	13	11	917.89	0		7.682454
32	100	1	0	0	0	11	35	13	11	917.89	0		7.682454
28	87	2	0	0	13	0	23	12	14	1580.26	1		7.585698
28	88	2	0	0	13	14	23	12	14	1580.26	1		7.585698
28	89	3	0	23	13	0	18	5	13	699.61	0		38.837091
32	102	3	0	23	18	0	18	5	13	699.61	0		38.837091
32	103	3	0	23	13	13	18	5	13	699.61	0		38.837091
32	101	2	0	35	0	0	23	12	14	1580.26	1		7.585698
17	51	3	0	23	18	13	18	5	13	699.61	0		38.837091
17	50	2	0	35	0	14	23	12	14	1580.26	1		7.585698


-------------------------------------------------------------------------------------------------------------------
Tour_Id:			4
No_of_Customers:		3
No_of_Items:			11
Customer_Sequence:		5 6 31 

CustId	Id	TypeId	Rotated	x	y	z	Length	Width	Height	mass	Fragility	LoadBearingStrength
31	95	1	0	0	0	0	35	13	11	917.89	0		7.682454
31	96	2	0	0	13	0	23	12	14	1580.26	1		7.585698
6	18	1	0	0	0	11	35	13	11	917.89	0		7.682454
31	99	3	0	23	13	0	18	5	13	699.61	0		38.837091
31	97	3	0	23	18	0	18	5	13	699.61	0		38.837091
5	16	3	0	23	13	13	18	5	13	699.61	0		38.837091
6	19	2	0	0	13	14	23	12	14	1580.26	1		7.585698
31	98	3	0	41	13	0	18	5	13	699.61	0		38.837091
5	17	3	0	23	18	13	18	5	13	699.61	0		38.837091
5	14	2	0	35	0	0	23	12	14	1580.26	1		7.585698
5	15	2	0	35	0	14	23	12	14	1580.26	1		7.585698


-------------------------------------------------------------------------------------------------------------------
Tour_Id:			5
No_of_Customers:		4
No_of_Items:			12
Customer_Sequence:		59 3 51 13 

CustId	Id	TypeId	Rotated	x	y	z	Length	Width	Height	mass	Fragility	LoadBearingStrength
13	37	2	0	0	0	0	23	12	14	1580.26	1		7.585698
13	39	3	0	0	12	0	18	5	13	699.61	0		38.837091
13	40	3	0	0	17	0	18	5	13	699.61	0		38.837091
51	166	2	0	0	0	14	23	12	14	1580.26	1		7.585698
51	167	3	0	0	12	13	18	5	13	699.61	0		38.837091
13	38	3	0	0	17	13	18	5	13	699.61	0		38.837091
3	8	1	0	18	12	0	35	13	11	917.89	0		7.682454
59	193	1	0	18	12	11	35	13	11	917.89	0		7.682454
3	10	2	0	23	0	0	23	12	14	1580.26	1		7.585698
3	9	2	0	23	0	14	23	12	14	1580.26	1		7.585698
59	194	3	1	53	0	0	18	5	13	699.61	0		38.837091
59	195	3	1	53	0	13	18	5	13	699.61	0		38.837091


-------------------------------------------------------------------------------------------------------------------
Tour_Id:			6
No_of_Customers:		2
No_of_Items:			7
Customer_Sequence:		36 41 

CustId	Id	TypeId	Rotated	x	y	z	Length	Width	Height	mass	Fragility	LoadBearingStrength
41	128	1	0	0	0	0	35	13	11	917.89	0		7.682454
36	111	1	0	0	0	11	35	13	11	917.89	0		7.682454
41	130	2	0	0	13	0	23	12	14	1580.26	1		7.585698
41	131	2	0	0	13	14	23	12	14	1580.26	1		7.585698
41	129	2	0	23	13	0	23	12	14	1580.26	1		7.585698
36	112	3	0	35	0	0	18	5	13	699.61	0		38.837091
36	113	3	0	35	5	0	18	5	13	699.61	0		38.837091


-------------------------------------------------------------------------------------------------------------------
Tour_Id:			7
No_of_Customers:		3
No_of_Items:			13
Customer_Sequence:		23 37 54 

CustId	Id	TypeId	Rotated	x	y	z	Length	Width	Height	mass	Fragility	LoadBearingStrength
54	175	1	0	0	0	0	35	13	11	917.89	0		7.682454
54	176	3	0	0	13	0	18	5	13	699.61	0		38.837091
54	177	3	0	0	18	0	18	5	13	699.61	0		38.837091
37	114	1	0	0	0	11	35	13	11	917.89	0		7.682454
54	179	3	0	0	13	13	18	5	13	699.61	0		38.837091
54	178	3	0	0	18	13	18	5	13	699.61	0		38.837091
37	116	3	0	18	13	0	18	5	13	699.61	0		38.837091
37	117	3	0	18	18	0	18	5	13	699.61	0		38.837091
37	115	2	0	35	0	0	23	12	14	1580.26	1		7.585698
23	71	3	0	18	13	13	18	5	13	699.61	0		38.837091
23	72	3	0	18	18	13	18	5	13	699.61	0		38.837091
23	73	3	0	36	12	0	18	5	13	699.61	0		38.837091
23	70	2	0	35	0	14	23	12	14	1580.26	1		7.585698


-------------------------------------------------------------------------------------------------------------------
Tour_Id:			8
No_of_Customers:		3
No_of_Items:			10
Customer_Sequence:		35 9 53 

CustId	Id	TypeId	Rotated	x	y	z	Length	Width	Height	mass	Fragility	LoadBearingStrength
53	172	2	0	0	0	0	23	12	14	1580.26	1		7.585698
53	174	3	0	0	12	0	18	5	13	699.61	0		38.837091
53	171	1	0	18	12	0	35	13	11	917.89	0		7.682454
53	173	2	0	0	0	14	23	12	14	1580.26	1		7.585698
9	27	1	0	18	12	11	35	13	11	917.89	0		7.682454
9	30	3	0	0	12	13	18	5	13	699.61	0		38.837091
9	28	2	0	23	0	0	23	12	14	1580.26	1		7.585698
9	29	2	0	23	0	14	23	12	14	1580.26	1		7.585698
35	109	3	1	53	0	0	18	5	13	699.61	0		38.837091
35	110	3	1	53	0	13	18	5	13	699.61	0		38.837091


-------------------------------------------------------------------------------------------------------------------
Tour_Id:			9
No_of_Customers:		4
No_of_Items:			10
Customer_Sequence:		25 11 29 12 

CustId	Id	TypeId	Rotated	x	y	z	Length	Width	Height	mass	Fragility	LoadBearingStrength
12	35	1	0	0	0	0	35	13	11	917.89	0		7.682454
29	90	2	0	0	13	0	23	12	14	1580.26	1		7.585698
29	92	3	0	0	0	11	18	5	13	699.61	0		38.837091
12	36	3	0	0	5	11	18	5	13	699.61	0		38.837091
29	91	2	0	0	13	14	23	12	14	1580.26	1		7.585698
11	34	3	0	18	0	11	18	5	13	699.61	0		38.837091
11	33	2	0	23	13	0	23	12	14	1580.26	1		7.585698
25	77	2	0	23	13	14	23	12	14	1580.26	1		7.585698
25	78	2	0	36	0	0	23	12	14	1580.26	1		7.585698
25	79	2	0	36	0	14	23	12	14	1580.26	1		7.585698


-------------------------------------------------------------------------------------------------------------------
Tour_Id:			10
No_of_Customers:		2
No_of_Items:			5
Customer_Sequence:		33 50 

CustId	Id	TypeId	Rotated	x	y	z	Length	Width	Height	mass	Fragility	LoadBearingStrength
50	165	2	0	0	0	0	23	12	14	1580.26	1		7.585698
50	164	2	0	0	12	0	23	12	14	1580.26	1		7.585698
50	163	1	0	23	0	0	35	13	11	917.89	0		7.682454
33	104	1	0	23	0	11	35	13	11	917.89	0		7.682454
33	105	3	0	23	13	0	18	5	13	699.61	0		38.837091


-------------------------------------------------------------------------------------------------------------------
Tour_Id:			11
No_of_Customers:		2
No_of_Items:			9
Customer_Sequence:		56 16 

CustId	Id	TypeId	Rotated	x	y	z	Length	Width	Height	mass	Fragility	LoadBearingStrength
16	49	3	0	0	0	0	18	5	13	699.61	0		38.837091
16	47	2	0	0	5	0	23	12	14	1580.26	1		7.585698
16	46	1	0	23	0	0	35	13	11	917.89	0		7.682454
56	186	3	0	0	17	0	18	5	13	699.61	0		38.837091
56	183	1	0	23	0	11	35	13	11	917.89	0		7.682454
56	185	3	0	0	0	13	18	5	13	699.61	0		38.837091
16	48	2	0	0	5	14	23	12	14	1580.26	1		7.585698
56	187	3	0	0	17	13	18	5	13	699.61	0		38.837091
56	184	2	0	23	13	0	23	12	14	1580.26	1		7.585698


-------------------------------------------------------------------------------------------------------------------
Tour_Id:			12
No_of_Customers:		3
No_of_Items:			8
Customer_Sequence:		24 18 38 

CustId	Id	TypeId	Rotated	x	y	z	Length	Width	Height	mass	Fragility	LoadBearingStrength
38	118	1	0	0	0	0	35	13	11	917.89	0		7.682454
38	119	2	0	0	13	0	23	12	14	1580.26	1		7.585698
18	52	1	0	0	0	11	35	13	11	917.89	0		7.682454
24	75	2	0	0	13	14	23	12	14	1580.26	1		7.585698
18	53	3	0	23	13	0	18	5	13	699.61	0		38.837091
38	120	3	0	23	18	0	18	5	13	699.61	0		38.837091
24	74	2	0	35	0	0	23	12	14	1580.26	1		7.585698
24	76	2	0	35	0	14	23	12	14	1580.26	1		7.585698


-------------------------------------------------------------------------------------------------------------------
Tour_Id:			13
No_of_Customers:		3
No_of_Items:			9
Customer_Sequence:		58 26 30 

CustId	Id	TypeId	Rotated	x	y	z	Length	Width	Height	mass	Fragility	LoadBearingStrength
30	93	1	0	0	0	0	35	13	11	917.89	0		7.682454
30	94	3	0	0	13	0	18	5	13	699.61	0		38.837091
26	80	1	0	0	0	11	35	13	11	917.89	0		7.682454
26	82	3	0	0	18	0	18	5	13	699.61	0		38.837091
26	83	3	0	0	13	13	18	5	13	699.61	0		38.837091
26	81	2	0	18	13	0	23	12	14	1580.26	1		7.585698
58	190	2	0	18	13	14	23	12	14	1580.26	1		7.585698
58	191	2	0	35	0	0	23	12	14	1580.26	1		7.585698
58	192	2	0	35	0	14	23	12	14	1580.26	1		7.585698


-------------------------------------------------------------------------------------------------------------------
Tour_Id:			14
No_of_Customers:		3
No_of_Items:			10
Customer_Sequence:		15 1 48 

CustId	Id	TypeId	Rotated	x	y	z	Length	Width	Height	mass	Fragility	LoadBearingStrength
48	157	3	0	0	0	0	18	5	13	699.61	0		38.837091
48	158	3	0	0	5	0	18	5	13	699.61	0		38.837091
48	156	2	0	0	10	0	23	12	14	1580.26	1		7.585698
1	1	1	0	23	0	0	35	13	11	917.89	0		7.682454
1	4	3	0	0	0	13	18	5	13	699.61	0		38.837091
1	2	2	0	0	10	14	23	12	14	1580.26	1		7.585698
1	3	2	0	23	13	0	23	12	14	1580.26	1		7.585698
15	43	1	0	23	0	11	35	13	11	917.89	0		7.682454
15	45	3	0	0	5	13	18	5	13	699.61	0		38.837091
15	44	2	0	23	13	14	23	12	14	1580.26	1		7.585698


-------------------------------------------------------------------------------------------------------------------
Tour_Id:			15
No_of_Customers:		2
No_of_Items:			8
Customer_Sequence:		19 2 

CustId	Id	TypeId	Rotated	x	y	z	Length	Width	Height	mass	Fragility	LoadBearingStrength
2	7	3	0	0	0	0	18	5	13	699.61	0		38.837091
2	6	2	0	0	5	0	23	12	14	1580.26	1		7.585698
2	5	1	0	23	0	0	35	13	11	917.89	0		7.682454
19	54	1	0	23	0	11	35	13	11	917.89	0		7.682454
19	56	3	0	0	17	0	18	5	13	699.61	0		38.837091
19	57	3	0	0	0	13	18	5	13	699.61	0		38.837091
19	58	3	0	0	17	13	18	5	13	699.61	0		38.837091
19	55	2	0	0	5	14	23	12	14	1580.26	1		7.585698


-------------------------------------------------------------------------------------------------------------------
Tour_Id:			16
No_of_Customers:		3
No_of_Items:			11
Customer_Sequence:		22 42 55 

CustId	Id	TypeId	Rotated	x	y	z	Length	Width	Height	mass	Fragility	LoadBearingStrength
55	180	1	0	0	0	0	35	13	11	917.89	0		7.682454
55	181	3	0	0	13	0	18	5	13	699.61	0		38.837091
55	182	3	0	0	18	0	18	5	13	699.61	0		38.837091
42	132	1	0	0	0	11	35	13	11	917.89	0		7.682454
42	135	3	0	0	13	13	18	5	13	699.61	0		38.837091
42	133	2	0	18	13	0	23	12	14	1580.26	1		7.585698
22	67	2	0	18	13	14	23	12	14	1580.26	1		7.585698
42	134	2	0	35	0	0	23	12	14	1580.26	1		7.585698
22	69	3	0	41	13	0	18	5	13	699.61	0		38.837091
42	136	3	0	0	18	13	18	5	13	699.61	0		38.837091
22	68	2	0	35	0	14	23	12	14	1580.26	1		7.585698


-------------------------------------------------------------------------------------------------------------------
Tour_Id:			17
No_of_Customers:		2
No_of_Items:			6
Customer_Sequence:		7 4 

CustId	Id	TypeId	Rotated	x	y	z	Length	Width	Height	mass	Fragility	LoadBearingStrength
4	11	1	0	0	0	0	35	13	11	917.89	0		7.682454
7	20	1	0	0	0	11	35	13	11	917.89	0		7.682454
4	12	2	0	0	13	0	23	12	14	1580.26	1		7.585698
7	21	2	0	0	13	14	23	12	14	1580.26	1		7.585698
7	22	3	0	23	13	0	18	5	13	699.61	0		38.837091
4	13	3	0	23	18	0	18	5	13	699.61	0		38.837091


-------------------------------------------------------------------------------------------------------------------
Tour_Id:			18
No_of_Customers:		3
No_of_Items:			12
Customer_Sequence:		60 40 34 

CustId	Id	TypeId	Rotated	x	y	z	Length	Width	Height	mass	Fragility	LoadBearingStrength
34	107	2	0	0	0	0	23	12	14	1580.26	1		7.585698
34	108	3	0	0	12	0	18	5	13	699.61	0		38.837091
40	127	3	0	0	17	0	18	5	13	699.61	0		38.837091
40	125	3	0	0	12	13	18	5	13	699.61	0		38.837091
40	126	3	0	0	17	13	18	5	13	699.61	0		38.837091
34	106	1	0	23	0	0	35	13	11	917.89	0		7.682454
40	124	2	0	0	0	14	23	12	14	1580.26	1		7.585698
60	196	1	0	23	0	11	35	13	11	917.89	0		7.682454
60	198	3	0	18	13	0	18	5	13	699.61	0		38.837091
60	199	3	0	18	18	0	18	5	13	699.61	0		38.837091
60	200	3	0	18	13	13	18	5	13	699.61	0		38.837091
60	197	2	0	36	13	0	23	12	14	1580.26	1		7.585698


-------------------------------------------------------------------------------------------------------------------
Tour_Id:			19
No_of_Customers:		2
No_of_Items:			8
Customer_Sequence:		52 47 

CustId	Id	TypeId	Rotated	x	y	z	Length	Width	Height	mass	Fragility	LoadBearingStrength
47	153	2	0	0	0	0	23	12	14	1580.26	1		7.585698
47	151	1	0	0	12	0	35	13	11	917.89	0		7.682454
52	168	1	0	0	12	11	35	13	11	917.89	0		7.682454
47	155	3	0	23	0	0	18	5	13	699.61	0		38.837091
47	154	3	0	23	5	0	18	5	13	699.61	0		38.837091
47	152	2	0	0	0	14	23	12	14	1580.26	1		7.585698
52	169	2	0	35	12	0	23	12	14	1580.26	1		7.585698
52	170	2	0	35	12	14	23	12	14	1580.26	1		7.585698


-------------------------------------------------------------------------------------------------------------------
Tour_Id:			20
No_of_Customers:		4
No_of_Items:			10
Customer_Sequence:		14 57 43 27 

CustId	Id	TypeId	Rotated	x	y	z	Length	Width	Height	mass	Fragility	LoadBearingStrength
27	85	3	0	0	0	0	18	5	13	699.61	0		38.837091
27	84	2	0	0	5	0	23	12	14	1580.26	1		7.585698
43	137	1	0	23	0	0	35	13	11	917.89	0		7.682454
14	41	1	0	23	0	11	35	13	11	917.89	0		7.682454
43	140	3	0	0	17	0	18	5	13	699.61	0		38.837091
43	138	2	0	0	5	14	23	12	14	1580.26	1		7.585698
14	42	3	0	0	0	13	18	5	13	699.61	0		38.837091
57	189	2	0	23	13	0	23	12	14	1580.26	1		7.585698
43	139	3	0	0	17	13	18	5	13	699.61	0		38.837091
57	188	2	0	23	13	14	23	12	14	1580.26	1		7.585698


-------------------------------------------------------------------------------------------------------------------
Tour_Id:			21
No_of_Customers:		3
No_of_Items:			10
Customer_Sequence:		10 45 8 

CustId	Id	TypeId	Rotated	x	y	z	Length	Width	Height	mass	Fragility	LoadBearingStrength
8	24	2	0	0	0	0	23	12	14	1580.26	1		7.585698
8	26	3	0	0	12	0	18	5	13	699.61	0		38.837091
8	25	3	0	0	17	0	18	5	13	699.61	0		38.837091
8	23	1	0	18	12	0	35	13	11	917.89	0		7.682454
10	31	2	0	0	0	14	23	12	14	1580.26	1		7.585698
45	147	3	0	0	12	13	18	5	13	699.61	0		38.837091
45	148	3	0	0	17	13	18	5	13	699.61	0		38.837091
45	145	1	0	18	12	11	35	13	11	917.89	0		7.682454
45	146	2	0	23	0	0	23	12	14	1580.26	1		7.585698
10	32	2	0	23	0	14	23	12	14	1580.26	1		7.585698


