Name:				098_n060_m200_bt10
Problem:			3L-VRPTW
Number_of_used_Vehicles:	13
Total_Travel_Distance:		1099.93
Calculation_Time:		1649.72
Total_Iterations:		21724
ConstraintSet:			P1

-------------------------------------------------------------------------------------------------------------------
Tour_Id:			1
No_of_Customers:		5
No_of_Items:			19
Customer_Sequence:		55 57 30 41 28 

CustId	Id	TypeId	Rotated	x	y	z	Length	Width	Height	mass	Fragility	LoadBearingStrength
28	90	7	0	0	0	0	17	12	8	319.30	0		6.393045
28	88	1	0	0	12	0	13	8	11	219.71	0		4.271221
28	91	7	0	0	0	8	17	12	8	319.30	0		6.393045
28	89	3	0	0	0	16	13	12	7	284.88	0		21.645986
30	99	8	0	0	20	0	30	5	14	302.43	0		11.530293
30	97	5	0	0	12	11	13	6	12	273.39	0		29.902574
30	100	10	0	17	0	0	30	11	12	2171.09	0		70.886211
30	96	4	0	0	20	14	24	5	8	170.97	1		3.599145
41	136	1	0	13	12	0	13	8	11	219.71	0		4.271221
57	189	1	0	13	12	11	13	8	11	219.71	0		4.271221
41	137	1	0	26	11	0	13	8	11	219.71	0		4.271221
57	191	7	0	17	0	12	17	12	8	319.30	0		6.393045
57	187	1	0	26	12	11	13	8	11	219.71	0		4.271221
57	188	1	0	34	0	12	13	8	11	219.71	0		4.271221
30	98	6	0	39	11	0	19	14	10	485.65	0		5.019975
57	190	4	0	0	18	22	24	5	8	170.97	1		3.599145
55	182	6	0	39	11	10	19	14	10	485.65	0		5.019975
55	183	6	0	39	8	20	19	14	10	485.65	0		5.019975
55	181	3	0	0	0	23	13	12	7	284.88	0		21.645986


-------------------------------------------------------------------------------------------------------------------
Tour_Id:			2
No_of_Customers:		5
No_of_Items:			16
Customer_Sequence:		5 14 39 58 48 

CustId	Id	TypeId	Rotated	x	y	z	Length	Width	Height	mass	Fragility	LoadBearingStrength
58	195	9	0	0	0	0	34	11	8	628.16	0		21.901271
48	157	3	0	0	11	0	13	12	7	284.88	0		21.645986
48	158	3	0	0	11	7	13	12	7	284.88	0		21.645986
48	159	7	0	0	11	14	17	12	8	319.30	0		6.393045
58	193	5	0	0	0	8	13	6	12	273.39	0		29.902574
39	132	5	0	13	0	8	13	6	12	273.39	0		29.902574
58	194	5	0	17	11	0	13	6	12	273.39	0		29.902574
14	43	1	0	17	17	0	13	8	11	219.71	0		4.271221
14	44	3	0	0	11	22	13	12	7	284.88	0		21.645986
39	133	6	0	34	0	0	19	14	10	485.65	0		5.019975
58	192	4	0	0	6	8	24	5	8	170.97	1		3.599145
14	45	5	0	17	17	11	13	6	12	273.39	0		29.902574
5	15	10	0	30	14	0	30	11	12	2171.09	0		70.886211
5	13	6	0	30	0	10	19	14	10	485.65	0		5.019975
5	14	8	0	30	14	12	30	5	14	302.43	0		11.530293
5	12	3	0	30	0	20	13	12	7	284.88	0		21.645986


-------------------------------------------------------------------------------------------------------------------
Tour_Id:			3
No_of_Customers:		4
No_of_Items:			15
Customer_Sequence:		34 43 42 23 

CustId	Id	TypeId	Rotated	x	y	z	Length	Width	Height	mass	Fragility	LoadBearingStrength
23	73	10	0	0	0	0	30	11	12	2171.09	0		70.886211
23	72	6	0	0	11	0	19	14	10	485.65	0		5.019975
23	70	2	0	0	11	10	24	7	10	576.58	1		6.330650
23	71	4	0	0	18	10	24	5	8	170.97	1		3.599145
42	138	4	0	0	0	12	24	5	8	170.97	1		3.599145
42	139	5	0	0	5	12	13	6	12	273.39	0		29.902574
42	140	10	0	24	11	0	30	11	12	2171.09	0		70.886211
43	144	9	0	24	11	12	34	11	8	628.16	0		21.901271
34	111	4	0	0	0	20	24	5	8	170.97	1		3.599145
43	143	5	0	13	5	12	13	6	12	273.39	0		29.902574
43	141	4	0	0	18	18	24	5	8	170.97	1		3.599145
34	113	10	0	30	0	0	30	11	12	2171.09	0		70.886211
34	114	10	0	26	0	12	30	11	12	2171.09	0		70.886211
34	112	6	0	24	11	20	19	14	10	485.65	0		5.019975
43	142	5	1	54	11	0	13	6	12	273.39	0		29.902574


-------------------------------------------------------------------------------------------------------------------
Tour_Id:			4
No_of_Customers:		4
No_of_Items:			15
Customer_Sequence:		36 17 26 38 

CustId	Id	TypeId	Rotated	x	y	z	Length	Width	Height	mass	Fragility	LoadBearingStrength
26	83	6	0	0	0	0	19	14	10	485.65	0		5.019975
38	131	10	0	0	14	0	30	11	12	2171.09	0		70.886211
38	128	1	0	0	14	12	13	8	11	219.71	0		4.271221
38	129	5	0	13	14	12	13	6	12	273.39	0		29.902574
17	53	2	0	0	0	10	24	7	10	576.58	1		6.330650
26	81	3	0	19	0	0	13	12	7	284.88	0		21.645986
26	82	4	0	0	7	10	24	5	8	170.97	1		3.599145
36	118	2	0	0	0	20	24	7	10	576.58	1		6.330650
38	130	10	0	30	14	0	30	11	12	2171.09	0		70.886211
17	54	4	0	0	7	18	24	5	8	170.97	1		3.599145
36	122	9	0	26	14	12	34	11	8	628.16	0		21.901271
36	121	6	0	32	0	0	19	14	10	485.65	0		5.019975
36	119	3	0	32	0	10	13	12	7	284.88	0		21.645986
17	52	1	1	24	0	7	13	8	11	219.71	0		4.271221
36	120	4	0	26	14	20	24	5	8	170.97	1		3.599145


-------------------------------------------------------------------------------------------------------------------
Tour_Id:			5
No_of_Customers:		3
No_of_Items:			11
Customer_Sequence:		53 9 24 

CustId	Id	TypeId	Rotated	x	y	z	Length	Width	Height	mass	Fragility	LoadBearingStrength
24	76	10	0	0	0	0	30	11	12	2171.09	0		70.886211
24	75	9	0	0	11	0	34	11	8	628.16	0		21.901271
24	74	7	0	0	11	8	17	12	8	319.30	0		6.393045
9	27	10	0	0	0	12	30	11	12	2171.09	0		70.886211
9	25	8	0	30	0	0	30	5	14	302.43	0		11.530293
9	26	8	0	30	5	0	30	5	14	302.43	0		11.530293
53	175	10	0	30	0	14	30	11	12	2171.09	0		70.886211
53	174	7	0	0	11	16	17	12	8	319.30	0		6.393045
53	171	3	0	17	11	8	13	12	7	284.88	0		21.645986
53	173	5	0	17	11	15	13	6	12	273.39	0		29.902574
53	172	4	0	34	11	0	24	5	8	170.97	1		3.599145


-------------------------------------------------------------------------------------------------------------------
Tour_Id:			6
No_of_Customers:		4
No_of_Items:			14
Customer_Sequence:		49 25 20 12 

CustId	Id	TypeId	Rotated	x	y	z	Length	Width	Height	mass	Fragility	LoadBearingStrength
12	38	6	0	0	0	0	19	14	10	485.65	0		5.019975
12	39	7	0	0	0	10	17	12	8	319.30	0		6.393045
12	36	3	0	0	0	18	13	12	7	284.88	0		21.645986
12	37	4	0	0	14	0	24	5	8	170.97	1		3.599145
20	61	5	0	0	19	0	13	6	12	273.39	0		29.902574
20	64	9	0	19	0	0	34	11	8	628.16	0		21.901271
20	62	7	0	19	0	8	17	12	8	319.30	0		6.393045
20	63	9	0	24	14	0	34	11	8	628.16	0		21.901271
25	80	10	0	24	14	8	30	11	12	2171.09	0		70.886211
25	77	1	0	17	0	16	13	8	11	219.71	0		4.271221
25	79	7	0	36	0	8	17	12	8	319.30	0		6.393045
25	78	4	0	0	14	8	24	5	8	170.97	1		3.599145
49	161	6	0	30	0	16	19	14	10	485.65	0		5.019975
49	160	5	1	53	0	0	13	6	12	273.39	0		29.902574


-------------------------------------------------------------------------------------------------------------------
Tour_Id:			7
No_of_Customers:		4
No_of_Items:			14
Customer_Sequence:		35 37 13 46 

CustId	Id	TypeId	Rotated	x	y	z	Length	Width	Height	mass	Fragility	LoadBearingStrength
46	154	9	0	0	0	0	34	11	8	628.16	0		21.901271
46	152	2	0	0	11	0	24	7	10	576.58	1		6.330650
46	153	2	0	0	18	0	24	7	10	576.58	1		6.330650
13	42	9	0	0	0	8	34	11	8	628.16	0		21.901271
13	41	6	0	0	0	16	19	14	10	485.65	0		5.019975
13	40	4	0	0	14	10	24	5	8	170.97	1		3.599145
37	127	10	0	24	11	0	30	11	12	2171.09	0		70.886211
37	126	6	0	24	11	12	19	14	10	485.65	0		5.019975
37	123	1	0	19	0	16	13	8	11	219.71	0		4.271221
37	124	2	0	34	0	0	24	7	10	576.58	1		6.330650
37	125	4	0	0	19	10	24	5	8	170.97	1		3.599145
35	116	5	0	43	11	12	13	6	12	273.39	0		29.902574
35	117	5	1	54	11	0	13	6	12	273.39	0		29.902574
35	115	2	0	34	0	10	24	7	10	576.58	1		6.330650


-------------------------------------------------------------------------------------------------------------------
Tour_Id:			8
No_of_Customers:		5
No_of_Items:			16
Customer_Sequence:		32 29 59 11 19 

CustId	Id	TypeId	Rotated	x	y	z	Length	Width	Height	mass	Fragility	LoadBearingStrength
19	60	8	0	0	0	0	30	5	14	302.43	0		11.530293
19	59	1	0	0	5	0	13	8	11	219.71	0		4.271221
11	35	9	0	0	13	0	34	11	8	628.16	0		21.901271
11	33	8	0	0	13	8	30	5	14	302.43	0		11.530293
11	34	8	0	0	18	8	30	5	14	302.43	0		11.530293
11	31	1	0	0	5	11	13	8	11	219.71	0		4.271221
11	32	3	0	0	5	22	13	12	7	284.88	0		21.645986
29	95	10	0	30	0	0	30	11	12	2171.09	0		70.886211
59	198	8	0	0	0	14	30	5	14	302.43	0		11.530293
59	197	7	0	34	13	0	17	12	8	319.30	0		6.393045
59	196	6	0	30	11	8	19	14	10	485.65	0		5.019975
29	94	8	0	30	0	12	30	5	14	302.43	0		11.530293
29	92	1	0	30	11	18	13	8	11	219.71	0		4.271221
29	93	4	0	0	17	22	24	5	8	170.97	1		3.599145
32	105	8	0	30	5	12	30	5	14	302.43	0		11.530293
32	104	4	0	30	19	18	24	5	8	170.97	1		3.599145


-------------------------------------------------------------------------------------------------------------------
Tour_Id:			9
No_of_Customers:		5
No_of_Items:			16
Customer_Sequence:		18 1 40 50 44 

CustId	Id	TypeId	Rotated	x	y	z	Length	Width	Height	mass	Fragility	LoadBearingStrength
44	146	3	0	0	0	0	13	12	7	284.88	0		21.645986
44	148	8	0	0	12	0	30	5	14	302.43	0		11.530293
44	145	2	0	0	17	0	24	7	10	576.58	1		6.330650
50	163	3	0	0	0	7	13	12	7	284.88	0		21.645986
50	162	1	0	0	0	14	13	8	11	219.71	0		4.271221
44	147	4	0	0	17	10	24	5	8	170.97	1		3.599145
50	164	4	0	0	12	14	24	5	8	170.97	1		3.599145
40	135	9	0	13	0	0	34	11	8	628.16	0		21.901271
40	134	8	0	13	0	8	30	5	14	302.43	0		11.530293
1	2	3	0	30	12	0	13	12	7	284.88	0		21.645986
1	1	2	0	13	5	8	24	7	10	576.58	1		6.330650
1	3	4	0	0	17	18	24	5	8	170.97	1		3.599145
18	58	7	0	30	12	7	17	12	8	319.30	0		6.393045
18	56	3	0	30	12	15	13	12	7	284.88	0		21.645986
18	57	5	0	37	5	8	13	6	12	273.39	0		29.902574
18	55	2	0	13	5	18	24	7	10	576.58	1		6.330650


-------------------------------------------------------------------------------------------------------------------
Tour_Id:			10
No_of_Customers:		6
No_of_Items:			18
Customer_Sequence:		21 15 60 45 33 7 

CustId	Id	TypeId	Rotated	x	y	z	Length	Width	Height	mass	Fragility	LoadBearingStrength
7	20	10	0	0	0	0	30	11	12	2171.09	0		70.886211
7	18	3	0	0	11	0	13	12	7	284.88	0		21.645986
33	110	6	0	0	0	12	19	14	10	485.65	0		5.019975
33	106	1	0	0	14	7	13	8	11	219.71	0		4.271221
7	19	3	0	13	11	0	13	12	7	284.88	0		21.645986
33	107	1	0	0	14	18	13	8	11	219.71	0		4.271221
45	150	6	0	26	11	0	19	14	10	485.65	0		5.019975
60	200	7	0	0	0	22	17	12	8	319.30	0		6.393045
33	109	5	0	13	14	7	13	6	12	273.39	0		29.902574
45	151	7	0	26	11	10	17	12	8	319.30	0		6.393045
45	149	3	0	45	0	0	13	12	7	284.88	0		21.645986
33	108	5	0	30	0	0	13	6	12	273.39	0		29.902574
21	67	6	0	26	11	18	19	14	10	485.65	0		5.019975
15	47	8	0	19	0	12	30	5	14	302.43	0		11.530293
15	46	3	0	45	12	0	13	12	7	284.88	0		21.645986
21	66	6	1	45	5	7	19	14	10	485.65	0		5.019975
60	199	1	0	13	14	19	13	8	11	219.71	0		4.271221
21	65	1	0	45	5	17	13	8	11	219.71	0		4.271221


-------------------------------------------------------------------------------------------------------------------
Tour_Id:			11
No_of_Customers:		5
No_of_Items:			13
Customer_Sequence:		22 4 16 3 6 

CustId	Id	TypeId	Rotated	x	y	z	Length	Width	Height	mass	Fragility	LoadBearingStrength
6	17	9	0	0	0	0	34	11	8	628.16	0		21.901271
6	16	3	0	0	11	0	13	12	7	284.88	0		21.645986
3	9	9	0	0	0	8	34	11	8	628.16	0		21.901271
3	8	6	0	0	0	16	19	14	10	485.65	0		5.019975
16	48	5	0	0	14	7	13	6	12	273.39	0		29.902574
16	49	6	0	34	0	0	19	14	10	485.65	0		5.019975
3	7	5	0	19	0	16	13	6	12	273.39	0		29.902574
16	51	8	0	13	14	0	30	5	14	302.43	0		11.530293
16	50	8	0	13	19	0	30	5	14	302.43	0		11.530293
4	11	9	0	13	14	14	34	11	8	628.16	0		21.901271
4	10	5	0	19	6	16	13	6	12	273.39	0		29.902574
22	69	6	0	34	0	10	19	14	10	485.65	0		5.019975
22	68	2	0	32	0	20	24	7	10	576.58	1		6.330650


-------------------------------------------------------------------------------------------------------------------
Tour_Id:			12
No_of_Customers:		5
No_of_Items:			17
Customer_Sequence:		47 2 54 27 10 

CustId	Id	TypeId	Rotated	x	y	z	Length	Width	Height	mass	Fragility	LoadBearingStrength
10	30	10	0	0	0	0	30	11	12	2171.09	0		70.886211
10	28	3	0	0	11	0	13	12	7	284.88	0		21.645986
27	85	7	0	0	11	7	17	12	8	319.30	0		6.393045
54	177	4	0	0	0	12	24	5	8	170.97	1		3.599145
27	86	9	0	17	11	0	34	11	8	628.16	0		21.901271
10	29	5	0	0	5	12	13	6	12	273.39	0		29.902574
27	84	5	0	0	11	15	13	6	12	273.39	0		29.902574
54	180	10	0	17	11	8	30	11	12	2171.09	0		70.886211
54	179	7	0	17	11	20	17	12	8	319.30	0		6.393045
2	5	5	0	13	5	12	13	6	12	273.39	0		29.902574
54	178	5	0	0	17	15	13	6	12	273.39	0		29.902574
27	87	10	0	30	0	0	30	11	12	2171.09	0		70.886211
2	6	9	0	26	0	12	34	11	8	628.16	0		21.901271
2	4	3	0	34	0	20	13	12	7	284.88	0		21.645986
54	176	3	0	34	12	20	13	12	7	284.88	0		21.645986
47	155	1	1	51	11	0	13	8	11	219.71	0		4.271221
47	156	3	0	47	0	20	13	12	7	284.88	0		21.645986


-------------------------------------------------------------------------------------------------------------------
Tour_Id:			13
No_of_Customers:		5
No_of_Items:			16
Customer_Sequence:		51 8 56 31 52 

CustId	Id	TypeId	Rotated	x	y	z	Length	Width	Height	mass	Fragility	LoadBearingStrength
52	170	7	0	0	0	0	17	12	8	319.30	0		6.393045
52	169	1	0	0	12	0	13	8	11	219.71	0		4.271221
56	185	3	0	0	0	8	13	12	7	284.88	0		21.645986
56	186	6	0	17	0	0	19	14	10	485.65	0		5.019975
31	102	4	0	0	20	0	24	5	8	170.97	1		3.599145
31	103	9	0	24	14	0	34	11	8	628.16	0		21.901271
56	184	2	0	13	0	10	24	7	10	576.58	1		6.330650
8	24	10	0	24	14	8	30	11	12	2171.09	0		70.886211
31	101	1	0	0	12	11	13	8	11	219.71	0		4.271221
8	22	6	0	37	0	0	19	14	10	485.65	0		5.019975
51	168	7	0	37	0	10	17	12	8	319.30	0		6.393045
51	167	5	0	37	0	18	13	6	12	273.39	0		29.902574
8	23	9	0	24	14	20	34	11	8	628.16	0		21.901271
51	165	2	0	13	7	10	24	7	10	576.58	1		6.330650
8	21	2	0	13	0	20	24	7	10	576.58	1		6.330650
51	166	2	0	13	7	20	24	7	10	576.58	1		6.330650


