Name:				099_n060_m200_bt10
Problem:			3L-VRPTW
Number_of_used_Vehicles:	17
Total_Travel_Distance:		1340.18
Calculation_Time:		2832.42
Total_Iterations:		25001
ConstraintSet:			P1

-------------------------------------------------------------------------------------------------------------------
Tour_Id:			1
No_of_Customers:		4
No_of_Items:			11
Customer_Sequence:		23 29 15 34 

CustId	Id	TypeId	Rotated	x	y	z	Length	Width	Height	mass	Fragility	LoadBearingStrength
15	47	5	0	0	0	0	33	14	12	1511.32	0		21.380567
34	113	10	0	0	14	0	32	6	14	825.97	1		10.146568
34	112	6	0	32	14	0	28	10	11	541.07	0		11.257221
15	46	2	0	0	0	12	20	7	12	267.81	0		18.732479
29	95	7	0	33	0	0	25	14	14	936.11	0		90.128445
29	93	3	0	33	0	14	18	12	13	683.10	0		41.352643
29	92	1	0	0	7	12	15	7	14	272.16	0		27.654072
29	96	8	0	20	0	12	12	8	11	121.76	0		14.009224
29	94	4	0	0	14	14	35	5	8	162.36	1		1.942046
23	74	2	0	35	14	11	20	7	12	267.81	0		18.732479
23	75	4	0	0	14	22	35	5	8	162.36	1		1.942046


-------------------------------------------------------------------------------------------------------------------
Tour_Id:			2
No_of_Customers:		3
No_of_Items:			12
Customer_Sequence:		17 51 18 

CustId	Id	TypeId	Rotated	x	y	z	Length	Width	Height	mass	Fragility	LoadBearingStrength
18	59	9	0	0	0	0	28	6	13	522.96	0		9.936862
18	55	1	0	0	6	0	15	7	14	272.16	0		27.654072
18	56	1	0	0	13	0	15	7	14	272.16	0		27.654072
51	170	7	0	15	6	0	25	14	14	936.11	0		90.128445
17	51	1	0	0	6	14	15	7	14	272.16	0		27.654072
18	58	8	0	0	13	14	12	8	11	121.76	0		14.009224
51	169	3	0	40	0	0	18	12	13	683.10	0		41.352643
51	171	9	0	0	0	13	28	6	13	522.96	0		9.936862
18	57	4	0	0	20	0	35	5	8	162.36	1		1.942046
17	53	6	0	15	6	14	28	10	11	541.07	0		11.257221
17	52	3	0	40	12	0	18	12	13	683.10	0		41.352643
17	54	7	1	43	0	13	25	14	14	936.11	0		90.128445


-------------------------------------------------------------------------------------------------------------------
Tour_Id:			3
No_of_Customers:		3
No_of_Items:			13
Customer_Sequence:		42 44 4 

CustId	Id	TypeId	Rotated	x	y	z	Length	Width	Height	mass	Fragility	LoadBearingStrength
4	16	10	0	0	0	0	32	6	14	825.97	1		10.146568
4	15	9	0	0	6	0	28	6	13	522.96	0		9.936862
44	147	9	0	0	12	0	28	6	13	522.96	0		9.936862
4	12	2	0	0	18	0	20	7	12	267.81	0		18.732479
4	13	3	0	32	0	0	18	12	13	683.10	0		41.352643
44	145	7	0	0	6	13	25	14	14	936.11	0		90.128445
44	143	3	0	28	12	0	18	12	13	683.10	0		41.352643
4	14	8	1	50	0	0	12	8	11	121.76	0		14.009224
44	144	6	0	25	6	13	28	10	11	541.07	0		11.257221
44	146	8	0	25	16	13	12	8	11	121.76	0		14.009224
42	139	8	0	37	16	13	12	8	11	121.76	0		14.009224
42	137	4	0	0	0	14	35	5	8	162.36	1		1.942046
42	138	4	0	0	0	22	35	5	8	162.36	1		1.942046


-------------------------------------------------------------------------------------------------------------------
Tour_Id:			4
No_of_Customers:		4
No_of_Items:			13
Customer_Sequence:		12 1 26 52 

CustId	Id	TypeId	Rotated	x	y	z	Length	Width	Height	mass	Fragility	LoadBearingStrength
52	173	8	0	0	0	0	12	8	11	121.76	0		14.009224
52	174	9	0	0	8	0	28	6	13	522.96	0		9.936862
52	172	6	0	0	14	0	28	10	11	541.07	0		11.257221
26	83	2	0	0	14	11	20	7	12	267.81	0		18.732479
26	84	8	0	0	0	11	12	8	11	121.76	0		14.009224
26	85	10	0	0	8	13	32	6	14	825.97	1		10.146568
1	2	7	0	32	0	0	25	14	14	936.11	0		90.128445
1	1	1	0	12	0	0	15	7	14	272.16	0		27.654072
1	3	8	0	12	0	14	12	8	11	121.76	0		14.009224
1	4	10	0	24	0	14	32	6	14	825.97	1		10.146568
12	37	6	0	28	14	0	28	10	11	541.07	0		11.257221
12	38	10	0	20	14	11	32	6	14	825.97	1		10.146568
12	36	4	0	20	20	11	35	5	8	162.36	1		1.942046


-------------------------------------------------------------------------------------------------------------------
Tour_Id:			5
No_of_Customers:		3
No_of_Items:			10
Customer_Sequence:		27 50 45 

CustId	Id	TypeId	Rotated	x	y	z	Length	Width	Height	mass	Fragility	LoadBearingStrength
45	150	7	0	0	0	0	25	14	14	936.11	0		90.128445
45	148	3	0	0	0	14	18	12	13	683.10	0		41.352643
45	149	5	0	25	0	0	33	14	12	1511.32	0		21.380567
45	151	10	0	0	14	0	32	6	14	825.97	1		10.146568
50	165	8	1	18	0	14	12	8	11	121.76	0		14.009224
50	167	9	0	26	0	12	28	6	13	522.96	0		9.936862
50	166	9	0	26	6	12	28	6	13	522.96	0		9.936862
50	168	10	0	0	12	14	32	6	14	825.97	1		10.146568
27	86	6	0	32	14	0	28	10	11	541.07	0		11.257221
27	87	8	0	32	14	11	12	8	11	121.76	0		14.009224


-------------------------------------------------------------------------------------------------------------------
Tour_Id:			6
No_of_Customers:		4
No_of_Items:			13
Customer_Sequence:		14 32 21 11 

CustId	Id	TypeId	Rotated	x	y	z	Length	Width	Height	mass	Fragility	LoadBearingStrength
21	66	1	0	0	0	0	15	7	14	272.16	0		27.654072
11	34	1	0	0	7	0	15	7	14	272.16	0		27.654072
11	35	8	0	0	14	0	12	8	11	121.76	0		14.009224
21	68	5	0	15	0	0	33	14	12	1511.32	0		21.380567
21	70	6	0	12	14	0	28	10	11	541.07	0		11.257221
32	106	3	0	0	0	14	18	12	13	683.10	0		41.352643
21	69	6	0	0	14	11	28	10	11	541.07	0		11.257221
32	107	7	0	18	0	12	25	14	14	936.11	0		90.128445
32	105	3	1	48	0	0	18	12	13	683.10	0		41.352643
21	67	2	0	40	18	0	20	7	12	267.81	0		18.732479
14	43	2	0	40	18	12	20	7	12	267.81	0		18.732479
14	44	4	0	0	14	22	35	5	8	162.36	1		1.942046
14	45	4	0	0	19	22	35	5	8	162.36	1		1.942046


-------------------------------------------------------------------------------------------------------------------
Tour_Id:			7
No_of_Customers:		3
No_of_Items:			11
Customer_Sequence:		41 40 3 

CustId	Id	TypeId	Rotated	x	y	z	Length	Width	Height	mass	Fragility	LoadBearingStrength
3	8	7	0	0	0	0	25	14	14	936.11	0		90.128445
3	9	8	0	0	14	0	12	8	11	121.76	0		14.009224
3	10	8	0	0	14	11	12	8	11	121.76	0		14.009224
41	136	10	0	0	0	14	32	6	14	825.97	1		10.146568
3	11	9	0	0	6	14	28	6	13	522.96	0		9.936862
3	7	6	0	12	14	0	28	10	11	541.07	0		11.257221
40	133	6	0	12	14	11	28	10	11	541.07	0		11.257221
40	132	4	0	0	14	22	35	5	8	162.36	1		1.942046
41	135	7	0	32	0	0	25	14	14	936.11	0		90.128445
41	134	6	0	32	0	14	28	10	11	541.07	0		11.257221
40	131	2	0	40	14	0	20	7	12	267.81	0		18.732479


-------------------------------------------------------------------------------------------------------------------
Tour_Id:			8
No_of_Customers:		3
No_of_Items:			11
Customer_Sequence:		20 55 25 

CustId	Id	TypeId	Rotated	x	y	z	Length	Width	Height	mass	Fragility	LoadBearingStrength
25	82	9	0	0	0	0	28	6	13	522.96	0		9.936862
25	80	3	0	0	6	0	18	12	13	683.10	0		41.352643
55	182	8	0	0	0	13	12	8	11	121.76	0		14.009224
25	78	1	0	0	18	0	15	7	14	272.16	0		27.654072
55	179	1	0	0	8	13	15	7	14	272.16	0		27.654072
55	181	7	0	18	6	0	25	14	14	936.11	0		90.128445
25	81	4	0	15	20	0	35	5	8	162.36	1		1.942046
25	79	1	0	0	18	14	15	7	14	272.16	0		27.654072
55	180	4	0	15	20	8	35	5	8	162.36	1		1.942046
20	65	5	0	18	6	14	33	14	12	1511.32	0		21.380567
20	64	3	1	43	0	0	18	12	13	683.10	0		41.352643


-------------------------------------------------------------------------------------------------------------------
Tour_Id:			9
No_of_Customers:		1
No_of_Items:			0
Customer_Sequence:		57 

-------------------------------------------------------------------------------------------------------------------
Tour_Id:			10
No_of_Customers:		3
No_of_Items:			12
Customer_Sequence:		36 13 39 

CustId	Id	TypeId	Rotated	x	y	z	Length	Width	Height	mass	Fragility	LoadBearingStrength
39	129	7	0	0	0	0	25	14	14	936.11	0		90.128445
39	130	9	0	0	14	0	28	6	13	522.96	0		9.936862
36	120	7	0	0	0	14	25	14	14	936.11	0		90.128445
13	39	3	0	25	0	0	18	12	13	683.10	0		41.352643
13	41	9	0	0	14	13	28	6	13	522.96	0		9.936862
13	42	9	0	28	12	0	28	6	13	522.96	0		9.936862
13	40	8	0	43	0	0	12	8	11	121.76	0		14.009224
39	128	2	0	28	18	0	20	7	12	267.81	0		18.732479
36	119	3	0	25	0	13	18	12	13	683.10	0		41.352643
36	118	2	0	28	18	12	20	7	12	267.81	0		18.732479
36	117	1	0	43	0	11	15	7	14	272.16	0		27.654072
36	121	10	0	28	12	13	32	6	14	825.97	1		10.146568


-------------------------------------------------------------------------------------------------------------------
Tour_Id:			11
No_of_Customers:		3
No_of_Items:			11
Customer_Sequence:		49 5 38 

CustId	Id	TypeId	Rotated	x	y	z	Length	Width	Height	mass	Fragility	LoadBearingStrength
38	126	6	0	0	0	0	28	10	11	541.07	0		11.257221
5	18	2	0	0	10	0	20	7	12	267.81	0		18.732479
5	19	5	0	20	10	0	33	14	12	1511.32	0		21.380567
38	127	8	0	0	17	0	12	8	11	121.76	0		14.009224
5	20	10	0	0	0	11	32	6	14	825.97	1		10.146568
5	17	2	0	0	10	12	20	7	12	267.81	0		18.732479
49	163	5	0	20	10	12	33	14	12	1511.32	0		21.380567
49	164	6	0	32	0	0	28	10	11	541.07	0		11.257221
49	160	1	0	32	0	11	15	7	14	272.16	0		27.654072
49	161	1	1	53	10	0	15	7	14	272.16	0		27.654072
49	162	1	1	53	10	14	15	7	14	272.16	0		27.654072


-------------------------------------------------------------------------------------------------------------------
Tour_Id:			12
No_of_Customers:		4
No_of_Items:			12
Customer_Sequence:		19 8 28 24 

CustId	Id	TypeId	Rotated	x	y	z	Length	Width	Height	mass	Fragility	LoadBearingStrength
24	77	7	0	0	0	0	25	14	14	936.11	0		90.128445
24	76	6	0	0	14	0	28	10	11	541.07	0		11.257221
28	88	6	0	0	14	11	28	10	11	541.07	0		11.257221
28	90	8	0	0	0	14	12	8	11	121.76	0		14.009224
28	91	9	0	0	8	14	28	6	13	522.96	0		9.936862
28	89	7	0	25	0	0	25	14	14	936.11	0		90.128445
8	25	6	0	28	14	0	28	10	11	541.07	0		11.257221
8	26	9	0	12	0	14	28	6	13	522.96	0		9.936862
19	61	6	0	28	14	11	28	10	11	541.07	0		11.257221
19	63	9	0	28	8	14	28	6	13	522.96	0		9.936862
19	62	8	0	40	0	14	12	8	11	121.76	0		14.009224
19	60	4	0	0	14	22	35	5	8	162.36	1		1.942046


-------------------------------------------------------------------------------------------------------------------
Tour_Id:			13
No_of_Customers:		6
No_of_Items:			17
Customer_Sequence:		6 37 58 53 33 54 

CustId	Id	TypeId	Rotated	x	y	z	Length	Width	Height	mass	Fragility	LoadBearingStrength
54	177	1	0	0	0	0	15	7	14	272.16	0		27.654072
54	178	3	0	0	7	0	18	12	13	683.10	0		41.352643
33	108	1	0	0	7	13	15	7	14	272.16	0		27.654072
33	111	7	0	18	0	0	25	14	14	936.11	0		90.128445
53	176	3	0	15	0	14	18	12	13	683.10	0		41.352643
58	192	9	0	0	19	0	28	6	13	522.96	0		9.936862
37	125	8	0	0	14	13	12	8	11	121.76	0		14.009224
33	109	1	0	0	0	14	15	7	14	272.16	0		27.654072
33	110	1	0	43	0	0	15	7	14	272.16	0		27.654072
58	190	1	0	33	0	14	15	7	14	272.16	0		27.654072
58	191	4	0	18	14	0	35	5	8	162.36	1		1.942046
6	21	10	0	28	19	0	32	6	14	825.97	1		10.146568
53	175	1	0	43	7	0	15	7	14	272.16	0		27.654072
37	123	4	0	18	14	8	35	5	8	162.36	1		1.942046
37	124	4	0	12	14	16	35	5	8	162.36	1		1.942046
37	122	2	0	33	7	14	20	7	12	267.81	0		18.732479
6	22	10	0	28	19	14	32	6	14	825.97	1		10.146568


-------------------------------------------------------------------------------------------------------------------
Tour_Id:			14
No_of_Customers:		5
No_of_Items:			14
Customer_Sequence:		46 9 10 43 2 

CustId	Id	TypeId	Rotated	x	y	z	Length	Width	Height	mass	Fragility	LoadBearingStrength
2	6	6	0	0	0	0	28	10	11	541.07	0		11.257221
2	5	2	0	0	10	0	20	7	12	267.81	0		18.732479
43	142	5	0	20	10	0	33	14	12	1511.32	0		21.380567
43	140	2	0	0	17	0	20	7	12	267.81	0		18.732479
43	141	3	0	0	10	12	18	12	13	683.10	0		41.352643
9	27	1	0	0	0	11	15	7	14	272.16	0		27.654072
10	33	2	0	18	10	12	20	7	12	267.81	0		18.732479
9	30	6	0	28	0	0	28	10	11	541.07	0		11.257221
9	29	4	0	15	0	11	35	5	8	162.36	1		1.942046
9	31	8	0	18	17	12	12	8	11	121.76	0		14.009224
9	28	4	0	15	5	11	35	5	8	162.36	1		1.942046
10	32	2	0	38	10	12	20	7	12	267.81	0		18.732479
46	153	9	0	30	17	12	28	6	13	522.96	0		9.936862
46	152	4	0	15	0	19	35	5	8	162.36	1		1.942046


-------------------------------------------------------------------------------------------------------------------
Tour_Id:			15
No_of_Customers:		4
No_of_Items:			12
Customer_Sequence:		35 60 48 30 

CustId	Id	TypeId	Rotated	x	y	z	Length	Width	Height	mass	Fragility	LoadBearingStrength
30	99	9	0	0	0	0	28	6	13	522.96	0		9.936862
30	97	2	0	0	6	0	20	7	12	267.81	0		18.732479
30	98	8	0	0	13	0	12	8	11	121.76	0		14.009224
48	158	2	0	0	6	12	20	7	12	267.81	0		18.732479
48	159	8	0	0	13	11	12	8	11	121.76	0		14.009224
60	197	3	0	12	13	0	18	12	13	683.10	0		41.352643
60	198	4	0	0	0	13	35	5	8	162.36	1		1.942046
60	199	7	0	35	0	0	25	14	14	936.11	0		90.128445
60	200	9	0	30	14	0	28	6	13	522.96	0		9.936862
35	116	7	0	35	0	14	25	14	14	936.11	0		90.128445
35	115	6	0	12	14	13	28	10	11	541.07	0		11.257221
35	114	2	0	40	14	13	20	7	12	267.81	0		18.732479


-------------------------------------------------------------------------------------------------------------------
Tour_Id:			16
No_of_Customers:		3
No_of_Items:			11
Customer_Sequence:		31 22 56 

CustId	Id	TypeId	Rotated	x	y	z	Length	Width	Height	mass	Fragility	LoadBearingStrength
56	183	3	0	0	0	0	18	12	13	683.10	0		41.352643
56	184	3	0	0	12	0	18	12	13	683.10	0		41.352643
56	185	3	0	0	0	13	18	12	13	683.10	0		41.352643
22	72	7	0	18	0	0	25	14	14	936.11	0		90.128445
22	73	9	0	18	14	0	28	6	13	522.96	0		9.936862
22	71	2	0	0	14	13	20	7	12	267.81	0		18.732479
31	102	5	0	18	0	14	33	14	12	1511.32	0		21.380567
31	100	3	1	46	0	0	18	12	13	683.10	0		41.352643
31	104	10	0	20	14	13	32	6	14	825.97	1		10.146568
31	103	8	1	52	0	13	12	8	11	121.76	0		14.009224
31	101	4	0	20	20	0	35	5	8	162.36	1		1.942046


-------------------------------------------------------------------------------------------------------------------
Tour_Id:			17
No_of_Customers:		4
No_of_Items:			13
Customer_Sequence:		16 47 7 59 

CustId	Id	TypeId	Rotated	x	y	z	Length	Width	Height	mass	Fragility	LoadBearingStrength
59	195	9	0	0	0	0	28	6	13	522.96	0		9.936862
59	194	3	0	0	6	0	18	12	13	683.10	0		41.352643
7	24	5	0	18	6	0	33	14	12	1511.32	0		21.380567
59	193	1	0	0	18	0	15	7	14	272.16	0		27.654072
47	156	7	0	0	0	13	25	14	14	936.11	0		90.128445
7	23	4	0	18	20	0	35	5	8	162.36	1		1.942046
59	196	9	0	28	0	0	28	6	13	522.96	0		9.936862
47	157	9	0	25	0	13	28	6	13	522.96	0		9.936862
47	154	1	0	0	18	14	15	7	14	272.16	0		27.654072
47	155	4	0	15	20	8	35	5	8	162.36	1		1.942046
16	49	7	0	25	6	12	25	14	14	936.11	0		90.128445
16	50	8	1	51	6	0	12	8	11	121.76	0		14.009224
16	48	4	0	15	20	16	35	5	8	162.36	1		1.942046


