Name:				100_n060_m200_bt10
Problem:			3L-VRPTW
Number_of_used_Vehicles:	18
Total_Travel_Distance:		1339.79
Calculation_Time:		464.63
Total_Iterations:		20111
ConstraintSet:			P1

-------------------------------------------------------------------------------------------------------------------
Tour_Id:			1
No_of_Customers:		4
No_of_Items:			11
Customer_Sequence:		56 9 49 3 

CustId	Id	TypeId	Rotated	x	y	z	Length	Width	Height	mass	Fragility	LoadBearingStrength
3	7	6	0	0	0	0	33	12	13	626.53	0		16.725644
3	6	4	0	0	12	0	24	6	7	460.18	0		19.965749
9	27	2	0	0	0	13	32	14	12	950.83	1		5.400887
49	158	10	0	0	18	0	27	7	13	684.44	0		38.037190
49	156	7	0	27	14	0	22	10	13	1205.33	0		49.844580
49	157	9	0	27	14	13	16	10	6	449.72	0		26.403233
9	28	9	0	27	14	19	16	10	6	449.72	0		26.403233
3	8	9	0	33	0	0	16	10	6	449.72	0		26.403233
56	182	7	1	49	0	0	22	10	13	1205.33	0		49.844580
56	183	8	0	33	0	6	14	12	9	457.13	0		10.926512
56	184	8	0	32	0	15	14	12	9	457.13	0		10.926512


-------------------------------------------------------------------------------------------------------------------
Tour_Id:			2
No_of_Customers:		3
No_of_Items:			9
Customer_Sequence:		43 29 51 

CustId	Id	TypeId	Rotated	x	y	z	Length	Width	Height	mass	Fragility	LoadBearingStrength
29	92	1	0	0	0	0	24	13	7	510.50	0		36.822728
51	164	6	0	0	13	0	33	12	13	626.53	0		16.725644
51	163	5	0	0	13	13	30	9	12	1521.81	1		4.837937
43	141	6	0	24	0	0	33	12	13	626.53	0		16.725644
29	93	3	0	0	0	7	21	13	10	397.44	0		10.216862
29	94	3	0	0	0	17	21	13	10	397.44	0		10.216862
29	95	10	0	33	13	0	27	7	13	684.44	0		38.037190
43	139	3	0	24	0	13	21	13	10	397.44	0		10.216862
43	140	5	0	30	13	13	30	9	12	1521.81	1		4.837937


-------------------------------------------------------------------------------------------------------------------
Tour_Id:			3
No_of_Customers:		3
No_of_Items:			10
Customer_Sequence:		14 60 39 

CustId	Id	TypeId	Rotated	x	y	z	Length	Width	Height	mass	Fragility	LoadBearingStrength
39	126	8	0	0	0	0	14	12	9	457.13	0		10.926512
60	198	6	0	0	12	0	33	12	13	626.53	0		16.725644
39	128	9	0	0	0	9	16	10	6	449.72	0		26.403233
60	199	7	0	0	12	13	22	10	13	1205.33	0		49.844580
39	129	9	0	0	0	15	16	10	6	449.72	0		26.403233
39	127	8	0	0	0	21	14	12	9	457.13	0		10.926512
60	197	6	0	16	0	0	33	12	13	626.53	0		16.725644
60	200	10	0	16	0	13	27	7	13	684.44	0		38.037190
14	42	7	0	33	12	0	22	10	13	1205.33	0		49.844580
14	41	2	0	22	7	13	32	14	12	950.83	1		5.400887


-------------------------------------------------------------------------------------------------------------------
Tour_Id:			4
No_of_Customers:		3
No_of_Items:			11
Customer_Sequence:		20 55 50 

CustId	Id	TypeId	Rotated	x	y	z	Length	Width	Height	mass	Fragility	LoadBearingStrength
50	159	3	0	0	0	0	21	13	10	397.44	0		10.216862
50	161	6	0	0	13	0	33	12	13	626.53	0		16.725644
55	178	3	0	0	0	10	21	13	10	397.44	0		10.216862
50	160	5	0	0	13	13	30	9	12	1521.81	1		4.837937
55	181	10	0	21	0	0	27	7	13	684.44	0		38.037190
50	162	8	0	33	13	0	14	12	9	457.13	0		10.926512
20	59	3	0	0	0	20	21	13	10	397.44	0		10.216862
55	180	8	0	33	13	9	14	12	9	457.13	0		10.926512
55	179	7	1	48	0	0	22	10	13	1205.33	0		49.844580
20	61	10	0	21	0	13	27	7	13	684.44	0		38.037190
20	60	4	1	48	0	13	24	6	7	460.18	0		19.965749


-------------------------------------------------------------------------------------------------------------------
Tour_Id:			5
No_of_Customers:		3
No_of_Items:			9
Customer_Sequence:		12 46 18 

CustId	Id	TypeId	Rotated	x	y	z	Length	Width	Height	mass	Fragility	LoadBearingStrength
18	53	7	0	0	0	0	22	10	13	1205.33	0		49.844580
18	54	10	0	0	10	0	27	7	13	684.44	0		38.037190
46	149	3	0	0	0	13	21	13	10	397.44	0		10.216862
12	37	7	0	22	0	0	22	10	13	1205.33	0		49.844580
46	150	9	0	0	0	23	16	10	6	449.72	0		26.403233
18	55	10	0	0	17	0	27	7	13	684.44	0		38.037190
12	36	6	0	0	13	13	33	12	13	626.53	0		16.725644
46	148	2	0	27	10	0	32	14	12	950.83	1		5.400887
12	35	1	0	21	0	13	24	13	7	510.50	0		36.822728


-------------------------------------------------------------------------------------------------------------------
Tour_Id:			6
No_of_Customers:		3
No_of_Items:			11
Customer_Sequence:		33 4 26 

CustId	Id	TypeId	Rotated	x	y	z	Length	Width	Height	mass	Fragility	LoadBearingStrength
26	79	1	0	0	0	0	24	13	7	510.50	0		36.822728
26	80	3	0	0	0	7	21	13	10	397.44	0		10.216862
26	82	8	0	0	13	0	14	12	9	457.13	0		10.926512
26	83	9	0	0	13	9	16	10	6	449.72	0		26.403233
26	81	5	0	16	13	0	30	9	12	1521.81	1		4.837937
4	10	7	0	0	0	17	22	10	13	1205.33	0		49.844580
4	11	8	0	0	13	15	14	12	9	457.13	0		10.926512
4	9	5	0	16	13	12	30	9	12	1521.81	1		4.837937
33	110	6	0	24	0	0	33	12	13	626.53	0		16.725644
33	109	3	0	24	0	13	21	13	10	397.44	0		10.216862
33	111	8	0	45	0	13	14	12	9	457.13	0		10.926512


-------------------------------------------------------------------------------------------------------------------
Tour_Id:			7
No_of_Customers:		2
No_of_Items:			9
Customer_Sequence:		10 59 

CustId	Id	TypeId	Rotated	x	y	z	Length	Width	Height	mass	Fragility	LoadBearingStrength
59	192	3	0	0	0	0	21	13	10	397.44	0		10.216862
59	196	10	0	0	13	0	27	7	13	684.44	0		38.037190
59	194	8	0	0	0	10	14	12	9	457.13	0		10.926512
59	195	9	0	0	0	19	16	10	6	449.72	0		26.403233
59	193	5	0	21	0	0	30	9	12	1521.81	1		4.837937
10	32	10	0	0	13	13	27	7	13	684.44	0		38.037190
10	29	8	0	27	9	0	14	12	9	457.13	0		10.926512
10	30	8	0	27	9	9	14	12	9	457.13	0		10.926512
10	31	9	0	27	9	18	16	10	6	449.72	0		26.403233


-------------------------------------------------------------------------------------------------------------------
Tour_Id:			8
No_of_Customers:		4
No_of_Items:			12
Customer_Sequence:		44 41 34 40 

CustId	Id	TypeId	Rotated	x	y	z	Length	Width	Height	mass	Fragility	LoadBearingStrength
34	112	1	0	0	0	0	24	13	7	510.50	0		36.822728
40	132	7	0	0	13	0	22	10	13	1205.33	0		49.844580
40	131	6	0	22	13	0	33	12	13	626.53	0		16.725644
34	113	4	0	0	0	7	24	6	7	460.18	0		19.965749
40	130	5	0	0	13	13	30	9	12	1521.81	1		4.837937
34	114	5	0	24	0	0	30	9	12	1521.81	1		4.837937
41	133	4	0	0	0	14	24	6	7	460.18	0		19.965749
44	143	8	0	30	13	13	14	12	9	457.13	0		10.926512
41	134	4	0	0	0	21	24	6	7	460.18	0		19.965749
44	142	8	0	44	13	13	14	12	9	457.13	0		10.926512
41	135	5	0	24	0	12	30	9	12	1521.81	1		4.837937
44	144	9	0	30	13	22	16	10	6	449.72	0		26.403233


-------------------------------------------------------------------------------------------------------------------
Tour_Id:			9
No_of_Customers:		2
No_of_Items:			8
Customer_Sequence:		54 37 

CustId	Id	TypeId	Rotated	x	y	z	Length	Width	Height	mass	Fragility	LoadBearingStrength
37	122	2	0	0	0	0	32	14	12	950.83	1		5.400887
37	123	4	0	0	14	0	24	6	7	460.18	0		19.965749
37	121	1	0	32	0	0	24	13	7	510.50	0		36.822728
54	174	3	0	32	0	7	21	13	10	397.44	0		10.216862
54	173	1	0	32	0	17	24	13	7	510.50	0		36.822728
54	176	8	0	32	13	0	14	12	9	457.13	0		10.926512
54	177	9	0	32	13	9	16	10	6	449.72	0		26.403233
54	175	5	0	0	0	12	30	9	12	1521.81	1		4.837937


-------------------------------------------------------------------------------------------------------------------
Tour_Id:			10
No_of_Customers:		4
No_of_Items:			14
Customer_Sequence:		21 48 28 7 

CustId	Id	TypeId	Rotated	x	y	z	Length	Width	Height	mass	Fragility	LoadBearingStrength
7	23	6	0	0	0	0	33	12	13	626.53	0		16.725644
7	24	8	0	0	12	0	14	12	9	457.13	0		10.926512
7	21	3	0	0	0	13	21	13	10	397.44	0		10.216862
28	90	8	0	0	13	9	14	12	9	457.13	0		10.926512
28	88	7	0	14	13	0	22	10	13	1205.33	0		49.844580
48	154	1	0	0	0	23	24	13	7	510.50	0		36.822728
7	22	4	0	33	0	0	24	6	7	460.18	0		19.965749
28	89	8	0	0	13	18	14	12	9	457.13	0		10.926512
48	155	9	0	14	13	13	16	10	6	449.72	0		26.403233
28	91	10	0	33	6	0	27	7	13	684.44	0		38.037190
28	87	3	0	21	0	13	21	13	10	397.44	0		10.216862
21	62	7	0	36	13	0	22	10	13	1205.33	0		49.844580
21	64	10	0	30	13	13	27	7	13	684.44	0		38.037190
21	63	8	0	14	13	19	14	12	9	457.13	0		10.926512


-------------------------------------------------------------------------------------------------------------------
Tour_Id:			11
No_of_Customers:		3
No_of_Items:			11
Customer_Sequence:		30 2 22 

CustId	Id	TypeId	Rotated	x	y	z	Length	Width	Height	mass	Fragility	LoadBearingStrength
22	65	1	0	0	0	0	24	13	7	510.50	0		36.822728
22	69	5	0	0	13	0	30	9	12	1521.81	1		4.837937
22	67	1	0	0	0	7	24	13	7	510.50	0		36.822728
22	68	1	0	0	0	14	24	13	7	510.50	0		36.822728
22	66	1	0	0	0	21	24	13	7	510.50	0		36.822728
2	3	3	0	24	0	0	21	13	10	397.44	0		10.216862
2	4	5	0	0	13	12	30	9	12	1521.81	1		4.837937
30	97	10	0	24	0	10	27	7	13	684.44	0		38.037190
2	5	10	0	30	13	0	27	7	13	684.44	0		38.037190
30	98	10	0	30	13	13	27	7	13	684.44	0		38.037190
30	96	8	0	45	0	0	14	12	9	457.13	0		10.926512


-------------------------------------------------------------------------------------------------------------------
Tour_Id:			12
No_of_Customers:		4
No_of_Items:			13
Customer_Sequence:		42 15 31 38 

CustId	Id	TypeId	Rotated	x	y	z	Length	Width	Height	mass	Fragility	LoadBearingStrength
31	99	1	0	0	0	0	24	13	7	510.50	0		36.822728
38	124	7	0	0	13	0	22	10	13	1205.33	0		49.844580
31	102	4	0	0	0	7	24	6	7	460.18	0		19.965749
31	101	4	0	0	6	7	24	6	7	460.18	0		19.965749
38	125	8	0	0	13	13	14	12	9	457.13	0		10.926512
15	45	9	0	0	0	14	16	10	6	449.72	0		26.403233
31	100	2	0	24	0	0	32	14	12	950.83	1		5.400887
15	44	7	0	22	14	0	22	10	13	1205.33	0		49.844580
31	103	9	0	0	13	22	16	10	6	449.72	0		26.403233
15	43	1	0	16	12	13	24	13	7	510.50	0		36.822728
42	136	3	0	16	12	20	21	13	10	397.44	0		10.216862
42	138	8	0	0	0	20	14	12	9	457.13	0		10.926512
42	137	5	0	24	0	12	30	9	12	1521.81	1		4.837937


-------------------------------------------------------------------------------------------------------------------
Tour_Id:			13
No_of_Customers:		4
No_of_Items:			13
Customer_Sequence:		24 23 58 17 

CustId	Id	TypeId	Rotated	x	y	z	Length	Width	Height	mass	Fragility	LoadBearingStrength
17	51	6	0	0	0	0	33	12	13	626.53	0		16.725644
17	50	3	0	0	12	0	21	13	10	397.44	0		10.216862
58	189	1	0	0	12	10	24	13	7	510.50	0		36.822728
58	190	6	0	0	0	13	33	12	13	626.53	0		16.725644
58	191	10	0	0	12	17	27	7	13	684.44	0		38.037190
17	52	8	0	21	12	0	14	12	9	457.13	0		10.926512
23	72	10	0	33	0	0	27	7	13	684.44	0		38.037190
23	73	10	0	33	0	13	27	7	13	684.44	0		38.037190
23	70	8	0	35	12	0	14	12	9	457.13	0		10.926512
23	71	9	0	35	12	9	16	10	6	449.72	0		26.403233
24	75	8	0	35	12	15	14	12	9	457.13	0		10.926512
24	74	4	0	0	19	17	24	6	7	460.18	0		19.965749
24	76	9	0	35	12	24	16	10	6	449.72	0		26.403233


-------------------------------------------------------------------------------------------------------------------
Tour_Id:			14
No_of_Customers:		4
No_of_Items:			11
Customer_Sequence:		36 8 47 45 

CustId	Id	TypeId	Rotated	x	y	z	Length	Width	Height	mass	Fragility	LoadBearingStrength
45	146	7	0	0	0	0	22	10	13	1205.33	0		49.844580
45	147	10	0	0	10	0	27	7	13	684.44	0		38.037190
45	145	2	0	27	0	0	32	14	12	950.83	1		5.400887
47	151	1	0	0	0	13	24	13	7	510.50	0		36.822728
47	152	4	0	0	17	0	24	6	7	460.18	0		19.965749
36	118	7	0	27	14	0	22	10	13	1205.33	0		49.844580
8	26	4	0	0	17	7	24	6	7	460.18	0		19.965749
8	25	2	0	27	0	12	32	14	12	950.83	1		5.400887
47	153	9	0	0	0	20	16	10	6	449.72	0		26.403233
36	119	7	0	27	14	13	22	10	13	1205.33	0		49.844580
36	120	10	0	0	17	14	27	7	13	684.44	0		38.037190


-------------------------------------------------------------------------------------------------------------------
Tour_Id:			15
No_of_Customers:		4
No_of_Items:			12
Customer_Sequence:		19 35 25 57 

CustId	Id	TypeId	Rotated	x	y	z	Length	Width	Height	mass	Fragility	LoadBearingStrength
25	78	6	0	0	0	0	33	12	13	626.53	0		16.725644
57	185	3	0	0	12	0	21	13	10	397.44	0		10.216862
57	188	9	0	0	12	10	16	10	6	449.72	0		26.403233
57	186	6	0	21	12	0	33	12	13	626.53	0		16.725644
57	187	9	0	0	12	16	16	10	6	449.72	0		26.403233
25	77	5	0	0	0	13	30	9	12	1521.81	1		4.837937
19	56	6	0	21	12	13	33	12	13	626.53	0		16.725644
35	116	4	0	33	0	0	24	6	7	460.18	0		19.965749
35	117	4	0	33	6	0	24	6	7	460.18	0		19.965749
35	115	4	0	33	0	7	24	6	7	460.18	0		19.965749
19	58	10	0	30	0	14	27	7	13	684.44	0		38.037190
19	57	9	0	0	12	22	16	10	6	449.72	0		26.403233


-------------------------------------------------------------------------------------------------------------------
Tour_Id:			16
No_of_Customers:		3
No_of_Items:			11
Customer_Sequence:		13 52 53 

CustId	Id	TypeId	Rotated	x	y	z	Length	Width	Height	mass	Fragility	LoadBearingStrength
53	170	3	0	0	0	0	21	13	10	397.44	0		10.216862
53	172	10	0	0	13	0	27	7	13	684.44	0		38.037190
53	169	1	0	0	0	10	24	13	7	510.50	0		36.822728
53	171	9	0	0	0	17	16	10	6	449.72	0		26.403233
52	166	3	0	24	0	0	21	13	10	397.44	0		10.216862
52	165	1	0	24	0	10	24	13	7	510.50	0		36.822728
52	167	5	0	16	0	17	30	9	12	1521.81	1		4.837937
13	40	6	0	27	13	0	33	12	13	626.53	0		16.725644
13	38	5	0	0	13	13	30	9	12	1521.81	1		4.837937
52	168	8	0	45	0	0	14	12	9	457.13	0		10.926512
13	39	5	0	30	13	13	30	9	12	1521.81	1		4.837937


-------------------------------------------------------------------------------------------------------------------
Tour_Id:			17
No_of_Customers:		3
No_of_Items:			13
Customer_Sequence:		6 32 16 

CustId	Id	TypeId	Rotated	x	y	z	Length	Width	Height	mass	Fragility	LoadBearingStrength
16	47	7	0	0	0	0	22	10	13	1205.33	0		49.844580
16	48	8	0	0	10	0	14	12	9	457.13	0		10.926512
16	46	3	0	0	0	13	21	13	10	397.44	0		10.216862
16	49	8	0	0	13	9	14	12	9	457.13	0		10.926512
32	107	6	0	14	13	0	33	12	13	626.53	0		16.725644
32	105	3	0	22	0	0	21	13	10	397.44	0		10.216862
32	108	8	0	0	13	18	14	12	9	457.13	0		10.926512
32	104	1	0	0	0	23	24	13	7	510.50	0		36.822728
32	106	4	0	14	13	13	24	6	7	460.18	0		19.965749
6	18	7	0	24	0	10	22	10	13	1205.33	0		49.844580
6	19	7	1	47	0	0	22	10	13	1205.33	0		49.844580
6	20	8	0	38	13	13	14	12	9	457.13	0		10.926512
6	17	4	0	14	19	13	24	6	7	460.18	0		19.965749


-------------------------------------------------------------------------------------------------------------------
Tour_Id:			18
No_of_Customers:		4
No_of_Items:			12
Customer_Sequence:		11 27 5 1 

CustId	Id	TypeId	Rotated	x	y	z	Length	Width	Height	mass	Fragility	LoadBearingStrength
5	12	6	0	0	0	0	33	12	13	626.53	0		16.725644
1	1	5	0	0	12	0	30	9	12	1521.81	1		4.837937
1	2	9	0	30	12	0	16	10	6	449.72	0		26.403233
27	84	8	0	0	0	13	14	12	9	457.13	0		10.926512
5	13	7	0	33	0	0	22	10	13	1205.33	0		49.844580
5	15	8	0	30	12	6	14	12	9	457.13	0		10.926512
11	33	6	0	14	0	13	33	12	13	626.53	0		16.725644
27	86	9	1	0	0	22	16	10	6	449.72	0		26.403233
5	16	9	0	30	12	15	16	10	6	449.72	0		26.403233
5	14	8	0	46	12	0	14	12	9	457.13	0		10.926512
27	85	8	0	30	12	21	14	12	9	457.13	0		10.926512
11	34	8	0	46	12	9	14	12	9	457.13	0		10.926512


