Name:				103_n060_m200_bt100
Problem:			3L-VRPTW
Number_of_used_Vehicles:	17
Total_Travel_Distance:		1363.90
Calculation_Time:		503.35
Total_Iterations:		25001
ConstraintSet:			P1

-------------------------------------------------------------------------------------------------------------------
Tour_Id:			1
No_of_Customers:		3
No_of_Items:			11
Customer_Sequence:		45 33 11 

CustId	Id	TypeId	Rotated	x	y	z	Length	Width	Height	mass	Fragility	LoadBearingStrength
11	38	86	0	0	0	0	24	13	11	802.91	0		29.957387
11	36	39	0	0	13	0	25	9	8	448.13	0		18.794047
11	35	29	0	0	13	8	21	7	6	320.99	0		83.862993
33	107	62	0	0	0	11	15	12	11	843.79	0		33.516202
11	34	17	0	0	13	14	16	6	14	479.28	1		12.010000
33	106	10	0	24	0	0	21	13	9	594.31	0		20.174991
11	37	79	0	25	13	0	22	10	14	938.80	1		5.409326
33	108	63	0	0	0	22	20	11	8	499.18	0		63.743234
33	109	75	0	16	13	14	30	8	12	295.67	1		1.856658
45	151	27	0	24	0	9	14	13	12	239.84	0		3.256509
45	152	94	1	47	0	0	21	5	13	736.18	0		72.710079


-------------------------------------------------------------------------------------------------------------------
Tour_Id:			2
No_of_Customers:		3
No_of_Items:			11
Customer_Sequence:		21 29 7 

CustId	Id	TypeId	Rotated	x	y	z	Length	Width	Height	mass	Fragility	LoadBearingStrength
7	23	96	0	0	0	0	34	11	13	1403.91	0		28.508077
29	93	3	0	0	11	0	27	8	11	1073.45	0		223.694938
29	95	88	0	0	0	13	25	14	8	1126.60	0		128.616668
29	96	89	0	0	0	21	29	7	8	222.18	0		5.116765
21	67	80	0	0	19	0	27	6	13	949.92	1		18.308602
7	22	84	0	34	0	0	19	9	12	251.76	0		51.683824
21	64	58	0	27	11	0	30	13	9	2998.85	0		68.836266
21	65	68	0	27	11	9	33	11	7	842.67	0		22.175177
21	66	71	0	0	14	11	19	5	12	485.82	0		27.583146
21	63	50	0	27	11	16	14	12	13	494.22	1		10.908701
29	94	56	0	34	0	12	20	10	10	918.71	0		33.167680


-------------------------------------------------------------------------------------------------------------------
Tour_Id:			3
No_of_Customers:		3
No_of_Items:			13
Customer_Sequence:		55 49 4 

CustId	Id	TypeId	Rotated	x	y	z	Length	Width	Height	mass	Fragility	LoadBearingStrength
4	10	15	0	0	0	0	30	14	8	800.51	0		112.580118
49	163	52	0	0	14	0	25	5	11	483.77	0		24.900039
4	14	91	0	0	0	8	28	9	12	549.48	0		25.395348
4	11	35	0	0	19	0	20	6	9	623	1		8.546751
4	13	73	0	0	0	20	12	12	10	462.54	0		20.587903
49	165	83	0	0	14	11	23	5	9	235.98	0		11.204407
55	182	16	0	30	0	0	24	12	9	739.43	0		15.315564
49	162	30	0	30	12	0	30	13	10	3415.22	0		25.822609
4	12	54	0	12	0	20	14	8	7	125.49	0		8.953208
49	161	17	0	0	19	9	16	6	14	479.28	1		12.010000
55	184	91	0	28	0	9	28	9	12	549.48	0		25.395348
49	164	52	0	30	12	10	25	5	11	483.77	0		24.900039
55	183	49	0	25	17	10	23	8	9	563.72	0		28.520264


-------------------------------------------------------------------------------------------------------------------
Tour_Id:			4
No_of_Customers:		4
No_of_Items:			12
Customer_Sequence:		19 8 53 18 

CustId	Id	TypeId	Rotated	x	y	z	Length	Width	Height	mass	Fragility	LoadBearingStrength
53	177	36	0	0	0	0	12	6	9	188.59	1		10.422858
18	57	37	0	0	6	0	19	14	8	720.20	0		183.757291
53	179	95	0	0	6	8	22	12	6	272.16	0		6.947724
53	178	48	0	22	0	0	31	13	10	5282.80	1		58.427772
53	176	32	0	0	6	14	20	7	13	646.22	0		43.932313
18	56	21	0	0	20	0	24	5	9	363.28	0		34.759405
8	24	9	0	24	13	0	33	10	14	2022.08	0		23.497404
8	26	98	0	22	0	10	28	10	7	773.61	1		8.516611
8	25	67	0	0	13	14	12	6	14	222.32	0		13.189756
19	58	2	0	12	13	14	27	9	14	1360.30	0		65.723804
19	60	50	0	22	0	17	14	12	13	494.22	1		10.908701
19	59	27	0	39	10	14	14	13	12	239.84	0		3.256509


-------------------------------------------------------------------------------------------------------------------
Tour_Id:			5
No_of_Customers:		3
No_of_Items:			12
Customer_Sequence:		14 23 9 

CustId	Id	TypeId	Rotated	x	y	z	Length	Width	Height	mass	Fragility	LoadBearingStrength
9	29	28	0	0	0	0	34	14	10	712.45	0		37.297288
23	76	81	0	0	0	10	26	14	14	1901.88	0		26.870688
9	27	1	0	0	14	0	21	10	9	822.57	0		57.986993
9	31	98	0	0	14	9	28	10	7	773.61	1		8.516611
23	75	69	0	28	14	0	32	9	12	1561.41	0		30.019084
9	30	66	0	34	0	0	18	13	9	402.52	0		25.031457
9	28	17	0	0	14	16	16	6	14	479.28	1		12.010000
14	45	61	0	34	0	9	23	13	8	810.48	0		81.597096
23	73	17	0	16	14	16	16	6	14	479.28	1		12.010000
23	74	33	0	32	13	12	18	7	13	216.85	1		4.631995
14	46	85	0	34	0	17	14	12	11	324.57	0		15.984695
14	44	41	0	0	0	24	33	9	6	425.98	0		28.192372


-------------------------------------------------------------------------------------------------------------------
Tour_Id:			6
No_of_Customers:		3
No_of_Items:			13
Customer_Sequence:		34 35 44 

CustId	Id	TypeId	Rotated	x	y	z	Length	Width	Height	mass	Fragility	LoadBearingStrength
44	146	18	0	0	0	0	16	14	12	332.12	0		42.957893
44	149	61	0	16	0	0	23	13	8	810.48	0		81.597096
44	148	54	0	0	14	0	14	8	7	125.49	0		8.953208
35	114	26	0	0	0	12	18	10	12	1146.80	0		194.367810
44	147	38	0	14	14	0	26	11	7	519.16	1		2.628906
35	117	94	0	18	0	8	21	5	13	736.18	0		72.710079
35	115	32	0	18	5	8	20	7	13	646.22	0		43.932313
44	150	95	1	40	0	0	22	12	6	272.16	0		6.947724
35	116	75	0	0	14	7	30	8	12	295.67	1		1.856658
35	113	7	0	18	0	21	19	14	7	516.46	1		5.815462
34	112	88	1	40	0	6	25	14	8	1126.60	0		128.616668
34	111	85	0	39	0	14	14	12	11	324.57	0		15.984695
34	110	64	0	0	14	19	28	9	7	179.41	1		2.991885


-------------------------------------------------------------------------------------------------------------------
Tour_Id:			7
No_of_Customers:		3
No_of_Items:			10
Customer_Sequence:		43 17 26 

CustId	Id	TypeId	Rotated	x	y	z	Length	Width	Height	mass	Fragility	LoadBearingStrength
26	83	9	0	0	0	0	33	10	14	2022.08	0		23.497404
26	84	62	0	0	10	0	15	12	11	843.79	0		33.516202
17	55	89	0	0	0	14	29	7	8	222.18	0		5.116765
26	82	6	0	15	10	0	24	8	6	288.46	0		17.286706
17	52	4	0	39	0	0	19	14	13	907.20	0		24.115391
17	54	73	0	0	10	11	12	12	10	462.54	0		20.587903
17	53	11	0	15	18	0	22	6	9	289.10	1		9.149313
43	145	90	0	39	14	0	18	10	12	754.97	0		17.518866
43	143	1	0	39	14	12	21	10	9	822.57	0		57.986993
43	144	50	0	39	0	13	14	12	13	494.22	1		10.908701


-------------------------------------------------------------------------------------------------------------------
Tour_Id:			8
No_of_Customers:		5
No_of_Items:			15
Customer_Sequence:		10 41 48 58 39 

CustId	Id	TypeId	Rotated	x	y	z	Length	Width	Height	mass	Fragility	LoadBearingStrength
39	132	96	0	0	0	0	34	11	13	1403.91	0		28.508077
39	130	51	0	0	11	0	19	7	12	309.04	0		24.854404
58	194	82	0	0	18	0	33	7	6	144.59	1		2.239526
58	192	52	0	0	11	12	25	5	11	483.77	0		24.900039
39	131	53	0	0	0	13	15	7	8	362.09	0		31.866666
58	191	33	0	0	18	6	18	7	13	216.85	1		4.631995
58	190	11	0	0	18	19	22	6	9	289.10	1		9.149313
41	138	38	0	33	11	0	26	11	7	519.16	1		2.628906
48	160	84	0	15	0	13	19	9	12	251.76	0		51.683824
48	159	78	0	0	11	23	29	5	7	192.32	0		33.110950
41	139	52	0	34	0	0	25	5	11	483.77	0		24.900039
41	140	59	0	29	11	7	31	9	14	1200.36	1		5.872731
58	193	71	0	34	5	0	19	5	12	485.82	0		27.583146
10	33	98	0	29	11	21	28	10	7	773.61	1		8.516611
10	32	35	0	34	5	12	20	6	9	623	1		8.546751


-------------------------------------------------------------------------------------------------------------------
Tour_Id:			9
No_of_Customers:		3
No_of_Items:			12
Customer_Sequence:		1 37 31 

CustId	Id	TypeId	Rotated	x	y	z	Length	Width	Height	mass	Fragility	LoadBearingStrength
31	101	30	0	0	0	0	30	13	10	3415.22	0		25.822609
31	100	13	0	0	13	0	21	7	7	428.47	0		55.892243
31	102	59	0	0	0	10	31	9	14	1200.36	1		5.872731
37	121	34	0	0	20	0	12	5	13	236.87	0		51.409756
37	124	78	0	0	9	10	29	5	7	192.32	0		33.110950
37	125	99	0	31	0	0	29	8	12	299.38	0		10.257683
37	123	55	0	0	14	7	28	6	10	365.60	0		8.789452
1	4	76	0	0	9	17	26	14	12	1367.58	0		31.716097
37	122	36	0	28	14	0	12	6	9	188.59	1		10.422858
1	1	4	0	40	8	0	19	14	13	907.20	0		24.115391
1	2	37	0	40	8	13	19	14	8	720.20	0		183.757291
1	3	49	0	31	0	12	23	8	9	563.72	0		28.520264


-------------------------------------------------------------------------------------------------------------------
Tour_Id:			10
No_of_Customers:		5
No_of_Items:			14
Customer_Sequence:		3 36 20 30 52 

CustId	Id	TypeId	Rotated	x	y	z	Length	Width	Height	mass	Fragility	LoadBearingStrength
20	61	28	0	0	0	0	34	14	10	712.45	0		37.297288
52	175	91	0	0	14	0	28	9	12	549.48	0		25.395348
52	174	90	0	0	14	12	18	10	12	754.97	0		17.518866
36	118	42	0	0	0	10	19	14	6	227.25	0		6.417947
3	8	72	0	0	0	16	12	6	9	226.56	0		49.263994
30	98	8	0	18	14	12	12	9	7	255.01	1		5.310970
52	173	57	0	28	14	0	29	6	6	149.49	0		22.195249
20	62	56	0	34	0	0	20	10	10	918.71	0		33.167680
36	119	77	0	19	0	10	30	11	6	547.23	0		52.043854
36	120	97	0	0	6	16	17	7	10	379.01	1		12.874441
30	99	78	0	28	20	0	29	5	7	192.32	0		33.110950
3	7	31	0	12	0	16	18	6	14	1182.45	0		49.508370
3	9	73	0	30	0	16	12	12	10	462.54	0		20.587903
30	97	8	0	18	14	19	12	9	7	255.01	1		5.310970


-------------------------------------------------------------------------------------------------------------------
Tour_Id:			11
No_of_Customers:		3
No_of_Items:			9
Customer_Sequence:		40 2 25 

CustId	Id	TypeId	Rotated	x	y	z	Length	Width	Height	mass	Fragility	LoadBearingStrength
2	5	28	0	0	0	0	34	14	10	712.45	0		37.297288
25	81	75	0	0	14	0	30	8	12	295.67	1		1.856658
40	134	55	0	0	0	10	28	6	10	365.60	0		8.789452
2	6	75	0	0	6	10	30	8	12	295.67	1		1.856658
40	133	18	0	34	0	0	16	14	12	332.12	0		42.957893
40	137	85	0	34	0	12	14	12	11	324.57	0		15.984695
25	80	25	0	30	14	0	20	7	7	278.87	0		106.652730
40	135	59	0	0	14	12	31	9	14	1200.36	1		5.872731
40	136	79	1	50	0	0	22	10	14	938.80	1		5.409326


-------------------------------------------------------------------------------------------------------------------
Tour_Id:			12
No_of_Customers:		5
No_of_Items:			12
Customer_Sequence:		51 54 15 42 24 

CustId	Id	TypeId	Rotated	x	y	z	Length	Width	Height	mass	Fragility	LoadBearingStrength
24	79	53	0	0	0	0	15	7	8	362.09	0		31.866666
24	77	33	0	0	7	0	18	7	13	216.85	1		4.631995
42	141	28	0	18	0	0	34	14	10	712.45	0		37.297288
54	180	15	0	18	0	10	30	14	8	800.51	0		112.580118
42	142	99	0	0	14	0	29	8	12	299.38	0		10.257683
15	48	74	0	29	14	0	27	11	6	353.70	0		7.813799
51	171	82	0	0	14	12	33	7	6	144.59	1		2.239526
24	78	33	0	0	0	8	18	7	13	216.85	1		4.631995
54	181	40	0	18	0	18	13	12	9	600.56	1		16.548788
51	170	45	0	31	0	18	14	13	11	826.38	0		12.831781
51	172	93	0	33	14	6	19	5	11	468.92	0		263.459415
15	47	54	1	52	0	0	14	8	7	125.49	0		8.953208


-------------------------------------------------------------------------------------------------------------------
Tour_Id:			13
No_of_Customers:		3
No_of_Items:			8
Customer_Sequence:		6 32 46 

CustId	Id	TypeId	Rotated	x	y	z	Length	Width	Height	mass	Fragility	LoadBearingStrength
32	104	9	0	0	0	0	33	10	14	2022.08	0		23.497404
46	155	59	0	0	10	0	31	9	14	1200.36	1		5.872731
46	153	38	0	0	10	14	26	11	7	519.16	1		2.628906
6	21	69	0	0	0	14	32	9	12	1561.41	0		30.019084
32	103	2	0	31	10	0	27	9	14	1360.30	0		65.723804
32	105	70	0	31	10	14	12	12	9	719.72	0		31.284776
46	154	55	0	0	19	0	28	6	10	365.60	0		8.789452
6	20	8	0	31	10	23	12	9	7	255.01	1		5.310970


-------------------------------------------------------------------------------------------------------------------
Tour_Id:			14
No_of_Customers:		3
No_of_Items:			10
Customer_Sequence:		57 13 22 

CustId	Id	TypeId	Rotated	x	y	z	Length	Width	Height	mass	Fragility	LoadBearingStrength
22	68	4	0	0	0	0	19	14	13	907.20	0		24.115391
22	70	37	0	0	0	13	19	14	8	720.20	0		183.757291
22	72	89	0	0	14	0	29	7	8	222.18	0		5.116765
22	69	33	0	0	14	8	18	7	13	216.85	1		4.631995
13	43	77	0	19	0	0	30	11	6	547.23	0		52.043854
57	189	96	0	19	0	6	34	11	13	1403.91	0		28.508077
13	42	11	1	0	0	21	22	6	9	289.10	1		9.149313
22	71	59	0	29	14	0	31	9	14	1200.36	1		5.872731
57	188	56	0	19	0	19	20	10	10	918.71	0		33.167680
57	187	35	1	6	0	21	20	6	9	623	1		8.546751


-------------------------------------------------------------------------------------------------------------------
Tour_Id:			15
No_of_Customers:		3
No_of_Items:			12
Customer_Sequence:		5 47 38 

CustId	Id	TypeId	Rotated	x	y	z	Length	Width	Height	mass	Fragility	LoadBearingStrength
38	128	46	0	0	0	0	35	13	9	1065.49	0		21.851077
47	158	92	0	0	0	9	17	14	8	819.37	0		56.452328
38	129	65	0	0	14	0	35	8	12	1128.62	0		28.741717
5	18	61	0	17	0	9	23	13	8	810.48	0		81.597096
38	127	29	0	0	14	12	21	7	6	320.99	0		83.862993
47	157	29	0	0	14	18	21	7	6	320.99	0		83.862993
47	156	5	0	0	0	17	13	9	9	279.35	1		4.280498
5	19	69	0	13	0	17	32	9	12	1561.41	0		30.019084
5	17	60	0	35	14	0	25	8	14	547.55	0		22.389499
5	15	51	0	35	14	14	19	7	12	309.04	0		24.854404
38	126	8	0	35	0	0	12	9	7	255.01	1		5.310970
5	16	54	0	21	13	12	14	8	7	125.49	0		8.953208


-------------------------------------------------------------------------------------------------------------------
Tour_Id:			16
No_of_Customers:		3
No_of_Items:			12
Customer_Sequence:		59 50 28 

CustId	Id	TypeId	Rotated	x	y	z	Length	Width	Height	mass	Fragility	LoadBearingStrength
28	89	46	0	0	0	0	35	13	9	1065.49	0		21.851077
28	90	68	0	0	13	0	33	11	7	842.67	0		22.175177
28	91	77	0	0	13	7	30	11	6	547.23	0		52.043854
50	166	3	0	0	0	9	27	8	11	1073.45	0		223.694938
28	92	92	0	35	0	0	17	14	8	819.37	0		56.452328
50	167	4	0	35	0	8	19	14	13	907.20	0		24.115391
50	169	90	0	0	13	13	18	10	12	754.97	0		17.518866
28	88	32	0	33	14	0	20	7	13	646.22	0		43.932313
50	168	54	0	0	0	20	14	8	7	125.49	0		8.953208
59	195	23	0	18	14	13	35	5	13	337.83	0		8.409137
59	197	43	1	54	0	0	22	6	12	1831.03	0		627.902186
59	196	35	0	35	0	21	20	6	9	623	1		8.546751


-------------------------------------------------------------------------------------------------------------------
Tour_Id:			17
No_of_Customers:		5
No_of_Items:			14
Customer_Sequence:		56 27 60 12 16 

CustId	Id	TypeId	Rotated	x	y	z	Length	Width	Height	mass	Fragility	LoadBearingStrength
16	49	18	0	0	0	0	16	14	12	332.12	0		42.957893
16	51	77	0	0	14	0	30	11	6	547.23	0		52.043854
12	39	2	0	0	14	6	27	9	14	1360.30	0		65.723804
12	41	90	0	0	0	12	18	10	12	754.97	0		17.518866
60	198	43	0	18	0	0	22	6	12	1831.03	0		627.902186
12	40	77	0	30	14	0	30	11	6	547.23	0		52.043854
16	50	51	0	18	6	0	19	7	12	309.04	0		24.854404
60	199	90	0	18	0	12	18	10	12	754.97	0		17.518866
60	200	98	0	0	14	20	28	10	7	773.61	1		8.516611
27	85	16	0	28	13	6	24	12	9	739.43	0		15.315564
27	87	19	0	0	0	24	28	11	6	443.57	0		35.817353
27	86	17	0	28	13	15	16	6	14	479.28	1		12.010000
56	185	51	0	37	6	0	19	7	12	309.04	0		24.854404
56	186	94	0	28	19	15	21	5	13	736.18	0		72.710079


