Name:				104_n060_m200_bt100
Problem:			3L-VRPTW
Number_of_used_Vehicles:	17
Total_Travel_Distance:		1377.27
Calculation_Time:		867.00
Total_Iterations:		19157
ConstraintSet:			P1

-------------------------------------------------------------------------------------------------------------------
Tour_Id:			1
No_of_Customers:		3
No_of_Items:			11
Customer_Sequence:		37 49 31 

CustId	Id	TypeId	Rotated	x	y	z	Length	Width	Height	mass	Fragility	LoadBearingStrength
31	104	34	0	0	0	0	14	13	10	259.99	0		19.062501
31	105	77	0	0	13	0	25	12	14	722.93	0		34.411967
31	107	91	0	25	0	0	27	14	8	666.17	0		32.016703
49	166	52	0	0	0	10	15	12	14	464.69	0		95.659310
31	106	86	0	0	13	14	20	11	6	333.50	0		80.795851
49	165	23	0	0	12	20	14	6	6	184.48	1		8.134072
37	126	54	0	25	0	8	32	14	11	948.81	0		20.032426
37	125	32	0	20	0	19	32	8	7	408.41	0		10.970882
37	127	67	0	25	14	0	23	8	9	334.04	0		16.470836
37	128	86	0	0	0	24	20	11	6	333.50	0		80.795851
37	124	23	0	0	18	20	14	6	6	184.48	1		8.134072


-------------------------------------------------------------------------------------------------------------------
Tour_Id:			2
No_of_Customers:		3
No_of_Items:			11
Customer_Sequence:		17 48 55 

CustId	Id	TypeId	Rotated	x	y	z	Length	Width	Height	mass	Fragility	LoadBearingStrength
48	163	81	0	0	0	0	30	14	11	468.07	0		27.150597
55	184	42	0	0	14	0	16	10	13	484.87	0		9.957755
55	183	41	0	16	14	0	33	7	11	430.77	0		17.042579
48	162	68	0	0	0	11	23	5	11	140.41	0		12.394274
48	164	98	0	0	5	11	28	8	14	853.35	0		17.550321
48	161	43	0	30	0	0	29	14	8	964.17	0		201.799679
48	160	27	0	0	14	13	19	6	9	317.53	1		3.608866
17	57	89	0	30	0	8	30	11	12	805.55	0		12.181786
17	56	56	0	28	0	20	28	10	9	832.01	0		40.212340
17	55	32	0	19	13	11	32	8	7	408.41	0		10.970882
17	54	8	0	19	13	18	35	5	6	179.23	0		4.993020


-------------------------------------------------------------------------------------------------------------------
Tour_Id:			3
No_of_Customers:		4
No_of_Items:			14
Customer_Sequence:		38 41 21 36 

CustId	Id	TypeId	Rotated	x	y	z	Length	Width	Height	mass	Fragility	LoadBearingStrength
36	121	65	0	0	0	0	20	14	7	363.70	0		62.917807
36	120	18	0	20	0	0	31	12	7	667.47	0		40.572051
21	71	28	0	0	14	0	30	9	13	754.91	0		31.485409
21	72	41	0	0	0	7	33	7	11	430.77	0		17.042579
36	123	90	0	0	7	7	26	5	12	281	0		12.391367
41	142	89	0	0	14	13	30	11	12	805.55	0		12.181786
21	73	57	0	33	0	7	17	10	14	1680.86	0		62.339725
21	74	86	0	30	12	0	20	11	6	333.50	0		80.795851
36	122	80	0	0	7	19	32	5	11	204.77	1		3.048190
41	140	70	0	30	12	6	20	7	10	194.37	0		11.394771
41	141	70	0	30	12	16	20	7	10	194.37	0		11.394771
41	139	46	0	33	0	21	12	12	9	131.35	0		18.750824
38	130	88	1	51	0	0	17	9	12	567.92	0		21.002105
38	129	49	1	50	0	12	15	8	7	90.39	0		12.042249


-------------------------------------------------------------------------------------------------------------------
Tour_Id:			4
No_of_Customers:		4
No_of_Items:			13
Customer_Sequence:		60 29 40 27 

CustId	Id	TypeId	Rotated	x	y	z	Length	Width	Height	mass	Fragility	LoadBearingStrength
27	91	1	0	0	0	0	30	12	11	994.65	0		7.051276
27	92	52	0	0	12	0	15	12	14	464.69	0		95.659310
27	93	90	0	0	0	11	26	5	12	281	0		12.391367
40	138	88	0	0	12	14	17	9	12	567.92	0		21.002105
29	101	73	0	17	12	0	12	12	10	327.90	0		14.955806
40	137	59	0	0	5	11	26	5	10	203.46	0		20.184698
29	99	18	0	29	12	0	31	12	7	667.47	0		40.572051
40	136	29	0	30	0	0	21	12	9	466.20	0		11.747764
29	98	13	0	0	5	21	22	5	6	156.84	0		12.035036
29	100	30	0	29	12	7	20	12	10	370.62	1		1.799256
60	198	6	0	30	0	9	22	12	12	430.02	0		11.620254
60	199	56	0	26	0	21	28	10	9	832.01	0		40.212340
60	200	69	0	0	0	23	18	5	6	80.74	1		5.246000


-------------------------------------------------------------------------------------------------------------------
Tour_Id:			5
No_of_Customers:		4
No_of_Items:			12
Customer_Sequence:		34 2 50 7 

CustId	Id	TypeId	Rotated	x	y	z	Length	Width	Height	mass	Fragility	LoadBearingStrength
7	25	43	0	0	0	0	29	14	8	964.17	0		201.799679
7	26	66	0	0	14	0	28	6	9	251.76	0		13.815905
50	169	81	0	0	0	8	30	14	11	468.07	0		27.150597
50	168	76	0	0	0	19	14	13	7	316.93	1		2.443261
50	167	3	0	30	0	0	25	14	10	1268.84	0		28.213854
2	8	43	0	30	0	10	29	14	8	964.17	0		201.799679
2	7	33	0	14	0	19	14	13	9	401.22	0		17.525353
2	9	60	0	30	0	18	28	12	10	1268.17	0		41.493312
50	170	98	0	0	14	9	28	8	14	853.35	0		17.550321
34	115	38	0	28	14	0	23	11	11	907.82	0		15.225393
34	116	40	0	28	14	11	29	8	14	597.57	0		59.722312
2	6	13	0	0	13	23	22	5	6	156.84	0		12.035036


-------------------------------------------------------------------------------------------------------------------
Tour_Id:			6
No_of_Customers:		4
No_of_Items:			12
Customer_Sequence:		5 20 59 44 

CustId	Id	TypeId	Rotated	x	y	z	Length	Width	Height	mass	Fragility	LoadBearingStrength
44	151	46	0	0	0	0	12	12	9	131.35	0		18.750824
59	195	12	0	0	12	0	20	7	12	325.34	0		23.490102
20	70	84	0	0	0	9	14	11	9	451.69	0		20.515519
44	152	79	0	12	0	0	13	12	6	271.38	0		17.847828
59	197	63	0	20	12	0	32	13	10	865.97	0		18.172832
5	20	88	0	0	12	12	17	9	12	567.92	0		21.002105
20	69	66	0	25	0	0	28	6	9	251.76	0		13.815905
59	196	22	0	25	6	0	34	5	9	1154.39	0		233.960490
5	19	63	0	20	12	10	32	13	10	865.97	0		18.172832
20	68	48	0	25	0	9	14	12	14	379.46	0		12.200650
5	18	47	0	39	0	9	14	12	12	223.11	1		2.495753
5	17	5	0	20	12	20	23	10	7	277.12	1		7.227772


-------------------------------------------------------------------------------------------------------------------
Tour_Id:			7
No_of_Customers:		4
No_of_Items:			15
Customer_Sequence:		28 43 8 12 

CustId	Id	TypeId	Rotated	x	y	z	Length	Width	Height	mass	Fragility	LoadBearingStrength
12	38	35	0	0	0	0	19	13	12	900.74	0		25.231564
12	40	56	0	0	13	0	28	10	9	832.01	0		40.212340
8	27	53	0	0	0	12	17	13	6	181.18	0		11.654469
12	39	55	0	0	13	9	22	6	9	430.13	0		91.984961
12	37	22	0	19	0	0	34	5	9	1154.39	0		233.960490
8	28	62	0	0	0	18	15	14	9	238.32	1		2.131223
43	147	22	0	19	5	0	34	5	9	1154.39	0		233.960490
43	148	60	0	19	0	9	28	12	10	1268.17	0		41.493312
43	146	16	0	15	0	19	30	13	6	564.78	0		17.561004
43	150	97	0	28	13	0	18	12	10	787.72	0		25.209460
43	149	82	0	22	13	10	24	12	9	319.93	0		9.484693
28	96	44	0	15	13	19	30	7	9	691.53	0		18.950683
28	95	33	0	46	12	0	14	13	9	401.22	0		17.525353
28	97	73	0	46	12	9	12	12	10	327.90	0		14.955806
28	94	23	0	45	13	19	14	6	6	184.48	1		8.134072


-------------------------------------------------------------------------------------------------------------------
Tour_Id:			8
No_of_Customers:		1
No_of_Items:			0
Customer_Sequence:		19 

-------------------------------------------------------------------------------------------------------------------
Tour_Id:			9
No_of_Customers:		3
No_of_Items:			11
Customer_Sequence:		39 4 33 

CustId	Id	TypeId	Rotated	x	y	z	Length	Width	Height	mass	Fragility	LoadBearingStrength
33	114	54	0	0	0	0	32	14	11	948.81	0		20.032426
33	113	38	0	0	14	0	23	11	11	907.82	0		15.225393
33	111	11	0	0	0	11	22	7	8	314.61	0		56.652003
39	131	16	0	0	7	11	30	13	6	564.78	0		17.561004
4	16	90	0	0	20	11	26	5	12	281	0		12.391367
39	134	52	0	32	0	0	15	12	14	464.69	0		95.659310
39	135	99	0	0	7	17	31	11	7	719.16	1		16.648467
4	15	80	0	26	20	0	32	5	11	204.77	1		3.048190
33	112	23	0	0	0	19	14	6	6	184.48	1		8.134072
39	132	35	1	47	0	0	19	13	12	900.74	0		25.231564
39	133	49	0	32	12	0	15	8	7	90.39	0		12.042249


-------------------------------------------------------------------------------------------------------------------
Tour_Id:			10
No_of_Customers:		4
No_of_Items:			11
Customer_Sequence:		14 9 51 45 

CustId	Id	TypeId	Rotated	x	y	z	Length	Width	Height	mass	Fragility	LoadBearingStrength
45	153	18	0	0	0	0	31	12	7	667.47	0		40.572051
45	154	23	0	0	12	0	14	6	6	184.48	1		8.134072
9	32	75	0	0	18	0	33	7	14	808.86	1		12.721889
51	172	81	0	0	0	7	30	14	11	468.07	0		27.150597
9	30	35	0	0	0	18	19	13	12	900.74	0		25.231564
51	171	45	0	31	0	0	29	14	6	296.61	0		8.339462
9	31	35	0	31	0	6	19	13	12	900.74	0		25.231564
9	29	34	0	19	0	18	14	13	10	259.99	0		19.062501
14	43	42	1	50	0	6	16	10	13	484.87	0		9.957755
14	44	59	0	33	16	0	26	5	10	203.46	0		20.184698
14	45	79	0	33	0	18	13	12	6	271.38	0		17.847828


-------------------------------------------------------------------------------------------------------------------
Tour_Id:			11
No_of_Customers:		4
No_of_Items:			14
Customer_Sequence:		15 42 22 57 

CustId	Id	TypeId	Rotated	x	y	z	Length	Width	Height	mass	Fragility	LoadBearingStrength
57	190	81	0	0	0	0	30	14	11	468.07	0		27.150597
57	189	34	0	0	0	11	14	13	10	259.99	0		19.062501
57	191	83	0	0	14	0	31	10	6	603.16	1		4.550831
22	75	39	0	14	0	11	19	14	8	581.09	0		14.042108
22	76	62	0	0	0	21	15	14	9	238.32	1		2.131223
22	77	62	0	15	0	19	15	14	9	238.32	1		2.131223
42	144	65	0	33	0	0	20	14	7	363.70	0		62.917807
42	143	55	0	31	14	0	22	6	9	430.13	0		91.984961
42	145	83	0	0	14	6	31	10	6	603.16	1		4.550831
15	48	65	0	33	0	7	20	14	7	363.70	0		62.917807
15	49	70	0	31	14	9	20	7	10	194.37	0		11.394771
15	46	46	0	33	0	14	12	12	9	131.35	0		18.750824
15	47	51	0	31	14	19	25	6	7	277.98	0		55.093254
15	50	95	0	0	14	12	30	8	9	1176.92	1		8.026080


-------------------------------------------------------------------------------------------------------------------
Tour_Id:			12
No_of_Customers:		4
No_of_Items:			11
Customer_Sequence:		3 30 46 13 

CustId	Id	TypeId	Rotated	x	y	z	Length	Width	Height	mass	Fragility	LoadBearingStrength
13	41	43	0	0	0	0	29	14	8	964.17	0		201.799679
13	42	70	0	0	14	0	20	7	10	194.37	0		11.394771
46	155	72	0	0	0	8	27	11	9	546.46	0		16.678075
3	11	18	0	0	0	17	31	12	7	667.47	0		40.572051
46	156	73	0	29	0	0	12	12	10	327.90	0		14.955806
30	103	60	0	29	12	0	28	12	10	1268.17	0		41.493312
3	14	72	0	29	12	10	27	11	9	546.46	0		16.678075
30	102	48	0	41	0	0	14	12	14	379.46	0		12.200650
3	13	56	0	29	12	19	28	10	9	832.01	0		40.212340
3	10	17	0	0	0	24	33	11	6	582.13	0		13.646607
3	12	19	0	0	14	10	25	6	12	591.58	1		7.873526


-------------------------------------------------------------------------------------------------------------------
Tour_Id:			13
No_of_Customers:		4
No_of_Items:			11
Customer_Sequence:		11 35 58 47 

CustId	Id	TypeId	Rotated	x	y	z	Length	Width	Height	mass	Fragility	LoadBearingStrength
47	159	60	0	0	0	0	28	12	10	1268.17	0		41.493312
58	192	37	0	0	12	0	28	13	13	2129.61	0		55.325130
47	157	22	0	0	0	10	34	5	9	1154.39	0		233.960490
47	158	30	0	34	0	0	20	12	10	370.62	1		1.799256
35	117	34	0	0	12	13	14	13	10	259.99	0		19.062501
58	194	63	0	28	12	0	32	13	10	865.97	0		18.172832
58	193	41	0	0	5	10	33	7	11	430.77	0		17.042579
35	118	56	0	28	12	10	28	10	9	832.01	0		40.212340
35	119	73	0	14	12	13	12	12	10	327.90	0		14.955806
11	35	29	0	28	12	19	21	12	9	466.20	0		11.747764
11	36	55	0	0	5	21	22	6	9	430.13	0		91.984961


-------------------------------------------------------------------------------------------------------------------
Tour_Id:			14
No_of_Customers:		3
No_of_Items:			11
Customer_Sequence:		56 53 52 

CustId	Id	TypeId	Rotated	x	y	z	Length	Width	Height	mass	Fragility	LoadBearingStrength
52	173	5	0	0	0	0	23	10	7	277.12	1		7.227772
52	175	79	0	0	10	0	13	12	6	271.38	0		17.847828
52	174	35	0	13	10	0	19	13	12	900.74	0		25.231564
53	176	39	0	13	10	12	19	14	8	581.09	0		14.042108
53	177	39	0	13	10	20	19	14	8	581.09	0		14.042108
53	179	95	0	0	0	7	30	8	9	1176.92	1		8.026080
53	178	62	0	32	0	0	15	14	9	238.32	1		2.131223
56	187	77	1	47	0	0	25	12	14	722.93	0		34.411967
56	188	85	1	47	0	14	25	7	12	2657.67	0		169.184311
56	185	61	0	0	0	16	34	8	12	945.34	1		10.116740
56	186	69	1	32	0	9	18	5	6	80.74	1		5.246000


-------------------------------------------------------------------------------------------------------------------
Tour_Id:			15
No_of_Customers:		4
No_of_Items:			13
Customer_Sequence:		10 54 25 32 

CustId	Id	TypeId	Rotated	x	y	z	Length	Width	Height	mass	Fragility	LoadBearingStrength
32	110	93	0	0	0	0	22	8	11	1113.98	1		97.030928
32	108	60	0	0	8	0	28	12	10	1268.17	0		41.493312
32	109	62	0	0	8	10	15	14	9	238.32	1		2.131223
25	84	38	0	28	0	0	23	11	11	907.82	0		15.225393
25	87	61	0	0	0	11	34	8	12	945.34	1		10.116740
25	85	55	0	28	11	0	22	6	9	430.13	0		91.984961
54	181	48	0	34	0	11	14	12	14	379.46	0		12.200650
25	88	67	0	28	17	0	23	8	9	334.04	0		16.470836
54	180	37	0	28	12	9	28	13	13	2129.61	0		55.325130
25	86	55	1	51	0	0	22	6	9	430.13	0		91.984961
54	182	83	0	0	0	23	31	10	6	603.16	1		4.550831
10	34	32	0	28	12	22	32	8	7	408.41	0		10.970882
10	33	13	0	28	20	22	22	5	6	156.84	0		12.035036


-------------------------------------------------------------------------------------------------------------------
Tour_Id:			16
No_of_Customers:		3
No_of_Items:			10
Customer_Sequence:		16 18 23 

CustId	Id	TypeId	Rotated	x	y	z	Length	Width	Height	mass	Fragility	LoadBearingStrength
23	78	1	0	0	0	0	30	12	11	994.65	0		7.051276
18	60	29	0	0	12	0	21	12	9	466.20	0		11.747764
18	62	99	0	0	0	11	31	11	7	719.16	1		16.648467
18	61	98	0	0	12	9	28	8	14	853.35	0		17.550321
18	58	9	0	28	12	0	18	12	10	411.27	0		20.497737
18	59	13	0	0	20	9	22	5	6	156.84	0		12.035036
23	79	49	0	30	0	0	15	8	7	90.39	0		12.042249
16	51	77	1	46	0	0	25	12	14	722.93	0		34.411967
16	52	87	1	46	0	14	19	13	10	555.36	0		12.475722
16	53	99	0	0	0	18	31	11	7	719.16	1		16.648467


-------------------------------------------------------------------------------------------------------------------
Tour_Id:			17
No_of_Customers:		4
No_of_Items:			15
Customer_Sequence:		1 24 26 6 

CustId	Id	TypeId	Rotated	x	y	z	Length	Width	Height	mass	Fragility	LoadBearingStrength
6	22	40	0	0	0	0	29	8	14	597.57	0		59.722312
6	21	11	0	0	8	0	22	7	8	314.61	0		56.652003
24	80	19	0	0	15	0	25	6	12	591.58	1		7.873526
6	24	61	0	0	0	14	34	8	12	945.34	1		10.116740
26	89	50	0	34	0	0	15	12	14	578.41	0		19.422605
1	2	24	0	25	12	0	27	6	8	241.27	0		17.148750
24	83	84	0	34	0	14	14	11	9	451.69	0		20.515519
24	81	24	0	25	18	0	27	6	8	241.27	0		17.148750
24	82	79	0	34	0	23	13	12	6	271.38	0		17.847828
6	23	51	0	0	8	8	25	6	7	277.98	0		55.093254
1	1	15	0	25	12	8	30	10	9	831.20	0		25.156874
26	90	55	0	0	8	15	22	6	9	430.13	0		91.984961
1	5	99	0	25	12	17	31	11	7	719.16	1		16.648467
1	4	93	0	0	15	12	22	8	11	1113.98	1		97.030928
1	3	83	0	25	12	24	31	10	6	603.16	1		4.550831


