Name:				107_n060_m200_bt3
Problem:			3L-VRPTW
Number_of_used_Vehicles:	9
Total_Travel_Distance:		923.75
Calculation_Time:		47.99
Total_Iterations:		16118
ConstraintSet:			P1

-------------------------------------------------------------------------------------------------------------------
Tour_Id:			1
No_of_Customers:		9
No_of_Items:			30
Customer_Sequence:		42 15 37 39 43 46 33 5 56 

CustId	Id	TypeId	Rotated	x	y	z	Length	Width	Height	mass	Fragility	LoadBearingStrength
56	186	3	0	0	0	0	11	3	6	99.33	0		16.091050
56	187	3	0	0	3	0	11	3	6	99.33	0		16.091050
56	188	3	0	0	6	0	11	3	6	99.33	0		16.091050
56	184	1	0	0	9	0	7	4	7	120.97	0		8.734892
56	185	2	0	0	13	0	7	4	6	155.18	1		14.332039
5	16	3	0	0	17	0	11	3	6	99.33	0		16.091050
5	13	1	0	0	20	0	7	4	7	120.97	0		8.734892
5	14	1	0	0	0	6	7	4	7	120.97	0		8.734892
5	15	1	0	0	4	6	7	4	7	120.97	0		8.734892
33	115	3	0	0	17	6	11	3	6	99.33	0		16.091050
33	112	1	0	0	8	7	7	4	7	120.97	0		8.734892
33	113	1	0	0	20	7	7	4	7	120.97	0		8.734892
33	114	2	0	0	13	6	7	4	6	155.18	1		14.332039
46	153	1	0	0	0	13	7	4	7	120.97	0		8.734892
46	154	2	0	0	12	12	7	4	6	155.18	1		14.332039
43	145	3	0	0	17	12	11	3	6	99.33	0		16.091050
43	146	3	0	0	17	18	11	3	6	99.33	0		16.091050
43	144	2	0	0	4	13	7	4	6	155.18	1		14.332039
39	134	3	0	0	17	24	11	3	6	99.33	0		16.091050
39	132	1	0	0	8	14	7	4	7	120.97	0		8.734892
39	133	2	0	0	20	14	7	4	6	155.18	1		14.332039
37	128	3	0	7	9	0	11	3	6	99.33	0		16.091050
37	127	1	0	0	0	20	7	4	7	120.97	0		8.734892
15	49	1	0	0	8	21	7	4	7	120.97	0		8.734892
15	50	1	0	7	12	0	7	4	7	120.97	0		8.734892
42	142	3	0	7	20	0	11	3	6	99.33	0		16.091050
42	143	3	1	7	0	6	11	3	6	99.33	0		16.091050
42	139	1	0	7	20	6	7	4	7	120.97	0		8.734892
42	140	2	0	0	12	18	7	4	6	155.18	1		14.332039
42	141	2	0	0	4	19	7	4	6	155.18	1		14.332039


-------------------------------------------------------------------------------------------------------------------
Tour_Id:			2
No_of_Customers:		8
No_of_Items:			27
Customer_Sequence:		4 58 28 60 55 18 47 17 

CustId	Id	TypeId	Rotated	x	y	z	Length	Width	Height	mass	Fragility	LoadBearingStrength
17	55	1	0	0	0	0	7	4	7	120.97	0		8.734892
17	56	1	0	0	4	0	7	4	7	120.97	0		8.734892
17	57	1	0	0	8	0	7	4	7	120.97	0		8.734892
47	157	3	0	0	12	0	11	3	6	99.33	0		16.091050
47	155	2	0	0	15	0	7	4	6	155.18	1		14.332039
47	156	2	0	0	19	0	7	4	6	155.18	1		14.332039
18	58	1	0	0	0	7	7	4	7	120.97	0		8.734892
18	59	1	0	0	4	7	7	4	7	120.97	0		8.734892
18	60	2	0	0	12	6	7	4	6	155.18	1		14.332039
18	61	2	0	0	16	6	7	4	6	155.18	1		14.332039
18	62	2	0	0	20	6	7	4	6	155.18	1		14.332039
55	181	3	0	7	0	0	11	3	6	99.33	0		16.091050
55	182	3	0	7	3	0	11	3	6	99.33	0		16.091050
55	183	3	0	7	6	0	11	3	6	99.33	0		16.091050
60	200	3	0	7	9	0	11	3	6	99.33	0		16.091050
60	198	2	0	0	8	7	7	4	6	155.18	1		14.332039
60	199	2	0	0	12	12	7	4	6	155.18	1		14.332039
28	93	3	0	7	15	0	11	3	6	99.33	0		16.091050
28	94	3	0	7	18	0	11	3	6	99.33	0		16.091050
28	95	3	0	7	21	0	11	3	6	99.33	0		16.091050
28	92	2	0	0	16	12	7	4	6	155.18	1		14.332039
58	193	2	0	0	20	12	7	4	6	155.18	1		14.332039
58	194	2	0	0	8	13	7	4	6	155.18	1		14.332039
4	9	1	0	0	0	14	7	4	7	120.97	0		8.734892
4	10	1	0	0	4	14	7	4	7	120.97	0		8.734892
4	11	2	0	0	12	18	7	4	6	155.18	1		14.332039
4	12	2	0	0	16	18	7	4	6	155.18	1		14.332039


-------------------------------------------------------------------------------------------------------------------
Tour_Id:			3
No_of_Customers:		7
No_of_Items:			24
Customer_Sequence:		27 3 32 38 9 22 20 

CustId	Id	TypeId	Rotated	x	y	z	Length	Width	Height	mass	Fragility	LoadBearingStrength
20	70	3	0	0	0	0	11	3	6	99.33	0		16.091050
20	71	3	0	0	3	0	11	3	6	99.33	0		16.091050
20	67	1	0	0	6	0	7	4	7	120.97	0		8.734892
20	68	1	0	0	10	0	7	4	7	120.97	0		8.734892
20	69	2	0	0	14	0	7	4	6	155.18	1		14.332039
22	76	1	0	0	18	0	7	4	7	120.97	0		8.734892
22	77	1	0	0	0	6	7	4	7	120.97	0		8.734892
22	78	2	0	0	14	6	7	4	6	155.18	1		14.332039
9	30	3	0	0	22	0	11	3	6	99.33	0		16.091050
9	31	3	0	0	22	6	11	3	6	99.33	0		16.091050
9	32	3	0	0	22	12	11	3	6	99.33	0		16.091050
9	29	1	0	0	6	7	7	4	7	120.97	0		8.734892
38	131	3	0	0	22	18	11	3	6	99.33	0		16.091050
38	129	1	0	0	10	7	7	4	7	120.97	0		8.734892
38	130	1	0	0	18	7	7	4	7	120.97	0		8.734892
32	111	3	0	7	6	0	11	3	6	99.33	0		16.091050
32	108	1	0	0	0	13	7	4	7	120.97	0		8.734892
32	109	2	0	0	14	12	7	4	6	155.18	1		14.332039
32	110	2	0	0	6	14	7	4	6	155.18	1		14.332039
3	6	1	0	0	10	14	7	4	7	120.97	0		8.734892
3	7	2	0	0	18	14	7	4	6	155.18	1		14.332039
3	8	2	0	0	14	18	7	4	6	155.18	1		14.332039
27	90	2	0	0	0	20	7	4	6	155.18	1		14.332039
27	91	2	0	0	6	20	7	4	6	155.18	1		14.332039


-------------------------------------------------------------------------------------------------------------------
Tour_Id:			4
No_of_Customers:		5
No_of_Items:			16
Customer_Sequence:		35 21 12 54 10 

CustId	Id	TypeId	Rotated	x	y	z	Length	Width	Height	mass	Fragility	LoadBearingStrength
10	34	3	0	0	0	0	11	3	6	99.33	0		16.091050
10	33	2	0	0	3	0	7	4	6	155.18	1		14.332039
54	179	1	0	0	7	0	7	4	7	120.97	0		8.734892
54	180	2	0	0	11	0	7	4	6	155.18	1		14.332039
12	41	3	0	0	15	0	11	3	6	99.33	0		16.091050
12	39	1	0	0	18	0	7	4	7	120.97	0		8.734892
12	40	2	0	0	0	6	7	4	6	155.18	1		14.332039
21	74	3	0	0	22	0	11	3	6	99.33	0		16.091050
21	75	3	0	0	15	6	11	3	6	99.33	0		16.091050
21	72	1	0	0	7	7	7	4	7	120.97	0		8.734892
21	73	2	0	0	11	6	7	4	6	155.18	1		14.332039
35	120	1	0	0	18	7	7	4	7	120.97	0		8.734892
35	121	1	0	0	7	14	7	4	7	120.97	0		8.734892
35	122	2	0	0	0	12	7	4	6	155.18	1		14.332039
35	123	2	0	0	11	12	7	4	6	155.18	1		14.332039
35	124	2	0	0	18	14	7	4	6	155.18	1		14.332039


-------------------------------------------------------------------------------------------------------------------
Tour_Id:			5
No_of_Customers:		6
No_of_Items:			17
Customer_Sequence:		30 36 49 13 1 29 

CustId	Id	TypeId	Rotated	x	y	z	Length	Width	Height	mass	Fragility	LoadBearingStrength
29	96	1	0	0	0	0	7	4	7	120.97	0		8.734892
29	97	2	0	0	4	0	7	4	6	155.18	1		14.332039
29	98	2	0	0	8	0	7	4	6	155.18	1		14.332039
29	99	2	0	0	12	0	7	4	6	155.18	1		14.332039
1	2	3	0	0	16	0	11	3	6	99.33	0		16.091050
1	1	1	0	0	19	0	7	4	7	120.97	0		8.734892
13	44	3	0	0	16	6	11	3	6	99.33	0		16.091050
13	42	1	0	0	0	7	7	4	7	120.97	0		8.734892
13	43	2	0	0	4	6	7	4	6	155.18	1		14.332039
49	163	3	0	0	16	12	11	3	6	99.33	0		16.091050
49	161	1	0	0	19	7	7	4	7	120.97	0		8.734892
49	162	1	0	0	0	14	7	4	7	120.97	0		8.734892
36	125	1	0	0	19	14	7	4	7	120.97	0		8.734892
36	126	2	0	0	8	6	7	4	6	155.18	1		14.332039
30	101	3	0	0	16	18	11	3	6	99.33	0		16.091050
30	102	3	0	0	16	24	11	3	6	99.33	0		16.091050
30	100	2	0	0	12	6	7	4	6	155.18	1		14.332039


-------------------------------------------------------------------------------------------------------------------
Tour_Id:			6
No_of_Customers:		9
No_of_Items:			28
Customer_Sequence:		2 8 31 59 41 26 34 7 44 

CustId	Id	TypeId	Rotated	x	y	z	Length	Width	Height	mass	Fragility	LoadBearingStrength
44	147	2	0	0	0	0	7	4	6	155.18	1		14.332039
44	148	2	0	0	4	0	7	4	6	155.18	1		14.332039
7	22	3	0	0	8	0	11	3	6	99.33	0		16.091050
7	23	3	0	0	11	0	11	3	6	99.33	0		16.091050
7	24	3	0	0	14	0	11	3	6	99.33	0		16.091050
7	25	3	0	0	17	0	11	3	6	99.33	0		16.091050
34	119	3	0	0	20	0	11	3	6	99.33	0		16.091050
34	116	1	0	0	8	6	7	4	7	120.97	0		8.734892
34	117	1	0	0	12	6	7	4	7	120.97	0		8.734892
34	118	2	0	0	0	6	7	4	6	155.18	1		14.332039
26	89	3	0	0	16	6	11	3	6	99.33	0		16.091050
26	88	2	0	0	4	6	7	4	6	155.18	1		14.332039
41	138	3	0	0	19	6	11	3	6	99.33	0		16.091050
41	137	1	0	0	16	12	7	4	7	120.97	0		8.734892
59	197	3	0	7	0	0	11	3	6	99.33	0		16.091050
59	195	1	0	0	8	13	7	4	7	120.97	0		8.734892
59	196	2	0	0	0	12	7	4	6	155.18	1		14.332039
31	106	3	0	7	3	0	11	3	6	99.33	0		16.091050
31	107	3	0	7	0	6	11	3	6	99.33	0		16.091050
31	103	2	0	0	4	12	7	4	6	155.18	1		14.332039
31	104	2	0	0	12	13	7	4	6	155.18	1		14.332039
31	105	2	0	0	0	18	7	4	6	155.18	1		14.332039
8	28	3	0	7	3	6	11	3	6	99.33	0		16.091050
8	26	1	0	0	16	19	7	4	7	120.97	0		8.734892
8	27	1	0	0	8	20	7	4	7	120.97	0		8.734892
2	3	1	1	7	8	6	7	4	7	120.97	0		8.734892
2	4	2	0	0	4	18	7	4	6	155.18	1		14.332039
2	5	2	0	0	12	19	7	4	6	155.18	1		14.332039


-------------------------------------------------------------------------------------------------------------------
Tour_Id:			7
No_of_Customers:		4
No_of_Items:			13
Customer_Sequence:		52 51 11 40 

CustId	Id	TypeId	Rotated	x	y	z	Length	Width	Height	mass	Fragility	LoadBearingStrength
40	135	3	0	0	0	0	11	3	6	99.33	0		16.091050
40	136	3	0	0	3	0	11	3	6	99.33	0		16.091050
11	36	3	0	0	6	0	11	3	6	99.33	0		16.091050
11	37	3	0	0	9	0	11	3	6	99.33	0		16.091050
11	38	3	0	0	12	0	11	3	6	99.33	0		16.091050
11	35	1	0	0	15	0	7	4	7	120.97	0		8.734892
51	169	3	0	0	19	0	11	3	6	99.33	0		16.091050
51	170	3	0	0	22	0	11	3	6	99.33	0		16.091050
51	167	1	0	0	0	6	7	4	7	120.97	0		8.734892
51	168	2	0	0	4	6	7	4	6	155.18	1		14.332039
52	173	3	0	0	8	6	11	3	6	99.33	0		16.091050
52	171	1	0	0	11	6	7	4	7	120.97	0		8.734892
52	172	2	0	0	19	6	7	4	6	155.18	1		14.332039


-------------------------------------------------------------------------------------------------------------------
Tour_Id:			8
No_of_Customers:		5
No_of_Items:			19
Customer_Sequence:		16 53 23 19 14 

CustId	Id	TypeId	Rotated	x	y	z	Length	Width	Height	mass	Fragility	LoadBearingStrength
14	47	3	0	0	0	0	11	3	6	99.33	0		16.091050
14	48	3	0	0	3	0	11	3	6	99.33	0		16.091050
14	45	1	0	0	6	0	7	4	7	120.97	0		8.734892
14	46	1	0	0	10	0	7	4	7	120.97	0		8.734892
19	65	3	0	0	14	0	11	3	6	99.33	0		16.091050
19	66	3	0	0	17	0	11	3	6	99.33	0		16.091050
19	63	1	0	0	20	0	7	4	7	120.97	0		8.734892
19	64	2	0	0	0	6	7	4	6	155.18	1		14.332039
23	79	1	0	0	14	6	7	4	7	120.97	0		8.734892
23	80	2	0	0	6	7	7	4	6	155.18	1		14.332039
53	177	3	0	7	6	0	11	3	6	99.33	0		16.091050
53	178	3	0	7	9	0	11	3	6	99.33	0		16.091050
53	174	1	0	0	10	7	7	4	7	120.97	0		8.734892
53	175	2	0	0	20	7	7	4	6	155.18	1		14.332039
53	176	2	0	0	0	12	7	4	6	155.18	1		14.332039
16	51	1	0	0	14	13	7	4	7	120.97	0		8.734892
16	52	1	0	0	10	14	7	4	7	120.97	0		8.734892
16	53	1	0	0	14	20	7	4	7	120.97	0		8.734892
16	54	1	0	0	10	21	7	4	7	120.97	0		8.734892


-------------------------------------------------------------------------------------------------------------------
Tour_Id:			9
No_of_Customers:		7
No_of_Items:			26
Customer_Sequence:		45 24 48 50 57 25 6 

CustId	Id	TypeId	Rotated	x	y	z	Length	Width	Height	mass	Fragility	LoadBearingStrength
6	19	3	0	0	0	0	11	3	6	99.33	0		16.091050
6	20	3	0	0	3	0	11	3	6	99.33	0		16.091050
6	21	3	0	0	6	0	11	3	6	99.33	0		16.091050
6	17	1	0	0	9	0	7	4	7	120.97	0		8.734892
6	18	1	0	0	13	0	7	4	7	120.97	0		8.734892
25	86	3	0	0	17	0	11	3	6	99.33	0		16.091050
25	87	3	0	0	20	0	11	3	6	99.33	0		16.091050
25	83	2	0	0	0	6	7	4	6	155.18	1		14.332039
25	84	2	0	0	4	6	7	4	6	155.18	1		14.332039
25	85	2	0	0	17	6	7	4	6	155.18	1		14.332039
57	191	3	0	7	9	0	11	3	6	99.33	0		16.091050
57	192	3	0	7	12	0	11	3	6	99.33	0		16.091050
57	189	1	0	0	8	7	7	4	7	120.97	0		8.734892
57	190	2	0	0	12	7	7	4	6	155.18	1		14.332039
50	164	1	0	0	8	14	7	4	7	120.97	0		8.734892
50	165	1	0	0	8	21	7	4	7	120.97	0		8.734892
50	166	2	0	0	0	12	7	4	6	155.18	1		14.332039
48	158	1	1	7	0	6	7	4	7	120.97	0		8.734892
48	159	2	0	0	4	12	7	4	6	155.18	1		14.332039
48	160	2	0	0	16	12	7	4	6	155.18	1		14.332039
24	82	3	1	7	7	6	11	3	6	99.33	0		16.091050
24	81	1	1	7	7	12	7	4	7	120.97	0		8.734892
45	149	1	1	7	0	13	7	4	7	120.97	0		8.734892
45	150	2	0	0	0	18	7	4	6	155.18	1		14.332039
45	151	2	0	0	16	18	7	4	6	155.18	1		14.332039
45	152	2	0	0	0	24	7	4	6	155.18	1		14.332039


