Name:				108_n060_m200_bt3
Problem:			3L-VRPTW
Number_of_used_Vehicles:	9
Total_Travel_Distance:		952.04
Calculation_Time:		38.81
Total_Iterations:		8759
ConstraintSet:			P1

-------------------------------------------------------------------------------------------------------------------
Tour_Id:			1
No_of_Customers:		9
No_of_Items:			31
Customer_Sequence:		25 39 40 36 28 19 1 24 45 

CustId	Id	TypeId	Rotated	x	y	z	Length	Width	Height	mass	Fragility	LoadBearingStrength
45	152	1	0	0	0	0	16	7	4	454.82	0		16.468036
45	153	2	0	0	7	0	16	6	4	228.14	0		17.669782
45	154	3	0	0	13	0	13	4	8	319.09	1		7.768698
24	78	1	0	0	17	0	16	7	4	454.82	0		16.468036
24	79	2	0	0	0	4	16	6	4	228.14	0		17.669782
24	80	3	0	0	6	4	13	4	8	319.09	1		7.768698
24	81	3	0	0	17	4	13	4	8	319.09	1		7.768698
1	1	1	0	16	0	0	16	7	4	454.82	0		16.468036
1	2	2	0	0	0	8	16	6	4	228.14	0		17.669782
1	3	3	0	0	21	4	13	4	8	319.09	1		7.768698
19	58	2	0	0	0	12	16	6	4	228.14	0		17.669782
19	59	2	0	0	0	16	16	6	4	228.14	0		17.669782
19	60	3	0	0	13	8	13	4	8	319.09	1		7.768698
19	61	3	0	0	6	12	13	4	8	319.09	1		7.768698
28	93	2	0	0	0	20	16	6	4	228.14	0		17.669782
28	94	2	0	0	0	24	16	6	4	228.14	0		17.669782
28	95	2	0	16	7	0	16	6	4	228.14	0		17.669782
36	120	3	0	0	17	12	13	4	8	319.09	1		7.768698
36	121	3	0	0	21	12	13	4	8	319.09	1		7.768698
36	122	3	0	0	13	16	13	4	8	319.09	1		7.768698
40	137	1	0	13	6	4	16	7	4	454.82	0		16.468036
40	138	2	0	13	6	8	16	6	4	228.14	0		17.669782
40	139	3	0	0	6	20	13	4	8	319.09	1		7.768698
39	133	1	0	13	6	12	16	7	4	454.82	0		16.468036
39	134	1	0	13	6	16	16	7	4	454.82	0		16.468036
39	135	2	0	13	6	20	16	6	4	228.14	0		17.669782
39	136	3	0	0	17	20	13	4	8	319.09	1		7.768698
25	82	1	0	13	6	24	16	7	4	454.82	0		16.468036
25	83	1	0	16	13	0	16	7	4	454.82	0		16.468036
25	84	2	0	13	13	4	16	6	4	228.14	0		17.669782
25	85	3	0	0	21	20	13	4	8	319.09	1		7.768698


-------------------------------------------------------------------------------------------------------------------
Tour_Id:			2
No_of_Customers:		9
No_of_Items:			28
Customer_Sequence:		34 15 6 44 33 10 3 51 21 

CustId	Id	TypeId	Rotated	x	y	z	Length	Width	Height	mass	Fragility	LoadBearingStrength
21	65	2	0	0	0	0	16	6	4	228.14	0		17.669782
21	66	2	0	0	6	0	16	6	4	228.14	0		17.669782
21	67	2	0	0	12	0	16	6	4	228.14	0		17.669782
21	68	2	0	0	18	0	16	6	4	228.14	0		17.669782
21	69	3	0	0	0	4	13	4	8	319.09	1		7.768698
51	167	1	0	0	4	4	16	7	4	454.82	0		16.468036
51	168	3	0	0	11	4	13	4	8	319.09	1		7.768698
3	7	1	0	0	15	4	16	7	4	454.82	0		16.468036
3	8	3	0	0	4	8	13	4	8	319.09	1		7.768698
10	31	2	0	0	15	8	16	6	4	228.14	0		17.669782
10	32	3	0	0	0	12	13	4	8	319.09	1		7.768698
33	110	2	0	0	15	12	16	6	4	228.14	0		17.669782
33	111	3	0	0	11	12	13	4	8	319.09	1		7.768698
33	112	3	0	0	4	16	13	4	8	319.09	1		7.768698
44	148	1	0	0	15	16	16	7	4	454.82	0		16.468036
44	149	2	0	0	15	20	16	6	4	228.14	0		17.669782
44	150	2	0	0	15	24	16	6	4	228.14	0		17.669782
44	151	2	0	16	0	0	16	6	4	228.14	0		17.669782
6	18	1	0	16	6	0	16	7	4	454.82	0		16.468036
6	19	1	0	16	13	0	16	7	4	454.82	0		16.468036
6	20	1	0	16	0	4	16	7	4	454.82	0		16.468036
15	44	1	0	13	0	8	16	7	4	454.82	0		16.468036
15	45	1	0	13	0	12	16	7	4	454.82	0		16.468036
15	46	3	0	0	0	20	13	4	8	319.09	1		7.768698
34	113	1	0	13	0	16	16	7	4	454.82	0		16.468036
34	114	1	0	13	0	20	16	7	4	454.82	0		16.468036
34	115	1	0	13	0	24	16	7	4	454.82	0		16.468036
34	116	2	0	16	7	4	16	6	4	228.14	0		17.669782


-------------------------------------------------------------------------------------------------------------------
Tour_Id:			3
No_of_Customers:		8
No_of_Items:			30
Customer_Sequence:		12 60 38 5 13 29 56 49 

CustId	Id	TypeId	Rotated	x	y	z	Length	Width	Height	mass	Fragility	LoadBearingStrength
49	162	1	0	0	0	0	16	7	4	454.82	0		16.468036
49	163	3	0	0	7	0	13	4	8	319.09	1		7.768698
56	181	2	0	0	11	0	16	6	4	228.14	0		17.669782
56	182	2	0	0	17	0	16	6	4	228.14	0		17.669782
56	183	2	0	0	0	4	16	6	4	228.14	0		17.669782
56	184	3	0	0	11	4	13	4	8	319.09	1		7.768698
29	96	2	0	0	15	4	16	6	4	228.14	0		17.669782
29	97	3	0	0	0	8	13	4	8	319.09	1		7.768698
29	98	3	0	0	4	8	13	4	8	319.09	1		7.768698
13	39	2	0	0	15	8	16	6	4	228.14	0		17.669782
13	40	2	0	0	15	12	16	6	4	228.14	0		17.669782
13	41	3	0	0	11	12	13	4	8	319.09	1		7.768698
5	13	1	0	0	15	16	16	7	4	454.82	0		16.468036
5	14	1	0	0	15	20	16	7	4	454.82	0		16.468036
5	15	2	0	0	15	24	16	6	4	228.14	0		17.669782
5	16	2	0	16	0	0	16	6	4	228.14	0		17.669782
5	17	3	0	0	0	16	13	4	8	319.09	1		7.768698
38	128	2	0	16	6	0	16	6	4	228.14	0		17.669782
38	129	2	0	16	12	0	16	6	4	228.14	0		17.669782
38	130	2	0	16	18	0	16	6	4	228.14	0		17.669782
38	131	3	0	0	4	16	13	4	8	319.09	1		7.768698
38	132	3	0	0	11	20	13	4	8	319.09	1		7.768698
60	196	1	0	16	0	4	16	7	4	454.82	0		16.468036
60	197	1	0	13	0	8	16	7	4	454.82	0		16.468036
60	198	1	0	13	7	4	16	7	4	454.82	0		16.468036
60	199	3	0	13	7	8	13	4	8	319.09	1		7.768698
60	200	3	0	13	11	8	13	4	8	319.09	1		7.768698
12	36	1	0	13	0	12	16	7	4	454.82	0		16.468036
12	37	3	0	13	0	16	13	4	8	319.09	1		7.768698
12	38	3	0	13	4	16	13	4	8	319.09	1		7.768698


-------------------------------------------------------------------------------------------------------------------
Tour_Id:			4
No_of_Customers:		6
No_of_Items:			19
Customer_Sequence:		16 54 48 55 32 2 

CustId	Id	TypeId	Rotated	x	y	z	Length	Width	Height	mass	Fragility	LoadBearingStrength
2	4	2	0	0	0	0	16	6	4	228.14	0		17.669782
2	5	2	0	0	6	0	16	6	4	228.14	0		17.669782
2	6	3	0	0	12	0	13	4	8	319.09	1		7.768698
32	107	2	0	0	16	0	16	6	4	228.14	0		17.669782
32	108	2	0	0	0	4	16	6	4	228.14	0		17.669782
32	109	2	0	0	6	4	16	6	4	228.14	0		17.669782
55	178	3	0	0	16	4	13	4	8	319.09	1		7.768698
55	179	3	0	0	0	8	13	4	8	319.09	1		7.768698
55	180	3	0	0	4	8	13	4	8	319.09	1		7.768698
48	159	1	0	16	0	0	16	7	4	454.82	0		16.468036
48	160	3	0	0	8	8	13	4	8	319.09	1		7.768698
48	161	3	0	0	12	8	13	4	8	319.09	1		7.768698
54	175	1	0	16	7	0	16	7	4	454.82	0		16.468036
54	176	1	0	16	14	0	16	7	4	454.82	0		16.468036
54	177	2	0	13	12	4	16	6	4	228.14	0		17.669782
16	47	1	0	13	12	8	16	7	4	454.82	0		16.468036
16	48	3	0	0	16	12	13	4	8	319.09	1		7.768698
16	49	3	0	0	0	16	13	4	8	319.09	1		7.768698
16	50	3	0	0	4	16	13	4	8	319.09	1		7.768698


-------------------------------------------------------------------------------------------------------------------
Tour_Id:			5
No_of_Customers:		5
No_of_Items:			16
Customer_Sequence:		43 9 20 58 27 

CustId	Id	TypeId	Rotated	x	y	z	Length	Width	Height	mass	Fragility	LoadBearingStrength
27	89	1	0	0	0	0	16	7	4	454.82	0		16.468036
27	90	1	0	0	7	0	16	7	4	454.82	0		16.468036
27	91	1	0	0	14	0	16	7	4	454.82	0		16.468036
27	92	3	0	0	21	0	13	4	8	319.09	1		7.768698
58	188	1	0	0	0	4	16	7	4	454.82	0		16.468036
58	189	2	0	0	7	4	16	6	4	228.14	0		17.669782
58	190	2	0	0	13	4	16	6	4	228.14	0		17.669782
20	62	2	0	0	0	8	16	6	4	228.14	0		17.669782
20	63	3	0	0	6	8	13	4	8	319.09	1		7.768698
20	64	3	0	0	10	8	13	4	8	319.09	1		7.768698
9	28	1	0	16	0	0	16	7	4	454.82	0		16.468036
9	29	2	0	0	14	8	16	6	4	228.14	0		17.669782
9	30	3	0	0	20	8	13	4	8	319.09	1		7.768698
43	145	2	0	0	0	12	16	6	4	228.14	0		17.669782
43	146	2	0	0	14	12	16	6	4	228.14	0		17.669782
43	147	3	0	0	0	16	13	4	8	319.09	1		7.768698


-------------------------------------------------------------------------------------------------------------------
Tour_Id:			6
No_of_Customers:		5
No_of_Items:			18
Customer_Sequence:		52 22 8 46 26 

CustId	Id	TypeId	Rotated	x	y	z	Length	Width	Height	mass	Fragility	LoadBearingStrength
26	86	1	0	0	0	0	16	7	4	454.82	0		16.468036
26	87	2	0	0	7	0	16	6	4	228.14	0		17.669782
26	88	3	0	0	13	0	13	4	8	319.09	1		7.768698
46	155	3	0	0	17	0	13	4	8	319.09	1		7.768698
46	156	3	0	0	21	0	13	4	8	319.09	1		7.768698
8	23	1	0	0	0	4	16	7	4	454.82	0		16.468036
8	24	2	0	0	7	4	16	6	4	228.14	0		17.669782
8	25	3	0	0	0	8	13	4	8	319.09	1		7.768698
8	26	3	0	0	4	8	13	4	8	319.09	1		7.768698
8	27	3	0	0	8	8	13	4	8	319.09	1		7.768698
22	70	1	0	13	13	0	16	7	4	454.82	0		16.468036
22	71	1	0	13	13	4	16	7	4	454.82	0		16.468036
22	72	2	0	13	13	8	16	6	4	228.14	0		17.669782
22	73	2	0	13	13	12	16	6	4	228.14	0		17.669782
22	74	3	0	0	12	8	13	4	8	319.09	1		7.768698
52	169	1	0	13	13	16	16	7	4	454.82	0		16.468036
52	170	2	0	13	13	20	16	6	4	228.14	0		17.669782
52	171	3	0	0	19	8	13	4	8	319.09	1		7.768698


-------------------------------------------------------------------------------------------------------------------
Tour_Id:			7
No_of_Customers:		6
No_of_Items:			21
Customer_Sequence:		17 57 59 31 11 50 

CustId	Id	TypeId	Rotated	x	y	z	Length	Width	Height	mass	Fragility	LoadBearingStrength
50	164	1	0	0	0	0	16	7	4	454.82	0		16.468036
50	165	2	0	0	7	0	16	6	4	228.14	0		17.669782
50	166	3	0	0	13	0	13	4	8	319.09	1		7.768698
11	33	1	0	0	17	0	16	7	4	454.82	0		16.468036
11	34	2	0	0	0	4	16	6	4	228.14	0		17.669782
11	35	3	0	0	6	4	13	4	8	319.09	1		7.768698
31	103	1	0	0	17	4	16	7	4	454.82	0		16.468036
31	104	1	0	0	17	8	16	7	4	454.82	0		16.468036
31	105	2	0	0	0	8	16	6	4	228.14	0		17.669782
31	106	3	0	0	13	8	13	4	8	319.09	1		7.768698
59	191	1	0	0	17	12	16	7	4	454.82	0		16.468036
59	192	1	0	0	17	16	16	7	4	454.82	0		16.468036
59	193	2	0	0	0	12	16	6	4	228.14	0		17.669782
59	194	3	0	0	6	12	13	4	8	319.09	1		7.768698
59	195	3	0	0	0	16	13	4	8	319.09	1		7.768698
57	185	3	0	0	13	16	13	4	8	319.09	1		7.768698
57	186	3	0	0	6	20	13	4	8	319.09	1		7.768698
57	187	3	0	13	13	0	13	4	8	319.09	1		7.768698
17	51	1	0	0	17	20	16	7	4	454.82	0		16.468036
17	52	3	0	13	13	8	13	4	8	319.09	1		7.768698
17	53	3	0	13	13	16	13	4	8	319.09	1		7.768698


-------------------------------------------------------------------------------------------------------------------
Tour_Id:			8
No_of_Customers:		7
No_of_Items:			19
Customer_Sequence:		23 7 41 35 53 30 47 

CustId	Id	TypeId	Rotated	x	y	z	Length	Width	Height	mass	Fragility	LoadBearingStrength
47	157	1	0	0	0	0	16	7	4	454.82	0		16.468036
47	158	1	0	0	7	0	16	7	4	454.82	0		16.468036
30	99	2	0	0	14	0	16	6	4	228.14	0		17.669782
30	100	2	0	0	0	4	16	6	4	228.14	0		17.669782
30	101	2	0	0	6	4	16	6	4	228.14	0		17.669782
30	102	3	0	0	20	0	13	4	8	319.09	1		7.768698
53	172	1	0	0	12	4	16	7	4	454.82	0		16.468036
53	173	1	0	0	0	8	16	7	4	454.82	0		16.468036
53	174	2	0	0	7	8	16	6	4	228.14	0		17.669782
35	117	1	0	0	13	8	16	7	4	454.82	0		16.468036
35	118	2	0	0	0	12	16	6	4	228.14	0		17.669782
35	119	2	0	0	6	12	16	6	4	228.14	0		17.669782
41	140	1	0	0	12	12	16	7	4	454.82	0		16.468036
41	141	1	0	0	0	16	16	7	4	454.82	0		16.468036
7	21	1	0	0	7	16	16	7	4	454.82	0		16.468036
7	22	2	0	0	14	16	16	6	4	228.14	0		17.669782
23	75	3	0	0	20	8	13	4	8	319.09	1		7.768698
23	76	3	0	0	20	16	13	4	8	319.09	1		7.768698
23	77	3	0	0	0	20	13	4	8	319.09	1		7.768698


-------------------------------------------------------------------------------------------------------------------
Tour_Id:			9
No_of_Customers:		5
No_of_Items:			18
Customer_Sequence:		37 18 4 14 42 

CustId	Id	TypeId	Rotated	x	y	z	Length	Width	Height	mass	Fragility	LoadBearingStrength
42	142	2	0	0	0	0	16	6	4	228.14	0		17.669782
42	143	2	0	0	6	0	16	6	4	228.14	0		17.669782
42	144	2	0	0	12	0	16	6	4	228.14	0		17.669782
14	42	1	0	0	18	0	16	7	4	454.82	0		16.468036
14	43	2	0	0	0	4	16	6	4	228.14	0		17.669782
4	9	1	0	0	6	4	16	7	4	454.82	0		16.468036
4	10	3	0	0	13	4	13	4	8	319.09	1		7.768698
4	11	3	0	0	17	4	13	4	8	319.09	1		7.768698
4	12	3	0	0	21	4	13	4	8	319.09	1		7.768698
18	54	1	0	0	0	8	16	7	4	454.82	0		16.468036
18	55	1	0	0	0	12	16	7	4	454.82	0		16.468036
18	56	2	0	0	7	8	16	6	4	228.14	0		17.669782
18	57	2	0	0	7	12	16	6	4	228.14	0		17.669782
37	123	1	0	0	0	16	16	7	4	454.82	0		16.468036
37	124	1	0	0	7	16	16	7	4	454.82	0		16.468036
37	125	1	0	0	0	20	16	7	4	454.82	0		16.468036
37	126	2	0	0	7	20	16	6	4	228.14	0		17.669782
37	127	3	0	0	14	12	13	4	8	319.09	1		7.768698


