Name:				111_n060_m200_bt10
Problem:			3L-VRPTW
Number_of_used_Vehicles:	10
Total_Travel_Distance:		1013.60
Calculation_Time:		50.17
Total_Iterations:		8361
ConstraintSet:			P1

-------------------------------------------------------------------------------------------------------------------
Tour_Id:			1
No_of_Customers:		5
No_of_Items:			17
Customer_Sequence:		48 45 18 34 11 

CustId	Id	TypeId	Rotated	x	y	z	Length	Width	Height	mass	Fragility	LoadBearingStrength
11	35	10	0	0	0	0	16	4	8	413.54	0		24.345012
11	34	9	0	0	4	0	10	6	6	215.97	0		23.617543
11	33	1	0	0	10	0	14	6	3	190.68	0		11.075070
34	111	10	0	0	16	0	16	4	8	413.54	0		24.345012
34	108	2	0	0	20	0	16	4	7	374.02	0		82.082921
34	109	3	0	0	10	3	7	6	7	138.72	0		20.366351
34	110	8	0	0	4	6	11	6	4	208.83	0		46.373355
18	59	10	0	0	20	7	16	4	8	413.54	0		24.345012
18	58	9	0	0	4	10	10	6	6	215.97	0		23.617543
45	148	2	0	0	0	8	16	4	7	374.02	0		82.082921
45	150	7	0	0	16	8	15	4	6	193.06	0		17.531076
45	152	9	0	0	4	16	10	6	6	215.97	0		23.617543
45	151	8	0	0	4	22	11	6	4	208.83	0		46.373355
45	149	5	0	0	16	14	11	3	6	90.41	1		4.874189
48	159	4	0	16	0	0	17	7	7	525.04	0		28.390237
48	161	6	0	0	10	10	7	6	5	165.96	1		4.585054
48	160	5	0	0	0	15	11	3	6	90.41	1		4.874189


-------------------------------------------------------------------------------------------------------------------
Tour_Id:			2
No_of_Customers:		6
No_of_Items:			16
Customer_Sequence:		12 6 15 37 55 57 

CustId	Id	TypeId	Rotated	x	y	z	Length	Width	Height	mass	Fragility	LoadBearingStrength
57	193	4	0	0	0	0	17	7	7	525.04	0		28.390237
57	192	2	0	0	7	0	16	4	7	374.02	0		82.082921
55	186	7	0	0	11	0	15	4	6	193.06	0		17.531076
55	187	9	0	0	15	0	10	6	6	215.97	0		23.617543
55	188	9	0	0	11	6	10	6	6	215.97	0		23.617543
55	185	6	0	0	0	7	7	6	5	165.96	1		4.585054
37	121	4	0	10	15	0	17	7	7	525.04	0		28.390237
37	120	2	0	0	6	7	16	4	7	374.02	0		82.082921
37	122	6	0	0	0	12	7	6	5	165.96	1		4.585054
15	47	4	0	10	15	7	17	7	7	525.04	0		28.390237
15	46	1	0	10	15	14	14	6	3	190.68	0		11.075070
6	20	10	0	0	6	14	16	4	8	413.54	0		24.345012
6	18	2	0	0	6	22	16	4	7	374.02	0		82.082921
6	19	9	0	7	0	7	10	6	6	215.97	0		23.617543
12	37	8	0	7	0	13	11	6	4	208.83	0		46.373355
12	36	5	0	0	11	12	11	3	6	90.41	1		4.874189


-------------------------------------------------------------------------------------------------------------------
Tour_Id:			3
No_of_Customers:		7
No_of_Items:			25
Customer_Sequence:		13 60 43 46 27 1 10 

CustId	Id	TypeId	Rotated	x	y	z	Length	Width	Height	mass	Fragility	LoadBearingStrength
10	28	2	0	0	0	0	16	4	7	374.02	0		82.082921
10	32	7	0	0	4	0	15	4	6	193.06	0		17.531076
10	29	3	0	0	8	0	7	6	7	138.72	0		20.366351
10	30	5	0	0	14	0	11	3	6	90.41	1		4.874189
10	31	5	0	0	17	0	11	3	6	90.41	1		4.874189
1	3	10	0	0	20	0	16	4	8	413.54	0		24.345012
1	1	2	0	0	4	6	16	4	7	374.02	0		82.082921
1	2	8	0	7	8	0	11	6	4	208.83	0		46.373355
27	85	2	0	0	0	7	16	4	7	374.02	0		82.082921
27	86	7	0	0	20	8	15	4	6	193.06	0		17.531076
46	155	9	0	7	8	4	10	6	6	215.97	0		23.617543
46	156	9	0	7	8	10	10	6	6	215.97	0		23.617543
46	153	3	0	0	8	7	7	6	7	138.72	0		20.366351
46	154	6	0	0	14	6	7	6	5	165.96	1		4.585054
43	143	10	0	0	4	13	16	4	8	413.54	0		24.345012
43	142	9	0	7	8	16	10	6	6	215.97	0		23.617543
43	141	1	0	11	14	0	14	6	3	190.68	0		11.075070
60	198	2	0	0	0	14	16	4	7	374.02	0		82.082921
60	199	6	0	0	14	11	7	6	5	165.96	1		4.585054
60	200	6	0	0	14	16	7	6	5	165.96	1		4.585054
13	40	4	0	0	0	21	17	7	7	525.04	0		28.390237
13	42	10	0	0	20	14	16	4	8	413.54	0		24.345012
13	39	2	0	0	20	22	16	4	7	374.02	0		82.082921
13	38	1	0	11	14	3	14	6	3	190.68	0		11.075070
13	41	5	0	7	14	6	11	3	6	90.41	1		4.874189


-------------------------------------------------------------------------------------------------------------------
Tour_Id:			4
No_of_Customers:		7
No_of_Items:			21
Customer_Sequence:		14 9 52 7 56 49 53 

CustId	Id	TypeId	Rotated	x	y	z	Length	Width	Height	mass	Fragility	LoadBearingStrength
53	177	4	0	0	0	0	17	7	7	525.04	0		28.390237
53	179	10	0	0	7	0	16	4	8	413.54	0		24.345012
53	178	7	0	0	11	0	15	4	6	193.06	0		17.531076
49	162	4	0	0	15	0	17	7	7	525.04	0		28.390237
49	163	9	0	0	0	7	10	6	6	215.97	0		23.617543
56	191	7	0	0	11	6	15	4	6	193.06	0		17.531076
56	189	3	0	0	15	7	7	6	7	138.72	0		20.366351
56	190	6	0	0	0	13	7	6	5	165.96	1		4.585054
7	22	9	0	7	15	7	10	6	6	215.97	0		23.617543
7	21	1	0	16	7	0	14	6	3	190.68	0		11.075070
52	174	4	0	17	0	0	17	7	7	525.04	0		28.390237
52	176	10	0	0	6	8	16	4	8	413.54	0		24.345012
52	172	1	0	10	0	7	14	6	3	190.68	0		11.075070
52	173	1	0	10	0	10	14	6	3	190.68	0		11.075070
52	175	6	0	0	15	14	7	6	5	165.96	1		4.585054
9	27	10	0	0	11	12	16	4	8	413.54	0		24.345012
9	25	1	0	7	0	13	14	6	3	190.68	0		11.075070
9	26	5	0	0	22	0	11	3	6	90.41	1		4.874189
14	45	10	0	0	6	16	16	4	8	413.54	0		24.345012
14	44	8	0	7	15	13	11	6	4	208.83	0		46.373355
14	43	5	0	0	22	6	11	3	6	90.41	1		4.874189


-------------------------------------------------------------------------------------------------------------------
Tour_Id:			5
No_of_Customers:		5
No_of_Items:			18
Customer_Sequence:		50 16 58 25 17 

CustId	Id	TypeId	Rotated	x	y	z	Length	Width	Height	mass	Fragility	LoadBearingStrength
17	57	10	0	0	0	0	16	4	8	413.54	0		24.345012
17	54	6	0	0	4	0	7	6	5	165.96	1		4.585054
17	55	6	0	0	10	0	7	6	5	165.96	1		4.585054
17	56	6	0	0	16	0	7	6	5	165.96	1		4.585054
17	53	5	0	0	22	0	11	3	6	90.41	1		4.874189
25	81	9	0	7	4	0	10	6	6	215.97	0		23.617543
25	79	1	0	7	10	0	14	6	3	190.68	0		11.075070
25	80	6	0	0	4	5	7	6	5	165.96	1		4.585054
58	195	6	0	0	10	5	7	6	5	165.96	1		4.585054
58	194	5	0	0	22	6	11	3	6	90.41	1		4.874189
16	52	10	0	0	0	8	16	4	8	413.54	0		24.345012
16	48	2	0	0	0	16	16	4	7	374.02	0		82.082921
16	49	3	0	7	16	0	7	6	7	138.72	0		20.366351
16	50	3	0	7	10	3	7	6	7	138.72	0		20.366351
16	51	8	0	7	4	6	11	6	4	208.83	0		46.373355
50	166	10	1	7	4	10	16	4	8	413.54	0		24.345012
50	164	2	0	0	0	23	16	4	7	374.02	0		82.082921
50	165	3	0	11	4	10	7	6	7	138.72	0		20.366351


-------------------------------------------------------------------------------------------------------------------
Tour_Id:			6
No_of_Customers:		7
No_of_Items:			27
Customer_Sequence:		30 47 20 3 31 54 51 

CustId	Id	TypeId	Rotated	x	y	z	Length	Width	Height	mass	Fragility	LoadBearingStrength
51	171	10	0	0	0	0	16	4	8	413.54	0		24.345012
51	167	2	0	0	4	0	16	4	7	374.02	0		82.082921
51	169	7	0	0	8	0	15	4	6	193.06	0		17.531076
51	170	9	0	0	12	0	10	6	6	215.97	0		23.617543
51	168	3	0	0	18	0	7	6	7	138.72	0		20.366351
54	181	4	0	0	8	6	17	7	7	525.04	0		28.390237
54	184	10	0	0	4	7	16	4	8	413.54	0		24.345012
54	183	9	0	0	8	13	10	6	6	215.97	0		23.617543
54	180	1	0	7	18	0	14	6	3	190.68	0		11.075070
54	182	5	0	0	15	6	11	3	6	90.41	1		4.874189
31	99	10	0	0	0	8	16	4	8	413.54	0		24.345012
31	100	10	0	0	4	15	16	4	8	413.54	0		24.345012
31	96	2	0	0	0	16	16	4	7	374.02	0		82.082921
31	98	9	0	0	8	19	10	6	6	215.97	0		23.617543
31	97	5	0	0	15	12	11	3	6	90.41	1		4.874189
3	10	10	0	7	18	3	16	4	8	413.54	0		24.345012
3	8	3	0	0	18	7	7	6	7	138.72	0		20.366351
3	9	6	0	0	18	14	7	6	5	165.96	1		4.585054
20	65	2	0	0	0	23	16	4	7	374.02	0		82.082921
20	67	8	0	0	8	25	11	6	4	208.83	0		46.373355
20	64	1	0	16	0	0	14	6	3	190.68	0		11.075070
20	66	5	0	0	15	18	11	3	6	90.41	1		4.874189
47	157	9	0	16	0	3	10	6	6	215.97	0		23.617543
47	158	9	0	16	0	9	10	6	6	215.97	0		23.617543
30	95	8	0	16	0	15	11	6	4	208.83	0		46.373355
30	93	1	0	16	0	19	14	6	3	190.68	0		11.075070
30	94	6	0	0	18	19	7	6	5	165.96	1		4.585054


-------------------------------------------------------------------------------------------------------------------
Tour_Id:			7
No_of_Customers:		3
No_of_Items:			8
Customer_Sequence:		40 29 59 

CustId	Id	TypeId	Rotated	x	y	z	Length	Width	Height	mass	Fragility	LoadBearingStrength
59	196	3	0	0	0	0	7	6	7	138.72	0		20.366351
59	197	5	0	0	6	0	11	3	6	90.41	1		4.874189
29	92	10	0	0	9	0	16	4	8	413.54	0		24.345012
29	91	7	0	0	13	0	15	4	6	193.06	0		17.531076
40	132	4	0	0	17	0	17	7	7	525.04	0		28.390237
40	134	10	0	0	13	6	16	4	8	413.54	0		24.345012
40	135	10	0	0	17	7	16	4	8	413.54	0		24.345012
40	133	9	0	7	0	0	10	6	6	215.97	0		23.617543


-------------------------------------------------------------------------------------------------------------------
Tour_Id:			8
No_of_Customers:		6
No_of_Items:			19
Customer_Sequence:		4 33 24 44 26 36 

CustId	Id	TypeId	Rotated	x	y	z	Length	Width	Height	mass	Fragility	LoadBearingStrength
36	117	2	0	0	0	0	16	4	7	374.02	0		82.082921
36	119	8	0	0	4	0	11	6	4	208.83	0		46.373355
36	118	5	0	0	10	0	11	3	6	90.41	1		4.874189
26	84	7	0	0	13	0	15	4	6	193.06	0		17.531076
26	82	1	0	0	17	0	14	6	3	190.68	0		11.075070
26	83	1	0	0	4	4	14	6	3	190.68	0		11.075070
44	144	1	0	0	17	3	14	6	3	190.68	0		11.075070
44	145	1	0	0	13	6	14	6	3	190.68	0		11.075070
44	146	6	0	0	0	7	7	6	5	165.96	1		4.585054
44	147	6	0	0	13	9	7	6	5	165.96	1		4.585054
24	76	3	0	7	0	7	7	6	7	138.72	0		20.366351
24	78	6	0	0	0	12	7	6	5	165.96	1		4.585054
24	77	5	0	0	10	6	11	3	6	90.41	1		4.874189
33	107	10	0	0	19	6	16	4	8	413.54	0		24.345012
33	105	3	0	7	13	9	7	6	7	138.72	0		20.366351
33	106	6	0	0	13	14	7	6	5	165.96	1		4.585054
4	11	4	0	14	4	0	17	7	7	525.04	0		28.390237
4	13	10	0	0	6	7	16	4	8	413.54	0		24.345012
4	12	7	0	0	19	14	15	4	6	193.06	0		17.531076


-------------------------------------------------------------------------------------------------------------------
Tour_Id:			9
No_of_Customers:		8
No_of_Items:			29
Customer_Sequence:		23 22 5 32 41 2 19 28 

CustId	Id	TypeId	Rotated	x	y	z	Length	Width	Height	mass	Fragility	LoadBearingStrength
28	88	4	0	0	0	0	17	7	7	525.04	0		28.390237
28	89	4	0	0	7	0	17	7	7	525.04	0		28.390237
28	90	10	0	0	14	0	16	4	8	413.54	0		24.345012
28	87	2	0	0	18	0	16	4	7	374.02	0		82.082921
19	62	2	0	0	0	7	16	4	7	374.02	0		82.082921
19	60	1	0	0	4	7	14	6	3	190.68	0		11.075070
19	61	1	0	0	4	10	14	6	3	190.68	0		11.075070
19	63	5	0	0	22	0	11	3	6	90.41	1		4.874189
2	5	4	0	16	14	0	17	7	7	525.04	0		28.390237
2	6	7	0	0	10	7	15	4	6	193.06	0		17.531076
2	7	8	0	0	4	13	11	6	4	208.83	0		46.373355
2	4	1	0	0	4	17	14	6	3	190.68	0		11.075070
41	136	2	0	0	18	7	16	4	7	374.02	0		82.082921
41	138	7	0	0	14	8	15	4	6	193.06	0		17.531076
41	137	5	0	0	22	6	11	3	6	90.41	1		4.874189
32	102	7	0	0	10	13	15	4	6	193.06	0		17.531076
32	103	8	0	0	14	14	11	6	4	208.83	0		46.373355
32	104	8	0	0	14	18	11	6	4	208.83	0		46.373355
32	101	1	0	0	4	20	14	6	3	190.68	0		11.075070
5	15	4	0	16	14	7	17	7	7	525.04	0		28.390237
5	17	9	0	0	14	22	10	6	6	215.97	0		23.617543
5	14	1	0	0	4	23	14	6	3	190.68	0		11.075070
5	16	5	0	0	22	12	11	3	6	90.41	1		4.874189
22	71	4	0	11	14	14	17	7	7	525.04	0		28.390237
22	70	1	0	0	4	26	14	6	3	190.68	0		11.075070
22	72	5	0	0	0	14	11	3	6	90.41	1		4.874189
23	73	5	0	0	22	18	11	3	6	90.41	1		4.874189
23	74	5	0	0	10	19	11	3	6	90.41	1		4.874189
23	75	5	0	0	0	20	11	3	6	90.41	1		4.874189


-------------------------------------------------------------------------------------------------------------------
Tour_Id:			10
No_of_Customers:		6
No_of_Items:			20
Customer_Sequence:		38 8 35 21 39 42 

CustId	Id	TypeId	Rotated	x	y	z	Length	Width	Height	mass	Fragility	LoadBearingStrength
42	140	4	0	0	0	0	17	7	7	525.04	0		28.390237
42	139	2	0	0	7	0	16	4	7	374.02	0		82.082921
39	130	4	0	0	11	0	17	7	7	525.04	0		28.390237
39	128	1	0	0	18	0	14	6	3	190.68	0		11.075070
39	129	1	0	0	0	7	14	6	3	190.68	0		11.075070
39	131	5	0	0	18	3	11	3	6	90.41	1		4.874189
21	69	3	0	0	6	7	7	6	7	138.72	0		20.366351
21	68	1	0	0	12	7	14	6	3	190.68	0		11.075070
35	113	4	0	14	18	0	17	7	7	525.04	0		28.390237
35	112	2	0	0	0	10	16	4	7	374.02	0		82.082921
35	116	9	0	0	12	10	10	6	6	215.97	0		23.617543
35	114	8	0	0	12	16	11	6	4	208.83	0		46.373355
35	115	8	0	0	12	20	11	6	4	208.83	0		46.373355
8	24	10	0	0	0	17	16	4	8	413.54	0		24.345012
8	23	9	0	0	12	24	10	6	6	215.97	0		23.617543
38	124	4	0	11	18	7	17	7	7	525.04	0		28.390237
38	127	10	0	11	18	14	16	4	8	413.54	0		24.345012
38	125	7	0	11	18	22	15	4	6	193.06	0		17.531076
38	126	9	0	7	6	7	10	6	6	215.97	0		23.617543
38	123	1	0	17	0	0	14	6	3	190.68	0		11.075070


