Name:				116_n060_m200_bt100
Problem:			3L-VRPTW
Number_of_used_Vehicles:	7
Total_Travel_Distance:		767.02
Calculation_Time:		122.80
Total_Iterations:		8395
ConstraintSet:			P1

-------------------------------------------------------------------------------------------------------------------
Tour_Id:			1
No_of_Customers:		9
No_of_Items:			32
Customer_Sequence:		25 60 52 44 41 8 38 14 35 

CustId	Id	TypeId	Rotated	x	y	z	Length	Width	Height	mass	Fragility	LoadBearingStrength
35	113	57	0	0	0	0	16	7	6	561.77	0		142.985022
35	115	92	0	0	7	0	15	7	3	314.73	0		40.196325
35	114	77	0	0	14	0	13	6	4	275.42	0		49.193824
35	112	44	0	0	20	0	12	5	4	140.96	0		37.321408
14	44	88	0	0	7	3	16	5	6	338.66	0		64.081004
14	42	23	0	0	14	4	17	4	6	602.62	0		38.395552
14	43	83	0	0	18	4	6	5	4	80.58	1		11.885721
38	127	92	0	0	0	6	15	7	3	314.73	0		40.196325
38	126	73	0	0	0	9	17	3	6	218.81	0		86.794818
38	123	3	0	0	3	9	9	4	6	135.94	0		26.394475
38	125	39	0	0	7	9	14	3	5	182.09	0		59.699459
38	124	10	0	0	14	10	6	5	5	123.82	0		37.367637
8	23	35	0	0	0	15	8	5	8	148.47	0		22.989334
8	22	4	0	0	7	14	6	4	8	204.74	0		244.178741
41	134	51	0	0	0	23	7	6	7	210.99	0		44.119458
41	133	4	0	0	14	15	6	4	8	204.74	0		244.178741
41	135	68	0	0	7	22	8	3	7	128.06	0		291.960008
44	143	35	0	6	18	4	8	5	8	148.47	0		22.989334
44	144	51	0	6	18	12	7	6	7	210.99	0		44.119458
44	142	29	0	0	12	3	10	2	5	35.18	1		16.654182
52	167	1	0	6	18	19	9	6	8	153	0		6.898563
52	170	85	0	6	14	10	10	3	6	71.06	0		28.276083
52	168	61	0	14	18	0	8	5	4	154.58	0		40.832255
52	169	63	0	6	18	27	11	4	3	127.27	0		26.008616
52	171	93	0	0	14	23	8	3	5	47.51	0		62.605548
60	199	23	0	16	3	0	17	4	6	602.62	0		38.395552
60	198	4	0	8	0	15	6	4	8	204.74	0		244.178741
60	200	53	0	16	7	0	9	2	8	52.20	0		17.108444
25	78	36	0	7	0	23	6	5	7	179.12	0		28.052061
25	80	54	0	8	14	16	10	3	5	138.44	0		32.990704
25	79	37	0	8	14	21	8	4	4	127.11	0		95.424525
25	81	62	0	16	9	0	14	5	4	383.80	1		13.924783


-------------------------------------------------------------------------------------------------------------------
Tour_Id:			2
No_of_Customers:		11
No_of_Items:			33
Customer_Sequence:		42 58 30 1 13 20 36 4 59 51 37 

CustId	Id	TypeId	Rotated	x	y	z	Length	Width	Height	mass	Fragility	LoadBearingStrength
37	120	32	0	0	0	0	13	3	7	275.74	0		55.494667
37	122	93	0	0	3	0	8	3	5	47.51	0		62.605548
37	121	40	0	0	6	0	8	5	8	216.57	1		7.666010
51	164	22	0	0	11	0	13	5	8	318.90	0		17.996525
51	166	33	0	0	16	0	16	3	7	296.81	0		30.628054
51	165	29	0	0	19	0	10	2	5	35.18	1		16.654182
59	196	20	0	8	3	0	16	6	5	724.16	0		87.802470
59	197	88	0	0	11	8	16	5	6	338.66	0		64.081004
4	10	67	0	8	3	5	16	7	8	559.02	0		25.642465
4	8	23	0	0	21	0	17	4	6	602.62	0		38.395552
4	9	65	0	0	11	14	6	6	4	244.44	1		15.201705
36	117	67	0	8	3	13	16	7	8	559.02	0		25.642465
36	116	28	0	0	21	6	9	4	5	136.82	0		104.796925
36	118	82	0	0	0	7	14	2	5	189.90	0		38.572794
36	119	90	0	0	21	11	9	4	3	79.36	1		12.432962
20	59	10	0	6	10	14	6	5	5	123.82	0		37.367637
20	60	37	0	6	10	19	8	4	4	127.11	0		95.424525
20	58	6	0	0	21	14	9	4	8	258.14	1		32.352325
13	41	99	0	6	10	23	9	3	5	85.71	0		16.947027
13	40	26	0	0	19	5	12	2	7	82.69	1		8.808206
1	2	30	0	8	3	21	13	3	8	114.18	0		14.478538
1	1	28	0	8	6	21	9	4	5	136.82	0		104.796925
30	97	31	0	9	21	6	10	4	8	199.67	0		19.472577
30	99	73	0	14	0	0	17	3	6	218.81	0		86.794818
30	100	75	0	0	0	12	16	2	4	78.25	0		48.678057
30	98	56	0	8	6	26	7	4	4	50.43	0		16.507459
58	194	84	0	16	10	0	10	6	8	207.67	0		14.859630
58	195	92	0	24	3	0	15	7	3	314.73	0		40.196325
58	192	82	0	0	17	7	14	2	5	189.90	0		38.572794
58	193	83	0	16	16	0	6	5	4	80.58	1		11.885721
42	136	31	0	9	21	14	10	4	8	199.67	0		19.472577
42	138	39	0	16	0	6	14	3	5	182.09	0		59.699459
42	137	38	0	9	21	22	6	3	3	38.30	0		29.497048


-------------------------------------------------------------------------------------------------------------------
Tour_Id:			3
No_of_Customers:		9
No_of_Items:			30
Customer_Sequence:		18 43 29 27 56 50 49 7 46 

CustId	Id	TypeId	Rotated	x	y	z	Length	Width	Height	mass	Fragility	LoadBearingStrength
46	152	88	0	0	0	0	16	5	6	338.66	0		64.081004
46	151	85	0	0	5	0	10	3	6	71.06	0		28.276083
46	150	69	0	0	8	0	6	5	4	83.86	0		83.800569
46	148	15	0	0	13	0	15	5	8	406.05	1		7.501201
46	149	21	0	0	18	0	16	3	6	389.63	1		18.821777
7	21	85	0	0	21	0	10	3	6	71.06	0		28.276083
7	20	70	0	0	0	6	10	5	3	96.83	0		22.318867
7	19	29	0	0	5	6	10	2	5	35.18	1		16.654182
49	157	1	0	10	5	0	9	6	8	153	0		6.898563
49	161	94	0	0	21	6	13	3	8	279.30	0		35.605581
49	160	82	0	0	21	14	14	2	5	189.90	0		38.572794
49	158	14	0	0	0	9	13	3	3	39.93	0		59.204849
49	159	17	0	0	8	4	7	3	4	69.19	0		38.812415
50	163	97	0	10	5	8	7	5	8	447.14	0		316.847836
50	162	21	0	0	18	6	16	3	6	389.63	1		18.821777
56	186	85	0	0	0	12	10	3	6	71.06	0		28.276083
56	185	82	0	0	21	19	14	2	5	189.90	0		38.572794
56	183	21	0	0	13	8	16	3	6	389.63	1		18.821777
56	184	52	0	10	5	16	6	6	5	87.73	1		8.720838
27	87	67	0	16	11	0	16	7	8	559.02	0		25.642465
27	88	91	0	16	18	0	13	7	6	264.52	0		87.448352
27	86	54	0	0	0	18	10	3	5	138.44	0		32.990704
29	96	71	0	16	18	6	13	7	5	378.92	0		40.596114
29	94	39	0	14	21	11	14	3	5	182.09	0		59.699459
29	95	62	0	16	0	0	14	5	4	383.80	1		13.924783
43	141	92	0	16	10	8	15	7	3	314.73	0		40.196325
43	139	78	0	0	13	14	7	4	5	103.09	1		6.792046
43	140	83	0	0	13	19	6	5	4	80.58	1		11.885721
18	53	82	0	0	21	24	14	2	5	189.90	0		38.572794
18	54	93	0	0	0	23	8	3	5	47.51	0		62.605548


-------------------------------------------------------------------------------------------------------------------
Tour_Id:			4
No_of_Customers:		10
No_of_Items:			33
Customer_Sequence:		39 19 55 48 5 32 54 53 23 12 

CustId	Id	TypeId	Rotated	x	y	z	Length	Width	Height	mass	Fragility	LoadBearingStrength
12	39	47	0	0	0	0	10	7	8	383.29	0		125.962377
12	37	33	0	0	7	0	16	3	7	296.81	0		30.628054
12	38	44	0	0	10	0	12	5	4	140.96	0		37.321408
12	36	24	0	0	15	0	11	6	3	112.60	0		13.250681
23	73	51	0	0	15	3	7	6	7	210.99	0		44.119458
23	71	8	0	0	21	0	10	4	4	115.33	0		51.628535
23	72	40	0	0	10	4	8	5	8	216.57	1		7.666010
23	74	66	0	0	0	8	6	6	7	112.60	1		3.248056
53	175	94	0	0	21	4	13	3	8	279.30	0		35.605581
53	174	73	0	0	7	7	17	3	6	218.81	0		86.794818
53	173	41	0	10	0	0	14	5	4	164.45	0		54.404061
53	172	38	0	0	15	10	6	3	3	38.30	0		29.497048
54	177	73	0	0	21	12	17	3	6	218.81	0		86.794818
54	176	9	0	10	0	4	12	5	3	144.07	0		23.290951
54	178	80	0	0	7	13	15	3	3	127.47	0		51.200784
32	104	67	0	12	10	0	16	7	8	559.02	0		25.642465
32	103	37	0	0	7	16	8	4	4	127.11	0		95.424525
5	12	22	0	10	0	7	13	5	8	318.90	0		17.996525
5	11	11	0	10	0	15	14	5	3	303.23	0		62.154147
5	14	37	0	0	21	18	8	4	4	127.11	0		95.424525
5	15	38	0	0	18	10	6	3	3	38.30	0		29.497048
5	13	29	0	0	11	12	10	2	5	35.18	1		16.654182
48	155	44	0	10	10	8	12	5	4	140.96	0		37.321408
48	156	98	0	0	15	13	6	6	5	182.82	0		169.346664
55	179	31	0	0	7	20	10	4	8	199.67	0		19.472577
55	181	55	0	10	10	12	13	4	4	144.51	0		15.620440
55	180	46	0	10	5	0	13	2	4	90.44	0		41.622709
55	182	78	0	0	15	18	7	4	5	103.09	1		6.792046
19	57	91	0	24	0	0	13	7	6	264.52	0		87.448352
19	55	48	0	10	15	8	17	2	8	140.71	0		14.562158
19	56	83	0	0	15	23	6	5	4	80.58	1		11.885721
39	128	94	0	10	10	16	13	3	8	279.30	0		35.605581
39	129	94	0	10	0	18	13	3	8	279.30	0		35.605581


-------------------------------------------------------------------------------------------------------------------
Tour_Id:			5
No_of_Customers:		6
No_of_Items:			22
Customer_Sequence:		21 22 10 40 16 17 

CustId	Id	TypeId	Rotated	x	y	z	Length	Width	Height	mass	Fragility	LoadBearingStrength
17	51	69	0	0	0	0	6	5	4	83.86	0		83.800569
17	52	87	0	0	5	0	10	7	4	143.02	1		4.976935
16	50	35	0	0	12	0	8	5	8	148.47	0		22.989334
16	49	30	0	0	17	0	13	3	8	114.18	0		14.478538
16	48	21	0	0	20	0	16	3	6	389.63	1		18.821777
40	132	54	0	0	12	8	10	3	5	138.44	0		32.990704
40	130	21	0	0	20	6	16	3	6	389.63	1		18.821777
40	131	21	0	0	17	8	16	3	6	389.63	1		18.821777
10	30	67	0	10	0	0	16	7	8	559.02	0		25.642465
10	32	99	0	0	12	13	9	3	5	85.71	0		16.947027
10	29	5	0	0	23	0	6	2	4	38.39	0		64.043666
10	31	81	0	0	0	4	7	4	6	92.45	1		9.229250
22	67	35	0	10	7	0	8	5	8	148.47	0		22.989334
22	68	51	0	10	0	8	7	6	7	210.99	0		44.119458
22	66	24	0	10	6	8	11	6	3	112.60	0		13.250681
22	70	81	0	0	0	10	7	4	6	92.45	1		9.229250
22	69	78	0	0	20	12	7	4	5	103.09	1		6.792046
21	61	16	0	10	6	11	13	6	7	318.41	0		20.243150
21	62	23	0	10	12	0	17	4	6	602.62	0		38.395552
21	63	39	0	10	12	6	14	3	5	182.09	0		59.699459
21	64	45	0	10	0	15	8	5	3	90.74	0		38.252222
21	65	65	0	10	0	18	6	6	4	244.44	1		15.201705


-------------------------------------------------------------------------------------------------------------------
Tour_Id:			6
No_of_Customers:		7
No_of_Items:			21
Customer_Sequence:		34 15 45 26 6 3 31 

CustId	Id	TypeId	Rotated	x	y	z	Length	Width	Height	mass	Fragility	LoadBearingStrength
31	102	50	0	0	0	0	11	3	7	214.99	0		158.460828
31	101	9	0	0	3	0	12	5	3	144.07	0		23.290951
3	7	91	0	0	8	0	13	7	6	264.52	0		87.448352
3	5	54	0	0	15	0	10	3	5	138.44	0		32.990704
3	6	87	0	0	18	0	10	7	4	143.02	1		4.976935
6	17	73	0	0	8	6	17	3	6	218.81	0		86.794818
6	16	36	0	0	3	3	6	5	7	179.12	0		28.052061
6	18	78	0	0	18	4	7	4	5	103.09	1		6.792046
26	85	84	0	10	15	0	10	6	8	207.67	0		14.859630
26	82	21	0	0	11	6	16	3	6	389.63	1		18.821777
26	83	52	0	0	8	12	6	6	5	87.73	1		8.720838
26	84	52	0	0	8	17	6	6	5	87.73	1		8.720838
45	147	93	0	0	0	7	8	3	5	47.51	0		62.605548
45	145	14	0	6	8	12	13	3	3	39.93	0		59.204849
45	146	43	0	0	22	4	10	3	7	386.17	1		31.931703
15	47	77	0	7	15	8	13	6	4	275.42	0		49.193824
15	45	9	0	7	15	12	12	5	3	144.07	0		23.290951
15	46	54	0	0	0	12	10	3	5	138.44	0		32.990704
34	109	7	0	7	15	15	15	5	8	270.71	0		22.996216
34	110	20	0	7	15	23	16	6	5	724.16	0		87.802470
34	111	37	0	0	3	10	8	4	4	127.11	0		95.424525


-------------------------------------------------------------------------------------------------------------------
Tour_Id:			7
No_of_Customers:		8
No_of_Items:			29
Customer_Sequence:		11 24 33 9 2 47 57 28 

CustId	Id	TypeId	Rotated	x	y	z	Length	Width	Height	mass	Fragility	LoadBearingStrength
28	89	23	0	0	0	0	17	4	6	602.62	0		38.395552
28	90	51	0	0	4	0	7	6	7	210.99	0		44.119458
28	92	79	0	0	10	0	15	4	3	57.84	0		50.909512
28	93	87	0	0	14	0	10	7	4	143.02	1		4.976935
28	91	78	0	0	21	0	7	4	5	103.09	1		6.792046
57	190	57	0	10	14	0	16	7	6	561.77	0		142.985022
57	187	20	0	7	4	0	16	6	5	724.16	0		87.802470
57	191	71	0	7	4	5	13	7	5	378.92	0		40.596114
57	189	53	0	0	0	6	9	2	8	52.20	0		17.108444
57	188	45	1	0	2	7	8	5	3	90.74	0		38.252222
47	153	30	0	7	21	0	13	3	8	114.18	0		14.478538
47	154	55	0	7	21	8	13	4	4	144.51	0		15.620440
2	4	59	1	0	2	10	7	6	3	96.94	0		37.824404
2	3	21	0	0	11	3	16	3	6	389.63	1		18.821777
9	25	67	0	6	4	10	16	7	8	559.02	0		25.642465
9	28	94	0	6	4	18	13	3	8	279.30	0		35.605581
9	26	81	0	0	11	9	7	4	6	92.45	1		9.229250
9	24	65	0	0	2	13	6	6	4	244.44	1		15.201705
9	27	83	0	0	11	15	6	5	4	80.58	1		11.885721
33	105	11	0	6	7	18	14	5	3	303.23	0		62.154147
33	108	85	0	6	7	21	10	3	6	71.06	0		28.276083
33	107	75	0	6	10	21	16	2	4	78.25	0		48.678057
33	106	21	0	7	21	12	16	3	6	389.63	1		18.821777
24	76	84	0	10	14	6	10	6	8	207.67	0		14.859630
24	75	74	0	17	0	0	17	4	4	100.51	0		22.604484
24	77	87	0	10	14	14	10	7	4	143.02	1		4.976935
11	34	45	0	20	14	6	8	5	3	90.74	0		38.252222
11	35	69	0	20	14	9	6	5	4	83.86	0		83.800569
11	33	29	0	0	0	14	10	2	5	35.18	1		16.654182


