Name:				117_n060_m200_bt100
Problem:			3L-VRPTW
Number_of_used_Vehicles:	11
Total_Travel_Distance:		1037.67
Calculation_Time:		63.60
Total_Iterations:		15093
ConstraintSet:			P1

-------------------------------------------------------------------------------------------------------------------
Tour_Id:			1
No_of_Customers:		7
No_of_Items:			23
Customer_Sequence:		40 15 25 51 44 11 7 

CustId	Id	TypeId	Rotated	x	y	z	Length	Width	Height	mass	Fragility	LoadBearingStrength
7	20	32	0	0	0	0	15	6	7	595.45	0		57.492294
7	22	68	0	0	6	0	15	6	6	447.07	0		43.997648
7	23	96	0	0	12	0	16	7	3	184.32	0		22.234861
7	21	64	0	0	19	0	9	2	3	87.97	0		80.019629
11	36	80	0	0	21	0	14	3	7	464.43	0		40.617883
11	35	21	0	0	12	3	8	4	5	119.08	0		27.981593
11	37	94	0	0	16	3	14	5	8	387.35	1		16.524101
44	146	68	0	0	6	6	15	6	6	447.07	0		43.997648
44	144	4	0	0	0	7	15	5	6	226.86	0		18.888361
44	145	14	0	0	21	7	17	3	5	96.66	0		20.846387
51	166	13	0	0	5	12	17	7	3	214.66	0		36.111625
51	167	51	0	0	12	8	8	4	5	148.43	0		135.117120
51	169	89	0	0	21	12	10	2	7	108.87	0		29.160344
51	168	70	0	0	0	13	11	4	3	43.60	0		14.904692
25	87	73	0	0	4	15	16	7	6	259.98	0		32.139397
25	88	83	0	0	4	21	15	5	6	423.13	0		152.108024
25	84	8	0	0	9	21	17	2	5	90.55	0		14.941016
25	86	42	0	16	12	0	11	6	8	539.79	1		25.285749
25	85	30	0	0	16	11	15	5	6	308.92	1		12.238933
15	52	74	0	17	0	0	14	7	4	318.53	1		8.705655
15	51	31	0	0	16	17	12	5	5	239.46	1		43.296522
40	130	98	0	17	7	0	13	5	6	370.63	0		96.522831
40	129	43	0	27	12	0	8	7	5	193.62	0		95.746960


-------------------------------------------------------------------------------------------------------------------
Tour_Id:			2
No_of_Customers:		5
No_of_Items:			15
Customer_Sequence:		48 32 31 29 53 

CustId	Id	TypeId	Rotated	x	y	z	Length	Width	Height	mass	Fragility	LoadBearingStrength
53	177	96	0	0	0	0	16	7	3	184.32	0		22.234861
53	176	94	0	0	7	0	14	5	8	387.35	1		16.524101
53	175	11	0	0	12	0	10	6	5	273.93	1		24.229595
29	98	49	0	0	18	0	12	4	7	276.14	0		22.276667
29	99	97	0	0	0	3	8	7	4	210.69	0		73.599163
31	103	87	0	0	22	0	8	3	6	137.31	0		24.923900
31	102	59	0	0	0	7	7	4	3	157.52	0		78.630231
32	105	76	0	12	12	0	12	7	5	414.23	0		26.809885
32	106	76	0	12	12	5	12	7	5	414.23	0		26.809885
32	104	48	0	0	18	7	8	4	8	201.71	0		128.208315
32	107	87	0	0	22	6	8	3	6	137.31	0		24.923900
48	155	76	0	12	12	10	12	7	5	414.23	0		26.809885
48	156	90	0	12	19	0	12	4	6	239.71	0		21.557409
48	154	56	0	8	0	3	6	6	8	241.24	0		28.584577
48	157	97	0	12	12	15	8	7	4	210.69	0		73.599163


-------------------------------------------------------------------------------------------------------------------
Tour_Id:			3
No_of_Customers:		7
No_of_Items:			27
Customer_Sequence:		1 19 17 18 50 35 28 

CustId	Id	TypeId	Rotated	x	y	z	Length	Width	Height	mass	Fragility	LoadBearingStrength
28	95	75	0	0	0	0	10	7	8	279.38	0		50.186572
28	94	4	0	0	7	0	15	5	6	226.86	0		18.888361
28	96	84	0	0	12	0	13	6	3	419.04	0		72.081896
28	97	85	0	0	18	0	10	3	4	96.33	1		17.611530
35	114	38	0	0	12	3	17	6	8	1078.75	0		19.602377
35	113	10	0	0	0	8	8	6	6	373.63	0		39.323715
35	115	65	0	0	7	6	11	5	5	127.24	0		19.162696
35	116	97	0	0	6	11	8	7	4	210.69	0		73.599163
50	163	33	0	0	21	0	8	2	8	116.65	0		162.018207
50	162	20	0	0	13	11	6	3	6	96.84	0		139.427464
50	164	64	0	0	23	0	9	2	3	87.97	0		80.019629
50	165	74	0	10	0	0	14	7	4	318.53	1		8.705655
18	65	100	0	6	13	11	14	5	8	233.68	0		17.492512
18	64	99	0	6	13	19	14	5	8	288.50	1		40.703263
18	63	74	0	10	18	0	14	7	4	318.53	1		8.705655
18	61	72	0	0	18	4	16	3	6	308.09	1		18.420299
18	62	72	0	0	18	10	16	3	6	308.09	1		18.420299
17	59	75	0	0	6	15	10	7	8	279.38	0		50.186572
17	60	75	0	24	0	0	10	7	8	279.38	0		50.186572
17	58	67	0	0	6	23	12	6	5	251.36	0		42.167424
17	57	43	0	20	7	0	8	7	5	193.62	0		95.746960
17	56	23	0	20	14	0	17	3	5	162.40	0		13.208629
19	66	10	0	0	0	14	8	6	6	373.63	0		39.323715
19	67	36	0	0	0	20	10	3	8	171.77	0		21.132758
1	1	5	0	20	7	5	6	6	5	63.12	0		55.517686
1	3	89	0	0	21	8	10	2	7	108.87	0		29.160344
1	2	70	0	20	13	5	11	4	3	43.60	0		14.904692


-------------------------------------------------------------------------------------------------------------------
Tour_Id:			4
No_of_Customers:		8
No_of_Items:			24
Customer_Sequence:		60 56 33 8 21 5 27 54 

CustId	Id	TypeId	Rotated	x	y	z	Length	Width	Height	mass	Fragility	LoadBearingStrength
54	179	62	0	0	0	0	10	4	3	50.28	1		9.618079
54	178	7	0	0	4	0	10	3	3	42.44	1		5.996294
27	92	33	0	0	7	0	8	2	8	116.65	0		162.018207
27	93	91	0	0	9	0	12	2	5	82.62	0		82.804682
5	14	78	0	0	11	0	14	7	7	206.74	0		6.481967
5	15	80	0	0	18	0	14	3	7	464.43	0		40.617883
5	12	43	0	0	11	7	8	7	5	193.62	0		95.746960
5	13	43	0	0	11	12	8	7	5	193.62	0		95.746960
21	75	38	0	10	0	0	17	6	8	1078.75	0		19.602377
21	74	37	0	0	21	0	12	4	4	143.79	0		58.326795
21	76	89	0	0	21	4	10	2	7	108.87	0		29.160344
21	73	31	0	10	0	8	12	5	5	239.46	1		43.296522
21	72	7	0	0	0	3	10	3	3	42.44	1		5.996294
8	24	43	0	0	11	17	8	7	5	193.62	0		95.746960
8	25	88	0	0	23	4	14	2	4	70.68	0		51.429520
33	109	78	0	14	6	0	14	7	7	206.74	0		6.481967
33	108	49	0	8	11	7	12	4	7	276.14	0		22.276667
56	189	98	0	14	15	0	13	5	6	370.63	0		96.522831
56	187	44	0	14	20	0	15	5	5	368.80	0		38.349271
56	186	14	0	0	18	7	17	3	5	96.66	0		20.846387
56	188	89	0	0	7	8	10	2	7	108.87	0		29.160344
56	185	7	0	0	18	12	10	3	3	42.44	1		5.996294
60	200	54	0	8	11	14	11	4	5	85.25	0		77.168790
60	199	6	0	0	11	22	6	3	5	87.38	0		14.816019


-------------------------------------------------------------------------------------------------------------------
Tour_Id:			5
No_of_Customers:		7
No_of_Items:			27
Customer_Sequence:		49 36 6 22 42 47 43 

CustId	Id	TypeId	Rotated	x	y	z	Length	Width	Height	mass	Fragility	LoadBearingStrength
43	142	83	0	0	0	0	15	5	6	423.13	0		152.108024
43	141	80	0	0	5	0	14	3	7	464.43	0		40.617883
43	139	55	0	0	8	0	8	4	7	138.02	0		47.343529
43	140	66	0	0	12	0	8	4	8	153.76	1		31.784078
43	143	86	0	0	16	0	6	3	8	97.33	1		16.081651
47	153	90	0	0	19	0	12	4	6	239.71	0		21.557409
47	152	45	0	0	0	6	16	3	6	172.65	1		6.440328
47	151	35	0	0	19	6	13	3	3	53.59	1		5.106765
42	138	73	0	8	8	0	16	7	6	259.98	0		32.139397
42	134	21	0	0	5	7	8	4	5	119.08	0		27.981593
42	135	21	0	0	5	12	8	4	5	119.08	0		27.981593
42	136	33	0	0	23	0	8	2	8	116.65	0		162.018207
42	137	62	0	0	12	8	10	4	3	50.28	1		9.618079
22	78	75	0	10	8	6	10	7	8	279.38	0		50.186572
22	79	76	0	8	8	14	12	7	5	414.23	0		26.809885
22	77	62	0	0	19	9	10	4	3	50.28	1		9.618079
6	17	14	0	6	16	0	17	3	5	96.66	0		20.846387
6	16	5	0	8	8	19	6	6	5	63.12	0		55.517686
6	18	31	0	13	19	0	12	5	5	239.46	1		43.296522
6	19	86	0	0	16	8	6	3	8	97.33	1		16.081651
36	117	12	0	16	0	0	15	4	6	166.34	0		22.353874
36	118	15	0	10	15	5	8	4	7	132.77	0		26.539590
36	119	33	0	0	3	6	8	2	8	116.65	0		162.018207
49	160	41	0	24	4	0	16	6	3	275.99	0		43.096859
49	158	21	0	8	8	24	8	4	5	119.08	0		27.981593
49	161	82	0	0	5	17	9	3	5	61.85	0		17.314256
49	159	30	0	13	19	5	15	5	6	308.92	1		12.238933


-------------------------------------------------------------------------------------------------------------------
Tour_Id:			6
No_of_Customers:		5
No_of_Items:			14
Customer_Sequence:		34 37 38 13 3 

CustId	Id	TypeId	Rotated	x	y	z	Length	Width	Height	mass	Fragility	LoadBearingStrength
3	8	73	0	0	0	0	16	7	6	259.98	0		32.139397
3	6	52	0	0	7	0	11	4	6	187.07	0		29.085751
3	7	66	0	0	11	0	8	4	8	153.76	1		31.784078
13	43	21	0	0	15	0	8	4	5	119.08	0		27.981593
13	45	89	0	0	19	0	10	2	7	108.87	0		29.160344
13	44	77	0	0	21	0	14	3	3	72.25	0		25.522175
13	42	6	0	0	15	5	6	3	5	87.38	0		14.816019
38	122	26	0	0	0	6	12	5	6	157.78	0		14.778269
38	123	85	0	0	21	3	10	3	4	96.33	1		17.611530
37	120	6	0	0	5	6	6	3	5	87.38	0		14.816019
37	121	45	0	0	0	12	16	3	6	172.65	1		6.440328
34	112	80	0	0	8	6	14	3	7	464.43	0		40.617883
34	110	77	0	0	8	13	14	3	3	72.25	0		25.522175
34	111	77	0	0	8	16	14	3	3	72.25	0		25.522175


-------------------------------------------------------------------------------------------------------------------
Tour_Id:			7
No_of_Customers:		6
No_of_Items:			24
Customer_Sequence:		39 20 58 4 55 10 

CustId	Id	TypeId	Rotated	x	y	z	Length	Width	Height	mass	Fragility	LoadBearingStrength
10	34	58	0	0	0	0	12	6	5	163.05	0		91.980913
10	31	17	0	0	6	0	12	5	6	110.39	0		13.411129
10	32	27	0	0	11	0	8	6	6	179.56	0		16.582305
10	33	43	0	0	17	0	8	7	5	193.62	0		95.746960
55	180	4	0	0	0	5	15	5	6	226.86	0		18.888361
55	183	69	0	0	6	6	15	6	4	672.06	0		164.545353
55	182	65	0	0	5	10	11	5	5	127.24	0		19.162696
55	181	37	0	0	0	11	12	4	4	143.79	0		58.326795
55	184	85	0	0	17	5	10	3	4	96.33	1		17.611530
4	10	68	0	10	12	0	15	6	6	447.07	0		43.997648
4	9	60	0	0	12	6	12	4	8	296.61	0		20.970336
4	11	94	0	0	5	15	14	5	8	387.35	1		16.524101
58	194	92	0	0	12	14	15	3	8	215.55	0		29.187070
58	192	22	0	0	20	5	9	4	7	129.92	0		15.804562
58	193	66	0	0	16	9	8	4	8	153.76	1		31.784078
20	70	32	0	10	18	0	15	6	7	595.45	0		57.492294
20	71	49	0	0	20	12	12	4	7	276.14	0		22.276667
20	68	10	0	15	0	0	8	6	6	373.63	0		39.323715
20	69	27	0	15	6	0	8	6	6	179.56	0		16.582305
39	128	68	1	15	0	6	15	6	6	447.07	0		43.997648
39	125	44	1	15	0	12	15	5	5	368.80	0		38.349271
39	127	65	0	0	0	15	11	5	5	127.24	0		19.162696
39	124	28	0	0	20	19	10	3	8	203.36	0		121.512781
39	126	61	0	0	10	10	12	2	5	45.53	0		16.960019


-------------------------------------------------------------------------------------------------------------------
Tour_Id:			8
No_of_Customers:		5
No_of_Items:			15
Customer_Sequence:		45 30 57 14 12 

CustId	Id	TypeId	Rotated	x	y	z	Length	Width	Height	mass	Fragility	LoadBearingStrength
12	39	39	0	0	0	0	13	3	7	212.13	0		13.069714
12	38	36	0	0	3	0	10	3	8	171.77	0		21.132758
12	41	51	0	0	6	0	8	4	5	148.43	0		135.117120
12	40	40	0	0	10	0	6	2	5	51.44	0		42.884429
14	49	78	0	0	12	0	14	7	7	206.74	0		6.481967
14	48	76	0	0	12	7	12	7	5	414.23	0		26.809885
14	50	96	0	0	12	12	16	7	3	184.32	0		22.234861
14	46	2	0	0	19	0	16	6	3	273.68	0		46.165752
14	47	65	0	0	19	3	11	5	5	127.24	0		19.162696
57	190	8	0	0	0	7	17	2	5	90.55	0		14.941016
57	191	51	0	0	6	5	8	4	5	148.43	0		135.117120
30	101	41	0	0	12	15	16	6	3	275.99	0		43.096859
30	100	36	0	0	3	8	10	3	8	171.77	0		21.132758
45	148	63	0	0	12	18	17	3	6	276.75	0		30.055975
45	147	34	0	0	19	8	8	4	7	142.37	0		27.566288


-------------------------------------------------------------------------------------------------------------------
Tour_Id:			9
No_of_Customers:		4
No_of_Items:			13
Customer_Sequence:		59 2 23 9 

CustId	Id	TypeId	Rotated	x	y	z	Length	Width	Height	mass	Fragility	LoadBearingStrength
9	30	78	0	0	0	0	14	7	7	206.74	0		6.481967
9	27	58	0	0	7	0	12	6	5	163.05	0		91.980913
9	28	58	0	0	13	0	12	6	5	163.05	0		91.980913
9	26	6	0	0	19	0	6	3	5	87.38	0		14.816019
9	29	66	0	0	7	5	8	4	8	153.76	1		31.784078
23	80	24	0	0	22	0	14	3	7	277.80	0		17.092665
23	81	77	0	0	11	5	14	3	3	72.25	0		25.522175
2	5	28	0	0	14	5	10	3	8	203.36	0		121.512781
2	4	8	0	0	0	7	17	2	5	90.55	0		14.941016
59	198	98	0	0	2	7	13	5	6	370.63	0		96.522831
59	195	67	0	14	2	0	12	6	5	251.36	0		42.167424
59	196	71	0	0	2	13	10	6	6	244.75	1		7.798022
59	197	71	0	0	2	19	10	6	6	244.75	1		7.798022


-------------------------------------------------------------------------------------------------------------------
Tour_Id:			10
No_of_Customers:		5
No_of_Items:			15
Customer_Sequence:		24 46 26 52 41 

CustId	Id	TypeId	Rotated	x	y	z	Length	Width	Height	mass	Fragility	LoadBearingStrength
41	133	92	0	0	0	0	15	3	8	215.55	0		29.187070
41	131	30	0	0	3	0	15	5	6	308.92	1		12.238933
41	132	50	0	0	8	0	10	4	5	179.25	1		12.884714
52	171	26	0	0	12	0	12	5	6	157.78	0		14.778269
52	172	70	0	0	17	0	11	4	3	43.60	0		14.904692
52	173	88	0	0	21	0	14	2	4	70.68	0		51.429520
52	174	88	0	0	23	0	14	2	4	70.68	0		51.429520
52	170	7	0	0	17	3	10	3	3	42.44	1		5.996294
26	91	76	0	12	8	0	12	7	5	414.23	0		26.809885
26	89	37	0	0	20	4	12	4	4	143.79	0		58.326795
26	90	45	0	0	8	5	16	3	6	172.65	1		6.440328
46	150	58	0	12	15	0	12	6	5	163.05	0		91.980913
46	149	47	0	0	12	6	16	2	3	94.91	0		33.073392
24	83	70	0	0	0	8	11	4	3	43.60	0		14.904692
24	82	19	0	0	14	6	13	6	4	299.82	1		9.477676


-------------------------------------------------------------------------------------------------------------------
Tour_Id:			11
No_of_Customers:		1
No_of_Items:			0
Customer_Sequence:		16 

