Name:				119_n060_m200_bt100
Problem:			3L-VRPTW
Number_of_used_Vehicles:	10
Total_Travel_Distance:		967.34
Calculation_Time:		85.50
Total_Iterations:		13859
ConstraintSet:			P1

-------------------------------------------------------------------------------------------------------------------
Tour_Id:			1
No_of_Customers:		5
No_of_Items:			14
Customer_Sequence:		11 5 54 13 29 

CustId	Id	TypeId	Rotated	x	y	z	Length	Width	Height	mass	Fragility	LoadBearingStrength
29	95	61	0	0	0	0	7	5	8	196.68	0		36.493089
29	94	3	0	0	5	0	10	5	5	205.14	0		33.762313
13	42	6	0	0	10	0	11	5	7	155.22	0		11.152805
13	43	62	0	0	15	0	8	2	7	168.09	0		149.024161
13	44	67	0	0	17	0	6	6	7	183.05	1		8.219747
54	177	23	0	0	10	7	11	7	6	455.79	0		88.687485
54	178	42	0	6	17	0	16	3	5	211.90	0		19.196704
54	176	20	0	6	20	0	16	4	6	336.15	1		9.051786
5	17	59	0	0	5	5	6	5	7	208.28	0		54.516340
5	16	8	0	0	17	7	6	5	5	299.04	1		16.025222
11	38	64	0	0	0	8	9	5	8	134.31	0		44.849313
11	39	91	0	10	0	0	17	6	3	304.40	0		308.270076
11	37	61	0	0	5	12	7	5	8	196.68	0		36.493089
11	36	13	0	9	0	3	15	4	4	103.86	0		10.477888


-------------------------------------------------------------------------------------------------------------------
Tour_Id:			2
No_of_Customers:		6
No_of_Items:			22
Customer_Sequence:		35 33 27 41 49 1 

CustId	Id	TypeId	Rotated	x	y	z	Length	Width	Height	mass	Fragility	LoadBearingStrength
1	3	85	0	0	0	0	17	6	3	103.56	0		31.073589
1	1	46	0	0	6	0	8	6	5	381.14	0		57.520396
1	2	83	0	0	12	0	8	4	6	86.56	0		16.430858
49	161	100	0	0	16	0	7	7	5	168.13	0		34.984254
49	159	83	0	0	0	3	8	4	6	86.56	0		16.430858
49	157	71	0	0	6	5	8	3	7	54.72	0		14.421877
49	160	95	0	0	23	0	11	2	6	54.62	0		10.545566
49	158	78	0	0	4	3	14	2	4	52.31	0		18.439642
41	133	81	0	7	16	0	16	7	3	334.89	0		253.695490
41	131	45	0	7	16	3	17	3	6	524.43	0		37.818601
41	130	2	0	0	9	5	9	3	5	132.32	0		50.633304
41	132	73	0	8	6	0	12	5	3	125.12	1		6.890146
27	90	88	0	7	19	3	15	4	6	256.26	0		31.743473
27	91	94	0	7	16	9	13	3	8	288.85	0		124.848037
33	106	72	0	7	19	9	16	5	4	309.54	0		183.922875
33	104	3	0	7	19	13	10	5	5	205.14	0		33.762313
33	105	67	0	7	19	18	6	6	7	183.05	1		8.219747
35	110	58	0	17	0	0	12	5	7	340.79	0		164.978633
35	109	25	0	17	0	7	12	6	5	641.12	0		104.398130
35	112	79	0	17	0	12	11	5	4	201.80	0		58.520430
35	113	87	0	0	12	6	6	3	5	62.74	0		16.440529
35	111	76	0	0	4	7	13	2	6	108.34	1		4.643945


-------------------------------------------------------------------------------------------------------------------
Tour_Id:			3
No_of_Customers:		7
No_of_Items:			25
Customer_Sequence:		36 21 48 53 2 16 28 

CustId	Id	TypeId	Rotated	x	y	z	Length	Width	Height	mass	Fragility	LoadBearingStrength
28	92	25	0	0	0	0	12	6	5	641.12	0		104.398130
28	93	68	0	0	6	0	12	7	3	141.21	1		41.282549
16	56	47	0	0	13	0	16	6	7	628.22	0		72.714131
16	53	22	0	0	19	0	12	6	3	79.61	0		9.035575
16	55	36	0	0	19	3	9	6	3	52.62	0		12.183853
16	54	35	0	0	6	3	13	5	6	130.35	1		4.253366
16	57	74	0	0	11	3	7	2	3	16.48	1		3.168390
2	5	30	0	0	0	5	13	4	4	69.19	0		16.535100
2	6	35	0	0	13	7	13	5	6	130.35	1		4.253366
2	4	21	0	0	19	6	8	5	5	63.88	1		3.735588
2	7	37	1	0	0	9	9	6	3	142.73	1		9.726153
53	171	3	0	12	19	0	10	5	5	205.14	0		33.762313
53	175	98	0	6	0	9	8	2	8	54.69	0		123.036368
53	174	78	0	13	0	0	14	2	4	52.31	0		18.439642
53	172	28	0	0	13	13	13	5	6	251.68	1		6.559701
53	173	67	0	0	18	11	6	6	7	183.05	1		8.219747
48	156	50	0	13	2	0	17	4	8	438.01	0		53.840201
48	155	25	0	13	6	0	12	6	5	641.12	0		104.398130
48	154	19	0	13	6	5	14	5	5	217.15	0		9.961037
48	153	10	0	25	6	0	12	7	4	118.96	0		17.478236
21	70	93	0	22	13	0	14	7	5	455.11	0		62.626894
21	71	98	0	6	2	9	8	2	8	54.69	0		123.036368
21	69	54	0	0	13	19	9	6	3	235.77	1		14.195791
36	115	81	0	22	13	5	16	7	3	334.89	0		253.695490
36	114	62	0	6	0	17	8	2	7	168.09	0		149.024161


-------------------------------------------------------------------------------------------------------------------
Tour_Id:			4
No_of_Customers:		5
No_of_Items:			18
Customer_Sequence:		42 15 58 9 17 

CustId	Id	TypeId	Rotated	x	y	z	Length	Width	Height	mass	Fragility	LoadBearingStrength
17	59	93	0	0	0	0	14	7	5	455.11	0		62.626894
17	58	57	0	0	7	0	7	6	3	106.21	0		175.825906
9	30	89	0	0	13	0	16	7	3	254.91	0		27.832689
9	29	22	1	0	7	3	12	6	3	79.61	0		9.035575
9	28	20	0	0	20	0	16	4	6	336.15	1		9.051786
58	190	88	0	0	0	5	15	4	6	256.26	0		31.743473
58	189	86	0	0	4	5	17	3	7	312.82	0		41.491656
58	191	91	0	7	7	0	17	6	3	304.40	0		308.270076
58	192	95	1	0	7	6	11	2	6	54.62	0		10.545566
15	51	82	0	6	7	3	10	6	8	450.49	0		29.831003
15	49	2	0	0	0	11	9	3	5	132.32	0		50.633304
15	52	95	0	0	4	12	11	2	6	54.62	0		10.545566
15	50	76	0	0	20	6	13	2	6	108.34	1		4.643945
42	134	11	0	15	0	0	16	4	7	323.28	0		36.118019
42	138	64	0	6	13	3	9	5	8	134.31	0		44.849313
42	135	30	0	6	7	11	13	4	4	69.19	0		16.535100
42	136	31	0	6	7	15	15	3	3	48.59	0		8.789464
42	137	62	1	0	6	12	8	2	7	168.09	0		149.024161


-------------------------------------------------------------------------------------------------------------------
Tour_Id:			5
No_of_Customers:		7
No_of_Items:			24
Customer_Sequence:		32 44 25 24 46 14 57 

CustId	Id	TypeId	Rotated	x	y	z	Length	Width	Height	mass	Fragility	LoadBearingStrength
57	186	52	0	0	0	0	12	4	8	158.61	0		30.257307
57	187	63	0	0	4	0	9	4	7	167.13	0		24.390232
57	188	98	0	0	8	0	8	2	8	54.69	0		123.036368
57	185	16	0	0	10	0	6	3	3	28.20	0		16.190568
14	48	82	0	0	13	0	10	6	8	450.49	0		29.831003
14	46	69	0	0	19	0	11	4	8	204.48	0		21.932124
14	45	10	1	0	8	8	12	7	4	118.96	0		17.478236
14	47	78	0	0	23	0	14	2	4	52.31	0		18.439642
46	146	3	0	0	0	8	10	5	5	205.14	0		33.762313
46	147	27	1	0	5	12	14	6	7	349.19	1		5.306853
46	148	74	0	0	23	4	7	2	3	16.48	1		3.168390
24	80	47	0	10	4	0	16	6	7	628.22	0		72.714131
24	82	58	0	0	0	13	12	5	7	340.79	0		164.978633
24	79	22	0	0	0	20	12	6	3	79.61	0		9.035575
24	81	55	1	0	6	19	14	5	6	151.17	1		2.696456
25	86	49	0	0	0	23	16	3	7	310.11	0		16.013740
25	84	33	0	10	10	0	16	5	3	87.71	0		60.932970
25	83	26	0	10	10	3	7	5	3	65.12	0		44.523502
25	85	35	0	26	0	0	13	5	6	130.35	1		4.253366
44	142	52	0	10	15	0	12	4	8	158.61	0		30.257307
44	143	66	0	22	15	0	12	7	4	232.15	0		17.934028
32	102	15	0	26	5	0	17	6	7	242.06	0		11.085047
32	103	45	0	7	15	8	17	3	6	524.43	0		37.818601
32	101	2	0	0	20	8	9	3	5	132.32	0		50.633304


-------------------------------------------------------------------------------------------------------------------
Tour_Id:			6
No_of_Customers:		6
No_of_Items:			23
Customer_Sequence:		47 12 10 50 4 55 

CustId	Id	TypeId	Rotated	x	y	z	Length	Width	Height	mass	Fragility	LoadBearingStrength
55	181	61	0	0	0	0	7	5	8	196.68	0		36.493089
55	182	61	0	0	5	0	7	5	8	196.68	0		36.493089
55	179	22	0	0	10	0	12	6	3	79.61	0		9.035575
55	180	57	0	0	16	0	7	6	3	106.21	0		175.825906
4	15	91	0	7	0	0	17	6	3	304.40	0		308.270076
4	13	42	0	0	22	0	16	3	5	211.90	0		19.196704
4	12	39	0	0	10	3	9	5	5	208.96	0		39.903216
4	14	60	0	0	22	5	14	3	3	79.22	0		58.255862
4	11	17	0	0	15	3	10	6	6	223.43	1		8.019816
50	163	18	1	0	0	8	14	3	8	285.52	0		33.054468
50	164	18	0	0	22	8	14	3	8	285.52	0		33.054468
50	162	9	1	0	0	16	6	4	5	67.31	0		29.808815
10	32	18	0	0	22	16	14	3	8	285.52	0		33.054468
10	31	7	0	7	0	3	7	6	7	244.58	0		41.537534
10	33	38	1	0	6	16	9	3	3	50.82	0		8.868571
10	35	99	1	0	6	19	8	2	5	29.39	0		18.830456
10	34	74	0	0	15	9	7	2	3	16.48	1		3.168390
12	41	63	1	3	6	8	9	4	7	167.13	0		24.390232
12	40	37	0	7	0	10	9	6	3	142.73	1		9.726153
47	151	69	1	3	6	15	11	4	8	204.48	0		21.932124
47	150	56	0	12	6	0	11	6	5	311.76	0		34.198371
47	149	35	0	12	12	0	13	5	6	130.35	1		4.253366
47	152	73	0	4	0	13	12	5	3	125.12	1		6.890146


-------------------------------------------------------------------------------------------------------------------
Tour_Id:			7
No_of_Customers:		5
No_of_Items:			14
Customer_Sequence:		22 26 6 20 40 

CustId	Id	TypeId	Rotated	x	y	z	Length	Width	Height	mass	Fragility	LoadBearingStrength
40	127	25	0	0	0	0	12	6	5	641.12	0		104.398130
40	129	79	0	0	6	0	11	5	4	201.80	0		58.520430
40	128	30	0	0	11	0	13	4	4	69.19	0		16.535100
20	68	23	0	0	15	0	11	7	6	455.79	0		88.687485
20	67	11	0	0	11	4	16	4	7	323.28	0		36.118019
6	19	64	0	0	6	4	9	5	8	134.31	0		44.849313
6	20	79	0	0	0	5	11	5	4	201.80	0		58.520430
6	18	2	0	0	22	0	9	3	5	132.32	0		50.633304
26	89	46	0	0	15	6	8	6	5	381.14	0		57.520396
26	87	2	0	0	22	5	9	3	5	132.32	0		50.633304
26	88	27	0	0	11	11	14	6	7	349.19	1		5.306853
22	73	25	0	0	0	9	12	6	5	641.12	0		104.398130
22	72	7	0	0	0	14	7	6	7	244.58	0		41.537534
22	74	75	0	9	22	0	14	3	6	242.02	0		35.895317


-------------------------------------------------------------------------------------------------------------------
Tour_Id:			8
No_of_Customers:		10
No_of_Items:			32
Customer_Sequence:		45 18 3 51 8 39 7 38 56 23 

CustId	Id	TypeId	Rotated	x	y	z	Length	Width	Height	mass	Fragility	LoadBearingStrength
23	78	92	0	0	0	0	14	2	8	188.24	0		33.498782
23	75	20	0	0	2	0	16	4	6	336.15	1		9.051786
23	76	65	0	0	6	0	11	4	8	287.36	1		17.005279
23	77	74	0	0	10	0	7	2	3	16.48	1		3.168390
56	183	88	0	0	12	0	15	4	6	256.26	0		31.743473
56	184	89	0	0	16	0	16	7	3	254.91	0		27.832689
38	124	61	0	0	16	3	7	5	8	196.68	0		36.493089
38	122	42	0	0	12	6	16	3	5	211.90	0		19.196704
38	123	46	0	0	12	11	8	6	5	381.14	0		57.520396
38	120	4	0	11	6	0	16	3	3	50.11	0		11.307061
38	121	20	0	0	2	6	16	4	6	336.15	1		9.051786
7	22	66	0	16	9	0	12	7	4	232.15	0		17.934028
7	21	57	0	0	12	16	7	6	3	106.21	0		175.825906
7	23	67	0	0	12	19	6	6	7	183.05	1		8.219747
39	126	58	0	16	16	0	12	5	7	340.79	0		164.978633
39	125	24	0	8	12	11	8	4	4	124.64	0		20.069077
8	27	88	0	16	0	0	15	4	6	256.26	0		31.743473
8	24	51	0	0	23	0	12	2	7	118	0		45.900000
8	25	57	0	16	9	4	7	6	3	106.21	0		175.825906
8	26	70	0	0	21	3	7	2	8	87.57	0		20.753965
51	166	10	1	16	9	7	12	7	4	118.96	0		17.478236
51	167	83	0	0	18	11	8	4	6	86.56	0		16.430858
51	165	5	0	16	9	11	9	6	8	180.96	1		13.183135
3	10	98	0	0	23	7	8	2	8	54.69	0		123.036368
3	8	38	0	0	18	17	9	3	3	50.82	0		8.868571
3	9	43	0	0	2	12	15	5	3	92.76	1		5.741855
18	60	14	0	16	21	0	17	3	7	186.61	0		17.440695
18	63	44	0	16	15	11	7	6	7	159.35	0		12.924760
18	61	39	0	16	0	6	9	5	5	208.96	0		39.903216
18	62	43	0	0	2	15	15	5	3	92.76	1		5.741855
45	145	86	0	16	21	7	17	3	7	312.82	0		41.491656
45	144	56	0	28	4	0	11	6	5	311.76	0		34.198371


-------------------------------------------------------------------------------------------------------------------
Tour_Id:			9
No_of_Customers:		5
No_of_Items:			15
Customer_Sequence:		37 34 52 19 59 

CustId	Id	TypeId	Rotated	x	y	z	Length	Width	Height	mass	Fragility	LoadBearingStrength
59	195	94	0	0	0	0	13	3	8	288.85	0		124.848037
59	194	63	0	0	3	0	9	4	7	167.13	0		24.390232
59	193	21	0	0	7	0	8	5	5	63.88	1		3.735588
19	64	50	0	0	12	0	17	4	8	438.01	0		53.840201
19	65	89	0	0	16	0	16	7	3	254.91	0		27.832689
19	66	100	0	0	16	3	7	7	5	168.13	0		34.984254
52	168	9	0	0	3	7	6	4	5	67.31	0		29.808815
52	170	68	0	0	12	8	12	7	3	141.21	1		41.282549
52	169	43	0	0	12	11	15	5	3	92.76	1		5.741855
34	108	98	0	0	23	0	8	2	8	54.69	0		123.036368
34	107	54	0	0	19	8	9	6	3	235.77	1		14.195791
37	116	12	0	9	3	0	10	6	3	117.82	0		112.304363
37	117	31	0	0	0	8	15	3	3	48.59	0		8.789464
37	118	55	0	0	12	14	14	5	6	151.17	1		2.696456
37	119	68	0	0	17	11	12	7	3	141.21	1		41.282549


-------------------------------------------------------------------------------------------------------------------
Tour_Id:			10
No_of_Customers:		4
No_of_Items:			13
Customer_Sequence:		31 60 43 30 

CustId	Id	TypeId	Rotated	x	y	z	Length	Width	Height	mass	Fragility	LoadBearingStrength
30	96	45	0	0	0	0	17	3	6	524.43	0		37.818601
30	97	61	0	0	3	0	7	5	8	196.68	0		36.493089
43	141	51	0	0	8	0	12	2	7	118	0		45.900000
43	140	24	0	0	10	0	8	4	4	124.64	0		20.069077
43	139	9	0	0	14	0	6	4	5	67.31	0		29.808815
60	196	19	0	0	18	0	14	5	5	217.15	0		9.961037
60	199	56	1	0	14	5	11	6	5	311.76	0		34.198371
60	198	32	0	0	10	4	10	4	8	410.76	0		46.344562
60	197	22	0	8	10	0	12	6	3	79.61	0		9.035575
60	200	83	0	0	3	8	8	4	6	86.56	0		16.430858
31	99	52	0	0	10	12	12	4	8	158.61	0		30.257307
31	98	34	0	0	10	20	12	4	7	183.81	0		33.287804
31	100	67	0	0	14	10	6	6	7	183.05	1		8.219747


