Name:				125_n060_m200_bt3
Problem:			3L-VRPTW
Number_of_used_Vehicles:	16
Total_Travel_Distance:		1181.85
Calculation_Time:		2743.34
Total_Iterations:		19330
ConstraintSet:			P1

-------------------------------------------------------------------------------------------------------------------
Tour_Id:			1
No_of_Customers:		3
No_of_Items:			12
Customer_Sequence:		20 46 1 

CustId	Id	TypeId	Rotated	x	y	z	Length	Width	Height	mass	Fragility	LoadBearingStrength
46	154	2	0	0	0	0	20	12	9	276.60	1		4.236163
1	3	3	0	0	12	0	30	11	10	480.18	0		7.269860
1	1	1	0	0	12	10	25	12	10	866.13	0		6.937475
46	151	1	0	0	12	20	25	12	10	866.13	0		6.937475
46	152	1	0	20	0	0	25	12	10	866.13	0		6.937475
46	153	2	0	0	0	9	20	12	9	276.60	1		4.236163
1	2	3	0	30	12	0	30	11	10	480.18	0		7.269860
46	155	2	0	0	0	18	20	12	9	276.60	1		4.236163
20	67	3	0	20	0	10	30	11	10	480.18	0		7.269860
20	68	3	0	20	0	20	30	11	10	480.18	0		7.269860
20	65	1	0	25	12	10	25	12	10	866.13	0		6.937475
20	66	2	0	25	11	20	20	12	9	276.60	1		4.236163


-------------------------------------------------------------------------------------------------------------------
Tour_Id:			2
No_of_Customers:		4
No_of_Items:			14
Customer_Sequence:		28 57 30 53 

CustId	Id	TypeId	Rotated	x	y	z	Length	Width	Height	mass	Fragility	LoadBearingStrength
53	175	1	0	0	0	0	25	12	10	866.13	0		6.937475
53	176	1	0	0	12	0	25	12	10	866.13	0		6.937475
53	177	2	0	0	0	10	20	12	9	276.60	1		4.236163
53	178	2	0	0	12	10	20	12	9	276.60	1		4.236163
53	179	2	0	0	0	19	20	12	9	276.60	1		4.236163
57	191	3	0	25	0	0	30	11	10	480.18	0		7.269860
30	103	2	0	0	12	19	20	12	9	276.60	1		4.236163
30	104	3	0	25	11	0	30	11	10	480.18	0		7.269860
30	102	1	0	20	12	10	25	12	10	866.13	0		6.937475
57	189	1	0	20	0	10	25	12	10	866.13	0		6.937475
28	95	1	0	20	0	20	25	12	10	866.13	0		6.937475
57	190	2	0	20	12	20	20	12	9	276.60	1		4.236163
28	96	2	1	45	0	10	20	12	9	276.60	1		4.236163
28	97	2	1	45	0	19	20	12	9	276.60	1		4.236163


-------------------------------------------------------------------------------------------------------------------
Tour_Id:			3
No_of_Customers:		4
No_of_Items:			14
Customer_Sequence:		6 29 48 58 

CustId	Id	TypeId	Rotated	x	y	z	Length	Width	Height	mass	Fragility	LoadBearingStrength
58	192	1	0	0	0	0	25	12	10	866.13	0		6.937475
48	159	1	0	0	12	0	25	12	10	866.13	0		6.937475
58	193	2	0	0	0	10	20	12	9	276.60	1		4.236163
48	160	1	0	0	12	10	25	12	10	866.13	0		6.937475
29	98	1	0	0	12	20	25	12	10	866.13	0		6.937475
29	101	3	0	25	0	0	30	11	10	480.18	0		7.269860
48	161	2	0	0	0	19	20	12	9	276.60	1		4.236163
29	99	1	0	20	0	10	25	12	10	866.13	0		6.937475
29	100	2	0	20	0	20	20	12	9	276.60	1		4.236163
6	22	3	0	25	12	0	30	11	10	480.18	0		7.269860
6	18	2	0	25	12	10	20	12	9	276.60	1		4.236163
6	19	2	0	25	12	19	20	12	9	276.60	1		4.236163
6	20	2	1	45	0	10	20	12	9	276.60	1		4.236163
6	21	2	1	45	0	19	20	12	9	276.60	1		4.236163


-------------------------------------------------------------------------------------------------------------------
Tour_Id:			4
No_of_Customers:		4
No_of_Items:			13
Customer_Sequence:		25 51 11 37 

CustId	Id	TypeId	Rotated	x	y	z	Length	Width	Height	mass	Fragility	LoadBearingStrength
37	124	1	0	0	0	0	25	12	10	866.13	0		6.937475
37	125	2	0	0	12	0	20	12	9	276.60	1		4.236163
11	39	3	0	0	0	10	30	11	10	480.18	0		7.269860
51	171	2	0	0	12	9	20	12	9	276.60	1		4.236163
11	38	1	0	0	0	20	25	12	10	866.13	0		6.937475
51	170	1	0	20	12	0	25	12	10	866.13	0		6.937475
37	126	2	0	25	0	0	20	12	9	276.60	1		4.236163
51	172	2	0	0	12	18	20	12	9	276.60	1		4.236163
25	82	1	0	20	12	10	25	12	10	866.13	0		6.937475
25	83	1	0	20	12	20	25	12	10	866.13	0		6.937475
25	84	1	1	45	0	0	25	12	10	866.13	0		6.937475
25	85	1	1	45	0	10	25	12	10	866.13	0		6.937475
25	86	2	1	45	0	20	20	12	9	276.60	1		4.236163


-------------------------------------------------------------------------------------------------------------------
Tour_Id:			5
No_of_Customers:		4
No_of_Items:			15
Customer_Sequence:		50 15 8 32 

CustId	Id	TypeId	Rotated	x	y	z	Length	Width	Height	mass	Fragility	LoadBearingStrength
8	30	2	0	0	0	0	20	12	9	276.60	1		4.236163
32	113	2	0	0	12	0	20	12	9	276.60	1		4.236163
32	111	2	0	0	12	9	20	12	9	276.60	1		4.236163
8	26	1	0	20	0	0	25	12	10	866.13	0		6.937475
32	112	2	0	0	12	18	20	12	9	276.60	1		4.236163
32	110	1	0	20	12	0	25	12	10	866.13	0		6.937475
8	27	1	0	20	0	10	25	12	10	866.13	0		6.937475
8	28	2	0	0	0	9	20	12	9	276.60	1		4.236163
32	109	1	0	20	12	10	25	12	10	866.13	0		6.937475
50	169	3	0	20	0	20	30	11	10	480.18	0		7.269860
8	29	2	0	0	0	18	20	12	9	276.60	1		4.236163
15	50	2	0	20	11	20	20	12	9	276.60	1		4.236163
15	49	1	1	45	0	0	25	12	10	866.13	0		6.937475
50	167	1	1	45	0	10	25	12	10	866.13	0		6.937475
50	168	2	0	40	11	20	20	12	9	276.60	1		4.236163


-------------------------------------------------------------------------------------------------------------------
Tour_Id:			6
No_of_Customers:		4
No_of_Items:			12
Customer_Sequence:		34 17 18 14 

CustId	Id	TypeId	Rotated	x	y	z	Length	Width	Height	mass	Fragility	LoadBearingStrength
14	46	1	0	0	0	0	25	12	10	866.13	0		6.937475
14	47	1	0	0	12	0	25	12	10	866.13	0		6.937475
14	48	2	0	0	0	10	20	12	9	276.60	1		4.236163
18	59	3	0	0	12	10	30	11	10	480.18	0		7.269860
17	55	1	0	0	12	20	25	12	10	866.13	0		6.937475
18	58	1	0	25	0	0	25	12	10	866.13	0		6.937475
17	57	3	0	20	0	10	30	11	10	480.18	0		7.269860
18	60	3	0	25	12	0	30	11	10	480.18	0		7.269860
17	56	2	0	0	0	19	20	12	9	276.60	1		4.236163
34	118	3	0	20	0	20	30	11	10	480.18	0		7.269860
34	119	3	0	30	12	10	30	11	10	480.18	0		7.269860
34	117	1	0	25	11	20	25	12	10	866.13	0		6.937475


-------------------------------------------------------------------------------------------------------------------
Tour_Id:			7
No_of_Customers:		3
No_of_Items:			13
Customer_Sequence:		9 49 40 

CustId	Id	TypeId	Rotated	x	y	z	Length	Width	Height	mass	Fragility	LoadBearingStrength
40	135	3	0	0	0	0	30	11	10	480.18	0		7.269860
40	136	3	0	0	11	0	30	11	10	480.18	0		7.269860
40	133	2	0	0	0	10	20	12	9	276.60	1		4.236163
40	134	2	0	0	12	10	20	12	9	276.60	1		4.236163
49	162	1	0	30	0	0	25	12	10	866.13	0		6.937475
49	163	1	0	20	0	10	25	12	10	866.13	0		6.937475
49	164	2	0	0	0	19	20	12	9	276.60	1		4.236163
49	165	2	0	0	12	19	20	12	9	276.60	1		4.236163
49	166	2	0	20	0	20	20	12	9	276.60	1		4.236163
9	34	3	0	30	12	0	30	11	10	480.18	0		7.269860
9	31	1	0	20	12	10	25	12	10	866.13	0		6.937475
9	32	1	0	20	12	20	25	12	10	866.13	0		6.937475
9	33	2	1	45	0	10	20	12	9	276.60	1		4.236163


-------------------------------------------------------------------------------------------------------------------
Tour_Id:			8
No_of_Customers:		4
No_of_Items:			14
Customer_Sequence:		45 36 3 33 

CustId	Id	TypeId	Rotated	x	y	z	Length	Width	Height	mass	Fragility	LoadBearingStrength
33	115	3	0	0	0	0	30	11	10	480.18	0		7.269860
33	116	3	0	0	11	0	30	11	10	480.18	0		7.269860
3	10	2	0	0	0	10	20	12	9	276.60	1		4.236163
3	7	1	0	0	12	10	25	12	10	866.13	0		6.937475
3	8	1	0	0	12	20	25	12	10	866.13	0		6.937475
3	9	2	0	0	0	19	20	12	9	276.60	1		4.236163
36	123	3	0	30	0	0	30	11	10	480.18	0		7.269860
33	114	1	0	30	11	0	25	12	10	866.13	0		6.937475
36	122	1	0	20	0	10	25	12	10	866.13	0		6.937475
45	146	1	0	20	0	20	25	12	10	866.13	0		6.937475
45	149	2	0	25	12	10	20	12	9	276.60	1		4.236163
45	148	2	0	25	12	19	20	12	9	276.60	1		4.236163
45	147	1	1	45	0	10	25	12	10	866.13	0		6.937475
45	150	2	1	45	0	20	20	12	9	276.60	1		4.236163


-------------------------------------------------------------------------------------------------------------------
Tour_Id:			9
No_of_Customers:		3
No_of_Items:			11
Customer_Sequence:		31 19 59 

CustId	Id	TypeId	Rotated	x	y	z	Length	Width	Height	mass	Fragility	LoadBearingStrength
59	195	1	0	0	0	0	25	12	10	866.13	0		6.937475
19	62	2	0	0	12	0	20	12	9	276.60	1		4.236163
59	196	3	0	0	0	10	30	11	10	480.18	0		7.269860
19	64	3	0	0	0	20	30	11	10	480.18	0		7.269860
19	61	1	0	20	12	0	25	12	10	866.13	0		6.937475
59	194	1	0	25	0	0	25	12	10	866.13	0		6.937475
19	63	2	0	0	12	9	20	12	9	276.60	1		4.236163
31	107	3	0	20	12	10	30	11	10	480.18	0		7.269860
31	108	3	0	20	12	20	30	11	10	480.18	0		7.269860
31	105	1	0	30	0	10	25	12	10	866.13	0		6.937475
31	106	1	0	30	0	20	25	12	10	866.13	0		6.937475


-------------------------------------------------------------------------------------------------------------------
Tour_Id:			10
No_of_Customers:		4
No_of_Items:			12
Customer_Sequence:		10 43 21 41 

CustId	Id	TypeId	Rotated	x	y	z	Length	Width	Height	mass	Fragility	LoadBearingStrength
21	69	1	0	0	0	0	25	12	10	866.13	0		6.937475
41	138	3	0	0	12	0	30	11	10	480.18	0		7.269860
41	137	2	0	0	12	10	20	12	9	276.60	1		4.236163
21	70	1	0	0	0	10	25	12	10	866.13	0		6.937475
21	72	2	0	0	12	19	20	12	9	276.60	1		4.236163
21	71	1	0	0	0	20	25	12	10	866.13	0		6.937475
43	142	3	0	25	0	0	30	11	10	480.18	0		7.269860
43	143	3	0	25	0	10	30	11	10	480.18	0		7.269860
43	141	1	0	25	0	20	25	12	10	866.13	0		6.937475
10	35	1	0	30	12	0	25	12	10	866.13	0		6.937475
10	36	1	0	20	12	10	25	12	10	866.13	0		6.937475
10	37	2	0	20	12	20	20	12	9	276.60	1		4.236163


-------------------------------------------------------------------------------------------------------------------
Tour_Id:			11
No_of_Customers:		4
No_of_Items:			13
Customer_Sequence:		16 55 60 5 

CustId	Id	TypeId	Rotated	x	y	z	Length	Width	Height	mass	Fragility	LoadBearingStrength
60	199	3	0	0	0	0	30	11	10	480.18	0		7.269860
5	16	3	0	0	11	0	30	11	10	480.18	0		7.269860
5	17	3	0	0	11	10	30	11	10	480.18	0		7.269860
60	198	2	0	0	11	20	20	12	9	276.60	1		4.236163
5	15	3	0	30	11	0	30	11	10	480.18	0		7.269860
60	200	3	0	0	0	10	30	11	10	480.18	0		7.269860
60	197	1	0	30	11	10	25	12	10	866.13	0		6.937475
55	184	3	0	0	0	20	30	11	10	480.18	0		7.269860
55	183	2	0	20	11	20	20	12	9	276.60	1		4.236163
16	52	3	0	30	0	0	30	11	10	480.18	0		7.269860
16	53	3	0	30	0	10	30	11	10	480.18	0		7.269860
16	54	3	0	30	0	20	30	11	10	480.18	0		7.269860
16	51	2	0	40	11	20	20	12	9	276.60	1		4.236163


-------------------------------------------------------------------------------------------------------------------
Tour_Id:			12
No_of_Customers:		4
No_of_Items:			13
Customer_Sequence:		38 39 13 27 

CustId	Id	TypeId	Rotated	x	y	z	Length	Width	Height	mass	Fragility	LoadBearingStrength
27	94	3	0	0	0	0	30	11	10	480.18	0		7.269860
27	92	2	0	0	11	0	20	12	9	276.60	1		4.236163
27	93	2	0	0	11	9	20	12	9	276.60	1		4.236163
13	45	3	0	0	0	10	30	11	10	480.18	0		7.269860
13	42	1	0	0	0	20	25	12	10	866.13	0		6.937475
13	43	2	0	0	12	18	20	12	9	276.60	1		4.236163
13	44	2	0	20	11	0	20	12	9	276.60	1		4.236163
39	131	3	0	30	0	0	30	11	10	480.18	0		7.269860
39	132	3	0	30	0	10	30	11	10	480.18	0		7.269860
38	127	1	0	25	0	20	25	12	10	866.13	0		6.937475
38	128	2	0	20	12	9	20	12	9	276.60	1		4.236163
38	129	2	0	20	12	18	20	12	9	276.60	1		4.236163
38	130	2	0	40	11	0	20	12	9	276.60	1		4.236163


-------------------------------------------------------------------------------------------------------------------
Tour_Id:			13
No_of_Customers:		4
No_of_Items:			12
Customer_Sequence:		12 26 7 44 

CustId	Id	TypeId	Rotated	x	y	z	Length	Width	Height	mass	Fragility	LoadBearingStrength
44	144	1	0	0	0	0	25	12	10	866.13	0		6.937475
44	145	1	0	0	12	0	25	12	10	866.13	0		6.937475
26	88	1	0	0	0	10	25	12	10	866.13	0		6.937475
7	24	3	0	0	12	10	30	11	10	480.18	0		7.269860
7	25	3	0	0	12	20	30	11	10	480.18	0		7.269860
26	90	2	0	0	0	20	20	12	9	276.60	1		4.236163
26	87	1	0	25	0	0	25	12	10	866.13	0		6.937475
26	89	2	0	25	0	10	20	12	9	276.60	1		4.236163
7	23	3	0	25	12	0	30	11	10	480.18	0		7.269860
26	91	2	0	25	0	19	20	12	9	276.60	1		4.236163
12	41	3	0	30	12	10	30	11	10	480.18	0		7.269860
12	40	1	0	30	12	20	25	12	10	866.13	0		6.937475


-------------------------------------------------------------------------------------------------------------------
Tour_Id:			14
No_of_Customers:		4
No_of_Items:			13
Customer_Sequence:		56 23 35 4 

CustId	Id	TypeId	Rotated	x	y	z	Length	Width	Height	mass	Fragility	LoadBearingStrength
4	13	3	0	0	0	0	30	11	10	480.18	0		7.269860
4	14	3	0	0	11	0	30	11	10	480.18	0		7.269860
4	11	1	0	0	0	10	25	12	10	866.13	0		6.937475
4	12	2	0	0	12	10	20	12	9	276.60	1		4.236163
35	120	1	0	0	0	20	25	12	10	866.13	0		6.937475
35	121	1	0	30	0	0	25	12	10	866.13	0		6.937475
23	77	3	0	25	0	10	30	11	10	480.18	0		7.269860
23	75	2	0	0	12	19	20	12	9	276.60	1		4.236163
23	76	2	0	25	0	20	20	12	9	276.60	1		4.236163
56	188	3	0	30	12	0	30	11	10	480.18	0		7.269860
56	185	2	0	20	12	10	20	12	9	276.60	1		4.236163
56	186	2	0	20	12	19	20	12	9	276.60	1		4.236163
56	187	2	0	40	12	10	20	12	9	276.60	1		4.236163


-------------------------------------------------------------------------------------------------------------------
Tour_Id:			15
No_of_Customers:		5
No_of_Items:			12
Customer_Sequence:		2 22 47 42 52 

CustId	Id	TypeId	Rotated	x	y	z	Length	Width	Height	mass	Fragility	LoadBearingStrength
52	173	1	0	0	0	0	25	12	10	866.13	0		6.937475
52	174	1	0	0	12	0	25	12	10	866.13	0		6.937475
42	140	3	0	0	0	10	30	11	10	480.18	0		7.269860
42	139	1	0	0	11	10	25	12	10	866.13	0		6.937475
47	156	1	0	0	0	20	25	12	10	866.13	0		6.937475
47	157	1	0	0	12	20	25	12	10	866.13	0		6.937475
47	158	2	0	25	11	0	20	12	9	276.60	1		4.236163
22	74	3	0	30	0	0	30	11	10	480.18	0		7.269860
22	73	2	0	25	11	9	20	12	9	276.60	1		4.236163
2	5	3	0	30	0	10	30	11	10	480.18	0		7.269860
2	6	3	0	25	0	20	30	11	10	480.18	0		7.269860
2	4	2	0	25	11	18	20	12	9	276.60	1		4.236163


-------------------------------------------------------------------------------------------------------------------
Tour_Id:			16
No_of_Customers:		2
No_of_Items:			7
Customer_Sequence:		54 24 

CustId	Id	TypeId	Rotated	x	y	z	Length	Width	Height	mass	Fragility	LoadBearingStrength
24	79	3	0	0	0	0	30	11	10	480.18	0		7.269860
24	80	3	0	0	11	0	30	11	10	480.18	0		7.269860
24	81	3	0	0	0	10	30	11	10	480.18	0		7.269860
24	78	2	0	0	11	10	20	12	9	276.60	1		4.236163
54	182	3	0	0	0	20	30	11	10	480.18	0		7.269860
54	180	1	0	30	0	0	25	12	10	866.13	0		6.937475
54	181	2	0	0	11	19	20	12	9	276.60	1		4.236163


