Name:				126_n060_m200_bt10
Problem:			3L-VRPTW
Number_of_used_Vehicles:	16
Total_Travel_Distance:		1291.14
Calculation_Time:		3600.00
Total_Iterations:		13827
ConstraintSet:			P1

-------------------------------------------------------------------------------------------------------------------
Tour_Id:			1
No_of_Customers:		4
No_of_Items:			14
Customer_Sequence:		24 14 3 31 

CustId	Id	TypeId	Rotated	x	y	z	Length	Width	Height	mass	Fragility	LoadBearingStrength
31	99	2	0	0	0	0	32	10	9	627.44	0		13.599436
31	101	7	0	0	10	0	23	5	9	379.70	0		13.291288
31	98	1	0	0	0	9	33	11	6	704.77	0		5.754427
14	48	1	0	0	0	15	33	11	6	704.77	0		5.754427
3	9	2	0	0	15	0	32	10	9	627.44	0		13.599436
3	10	2	0	0	11	9	32	10	9	627.44	0		13.599436
31	100	3	0	33	0	0	26	10	10	504.56	0		60.522185
3	8	1	0	0	11	18	33	11	6	704.77	0		5.754427
3	11	3	0	32	11	0	26	10	10	504.56	0		60.522185
14	49	5	0	33	0	10	16	14	11	1105.81	0		16.244904
3	12	9	0	0	11	24	25	14	6	291.11	1		3.784125
24	79	2	0	0	0	21	32	10	9	627.44	0		13.599436
24	81	10	0	32	0	21	14	11	7	256.37	0		26.545029
24	80	7	0	33	14	10	23	5	9	379.70	0		13.291288


-------------------------------------------------------------------------------------------------------------------
Tour_Id:			2
No_of_Customers:		4
No_of_Items:			12
Customer_Sequence:		45 43 21 26 

CustId	Id	TypeId	Rotated	x	y	z	Length	Width	Height	mass	Fragility	LoadBearingStrength
26	84	1	0	0	0	0	33	11	6	704.77	0		5.754427
26	85	1	0	0	11	0	33	11	6	704.77	0		5.754427
21	70	3	0	0	0	6	26	10	10	504.56	0		60.522185
21	71	3	0	0	10	6	26	10	10	504.56	0		60.522185
43	144	1	0	0	0	16	33	11	6	704.77	0		5.754427
45	150	9	0	0	0	22	25	14	6	291.11	1		3.784125
21	73	8	0	0	14	16	29	7	12	743.17	0		17.136226
45	149	3	0	33	0	0	26	10	10	504.56	0		60.522185
21	72	5	0	33	10	0	16	14	11	1105.81	0		16.244904
45	148	3	0	33	0	10	26	10	10	504.56	0		60.522185
21	74	10	1	49	10	0	14	11	7	256.37	0		26.545029
43	145	4	0	33	10	11	13	13	10	376.51	0		8.844199


-------------------------------------------------------------------------------------------------------------------
Tour_Id:			3
No_of_Customers:		6
No_of_Items:			17
Customer_Sequence:		55 57 2 23 15 18 

CustId	Id	TypeId	Rotated	x	y	z	Length	Width	Height	mass	Fragility	LoadBearingStrength
23	77	7	0	0	0	0	23	5	9	379.70	0		13.291288
18	61	3	0	0	5	0	26	10	10	504.56	0		60.522185
15	50	4	0	0	5	10	13	13	10	376.51	0		8.844199
18	62	8	0	0	18	0	29	7	12	743.17	0		17.136226
15	51	4	0	0	5	20	13	13	10	376.51	0		8.844199
15	52	10	0	13	5	10	14	11	7	256.37	0		26.545029
57	192	8	0	0	18	12	29	7	12	743.17	0		17.136226
2	5	1	0	27	0	0	33	11	6	704.77	0		5.754427
2	6	1	0	27	0	6	33	11	6	704.77	0		5.754427
57	190	4	0	13	5	17	13	13	10	376.51	0		8.844199
57	191	8	0	27	11	0	29	7	12	743.17	0		17.136226
57	189	1	0	27	0	12	33	11	6	704.77	0		5.754427
2	7	7	0	0	0	9	23	5	9	379.70	0		13.291288
23	78	8	0	29	18	0	29	7	12	743.17	0		17.136226
55	183	2	0	26	0	18	32	10	9	627.44	0		13.599436
55	184	5	0	29	11	12	16	14	11	1105.81	0		16.244904
55	185	7	0	0	0	18	23	5	9	379.70	0		13.291288


-------------------------------------------------------------------------------------------------------------------
Tour_Id:			4
No_of_Customers:		6
No_of_Items:			17
Customer_Sequence:		20 13 59 50 51 16 

CustId	Id	TypeId	Rotated	x	y	z	Length	Width	Height	mass	Fragility	LoadBearingStrength
16	54	3	0	0	0	0	26	10	10	504.56	0		60.522185
16	55	3	0	0	10	0	26	10	10	504.56	0		60.522185
16	53	1	0	0	0	10	33	11	6	704.77	0		5.754427
51	169	1	0	0	0	16	33	11	6	704.77	0		5.754427
51	170	4	0	33	0	0	13	13	10	376.51	0		8.844199
50	168	7	0	0	20	0	23	5	9	379.70	0		13.291288
59	196	3	0	0	11	10	26	10	10	504.56	0		60.522185
50	167	4	0	46	0	0	13	13	10	376.51	0		8.844199
13	46	10	0	0	11	20	14	11	7	256.37	0		26.545029
13	45	7	0	26	13	0	23	5	9	379.70	0		13.291288
59	197	4	0	33	0	10	13	13	10	376.51	0		8.844199
13	47	10	0	0	0	22	14	11	7	256.37	0		26.545029
20	66	5	1	46	0	10	16	14	11	1105.81	0		16.244904
20	65	4	0	33	0	20	13	13	10	376.51	0		8.844199
20	67	7	0	26	18	0	23	5	9	379.70	0		13.291288
20	68	8	0	26	16	9	29	7	12	743.17	0		17.136226
20	69	9	1	46	0	21	25	14	6	291.11	1		3.784125


-------------------------------------------------------------------------------------------------------------------
Tour_Id:			5
No_of_Customers:		3
No_of_Items:			11
Customer_Sequence:		38 46 58 

CustId	Id	TypeId	Rotated	x	y	z	Length	Width	Height	mass	Fragility	LoadBearingStrength
58	193	2	0	0	0	0	32	10	9	627.44	0		13.599436
58	194	2	0	0	10	0	32	10	9	627.44	0		13.599436
46	153	8	0	0	0	9	29	7	12	743.17	0		17.136226
46	152	8	0	0	7	9	29	7	12	743.17	0		17.136226
38	126	7	0	0	20	0	23	5	9	379.70	0		13.291288
46	151	1	0	0	0	21	33	11	6	704.77	0		5.754427
58	195	10	0	32	0	0	14	11	7	256.37	0		26.545029
46	155	10	0	32	0	7	14	11	7	256.37	0		26.545029
46	154	10	0	29	0	14	14	11	7	256.37	0		26.545029
38	125	6	0	0	14	9	35	11	13	772.25	1		1.609192
38	127	9	0	0	11	22	25	14	6	291.11	1		3.784125


-------------------------------------------------------------------------------------------------------------------
Tour_Id:			6
No_of_Customers:		4
No_of_Items:			14
Customer_Sequence:		44 42 5 40 

CustId	Id	TypeId	Rotated	x	y	z	Length	Width	Height	mass	Fragility	LoadBearingStrength
40	133	5	0	0	0	0	16	14	11	1105.81	0		16.244904
40	134	5	0	0	0	11	16	14	11	1105.81	0		16.244904
40	135	9	0	16	0	0	25	14	6	291.11	1		3.784125
40	136	9	0	16	0	6	25	14	6	291.11	1		3.784125
5	16	2	0	0	14	0	32	10	9	627.44	0		13.599436
42	140	2	0	0	14	9	32	10	9	627.44	0		13.599436
5	18	10	0	0	0	22	14	11	7	256.37	0		26.545029
42	139	2	0	0	14	18	32	10	9	627.44	0		13.599436
5	17	5	0	41	0	0	16	14	11	1105.81	0		16.244904
42	141	7	0	32	14	0	23	5	9	379.70	0		13.291288
42	142	7	0	32	19	0	23	5	9	379.70	0		13.291288
42	143	9	0	16	0	12	25	14	6	291.11	1		3.784125
44	146	3	0	32	14	9	26	10	10	504.56	0		60.522185
44	147	5	0	41	0	11	16	14	11	1105.81	0		16.244904


-------------------------------------------------------------------------------------------------------------------
Tour_Id:			7
No_of_Customers:		2
No_of_Items:			5
Customer_Sequence:		41 56 

CustId	Id	TypeId	Rotated	x	y	z	Length	Width	Height	mass	Fragility	LoadBearingStrength
56	187	6	0	0	0	0	35	11	13	772.25	1		1.609192
56	188	7	0	0	11	0	23	5	9	379.70	0		13.291288
56	186	4	0	23	11	0	13	13	10	376.51	0		8.844199
41	137	5	0	23	11	10	16	14	11	1105.81	0		16.244904
41	138	5	0	39	0	0	16	14	11	1105.81	0		16.244904


-------------------------------------------------------------------------------------------------------------------
Tour_Id:			8
No_of_Customers:		5
No_of_Items:			15
Customer_Sequence:		30 35 36 28 53 

CustId	Id	TypeId	Rotated	x	y	z	Length	Width	Height	mass	Fragility	LoadBearingStrength
53	176	2	0	0	0	0	32	10	9	627.44	0		13.599436
53	177	7	0	0	10	0	23	5	9	379.70	0		13.291288
36	116	2	0	0	15	0	32	10	9	627.44	0		13.599436
28	90	8	0	0	0	9	29	7	12	743.17	0		17.136226
28	89	3	0	32	0	0	26	10	10	504.56	0		60.522185
36	117	2	0	0	10	9	32	10	9	627.44	0		13.599436
36	118	7	0	0	20	9	23	5	9	379.70	0		13.291288
36	119	9	0	0	7	18	25	14	6	291.11	1		3.784125
35	113	5	0	32	10	0	16	14	11	1105.81	0		16.244904
35	114	7	0	0	0	21	23	5	9	379.70	0		13.291288
35	115	9	0	0	7	24	25	14	6	291.11	1		3.784125
30	95	8	0	29	0	10	29	7	12	743.17	0		17.136226
30	94	4	0	32	10	11	13	13	10	376.51	0		8.844199
30	96	10	0	32	10	21	14	11	7	256.37	0		26.545029
30	97	10	1	48	10	0	14	11	7	256.37	0		26.545029


-------------------------------------------------------------------------------------------------------------------
Tour_Id:			9
No_of_Customers:		4
No_of_Items:			13
Customer_Sequence:		25 19 1 47 

CustId	Id	TypeId	Rotated	x	y	z	Length	Width	Height	mass	Fragility	LoadBearingStrength
47	160	10	0	0	0	0	14	11	7	256.37	0		26.545029
47	159	5	0	0	11	0	16	14	11	1105.81	0		16.244904
1	4	10	0	0	0	7	14	11	7	256.37	0		26.545029
47	158	4	0	0	11	11	13	13	10	376.51	0		8.844199
47	156	3	0	16	11	0	26	10	10	504.56	0		60.522185
1	1	4	0	16	11	10	13	13	10	376.51	0		8.844199
1	3	10	0	0	0	14	14	11	7	256.37	0		26.545029
47	157	4	0	42	11	0	13	13	10	376.51	0		8.844199
1	2	6	0	14	0	0	35	11	13	772.25	1		1.609192
19	64	8	0	29	11	10	29	7	12	743.17	0		17.136226
19	63	4	0	16	11	20	13	13	10	376.51	0		8.844199
25	83	10	0	0	0	21	14	11	7	256.37	0		26.545029
25	82	7	0	29	18	10	23	5	9	379.70	0		13.291288


-------------------------------------------------------------------------------------------------------------------
Tour_Id:			10
No_of_Customers:		3
No_of_Items:			14
Customer_Sequence:		37 10 54 

CustId	Id	TypeId	Rotated	x	y	z	Length	Width	Height	mass	Fragility	LoadBearingStrength
54	178	1	0	0	0	0	33	11	6	704.77	0		5.754427
54	181	3	0	0	11	0	26	10	10	504.56	0		60.522185
54	180	2	0	0	0	6	32	10	9	627.44	0		13.599436
10	36	10	0	0	11	10	14	11	7	256.37	0		26.545029
54	179	1	0	0	0	15	33	11	6	704.77	0		5.754427
10	35	10	0	0	11	17	14	11	7	256.37	0		26.545029
54	182	4	0	26	11	0	13	13	10	376.51	0		8.844199
10	33	9	0	14	11	10	25	14	6	291.11	1		3.784125
10	34	9	0	14	11	16	25	14	6	291.11	1		3.784125
37	121	5	0	39	0	0	16	14	11	1105.81	0		16.244904
37	120	1	0	0	0	21	33	11	6	704.77	0		5.754427
37	124	10	0	39	14	0	14	11	7	256.37	0		26.545029
37	122	7	1	55	0	0	23	5	9	379.70	0		13.291288
37	123	9	0	14	11	22	25	14	6	291.11	1		3.784125


-------------------------------------------------------------------------------------------------------------------
Tour_Id:			11
No_of_Customers:		3
No_of_Items:			11
Customer_Sequence:		11 8 12 

CustId	Id	TypeId	Rotated	x	y	z	Length	Width	Height	mass	Fragility	LoadBearingStrength
12	44	10	0	0	0	0	14	11	7	256.37	0		26.545029
12	43	8	0	0	11	0	29	7	12	743.17	0		17.136226
11	39	8	0	0	18	0	29	7	12	743.17	0		17.136226
12	42	2	0	14	0	0	32	10	9	627.44	0		13.599436
8	26	6	0	14	0	9	35	11	13	772.25	1		1.609192
8	28	9	0	14	0	22	25	14	6	291.11	1		3.784125
11	37	2	0	0	14	12	32	10	9	627.44	0		13.599436
8	27	8	0	29	11	0	29	7	12	743.17	0		17.136226
11	40	8	0	29	18	0	29	7	12	743.17	0		17.136226
11	38	3	0	32	14	12	26	10	10	504.56	0		60.522185
11	41	10	0	0	14	21	14	11	7	256.37	0		26.545029


-------------------------------------------------------------------------------------------------------------------
Tour_Id:			12
No_of_Customers:		3
No_of_Items:			13
Customer_Sequence:		9 33 34 

CustId	Id	TypeId	Rotated	x	y	z	Length	Width	Height	mass	Fragility	LoadBearingStrength
34	109	2	0	0	0	0	32	10	9	627.44	0		13.599436
34	110	7	0	0	10	0	23	5	9	379.70	0		13.291288
34	112	10	0	0	0	9	14	11	7	256.37	0		26.545029
33	105	3	0	0	15	0	26	10	10	504.56	0		60.522185
34	111	9	0	32	0	0	25	14	6	291.11	1		3.784125
33	106	5	0	14	0	9	16	14	11	1105.81	0		16.244904
33	104	1	0	26	14	0	33	11	6	704.77	0		5.754427
33	108	10	0	0	0	16	14	11	7	256.37	0		26.545029
33	107	7	0	0	15	10	23	5	9	379.70	0		13.291288
9	29	2	0	26	14	6	32	10	9	627.44	0		13.599436
9	30	4	0	14	0	20	13	13	10	376.51	0		8.844199
9	32	10	0	0	0	23	14	11	7	256.37	0		26.545029
9	31	7	0	0	20	10	23	5	9	379.70	0		13.291288


-------------------------------------------------------------------------------------------------------------------
Tour_Id:			13
No_of_Customers:		4
No_of_Items:			10
Customer_Sequence:		49 27 32 7 

CustId	Id	TypeId	Rotated	x	y	z	Length	Width	Height	mass	Fragility	LoadBearingStrength
7	25	4	0	0	0	0	13	13	10	376.51	0		8.844199
7	24	1	0	0	13	0	33	11	6	704.77	0		5.754427
7	23	1	0	0	13	6	33	11	6	704.77	0		5.754427
32	102	2	0	0	13	12	32	10	9	627.44	0		13.599436
27	88	6	0	13	0	0	35	11	13	772.25	1		1.609192
27	87	4	0	0	0	10	13	13	10	376.51	0		8.844199
27	86	3	0	33	13	0	26	10	10	504.56	0		60.522185
32	103	2	0	0	13	21	32	10	9	627.44	0		13.599436
49	165	4	0	0	0	20	13	13	10	376.51	0		8.844199
49	166	6	0	13	0	13	35	11	13	772.25	1		1.609192


-------------------------------------------------------------------------------------------------------------------
Tour_Id:			14
No_of_Customers:		4
No_of_Items:			13
Customer_Sequence:		60 17 4 22 

CustId	Id	TypeId	Rotated	x	y	z	Length	Width	Height	mass	Fragility	LoadBearingStrength
22	76	8	0	0	0	0	29	7	12	743.17	0		17.136226
22	75	4	0	0	7	0	13	13	10	376.51	0		8.844199
4	15	5	0	0	7	10	16	14	11	1105.81	0		16.244904
4	14	4	0	13	7	0	13	13	10	376.51	0		8.844199
60	200	10	0	0	7	21	14	11	7	256.37	0		26.545029
4	13	1	0	26	7	0	33	11	6	704.77	0		5.754427
17	59	8	0	0	0	12	29	7	12	743.17	0		17.136226
17	56	1	0	26	7	6	33	11	6	704.77	0		5.754427
17	57	7	0	26	18	0	23	5	9	379.70	0		13.291288
17	60	9	0	26	7	12	25	14	6	291.11	1		3.784125
17	58	8	0	29	0	0	29	7	12	743.17	0		17.136226
60	198	8	0	29	0	12	29	7	12	743.17	0		17.136226
60	199	9	0	26	7	18	25	14	6	291.11	1		3.784125


-------------------------------------------------------------------------------------------------------------------
Tour_Id:			15
No_of_Customers:		3
No_of_Items:			11
Customer_Sequence:		6 48 29 

CustId	Id	TypeId	Rotated	x	y	z	Length	Width	Height	mass	Fragility	LoadBearingStrength
29	93	10	0	0	0	0	14	11	7	256.37	0		26.545029
29	92	3	0	0	11	0	26	10	10	504.56	0		60.522185
48	162	4	0	0	11	10	13	13	10	376.51	0		8.844199
48	161	1	0	14	0	0	33	11	6	704.77	0		5.754427
29	91	2	0	26	11	0	32	10	9	627.44	0		13.599436
48	164	10	0	0	0	7	14	11	7	256.37	0		26.545029
48	163	6	0	14	0	6	35	11	13	772.25	1		1.609192
6	20	2	0	26	11	9	32	10	9	627.44	0		13.599436
6	19	1	0	26	11	18	33	11	6	704.77	0		5.754427
6	22	10	0	0	11	20	14	11	7	256.37	0		26.545029
6	21	9	0	26	11	24	25	14	6	291.11	1		3.784125


-------------------------------------------------------------------------------------------------------------------
Tour_Id:			16
No_of_Customers:		2
No_of_Items:			10
Customer_Sequence:		39 52 

CustId	Id	TypeId	Rotated	x	y	z	Length	Width	Height	mass	Fragility	LoadBearingStrength
39	128	5	0	0	0	0	16	14	11	1105.81	0		16.244904
52	171	1	0	0	14	0	33	11	6	704.77	0		5.754427
52	175	8	0	0	14	6	29	7	12	743.17	0		17.136226
39	129	5	0	0	0	11	16	14	11	1105.81	0		16.244904
52	173	3	0	33	14	0	26	10	10	504.56	0		60.522185
52	174	7	0	0	14	18	23	5	9	379.70	0		13.291288
52	172	3	0	33	14	10	26	10	10	504.56	0		60.522185
39	132	10	0	0	0	22	14	11	7	256.37	0		26.545029
39	130	6	0	16	0	0	35	11	13	772.25	1		1.609192
39	131	9	0	16	0	13	25	14	6	291.11	1		3.784125


