Name:				128_n060_m200_bt10
Problem:			3L-VRPTW
Number_of_used_Vehicles:	17
Total_Travel_Distance:		1375.27
Calculation_Time:		3600.00
Total_Iterations:		11601
ConstraintSet:			P1

-------------------------------------------------------------------------------------------------------------------
Tour_Id:			1
No_of_Customers:		4
No_of_Items:			9
Customer_Sequence:		54 17 53 50 

CustId	Id	TypeId	Rotated	x	y	z	Length	Width	Height	mass	Fragility	LoadBearingStrength
50	170	1	0	0	0	0	28	6	10	170.22	0		7.482355
50	171	4	0	0	6	0	30	12	13	1649.88	1		11.658770
53	179	8	0	30	0	0	18	14	12	752.79	0		5.280909
53	178	6	0	0	18	0	24	6	11	648.04	0		31.159799
17	57	3	0	30	0	12	20	14	11	321.88	0		8.757857
17	59	6	0	0	18	11	24	6	11	648.04	0		31.159799
17	58	4	0	0	6	13	30	12	13	1649.88	1		11.658770
54	180	1	0	24	18	0	28	6	10	170.22	0		7.482355
54	181	7	1	50	0	0	12	10	9	112.34	0		5.147749


-------------------------------------------------------------------------------------------------------------------
Tour_Id:			2
No_of_Customers:		4
No_of_Items:			14
Customer_Sequence:		26 9 14 51 

CustId	Id	TypeId	Rotated	x	y	z	Length	Width	Height	mass	Fragility	LoadBearingStrength
51	172	9	0	0	0	0	32	9	6	210.43	0		7.239801
51	173	10	0	0	9	0	20	12	14	712.79	1		19.827501
14	48	3	0	20	9	0	20	14	11	321.88	0		8.757857
9	31	10	0	0	9	14	20	12	14	712.79	1		19.827501
14	47	2	0	0	0	6	15	7	8	135.01	0		46.946854
14	49	5	0	0	0	14	19	7	12	499.35	0		68.492403
14	50	6	0	32	0	0	24	6	11	648.04	0		31.159799
14	46	2	0	15	0	6	15	7	8	135.01	0		46.946854
9	29	5	0	20	9	11	19	7	12	499.35	0		68.492403
9	27	2	0	20	16	11	15	7	8	135.01	0		46.946854
9	28	2	0	20	16	19	15	7	8	135.01	0		46.946854
9	30	8	0	40	9	0	18	14	12	752.79	0		5.280909
26	84	3	0	40	9	12	20	14	11	321.88	0		8.757857
26	85	6	0	32	0	11	24	6	11	648.04	0		31.159799


-------------------------------------------------------------------------------------------------------------------
Tour_Id:			3
No_of_Customers:		3
No_of_Items:			14
Customer_Sequence:		28 13 2 

CustId	Id	TypeId	Rotated	x	y	z	Length	Width	Height	mass	Fragility	LoadBearingStrength
2	5	9	0	0	0	0	32	9	6	210.43	0		7.239801
2	4	5	0	0	9	0	19	7	12	499.35	0		68.492403
13	41	3	0	19	9	0	20	14	11	321.88	0		8.757857
2	3	2	0	0	16	0	15	7	8	135.01	0		46.946854
2	6	9	0	0	0	6	32	9	6	210.43	0		7.239801
13	45	10	0	0	0	12	20	12	14	712.79	1		19.827501
13	43	6	0	32	0	0	24	6	11	648.04	0		31.159799
28	91	1	0	32	0	11	28	6	10	170.22	0		7.482355
28	92	3	0	39	9	0	20	14	11	321.88	0		8.757857
13	44	7	0	20	0	12	12	10	9	112.34	0		5.147749
28	93	8	0	20	10	11	18	14	12	752.79	0		5.280909
28	94	9	0	20	0	21	32	9	6	210.43	0		7.239801
13	42	5	0	0	16	8	19	7	12	499.35	0		68.492403
28	95	10	0	38	10	11	20	12	14	712.79	1		19.827501


-------------------------------------------------------------------------------------------------------------------
Tour_Id:			4
No_of_Customers:		3
No_of_Items:			8
Customer_Sequence:		44 25 38 

CustId	Id	TypeId	Rotated	x	y	z	Length	Width	Height	mass	Fragility	LoadBearingStrength
38	128	3	0	0	0	0	20	14	11	321.88	0		8.757857
38	129	3	0	0	0	11	20	14	11	321.88	0		8.757857
44	150	5	0	0	14	0	19	7	12	499.35	0		68.492403
25	81	4	0	20	0	0	30	12	13	1649.88	1		11.658770
44	151	9	0	19	14	0	32	9	6	210.43	0		7.239801
25	83	10	0	20	0	13	20	12	14	712.79	1		19.827501
44	149	4	0	20	12	6	30	12	13	1649.88	1		11.658770
25	82	7	1	50	0	0	12	10	9	112.34	0		5.147749


-------------------------------------------------------------------------------------------------------------------
Tour_Id:			5
No_of_Customers:		4
No_of_Items:			10
Customer_Sequence:		5 47 37 57 

CustId	Id	TypeId	Rotated	x	y	z	Length	Width	Height	mass	Fragility	LoadBearingStrength
57	190	1	0	0	0	0	28	6	10	170.22	0		7.482355
37	124	1	0	0	6	0	28	6	10	170.22	0		7.482355
57	191	4	0	0	12	0	30	12	13	1649.88	1		11.658770
47	162	9	0	0	0	10	32	9	6	210.43	0		7.239801
37	126	4	0	0	12	13	30	12	13	1649.88	1		11.658770
37	127	7	0	28	0	0	12	10	9	112.34	0		5.147749
5	15	3	0	40	0	0	20	14	11	321.88	0		8.757857
47	161	4	0	0	0	16	30	12	13	1649.88	1		11.658770
5	16	8	0	40	0	11	18	14	12	752.79	0		5.280909
37	125	1	0	30	14	0	28	6	10	170.22	0		7.482355


-------------------------------------------------------------------------------------------------------------------
Tour_Id:			6
No_of_Customers:		4
No_of_Items:			14
Customer_Sequence:		27 55 35 15 

CustId	Id	TypeId	Rotated	x	y	z	Length	Width	Height	mass	Fragility	LoadBearingStrength
15	52	9	0	0	0	0	32	9	6	210.43	0		7.239801
15	51	8	0	0	9	0	18	14	12	752.79	0		5.280909
35	118	6	0	0	0	6	24	6	11	648.04	0		31.159799
35	119	7	0	0	9	12	12	10	9	112.34	0		5.147749
35	117	1	0	0	0	17	28	6	10	170.22	0		7.482355
55	184	8	0	18	9	0	18	14	12	752.79	0		5.280909
27	87	2	0	0	9	21	15	7	8	135.01	0		46.946854
35	116	1	0	32	0	0	28	6	10	170.22	0		7.482355
55	182	1	0	32	0	10	28	6	10	170.22	0		7.482355
27	90	8	0	15	6	12	18	14	12	752.79	0		5.280909
55	183	3	0	36	9	0	20	14	11	321.88	0		8.757857
27	88	5	0	36	9	11	19	7	12	499.35	0		68.492403
27	89	5	0	36	16	11	19	7	12	499.35	0		68.492403
27	86	1	0	28	0	20	28	6	10	170.22	0		7.482355


-------------------------------------------------------------------------------------------------------------------
Tour_Id:			7
No_of_Customers:		2
No_of_Items:			5
Customer_Sequence:		23 42 

CustId	Id	TypeId	Rotated	x	y	z	Length	Width	Height	mass	Fragility	LoadBearingStrength
42	143	2	0	0	0	0	15	7	8	135.01	0		46.946854
42	144	4	0	0	7	0	30	12	13	1649.88	1		11.658770
42	145	10	0	0	7	13	20	12	14	712.79	1		19.827501
23	75	4	0	30	0	0	30	12	13	1649.88	1		11.658770
23	76	10	0	30	12	0	20	12	14	712.79	1		19.827501


-------------------------------------------------------------------------------------------------------------------
Tour_Id:			8
No_of_Customers:		4
No_of_Items:			13
Customer_Sequence:		29 4 45 6 

CustId	Id	TypeId	Rotated	x	y	z	Length	Width	Height	mass	Fragility	LoadBearingStrength
6	17	9	0	0	0	0	32	9	6	210.43	0		7.239801
6	19	10	0	0	9	0	20	12	14	712.79	1		19.827501
6	18	9	0	0	0	6	32	9	6	210.43	0		7.239801
45	154	9	0	0	0	12	32	9	6	210.43	0		7.239801
4	13	3	0	20	9	0	20	14	11	321.88	0		8.757857
45	153	5	0	0	0	18	19	7	12	499.35	0		68.492403
45	155	10	0	0	9	14	20	12	14	712.79	1		19.827501
45	152	1	0	32	0	0	28	6	10	170.22	0		7.482355
4	11	1	0	32	0	10	28	6	10	170.22	0		7.482355
4	12	1	0	32	0	20	28	6	10	170.22	0		7.482355
4	14	5	0	20	9	11	19	7	12	499.35	0		68.492403
29	96	3	0	40	9	0	20	14	11	321.88	0		8.757857
29	97	10	0	39	6	11	20	12	14	712.79	1		19.827501


-------------------------------------------------------------------------------------------------------------------
Tour_Id:			9
No_of_Customers:		4
No_of_Items:			13
Customer_Sequence:		11 41 58 46 

CustId	Id	TypeId	Rotated	x	y	z	Length	Width	Height	mass	Fragility	LoadBearingStrength
46	157	5	0	0	0	0	19	7	12	499.35	0		68.492403
46	158	6	0	0	7	0	24	6	11	648.04	0		31.159799
58	192	4	0	0	13	0	30	12	13	1649.88	1		11.658770
46	160	6	0	0	7	11	24	6	11	648.04	0		31.159799
46	156	4	0	24	0	0	30	12	13	1649.88	1		11.658770
58	193	7	0	30	13	0	12	10	9	112.34	0		5.147749
46	159	6	0	0	0	12	24	6	11	648.04	0		31.159799
41	140	7	0	30	12	9	12	10	9	112.34	0		5.147749
41	141	7	0	30	12	18	12	10	9	112.34	0		5.147749
41	139	4	0	0	13	13	30	12	13	1649.88	1		11.658770
41	142	10	0	24	0	13	20	12	14	712.79	1		19.827501
11	35	6	1	54	0	0	24	6	11	648.04	0		31.159799
11	36	7	0	42	12	0	12	10	9	112.34	0		5.147749


-------------------------------------------------------------------------------------------------------------------
Tour_Id:			10
No_of_Customers:		4
No_of_Items:			14
Customer_Sequence:		21 3 33 19 

CustId	Id	TypeId	Rotated	x	y	z	Length	Width	Height	mass	Fragility	LoadBearingStrength
19	62	1	0	0	0	0	28	6	10	170.22	0		7.482355
19	64	5	0	0	6	0	19	7	12	499.35	0		68.492403
33	111	4	0	0	13	0	30	12	13	1649.88	1		11.658770
19	63	2	0	0	6	12	15	7	8	135.01	0		46.946854
3	9	4	0	0	13	13	30	12	13	1649.88	1		11.658770
33	110	1	0	0	0	10	28	6	10	170.22	0		7.482355
19	65	7	0	28	0	0	12	10	9	112.34	0		5.147749
3	8	3	0	40	0	0	20	14	11	321.88	0		8.757857
3	7	1	0	0	0	20	28	6	10	170.22	0		7.482355
3	10	5	0	30	14	0	19	7	12	499.35	0		68.492403
33	112	7	0	28	0	9	12	10	9	112.34	0		5.147749
21	70	8	0	40	0	11	18	14	12	752.79	0		5.280909
21	68	5	0	30	14	12	19	7	12	499.35	0		68.492403
21	69	7	0	28	0	18	12	10	9	112.34	0		5.147749


-------------------------------------------------------------------------------------------------------------------
Tour_Id:			11
No_of_Customers:		3
No_of_Items:			14
Customer_Sequence:		32 48 24 

CustId	Id	TypeId	Rotated	x	y	z	Length	Width	Height	mass	Fragility	LoadBearingStrength
48	164	4	0	0	0	0	30	12	13	1649.88	1		11.658770
24	79	10	0	0	12	0	20	12	14	712.79	1		19.827501
24	77	5	0	20	12	0	19	7	12	499.35	0		68.492403
32	106	3	0	39	0	0	20	14	11	321.88	0		8.757857
24	78	6	0	20	19	0	24	6	11	648.04	0		31.159799
48	166	7	0	44	14	0	12	10	9	112.34	0		5.147749
48	167	7	0	44	14	9	12	10	9	112.34	0		5.147749
48	163	2	0	20	12	12	15	7	8	135.01	0		46.946854
48	165	6	0	20	19	11	24	6	11	648.04	0		31.159799
24	80	10	0	0	12	14	20	12	14	712.79	1		19.827501
32	108	5	0	39	0	11	19	7	12	499.35	0		68.492403
32	109	5	0	39	7	11	19	7	12	499.35	0		68.492403
32	105	2	0	20	12	20	15	7	8	135.01	0		46.946854
32	107	4	0	0	0	13	30	12	13	1649.88	1		11.658770


-------------------------------------------------------------------------------------------------------------------
Tour_Id:			12
No_of_Customers:		3
No_of_Items:			10
Customer_Sequence:		16 20 31 

CustId	Id	TypeId	Rotated	x	y	z	Length	Width	Height	mass	Fragility	LoadBearingStrength
31	101	3	0	0	0	0	20	14	11	321.88	0		8.757857
31	102	4	0	20	0	0	30	12	13	1649.88	1		11.658770
31	104	7	0	0	14	0	12	10	9	112.34	0		5.147749
31	103	5	0	0	0	11	19	7	12	499.35	0		68.492403
20	66	2	0	0	14	9	15	7	8	135.01	0		46.946854
20	67	4	0	20	12	0	30	12	13	1649.88	1		11.658770
16	53	5	0	0	14	17	19	7	12	499.35	0		68.492403
16	54	6	1	50	0	0	24	6	11	648.04	0		31.159799
16	55	6	1	50	0	11	24	6	11	648.04	0		31.159799
16	56	10	0	19	0	13	20	12	14	712.79	1		19.827501


-------------------------------------------------------------------------------------------------------------------
Tour_Id:			13
No_of_Customers:		3
No_of_Items:			11
Customer_Sequence:		36 22 30 

CustId	Id	TypeId	Rotated	x	y	z	Length	Width	Height	mass	Fragility	LoadBearingStrength
30	100	8	0	0	0	0	18	14	12	752.79	0		5.280909
30	98	1	0	0	14	0	28	6	10	170.22	0		7.482355
30	99	7	0	0	0	12	12	10	9	112.34	0		5.147749
22	72	3	0	18	0	0	20	14	11	321.88	0		8.757857
22	74	10	0	18	0	11	20	12	14	712.79	1		19.827501
22	71	2	0	0	14	10	15	7	8	135.01	0		46.946854
22	73	8	0	38	0	0	18	14	12	752.79	0		5.280909
36	123	8	0	38	0	12	18	14	12	752.79	0		5.280909
36	120	1	0	28	14	0	28	6	10	170.22	0		7.482355
36	121	5	0	0	14	18	19	7	12	499.35	0		68.492403
36	122	6	0	19	14	10	24	6	11	648.04	0		31.159799


-------------------------------------------------------------------------------------------------------------------
Tour_Id:			14
No_of_Customers:		5
No_of_Items:			15
Customer_Sequence:		39 49 43 52 18 

CustId	Id	TypeId	Rotated	x	y	z	Length	Width	Height	mass	Fragility	LoadBearingStrength
18	60	9	0	0	0	0	32	9	6	210.43	0		7.239801
18	61	10	0	0	9	0	20	12	14	712.79	1		19.827501
52	176	8	0	20	9	0	18	14	12	752.79	0		5.280909
52	177	9	0	0	0	6	32	9	6	210.43	0		7.239801
43	148	10	0	0	9	14	20	12	14	712.79	1		19.827501
52	174	2	0	0	0	12	15	7	8	135.01	0		46.946854
43	147	7	0	20	0	12	12	10	9	112.34	0		5.147749
43	146	2	0	0	0	20	15	7	8	135.01	0		46.946854
52	175	6	0	32	0	0	24	6	11	648.04	0		31.159799
49	168	1	0	32	0	11	28	6	10	170.22	0		7.482355
49	169	10	0	20	10	12	20	12	14	712.79	1		19.827501
39	133	8	0	40	6	0	18	14	12	752.79	0		5.280909
39	131	5	0	40	6	12	19	7	12	499.35	0		68.492403
39	132	7	0	20	0	21	12	10	9	112.34	0		5.147749
39	130	2	0	40	13	12	15	7	8	135.01	0		46.946854


-------------------------------------------------------------------------------------------------------------------
Tour_Id:			15
No_of_Customers:		2
No_of_Items:			8
Customer_Sequence:		8 59 

CustId	Id	TypeId	Rotated	x	y	z	Length	Width	Height	mass	Fragility	LoadBearingStrength
59	194	4	0	0	0	0	30	12	13	1649.88	1		11.658770
59	196	8	0	30	0	0	18	14	12	752.79	0		5.280909
59	195	4	0	0	12	0	30	12	13	1649.88	1		11.658770
8	26	8	0	30	0	12	18	14	12	752.79	0		5.280909
8	22	1	0	30	14	0	28	6	10	170.22	0		7.482355
8	25	7	0	48	0	0	12	10	9	112.34	0		5.147749
8	24	6	0	30	14	10	24	6	11	648.04	0		31.159799
8	23	4	0	0	0	13	30	12	13	1649.88	1		11.658770


-------------------------------------------------------------------------------------------------------------------
Tour_Id:			16
No_of_Customers:		4
No_of_Items:			15
Customer_Sequence:		34 56 40 7 

CustId	Id	TypeId	Rotated	x	y	z	Length	Width	Height	mass	Fragility	LoadBearingStrength
7	20	2	0	0	0	0	15	7	8	135.01	0		46.946854
7	21	10	0	0	7	0	20	12	14	712.79	1		19.827501
40	134	3	0	20	0	0	20	14	11	321.88	0		8.757857
40	135	5	0	0	0	8	19	7	12	499.35	0		68.492403
40	136	6	0	0	19	0	24	6	11	648.04	0		31.159799
40	137	10	0	0	7	14	20	12	14	712.79	1		19.827501
40	138	10	0	20	0	11	20	12	14	712.79	1		19.827501
56	185	1	0	0	19	11	28	6	10	170.22	0		7.482355
34	113	3	0	40	0	0	20	14	11	321.88	0		8.757857
56	188	6	0	24	14	0	24	6	11	648.04	0		31.159799
56	186	2	0	20	12	11	15	7	8	135.01	0		46.946854
56	187	2	0	20	12	19	15	7	8	135.01	0		46.946854
34	115	6	1	40	0	11	24	6	11	648.04	0		31.159799
34	114	5	1	46	0	11	19	7	12	499.35	0		68.492403
56	189	7	0	48	14	0	12	10	9	112.34	0		5.147749


-------------------------------------------------------------------------------------------------------------------
Tour_Id:			17
No_of_Customers:		4
No_of_Items:			13
Customer_Sequence:		1 12 60 10 

CustId	Id	TypeId	Rotated	x	y	z	Length	Width	Height	mass	Fragility	LoadBearingStrength
10	33	10	0	0	0	0	20	12	14	712.79	1		19.827501
10	34	10	0	0	12	0	20	12	14	712.79	1		19.827501
10	32	9	0	20	0	0	32	9	6	210.43	0		7.239801
60	199	5	0	20	9	0	19	7	12	499.35	0		68.492403
60	197	3	0	39	9	0	20	14	11	321.88	0		8.757857
60	198	5	0	20	16	0	19	7	12	499.35	0		68.492403
60	200	10	0	0	0	14	20	12	14	712.79	1		19.827501
12	37	1	0	20	0	6	28	6	10	170.22	0		7.482355
12	40	10	0	0	12	14	20	12	14	712.79	1		19.827501
12	38	2	1	20	6	12	15	7	8	135.01	0		46.946854
12	39	7	1	27	6	12	12	10	9	112.34	0		5.147749
1	1	6	0	20	0	16	24	6	11	648.04	0		31.159799
1	2	10	0	39	9	11	20	12	14	712.79	1		19.827501


