Name:				130_n060_m200_bt10
Problem:			3L-VRPTW
Number_of_used_Vehicles:	14
Total_Travel_Distance:		1211.77
Calculation_Time:		3600.00
Total_Iterations:		11965
ConstraintSet:			P1

-------------------------------------------------------------------------------------------------------------------
Tour_Id:			1
No_of_Customers:		4
No_of_Items:			12
Customer_Sequence:		11 60 12 45 

CustId	Id	TypeId	Rotated	x	y	z	Length	Width	Height	mass	Fragility	LoadBearingStrength
12	37	7	0	0	0	0	17	13	7	486.24	0		75.021635
45	148	10	0	0	13	0	25	11	10	658.95	1		13.786012
12	35	3	0	25	0	0	35	14	7	864.19	0		90.464404
45	147	9	0	25	14	0	32	10	11	504.57	0		18.115876
12	38	7	0	0	0	7	17	13	7	486.24	0		75.021635
12	36	6	0	25	0	7	31	8	6	366.59	0		13.576852
60	200	9	0	25	14	11	32	10	11	504.57	0		18.115876
60	199	7	0	0	0	14	17	13	7	486.24	0		75.021635
60	198	6	0	25	0	13	31	8	6	366.59	0		13.576852
60	197	1	0	25	8	7	24	5	8	152.77	0		7.322268
11	33	5	0	25	8	15	26	6	10	217.62	0		19.318152
11	34	8	0	25	0	19	17	8	10	395.65	1		2.759801


-------------------------------------------------------------------------------------------------------------------
Tour_Id:			2
No_of_Customers:		4
No_of_Items:			11
Customer_Sequence:		44 32 57 13 

CustId	Id	TypeId	Rotated	x	y	z	Length	Width	Height	mass	Fragility	LoadBearingStrength
13	42	7	0	0	0	0	17	13	7	486.24	0		75.021635
13	40	3	0	17	0	0	35	14	7	864.19	0		90.464404
13	41	5	0	0	14	0	26	6	10	217.62	0		19.318152
13	39	3	0	0	0	7	35	14	7	864.19	0		90.464404
57	188	3	0	0	0	14	35	14	7	864.19	0		90.464404
57	189	3	0	0	0	21	35	14	7	864.19	0		90.464404
57	187	2	0	0	14	10	27	6	14	571.75	0		24.106463
32	103	4	0	27	14	0	33	7	12	819.90	0		11.324217
32	104	7	0	35	0	7	17	13	7	486.24	0		75.021635
44	145	6	0	27	14	12	31	8	6	366.59	0		13.576852
44	146	6	0	27	14	18	31	8	6	366.59	0		13.576852


-------------------------------------------------------------------------------------------------------------------
Tour_Id:			3
No_of_Customers:		6
No_of_Items:			16
Customer_Sequence:		1 35 14 23 52 59 

CustId	Id	TypeId	Rotated	x	y	z	Length	Width	Height	mass	Fragility	LoadBearingStrength
59	195	4	0	0	0	0	33	7	12	819.90	0		11.324217
59	196	5	0	0	7	0	26	6	10	217.62	0		19.318152
14	44	2	0	0	13	0	27	6	14	571.75	0		24.106463
52	172	6	0	0	0	12	31	8	6	366.59	0		13.576852
52	171	2	0	0	19	0	27	6	14	571.75	0		24.106463
23	76	10	0	33	0	0	25	11	10	658.95	1		13.786012
23	75	5	0	0	19	14	26	6	10	217.62	0		19.318152
23	74	2	0	27	19	0	27	6	14	571.75	0		24.106463
59	194	1	0	0	8	10	24	5	8	152.77	0		7.322268
14	43	1	0	0	13	14	24	5	8	152.77	0		7.322268
35	115	9	0	0	0	18	32	10	11	504.57	0		18.115876
35	113	2	0	26	19	14	27	6	14	571.75	0		24.106463
35	114	6	0	27	11	0	31	8	6	366.59	0		13.576852
35	116	10	0	33	0	10	25	11	10	658.95	1		13.786012
1	2	4	0	27	11	6	33	7	12	819.90	0		11.324217
1	1	1	0	0	13	22	24	5	8	152.77	0		7.322268


-------------------------------------------------------------------------------------------------------------------
Tour_Id:			4
No_of_Customers:		4
No_of_Items:			16
Customer_Sequence:		20 36 17 42 

CustId	Id	TypeId	Rotated	x	y	z	Length	Width	Height	mass	Fragility	LoadBearingStrength
42	140	7	0	0	0	0	17	13	7	486.24	0		75.021635
42	139	2	0	0	13	0	27	6	14	571.75	0		24.106463
17	52	2	0	0	19	0	27	6	14	571.75	0		24.106463
17	51	2	0	0	13	14	27	6	14	571.75	0		24.106463
17	53	4	0	17	0	0	33	7	12	819.90	0		11.324217
42	141	7	0	0	0	7	17	13	7	486.24	0		75.021635
42	138	2	0	17	7	0	27	6	14	571.75	0		24.106463
36	117	4	0	17	0	12	33	7	12	819.90	0		11.324217
36	118	4	0	27	13	0	33	7	12	819.90	0		11.324217
20	63	2	0	0	19	14	27	6	14	571.75	0		24.106463
36	119	5	0	17	7	14	26	6	10	217.62	0		19.318152
36	120	6	0	17	0	24	31	8	6	366.59	0		13.576852
20	64	4	0	27	13	12	33	7	12	819.90	0		11.324217
17	50	1	0	27	20	0	24	5	8	152.77	0		7.322268
20	65	6	0	27	13	24	31	8	6	366.59	0		13.576852
20	62	1	0	27	20	8	24	5	8	152.77	0		7.322268


-------------------------------------------------------------------------------------------------------------------
Tour_Id:			5
No_of_Customers:		3
No_of_Items:			12
Customer_Sequence:		22 39 6 

CustId	Id	TypeId	Rotated	x	y	z	Length	Width	Height	mass	Fragility	LoadBearingStrength
6	16	9	0	0	0	0	32	10	11	504.57	0		18.115876
6	15	7	0	0	10	0	17	13	7	486.24	0		75.021635
6	14	6	0	0	0	11	31	8	6	366.59	0		13.576852
39	128	3	0	17	10	0	35	14	7	864.19	0		90.464404
39	127	2	0	0	10	7	27	6	14	571.75	0		24.106463
39	129	6	0	0	16	7	31	8	6	366.59	0		13.576852
39	130	6	0	0	16	13	31	8	6	366.59	0		13.576852
22	73	9	0	0	0	17	32	10	11	504.57	0		18.115876
22	72	7	0	31	10	7	17	13	7	486.24	0		75.021635
22	70	5	0	0	16	19	26	6	10	217.62	0		19.318152
22	71	7	0	31	10	14	17	13	7	486.24	0		75.021635
22	69	2	0	32	0	0	27	6	14	571.75	0		24.106463


-------------------------------------------------------------------------------------------------------------------
Tour_Id:			6
No_of_Customers:		4
No_of_Items:			12
Customer_Sequence:		29 43 15 24 

CustId	Id	TypeId	Rotated	x	y	z	Length	Width	Height	mass	Fragility	LoadBearingStrength
24	77	3	0	0	0	0	35	14	7	864.19	0		90.464404
24	78	3	0	0	0	7	35	14	7	864.19	0		90.464404
15	45	3	0	0	0	14	35	14	7	864.19	0		90.464404
29	93	3	0	0	0	21	35	14	7	864.19	0		90.464404
15	47	7	0	35	0	0	17	13	7	486.24	0		75.021635
43	142	5	0	0	14	0	26	6	10	217.62	0		19.318152
43	144	9	0	26	14	0	32	10	11	504.57	0		18.115876
43	143	8	0	0	14	10	17	8	10	395.65	1		2.759801
29	96	9	0	26	14	11	32	10	11	504.57	0		18.115876
15	46	7	0	35	0	7	17	13	7	486.24	0		75.021635
29	94	8	0	0	14	20	17	8	10	395.65	1		2.759801
29	95	8	0	35	0	14	17	8	10	395.65	1		2.759801


-------------------------------------------------------------------------------------------------------------------
Tour_Id:			7
No_of_Customers:		4
No_of_Items:			15
Customer_Sequence:		53 5 19 50 

CustId	Id	TypeId	Rotated	x	y	z	Length	Width	Height	mass	Fragility	LoadBearingStrength
50	165	3	0	0	0	0	35	14	7	864.19	0		90.464404
50	166	4	0	0	14	0	33	7	12	819.90	0		11.324217
50	164	2	0	0	0	7	27	6	14	571.75	0		24.106463
50	163	1	0	0	6	7	24	5	8	152.77	0		7.322268
50	167	6	0	0	14	12	31	8	6	366.59	0		13.576852
19	61	10	0	33	14	0	25	11	10	658.95	1		13.786012
19	58	6	0	0	14	18	31	8	6	366.59	0		13.576852
19	57	1	0	0	6	15	24	5	8	152.77	0		7.322268
19	59	7	0	35	0	0	17	13	7	486.24	0		75.021635
19	60	8	0	24	6	7	17	8	10	395.65	1		2.759801
5	13	10	0	33	14	10	25	11	10	658.95	1		13.786012
5	12	8	0	24	6	17	17	8	10	395.65	1		2.759801
53	174	2	0	27	0	7	27	6	14	571.75	0		24.106463
53	175	6	0	0	14	24	31	8	6	366.59	0		13.576852
53	173	1	0	0	0	21	24	5	8	152.77	0		7.322268


-------------------------------------------------------------------------------------------------------------------
Tour_Id:			8
No_of_Customers:		3
No_of_Items:			12
Customer_Sequence:		34 10 33 

CustId	Id	TypeId	Rotated	x	y	z	Length	Width	Height	mass	Fragility	LoadBearingStrength
33	105	1	0	0	0	0	24	5	8	152.77	0		7.322268
33	107	5	0	0	5	0	26	6	10	217.62	0		19.318152
33	108	10	0	0	11	0	25	11	10	658.95	1		13.786012
33	106	2	0	0	5	10	27	6	14	571.75	0		24.106463
10	29	3	0	25	11	0	35	14	7	864.19	0		90.464404
10	30	4	0	25	11	7	33	7	12	819.90	0		11.324217
10	31	5	0	25	18	7	26	6	10	217.62	0		19.318152
10	32	10	0	0	11	10	25	11	10	658.95	1		13.786012
34	110	9	0	27	0	0	32	10	11	504.57	0		18.115876
34	111	9	0	27	0	11	32	10	11	504.57	0		18.115876
34	109	7	0	27	0	22	17	13	7	486.24	0		75.021635
34	112	10	0	0	11	20	25	11	10	658.95	1		13.786012


-------------------------------------------------------------------------------------------------------------------
Tour_Id:			9
No_of_Customers:		4
No_of_Items:			14
Customer_Sequence:		41 48 2 46 

CustId	Id	TypeId	Rotated	x	y	z	Length	Width	Height	mass	Fragility	LoadBearingStrength
46	150	4	0	0	0	0	33	7	12	819.90	0		11.324217
46	149	2	0	0	7	0	27	6	14	571.75	0		24.106463
46	151	10	0	0	13	0	25	11	10	658.95	1		13.786012
46	152	10	0	0	13	10	25	11	10	658.95	1		13.786012
2	3	4	0	0	0	12	33	7	12	819.90	0		11.324217
2	5	7	0	27	7	0	17	13	7	486.24	0		75.021635
2	4	6	0	0	0	24	31	8	6	366.59	0		13.576852
41	137	10	0	0	13	20	25	11	10	658.95	1		13.786012
48	157	2	0	33	0	0	27	6	14	571.75	0		24.106463
48	159	7	1	44	7	0	17	13	7	486.24	0		75.021635
41	135	9	0	25	13	7	32	10	11	504.57	0		18.115876
41	136	9	0	25	13	18	32	10	11	504.57	0		18.115876
41	134	2	0	33	0	14	27	6	14	571.75	0		24.106463
48	158	5	0	33	6	7	26	6	10	217.62	0		19.318152


-------------------------------------------------------------------------------------------------------------------
Tour_Id:			10
No_of_Customers:		4
No_of_Items:			16
Customer_Sequence:		7 9 58 54 

CustId	Id	TypeId	Rotated	x	y	z	Length	Width	Height	mass	Fragility	LoadBearingStrength
54	176	1	0	0	0	0	24	5	8	152.77	0		7.322268
54	179	5	0	0	5	0	26	6	10	217.62	0		19.318152
54	180	7	0	0	11	0	17	13	7	486.24	0		75.021635
54	178	5	0	0	5	10	26	6	10	217.62	0		19.318152
58	190	3	0	17	11	0	35	14	7	864.19	0		90.464404
58	191	7	0	0	11	7	17	13	7	486.24	0		75.021635
9	25	4	0	17	11	7	33	7	12	819.90	0		11.324217
58	193	10	0	26	0	0	25	11	10	658.95	1		13.786012
58	192	8	0	0	11	14	17	8	10	395.65	1		2.759801
54	177	1	0	0	0	8	24	5	8	152.77	0		7.322268
9	28	10	0	26	0	10	25	11	10	658.95	1		13.786012
7	17	5	0	0	5	20	26	6	10	217.62	0		19.318152
9	27	8	0	17	11	19	17	8	10	395.65	1		2.759801
9	26	8	0	34	11	19	17	8	10	395.65	1		2.759801
7	19	10	0	26	0	20	25	11	10	658.95	1		13.786012
7	18	8	1	52	0	0	17	8	10	395.65	1		2.759801


-------------------------------------------------------------------------------------------------------------------
Tour_Id:			11
No_of_Customers:		5
No_of_Items:			16
Customer_Sequence:		26 37 8 3 16 

CustId	Id	TypeId	Rotated	x	y	z	Length	Width	Height	mass	Fragility	LoadBearingStrength
16	48	4	0	0	0	0	33	7	12	819.90	0		11.324217
3	7	4	0	0	7	0	33	7	12	819.90	0		11.324217
16	49	5	0	0	14	0	26	6	10	217.62	0		19.318152
3	6	1	0	0	20	0	24	5	8	152.77	0		7.322268
8	20	4	0	0	0	12	33	7	12	819.90	0		11.324217
8	21	4	0	0	7	12	33	7	12	819.90	0		11.324217
8	22	5	0	0	14	10	26	6	10	217.62	0		19.318152
8	23	7	0	33	0	0	17	13	7	486.24	0		75.021635
8	24	10	0	26	14	0	25	11	10	658.95	1		13.786012
37	121	7	0	33	0	7	17	13	7	486.24	0		75.021635
26	86	10	0	26	14	10	25	11	10	658.95	1		13.786012
26	82	5	0	0	14	20	26	6	10	217.62	0		19.318152
26	84	7	0	33	0	14	17	13	7	486.24	0		75.021635
26	83	6	0	0	0	24	31	8	6	366.59	0		13.576852
37	122	8	1	51	0	0	17	8	10	395.65	1		2.759801
26	85	8	0	26	14	20	17	8	10	395.65	1		2.759801


-------------------------------------------------------------------------------------------------------------------
Tour_Id:			12
No_of_Customers:		5
No_of_Items:			16
Customer_Sequence:		56 30 21 4 31 

CustId	Id	TypeId	Rotated	x	y	z	Length	Width	Height	mass	Fragility	LoadBearingStrength
31	101	2	0	0	0	0	27	6	14	571.75	0		24.106463
31	102	5	0	0	6	0	26	6	10	217.62	0		19.318152
31	100	1	0	0	12	0	24	5	8	152.77	0		7.322268
4	8	1	0	0	17	0	24	5	8	152.77	0		7.322268
4	11	9	0	0	12	8	32	10	11	504.57	0		18.115876
4	10	5	0	0	6	10	26	6	10	217.62	0		19.318152
4	9	4	0	27	0	0	33	7	12	819.90	0		11.324217
21	68	9	0	0	12	19	32	10	11	504.57	0		18.115876
21	67	4	0	27	0	12	33	7	12	819.90	0		11.324217
21	66	1	0	0	0	14	24	5	8	152.77	0		7.322268
30	97	2	0	32	7	0	27	6	14	571.75	0		24.106463
30	98	5	0	32	13	0	26	6	10	217.62	0		19.318152
30	99	6	0	27	0	24	31	8	6	366.59	0		13.576852
56	184	5	0	32	19	0	26	6	10	217.62	0		19.318152
56	185	10	0	32	13	10	25	11	10	658.95	1		13.786012
56	186	10	0	32	13	20	25	11	10	658.95	1		13.786012


-------------------------------------------------------------------------------------------------------------------
Tour_Id:			13
No_of_Customers:		5
No_of_Items:			17
Customer_Sequence:		51 55 18 27 38 

CustId	Id	TypeId	Rotated	x	y	z	Length	Width	Height	mass	Fragility	LoadBearingStrength
38	124	5	0	0	0	0	26	6	10	217.62	0		19.318152
38	125	5	0	0	6	0	26	6	10	217.62	0		19.318152
38	123	1	0	0	12	0	24	5	8	152.77	0		7.322268
38	126	10	0	0	0	10	25	11	10	658.95	1		13.786012
27	87	1	0	0	17	0	24	5	8	152.77	0		7.322268
27	89	4	0	24	12	0	33	7	12	819.90	0		11.324217
27	90	7	0	0	12	8	17	13	7	486.24	0		75.021635
27	88	4	0	24	12	12	33	7	12	819.90	0		11.324217
18	54	5	0	24	19	0	26	6	10	217.62	0		19.318152
18	55	5	0	24	19	10	26	6	10	217.62	0		19.318152
18	56	8	0	0	0	20	17	8	10	395.65	1		2.759801
55	183	6	0	24	12	24	31	8	6	366.59	0		13.576852
55	181	1	0	26	0	0	24	5	8	152.77	0		7.322268
55	182	1	0	26	5	0	24	5	8	152.77	0		7.322268
51	170	9	0	26	0	8	32	10	11	504.57	0		18.115876
51	169	5	0	25	0	19	26	6	10	217.62	0		19.318152
51	168	1	0	25	6	19	24	5	8	152.77	0		7.322268


-------------------------------------------------------------------------------------------------------------------
Tour_Id:			14
No_of_Customers:		5
No_of_Items:			15
Customer_Sequence:		28 47 40 49 25 

CustId	Id	TypeId	Rotated	x	y	z	Length	Width	Height	mass	Fragility	LoadBearingStrength
25	80	3	0	0	0	0	35	14	7	864.19	0		90.464404
25	81	9	0	0	14	0	32	10	11	504.57	0		18.115876
25	79	2	0	0	0	7	27	6	14	571.75	0		24.106463
49	160	4	0	0	6	7	33	7	12	819.90	0		11.324217
49	161	7	0	35	0	0	17	13	7	486.24	0		75.021635
49	162	10	0	0	14	11	25	11	10	658.95	1		13.786012
40	132	5	0	0	6	19	26	6	10	217.62	0		19.318152
40	133	7	0	33	0	7	17	13	7	486.24	0		75.021635
40	131	1	0	0	0	21	24	5	8	152.77	0		7.322268
47	155	2	0	32	14	0	27	6	14	571.75	0		24.106463
47	153	1	0	32	20	0	24	5	8	152.77	0		7.322268
47	154	1	0	32	20	8	24	5	8	152.77	0		7.322268
47	156	8	0	33	0	14	17	8	10	395.65	1		2.759801
28	92	2	0	32	14	14	27	6	14	571.75	0		24.106463
28	91	1	0	32	20	16	24	5	8	152.77	0		7.322268


