Name:				135_n060_m200_bt100
Problem:			3L-VRPTW
Number_of_used_Vehicles:	16
Total_Travel_Distance:		1268.53
Calculation_Time:		3600.00
Total_Iterations:		14797
ConstraintSet:			P1

-------------------------------------------------------------------------------------------------------------------
Tour_Id:			1
No_of_Customers:		1
No_of_Items:			0
Customer_Sequence:		53 

-------------------------------------------------------------------------------------------------------------------
Tour_Id:			2
No_of_Customers:		3
No_of_Items:			12
Customer_Sequence:		59 24 11 

CustId	Id	TypeId	Rotated	x	y	z	Length	Width	Height	mass	Fragility	LoadBearingStrength
11	35	20	0	0	0	0	27	13	12	882.35	0		19.969832
11	33	7	0	0	13	0	26	7	10	229.35	0		20.453560
11	34	12	0	0	13	10	21	7	7	210.22	0		34.353795
11	36	64	0	0	0	12	12	7	9	357.26	1		9.971575
24	77	94	0	26	13	0	27	11	11	513.56	0		13.468301
24	74	45	0	21	13	11	26	10	8	336.54	0		12.505360
24	73	11	0	21	13	19	22	9	7	372.72	0		17.653078
24	76	59	0	12	0	12	18	10	6	118.48	0		24.134469
24	75	48	0	12	0	18	17	11	12	1336.11	1		9.393346
59	194	21	0	30	0	0	25	11	10	376.73	0		10.267055
59	193	7	0	30	0	10	26	7	10	229.35	0		20.453560
59	195	37	0	29	0	20	21	8	6	199.17	1		7.467443


-------------------------------------------------------------------------------------------------------------------
Tour_Id:			3
No_of_Customers:		4
No_of_Items:			12
Customer_Sequence:		34 13 25 9 

CustId	Id	TypeId	Rotated	x	y	z	Length	Width	Height	mass	Fragility	LoadBearingStrength
9	26	47	0	0	0	0	24	14	9	326.41	0		3.970356
9	25	3	0	0	14	0	22	9	13	361.19	0		11.193582
25	78	14	0	0	0	9	19	13	13	654.16	0		19.057178
9	27	100	0	0	14	13	14	10	8	309.80	0		42.497223
25	80	94	0	22	14	0	27	11	11	513.56	0		13.468301
13	42	51	1	14	13	13	12	8	14	199.31	0		68.381430
13	43	90	0	22	14	11	34	7	14	733.53	1		4.422143
25	79	39	0	24	0	0	28	5	6	146.56	0		4.978756
13	41	1	0	24	0	6	32	5	12	338.11	0		8.582120
34	114	62	0	24	5	0	35	7	13	1723.84	0		44.456850
34	112	8	0	24	5	13	30	8	13	1004.39	0		8.811091
34	113	36	0	0	0	22	22	11	8	296.14	0		34.289617


-------------------------------------------------------------------------------------------------------------------
Tour_Id:			4
No_of_Customers:		5
No_of_Items:			14
Customer_Sequence:		40 48 12 36 38 

CustId	Id	TypeId	Rotated	x	y	z	Length	Width	Height	mass	Fragility	LoadBearingStrength
38	123	58	0	0	0	0	29	7	13	289.75	0		63.006986
38	122	41	0	0	7	0	13	12	6	136.71	0		13.076101
36	117	28	0	0	19	0	30	5	14	283.88	1		2.174253
12	40	84	0	0	0	13	25	5	13	243.99	0		12.605481
12	39	59	0	13	7	0	18	10	6	118.48	0		24.134469
12	38	36	0	0	7	6	22	11	8	296.14	0		34.289617
40	129	46	0	0	5	14	14	14	11	466.39	0		33.963319
12	37	20	0	31	0	0	27	13	12	882.35	0		19.969832
36	118	61	0	0	19	14	16	5	13	172.10	1		2.619257
48	154	81	0	29	0	12	22	5	14	303.40	0		13.437515
48	155	92	0	31	13	0	20	9	6	301.70	0		17.413361
40	128	36	0	30	13	6	22	11	8	296.14	0		34.289617
40	130	82	0	29	5	12	29	7	9	1299.50	1		8.818760
40	127	19	0	30	13	14	17	12	7	313.23	1		4.479658


-------------------------------------------------------------------------------------------------------------------
Tour_Id:			5
No_of_Customers:		5
No_of_Items:			14
Customer_Sequence:		4 44 37 18 54 

CustId	Id	TypeId	Rotated	x	y	z	Length	Width	Height	mass	Fragility	LoadBearingStrength
54	176	13	0	0	0	0	29	11	12	960.53	0		97.764949
54	179	69	0	0	11	0	23	12	6	231.49	0		8.068369
18	58	77	0	0	11	6	25	5	7	248.47	0		17.887257
54	178	55	0	0	16	6	16	7	9	210.69	0		8.538469
18	59	98	0	0	0	12	22	11	7	270.88	0		12.678289
37	119	22	0	0	16	15	18	7	11	300.69	0		15.983027
54	177	48	0	29	0	0	17	11	12	1336.11	1		9.393346
37	121	90	0	25	11	0	34	7	14	733.53	1		4.422143
18	57	33	0	0	0	19	25	9	11	539.15	0		12.556042
37	120	81	0	0	11	13	22	5	14	303.40	0		13.437515
44	143	90	0	23	18	0	34	7	14	733.53	1		4.422143
44	142	9	0	23	18	14	22	7	12	289.09	1		13.505191
4	13	16	0	25	11	14	34	7	14	450.79	1		1.800476
4	14	64	0	25	0	12	12	7	9	357.26	1		9.971575


-------------------------------------------------------------------------------------------------------------------
Tour_Id:			6
No_of_Customers:		3
No_of_Items:			12
Customer_Sequence:		22 43 56 

CustId	Id	TypeId	Rotated	x	y	z	Length	Width	Height	mass	Fragility	LoadBearingStrength
56	186	96	0	0	0	0	31	10	11	738.12	0		22.511126
56	184	92	0	0	10	0	20	9	6	301.70	0		17.413361
56	183	20	0	0	0	11	27	13	12	882.35	0		19.969832
43	138	39	0	0	19	0	28	5	6	146.56	0		4.978756
56	185	94	0	31	0	0	27	11	11	513.56	0		13.468301
43	139	52	0	0	13	6	27	8	8	364.70	0		69.282993
43	141	95	0	0	13	14	17	6	11	159.50	0		29.855167
43	137	19	0	0	0	23	17	12	7	313.23	1		4.479658
43	140	93	0	27	0	11	32	10	13	887.19	1		4.218941
22	68	8	0	28	11	0	30	8	13	1004.39	0		8.811091
22	69	17	0	27	10	13	25	9	10	627.73	0		68.178014
22	70	95	0	28	19	0	17	6	11	159.50	0		29.855167


-------------------------------------------------------------------------------------------------------------------
Tour_Id:			7
No_of_Customers:		3
No_of_Items:			13
Customer_Sequence:		45 30 16 

CustId	Id	TypeId	Rotated	x	y	z	Length	Width	Height	mass	Fragility	LoadBearingStrength
16	54	96	0	0	0	0	31	10	11	738.12	0		22.511126
16	51	33	0	0	10	0	25	9	11	539.15	0		12.556042
30	100	87	0	0	0	11	21	8	7	239.47	1		2.663260
16	50	31	0	0	8	11	28	9	8	233.30	0		6.592156
16	53	41	0	0	8	19	13	12	6	136.71	0		13.076101
30	99	63	0	31	0	0	23	9	13	763.19	0		13.679865
30	97	3	0	28	0	13	22	9	13	361.19	0		11.193582
30	96	1	0	0	20	0	32	5	12	338.11	0		8.582120
30	98	35	0	0	20	12	13	5	14	224.39	0		15.555052
16	52	33	0	25	10	0	25	9	11	539.15	0		12.556042
45	144	33	0	28	9	11	25	9	11	539.15	0		12.556042
45	146	79	0	13	20	12	14	5	6	305.85	0		27.787614
45	145	54	0	28	9	22	31	5	7	178.05	1		5.006247


-------------------------------------------------------------------------------------------------------------------
Tour_Id:			8
No_of_Customers:		3
No_of_Items:			9
Customer_Sequence:		32 3 19 

CustId	Id	TypeId	Rotated	x	y	z	Length	Width	Height	mass	Fragility	LoadBearingStrength
19	62	39	0	0	0	0	28	5	6	146.56	0		4.978756
19	61	38	0	0	5	0	32	7	7	322.55	0		5.458829
3	10	41	0	0	12	0	13	12	6	136.71	0		13.076101
19	60	22	0	0	5	7	18	7	11	300.69	0		15.983027
3	11	53	0	0	12	6	15	12	13	346.18	0		12.567895
3	9	12	0	0	5	18	21	7	7	210.22	0		34.353795
3	12	75	0	32	0	0	22	14	10	345.51	0		19.733812
32	106	72	0	32	0	10	27	13	10	933.08	0		17.625858
32	105	5	0	15	14	0	32	7	12	1923.56	0		43.580870


-------------------------------------------------------------------------------------------------------------------
Tour_Id:			9
No_of_Customers:		5
No_of_Items:			15
Customer_Sequence:		20 33 8 14 7 

CustId	Id	TypeId	Rotated	x	y	z	Length	Width	Height	mass	Fragility	LoadBearingStrength
7	21	52	0	0	0	0	27	8	8	364.70	0		69.282993
7	22	95	0	0	8	0	17	6	11	159.50	0		29.855167
8	23	30	0	0	14	0	34	10	9	1053.43	0		72.791963
14	45	66	0	27	0	0	27	11	9	3430.61	0		193.246522
14	44	22	0	0	0	8	18	7	11	300.69	0		15.983027
7	20	35	0	0	8	11	13	5	14	224.39	0		15.555052
14	46	80	0	27	0	9	31	9	6	2134.98	1		18.025223
8	24	77	0	0	14	9	25	5	7	248.47	0		17.887257
33	107	10	0	34	14	0	18	10	9	228.74	0		21.306000
33	110	81	0	0	19	9	22	5	14	303.40	0		13.437515
33	111	95	0	0	13	16	17	6	11	159.50	0		29.855167
20	63	38	0	25	14	9	32	7	7	322.55	0		5.458829
33	108	28	0	27	0	15	30	5	14	283.88	1		2.174253
20	64	65	0	17	13	16	34	6	14	807.25	0		12.471150
33	109	77	0	0	19	23	25	5	7	248.47	0		17.887257


-------------------------------------------------------------------------------------------------------------------
Tour_Id:			10
No_of_Customers:		3
No_of_Items:			10
Customer_Sequence:		39 31 55 

CustId	Id	TypeId	Rotated	x	y	z	Length	Width	Height	mass	Fragility	LoadBearingStrength
55	181	86	0	0	0	0	15	13	10	232.69	0		7.956749
55	182	88	0	0	13	0	28	9	11	512.21	0		11.275958
31	104	94	0	0	13	11	27	11	11	513.56	0		13.468301
39	124	25	0	0	0	10	20	8	10	450.48	0		15.251806
31	101	31	0	0	13	22	28	9	8	233.30	0		6.592156
39	125	68	0	20	0	0	33	13	14	622.25	0		34.336919
31	102	54	0	28	13	0	31	5	7	178.05	1		5.006247
55	180	7	0	28	18	0	26	7	10	229.35	0		20.453560
31	103	81	0	28	18	10	22	5	14	303.40	0		13.437515
39	126	80	0	20	0	14	31	9	6	2134.98	1		18.025223


-------------------------------------------------------------------------------------------------------------------
Tour_Id:			11
No_of_Customers:		5
No_of_Items:			16
Customer_Sequence:		6 50 26 42 52 

CustId	Id	TypeId	Rotated	x	y	z	Length	Width	Height	mass	Fragility	LoadBearingStrength
42	135	6	0	0	0	0	12	5	11	80.74	0		9.152493
52	169	55	0	0	5	0	16	7	9	210.69	0		8.538469
50	160	35	0	0	12	0	13	5	14	224.39	0		15.555052
52	168	37	0	0	17	0	21	8	6	199.17	1		7.467443
42	136	38	0	16	0	0	32	7	7	322.55	0		5.458829
52	167	2	0	16	7	0	26	5	12	319.87	0		19.975466
50	159	28	0	13	12	0	30	5	14	283.88	1		2.174253
26	81	58	0	16	0	7	29	7	13	289.75	0		63.006986
26	83	87	0	0	17	6	21	8	7	239.47	1		2.663260
50	162	67	0	21	17	0	33	8	11	661.86	0		22.761743
26	82	81	0	16	7	12	22	5	14	303.40	0		13.437515
52	170	55	0	0	5	9	16	7	9	210.69	0		8.538469
50	158	12	0	16	0	20	21	7	7	210.22	0		34.353795
50	161	54	0	0	12	14	31	5	7	178.05	1		5.006247
6	18	41	1	48	0	0	13	12	6	136.71	0		13.076101
6	19	90	0	21	17	11	34	7	14	733.53	1		4.422143


-------------------------------------------------------------------------------------------------------------------
Tour_Id:			12
No_of_Customers:		4
No_of_Items:			15
Customer_Sequence:		23 10 57 27 

CustId	Id	TypeId	Rotated	x	y	z	Length	Width	Height	mass	Fragility	LoadBearingStrength
27	88	94	0	0	0	0	27	11	11	513.56	0		13.468301
27	86	65	0	0	11	0	34	6	14	807.25	0		12.471150
27	87	83	0	0	17	0	16	6	12	165.11	0		6.616646
27	84	48	0	0	0	11	17	11	12	1336.11	1		9.393346
27	85	61	0	0	17	12	16	5	13	172.10	1		2.619257
57	189	17	0	27	0	0	25	9	10	627.73	0		68.178014
10	30	27	0	0	11	14	34	5	13	1708.23	1		35.399428
57	188	12	0	16	17	0	21	7	7	210.22	0		34.353795
57	187	7	0	16	17	7	26	7	10	229.35	0		20.453560
10	32	63	0	16	16	17	23	9	13	763.19	0		13.679865
10	28	17	0	27	0	10	25	9	10	627.73	0		68.178014
10	31	51	0	34	9	0	12	8	14	199.31	0		68.381430
10	29	23	1	46	9	0	16	13	13	899.80	0		12.883015
23	71	10	0	27	0	20	18	10	9	228.74	0		21.306000
23	72	51	0	46	9	13	12	8	14	199.31	0		68.381430


-------------------------------------------------------------------------------------------------------------------
Tour_Id:			13
No_of_Customers:		5
No_of_Items:			14
Customer_Sequence:		17 28 29 49 21 

CustId	Id	TypeId	Rotated	x	y	z	Length	Width	Height	mass	Fragility	LoadBearingStrength
21	67	97	0	0	0	0	28	8	10	2170.39	0		229.004487
21	65	54	0	0	8	0	31	5	7	178.05	1		5.006247
49	157	69	0	0	13	0	23	12	6	231.49	0		8.068369
21	66	79	0	0	0	10	14	5	6	305.85	0		27.787614
17	56	62	0	23	13	0	35	7	13	1723.84	0		44.456850
29	92	13	0	31	0	0	29	11	12	960.53	0		97.764949
29	93	14	0	31	0	12	19	13	13	654.16	0		19.057178
17	55	16	0	23	13	13	34	7	14	450.79	1		1.800476
29	95	77	0	23	20	0	25	5	7	248.47	0		17.887257
29	94	36	0	0	13	6	22	11	8	296.14	0		34.289617
28	90	34	0	0	13	14	18	7	8	135.59	0		8.684410
28	89	18	0	0	20	14	19	5	6	63.72	1		4.322795
49	156	18	0	0	8	7	19	5	6	63.72	1		4.322795
28	91	51	1	50	0	12	12	8	14	199.31	0		68.381430


-------------------------------------------------------------------------------------------------------------------
Tour_Id:			14
No_of_Customers:		4
No_of_Items:			14
Customer_Sequence:		51 58 41 15 

CustId	Id	TypeId	Rotated	x	y	z	Length	Width	Height	mass	Fragility	LoadBearingStrength
15	48	71	0	0	0	0	27	14	7	455.97	0		17.580665
15	47	56	0	0	14	0	25	9	11	407.84	0		50.196721
41	132	28	0	0	0	7	30	5	14	283.88	1		2.174253
41	133	31	0	0	5	7	28	9	8	233.30	0		6.592156
41	134	33	0	0	14	11	25	9	11	539.15	0		12.556042
58	190	31	0	0	5	15	28	9	8	233.30	0		6.592156
15	49	100	0	25	14	0	14	10	8	309.80	0		42.497223
58	192	88	0	28	5	0	28	9	11	512.21	0		11.275958
58	191	69	0	0	5	23	23	12	6	231.49	0		8.068369
41	131	12	0	0	17	22	21	7	7	210.22	0		34.353795
51	163	8	0	28	5	11	30	8	13	1004.39	0		8.811091
51	166	70	0	39	14	0	21	11	7	344.42	0		9.939455
51	165	34	0	25	14	8	18	7	8	135.59	0		8.684410
51	164	28	0	30	0	0	30	5	14	283.88	1		2.174253


-------------------------------------------------------------------------------------------------------------------
Tour_Id:			15
No_of_Customers:		3
No_of_Items:			12
Customer_Sequence:		60 5 1 

CustId	Id	TypeId	Rotated	x	y	z	Length	Width	Height	mass	Fragility	LoadBearingStrength
1	3	67	0	0	0	0	33	8	11	661.86	0		22.761743
1	1	14	0	0	8	0	19	13	13	654.16	0		19.057178
1	4	96	0	19	8	0	31	10	11	738.12	0		22.511126
1	2	16	0	0	0	11	34	7	14	450.79	1		1.800476
5	17	94	0	19	8	11	27	11	11	513.56	0		13.468301
5	16	60	0	0	8	13	16	11	10	498.14	0		54.213294
5	15	35	0	19	19	0	13	5	14	224.39	0		15.555052
60	199	63	1	50	0	0	23	9	13	763.19	0		13.679865
60	196	36	0	19	8	22	22	11	8	296.14	0		34.289617
60	198	51	0	34	0	0	12	8	14	199.31	0		68.381430
60	197	42	0	0	7	23	16	5	6	92.70	0		11.708893
60	200	87	1	50	0	13	21	8	7	239.47	1		2.663260


-------------------------------------------------------------------------------------------------------------------
Tour_Id:			16
No_of_Customers:		4
No_of_Items:			13
Customer_Sequence:		35 46 2 47 

CustId	Id	TypeId	Rotated	x	y	z	Length	Width	Height	mass	Fragility	LoadBearingStrength
47	152	75	0	0	0	0	22	14	10	345.51	0		19.733812
2	8	93	0	0	14	0	32	10	13	887.19	1		4.218941
47	153	83	0	0	0	10	16	6	12	165.11	0		6.616646
47	150	54	0	22	0	0	31	5	7	178.05	1		5.006247
46	149	65	0	22	5	0	34	6	14	807.25	0		12.471150
2	6	12	0	0	6	10	21	7	7	210.22	0		34.353795
47	151	54	0	22	0	7	31	5	7	178.05	1		5.006247
2	7	24	0	0	14	13	32	6	11	924.41	1		7.903690
2	5	4	0	32	11	0	15	13	14	331.54	0		9.962280
46	147	4	0	32	11	14	15	13	14	331.54	0		9.962280
46	148	41	0	47	11	0	13	12	6	136.71	0		13.076101
35	115	43	0	0	6	17	26	5	10	325.90	0		20.937418
35	116	93	0	26	0	14	32	10	13	887.19	1		4.218941


