Name:				138_n060_m200_bt3
Problem:			3L-VRPTW
Number_of_used_Vehicles:	5
Total_Travel_Distance:		780.22
Calculation_Time:		1901.17
Total_Iterations:		10205
ConstraintSet:			P1

-------------------------------------------------------------------------------------------------------------------
Tour_Id:			1
No_of_Customers:		13
No_of_Items:			48
Customer_Sequence:		9 37 45 6 30 49 39 13 46 28 1 55 3 

CustId	Id	TypeId	Rotated	x	y	z	Length	Width	Height	mass	Fragility	LoadBearingStrength
3	10	3	0	0	0	0	14	4	8	163.31	0		14.570134
3	8	1	0	0	4	0	8	7	6	254.56	0		9.781507
3	9	2	0	0	11	0	11	3	7	228.75	1		18.654020
55	182	3	0	0	14	0	14	4	8	163.31	0		14.570134
55	183	3	0	0	18	0	14	4	8	163.31	0		14.570134
55	179	1	0	0	4	6	8	7	6	254.56	0		9.781507
55	180	2	0	0	22	0	11	3	7	228.75	1		18.654020
55	181	2	0	0	11	7	11	3	7	228.75	1		18.654020
1	2	3	0	0	0	8	14	4	8	163.31	0		14.570134
1	3	3	0	0	14	8	14	4	8	163.31	0		14.570134
1	4	3	0	0	18	8	14	4	8	163.31	0		14.570134
1	5	3	0	0	0	16	14	4	8	163.31	0		14.570134
1	1	2	0	0	22	7	11	3	7	228.75	1		18.654020
28	91	3	0	0	14	16	14	4	8	163.31	0		14.570134
28	92	3	0	0	18	16	14	4	8	163.31	0		14.570134
28	88	1	0	0	4	12	8	7	6	254.56	0		9.781507
28	89	1	0	0	4	18	8	7	6	254.56	0		9.781507
28	90	2	0	0	11	14	11	3	7	228.75	1		18.654020
46	143	1	0	0	0	24	8	7	6	254.56	0		9.781507
46	144	1	0	0	14	24	8	7	6	254.56	0		9.781507
46	145	1	0	8	4	0	8	7	6	254.56	0		9.781507
13	41	3	0	14	0	0	14	4	8	163.31	0		14.570134
13	39	2	0	0	22	14	11	3	7	228.75	1		18.654020
13	40	2	0	0	11	21	11	3	7	228.75	1		18.654020
39	125	3	0	14	11	0	14	4	8	163.31	0		14.570134
39	121	1	0	8	4	6	8	7	6	254.56	0		9.781507
39	122	2	0	0	22	21	11	3	7	228.75	1		18.654020
39	123	2	0	11	22	0	11	3	7	228.75	1		18.654020
39	124	2	0	11	22	7	11	3	7	228.75	1		18.654020
49	157	3	0	14	15	0	14	4	8	163.31	0		14.570134
49	153	1	0	8	4	12	8	7	6	254.56	0		9.781507
49	154	1	0	8	4	18	8	7	6	254.56	0		9.781507
49	155	2	0	11	22	14	11	3	7	228.75	1		18.654020
49	156	2	0	11	22	21	11	3	7	228.75	1		18.654020
30	97	3	0	14	0	8	14	4	8	163.31	0		14.570134
30	95	1	0	8	0	24	8	7	6	254.56	0		9.781507
30	96	2	0	14	19	0	11	3	7	228.75	1		18.654020
6	17	3	0	14	11	8	14	4	8	163.31	0		14.570134
6	16	2	0	14	19	7	11	3	7	228.75	1		18.654020
45	142	3	0	14	15	8	14	4	8	163.31	0		14.570134
45	140	1	0	8	14	24	8	7	6	254.56	0		9.781507
45	141	1	0	14	11	16	8	7	6	254.56	0		9.781507
37	117	1	0	16	4	0	8	7	6	254.56	0		9.781507
37	118	2	0	22	22	0	11	3	7	228.75	1		18.654020
9	28	3	0	16	0	16	14	4	8	163.31	0		14.570134
9	25	1	0	16	4	6	8	7	6	254.56	0		9.781507
9	26	1	0	16	4	12	8	7	6	254.56	0		9.781507
9	27	2	0	22	22	7	11	3	7	228.75	1		18.654020


-------------------------------------------------------------------------------------------------------------------
Tour_Id:			2
No_of_Customers:		15
No_of_Items:			48
Customer_Sequence:		7 51 32 24 17 23 38 41 40 8 11 33 50 4 36 

CustId	Id	TypeId	Rotated	x	y	z	Length	Width	Height	mass	Fragility	LoadBearingStrength
36	116	3	0	0	0	0	14	4	8	163.31	0		14.570134
36	114	1	0	0	4	0	8	7	6	254.56	0		9.781507
36	115	1	0	0	11	0	8	7	6	254.56	0		9.781507
4	11	3	0	0	18	0	14	4	8	163.31	0		14.570134
4	12	3	1	0	4	6	14	4	8	163.31	0		14.570134
50	161	3	0	0	0	8	14	4	8	163.31	0		14.570134
50	158	1	0	8	4	0	8	7	6	254.56	0		9.781507
50	159	2	0	0	22	0	11	3	7	228.75	1		18.654020
50	160	2	0	0	22	7	11	3	7	228.75	1		18.654020
33	105	3	0	0	18	8	14	4	8	163.31	0		14.570134
33	106	3	1	0	4	14	14	4	8	163.31	0		14.570134
33	107	3	0	0	0	16	14	4	8	163.31	0		14.570134
11	35	3	0	0	18	16	14	4	8	163.31	0		14.570134
11	36	3	1	0	4	22	14	4	8	163.31	0		14.570134
11	32	1	0	4	4	6	8	7	6	254.56	0		9.781507
11	33	2	0	0	22	14	11	3	7	228.75	1		18.654020
11	34	2	0	0	22	21	11	3	7	228.75	1		18.654020
8	23	3	0	8	11	0	14	4	8	163.31	0		14.570134
8	24	3	0	8	11	8	14	4	8	163.31	0		14.570134
8	22	1	0	4	4	12	8	7	6	254.56	0		9.781507
40	129	3	0	8	11	16	14	4	8	163.31	0		14.570134
40	130	3	0	14	0	0	14	4	8	163.31	0		14.570134
40	126	1	0	4	4	18	8	7	6	254.56	0		9.781507
40	127	2	0	8	15	0	11	3	7	228.75	1		18.654020
40	128	2	0	8	15	7	11	3	7	228.75	1		18.654020
41	131	1	0	4	0	24	8	7	6	254.56	0		9.781507
41	132	2	0	8	15	14	11	3	7	228.75	1		18.654020
38	119	1	0	4	7	24	8	7	6	254.56	0		9.781507
38	120	2	0	8	15	21	11	3	7	228.75	1		18.654020
23	75	3	0	14	18	0	14	4	8	163.31	0		14.570134
23	76	3	0	14	0	8	14	4	8	163.31	0		14.570134
17	56	3	0	14	18	8	14	4	8	163.31	0		14.570134
17	57	3	0	14	0	16	14	4	8	163.31	0		14.570134
17	58	3	0	14	18	16	14	4	8	163.31	0		14.570134
17	55	2	0	11	22	0	11	3	7	228.75	1		18.654020
24	77	1	0	16	4	0	8	7	6	254.56	0		9.781507
24	78	2	0	11	22	7	11	3	7	228.75	1		18.654020
24	79	2	0	11	22	14	11	3	7	228.75	1		18.654020
32	104	3	0	12	4	6	14	4	8	163.31	0		14.570134
32	102	1	0	22	11	0	8	7	6	254.56	0		9.781507
32	103	1	0	22	11	6	8	7	6	254.56	0		9.781507
51	164	3	0	12	4	14	14	4	8	163.31	0		14.570134
51	162	2	0	11	22	21	11	3	7	228.75	1		18.654020
51	163	2	0	12	8	6	11	3	7	228.75	1		18.654020
7	18	1	0	22	11	12	8	7	6	254.56	0		9.781507
7	19	1	0	22	11	18	8	7	6	254.56	0		9.781507
7	20	2	0	12	8	13	11	3	7	228.75	1		18.654020
7	21	2	0	12	8	20	11	3	7	228.75	1		18.654020


-------------------------------------------------------------------------------------------------------------------
Tour_Id:			3
No_of_Customers:		15
No_of_Items:			48
Customer_Sequence:		34 58 48 42 52 19 56 14 43 2 29 25 20 15 5 

CustId	Id	TypeId	Rotated	x	y	z	Length	Width	Height	mass	Fragility	LoadBearingStrength
5	13	2	0	0	0	0	11	3	7	228.75	1		18.654020
5	14	2	0	0	3	0	11	3	7	228.75	1		18.654020
5	15	2	0	0	6	0	11	3	7	228.75	1		18.654020
15	48	3	0	0	9	0	14	4	8	163.31	0		14.570134
15	49	3	0	0	13	0	14	4	8	163.31	0		14.570134
15	45	1	0	0	17	0	8	7	6	254.56	0		9.781507
15	46	1	0	0	17	6	8	7	6	254.56	0		9.781507
15	47	2	0	0	0	7	11	3	7	228.75	1		18.654020
20	67	2	0	0	3	7	11	3	7	228.75	1		18.654020
20	68	2	0	0	6	7	11	3	7	228.75	1		18.654020
25	81	3	0	0	9	8	14	4	8	163.31	0		14.570134
25	80	2	0	0	13	8	11	3	7	228.75	1		18.654020
29	93	1	0	0	16	12	8	7	6	254.56	0		9.781507
29	94	2	0	0	0	14	11	3	7	228.75	1		18.654020
2	6	1	0	0	16	18	8	7	6	254.56	0		9.781507
2	7	2	0	0	3	14	11	3	7	228.75	1		18.654020
43	135	1	0	0	16	24	8	7	6	254.56	0		9.781507
43	136	1	0	8	17	0	8	7	6	254.56	0		9.781507
43	137	2	0	0	6	14	11	3	7	228.75	1		18.654020
14	44	3	0	0	9	16	14	4	8	163.31	0		14.570134
14	42	1	0	8	17	6	8	7	6	254.56	0		9.781507
14	43	2	0	0	13	15	11	3	7	228.75	1		18.654020
56	185	3	0	11	0	0	14	4	8	163.31	0		14.570134
56	184	2	0	0	0	21	11	3	7	228.75	1		18.654020
19	63	1	0	8	16	12	8	7	6	254.56	0		9.781507
19	64	2	0	0	3	21	11	3	7	228.75	1		18.654020
19	65	2	0	0	6	21	11	3	7	228.75	1		18.654020
19	66	2	0	0	13	22	11	3	7	228.75	1		18.654020
52	168	3	0	11	4	0	14	4	8	163.31	0		14.570134
52	169	3	0	11	0	8	14	4	8	163.31	0		14.570134
52	165	1	0	8	16	18	8	7	6	254.56	0		9.781507
52	166	2	0	11	4	8	11	3	7	228.75	1		18.654020
52	167	2	0	11	4	15	11	3	7	228.75	1		18.654020
42	133	1	0	8	16	24	8	7	6	254.56	0		9.781507
42	134	2	0	11	0	16	11	3	7	228.75	1		18.654020
48	150	3	0	14	8	0	14	4	8	163.31	0		14.570134
48	151	3	0	14	12	0	14	4	8	163.31	0		14.570134
48	152	3	0	14	7	8	14	4	8	163.31	0		14.570134
48	149	2	0	11	13	8	11	3	7	228.75	1		18.654020
58	190	3	0	14	7	16	14	4	8	163.31	0		14.570134
58	191	3	0	16	16	0	14	4	8	163.31	0		14.570134
58	192	3	0	16	20	0	14	4	8	163.31	0		14.570134
58	188	2	0	11	13	15	11	3	7	228.75	1		18.654020
58	189	2	0	11	4	22	11	3	7	228.75	1		18.654020
34	110	3	0	16	16	8	14	4	8	163.31	0		14.570134
34	111	3	0	16	20	8	14	4	8	163.31	0		14.570134
34	108	1	0	16	16	16	8	7	6	254.56	0		9.781507
34	109	1	0	16	16	22	8	7	6	254.56	0		9.781507


-------------------------------------------------------------------------------------------------------------------
Tour_Id:			4
No_of_Customers:		8
No_of_Items:			27
Customer_Sequence:		31 57 22 59 21 60 18 10 

CustId	Id	TypeId	Rotated	x	y	z	Length	Width	Height	mass	Fragility	LoadBearingStrength
10	29	2	0	0	0	0	11	3	7	228.75	1		18.654020
10	30	2	0	0	3	0	11	3	7	228.75	1		18.654020
10	31	2	0	0	6	0	11	3	7	228.75	1		18.654020
18	62	3	0	0	9	0	14	4	8	163.31	0		14.570134
18	59	2	0	0	13	0	11	3	7	228.75	1		18.654020
18	60	2	0	0	16	0	11	3	7	228.75	1		18.654020
18	61	2	0	0	19	0	11	3	7	228.75	1		18.654020
60	198	1	0	11	0	0	8	7	6	254.56	0		9.781507
60	199	2	0	0	22	0	11	3	7	228.75	1		18.654020
60	200	2	0	0	0	7	11	3	7	228.75	1		18.654020
21	70	3	0	0	9	8	14	4	8	163.31	0		14.570134
21	69	1	0	11	13	0	8	7	6	254.56	0		9.781507
59	193	1	0	11	0	6	8	7	6	254.56	0		9.781507
59	194	1	0	11	13	6	8	7	6	254.56	0		9.781507
59	195	1	0	11	0	12	8	7	6	254.56	0		9.781507
59	196	2	0	0	3	7	11	3	7	228.75	1		18.654020
59	197	2	0	0	6	7	11	3	7	228.75	1		18.654020
22	74	3	0	0	9	16	14	4	8	163.31	0		14.570134
22	71	2	0	0	20	7	11	3	7	228.75	1		18.654020
22	72	2	0	0	20	14	11	3	7	228.75	1		18.654020
22	73	2	0	0	20	21	11	3	7	228.75	1		18.654020
57	187	3	0	11	20	0	14	4	8	163.31	0		14.570134
57	186	2	0	11	20	8	11	3	7	228.75	1		18.654020
31	98	1	0	11	13	12	8	7	6	254.56	0		9.781507
31	99	1	0	11	0	18	8	7	6	254.56	0		9.781507
31	100	1	0	11	13	18	8	7	6	254.56	0		9.781507
31	101	2	0	11	20	15	11	3	7	228.75	1		18.654020


-------------------------------------------------------------------------------------------------------------------
Tour_Id:			5
No_of_Customers:		9
No_of_Items:			29
Customer_Sequence:		35 54 53 27 26 12 44 16 47 

CustId	Id	TypeId	Rotated	x	y	z	Length	Width	Height	mass	Fragility	LoadBearingStrength
47	146	1	0	0	0	0	8	7	6	254.56	0		9.781507
47	147	1	0	0	7	0	8	7	6	254.56	0		9.781507
47	148	1	0	0	14	0	8	7	6	254.56	0		9.781507
16	52	3	0	0	21	0	14	4	8	163.31	0		14.570134
16	53	3	1	0	0	6	14	4	8	163.31	0		14.570134
16	54	3	0	0	21	8	14	4	8	163.31	0		14.570134
16	50	2	1	0	0	14	11	3	7	228.75	1		18.654020
16	51	2	0	0	21	16	11	3	7	228.75	1		18.654020
44	139	3	1	4	0	6	14	4	8	163.31	0		14.570134
44	138	2	1	0	0	21	11	3	7	228.75	1		18.654020
12	38	3	1	3	0	14	14	4	8	163.31	0		14.570134
12	37	2	0	0	21	23	11	3	7	228.75	1		18.654020
26	82	1	0	0	14	6	8	7	6	254.56	0		9.781507
26	83	2	1	3	0	22	11	3	7	228.75	1		18.654020
26	84	2	0	8	0	0	11	3	7	228.75	1		18.654020
27	86	3	0	8	3	0	14	4	8	163.31	0		14.570134
27	87	3	0	8	7	0	14	4	8	163.31	0		14.570134
27	85	2	0	8	11	0	11	3	7	228.75	1		18.654020
53	170	1	0	0	14	12	8	7	6	254.56	0		9.781507
53	171	1	0	0	14	18	8	7	6	254.56	0		9.781507
53	172	2	0	8	14	0	11	3	7	228.75	1		18.654020
53	173	2	0	8	17	0	11	3	7	228.75	1		18.654020
53	174	2	0	8	0	7	11	3	7	228.75	1		18.654020
54	177	3	0	8	3	8	14	4	8	163.31	0		14.570134
54	178	3	0	8	7	8	14	4	8	163.31	0		14.570134
54	175	1	0	0	14	24	8	7	6	254.56	0		9.781507
54	176	2	0	7	0	14	11	3	7	228.75	1		18.654020
35	112	1	0	7	3	16	8	7	6	254.56	0		9.781507
35	113	2	1	6	0	22	11	3	7	228.75	1		18.654020


