Name:				139_n060_m200_bt3
Problem:			3L-VRPTW
Number_of_used_Vehicles:	5
Total_Travel_Distance:		695.77
Calculation_Time:		1043.55
Total_Iterations:		9476
ConstraintSet:			P1

-------------------------------------------------------------------------------------------------------------------
Tour_Id:			1
No_of_Customers:		16
No_of_Items:			48
Customer_Sequence:		4 53 25 58 9 30 21 48 44 42 17 59 16 45 46 23 

CustId	Id	TypeId	Rotated	x	y	z	Length	Width	Height	mass	Fragility	LoadBearingStrength
23	73	1	0	0	0	0	6	5	6	88.01	0		5.931288
23	74	1	0	0	5	0	6	5	6	88.01	0		5.931288
23	75	2	0	0	10	0	10	5	5	136.27	1		9.464272
46	152	3	0	0	15	0	14	5	8	457.16	0		114.202121
46	153	3	0	0	20	0	14	5	8	457.16	0		114.202121
46	151	2	0	0	10	5	10	5	5	136.27	1		9.464272
45	148	3	0	0	15	8	14	5	8	457.16	0		114.202121
45	149	3	0	0	20	8	14	5	8	457.16	0		114.202121
45	150	3	0	0	15	16	14	5	8	457.16	0		114.202121
45	147	1	0	0	0	6	6	5	6	88.01	0		5.931288
16	54	3	0	0	20	16	14	5	8	457.16	0		114.202121
16	52	1	0	0	5	6	6	5	6	88.01	0		5.931288
16	53	1	0	0	0	12	6	5	6	88.01	0		5.931288
59	198	3	0	6	0	0	14	5	8	457.16	0		114.202121
59	196	1	0	0	5	12	6	5	6	88.01	0		5.931288
59	197	2	0	0	10	10	10	5	5	136.27	1		9.464272
17	57	3	0	6	5	0	14	5	8	457.16	0		114.202121
17	55	2	0	0	10	15	10	5	5	136.27	1		9.464272
17	56	2	1	0	0	18	10	5	5	136.27	1		9.464272
42	136	1	0	0	15	24	6	5	6	88.01	0		5.931288
42	137	1	0	0	20	24	6	5	6	88.01	0		5.931288
42	138	1	0	6	0	8	6	5	6	88.01	0		5.931288
42	139	2	0	0	10	20	10	5	5	136.27	1		9.464272
44	146	3	0	6	5	8	14	5	8	457.16	0		114.202121
44	144	1	0	6	0	14	6	5	6	88.01	0		5.931288
44	145	2	1	0	0	23	10	5	5	136.27	1		9.464272
48	157	1	0	5	0	20	6	5	6	88.01	0		5.931288
48	158	1	0	6	5	16	6	5	6	88.01	0		5.931288
48	159	1	0	5	5	22	6	5	6	88.01	0		5.931288
21	69	3	0	10	10	0	14	5	8	457.16	0		114.202121
21	66	1	0	6	15	24	6	5	6	88.01	0		5.931288
21	67	1	0	6	20	24	6	5	6	88.01	0		5.931288
21	68	1	0	10	10	8	6	5	6	88.01	0		5.931288
30	100	3	0	14	15	0	14	5	8	457.16	0		114.202121
30	101	3	0	14	20	0	14	5	8	457.16	0		114.202121
9	28	1	0	10	10	14	6	5	6	88.01	0		5.931288
9	29	1	0	10	10	20	6	5	6	88.01	0		5.931288
58	194	3	0	14	15	8	14	5	8	457.16	0		114.202121
58	195	3	0	14	20	8	14	5	8	457.16	0		114.202121
25	80	3	0	14	15	16	14	5	8	457.16	0		114.202121
25	79	1	0	12	0	8	6	5	6	88.01	0		5.931288
53	177	3	0	14	20	16	14	5	8	457.16	0		114.202121
53	178	3	0	20	0	0	14	5	8	457.16	0		114.202121
53	174	1	0	12	0	14	6	5	6	88.01	0		5.931288
53	175	1	0	11	0	20	6	5	6	88.01	0		5.931288
53	176	2	0	12	5	16	10	5	5	136.27	1		9.464272
4	11	3	0	18	0	8	14	5	8	457.16	0		114.202121
4	12	3	0	18	0	16	14	5	8	457.16	0		114.202121


-------------------------------------------------------------------------------------------------------------------
Tour_Id:			2
No_of_Customers:		13
No_of_Items:			50
Customer_Sequence:		54 55 38 19 28 33 60 18 20 8 27 26 12 

CustId	Id	TypeId	Rotated	x	y	z	Length	Width	Height	mass	Fragility	LoadBearingStrength
12	38	3	0	0	0	0	14	5	8	457.16	0		114.202121
12	39	3	0	0	5	0	14	5	8	457.16	0		114.202121
12	40	3	0	0	10	0	14	5	8	457.16	0		114.202121
12	36	1	0	0	15	0	6	5	6	88.01	0		5.931288
12	37	1	0	0	20	0	6	5	6	88.01	0		5.931288
26	85	3	0	0	0	8	14	5	8	457.16	0		114.202121
26	81	1	0	0	15	6	6	5	6	88.01	0		5.931288
26	82	2	0	0	5	8	10	5	5	136.27	1		9.464272
26	83	2	0	0	10	8	10	5	5	136.27	1		9.464272
26	84	2	0	0	5	13	10	5	5	136.27	1		9.464272
27	90	3	0	0	0	16	14	5	8	457.16	0		114.202121
27	86	1	0	0	20	6	6	5	6	88.01	0		5.931288
27	87	1	0	0	15	12	6	5	6	88.01	0		5.931288
27	88	2	0	0	10	13	10	5	5	136.27	1		9.464272
27	89	2	0	0	5	18	10	5	5	136.27	1		9.464272
8	26	3	0	6	15	0	14	5	8	457.16	0		114.202121
8	27	3	0	6	20	0	14	5	8	457.16	0		114.202121
8	23	1	0	0	20	12	6	5	6	88.01	0		5.931288
8	24	2	0	0	10	18	10	5	5	136.27	1		9.464272
8	25	2	1	0	15	18	10	5	5	136.27	1		9.464272
20	65	3	0	6	15	8	14	5	8	457.16	0		114.202121
20	62	1	0	0	0	24	6	5	6	88.01	0		5.931288
20	63	1	0	6	20	8	6	5	6	88.01	0		5.931288
20	64	2	0	0	5	23	10	5	5	136.27	1		9.464272
18	58	2	0	0	10	23	10	5	5	136.27	1		9.464272
18	59	2	1	0	15	23	10	5	5	136.27	1		9.464272
60	200	3	0	6	15	16	14	5	8	457.16	0		114.202121
60	199	1	0	6	20	14	6	5	6	88.01	0		5.931288
33	113	3	0	14	0	0	14	5	8	457.16	0		114.202121
33	110	1	0	5	20	20	6	5	6	88.01	0		5.931288
33	111	2	0	6	0	24	10	5	5	136.27	1		9.464272
33	112	2	0	5	15	24	10	5	5	136.27	1		9.464272
28	94	3	0	14	5	0	14	5	8	457.16	0		114.202121
28	91	1	0	10	5	8	6	5	6	88.01	0		5.931288
28	92	2	0	12	20	8	10	5	5	136.27	1		9.464272
28	93	2	0	12	20	13	10	5	5	136.27	1		9.464272
19	61	3	0	14	10	0	14	5	8	457.16	0		114.202121
19	60	1	0	10	10	8	6	5	6	88.01	0		5.931288
38	127	3	0	16	0	8	14	5	8	457.16	0		114.202121
38	125	1	0	10	5	14	6	5	6	88.01	0		5.931288
38	126	2	0	12	20	18	10	5	5	136.27	1		9.464272
55	186	3	0	16	5	8	14	5	8	457.16	0		114.202121
55	187	3	0	16	10	8	14	5	8	457.16	0		114.202121
55	184	1	0	10	10	14	6	5	6	88.01	0		5.931288
55	185	2	1	10	5	20	10	5	5	136.27	1		9.464272
54	181	3	0	16	0	16	14	5	8	457.16	0		114.202121
54	182	3	0	16	5	16	14	5	8	457.16	0		114.202121
54	183	3	0	16	10	16	14	5	8	457.16	0		114.202121
54	179	1	0	15	5	24	6	5	6	88.01	0		5.931288
54	180	2	1	10	5	25	10	5	5	136.27	1		9.464272


-------------------------------------------------------------------------------------------------------------------
Tour_Id:			3
No_of_Customers:		9
No_of_Items:			33
Customer_Sequence:		31 2 57 1 56 43 47 29 52 

CustId	Id	TypeId	Rotated	x	y	z	Length	Width	Height	mass	Fragility	LoadBearingStrength
52	171	3	0	0	0	0	14	5	8	457.16	0		114.202121
52	172	3	0	0	5	0	14	5	8	457.16	0		114.202121
52	173	3	0	0	10	0	14	5	8	457.16	0		114.202121
52	170	2	0	0	15	0	10	5	5	136.27	1		9.464272
29	96	3	0	0	20	0	14	5	8	457.16	0		114.202121
29	97	3	0	0	0	8	14	5	8	457.16	0		114.202121
29	98	3	0	0	5	8	14	5	8	457.16	0		114.202121
29	99	3	0	0	10	8	14	5	8	457.16	0		114.202121
29	95	1	0	0	20	8	6	5	6	88.01	0		5.931288
47	154	1	0	0	0	16	6	5	6	88.01	0		5.931288
47	155	2	0	0	15	5	10	5	5	136.27	1		9.464272
47	156	2	0	0	15	10	10	5	5	136.27	1		9.464272
43	143	3	0	0	5	16	14	5	8	457.16	0		114.202121
43	140	1	0	0	20	14	6	5	6	88.01	0		5.931288
43	141	1	0	0	10	16	6	5	6	88.01	0		5.931288
43	142	2	0	0	15	15	10	5	5	136.27	1		9.464272
56	189	3	0	10	15	0	14	5	8	457.16	0		114.202121
56	190	3	0	10	15	8	14	5	8	457.16	0		114.202121
56	191	3	0	10	15	16	14	5	8	457.16	0		114.202121
56	188	1	0	0	20	20	6	5	6	88.01	0		5.931288
1	1	2	0	0	5	24	10	5	5	136.27	1		9.464272
1	2	2	0	6	20	8	10	5	5	136.27	1		9.464272
1	3	2	0	6	20	13	10	5	5	136.27	1		9.464272
1	4	2	0	6	0	16	10	5	5	136.27	1		9.464272
57	192	1	0	0	0	22	6	5	6	88.01	0		5.931288
57	193	2	0	6	10	16	10	5	5	136.27	1		9.464272
2	7	3	0	14	5	0	14	5	8	457.16	0		114.202121
2	8	3	0	14	5	8	14	5	8	457.16	0		114.202121
2	5	2	0	6	20	18	10	5	5	136.27	1		9.464272
2	6	2	0	6	0	21	10	5	5	136.27	1		9.464272
31	104	3	0	14	5	16	14	5	8	457.16	0		114.202121
31	102	2	0	6	10	21	10	5	5	136.27	1		9.464272
31	103	2	0	6	20	23	10	5	5	136.27	1		9.464272


-------------------------------------------------------------------------------------------------------------------
Tour_Id:			4
No_of_Customers:		12
No_of_Items:			40
Customer_Sequence:		39 11 37 36 15 51 49 7 13 22 32 50 

CustId	Id	TypeId	Rotated	x	y	z	Length	Width	Height	mass	Fragility	LoadBearingStrength
50	166	3	0	0	0	0	14	5	8	457.16	0		114.202121
50	167	3	0	0	5	0	14	5	8	457.16	0		114.202121
50	165	2	0	0	10	0	10	5	5	136.27	1		9.464272
32	107	3	0	0	15	0	14	5	8	457.16	0		114.202121
32	108	3	0	0	20	0	14	5	8	457.16	0		114.202121
32	109	3	0	0	0	8	14	5	8	457.16	0		114.202121
32	105	2	0	0	10	5	10	5	5	136.27	1		9.464272
32	106	2	0	0	5	8	10	5	5	136.27	1		9.464272
22	72	3	0	0	15	8	14	5	8	457.16	0		114.202121
22	70	1	0	0	20	8	6	5	6	88.01	0		5.931288
22	71	2	0	0	10	10	10	5	5	136.27	1		9.464272
13	41	1	0	0	20	14	6	5	6	88.01	0		5.931288
13	42	1	0	0	0	16	6	5	6	88.01	0		5.931288
13	43	1	0	0	15	16	6	5	6	88.01	0		5.931288
13	44	1	0	0	20	20	6	5	6	88.01	0		5.931288
13	45	2	0	0	5	13	10	5	5	136.27	1		9.464272
7	21	3	0	10	10	0	14	5	8	457.16	0		114.202121
7	22	3	0	10	10	8	14	5	8	457.16	0		114.202121
7	20	1	0	0	0	22	6	5	6	88.01	0		5.931288
49	163	3	0	10	10	16	14	5	8	457.16	0		114.202121
49	164	3	0	14	0	0	14	5	8	457.16	0		114.202121
49	160	1	0	0	15	22	6	5	6	88.01	0		5.931288
49	161	2	0	0	5	18	10	5	5	136.27	1		9.464272
49	162	2	0	0	5	23	10	5	5	136.27	1		9.464272
51	168	1	0	6	20	8	6	5	6	88.01	0		5.931288
51	169	2	0	6	0	16	10	5	5	136.27	1		9.464272
15	49	3	0	14	5	0	14	5	8	457.16	0		114.202121
15	50	3	0	10	5	8	14	5	8	457.16	0		114.202121
15	51	3	0	10	5	16	14	5	8	457.16	0		114.202121
15	48	1	0	6	20	14	6	5	6	88.01	0		5.931288
36	121	3	0	14	15	0	14	5	8	457.16	0		114.202121
36	120	2	0	6	15	16	10	5	5	136.27	1		9.464272
37	124	3	0	14	20	0	14	5	8	457.16	0		114.202121
37	122	1	0	6	20	20	6	5	6	88.01	0		5.931288
37	123	2	0	6	0	21	10	5	5	136.27	1		9.464272
11	35	3	0	12	20	8	14	5	8	457.16	0		114.202121
11	33	1	0	10	5	24	6	5	6	88.01	0		5.931288
11	34	2	0	6	15	21	10	5	5	136.27	1		9.464272
39	129	3	0	12	20	16	14	5	8	457.16	0		114.202121
39	128	2	0	10	10	24	10	5	5	136.27	1		9.464272


-------------------------------------------------------------------------------------------------------------------
Tour_Id:			5
No_of_Customers:		10
No_of_Items:			29
Customer_Sequence:		24 34 10 40 5 41 14 35 3 6 

CustId	Id	TypeId	Rotated	x	y	z	Length	Width	Height	mass	Fragility	LoadBearingStrength
6	18	3	0	0	0	0	14	5	8	457.16	0		114.202121
6	19	3	0	0	5	0	14	5	8	457.16	0		114.202121
6	16	1	0	0	10	0	6	5	6	88.01	0		5.931288
6	17	2	0	0	15	0	10	5	5	136.27	1		9.464272
3	10	3	0	0	20	0	14	5	8	457.16	0		114.202121
3	9	2	0	0	15	5	10	5	5	136.27	1		9.464272
35	118	1	0	0	10	6	6	5	6	88.01	0		5.931288
35	119	1	0	0	0	8	6	5	6	88.01	0		5.931288
14	47	3	0	0	5	8	14	5	8	457.16	0		114.202121
14	46	2	0	0	20	8	10	5	5	136.27	1		9.464272
41	132	1	0	0	10	12	6	5	6	88.01	0		5.931288
41	133	1	0	0	0	14	6	5	6	88.01	0		5.931288
41	134	1	0	0	5	16	6	5	6	88.01	0		5.931288
41	135	2	0	0	15	10	10	5	5	136.27	1		9.464272
5	14	3	0	6	10	0	14	5	8	457.16	0		114.202121
5	15	3	0	6	10	8	14	5	8	457.16	0		114.202121
5	13	1	0	0	10	18	6	5	6	88.01	0		5.931288
40	131	3	0	6	10	16	14	5	8	457.16	0		114.202121
40	130	2	0	0	20	13	10	5	5	136.27	1		9.464272
10	31	3	0	10	15	0	14	5	8	457.16	0		114.202121
10	32	3	0	10	15	8	14	5	8	457.16	0		114.202121
10	30	2	0	0	15	15	10	5	5	136.27	1		9.464272
34	116	3	0	10	15	16	14	5	8	457.16	0		114.202121
34	117	3	0	14	0	0	14	5	8	457.16	0		114.202121
34	114	1	0	0	0	20	6	5	6	88.01	0		5.931288
34	115	1	0	0	5	22	6	5	6	88.01	0		5.931288
24	77	3	0	6	0	8	14	5	8	457.16	0		114.202121
24	78	3	0	6	0	16	14	5	8	457.16	0		114.202121
24	76	2	0	0	20	18	10	5	5	136.27	1		9.464272


