Name:				143_n060_m200_bt10
Problem:			3L-VRPTW
Number_of_used_Vehicles:	4
Total_Travel_Distance:		587.06
Calculation_Time:		3600.00
Total_Iterations:		453
ConstraintSet:			P1

-------------------------------------------------------------------------------------------------------------------
Tour_Id:			1
No_of_Customers:		10
No_of_Items:			31
Customer_Sequence:		53 47 4 58 30 41 33 6 23 14 

CustId	Id	TypeId	Rotated	x	y	z	Length	Width	Height	mass	Fragility	LoadBearingStrength
14	47	4	0	0	0	0	11	6	6	116.62	0		6.333622
14	48	10	0	0	6	0	15	2	6	104.38	0		50.991222
14	46	3	0	0	8	0	17	6	8	268.34	1		16.561874
23	76	2	0	0	14	0	11	5	6	102.37	0		22.463061
23	77	2	0	0	19	0	11	5	6	102.37	0		22.463061
23	78	2	0	0	0	6	11	5	6	102.37	0		22.463061
23	79	7	0	0	14	6	11	7	6	209.66	1		3.664384
23	80	7	0	0	14	12	11	7	6	209.66	1		3.664384
6	21	5	0	11	0	0	16	6	8	344.68	0		9.156027
6	20	1	0	0	21	6	11	4	6	49.49	0		6.159032
33	113	2	0	0	0	12	11	5	6	102.37	0		22.463061
33	112	1	0	0	21	12	11	4	6	49.49	0		6.159032
33	114	3	0	0	8	8	17	6	8	268.34	1		16.561874
33	115	3	0	0	8	16	17	6	8	268.34	1		16.561874
41	141	5	0	11	14	0	16	6	8	344.68	0		9.156027
41	140	3	0	11	0	8	17	6	8	268.34	1		16.561874
30	102	5	0	11	14	8	16	6	8	344.68	0		9.156027
30	103	9	0	11	14	16	14	7	7	116.97	0		13.959498
30	104	10	0	0	6	6	15	2	6	104.38	0		50.991222
58	192	2	0	0	0	18	11	5	6	102.37	0		22.463061
58	193	2	0	0	0	24	11	5	6	102.37	0		22.463061
58	194	10	0	0	6	12	15	2	6	104.38	0		50.991222
4	13	5	0	17	6	0	16	6	8	344.68	0		9.156027
4	12	2	0	11	14	23	11	5	6	102.37	0		22.463061
4	14	7	0	0	8	24	11	7	6	209.66	1		3.664384
47	159	6	0	17	6	8	6	6	8	185.90	0		37.806085
47	158	1	0	0	21	18	11	4	6	49.49	0		6.159032
53	180	6	0	17	6	16	6	6	8	185.90	0		37.806085
53	181	8	0	23	6	8	6	6	8	129.01	0		6.880305
53	182	10	0	0	6	18	15	2	6	104.38	0		50.991222
53	179	3	0	11	0	16	17	6	8	268.34	1		16.561874


-------------------------------------------------------------------------------------------------------------------
Tour_Id:			2
No_of_Customers:		20
No_of_Items:			67
Customer_Sequence:		42 31 32 45 48 51 36 59 21 19 38 10 57 60 49 43 52 29 18 35 

CustId	Id	TypeId	Rotated	x	y	z	Length	Width	Height	mass	Fragility	LoadBearingStrength
35	120	4	0	0	0	0	11	6	6	116.62	0		6.333622
35	121	4	0	0	6	0	11	6	6	116.62	0		6.333622
35	122	8	0	0	12	0	6	6	8	129.01	0		6.880305
35	123	10	0	0	18	0	15	2	6	104.38	0		50.991222
18	60	5	0	6	12	0	16	6	8	344.68	0		9.156027
18	59	4	0	0	0	6	11	6	6	116.62	0		6.333622
18	61	6	0	0	6	6	6	6	8	185.90	0		37.806085
29	101	9	0	0	12	8	14	7	7	116.97	0		13.959498
29	98	6	0	0	0	12	6	6	8	185.90	0		37.806085
29	99	7	0	0	12	15	11	7	6	209.66	1		3.664384
29	100	7	0	0	12	21	11	7	6	209.66	1		3.664384
52	176	4	0	11	0	0	11	6	6	116.62	0		6.333622
52	174	1	0	0	20	0	11	4	6	49.49	0		6.159032
52	178	10	0	0	19	6	15	2	6	104.38	0		50.991222
52	175	3	0	11	6	0	17	6	8	268.34	1		16.561874
10	34	8	0	0	6	14	6	6	8	129.01	0		6.880305
43	146	4	0	11	0	6	11	6	6	116.62	0		6.333622
43	147	10	0	0	19	12	15	2	6	104.38	0		50.991222
49	164	6	0	0	0	20	6	6	8	185.90	0		37.806085
49	165	8	0	6	0	12	6	6	8	129.01	0		6.880305
49	163	1	0	0	21	6	11	4	6	49.49	0		6.159032
60	199	9	0	15	18	0	14	7	7	116.97	0		13.959498
60	200	9	0	15	18	7	14	7	7	116.97	0		13.959498
60	198	8	0	6	0	20	6	6	8	129.01	0		6.880305
19	65	10	0	0	19	18	15	2	6	104.38	0		50.991222
57	190	4	0	12	0	12	11	6	6	116.62	0		6.333622
57	191	8	0	12	0	18	6	6	8	129.01	0		6.880305
10	33	5	0	22	12	0	16	6	8	344.68	0		9.156027
52	177	7	1	14	6	8	11	7	6	209.66	1		3.664384
10	32	1	0	22	12	8	11	4	6	49.49	0		6.159032
38	130	6	0	0	6	22	6	6	8	185.90	0		37.806085
38	132	8	0	18	0	18	6	6	8	129.01	0		6.880305
38	131	7	1	14	6	14	11	7	6	209.66	1		3.664384
19	64	9	0	15	18	14	14	7	7	116.97	0		13.959498
59	195	7	1	14	6	20	11	7	6	209.66	1		3.664384
19	63	6	0	15	18	21	6	6	8	185.90	0		37.806085
60	197	7	0	28	0	0	11	7	6	209.66	1		3.664384
48	162	10	0	21	16	8	15	2	6	104.38	0		50.991222
21	69	6	0	21	18	21	6	6	8	185.90	0		37.806085
21	70	10	0	28	7	0	15	2	6	104.38	0		50.991222
59	196	10	0	28	9	0	15	2	6	104.38	0		50.991222
19	62	2	0	29	18	0	11	5	6	102.37	0		22.463061
36	124	4	0	29	18	6	11	6	6	116.62	0		6.333622
36	126	8	0	29	18	12	6	6	8	129.01	0		6.880305
36	125	7	0	28	0	6	11	7	6	209.66	1		3.664384
51	172	8	0	29	18	20	6	6	8	129.01	0		6.880305
51	173	10	0	28	7	6	15	2	6	104.38	0		50.991222
51	170	7	0	28	0	12	11	7	6	209.66	1		3.664384
51	171	7	0	28	0	18	11	7	6	209.66	1		3.664384
48	160	8	0	22	12	14	6	6	8	129.01	0		6.880305
48	161	8	0	22	12	22	6	6	8	129.01	0		6.880305
21	68	6	0	38	12	0	6	6	8	185.90	0		37.806085
45	153	4	0	39	0	0	11	6	6	116.62	0		6.333622
45	151	2	0	39	0	6	11	5	6	102.37	0		22.463061
45	154	10	0	28	9	6	15	2	6	104.38	0		50.991222
45	152	3	0	40	18	0	17	6	8	268.34	1		16.561874
32	109	2	0	28	7	12	11	5	6	102.37	0		22.463061
32	110	2	0	28	7	18	11	5	6	102.37	0		22.463061
32	111	6	0	28	12	14	6	6	8	185.90	0		37.806085
32	108	1	0	28	7	24	11	4	6	49.49	0		6.159032
31	107	4	0	39	0	12	11	6	6	116.62	0		6.333622
31	106	2	0	39	0	18	11	5	6	102.37	0		22.463061
31	105	1	0	39	0	24	11	4	6	49.49	0		6.159032
42	142	5	0	43	6	0	16	6	8	344.68	0		9.156027
42	143	5	0	43	6	8	16	6	8	344.68	0		9.156027
42	145	9	0	43	6	16	14	7	7	116.97	0		13.959498
42	144	6	0	28	12	22	6	6	8	185.90	0		37.806085


-------------------------------------------------------------------------------------------------------------------
Tour_Id:			3
No_of_Customers:		12
No_of_Items:			44
Customer_Sequence:		22 37 39 26 15 50 13 3 7 25 2 28 

CustId	Id	TypeId	Rotated	x	y	z	Length	Width	Height	mass	Fragility	LoadBearingStrength
28	97	8	0	0	0	0	6	6	8	129.01	0		6.880305
28	96	1	0	0	6	0	11	4	6	49.49	0		6.159032
2	7	4	0	0	10	0	11	6	6	116.62	0		6.333622
2	6	2	0	0	16	0	11	5	6	102.37	0		22.463061
2	8	7	0	0	6	6	11	7	6	209.66	1		3.664384
25	85	4	0	0	13	6	11	6	6	116.62	0		6.333622
25	84	3	1	0	6	12	17	6	8	268.34	1		16.561874
25	86	7	1	0	6	20	11	7	6	209.66	1		3.664384
25	87	7	0	11	0	0	11	7	6	209.66	1		3.664384
25	88	7	0	11	7	0	11	7	6	209.66	1		3.664384
7	22	2	0	11	14	0	11	5	6	102.37	0		22.463061
7	26	8	0	0	0	8	6	6	8	129.01	0		6.880305
7	23	3	0	11	19	0	17	6	8	268.34	1		16.561874
7	24	7	0	11	0	6	11	7	6	209.66	1		3.664384
7	25	7	0	11	7	6	11	7	6	209.66	1		3.664384
3	11	4	0	22	0	0	11	6	6	116.62	0		6.333622
3	9	2	0	11	14	6	11	5	6	102.37	0		22.463061
3	10	3	1	7	0	12	17	6	8	268.34	1		16.561874
13	44	5	0	22	6	0	16	6	8	344.68	0		9.156027
13	43	3	1	7	0	20	17	6	8	268.34	1		16.561874
13	45	7	0	13	0	12	11	7	6	209.66	1		3.664384
50	166	6	0	22	12	0	6	6	8	185.90	0		37.806085
50	168	8	0	22	7	8	6	6	8	129.01	0		6.880305
50	169	10	0	6	17	12	15	2	6	104.38	0		50.991222
50	167	7	0	13	0	18	11	7	6	209.66	1		3.664384
15	49	6	0	22	13	8	6	6	8	185.90	0		37.806085
15	52	10	0	6	17	18	15	2	6	104.38	0		50.991222
15	50	7	0	13	0	24	11	7	6	209.66	1		3.664384
15	51	7	1	21	7	16	11	7	6	209.66	1		3.664384
26	89	2	0	28	12	0	11	5	6	102.37	0		22.463061
26	90	8	0	28	17	0	6	6	8	129.01	0		6.880305
26	91	8	0	28	7	8	6	6	8	129.01	0		6.880305
39	136	9	0	34	17	0	14	7	7	116.97	0		13.959498
39	135	8	0	28	17	8	6	6	8	129.01	0		6.880305
39	133	1	0	28	13	6	11	4	6	49.49	0		6.159032
39	134	7	1	21	7	22	11	7	6	209.66	1		3.664384
37	127	5	1	28	7	16	16	6	8	344.68	0		9.156027
37	129	9	0	34	17	7	14	7	7	116.97	0		13.959498
37	128	6	0	33	0	0	6	6	8	185.90	0		37.806085
22	75	9	0	34	17	14	14	7	7	116.97	0		13.959498
22	71	6	0	33	0	8	6	6	8	185.90	0		37.806085
22	74	8	0	33	0	16	6	6	8	129.01	0		6.880305
22	72	7	1	28	7	24	11	7	6	209.66	1		3.664384
22	73	7	0	39	0	0	11	7	6	209.66	1		3.664384


-------------------------------------------------------------------------------------------------------------------
Tour_Id:			4
No_of_Customers:		18
No_of_Items:			58
Customer_Sequence:		9 24 5 54 40 16 55 46 8 34 20 17 12 44 1 56 11 27 

CustId	Id	TypeId	Rotated	x	y	z	Length	Width	Height	mass	Fragility	LoadBearingStrength
27	94	5	0	0	0	0	16	6	8	344.68	0		9.156027
27	95	9	0	0	6	0	14	7	7	116.97	0		13.959498
27	92	2	0	0	13	0	11	5	6	102.37	0		22.463061
27	93	3	0	0	18	0	17	6	8	268.34	1		16.561874
11	36	4	0	0	6	7	11	6	6	116.62	0		6.333622
11	35	3	0	0	0	8	17	6	8	268.34	1		16.561874
11	37	7	0	0	18	8	11	7	6	209.66	1		3.664384
56	189	8	0	0	6	13	6	6	8	129.01	0		6.880305
56	187	7	0	0	18	14	11	7	6	209.66	1		3.664384
56	188	7	0	0	18	20	11	7	6	209.66	1		3.664384
1	3	5	0	14	6	0	16	6	8	344.68	0		9.156027
1	1	2	0	0	13	6	11	5	6	102.37	0		22.463061
1	4	6	0	0	12	12	6	6	8	185.90	0		37.806085
1	5	6	0	0	12	20	6	6	8	185.90	0		37.806085
1	2	3	0	0	0	16	17	6	8	268.34	1		16.561874
44	148	2	0	11	13	0	11	5	6	102.37	0		22.463061
44	150	8	0	0	6	21	6	6	8	129.01	0		6.880305
44	149	3	0	11	6	8	17	6	8	268.34	1		16.561874
12	42	5	0	17	0	0	16	6	8	344.68	0		9.156027
12	41	4	0	17	18	0	11	6	6	116.62	0		6.333622
12	39	2	0	11	13	6	11	5	6	102.37	0		22.463061
12	38	1	0	6	12	12	11	4	6	49.49	0		6.159032
12	40	3	0	11	6	16	17	6	8	268.34	1		16.561874
17	58	9	0	28	12	0	14	7	7	116.97	0		13.959498
17	56	6	0	17	18	6	6	6	8	185.90	0		37.806085
17	57	7	0	6	0	24	11	7	6	209.66	1		3.664384
20	66	3	0	17	0	8	17	6	8	268.34	1		16.561874
20	67	7	0	28	12	7	11	7	6	209.66	1		3.664384
34	119	9	0	34	0	0	14	7	7	116.97	0		13.959498
46	157	8	0	17	18	14	6	6	8	129.01	0		6.880305
34	118	8	0	28	19	0	6	6	8	129.01	0		6.880305
34	117	3	0	17	0	16	17	6	8	268.34	1		16.561874
8	29	9	0	34	0	7	14	7	7	116.97	0		13.959498
8	27	6	0	34	19	0	6	6	8	185.90	0		37.806085
8	28	7	0	17	0	24	11	7	6	209.66	1		3.664384
46	155	4	0	28	19	8	11	6	6	116.62	0		6.333622
46	156	4	0	28	19	14	11	6	6	116.62	0		6.333622
34	116	2	0	6	12	18	11	5	6	102.37	0		22.463061
55	185	2	0	6	12	24	11	5	6	102.37	0		22.463061
40	137	4	0	28	19	20	11	6	6	116.62	0		6.333622
16	54	5	0	34	0	14	16	6	8	344.68	0		9.156027
16	53	2	0	30	7	0	11	5	6	102.37	0		22.463061
16	55	7	0	28	12	13	11	7	6	209.66	1		3.664384
55	186	7	0	42	12	0	11	7	6	209.66	1		3.664384
40	138	8	0	17	18	22	6	6	8	129.01	0		6.880305
40	139	10	0	34	0	22	15	2	6	104.38	0		50.991222
54	184	5	0	40	19	0	16	6	8	344.68	0		9.156027
54	183	3	0	39	19	8	17	6	8	268.34	1		16.561874
5	18	9	1	53	0	0	14	7	7	116.97	0		13.959498
5	16	2	0	30	7	6	11	5	6	102.37	0		22.463061
5	15	1	0	28	7	12	11	4	6	49.49	0		6.159032
5	19	10	0	34	2	22	15	2	6	104.38	0		50.991222
5	17	3	0	39	19	16	17	6	8	268.34	1		16.561874
24	83	5	1	53	0	7	16	6	8	344.68	0		9.156027
24	81	1	0	28	6	18	11	4	6	49.49	0		6.159032
24	82	3	1	53	0	15	17	6	8	268.34	1		16.561874
9	30	1	0	28	6	24	11	4	6	49.49	0		6.159032
9	31	7	1	53	0	23	11	7	6	209.66	1		3.664384


