Name:				146_n060_m200_bt100
Problem:			3L-VRPTW
Number_of_used_Vehicles:	5
Total_Travel_Distance:		748.65
Calculation_Time:		3600.00
Total_Iterations:		8270
ConstraintSet:			P1

-------------------------------------------------------------------------------------------------------------------
Tour_Id:			1
No_of_Customers:		14
No_of_Items:			39
Customer_Sequence:		49 59 50 40 5 57 4 17 15 31 1 9 60 55 

CustId	Id	TypeId	Rotated	x	y	z	Length	Width	Height	mass	Fragility	LoadBearingStrength
55	184	77	0	0	0	0	10	5	7	322.97	0		216.473555
55	183	60	0	0	5	0	11	7	4	342.68	0		87.658164
60	198	13	0	0	12	0	16	4	8	331.86	0		29.251593
60	199	83	0	0	16	0	17	5	5	291.72	0		134.074714
60	200	84	0	0	21	0	16	4	4	126.99	0		17.352575
9	28	94	0	0	16	5	15	6	5	386.78	0		33.533914
9	27	93	0	0	5	4	6	3	3	47.84	1		10.526055
1	1	30	0	0	16	10	7	6	5	105.42	0		11.358181
1	2	50	0	0	8	4	9	3	7	91.51	0		19.567284
31	103	55	0	0	0	7	9	5	6	180.79	0		12.440462
31	102	21	0	0	22	4	7	2	6	41.08	0		16.344905
15	44	48	0	0	11	8	16	4	6	297.67	0		26.499072
15	45	99	0	0	0	13	8	5	7	142.41	0		44.056991
15	43	33	0	0	22	10	9	2	4	64.49	0		171.784253
17	51	13	0	0	11	14	16	4	8	331.86	0		29.251593
17	53	40	0	0	11	22	13	5	4	444.19	0		76.966586
17	54	62	0	0	15	15	6	4	7	149.75	0		40.525360
17	52	32	0	11	0	0	13	6	5	288.84	1		5.378421
4	12	15	0	0	0	20	10	4	4	131.76	0		100.406178
4	14	80	0	10	0	5	12	7	5	242.27	1		5.314669
4	13	41	0	0	8	11	11	2	4	87.69	1		17.223876
57	190	83	0	16	7	0	17	5	5	291.72	0		134.074714
57	189	54	0	17	12	0	8	7	6	156.52	0		29.402030
57	188	29	0	7	16	10	6	6	7	182.55	0		20.635367
5	15	21	0	0	22	14	7	2	6	41.08	0		16.344905
5	16	93	0	0	16	22	6	3	3	47.84	1		10.526055
40	132	24	0	16	7	5	15	5	5	356.77	0		109.033597
40	134	45	0	0	0	24	8	4	6	166.35	0		15.625781
40	133	42	0	9	22	4	9	3	8	115.16	1		3.448385
50	170	82	0	24	0	0	17	6	8	544.47	0		18.786868
50	168	13	0	16	7	10	16	4	8	331.86	0		29.251593
50	169	59	0	0	11	26	8	5	4	102.20	0		42.003125
59	197	45	0	6	16	17	8	4	6	166.35	0		15.625781
59	196	28	0	0	22	20	6	2	5	46.83	0		84.969649
49	164	24	0	16	7	18	15	5	5	356.77	0		109.033597
49	163	3	0	16	12	6	8	6	4	171.38	0		118.425379
49	165	45	0	6	16	23	8	4	6	166.35	0		15.625781
49	167	97	0	14	15	10	7	3	6	90.89	0		32.006411
49	166	93	0	0	16	25	6	3	3	47.84	1		10.526055


-------------------------------------------------------------------------------------------------------------------
Tour_Id:			2
No_of_Customers:		9
No_of_Items:			33
Customer_Sequence:		23 35 24 43 29 6 25 8 3 

CustId	Id	TypeId	Rotated	x	y	z	Length	Width	Height	mass	Fragility	LoadBearingStrength
3	10	80	0	0	0	0	12	7	5	242.27	1		5.314669
3	11	80	0	0	7	0	12	7	5	242.27	1		5.314669
3	8	5	0	0	14	0	10	3	8	168.48	1		8.334054
3	9	58	0	0	17	0	7	3	7	65.80	1		5.534573
8	24	29	0	7	17	0	6	6	7	182.55	0		20.635367
8	26	70	0	12	0	0	10	5	5	114.31	0		11.586919
8	25	33	0	0	23	0	9	2	4	64.49	0		171.784253
25	83	38	0	12	5	0	17	5	5	386.36	0		13.952803
25	84	84	0	12	10	0	16	4	4	126.99	0		17.352575
25	82	17	0	7	17	7	8	3	6	112.58	0		24.278554
25	85	96	0	0	0	5	13	4	5	104.55	1		3.839972
6	18	29	0	12	4	5	6	6	7	182.55	0		20.635367
6	17	17	0	7	20	7	8	3	6	112.58	0		24.278554
29	97	36	0	9	23	0	16	2	8	116.51	0		15.143937
29	96	33	0	0	23	4	9	2	4	64.49	0		171.784253
29	95	16	0	0	0	10	10	4	7	547.99	1		12.966043
43	144	83	0	12	10	4	17	5	5	291.72	0		134.074714
43	143	53	0	12	10	9	15	6	4	326.72	0		83.636619
43	145	87	0	7	17	13	10	6	5	168.18	0		20.314656
43	142	15	0	7	17	18	10	4	4	131.76	0		100.406178
43	146	97	0	7	17	22	7	3	6	90.89	0		32.006411
24	81	27	0	12	10	13	17	6	7	895.76	0		34.471454
24	80	2	0	12	10	20	11	3	7	91.05	0		49.520565
35	116	31	0	17	16	0	16	6	8	1257.23	0		67.024575
35	120	85	0	17	16	8	11	5	8	260.75	0		47.087649
35	117	48	0	12	13	20	16	4	6	297.67	0		26.499072
35	118	76	0	12	4	12	6	4	7	77.13	0		35.246974
35	119	80	0	29	0	0	12	7	5	242.27	1		5.314669
23	78	77	0	17	17	16	10	5	7	322.97	0		216.473555
23	76	36	0	0	23	8	16	2	8	116.51	0		15.143937
23	75	15	0	12	13	26	10	4	4	131.76	0		100.406178
23	79	92	0	17	17	23	8	6	7	289.49	1		13.471908
23	77	41	0	0	23	16	11	2	4	87.69	1		17.223876


-------------------------------------------------------------------------------------------------------------------
Tour_Id:			3
No_of_Customers:		15
No_of_Items:			55
Customer_Sequence:		11 30 44 37 33 46 58 34 7 52 45 26 16 21 48 

CustId	Id	TypeId	Rotated	x	y	z	Length	Width	Height	mass	Fragility	LoadBearingStrength
48	160	12	0	0	0	0	17	6	7	506.73	0		30.196598
48	161	44	0	0	6	0	11	4	7	264.02	0		84.676975
48	162	57	0	0	10	0	8	4	6	167.13	0		20.281064
21	70	78	0	0	14	0	16	6	5	310.50	0		15.407113
21	69	68	0	0	14	5	11	6	7	312.81	0		108.784244
21	67	3	0	0	0	7	8	6	4	171.38	0		118.425379
21	68	21	0	0	20	0	7	2	6	41.08	0		16.344905
21	66	1	0	0	10	6	7	4	6	52.70	1		4.475652
16	49	60	0	0	14	12	11	7	4	342.68	0		87.658164
16	46	3	0	0	0	11	8	6	4	171.38	0		118.425379
16	48	14	0	0	22	0	12	2	6	94.64	0		18.586766
16	50	81	0	0	21	6	13	3	8	220.73	1		18.141732
16	47	11	0	0	6	7	14	2	7	128.42	1		48.107924
26	88	53	0	11	8	0	15	6	4	326.72	0		83.636619
26	87	51	0	0	0	15	10	6	6	217.36	1		7.302556
26	86	1	0	0	10	12	7	4	6	52.70	1		4.475652
45	149	70	0	0	14	16	10	5	5	114.31	0		11.586919
45	150	93	0	0	21	14	6	3	3	47.84	1		10.526055
52	174	44	0	0	14	21	11	4	7	264.02	0		84.676975
52	176	89	0	11	8	4	12	3	8	183.08	0		15.409921
52	175	70	0	16	14	0	10	5	5	114.31	0		11.586919
7	20	31	0	11	14	5	16	6	8	1257.23	0		67.024575
7	22	79	0	11	14	13	14	4	7	137.80	0		11.001542
7	23	89	0	8	11	4	12	3	8	183.08	0		15.409921
7	21	71	0	7	10	12	10	3	6	89.37	0		26.685121
7	19	16	0	0	10	18	10	4	7	547.99	1		12.966043
34	115	84	0	11	14	20	16	4	4	126.99	0		17.352575
34	114	29	0	10	0	7	6	6	7	182.55	0		20.635367
34	112	2	0	13	20	0	11	3	7	91.05	0		49.520565
34	113	22	0	11	14	24	11	4	5	122.05	0		14.419153
58	193	53	0	17	0	0	15	6	4	326.72	0		83.636619
58	194	84	0	17	0	4	16	4	4	126.99	0		17.352575
58	195	84	0	16	0	8	16	4	4	126.99	0		17.352575
58	191	29	0	10	0	14	6	6	7	182.55	0		20.635367
58	192	33	0	0	19	16	9	2	4	64.49	0		171.784253
46	154	95	0	10	0	21	7	6	8	435.91	0		26.083820
46	152	87	0	26	6	0	10	6	5	168.18	0		20.314656
46	153	89	0	13	20	7	12	3	8	183.08	0		15.409921
46	151	32	0	23	6	5	13	6	5	288.84	1		5.378421
33	110	66	0	17	0	12	17	4	6	569.31	0		28.639557
33	109	65	0	27	12	0	14	6	4	161.46	0		16.459424
33	108	36	0	11	8	12	16	2	8	116.51	0		15.143937
33	111	76	0	10	10	18	6	4	7	77.13	0		35.246974
37	124	3	0	27	18	0	8	6	4	171.38	0		118.425379
37	127	73	0	13	20	15	9	4	4	55.90	0		24.261100
37	126	19	0	13	20	19	10	3	3	53.37	0		15.844997
37	125	4	0	0	10	25	9	4	5	173.94	1		20.596789
44	147	35	0	27	12	4	10	7	4	142.71	0		20.578659
44	148	37	0	17	0	18	8	5	8	246.68	1		39.808207
30	98	13	0	34	0	0	16	4	8	331.86	0		29.251593
30	100	59	0	25	0	18	8	5	4	102.20	0		42.003125
30	99	51	0	27	12	8	10	6	6	217.36	1		7.302556
30	101	81	0	13	20	22	13	3	8	220.73	1		18.141732
11	32	25	0	36	4	0	13	6	7	315.77	0		21.902223
11	33	88	0	25	0	22	6	5	6	68.73	0		61.435325


-------------------------------------------------------------------------------------------------------------------
Tour_Id:			4
No_of_Customers:		12
No_of_Items:			40
Customer_Sequence:		41 36 42 51 10 27 20 38 18 39 47 22 

CustId	Id	TypeId	Rotated	x	y	z	Length	Width	Height	mass	Fragility	LoadBearingStrength
22	71	13	0	0	0	0	16	4	8	331.86	0		29.251593
22	74	98	0	0	4	0	16	7	4	215.86	0		103.906140
22	73	36	0	0	11	0	16	2	8	116.51	0		15.143937
22	72	21	0	0	13	0	7	2	6	41.08	0		16.344905
47	159	98	0	0	15	0	16	7	4	215.86	0		103.906140
47	156	50	0	0	22	0	9	3	7	91.51	0		19.567284
47	157	71	0	0	4	4	10	3	6	89.37	0		26.685121
47	158	92	0	0	15	4	8	6	7	289.49	1		13.471908
47	155	4	0	0	7	4	9	4	5	173.94	1		20.596789
39	131	31	0	16	0	0	16	6	8	1257.23	0		67.024575
39	130	15	0	0	0	8	10	4	4	131.76	0		100.406178
18	58	68	0	10	0	8	11	6	7	312.81	0		108.784244
18	56	9	0	9	22	0	17	3	6	363.48	0		33.947822
18	55	3	0	8	15	4	8	6	4	171.38	0		118.425379
18	57	34	0	10	0	15	12	6	3	292.58	1		23.799108
38	129	50	0	0	22	7	9	3	7	91.51	0		19.567284
38	128	4	0	0	7	9	9	4	5	173.94	1		20.596789
20	64	27	0	16	6	0	17	6	7	895.76	0		34.471454
20	63	13	0	16	12	0	16	4	8	331.86	0		29.251593
20	65	35	1	8	11	8	10	7	4	142.71	0		20.578659
27	90	69	0	16	16	0	15	6	4	231.36	0		107.012641
27	91	75	1	8	11	12	11	5	6	139.59	0		43.120281
27	92	84	0	16	16	4	16	4	4	126.99	0		17.352575
27	89	62	0	8	11	18	6	4	7	149.75	0		40.525360
10	30	83	0	15	11	8	17	5	5	291.72	0		134.074714
10	31	99	1	8	15	18	8	5	7	142.41	0		44.056991
10	29	20	1	8	11	25	14	2	4	100.49	0		129.490760
51	171	30	0	15	11	13	7	6	5	105.42	0		11.358181
51	172	33	1	10	11	25	9	2	4	64.49	0		171.784253
51	173	51	0	10	0	18	10	6	6	217.36	1		7.302556
42	140	61	0	16	6	7	17	5	5	350.52	0		28.943936
42	137	3	0	14	11	18	8	6	4	171.38	0		118.425379
42	138	34	0	10	0	24	12	6	3	292.58	1		23.799108
42	139	41	0	0	7	14	11	2	4	87.69	1		17.223876
42	141	93	0	0	22	14	6	3	3	47.84	1		10.526055
36	121	64	0	14	11	22	9	5	4	104.46	0		43.109264
36	122	91	0	16	6	12	13	5	8	510.06	1		25.512825
36	123	92	0	22	11	13	8	6	7	289.49	1		13.471908
41	135	27	0	32	0	0	17	6	7	895.76	0		34.471454
41	136	49	0	22	0	8	10	5	6	240.39	0		28.134380


-------------------------------------------------------------------------------------------------------------------
Tour_Id:			5
No_of_Customers:		10
No_of_Items:			33
Customer_Sequence:		54 19 12 28 56 13 53 2 14 32 

CustId	Id	TypeId	Rotated	x	y	z	Length	Width	Height	mass	Fragility	LoadBearingStrength
32	106	69	0	0	0	0	15	6	4	231.36	0		107.012641
32	107	77	0	0	6	0	10	5	7	322.97	0		216.473555
32	104	19	0	0	11	0	10	3	3	53.37	0		15.844997
32	105	33	0	0	14	0	9	2	4	64.49	0		171.784253
14	42	79	0	0	16	0	14	4	7	137.80	0		11.001542
14	41	50	0	0	20	0	9	3	7	91.51	0		19.567284
14	40	42	0	0	11	3	9	3	8	115.16	1		3.448385
2	7	77	0	0	0	4	10	5	7	322.97	0		216.473555
2	3	3	0	0	16	7	8	6	4	171.38	0		118.425379
2	5	59	0	0	5	7	8	5	4	102.20	0		42.003125
2	4	20	0	0	23	0	14	2	4	100.49	0		129.490760
2	6	63	0	0	0	11	6	5	7	76.02	1		3.274675
53	178	56	0	10	6	0	11	6	5	291.67	0		35.264881
53	177	15	0	0	5	11	10	4	4	131.76	0		100.406178
13	38	74	0	10	6	5	12	5	8	390.35	0		34.237639
13	36	9	0	9	20	0	17	3	6	363.48	0		33.947822
13	37	35	0	21	0	0	10	7	4	142.71	0		20.578659
13	39	90	0	9	20	6	14	3	3	117.12	0		29.230458
56	187	70	0	0	16	11	10	5	5	114.31	0		11.586919
56	186	45	0	0	5	15	8	4	6	166.35	0		15.625781
56	185	26	0	0	14	4	6	2	5	86.23	0		69.699954
28	94	78	0	31	0	0	16	6	5	310.50	0		15.407113
28	93	32	0	10	6	13	13	6	5	288.84	1		5.378421
12	34	53	0	31	6	0	15	6	4	326.72	0		83.636619
12	35	63	0	0	16	16	6	5	7	76.02	1		3.274675
19	61	74	0	14	12	0	12	5	8	390.35	0		34.237639
19	59	18	0	26	12	0	9	7	5	94.72	0		52.031704
19	60	40	0	14	12	8	13	5	4	444.19	0		76.966586
19	62	90	0	14	12	12	14	3	3	117.12	0		29.230458
54	180	46	0	31	0	5	15	7	7	563.59	0		111.065732
54	181	53	0	26	19	0	15	6	4	326.72	0		83.636619
54	182	73	0	0	5	21	9	4	4	55.90	0		24.261100
54	179	42	0	9	6	18	9	3	8	115.16	1		3.448385


