Name:				152_n060_m200_bt3
Problem:			3L-VRPTW
Number_of_used_Vehicles:	15
Total_Travel_Distance:		1221.66
Calculation_Time:		3600.00
Total_Iterations:		12210
ConstraintSet:			P1

-------------------------------------------------------------------------------------------------------------------
Tour_Id:			1
No_of_Customers:		3
No_of_Items:			10
Customer_Sequence:		40 30 14 

CustId	Id	TypeId	Rotated	x	y	z	Length	Width	Height	mass	Fragility	LoadBearingStrength
14	45	3	0	0	0	0	32	8	11	701.83	0		10.242233
14	46	3	0	0	8	0	32	8	11	701.83	0		10.242233
14	47	3	0	0	16	0	32	8	11	701.83	0		10.242233
30	98	3	0	0	0	11	32	8	11	701.83	0		10.242233
30	99	3	0	0	8	11	32	8	11	701.83	0		10.242233
30	97	2	0	32	0	0	16	13	9	412	0		12.475242
40	135	3	0	0	16	11	32	8	11	701.83	0		10.242233
40	134	2	0	32	0	9	16	13	9	412	0		12.475242
40	132	1	0	32	13	0	12	9	9	380.73	1		4.425963
40	133	1	0	32	13	9	12	9	9	380.73	1		4.425963


-------------------------------------------------------------------------------------------------------------------
Tour_Id:			2
No_of_Customers:		3
No_of_Items:			9
Customer_Sequence:		17 21 19 

CustId	Id	TypeId	Rotated	x	y	z	Length	Width	Height	mass	Fragility	LoadBearingStrength
19	63	3	0	0	0	0	32	8	11	701.83	0		10.242233
19	62	2	0	0	8	0	16	13	9	412	0		12.475242
21	70	3	0	0	0	11	32	8	11	701.83	0		10.242233
21	71	3	0	16	8	0	32	8	11	701.83	0		10.242233
21	69	2	0	0	8	9	16	13	9	412	0		12.475242
21	68	1	0	0	8	18	12	9	9	380.73	1		4.425963
17	57	3	0	16	16	0	32	8	11	701.83	0		10.242233
17	58	3	0	16	8	11	32	8	11	701.83	0		10.242233
17	56	1	0	16	16	11	12	9	9	380.73	1		4.425963


-------------------------------------------------------------------------------------------------------------------
Tour_Id:			3
No_of_Customers:		4
No_of_Items:			11
Customer_Sequence:		60 37 38 13 

CustId	Id	TypeId	Rotated	x	y	z	Length	Width	Height	mass	Fragility	LoadBearingStrength
38	127	1	0	0	0	0	12	9	9	380.73	1		4.425963
13	44	2	0	0	9	0	16	13	9	412	0		12.475242
38	128	3	0	12	0	0	32	8	11	701.83	0		10.242233
13	43	2	0	0	9	9	16	13	9	412	0		12.475242
37	124	2	0	0	9	18	16	13	9	412	0		12.475242
37	125	2	0	16	8	0	16	13	9	412	0		12.475242
37	126	2	0	16	8	9	16	13	9	412	0		12.475242
60	200	3	0	12	0	11	32	8	11	701.83	0		10.242233
60	197	2	0	16	8	18	16	13	9	412	0		12.475242
60	198	2	0	32	8	0	16	13	9	412	0		12.475242
60	199	2	0	32	8	9	16	13	9	412	0		12.475242


-------------------------------------------------------------------------------------------------------------------
Tour_Id:			4
No_of_Customers:		3
No_of_Items:			9
Customer_Sequence:		54 52 59 

CustId	Id	TypeId	Rotated	x	y	z	Length	Width	Height	mass	Fragility	LoadBearingStrength
59	196	3	0	0	0	0	32	8	11	701.83	0		10.242233
59	194	2	0	0	8	0	16	13	9	412	0		12.475242
59	195	2	0	0	8	9	16	13	9	412	0		12.475242
52	171	3	0	0	0	11	32	8	11	701.83	0		10.242233
52	170	2	0	0	8	18	16	13	9	412	0		12.475242
54	178	3	0	16	8	0	32	8	11	701.83	0		10.242233
54	179	3	0	16	16	0	32	8	11	701.83	0		10.242233
54	180	3	0	16	8	11	32	8	11	701.83	0		10.242233
54	177	1	0	16	16	11	12	9	9	380.73	1		4.425963


-------------------------------------------------------------------------------------------------------------------
Tour_Id:			5
No_of_Customers:		4
No_of_Items:			17
Customer_Sequence:		10 16 34 15 

CustId	Id	TypeId	Rotated	x	y	z	Length	Width	Height	mass	Fragility	LoadBearingStrength
15	50	1	0	0	0	0	12	9	9	380.73	1		4.425963
15	48	1	0	0	9	0	12	9	9	380.73	1		4.425963
15	52	3	0	12	0	0	32	8	11	701.83	0		10.242233
15	49	1	0	0	0	9	12	9	9	380.73	1		4.425963
15	51	2	0	12	8	0	16	13	9	412	0		12.475242
34	115	3	0	12	0	11	32	8	11	701.83	0		10.242233
34	114	2	0	12	8	9	16	13	9	412	0		12.475242
34	112	1	0	0	9	9	12	9	9	380.73	1		4.425963
34	113	1	0	0	0	18	12	9	9	380.73	1		4.425963
16	53	1	0	0	9	18	12	9	9	380.73	1		4.425963
16	55	3	0	28	8	0	32	8	11	701.83	0		10.242233
16	54	2	0	12	8	18	16	13	9	412	0		12.475242
10	34	3	0	28	16	0	32	8	11	701.83	0		10.242233
10	31	2	0	28	8	11	16	13	9	412	0		12.475242
10	32	2	0	28	8	20	16	13	9	412	0		12.475242
10	33	2	0	44	8	11	16	13	9	412	0		12.475242
10	30	1	0	44	8	20	12	9	9	380.73	1		4.425963


-------------------------------------------------------------------------------------------------------------------
Tour_Id:			6
No_of_Customers:		4
No_of_Items:			13
Customer_Sequence:		29 58 1 56 

CustId	Id	TypeId	Rotated	x	y	z	Length	Width	Height	mass	Fragility	LoadBearingStrength
1	1	1	0	0	0	0	12	9	9	380.73	1		4.425963
56	186	2	0	0	9	0	16	13	9	412	0		12.475242
56	185	2	0	0	9	9	16	13	9	412	0		12.475242
1	2	3	0	12	0	0	32	8	11	701.83	0		10.242233
58	191	3	0	12	0	11	32	8	11	701.83	0		10.242233
58	192	3	0	16	9	0	32	8	11	701.83	0		10.242233
58	193	3	0	16	17	0	32	8	11	701.83	0		10.242233
58	190	2	0	0	9	18	16	13	9	412	0		12.475242
29	95	2	0	16	8	11	16	13	9	412	0		12.475242
29	94	2	0	16	8	20	16	13	9	412	0		12.475242
58	189	1	0	44	0	0	12	9	9	380.73	1		4.425963
29	96	2	0	32	8	11	16	13	9	412	0		12.475242
29	93	1	0	32	8	20	12	9	9	380.73	1		4.425963


-------------------------------------------------------------------------------------------------------------------
Tour_Id:			7
No_of_Customers:		5
No_of_Items:			16
Customer_Sequence:		41 7 3 35 2 

CustId	Id	TypeId	Rotated	x	y	z	Length	Width	Height	mass	Fragility	LoadBearingStrength
2	5	3	0	0	0	0	32	8	11	701.83	0		10.242233
35	120	3	0	0	8	0	32	8	11	701.83	0		10.242233
35	119	2	0	0	0	11	16	13	9	412	0		12.475242
35	117	2	0	0	0	20	16	13	9	412	0		12.475242
2	3	1	0	0	16	0	12	9	9	380.73	1		4.425963
35	116	1	0	0	16	9	12	9	9	380.73	1		4.425963
2	4	1	0	12	16	0	12	9	9	380.73	1		4.425963
3	8	3	0	24	16	0	32	8	11	701.83	0		10.242233
35	118	2	0	16	0	11	16	13	9	412	0		12.475242
3	7	2	0	16	0	20	16	13	9	412	0		12.475242
3	6	1	1	0	13	18	12	9	9	380.73	1		4.425963
7	22	3	0	24	16	11	32	8	11	701.83	0		10.242233
7	21	2	0	32	0	0	16	13	9	412	0		12.475242
41	137	2	0	32	0	9	16	13	9	412	0		12.475242
41	138	2	0	32	0	18	16	13	9	412	0		12.475242
41	136	1	0	48	0	0	12	9	9	380.73	1		4.425963


-------------------------------------------------------------------------------------------------------------------
Tour_Id:			8
No_of_Customers:		3
No_of_Items:			9
Customer_Sequence:		6 49 20 

CustId	Id	TypeId	Rotated	x	y	z	Length	Width	Height	mass	Fragility	LoadBearingStrength
20	65	3	0	0	0	0	32	8	11	701.83	0		10.242233
20	66	3	0	0	8	0	32	8	11	701.83	0		10.242233
20	67	3	0	0	16	0	32	8	11	701.83	0		10.242233
6	20	3	0	0	0	11	32	8	11	701.83	0		10.242233
49	162	3	0	0	8	11	32	8	11	701.83	0		10.242233
49	163	3	0	0	16	11	32	8	11	701.83	0		10.242233
20	64	2	0	32	0	0	16	13	9	412	0		12.475242
6	19	2	0	32	0	9	16	13	9	412	0		12.475242
6	18	1	0	32	13	0	12	9	9	380.73	1		4.425963


-------------------------------------------------------------------------------------------------------------------
Tour_Id:			9
No_of_Customers:		6
No_of_Items:			19
Customer_Sequence:		36 45 22 27 18 26 

CustId	Id	TypeId	Rotated	x	y	z	Length	Width	Height	mass	Fragility	LoadBearingStrength
26	86	3	0	0	0	0	32	8	11	701.83	0		10.242233
26	87	3	0	0	8	0	32	8	11	701.83	0		10.242233
26	85	2	0	0	0	11	16	13	9	412	0		12.475242
18	59	2	0	0	0	20	16	13	9	412	0		12.475242
18	60	2	0	16	0	11	16	13	9	412	0		12.475242
18	61	2	0	16	0	20	16	13	9	412	0		12.475242
27	88	1	0	0	16	0	12	9	9	380.73	1		4.425963
27	89	1	0	0	16	9	12	9	9	380.73	1		4.425963
27	90	1	1	0	13	18	12	9	9	380.73	1		4.425963
22	73	2	0	32	0	0	16	13	9	412	0		12.475242
22	74	2	0	32	0	9	16	13	9	412	0		12.475242
22	72	1	0	12	16	0	12	9	9	380.73	1		4.425963
45	152	3	0	24	16	0	32	8	11	701.83	0		10.242233
45	151	2	0	32	0	18	16	13	9	412	0		12.475242
45	149	1	0	12	16	9	12	9	9	380.73	1		4.425963
45	150	1	1	9	13	18	12	9	9	380.73	1		4.425963
36	123	3	0	24	16	11	32	8	11	701.83	0		10.242233
36	121	1	0	48	0	0	12	9	9	380.73	1		4.425963
36	122	1	0	48	0	9	12	9	9	380.73	1		4.425963


-------------------------------------------------------------------------------------------------------------------
Tour_Id:			10
No_of_Customers:		4
No_of_Items:			14
Customer_Sequence:		12 25 53 28 

CustId	Id	TypeId	Rotated	x	y	z	Length	Width	Height	mass	Fragility	LoadBearingStrength
28	91	1	0	0	0	0	12	9	9	380.73	1		4.425963
53	176	3	0	0	9	0	32	8	11	701.83	0		10.242233
53	173	1	0	0	0	9	12	9	9	380.73	1		4.425963
28	92	3	0	0	17	0	32	8	11	701.83	0		10.242233
53	175	3	0	0	9	11	32	8	11	701.83	0		10.242233
25	84	3	0	0	17	11	32	8	11	701.83	0		10.242233
25	83	3	0	12	0	0	32	8	11	701.83	0		10.242233
53	174	2	0	32	9	0	16	13	9	412	0		12.475242
53	172	1	0	0	0	18	12	9	9	380.73	1		4.425963
25	82	2	0	32	8	9	16	13	9	412	0		12.475242
12	42	3	0	12	0	11	32	8	11	701.83	0		10.242233
12	41	2	0	32	8	18	16	13	9	412	0		12.475242
12	39	1	0	48	0	0	12	9	9	380.73	1		4.425963
12	40	1	0	48	9	0	12	9	9	380.73	1		4.425963


-------------------------------------------------------------------------------------------------------------------
Tour_Id:			11
No_of_Customers:		3
No_of_Items:			11
Customer_Sequence:		31 8 55 

CustId	Id	TypeId	Rotated	x	y	z	Length	Width	Height	mass	Fragility	LoadBearingStrength
55	181	1	0	0	0	0	12	9	9	380.73	1		4.425963
55	182	2	0	0	9	0	16	13	9	412	0		12.475242
55	183	2	0	0	9	9	16	13	9	412	0		12.475242
55	184	3	0	12	0	0	32	8	11	701.83	0		10.242233
8	23	3	0	12	0	11	32	8	11	701.83	0		10.242233
8	24	3	0	16	9	0	32	8	11	701.83	0		10.242233
31	102	3	0	16	17	0	32	8	11	701.83	0		10.242233
31	103	3	0	16	8	11	32	8	11	701.83	0		10.242233
31	104	3	0	16	16	11	32	8	11	701.83	0		10.242233
31	101	2	0	0	9	18	16	13	9	412	0		12.475242
31	100	1	0	44	0	0	12	9	9	380.73	1		4.425963


-------------------------------------------------------------------------------------------------------------------
Tour_Id:			12
No_of_Customers:		3
No_of_Items:			12
Customer_Sequence:		11 4 32 

CustId	Id	TypeId	Rotated	x	y	z	Length	Width	Height	mass	Fragility	LoadBearingStrength
32	106	3	0	0	0	0	32	8	11	701.83	0		10.242233
32	108	3	0	0	8	0	32	8	11	701.83	0		10.242233
32	105	2	0	0	0	11	16	13	9	412	0		12.475242
4	11	2	0	0	0	20	16	13	9	412	0		12.475242
4	12	2	0	16	0	11	16	13	9	412	0		12.475242
32	107	3	0	0	16	0	32	8	11	701.83	0		10.242233
11	38	3	0	0	13	11	32	8	11	701.83	0		10.242233
4	9	1	0	16	0	20	12	9	9	380.73	1		4.425963
11	35	1	0	32	0	0	12	9	9	380.73	1		4.425963
4	10	2	0	32	9	0	16	13	9	412	0		12.475242
11	37	2	0	32	9	9	16	13	9	412	0		12.475242
11	36	2	0	32	9	18	16	13	9	412	0		12.475242


-------------------------------------------------------------------------------------------------------------------
Tour_Id:			13
No_of_Customers:		5
No_of_Items:			14
Customer_Sequence:		48 47 39 42 46 

CustId	Id	TypeId	Rotated	x	y	z	Length	Width	Height	mass	Fragility	LoadBearingStrength
46	153	1	0	0	0	0	12	9	9	380.73	1		4.425963
46	154	2	0	0	9	0	16	13	9	412	0		12.475242
42	140	2	0	0	9	9	16	13	9	412	0		12.475242
39	130	2	0	0	9	18	16	13	9	412	0		12.475242
46	155	3	0	12	0	0	32	8	11	701.83	0		10.242233
39	131	3	0	12	0	11	32	8	11	701.83	0		10.242233
39	129	1	0	16	9	0	12	9	9	380.73	1		4.425963
42	139	1	0	44	0	0	12	9	9	380.73	1		4.425963
47	156	3	0	28	9	0	32	8	11	701.83	0		10.242233
47	157	3	0	28	17	0	32	8	11	701.83	0		10.242233
48	160	3	0	28	9	11	32	8	11	701.83	0		10.242233
48	161	3	0	28	17	11	32	8	11	701.83	0		10.242233
48	158	1	0	44	0	9	12	9	9	380.73	1		4.425963
48	159	1	0	44	0	18	12	9	9	380.73	1		4.425963


-------------------------------------------------------------------------------------------------------------------
Tour_Id:			14
No_of_Customers:		5
No_of_Items:			16
Customer_Sequence:		50 33 51 24 5 

CustId	Id	TypeId	Rotated	x	y	z	Length	Width	Height	mass	Fragility	LoadBearingStrength
5	14	1	0	0	0	0	12	9	9	380.73	1		4.425963
24	80	2	0	0	9	0	16	13	9	412	0		12.475242
5	15	1	0	0	0	9	12	9	9	380.73	1		4.425963
24	81	2	0	0	9	9	16	13	9	412	0		12.475242
51	166	1	0	0	0	18	12	9	9	380.73	1		4.425963
5	13	1	0	12	0	0	12	9	9	380.73	1		4.425963
5	17	3	0	24	0	0	32	8	11	701.83	0		10.242233
51	167	2	0	0	9	18	16	13	9	412	0		12.475242
51	169	3	0	16	9	0	32	8	11	701.83	0		10.242233
5	16	1	0	12	0	9	12	9	9	380.73	1		4.425963
51	168	3	0	16	17	0	32	8	11	701.83	0		10.242233
33	110	3	0	16	9	11	32	8	11	701.83	0		10.242233
33	111	3	0	16	17	11	32	8	11	701.83	0		10.242233
33	109	1	0	12	0	18	12	9	9	380.73	1		4.425963
50	165	3	0	24	0	11	32	8	11	701.83	0		10.242233
50	164	1	0	48	8	0	12	9	9	380.73	1		4.425963


-------------------------------------------------------------------------------------------------------------------
Tour_Id:			15
No_of_Customers:		5
No_of_Items:			20
Customer_Sequence:		57 44 43 23 9 

CustId	Id	TypeId	Rotated	x	y	z	Length	Width	Height	mass	Fragility	LoadBearingStrength
43	142	1	0	0	0	0	12	9	9	380.73	1		4.425963
9	26	1	0	0	9	0	12	9	9	380.73	1		4.425963
9	28	2	0	12	9	0	16	13	9	412	0		12.475242
9	29	3	0	28	9	0	32	8	11	701.83	0		10.242233
9	27	2	0	12	9	9	16	13	9	412	0		12.475242
23	79	3	0	28	17	0	32	8	11	701.83	0		10.242233
23	76	1	0	12	9	18	12	9	9	380.73	1		4.425963
43	143	1	0	0	0	9	12	9	9	380.73	1		4.425963
23	77	2	0	28	9	11	16	13	9	412	0		12.475242
23	78	2	0	28	9	20	16	13	9	412	0		12.475242
43	144	3	0	12	0	0	32	8	11	701.83	0		10.242233
43	141	1	0	0	0	18	12	9	9	380.73	1		4.425963
9	25	1	0	0	9	9	12	9	9	380.73	1		4.425963
23	75	1	0	0	9	18	12	9	9	380.73	1		4.425963
44	148	3	0	12	0	11	32	8	11	701.83	0		10.242233
44	147	2	0	44	9	11	16	13	9	412	0		12.475242
44	145	1	0	44	0	0	12	9	9	380.73	1		4.425963
44	146	1	0	44	0	9	12	9	9	380.73	1		4.425963
57	188	2	0	44	9	20	16	13	9	412	0		12.475242
57	187	1	0	44	0	18	12	9	9	380.73	1		4.425963


