Name:				153_n060_m200_bt3
Problem:			3L-VRPTW
Number_of_used_Vehicles:	13
Total_Travel_Distance:		1043.10
Calculation_Time:		3600.00
Total_Iterations:		8127
ConstraintSet:			P1

-------------------------------------------------------------------------------------------------------------------
Tour_Id:			1
No_of_Customers:		5
No_of_Items:			15
Customer_Sequence:		54 60 13 3 44 

CustId	Id	TypeId	Rotated	x	y	z	Length	Width	Height	mass	Fragility	LoadBearingStrength
44	149	2	0	0	0	0	28	11	13	678	0		40.627046
44	148	1	0	0	11	0	12	6	13	119.94	0		5.764659
44	150	3	0	0	17	0	28	5	8	567.79	1		5.134558
44	151	3	0	0	17	8	28	5	8	567.79	1		5.134558
3	8	1	0	0	0	13	12	6	13	119.94	0		5.764659
3	9	3	0	0	6	13	28	5	8	567.79	1		5.134558
54	180	1	0	0	11	13	12	6	13	119.94	0		5.764659
13	46	2	0	28	0	0	28	11	13	678	0		40.627046
13	47	3	0	0	17	16	28	5	8	567.79	1		5.134558
60	200	2	0	28	11	0	28	11	13	678	0		40.627046
3	10	3	0	0	6	21	28	5	8	567.79	1		5.134558
54	181	2	0	28	0	13	28	11	13	678	0		40.627046
54	182	2	0	28	11	13	28	11	13	678	0		40.627046
54	179	1	0	12	0	13	12	6	13	119.94	0		5.764659
60	199	1	0	12	11	0	12	6	13	119.94	0		5.764659


-------------------------------------------------------------------------------------------------------------------
Tour_Id:			2
No_of_Customers:		6
No_of_Items:			16
Customer_Sequence:		45 36 15 37 34 53 

CustId	Id	TypeId	Rotated	x	y	z	Length	Width	Height	mass	Fragility	LoadBearingStrength
53	178	2	0	0	0	0	28	11	13	678	0		40.627046
53	176	1	0	0	11	0	12	6	13	119.94	0		5.764659
53	177	1	0	0	17	0	12	6	13	119.94	0		5.764659
34	120	1	0	0	0	13	12	6	13	119.94	0		5.764659
34	121	1	0	0	6	13	12	6	13	119.94	0		5.764659
34	122	3	0	12	11	0	28	5	8	567.79	1		5.134558
37	130	3	0	12	16	0	28	5	8	567.79	1		5.134558
37	131	3	0	12	11	8	28	5	8	567.79	1		5.134558
15	53	2	0	28	0	0	28	11	13	678	0		40.627046
15	51	1	0	0	17	13	12	6	13	119.94	0		5.764659
15	52	1	0	12	0	13	12	6	13	119.94	0		5.764659
36	128	2	0	24	0	13	28	11	13	678	0		40.627046
36	127	1	0	40	11	0	12	6	13	119.94	0		5.764659
36	129	3	0	12	16	8	28	5	8	567.79	1		5.134558
45	152	3	0	12	11	16	28	5	8	567.79	1		5.134558
45	153	3	0	12	16	16	28	5	8	567.79	1		5.134558


-------------------------------------------------------------------------------------------------------------------
Tour_Id:			3
No_of_Customers:		5
No_of_Items:			21
Customer_Sequence:		22 1 35 11 38 

CustId	Id	TypeId	Rotated	x	y	z	Length	Width	Height	mass	Fragility	LoadBearingStrength
38	134	2	0	0	0	0	28	11	13	678	0		40.627046
38	132	1	0	0	11	0	12	6	13	119.94	0		5.764659
38	133	1	0	0	17	0	12	6	13	119.94	0		5.764659
38	135	3	0	0	0	13	28	5	8	567.79	1		5.134558
11	40	3	0	0	5	13	28	5	8	567.79	1		5.134558
35	123	1	0	0	10	13	12	6	13	119.94	0		5.764659
11	37	1	0	0	16	13	12	6	13	119.94	0		5.764659
11	38	1	0	12	11	0	12	6	13	119.94	0		5.764659
35	126	3	0	0	0	21	28	5	8	567.79	1		5.134558
11	39	2	0	24	11	0	28	11	13	678	0		40.627046
38	136	3	0	28	0	0	28	5	8	567.79	1		5.134558
22	75	3	0	0	5	21	28	5	8	567.79	1		5.134558
1	3	2	0	12	10	13	28	11	13	678	0		40.627046
11	41	3	0	28	5	0	28	5	8	567.79	1		5.134558
35	125	3	0	28	0	8	28	5	8	567.79	1		5.134558
22	76	3	0	28	5	8	28	5	8	567.79	1		5.134558
1	2	1	0	40	10	13	12	6	13	119.94	0		5.764659
1	4	3	0	28	0	16	28	5	8	567.79	1		5.134558
35	124	1	1	52	10	0	12	6	13	119.94	0		5.764659
1	1	1	0	40	16	13	12	6	13	119.94	0		5.764659
22	77	3	0	28	5	16	28	5	8	567.79	1		5.134558


-------------------------------------------------------------------------------------------------------------------
Tour_Id:			4
No_of_Customers:		4
No_of_Items:			14
Customer_Sequence:		52 32 42 58 

CustId	Id	TypeId	Rotated	x	y	z	Length	Width	Height	mass	Fragility	LoadBearingStrength
58	194	2	0	0	0	0	28	11	13	678	0		40.627046
42	144	2	0	0	11	0	28	11	13	678	0		40.627046
58	195	3	0	0	0	13	28	5	8	567.79	1		5.134558
52	171	1	0	0	5	13	12	6	13	119.94	0		5.764659
42	145	3	0	0	11	13	28	5	8	567.79	1		5.134558
32	112	3	0	0	16	13	28	5	8	567.79	1		5.134558
32	111	2	0	28	0	0	28	11	13	678	0		40.627046
52	174	2	0	28	11	0	28	11	13	678	0		40.627046
52	175	2	0	28	0	13	28	11	13	678	0		40.627046
52	173	2	0	28	11	13	28	11	13	678	0		40.627046
32	114	3	0	0	0	21	28	5	8	567.79	1		5.134558
32	115	3	0	0	11	21	28	5	8	567.79	1		5.134558
32	113	3	0	0	16	21	28	5	8	567.79	1		5.134558
52	172	1	0	12	5	13	12	6	13	119.94	0		5.764659


-------------------------------------------------------------------------------------------------------------------
Tour_Id:			5
No_of_Customers:		7
No_of_Items:			20
Customer_Sequence:		8 49 12 21 19 23 29 

CustId	Id	TypeId	Rotated	x	y	z	Length	Width	Height	mass	Fragility	LoadBearingStrength
29	103	2	0	0	0	0	28	11	13	678	0		40.627046
29	101	1	0	0	11	0	12	6	13	119.94	0		5.764659
29	102	1	0	0	17	0	12	6	13	119.94	0		5.764659
23	78	1	0	0	0	13	12	6	13	119.94	0		5.764659
23	79	3	0	0	6	13	28	5	8	567.79	1		5.134558
23	80	3	0	0	6	21	28	5	8	567.79	1		5.134558
19	66	2	0	12	11	0	28	11	13	678	0		40.627046
19	67	3	0	0	11	13	28	5	8	567.79	1		5.134558
12	44	3	0	0	16	13	28	5	8	567.79	1		5.134558
12	42	1	0	12	0	13	12	6	13	119.94	0		5.764659
21	74	3	0	0	11	21	28	5	8	567.79	1		5.134558
12	43	2	0	28	0	0	28	11	13	678	0		40.627046
19	65	1	0	40	11	0	12	6	13	119.94	0		5.764659
21	73	1	0	40	17	0	12	6	13	119.94	0		5.764659
12	45	3	0	0	16	21	28	5	8	567.79	1		5.134558
49	162	2	0	28	0	13	28	11	13	678	0		40.627046
49	163	3	0	28	11	13	28	5	8	567.79	1		5.134558
8	27	3	0	28	16	13	28	5	8	567.79	1		5.134558
8	25	3	0	28	11	21	28	5	8	567.79	1		5.134558
8	26	3	0	28	16	21	28	5	8	567.79	1		5.134558


-------------------------------------------------------------------------------------------------------------------
Tour_Id:			6
No_of_Customers:		5
No_of_Items:			14
Customer_Sequence:		39 20 40 50 31 

CustId	Id	TypeId	Rotated	x	y	z	Length	Width	Height	mass	Fragility	LoadBearingStrength
31	109	2	0	0	0	0	28	11	13	678	0		40.627046
31	110	2	0	0	11	0	28	11	13	678	0		40.627046
50	164	2	0	0	0	13	28	11	13	678	0		40.627046
50	165	2	0	0	11	13	28	11	13	678	0		40.627046
40	141	2	0	28	0	0	28	11	13	678	0		40.627046
20	70	2	0	28	11	0	28	11	13	678	0		40.627046
40	140	1	0	28	0	13	12	6	13	119.94	0		5.764659
20	71	3	0	28	6	13	28	5	8	567.79	1		5.134558
20	72	3	0	28	11	13	28	5	8	567.79	1		5.134558
20	68	1	0	28	16	13	12	6	13	119.94	0		5.764659
20	69	1	0	40	0	13	12	6	13	119.94	0		5.764659
39	137	1	0	40	16	13	12	6	13	119.94	0		5.764659
39	138	3	0	28	6	21	28	5	8	567.79	1		5.134558
39	139	3	0	28	11	21	28	5	8	567.79	1		5.134558


-------------------------------------------------------------------------------------------------------------------
Tour_Id:			7
No_of_Customers:		4
No_of_Items:			17
Customer_Sequence:		10 5 14 51 

CustId	Id	TypeId	Rotated	x	y	z	Length	Width	Height	mass	Fragility	LoadBearingStrength
51	167	2	0	0	0	0	28	11	13	678	0		40.627046
51	168	2	0	0	11	0	28	11	13	678	0		40.627046
51	166	1	0	0	0	13	12	6	13	119.94	0		5.764659
51	169	3	0	0	6	13	28	5	8	567.79	1		5.134558
51	170	3	0	0	11	13	28	5	8	567.79	1		5.134558
14	50	2	0	28	0	0	28	11	13	678	0		40.627046
14	48	1	0	0	16	13	12	6	13	119.94	0		5.764659
14	49	1	0	12	0	13	12	6	13	119.94	0		5.764659
5	13	2	0	28	11	0	28	11	13	678	0		40.627046
5	14	2	0	28	0	13	28	11	13	678	0		40.627046
5	15	3	0	0	6	21	28	5	8	567.79	1		5.134558
5	16	3	0	0	11	21	28	5	8	567.79	1		5.134558
10	32	1	0	12	16	13	12	6	13	119.94	0		5.764659
10	33	3	0	24	16	13	28	5	8	567.79	1		5.134558
10	34	3	0	24	16	21	28	5	8	567.79	1		5.134558
10	35	3	0	28	11	13	28	5	8	567.79	1		5.134558
10	36	3	0	28	11	21	28	5	8	567.79	1		5.134558


-------------------------------------------------------------------------------------------------------------------
Tour_Id:			8
No_of_Customers:		4
No_of_Items:			15
Customer_Sequence:		33 59 56 57 

CustId	Id	TypeId	Rotated	x	y	z	Length	Width	Height	mass	Fragility	LoadBearingStrength
57	191	2	0	0	0	0	28	11	13	678	0		40.627046
57	192	2	0	0	11	0	28	11	13	678	0		40.627046
56	187	1	0	0	0	13	12	6	13	119.94	0		5.764659
57	189	1	0	0	6	13	12	6	13	119.94	0		5.764659
57	190	1	0	0	12	13	12	6	13	119.94	0		5.764659
56	186	1	0	12	0	13	12	6	13	119.94	0		5.764659
56	188	2	0	28	0	0	28	11	13	678	0		40.627046
57	193	2	0	28	11	0	28	11	13	678	0		40.627046
59	196	1	0	12	6	13	12	6	13	119.94	0		5.764659
59	197	1	0	12	12	13	12	6	13	119.94	0		5.764659
59	198	3	0	0	18	13	28	5	8	567.79	1		5.134558
33	119	2	0	24	0	13	28	11	13	678	0		40.627046
33	116	1	0	24	11	13	12	6	13	119.94	0		5.764659
33	117	1	0	36	11	13	12	6	13	119.94	0		5.764659
33	118	1	0	28	17	13	12	6	13	119.94	0		5.764659


-------------------------------------------------------------------------------------------------------------------
Tour_Id:			9
No_of_Customers:		4
No_of_Items:			15
Customer_Sequence:		7 43 16 6 

CustId	Id	TypeId	Rotated	x	y	z	Length	Width	Height	mass	Fragility	LoadBearingStrength
16	56	2	0	0	0	0	28	11	13	678	0		40.627046
6	19	3	0	0	11	0	28	5	8	567.79	1		5.134558
6	18	1	0	0	16	0	12	6	13	119.94	0		5.764659
6	17	1	0	0	16	13	12	6	13	119.94	0		5.764659
16	58	3	0	0	11	8	28	5	8	567.79	1		5.134558
16	54	1	0	0	0	13	12	6	13	119.94	0		5.764659
16	55	1	0	12	16	0	12	6	13	119.94	0		5.764659
43	146	1	0	12	0	13	12	6	13	119.94	0		5.764659
43	147	2	0	28	0	0	28	11	13	678	0		40.627046
16	57	2	0	28	11	0	28	11	13	678	0		40.627046
7	20	1	0	12	16	13	12	6	13	119.94	0		5.764659
7	23	3	0	0	6	13	28	5	8	567.79	1		5.134558
7	22	2	0	28	0	13	28	11	13	678	0		40.627046
7	21	2	0	28	11	13	28	11	13	678	0		40.627046
7	24	3	0	0	11	16	28	5	8	567.79	1		5.134558


-------------------------------------------------------------------------------------------------------------------
Tour_Id:			10
No_of_Customers:		4
No_of_Items:			14
Customer_Sequence:		26 18 48 17 

CustId	Id	TypeId	Rotated	x	y	z	Length	Width	Height	mass	Fragility	LoadBearingStrength
17	59	2	0	0	0	0	28	11	13	678	0		40.627046
48	160	2	0	0	11	0	28	11	13	678	0		40.627046
17	61	3	0	0	0	13	28	5	8	567.79	1		5.134558
17	60	3	0	0	5	13	28	5	8	567.79	1		5.134558
48	159	1	0	0	10	13	12	6	13	119.94	0		5.764659
48	161	3	0	0	16	13	28	5	8	567.79	1		5.134558
18	63	2	0	28	0	0	28	11	13	678	0		40.627046
18	64	2	0	28	11	0	28	11	13	678	0		40.627046
18	62	1	0	12	10	13	12	6	13	119.94	0		5.764659
26	88	2	0	28	0	13	28	11	13	678	0		40.627046
26	89	2	0	28	11	13	28	11	13	678	0		40.627046
26	90	3	0	0	0	21	28	5	8	567.79	1		5.134558
26	91	3	0	0	5	21	28	5	8	567.79	1		5.134558
26	92	3	0	0	16	21	28	5	8	567.79	1		5.134558


-------------------------------------------------------------------------------------------------------------------
Tour_Id:			11
No_of_Customers:		3
No_of_Items:			12
Customer_Sequence:		24 30 9 

CustId	Id	TypeId	Rotated	x	y	z	Length	Width	Height	mass	Fragility	LoadBearingStrength
9	30	2	0	0	0	0	28	11	13	678	0		40.627046
9	28	1	0	0	11	0	12	6	13	119.94	0		5.764659
24	82	2	0	0	0	13	28	11	13	678	0		40.627046
9	31	3	0	0	17	0	28	5	8	567.79	1		5.134558
30	105	2	0	28	0	0	28	11	13	678	0		40.627046
30	106	2	0	28	11	0	28	11	13	678	0		40.627046
30	107	2	0	28	11	13	28	11	13	678	0		40.627046
30	104	1	0	0	11	13	12	6	13	119.94	0		5.764659
9	29	1	0	12	11	0	12	6	13	119.94	0		5.764659
30	108	3	0	0	17	8	28	5	8	567.79	1		5.134558
24	81	1	0	28	0	13	12	6	13	119.94	0		5.764659
24	83	3	0	28	6	13	28	5	8	567.79	1		5.134558


-------------------------------------------------------------------------------------------------------------------
Tour_Id:			12
No_of_Customers:		3
No_of_Items:			10
Customer_Sequence:		25 55 46 

CustId	Id	TypeId	Rotated	x	y	z	Length	Width	Height	mass	Fragility	LoadBearingStrength
46	155	2	0	0	0	0	28	11	13	678	0		40.627046
46	156	2	0	0	11	0	28	11	13	678	0		40.627046
46	154	1	0	0	0	13	12	6	13	119.94	0		5.764659
55	183	2	0	0	6	13	28	11	13	678	0		40.627046
55	184	2	0	28	0	0	28	11	13	678	0		40.627046
55	185	3	0	0	17	13	28	5	8	567.79	1		5.134558
25	85	2	0	28	11	0	28	11	13	678	0		40.627046
25	86	2	0	28	0	13	28	11	13	678	0		40.627046
25	87	2	0	28	11	13	28	11	13	678	0		40.627046
25	84	1	0	12	0	13	12	6	13	119.94	0		5.764659


-------------------------------------------------------------------------------------------------------------------
Tour_Id:			13
No_of_Customers:		6
No_of_Items:			17
Customer_Sequence:		27 47 4 41 28 2 

CustId	Id	TypeId	Rotated	x	y	z	Length	Width	Height	mass	Fragility	LoadBearingStrength
2	5	2	0	0	0	0	28	11	13	678	0		40.627046
2	6	2	0	0	11	0	28	11	13	678	0		40.627046
2	7	3	0	0	0	13	28	5	8	567.79	1		5.134558
28	98	3	0	0	5	13	28	5	8	567.79	1		5.134558
28	99	3	0	0	10	13	28	5	8	567.79	1		5.134558
28	100	3	0	0	15	13	28	5	8	567.79	1		5.134558
41	143	3	0	0	0	21	28	5	8	567.79	1		5.134558
41	142	2	0	28	0	0	28	11	13	678	0		40.627046
4	11	3	0	0	5	21	28	5	8	567.79	1		5.134558
47	158	2	0	28	11	0	28	11	13	678	0		40.627046
4	12	3	0	0	10	21	28	5	8	567.79	1		5.134558
47	157	1	0	28	0	13	12	6	13	119.94	0		5.764659
27	94	2	0	28	6	13	28	11	13	678	0		40.627046
27	97	3	0	0	15	21	28	5	8	567.79	1		5.134558
27	95	3	0	28	17	13	28	5	8	567.79	1		5.134558
27	96	3	0	28	17	21	28	5	8	567.79	1		5.134558
27	93	1	0	40	0	13	12	6	13	119.94	0		5.764659


