Name:				157_n060_m200_bt10
Problem:			3L-VRPTW
Number_of_used_Vehicles:	17
Total_Travel_Distance:		1264.25
Calculation_Time:		3600.00
Total_Iterations:		18878
ConstraintSet:			P1

-------------------------------------------------------------------------------------------------------------------
Tour_Id:			1
No_of_Customers:		5
No_of_Items:			15
Customer_Sequence:		37 50 16 53 27 

CustId	Id	TypeId	Rotated	x	y	z	Length	Width	Height	mass	Fragility	LoadBearingStrength
27	88	5	0	0	0	0	25	8	12	371.87	0		5.265865
27	89	9	0	0	8	0	18	10	13	672.82	0		60.370625
27	90	10	0	0	8	13	16	12	11	1122.07	0		29.795844
53	176	10	0	18	8	0	16	12	11	1122.07	0		29.795844
53	177	10	0	18	8	11	16	12	11	1122.07	0		29.795844
53	173	8	0	0	20	0	31	5	7	663.45	0		16.933253
53	174	8	0	0	20	7	31	5	7	663.45	0		16.933253
16	51	3	0	0	0	12	13	8	11	235.98	0		11.336305
53	175	8	0	0	20	14	31	5	7	663.45	0		16.933253
16	52	8	0	0	20	21	31	5	7	663.45	0		16.933253
50	166	3	0	13	0	12	13	8	11	235.98	0		11.336305
50	165	1	0	34	0	0	24	10	14	753.26	1		2.939387
37	118	5	0	34	10	0	25	8	12	371.87	0		5.265865
37	120	9	0	34	10	12	18	10	13	672.82	0		60.370625
37	119	6	0	34	0	14	25	10	9	474.29	1		1.931263


-------------------------------------------------------------------------------------------------------------------
Tour_Id:			2
No_of_Customers:		4
No_of_Items:			12
Customer_Sequence:		15 32 42 4 

CustId	Id	TypeId	Rotated	x	y	z	Length	Width	Height	mass	Fragility	LoadBearingStrength
4	16	10	0	0	0	0	16	12	11	1122.07	0		29.795844
4	15	9	0	0	12	0	18	10	13	672.82	0		60.370625
4	14	4	0	16	0	0	35	11	10	811.84	0		7.545596
42	137	1	0	0	12	13	24	10	14	753.26	1		2.939387
42	138	5	0	16	0	10	25	8	12	371.87	0		5.265865
42	139	10	0	0	0	11	16	12	11	1122.07	0		29.795844
32	103	7	0	24	11	0	25	13	13	1198.36	0		74.141795
32	102	2	0	0	0	22	35	9	8	685.12	0		81.324882
15	47	3	0	24	11	13	13	8	11	235.98	0		11.336305
15	49	5	1	51	0	0	25	8	12	371.87	0		5.265865
15	50	10	1	37	8	13	16	12	11	1122.07	0		29.795844
15	48	5	1	49	0	12	25	8	12	371.87	0		5.265865


-------------------------------------------------------------------------------------------------------------------
Tour_Id:			3
No_of_Customers:		4
No_of_Items:			13
Customer_Sequence:		7 34 58 14 

CustId	Id	TypeId	Rotated	x	y	z	Length	Width	Height	mass	Fragility	LoadBearingStrength
14	46	7	0	0	0	0	25	13	13	1198.36	0		74.141795
14	43	5	0	0	13	0	25	8	12	371.87	0		5.265865
34	109	1	0	0	13	12	24	10	14	753.26	1		2.939387
58	189	2	0	25	0	0	35	9	8	685.12	0		81.324882
14	45	6	0	0	0	13	25	10	9	474.29	1		1.931263
58	191	5	0	25	9	0	25	8	12	371.87	0		5.265865
14	44	5	0	25	17	0	25	8	12	371.87	0		5.265865
7	23	2	0	25	0	8	35	9	8	685.12	0		81.324882
34	110	8	0	24	13	12	31	5	7	663.45	0		16.933253
58	190	3	1	50	9	0	13	8	11	235.98	0		11.336305
7	24	4	0	25	0	16	35	11	10	811.84	0		7.545596
34	111	8	0	24	18	12	31	5	7	663.45	0		16.933253
7	25	10	0	24	11	19	16	12	11	1122.07	0		29.795844


-------------------------------------------------------------------------------------------------------------------
Tour_Id:			4
No_of_Customers:		4
No_of_Items:			15
Customer_Sequence:		51 38 52 48 

CustId	Id	TypeId	Rotated	x	y	z	Length	Width	Height	mass	Fragility	LoadBearingStrength
48	158	1	0	0	0	0	24	10	14	753.26	1		2.939387
48	159	2	0	0	10	0	35	9	8	685.12	0		81.324882
48	162	8	0	0	19	0	31	5	7	663.45	0		16.933253
48	160	2	0	0	10	8	35	9	8	685.12	0		81.324882
48	161	6	0	0	0	14	25	10	9	474.29	1		1.931263
38	124	9	0	0	10	16	18	10	13	672.82	0		60.370625
52	172	8	0	0	19	7	31	5	7	663.45	0		16.933253
52	171	6	0	25	0	0	25	10	9	474.29	1		1.931263
52	170	3	0	35	10	0	13	8	11	235.98	0		11.336305
38	123	6	0	25	0	9	25	10	9	474.29	1		1.931263
38	122	3	0	18	10	16	13	8	11	235.98	0		11.336305
38	121	3	0	35	10	11	13	8	11	235.98	0		11.336305
51	168	9	1	50	0	0	18	10	13	672.82	0		60.370625
51	169	9	1	50	0	13	18	10	13	672.82	0		60.370625
51	167	6	0	25	0	18	25	10	9	474.29	1		1.931263


-------------------------------------------------------------------------------------------------------------------
Tour_Id:			5
No_of_Customers:		3
No_of_Items:			11
Customer_Sequence:		28 40 11 

CustId	Id	TypeId	Rotated	x	y	z	Length	Width	Height	mass	Fragility	LoadBearingStrength
11	34	5	0	0	0	0	25	8	12	371.87	0		5.265865
11	33	4	0	0	8	0	35	11	10	811.84	0		7.545596
11	35	9	0	0	8	10	18	10	13	672.82	0		60.370625
40	134	10	0	18	8	10	16	12	11	1122.07	0		29.795844
28	93	7	0	35	0	0	25	13	13	1198.36	0		74.141795
40	130	6	0	35	13	0	25	10	9	474.29	1		1.931263
28	92	3	0	0	0	12	13	8	11	235.98	0		11.336305
40	132	6	0	35	13	9	25	10	9	474.29	1		1.931263
28	91	1	0	34	0	13	24	10	14	753.26	1		2.939387
40	131	6	0	35	13	18	25	10	9	474.29	1		1.931263
40	133	8	0	0	19	0	31	5	7	663.45	0		16.933253


-------------------------------------------------------------------------------------------------------------------
Tour_Id:			6
No_of_Customers:		5
No_of_Items:			14
Customer_Sequence:		8 19 35 33 41 

CustId	Id	TypeId	Rotated	x	y	z	Length	Width	Height	mass	Fragility	LoadBearingStrength
33	107	6	0	0	0	0	25	10	9	474.29	1		1.931263
41	136	8	0	0	10	0	31	5	7	663.45	0		16.933253
41	135	1	0	0	15	0	24	10	14	753.26	1		2.939387
33	106	3	0	24	15	0	13	8	11	235.98	0		11.336305
33	108	6	0	0	0	9	25	10	9	474.29	1		1.931263
35	112	1	0	0	15	14	24	10	14	753.26	1		2.939387
33	104	2	0	25	0	0	35	9	8	685.12	0		81.324882
35	114	4	0	25	0	8	35	11	10	811.84	0		7.545596
33	105	3	0	37	15	0	13	8	11	235.98	0		11.336305
35	113	1	0	24	15	11	24	10	14	753.26	1		2.939387
19	62	4	0	25	0	18	35	11	10	811.84	0		7.545596
19	63	6	0	0	0	18	25	10	9	474.29	1		1.931263
8	26	3	1	50	11	0	13	8	11	235.98	0		11.336305
8	27	3	1	48	11	11	13	8	11	235.98	0		11.336305


-------------------------------------------------------------------------------------------------------------------
Tour_Id:			7
No_of_Customers:		3
No_of_Items:			12
Customer_Sequence:		59 49 1 

CustId	Id	TypeId	Rotated	x	y	z	Length	Width	Height	mass	Fragility	LoadBearingStrength
1	3	7	0	0	0	0	25	13	13	1198.36	0		74.141795
1	4	8	0	0	13	0	31	5	7	663.45	0		16.933253
1	2	7	0	0	0	13	25	13	13	1198.36	0		74.141795
1	1	6	0	25	0	0	25	10	9	474.29	1		1.931263
1	5	8	0	0	18	0	31	5	7	663.45	0		16.933253
49	163	6	0	0	13	7	25	10	9	474.29	1		1.931263
49	164	9	0	31	10	0	18	10	13	672.82	0		60.370625
59	194	3	0	31	10	13	13	8	11	235.98	0		11.336305
59	192	1	0	0	13	16	24	10	14	753.26	1		2.939387
59	193	1	0	25	0	9	24	10	14	753.26	1		2.939387
59	195	6	1	50	0	0	25	10	9	474.29	1		1.931263
59	196	6	1	49	0	9	25	10	9	474.29	1		1.931263


-------------------------------------------------------------------------------------------------------------------
Tour_Id:			8
No_of_Customers:		2
No_of_Items:			8
Customer_Sequence:		39 24 

CustId	Id	TypeId	Rotated	x	y	z	Length	Width	Height	mass	Fragility	LoadBearingStrength
24	81	2	0	0	0	0	35	9	8	685.12	0		81.324882
24	79	1	0	0	9	0	24	10	14	753.26	1		2.939387
24	80	1	0	0	9	14	24	10	14	753.26	1		2.939387
39	128	9	0	24	9	0	18	10	13	672.82	0		60.370625
39	129	10	0	24	9	13	16	12	11	1122.07	0		29.795844
39	127	3	0	0	0	8	13	8	11	235.98	0		11.336305
39	125	1	1	42	0	0	24	10	14	753.26	1		2.939387
39	126	1	1	40	0	14	24	10	14	753.26	1		2.939387


-------------------------------------------------------------------------------------------------------------------
Tour_Id:			9
No_of_Customers:		4
No_of_Items:			12
Customer_Sequence:		21 13 6 2 

CustId	Id	TypeId	Rotated	x	y	z	Length	Width	Height	mass	Fragility	LoadBearingStrength
2	8	10	0	0	0	0	16	12	11	1122.07	0		29.795844
6	21	5	0	0	12	0	25	8	12	371.87	0		5.265865
2	7	9	0	0	0	11	18	10	13	672.82	0		60.370625
2	6	3	0	16	0	0	13	8	11	235.98	0		11.336305
2	9	10	0	29	0	0	16	12	11	1122.07	0		29.795844
6	22	5	0	0	12	12	25	8	12	371.87	0		5.265865
13	41	4	0	25	12	0	35	11	10	811.84	0		7.545596
13	42	4	0	25	12	10	35	11	10	811.84	0		7.545596
21	68	9	0	18	0	11	18	10	13	672.82	0		60.370625
6	20	3	0	45	0	0	13	8	11	235.98	0		11.336305
21	67	4	0	25	12	20	35	11	10	811.84	0		7.545596
21	69	10	0	36	0	11	16	12	11	1122.07	0		29.795844


-------------------------------------------------------------------------------------------------------------------
Tour_Id:			10
No_of_Customers:		2
No_of_Items:			9
Customer_Sequence:		3 18 

CustId	Id	TypeId	Rotated	x	y	z	Length	Width	Height	mass	Fragility	LoadBearingStrength
18	60	7	0	0	0	0	25	13	13	1198.36	0		74.141795
18	58	2	0	0	13	0	35	9	8	685.12	0		81.324882
18	57	1	0	0	13	8	24	10	14	753.26	1		2.939387
18	61	8	0	0	0	13	31	5	7	663.45	0		16.933253
18	59	3	0	0	5	13	13	8	11	235.98	0		11.336305
3	11	7	0	31	0	0	25	13	13	1198.36	0		74.141795
3	12	7	0	31	0	13	25	13	13	1198.36	0		74.141795
3	13	9	0	35	13	0	18	10	13	672.82	0		60.370625
3	10	1	0	31	13	13	24	10	14	753.26	1		2.939387


-------------------------------------------------------------------------------------------------------------------
Tour_Id:			11
No_of_Customers:		5
No_of_Items:			14
Customer_Sequence:		30 44 36 55 31 

CustId	Id	TypeId	Rotated	x	y	z	Length	Width	Height	mass	Fragility	LoadBearingStrength
31	98	2	0	0	0	0	35	9	8	685.12	0		81.324882
31	99	8	0	0	9	0	31	5	7	663.45	0		16.933253
31	100	9	0	0	14	0	18	10	13	672.82	0		60.370625
31	101	10	0	0	0	8	16	12	11	1122.07	0		29.795844
55	180	2	0	18	14	0	35	9	8	685.12	0		81.324882
55	181	9	0	0	14	13	18	10	13	672.82	0		60.370625
55	182	10	0	0	0	19	16	12	11	1122.07	0		29.795844
36	116	7	0	35	0	0	25	13	13	1198.36	0		74.141795
36	115	4	0	18	14	8	35	11	10	811.84	0		7.545596
44	145	3	0	18	14	18	13	8	11	235.98	0		11.336305
44	146	5	0	31	14	18	25	8	12	371.87	0		5.265865
36	117	10	0	16	0	8	16	12	11	1122.07	0		29.795844
30	96	5	0	35	0	13	25	8	12	371.87	0		5.265865
30	97	10	0	16	0	19	16	12	11	1122.07	0		29.795844


-------------------------------------------------------------------------------------------------------------------
Tour_Id:			12
No_of_Customers:		4
No_of_Items:			12
Customer_Sequence:		12 26 9 10 

CustId	Id	TypeId	Rotated	x	y	z	Length	Width	Height	mass	Fragility	LoadBearingStrength
10	31	7	0	0	0	0	25	13	13	1198.36	0		74.141795
10	30	5	0	0	13	0	25	8	12	371.87	0		5.265865
10	32	10	0	0	0	13	16	12	11	1122.07	0		29.795844
26	87	10	0	25	0	0	16	12	11	1122.07	0		29.795844
9	28	1	0	0	13	12	24	10	14	753.26	1		2.939387
9	29	7	0	25	12	0	25	13	13	1198.36	0		74.141795
26	86	3	1	16	0	13	13	8	11	235.98	0		11.336305
12	36	5	0	25	12	13	25	8	12	371.87	0		5.265865
12	37	5	1	50	0	0	25	8	12	371.87	0		5.265865
12	39	9	0	25	0	11	18	10	13	672.82	0		60.370625
12	40	9	1	50	0	12	18	10	13	672.82	0		60.370625
12	38	8	0	24	20	13	31	5	7	663.45	0		16.933253


-------------------------------------------------------------------------------------------------------------------
Tour_Id:			13
No_of_Customers:		2
No_of_Items:			7
Customer_Sequence:		57 17 

CustId	Id	TypeId	Rotated	x	y	z	Length	Width	Height	mass	Fragility	LoadBearingStrength
17	54	9	0	0	0	0	18	10	13	672.82	0		60.370625
17	55	10	0	0	10	0	16	12	11	1122.07	0		29.795844
17	56	10	0	0	10	11	16	12	11	1122.07	0		29.795844
17	53	8	0	16	10	0	31	5	7	663.45	0		16.933253
57	187	7	1	47	0	0	25	13	13	1198.36	0		74.141795
57	188	8	0	16	15	0	31	5	7	663.45	0		16.933253
57	186	6	0	16	10	7	25	10	9	474.29	1		1.931263


-------------------------------------------------------------------------------------------------------------------
Tour_Id:			14
No_of_Customers:		3
No_of_Items:			12
Customer_Sequence:		46 43 54 

CustId	Id	TypeId	Rotated	x	y	z	Length	Width	Height	mass	Fragility	LoadBearingStrength
43	143	8	0	0	0	0	31	5	7	663.45	0		16.933253
54	178	5	0	0	5	0	25	8	12	371.87	0		5.265865
54	179	9	0	0	13	0	18	10	13	672.82	0		60.370625
46	152	5	0	0	5	12	25	8	12	371.87	0		5.265865
43	142	4	0	18	13	0	35	11	10	811.84	0		7.545596
43	144	8	0	0	0	7	31	5	7	663.45	0		16.933253
43	140	1	0	0	13	13	24	10	14	753.26	1		2.939387
46	153	7	0	31	0	0	25	13	13	1198.36	0		74.141795
43	141	3	0	24	13	10	13	8	11	235.98	0		11.336305
46	155	9	0	31	0	13	18	10	13	672.82	0		60.370625
46	151	3	0	37	13	10	13	8	11	235.98	0		11.336305
46	154	8	0	0	0	14	31	5	7	663.45	0		16.933253


-------------------------------------------------------------------------------------------------------------------
Tour_Id:			15
No_of_Customers:		4
No_of_Items:			13
Customer_Sequence:		22 56 45 47 

CustId	Id	TypeId	Rotated	x	y	z	Length	Width	Height	mass	Fragility	LoadBearingStrength
47	157	7	0	0	0	0	25	13	13	1198.36	0		74.141795
47	156	6	0	0	13	0	25	10	9	474.29	1		1.931263
56	185	10	0	0	0	13	16	12	11	1122.07	0		29.795844
45	150	9	0	25	0	0	18	10	13	672.82	0		60.370625
45	147	2	0	25	10	0	35	9	8	685.12	0		81.324882
45	149	8	0	25	19	0	31	5	7	663.45	0		16.933253
45	148	6	0	0	13	9	25	10	9	474.29	1		1.931263
22	71	4	0	25	10	8	35	11	10	811.84	0		7.545596
56	183	1	0	16	0	13	24	10	14	753.26	1		2.939387
22	73	8	0	25	10	18	31	5	7	663.45	0		16.933253
22	72	5	0	25	15	18	25	8	12	371.87	0		5.265865
22	70	3	0	43	0	0	13	8	11	235.98	0		11.336305
56	184	6	0	0	12	18	25	10	9	474.29	1		1.931263


-------------------------------------------------------------------------------------------------------------------
Tour_Id:			16
No_of_Customers:		3
No_of_Items:			11
Customer_Sequence:		23 20 5 

CustId	Id	TypeId	Rotated	x	y	z	Length	Width	Height	mass	Fragility	LoadBearingStrength
5	18	4	0	0	0	0	35	11	10	811.84	0		7.545596
20	64	4	0	0	11	0	35	11	10	811.84	0		7.545596
5	19	9	0	0	0	10	18	10	13	672.82	0		60.370625
20	65	7	0	0	10	10	25	13	13	1198.36	0		74.141795
5	17	3	0	18	0	10	13	8	11	235.98	0		11.336305
20	66	9	0	35	0	0	18	10	13	672.82	0		60.370625
23	76	5	0	35	10	0	25	8	12	371.87	0		5.265865
23	75	3	1	25	10	10	13	8	11	235.98	0		11.336305
23	78	8	0	0	10	23	31	5	7	663.45	0		16.933253
23	74	1	0	31	0	13	24	10	14	753.26	1		2.939387
23	77	6	0	35	10	12	25	10	9	474.29	1		1.931263


-------------------------------------------------------------------------------------------------------------------
Tour_Id:			17
No_of_Customers:		3
No_of_Items:			10
Customer_Sequence:		25 60 29 

CustId	Id	TypeId	Rotated	x	y	z	Length	Width	Height	mass	Fragility	LoadBearingStrength
29	94	5	0	0	0	0	25	8	12	371.87	0		5.265865
60	200	8	0	0	8	0	31	5	7	663.45	0		16.933253
29	95	6	0	0	13	0	25	10	9	474.29	1		1.931263
60	197	1	0	0	13	9	24	10	14	753.26	1		2.939387
25	83	4	0	25	13	0	35	11	10	811.84	0		7.545596
60	199	6	0	0	0	12	25	10	9	474.29	1		1.931263
60	198	1	0	31	0	0	24	10	14	753.26	1		2.939387
25	85	10	0	25	13	10	16	12	11	1122.07	0		29.795844
25	82	1	0	25	0	14	24	10	14	753.26	1		2.939387
25	84	6	0	0	0	21	25	10	9	474.29	1		1.931263


