Name:				158_n060_m200_bt10
Problem:			3L-VRPTW
Number_of_used_Vehicles:	12
Total_Travel_Distance:		998.15
Calculation_Time:		3600.00
Total_Iterations:		5510
ConstraintSet:			P1

-------------------------------------------------------------------------------------------------------------------
Tour_Id:			1
No_of_Customers:		6
No_of_Items:			17
Customer_Sequence:		58 13 50 34 11 54 

CustId	Id	TypeId	Rotated	x	y	z	Length	Width	Height	mass	Fragility	LoadBearingStrength
54	174	4	0	0	0	0	30	10	12	962.59	0		18.944130
54	175	9	0	0	10	0	13	6	8	180.72	0		54.584060
11	31	4	0	0	0	12	30	10	12	962.59	0		18.944130
11	32	7	0	0	16	0	14	8	14	441.61	0		20.073884
34	108	5	0	14	10	0	18	11	14	381.24	0		4.910118
11	30	3	0	30	0	0	23	9	7	380.52	0		23.137773
50	165	5	0	14	10	14	18	11	14	381.24	0		4.910118
34	109	6	0	32	9	0	20	11	6	222.60	0		5.441474
50	164	3	0	30	0	7	23	9	7	380.52	0		23.137773
50	166	10	0	0	16	14	12	7	11	321.62	0		15.937956
13	37	3	0	30	0	14	23	9	7	380.52	0		23.137773
13	38	6	0	32	9	6	20	11	6	222.60	0		5.441474
13	36	2	0	32	9	12	18	13	6	332.24	1		11.122290
58	188	7	1	52	9	0	14	8	14	441.61	0		20.073884
58	189	9	0	30	0	21	13	6	8	180.72	0		54.584060
58	190	9	0	43	0	21	13	6	8	180.72	0		54.584060
58	187	2	0	32	9	18	18	13	6	332.24	1		11.122290


-------------------------------------------------------------------------------------------------------------------
Tour_Id:			2
No_of_Customers:		5
No_of_Items:			17
Customer_Sequence:		30 40 33 12 55 

CustId	Id	TypeId	Rotated	x	y	z	Length	Width	Height	mass	Fragility	LoadBearingStrength
55	178	6	0	0	0	0	20	11	6	222.60	0		5.441474
55	176	1	0	0	11	0	15	5	14	366.95	0		42.878826
55	179	9	0	0	16	0	13	6	8	180.72	0		54.584060
12	35	8	0	0	0	6	20	9	14	315.12	1		1.950234
55	177	2	0	15	11	0	18	13	6	332.24	1		11.122290
12	34	4	0	20	0	0	30	10	12	962.59	0		18.944130
55	180	9	0	0	16	8	13	6	8	180.72	0		54.584060
12	33	2	0	15	11	6	18	13	6	332.24	1		11.122290
33	105	5	0	20	0	12	18	11	14	381.24	0		4.910118
33	107	9	0	0	16	16	13	6	8	180.72	0		54.584060
33	106	8	0	13	16	12	20	9	14	315.12	1		1.950234
40	128	5	0	33	11	0	18	11	14	381.24	0		4.910118
30	96	6	0	33	11	14	20	11	6	222.60	0		5.441474
30	97	7	0	38	0	12	14	8	14	441.61	0		20.073884
40	129	7	1	51	11	0	14	8	14	441.61	0		20.073884
30	95	1	0	0	11	14	15	5	14	366.95	0		42.878826
30	98	9	0	33	11	20	13	6	8	180.72	0		54.584060


-------------------------------------------------------------------------------------------------------------------
Tour_Id:			3
No_of_Customers:		5
No_of_Items:			18
Customer_Sequence:		49 5 29 1 56 

CustId	Id	TypeId	Rotated	x	y	z	Length	Width	Height	mass	Fragility	LoadBearingStrength
56	183	7	0	0	0	0	14	8	14	441.61	0		20.073884
56	181	1	0	0	8	0	15	5	14	366.95	0		42.878826
56	182	1	0	0	13	0	15	5	14	366.95	0		42.878826
1	1	7	0	0	0	14	14	8	14	441.61	0		20.073884
1	2	9	0	0	18	0	13	6	8	180.72	0		54.584060
29	92	7	0	0	8	14	14	8	14	441.61	0		20.073884
29	91	6	0	15	0	0	20	11	6	222.60	0		5.441474
5	11	4	0	15	11	0	30	10	12	962.59	0		18.944130
29	93	10	0	0	18	8	12	7	11	321.62	0		15.937956
29	94	10	0	0	18	19	12	7	11	321.62	0		15.937956
29	90	1	0	15	0	6	15	5	14	366.95	0		42.878826
5	12	5	0	15	11	12	18	11	14	381.24	0		4.910118
5	13	7	0	33	11	12	14	8	14	441.61	0		20.073884
49	161	7	0	35	0	0	14	8	14	441.61	0		20.073884
49	159	1	0	15	5	6	15	5	14	366.95	0		42.878826
49	163	10	0	35	0	14	12	7	11	321.62	0		15.937956
49	162	8	1	49	0	0	20	9	14	315.12	1		1.950234
49	160	2	1	47	0	14	18	13	6	332.24	1		11.122290


-------------------------------------------------------------------------------------------------------------------
Tour_Id:			4
No_of_Customers:		5
No_of_Items:			16
Customer_Sequence:		2 57 23 3 59 

CustId	Id	TypeId	Rotated	x	y	z	Length	Width	Height	mass	Fragility	LoadBearingStrength
59	191	1	0	0	0	0	15	5	14	366.95	0		42.878826
59	194	8	0	0	5	0	20	9	14	315.12	1		1.950234
59	193	8	0	0	14	0	20	9	14	315.12	1		1.950234
59	192	2	0	0	0	14	18	13	6	332.24	1		11.122290
3	5	1	0	20	0	0	15	5	14	366.95	0		42.878826
59	195	9	0	20	5	0	13	6	8	180.72	0		54.584060
57	184	4	0	20	11	0	30	10	12	962.59	0		18.944130
3	7	8	0	0	13	14	20	9	14	315.12	1		1.950234
3	6	2	0	0	0	20	18	13	6	332.24	1		11.122290
23	73	6	0	35	0	0	20	11	6	222.60	0		5.441474
23	72	1	0	18	0	14	15	5	14	366.95	0		42.878826
3	8	9	0	20	5	8	13	6	8	180.72	0		54.584060
57	185	5	0	20	11	12	18	11	14	381.24	0		4.910118
57	186	6	0	35	0	6	20	11	6	222.60	0		5.441474
2	3	5	0	35	0	12	18	11	14	381.24	0		4.910118
2	4	7	0	38	11	12	14	8	14	441.61	0		20.073884


-------------------------------------------------------------------------------------------------------------------
Tour_Id:			5
No_of_Customers:		4
No_of_Items:			15
Customer_Sequence:		28 17 46 48 

CustId	Id	TypeId	Rotated	x	y	z	Length	Width	Height	mass	Fragility	LoadBearingStrength
46	151	5	0	0	0	0	18	11	14	381.24	0		4.910118
48	157	6	0	0	11	0	20	11	6	222.60	0		5.441474
48	155	1	0	0	11	6	15	5	14	366.95	0		42.878826
48	158	7	0	0	16	6	14	8	14	441.61	0		20.073884
46	150	5	0	0	0	14	18	11	14	381.24	0		4.910118
48	156	2	0	0	11	20	18	13	6	332.24	1		11.122290
46	149	2	0	20	0	0	18	13	6	332.24	1		11.122290
17	50	4	0	20	13	0	30	10	12	962.59	0		18.944130
17	51	5	0	20	13	12	18	11	14	381.24	0		4.910118
17	52	6	0	38	0	0	20	11	6	222.60	0		5.441474
17	53	6	0	38	0	6	20	11	6	222.60	0		5.441474
17	54	8	0	18	0	6	20	9	14	315.12	1		1.950234
28	87	3	1	38	0	12	23	9	7	380.52	0		23.137773
28	88	3	1	38	0	19	23	9	7	380.52	0		23.137773
28	89	10	0	47	0	12	12	7	11	321.62	0		15.937956


-------------------------------------------------------------------------------------------------------------------
Tour_Id:			6
No_of_Customers:		7
No_of_Items:			22
Customer_Sequence:		25 21 37 52 16 53 42 

CustId	Id	TypeId	Rotated	x	y	z	Length	Width	Height	mass	Fragility	LoadBearingStrength
42	133	7	0	0	0	0	14	8	14	441.61	0		20.073884
42	134	7	0	0	8	0	14	8	14	441.61	0		20.073884
42	135	9	0	0	16	0	13	6	8	180.72	0		54.584060
53	172	7	0	0	0	14	14	8	14	441.61	0		20.073884
37	119	7	0	0	8	14	14	8	14	441.61	0		20.073884
16	48	5	0	14	0	0	18	11	14	381.24	0		4.910118
16	47	3	0	13	16	0	23	9	7	380.52	0		23.137773
16	49	6	0	32	0	0	20	11	6	222.60	0		5.441474
52	170	3	0	13	16	7	23	9	7	380.52	0		23.137773
52	171	6	0	32	0	6	20	11	6	222.60	0		5.441474
21	65	9	0	13	16	14	13	6	8	180.72	0		54.584060
37	118	1	0	14	11	0	15	5	14	366.95	0		42.878826
37	121	10	0	14	0	14	12	7	11	321.62	0		15.937956
37	120	8	0	14	7	14	20	9	14	315.12	1		1.950234
21	64	6	0	34	0	12	20	11	6	222.60	0		5.441474
53	173	10	0	0	16	8	12	7	11	321.62	0		15.937956
21	66	9	0	0	16	19	13	6	8	180.72	0		54.584060
25	76	1	0	36	11	0	15	5	14	366.95	0		42.878826
25	80	9	0	13	16	22	13	6	8	180.72	0		54.584060
25	78	8	0	36	16	0	20	9	14	315.12	1		1.950234
25	79	8	0	26	16	14	20	9	14	315.12	1		1.950234
25	77	2	0	34	0	18	18	13	6	332.24	1		11.122290


-------------------------------------------------------------------------------------------------------------------
Tour_Id:			7
No_of_Customers:		7
No_of_Items:			18
Customer_Sequence:		7 24 14 9 19 39 31 

CustId	Id	TypeId	Rotated	x	y	z	Length	Width	Height	mass	Fragility	LoadBearingStrength
31	100	6	0	0	0	0	20	11	6	222.60	0		5.441474
31	99	1	0	0	11	0	15	5	14	366.95	0		42.878826
31	101	8	0	0	16	0	20	9	14	315.12	1		1.950234
39	126	2	0	0	11	14	18	13	6	332.24	1		11.122290
39	127	6	0	0	0	6	20	11	6	222.60	0		5.441474
19	61	4	0	20	0	0	30	10	12	962.59	0		18.944130
19	60	2	0	0	11	20	18	13	6	332.24	1		11.122290
9	25	3	0	0	0	12	23	9	7	380.52	0		23.137773
9	27	7	0	20	10	0	14	8	14	441.61	0		20.073884
9	26	5	0	34	10	0	18	11	14	381.24	0		4.910118
14	39	9	0	0	0	19	13	6	8	180.72	0		54.584060
14	40	9	0	13	0	19	13	6	8	180.72	0		54.584060
14	41	9	0	20	10	14	13	6	8	180.72	0		54.584060
24	74	6	0	33	10	14	20	11	6	222.60	0		5.441474
24	75	8	0	26	0	12	20	9	14	315.12	1		1.950234
7	20	10	1	53	0	0	12	7	11	321.62	0		15.937956
7	18	1	1	53	0	11	15	5	14	366.95	0		42.878826
7	19	6	0	33	10	20	20	11	6	222.60	0		5.441474


-------------------------------------------------------------------------------------------------------------------
Tour_Id:			8
No_of_Customers:		3
No_of_Items:			12
Customer_Sequence:		15 38 43 

CustId	Id	TypeId	Rotated	x	y	z	Length	Width	Height	mass	Fragility	LoadBearingStrength
38	124	6	0	0	0	0	20	11	6	222.60	0		5.441474
43	138	6	0	0	11	0	20	11	6	222.60	0		5.441474
43	136	2	0	0	11	6	18	13	6	332.24	1		11.122290
15	44	8	0	0	0	6	20	9	14	315.12	1		1.950234
43	137	4	0	20	11	0	30	10	12	962.59	0		18.944130
38	125	8	0	0	11	12	20	9	14	315.12	1		1.950234
38	123	4	0	20	11	12	30	10	12	962.59	0		18.944130
15	42	4	0	20	0	0	30	10	12	962.59	0		18.944130
15	43	5	0	20	0	12	18	11	14	381.24	0		4.910118
15	46	10	0	38	0	12	12	7	11	321.62	0		15.937956
15	45	9	1	50	0	0	13	6	8	180.72	0		54.584060
38	122	2	0	20	11	24	18	13	6	332.24	1		11.122290


-------------------------------------------------------------------------------------------------------------------
Tour_Id:			9
No_of_Customers:		6
No_of_Items:			19
Customer_Sequence:		41 4 32 10 26 35 

CustId	Id	TypeId	Rotated	x	y	z	Length	Width	Height	mass	Fragility	LoadBearingStrength
35	114	9	0	0	0	0	13	6	8	180.72	0		54.584060
35	112	5	0	0	6	0	18	11	14	381.24	0		4.910118
35	110	1	0	0	17	0	15	5	14	366.95	0		42.878826
35	113	7	0	0	6	14	14	8	14	441.61	0		20.073884
35	111	2	0	18	0	0	18	13	6	332.24	1		11.122290
26	81	1	0	0	0	8	15	5	14	366.95	0		42.878826
32	103	5	0	18	13	0	18	11	14	381.24	0		4.910118
26	84	10	0	0	14	14	12	7	11	321.62	0		15.937956
26	83	8	0	18	0	6	20	9	14	315.12	1		1.950234
10	28	10	0	38	0	0	12	7	11	321.62	0		15.937956
10	29	10	0	38	0	11	12	7	11	321.62	0		15.937956
32	102	5	0	12	14	14	18	11	14	381.24	0		4.910118
26	82	1	0	38	7	0	15	5	14	366.95	0		42.878826
4	10	5	0	36	12	0	18	11	14	381.24	0		4.910118
32	104	9	0	0	0	22	13	6	8	180.72	0		54.584060
4	9	2	0	30	9	14	18	13	6	332.24	1		11.122290
41	131	10	1	48	7	14	12	7	11	321.62	0		15.937956
41	132	10	1	53	0	0	12	7	11	321.62	0		15.937956
41	130	9	0	38	0	22	13	6	8	180.72	0		54.584060


-------------------------------------------------------------------------------------------------------------------
Tour_Id:			10
No_of_Customers:		4
No_of_Items:			12
Customer_Sequence:		51 47 6 20 

CustId	Id	TypeId	Rotated	x	y	z	Length	Width	Height	mass	Fragility	LoadBearingStrength
20	63	9	0	0	0	0	13	6	8	180.72	0		54.584060
20	62	8	0	0	6	0	20	9	14	315.12	1		1.950234
6	15	5	0	20	0	0	18	11	14	381.24	0		4.910118
6	14	1	0	0	15	0	15	5	14	366.95	0		42.878826
6	17	8	0	0	6	14	20	9	14	315.12	1		1.950234
47	152	1	0	0	20	0	15	5	14	366.95	0		42.878826
47	153	8	0	0	15	14	20	9	14	315.12	1		1.950234
47	154	9	0	15	15	0	13	6	8	180.72	0		54.584060
6	16	5	0	20	0	14	18	11	14	381.24	0		4.910118
51	168	4	0	28	11	0	30	10	12	962.59	0		18.944130
51	169	6	0	28	11	12	20	11	6	222.60	0		5.441474
51	167	2	0	28	11	18	18	13	6	332.24	1		11.122290


-------------------------------------------------------------------------------------------------------------------
Tour_Id:			11
No_of_Customers:		4
No_of_Items:			18
Customer_Sequence:		45 60 18 36 

CustId	Id	TypeId	Rotated	x	y	z	Length	Width	Height	mass	Fragility	LoadBearingStrength
36	115	5	0	0	0	0	18	11	14	381.24	0		4.910118
60	196	1	0	0	11	0	15	5	14	366.95	0		42.878826
36	117	8	0	0	16	0	20	9	14	315.12	1		1.950234
18	58	9	0	0	0	14	13	6	8	180.72	0		54.584060
18	56	6	0	18	0	0	20	11	6	222.60	0		5.441474
18	55	6	0	18	0	6	20	11	6	222.60	0		5.441474
18	59	9	0	0	0	22	13	6	8	180.72	0		54.584060
60	200	9	0	0	6	14	13	6	8	180.72	0		54.584060
60	197	3	0	18	0	12	23	9	7	380.52	0		23.137773
36	116	8	0	0	16	14	20	9	14	315.12	1		1.950234
18	57	8	0	20	16	0	20	9	14	315.12	1		1.950234
60	198	8	0	20	16	14	20	9	14	315.12	1		1.950234
60	199	8	0	40	9	0	20	9	14	315.12	1		1.950234
45	146	7	0	41	0	0	14	8	14	441.61	0		20.073884
45	145	6	0	18	0	19	20	11	6	222.60	0		5.441474
45	147	10	0	40	18	0	12	7	11	321.62	0		15.937956
45	148	10	0	40	18	11	12	7	11	321.62	0		15.937956
45	144	2	0	41	0	14	18	13	6	332.24	1		11.122290


-------------------------------------------------------------------------------------------------------------------
Tour_Id:			12
No_of_Customers:		4
No_of_Items:			16
Customer_Sequence:		8 22 27 44 

CustId	Id	TypeId	Rotated	x	y	z	Length	Width	Height	mass	Fragility	LoadBearingStrength
44	140	4	0	0	0	0	30	10	12	962.59	0		18.944130
44	141	9	0	0	10	0	13	6	8	180.72	0		54.584060
22	68	6	0	0	0	12	20	11	6	222.60	0		5.441474
8	23	4	0	30	0	0	30	10	12	962.59	0		18.944130
44	139	2	0	13	10	0	18	13	6	332.24	1		11.122290
27	86	6	0	31	10	0	20	11	6	222.60	0		5.441474
27	85	1	0	0	11	8	15	5	14	366.95	0		42.878826
22	67	3	0	0	0	18	23	9	7	380.52	0		23.137773
44	142	9	0	0	16	0	13	6	8	180.72	0		54.584060
8	24	7	0	23	0	12	14	8	14	441.61	0		20.073884
22	69	8	0	15	11	6	20	9	14	315.12	1		1.950234
22	70	8	0	35	10	6	20	9	14	315.12	1		1.950234
44	143	9	0	0	16	8	13	6	8	180.72	0		54.584060
22	71	10	0	0	16	16	12	7	11	321.62	0		15.937956
8	21	3	0	37	0	12	23	9	7	380.52	0		23.137773
8	22	3	0	37	0	19	23	9	7	380.52	0		23.137773


