Name:				159_n060_m200_bt10
Problem:			3L-VRPTW
Number_of_used_Vehicles:	16
Total_Travel_Distance:		1334.86
Calculation_Time:		3600.00
Total_Iterations:		14450
ConstraintSet:			P1

-------------------------------------------------------------------------------------------------------------------
Tour_Id:			1
No_of_Customers:		5
No_of_Items:			14
Customer_Sequence:		33 18 45 11 20 

CustId	Id	TypeId	Rotated	x	y	z	Length	Width	Height	mass	Fragility	LoadBearingStrength
20	63	2	0	0	0	0	24	13	10	657.59	0		18.254762
20	64	4	0	0	13	0	30	10	10	367.91	0		16.859791
20	65	10	0	0	0	10	20	14	10	667.92	0		27.235577
11	33	8	0	0	14	10	30	9	11	849.31	0		5.560774
11	32	1	0	0	0	20	13	9	10	367.21	0		9.456238
45	151	4	0	24	0	0	30	10	10	367.91	0		16.859791
45	152	4	0	20	0	10	30	10	10	367.91	0		16.859791
45	153	8	0	30	13	0	30	9	11	849.31	0		5.560774
33	105	7	0	0	14	21	31	9	9	288	0		5.909533
18	56	1	0	13	0	20	13	9	10	367.21	0		9.456238
18	57	9	0	26	0	20	28	8	9	567.81	1		3.210962
45	150	1	0	30	13	11	13	9	10	367.21	0		9.456238
33	104	1	0	43	13	11	13	9	10	367.21	0		9.456238
33	106	9	0	31	14	21	28	8	9	567.81	1		3.210962


-------------------------------------------------------------------------------------------------------------------
Tour_Id:			2
No_of_Customers:		5
No_of_Items:			15
Customer_Sequence:		25 28 5 49 36 

CustId	Id	TypeId	Rotated	x	y	z	Length	Width	Height	mass	Fragility	LoadBearingStrength
36	118	7	0	0	0	0	31	9	9	288	0		5.909533
49	162	5	0	0	9	0	32	5	10	503.94	0		11.611173
36	117	1	0	0	14	0	13	9	10	367.21	0		9.456238
36	119	9	0	0	0	9	28	8	9	567.81	1		3.210962
49	163	6	0	32	0	0	22	13	6	454.94	0		6.201741
49	164	10	0	0	9	10	20	14	10	667.92	0		27.235577
36	116	1	0	13	14	0	13	9	10	367.21	0		9.456238
49	161	1	0	0	9	20	13	9	10	367.21	0		9.456238
5	15	2	0	32	0	6	24	13	10	657.59	0		18.254762
5	14	1	1	13	9	20	13	9	10	367.21	0		9.456238
5	16	9	0	0	0	18	28	8	9	567.81	1		3.210962
28	89	7	0	26	14	0	31	9	9	288	0		5.909533
28	88	3	0	28	0	16	31	13	11	1446.02	1		8.710696
25	81	4	0	26	14	9	30	10	10	367.91	0		16.859791
25	82	8	0	26	14	19	30	9	11	849.31	0		5.560774


-------------------------------------------------------------------------------------------------------------------
Tour_Id:			3
No_of_Customers:		3
No_of_Items:			11
Customer_Sequence:		34 50 59 

CustId	Id	TypeId	Rotated	x	y	z	Length	Width	Height	mass	Fragility	LoadBearingStrength
59	198	10	0	0	0	0	20	14	10	667.92	0		27.235577
59	196	4	0	0	14	0	30	10	10	367.91	0		16.859791
59	197	6	0	0	0	10	22	13	6	454.94	0		6.201741
50	165	3	0	22	0	0	31	13	11	1446.02	1		8.710696
50	167	8	0	0	13	10	30	9	11	849.31	0		5.560774
50	166	8	0	30	13	0	30	9	11	849.31	0		5.560774
34	110	8	0	30	13	11	30	9	11	849.31	0		5.560774
34	108	6	0	0	0	16	22	13	6	454.94	0		6.201741
34	109	6	0	0	0	22	22	13	6	454.94	0		6.201741
34	107	3	0	22	0	11	31	13	11	1446.02	1		8.710696
34	111	9	0	0	13	21	28	8	9	567.81	1		3.210962


-------------------------------------------------------------------------------------------------------------------
Tour_Id:			4
No_of_Customers:		3
No_of_Items:			10
Customer_Sequence:		44 60 21 

CustId	Id	TypeId	Rotated	x	y	z	Length	Width	Height	mass	Fragility	LoadBearingStrength
21	67	1	0	0	0	0	13	9	10	367.21	0		9.456238
21	68	6	0	0	9	0	22	13	6	454.94	0		6.201741
21	70	9	0	0	9	6	28	8	9	567.81	1		3.210962
21	69	8	0	13	0	0	30	9	11	849.31	0		5.560774
60	199	5	0	13	0	11	32	5	10	503.94	0		11.611173
21	66	1	0	0	0	10	13	9	10	367.21	0		9.456238
44	147	1	0	45	0	0	13	9	10	367.21	0		9.456238
60	200	9	0	0	9	15	28	8	9	567.81	1		3.210962
44	148	2	0	28	9	0	24	13	10	657.59	0		18.254762
44	149	3	0	28	9	10	31	13	11	1446.02	1		8.710696


-------------------------------------------------------------------------------------------------------------------
Tour_Id:			5
No_of_Customers:		3
No_of_Items:			12
Customer_Sequence:		29 56 30 

CustId	Id	TypeId	Rotated	x	y	z	Length	Width	Height	mass	Fragility	LoadBearingStrength
30	93	2	0	0	0	0	24	13	10	657.59	0		18.254762
30	96	6	0	0	0	10	22	13	6	454.94	0		6.201741
56	190	8	0	0	13	0	30	9	11	849.31	0		5.560774
30	95	5	0	24	0	0	32	5	10	503.94	0		11.611173
56	188	1	0	0	13	11	13	9	10	367.21	0		9.456238
56	186	1	0	0	0	16	13	9	10	367.21	0		9.456238
56	187	1	0	13	13	11	13	9	10	367.21	0		9.456238
30	94	5	0	24	5	0	32	5	10	503.94	0		11.611173
56	189	3	0	22	0	10	31	13	11	1446.02	1		8.710696
29	91	8	0	30	13	0	30	9	11	849.31	0		5.560774
29	90	7	0	0	13	21	31	9	9	288	0		5.909533
29	92	9	0	22	0	21	28	8	9	567.81	1		3.210962


-------------------------------------------------------------------------------------------------------------------
Tour_Id:			6
No_of_Customers:		4
No_of_Items:			14
Customer_Sequence:		10 19 26 23 

CustId	Id	TypeId	Rotated	x	y	z	Length	Width	Height	mass	Fragility	LoadBearingStrength
23	76	4	0	0	0	0	30	10	10	367.91	0		16.859791
23	77	6	0	0	10	0	22	13	6	454.94	0		6.201741
23	75	2	0	0	10	6	24	13	10	657.59	0		18.254762
26	83	4	0	0	0	10	30	10	10	367.91	0		16.859791
23	78	6	0	0	10	16	22	13	6	454.94	0		6.201741
19	58	1	0	0	0	20	13	9	10	367.21	0		9.456238
19	61	5	0	24	10	0	32	5	10	503.94	0		11.611173
26	85	8	0	24	15	0	30	9	11	849.31	0		5.560774
19	60	4	0	24	15	11	30	10	10	367.91	0		16.859791
26	84	4	0	30	0	0	30	10	10	367.91	0		16.859791
19	59	1	0	13	0	20	13	9	10	367.21	0		9.456238
19	62	9	0	24	15	21	28	8	9	567.81	1		3.210962
10	31	10	0	30	0	10	20	14	10	667.92	0		27.235577
10	30	7	0	26	0	20	31	9	9	288	0		5.909533


-------------------------------------------------------------------------------------------------------------------
Tour_Id:			7
No_of_Customers:		4
No_of_Items:			12
Customer_Sequence:		4 13 1 46 

CustId	Id	TypeId	Rotated	x	y	z	Length	Width	Height	mass	Fragility	LoadBearingStrength
46	154	4	0	0	0	0	30	10	10	367.91	0		16.859791
46	155	5	0	0	10	0	32	5	10	503.94	0		11.611173
1	2	5	0	0	15	0	32	5	10	503.94	0		11.611173
1	1	4	0	0	0	10	30	10	10	367.91	0		16.859791
1	3	6	0	0	10	10	22	13	6	454.94	0		6.201741
13	38	4	0	0	0	20	30	10	10	367.91	0		16.859791
1	5	8	0	30	0	0	30	9	11	849.31	0		5.560774
1	4	6	0	0	10	16	22	13	6	454.94	0		6.201741
13	39	10	0	32	10	0	20	14	10	667.92	0		27.235577
13	37	3	0	22	10	10	31	13	11	1446.02	1		8.710696
4	12	4	0	30	0	11	30	10	10	367.91	0		16.859791
4	13	6	0	0	10	22	22	13	6	454.94	0		6.201741


-------------------------------------------------------------------------------------------------------------------
Tour_Id:			8
No_of_Customers:		3
No_of_Items:			8
Customer_Sequence:		52 37 53 

CustId	Id	TypeId	Rotated	x	y	z	Length	Width	Height	mass	Fragility	LoadBearingStrength
53	176	3	0	0	0	0	31	13	11	1446.02	1		8.710696
53	177	8	0	0	13	0	30	9	11	849.31	0		5.560774
52	173	3	0	0	0	11	31	13	11	1446.02	1		8.710696
37	122	10	0	31	0	0	20	14	10	667.92	0		27.235577
37	120	5	0	0	13	11	32	5	10	503.94	0		11.611173
52	175	6	0	31	0	10	22	13	6	454.94	0		6.201741
52	174	5	0	0	18	11	32	5	10	503.94	0		11.611173
37	121	8	0	30	14	0	30	9	11	849.31	0		5.560774


-------------------------------------------------------------------------------------------------------------------
Tour_Id:			9
No_of_Customers:		3
No_of_Items:			11
Customer_Sequence:		14 17 15 

CustId	Id	TypeId	Rotated	x	y	z	Length	Width	Height	mass	Fragility	LoadBearingStrength
17	54	7	0	0	0	0	31	9	9	288	0		5.909533
15	44	2	0	0	9	0	24	13	10	657.59	0		18.254762
17	53	7	0	0	0	9	31	9	9	288	0		5.909533
15	45	6	0	0	9	10	22	13	6	454.94	0		6.201741
14	42	8	0	0	0	18	30	9	11	849.31	0		5.560774
14	40	1	0	0	9	16	13	9	10	367.21	0		9.456238
17	51	1	0	24	9	0	13	9	10	367.21	0		9.456238
17	55	10	0	37	0	0	20	14	10	667.92	0		27.235577
17	52	5	0	24	18	0	32	5	10	503.94	0		11.611173
14	41	3	0	22	9	10	31	13	11	1446.02	1		8.710696
14	43	9	0	22	9	21	28	8	9	567.81	1		3.210962


-------------------------------------------------------------------------------------------------------------------
Tour_Id:			10
No_of_Customers:		4
No_of_Items:			13
Customer_Sequence:		43 7 24 35 

CustId	Id	TypeId	Rotated	x	y	z	Length	Width	Height	mass	Fragility	LoadBearingStrength
24	79	8	0	0	0	0	30	9	11	849.31	0		5.560774
35	113	7	0	0	9	0	31	9	9	288	0		5.909533
35	114	7	0	0	9	9	31	9	9	288	0		5.909533
35	112	1	0	0	9	18	13	9	10	367.21	0		9.456238
35	115	10	0	31	9	0	20	14	10	667.92	0		27.235577
24	80	9	0	0	0	11	28	8	9	567.81	1		3.210962
7	22	8	0	30	0	0	30	9	11	849.31	0		5.560774
7	23	9	0	0	0	20	28	8	9	567.81	1		3.210962
43	145	6	0	31	9	10	22	13	6	454.94	0		6.201741
43	146	8	0	28	0	11	30	9	11	849.31	0		5.560774
43	144	2	0	31	9	16	24	13	10	657.59	0		18.254762
43	142	1	0	13	9	18	13	9	10	367.21	0		9.456238
43	143	1	1	51	9	0	13	9	10	367.21	0		9.456238


-------------------------------------------------------------------------------------------------------------------
Tour_Id:			11
No_of_Customers:		3
No_of_Items:			13
Customer_Sequence:		57 39 51 

CustId	Id	TypeId	Rotated	x	y	z	Length	Width	Height	mass	Fragility	LoadBearingStrength
51	172	10	0	0	0	0	20	14	10	667.92	0		27.235577
51	170	8	0	0	14	0	30	9	11	849.31	0		5.560774
51	171	9	0	0	14	11	28	8	9	567.81	1		3.210962
51	168	6	0	0	0	10	22	13	6	454.94	0		6.201741
39	129	2	0	0	0	16	24	13	10	657.59	0		18.254762
51	169	8	0	22	0	0	30	9	11	849.31	0		5.560774
57	192	4	0	30	14	0	30	10	10	367.91	0		16.859791
39	130	5	0	22	9	0	32	5	10	503.94	0		11.611173
57	193	4	0	30	9	10	30	10	10	367.91	0		16.859791
39	132	9	0	0	14	20	28	8	9	567.81	1		3.210962
57	191	2	0	30	9	20	24	13	10	657.59	0		18.254762
39	131	7	0	28	0	11	31	9	9	288	0		5.909533
39	128	1	0	28	0	20	13	9	10	367.21	0		9.456238


-------------------------------------------------------------------------------------------------------------------
Tour_Id:			12
No_of_Customers:		4
No_of_Items:			15
Customer_Sequence:		22 32 9 12 

CustId	Id	TypeId	Rotated	x	y	z	Length	Width	Height	mass	Fragility	LoadBearingStrength
12	35	8	0	0	0	0	30	9	11	849.31	0		5.560774
12	36	10	0	0	9	0	20	14	10	667.92	0		27.235577
32	100	4	0	0	0	11	30	10	10	367.91	0		16.859791
12	34	6	0	0	10	10	22	13	6	454.94	0		6.201741
9	28	6	0	0	10	16	22	13	6	454.94	0		6.201741
9	29	6	0	0	10	22	22	13	6	454.94	0		6.201741
9	27	4	0	22	10	0	30	10	10	367.91	0		16.859791
9	26	1	0	22	10	10	13	9	10	367.21	0		9.456238
32	101	5	0	22	20	0	32	5	10	503.94	0		11.611173
32	102	6	0	35	10	10	22	13	6	454.94	0		6.201741
32	103	9	0	0	0	21	28	8	9	567.81	1		3.210962
22	71	4	0	30	0	0	30	10	10	367.91	0		16.859791
22	74	8	0	30	0	10	30	9	11	849.31	0		5.560774
22	73	7	0	28	0	21	31	9	9	288	0		5.909533
22	72	6	0	35	10	16	22	13	6	454.94	0		6.201741


-------------------------------------------------------------------------------------------------------------------
Tour_Id:			13
No_of_Customers:		5
No_of_Items:			15
Customer_Sequence:		6 31 8 47 3 

CustId	Id	TypeId	Rotated	x	y	z	Length	Width	Height	mass	Fragility	LoadBearingStrength
3	10	6	0	0	0	0	22	13	6	454.94	0		6.201741
3	11	7	0	0	13	0	31	9	9	288	0		5.909533
3	9	5	0	0	13	9	32	5	10	503.94	0		11.611173
8	25	7	0	22	0	0	31	9	9	288	0		5.909533
47	156	5	0	0	18	9	32	5	10	503.94	0		11.611173
47	157	6	0	0	0	6	22	13	6	454.94	0		6.201741
31	99	10	0	32	9	0	20	14	10	667.92	0		27.235577
8	24	5	0	0	13	19	32	5	10	503.94	0		11.611173
31	98	7	0	22	0	9	31	9	9	288	0		5.909533
31	97	6	0	0	0	12	22	13	6	454.94	0		6.201741
6	21	8	0	0	0	18	30	9	11	849.31	0		5.560774
6	20	6	0	32	9	10	22	13	6	454.94	0		6.201741
6	19	5	0	0	18	19	32	5	10	503.94	0		11.611173
6	17	1	0	30	0	18	13	9	10	367.21	0		9.456238
6	18	1	0	32	9	16	13	9	10	367.21	0		9.456238


-------------------------------------------------------------------------------------------------------------------
Tour_Id:			14
No_of_Customers:		4
No_of_Items:			11
Customer_Sequence:		41 40 55 2 

CustId	Id	TypeId	Rotated	x	y	z	Length	Width	Height	mass	Fragility	LoadBearingStrength
2	6	3	0	0	0	0	31	13	11	1446.02	1		8.710696
2	7	9	0	0	13	0	28	8	9	567.81	1		3.210962
41	135	4	0	28	13	0	30	10	10	367.91	0		16.859791
55	184	2	0	31	0	0	24	13	10	657.59	0		18.254762
55	183	1	0	31	0	10	13	9	10	367.21	0		9.456238
55	185	3	0	0	0	11	31	13	11	1446.02	1		8.710696
41	136	6	0	31	9	10	22	13	6	454.94	0		6.201741
40	133	1	0	31	0	20	13	9	10	367.21	0		9.456238
2	8	9	0	0	13	9	28	8	9	567.81	1		3.210962
40	134	9	0	0	13	18	28	8	9	567.81	1		3.210962
41	137	9	0	31	9	16	28	8	9	567.81	1		3.210962


-------------------------------------------------------------------------------------------------------------------
Tour_Id:			15
No_of_Customers:		4
No_of_Items:			12
Customer_Sequence:		27 38 58 48 

CustId	Id	TypeId	Rotated	x	y	z	Length	Width	Height	mass	Fragility	LoadBearingStrength
48	159	3	0	0	0	0	31	13	11	1446.02	1		8.710696
48	160	8	0	0	13	0	30	9	11	849.31	0		5.560774
48	158	1	0	0	13	11	13	9	10	367.21	0		9.456238
38	127	10	0	31	0	0	20	14	10	667.92	0		27.235577
58	195	4	0	30	14	0	30	10	10	367.91	0		16.859791
38	125	8	0	30	13	10	30	9	11	849.31	0		5.560774
58	194	3	0	0	0	11	31	13	11	1446.02	1		8.710696
38	124	6	0	31	0	10	22	13	6	454.94	0		6.201741
38	123	1	0	13	13	11	13	9	10	367.21	0		9.456238
38	126	9	0	0	13	21	28	8	9	567.81	1		3.210962
27	86	2	0	31	0	16	24	13	10	657.59	0		18.254762
27	87	9	0	28	13	21	28	8	9	567.81	1		3.210962


-------------------------------------------------------------------------------------------------------------------
Tour_Id:			16
No_of_Customers:		3
No_of_Items:			14
Customer_Sequence:		54 42 16 

CustId	Id	TypeId	Rotated	x	y	z	Length	Width	Height	mass	Fragility	LoadBearingStrength
42	141	10	0	0	0	0	20	14	10	667.92	0		27.235577
16	49	4	0	0	14	0	30	10	10	367.91	0		16.859791
16	50	7	0	0	14	10	31	9	9	288	0		5.909533
16	46	1	0	0	14	19	13	9	10	367.21	0		9.456238
42	139	6	0	0	0	10	22	13	6	454.94	0		6.201741
16	48	4	0	30	14	0	30	10	10	367.91	0		16.859791
42	138	6	0	0	0	16	22	13	6	454.94	0		6.201741
54	182	8	0	22	0	0	30	9	11	849.31	0		5.560774
42	140	9	0	31	14	10	28	8	9	567.81	1		3.210962
54	181	8	0	22	0	11	30	9	11	849.31	0		5.560774
16	47	1	0	13	14	19	13	9	10	367.21	0		9.456238
54	178	5	0	22	9	0	32	5	10	503.94	0		11.611173
54	179	5	0	22	9	10	32	5	10	503.94	0		11.611173
54	180	5	0	22	9	20	32	5	10	503.94	0		11.611173


