Name:				161_n060_m200_bt100
Problem:			3L-VRPTW
Number_of_used_Vehicles:	16
Total_Travel_Distance:		1241.38
Calculation_Time:		2533.71
Total_Iterations:		21263
ConstraintSet:			P1

-------------------------------------------------------------------------------------------------------------------
Tour_Id:			1
No_of_Customers:		2
No_of_Items:			10
Customer_Sequence:		42 39 

CustId	Id	TypeId	Rotated	x	y	z	Length	Width	Height	mass	Fragility	LoadBearingStrength
39	134	60	0	0	0	0	27	12	11	402.80	0		7.033749
39	135	82	0	0	12	0	27	6	12	266.01	0		7.721730
39	133	47	0	0	18	0	12	6	8	109.26	0		6.915881
39	132	38	0	27	0	0	23	13	10	593.29	1		1.788502
39	131	25	0	0	0	11	26	6	10	325.39	1		24.935405
42	142	63	0	27	13	0	33	10	7	947.22	0		17.707882
42	143	64	0	27	13	7	13	10	14	435.39	0		51.108372
42	145	90	0	40	13	7	18	10	9	351.04	0		14.856363
42	144	67	0	0	6	11	19	6	14	279.22	0		19.625350
42	141	59	0	27	0	10	14	12	7	219.33	1		7.201423


-------------------------------------------------------------------------------------------------------------------
Tour_Id:			2
No_of_Customers:		4
No_of_Items:			11
Customer_Sequence:		18 30 24 26 

CustId	Id	TypeId	Rotated	x	y	z	Length	Width	Height	mass	Fragility	LoadBearingStrength
26	90	8	0	0	0	0	24	11	11	674.78	0		17.354582
26	91	15	0	0	11	0	20	9	11	312.61	0		18.332457
24	84	83	0	0	0	11	25	8	8	393.02	0		24.392459
24	83	67	0	0	8	11	19	6	14	279.22	0		19.625350
24	85	94	0	0	20	0	20	5	11	161.29	1		12.646939
30	100	1	0	20	11	0	32	11	14	795.88	0		21.069401
30	102	24	0	20	11	14	29	7	12	579.43	0		14.058530
30	103	62	0	25	0	0	27	10	9	350.10	0		11.512274
30	101	9	0	25	0	9	26	10	9	455.80	0		17.136928
18	64	90	0	25	0	18	18	10	9	351.04	0		14.856363
18	63	19	0	0	0	19	20	8	8	161.58	0		7.482107


-------------------------------------------------------------------------------------------------------------------
Tour_Id:			3
No_of_Customers:		4
No_of_Items:			14
Customer_Sequence:		22 31 28 56 

CustId	Id	TypeId	Rotated	x	y	z	Length	Width	Height	mass	Fragility	LoadBearingStrength
56	187	88	0	0	0	0	30	13	14	574.44	0		7.668419
56	186	54	0	0	13	0	23	6	11	231.15	0		7.197448
28	97	86	0	0	19	0	24	6	10	215.31	0		30.653621
31	106	98	0	0	0	14	12	9	10	205.69	0		14.679184
28	95	28	0	24	13	0	35	8	6	1278.08	0		42.078020
28	94	11	0	30	0	0	23	12	8	430.32	0		51.598458
31	104	73	0	12	0	14	20	14	6	242.49	0		6.314102
31	105	73	0	12	0	20	20	14	6	242.49	0		6.314102
28	96	32	0	0	19	10	30	6	14	649.83	0		28.460389
22	73	18	0	32	0	8	27	12	10	412.90	0		10.568306
22	74	33	0	32	0	18	23	13	9	396.46	0		12.630707
22	75	56	0	30	14	6	18	9	8	266.36	0		29.567546
22	76	80	0	30	14	14	16	11	6	114.66	0		4.820080
22	77	92	0	30	14	20	17	7	7	174.65	0		18.980766


-------------------------------------------------------------------------------------------------------------------
Tour_Id:			4
No_of_Customers:		4
No_of_Items:			12
Customer_Sequence:		25 45 38 55 

CustId	Id	TypeId	Rotated	x	y	z	Length	Width	Height	mass	Fragility	LoadBearingStrength
38	129	84	0	0	0	0	34	6	12	310.18	1		5.482486
55	184	54	0	0	6	0	23	6	11	231.15	0		7.197448
55	185	80	0	0	12	0	16	11	6	114.66	0		4.820080
45	154	58	0	0	12	6	14	11	13	397.60	0		13.025350
38	130	99	0	0	6	11	26	6	9	330.46	0		10.253043
45	152	14	0	16	12	0	33	13	8	447.50	0		17.903043
45	153	24	0	14	12	8	29	7	12	579.43	0		14.058530
38	128	5	0	0	6	20	12	6	10	300.19	0		29.628819
25	89	97	0	12	6	20	24	13	10	698.24	0		54.535707
25	87	61	0	34	0	0	15	9	8	172.92	0		17.431860
25	86	53	1	49	0	0	22	11	11	1453.43	1		22.102386
25	88	77	0	0	0	12	21	6	7	270.18	1		4.309309


-------------------------------------------------------------------------------------------------------------------
Tour_Id:			5
No_of_Customers:		3
No_of_Items:			9
Customer_Sequence:		1 58 34 

CustId	Id	TypeId	Rotated	x	y	z	Length	Width	Height	mass	Fragility	LoadBearingStrength
34	115	88	0	0	0	0	30	13	14	574.44	0		7.668419
1	1	14	0	0	0	14	33	13	8	447.50	0		17.903043
34	114	43	0	30	0	0	19	14	14	906.45	0		25.907275
34	113	25	0	0	13	0	26	6	10	325.39	1		24.935405
58	191	6	0	30	14	0	30	9	12	369.22	0		2.950377
58	192	74	0	30	14	12	19	10	13	1286.22	0		31.138671
58	193	86	0	0	19	0	24	6	10	215.31	0		30.653621
34	116	98	1	49	0	0	12	9	10	205.69	0		14.679184
1	2	98	0	33	0	14	12	9	10	205.69	0		14.679184


-------------------------------------------------------------------------------------------------------------------
Tour_Id:			6
No_of_Customers:		2
No_of_Items:			9
Customer_Sequence:		33 17 

CustId	Id	TypeId	Rotated	x	y	z	Length	Width	Height	mass	Fragility	LoadBearingStrength
17	58	1	0	0	0	0	32	11	14	795.88	0		21.069401
17	62	97	0	0	11	0	24	13	10	698.24	0		54.535707
33	112	78	0	0	11	10	20	6	10	607.54	0		63.796023
17	60	69	0	0	0	14	35	5	10	412.18	0		28.703695
17	61	94	0	0	17	10	20	5	11	161.29	1		12.646939
33	110	51	0	24	11	0	34	13	14	1067.97	0		18.721941
33	111	73	0	24	11	14	20	14	6	242.49	0		6.314102
17	59	37	0	0	5	14	31	5	13	1188.54	0		43.769952
33	109	48	0	24	11	20	17	9	7	218.10	1		20.009084


-------------------------------------------------------------------------------------------------------------------
Tour_Id:			7
No_of_Customers:		4
No_of_Items:			12
Customer_Sequence:		5 20 41 12 

CustId	Id	TypeId	Rotated	x	y	z	Length	Width	Height	mass	Fragility	LoadBearingStrength
41	139	37	0	0	0	0	31	5	13	1188.54	0		43.769952
12	41	18	0	0	5	0	27	12	10	412.90	0		10.568306
12	43	91	0	0	17	0	17	8	12	354.74	0		44.574996
12	42	46	0	0	5	10	33	8	7	322.77	1		2.852113
20	68	93	0	33	0	0	19	14	6	373.31	0		39.483408
5	17	81	0	27	14	0	32	11	6	446.10	0		18.598674
20	67	31	0	33	0	6	15	14	12	409.92	0		26.620552
5	13	6	0	27	14	6	30	9	12	369.22	0		2.950377
5	14	29	0	27	14	18	20	11	11	590.74	0		46.276544
41	140	91	0	0	17	12	17	8	12	354.74	0		44.574996
5	16	55	0	33	0	18	16	14	7	313.43	0		17.231194
5	15	47	0	47	14	18	12	6	8	109.26	0		6.915881


-------------------------------------------------------------------------------------------------------------------
Tour_Id:			8
No_of_Customers:		4
No_of_Items:			16
Customer_Sequence:		21 53 15 57 

CustId	Id	TypeId	Rotated	x	y	z	Length	Width	Height	mass	Fragility	LoadBearingStrength
57	189	72	0	0	0	0	22	9	13	313.09	0		5.469838
57	188	41	0	0	9	0	24	12	6	693.78	0		24.730514
15	51	11	0	0	9	6	23	12	8	430.32	0		51.598458
57	190	83	0	0	0	13	25	8	8	393.02	0		24.392459
15	53	78	0	0	9	14	20	6	10	607.54	0		63.796023
15	55	95	0	24	9	0	14	12	10	421.54	0		27.175081
15	54	83	0	0	0	21	25	8	8	393.02	0		24.392459
15	52	28	0	25	0	0	35	8	6	1278.08	0		42.078020
53	177	21	0	25	0	6	31	7	13	380.62	0		31.726898
53	179	45	0	0	15	14	12	6	10	185.62	0		10.086701
53	178	42	0	0	9	24	23	5	6	396.30	0		27.205431
53	176	16	0	23	8	10	16	11	12	333.67	1		2.715801
21	70	43	0	39	8	0	19	14	14	906.45	0		25.907275
21	71	68	0	39	7	14	16	13	12	533.25	0		17.535067
21	72	78	0	25	0	19	20	6	10	607.54	0		63.796023
21	69	5	0	45	0	19	12	6	10	300.19	0		29.628819


-------------------------------------------------------------------------------------------------------------------
Tour_Id:			9
No_of_Customers:		4
No_of_Items:			15
Customer_Sequence:		49 40 37 43 

CustId	Id	TypeId	Rotated	x	y	z	Length	Width	Height	mass	Fragility	LoadBearingStrength
43	147	44	0	0	0	0	13	12	8	170.78	0		10.264818
43	149	93	0	13	0	0	19	14	6	373.31	0		39.483408
43	148	50	0	0	14	0	18	11	8	185.18	0		7.048284
37	125	60	0	32	0	0	27	12	11	402.80	0		7.033749
37	127	98	0	0	0	8	12	9	10	205.69	0		14.679184
43	146	7	0	0	9	8	16	13	7	1194.50	1		16.365714
37	126	96	0	13	0	6	17	6	12	284.36	0		16.178582
37	124	35	0	18	14	0	33	11	11	544.16	1		15.339051
40	136	22	0	32	0	11	19	14	6	184.48	0		4.139145
49	165	93	0	30	0	17	19	14	6	373.31	0		39.483408
40	138	94	0	0	9	15	20	5	11	161.29	1		12.646939
49	162	6	0	0	0	18	30	9	12	369.22	0		2.950377
49	163	22	0	30	0	23	19	14	6	184.48	0		4.139145
40	137	75	1	51	12	0	13	5	6	51.35	0		12.084078
49	164	46	0	16	14	11	33	8	7	322.77	1		2.852113


-------------------------------------------------------------------------------------------------------------------
Tour_Id:			10
No_of_Customers:		4
No_of_Items:			12
Customer_Sequence:		9 29 23 36 

CustId	Id	TypeId	Rotated	x	y	z	Length	Width	Height	mass	Fragility	LoadBearingStrength
36	122	51	0	0	0	0	34	13	14	1067.97	0		18.721941
23	78	21	0	0	13	0	31	7	13	380.62	0		31.726898
23	80	66	0	0	0	14	17	11	14	513.12	1		2.728879
36	123	99	0	34	0	0	26	6	9	330.46	0		10.253043
23	81	69	0	0	20	0	35	5	10	412.18	0		28.703695
23	79	61	0	0	13	13	15	9	8	172.92	0		17.431860
23	82	97	0	34	6	0	24	13	10	698.24	0		54.535707
29	98	91	0	15	13	13	17	8	12	354.74	0		44.574996
29	99	100	0	17	0	14	21	5	6	139.88	1		5.294902
9	31	27	0	34	6	10	25	11	11	484.99	0		23.627992
9	33	56	0	34	6	21	18	9	8	266.36	0		29.567546
9	32	47	0	17	5	14	12	6	8	109.26	0		6.915881


-------------------------------------------------------------------------------------------------------------------
Tour_Id:			11
No_of_Customers:		3
No_of_Items:			8
Customer_Sequence:		11 19 48 

CustId	Id	TypeId	Rotated	x	y	z	Length	Width	Height	mass	Fragility	LoadBearingStrength
19	65	88	0	0	0	0	30	13	14	574.44	0		7.668419
48	161	91	0	0	13	0	17	8	12	354.74	0		44.574996
19	66	91	0	0	13	12	17	8	12	354.74	0		44.574996
48	160	42	0	17	13	0	23	5	6	396.30	0		27.205431
11	40	97	0	0	0	14	24	13	10	698.24	0		54.535707
11	38	32	0	17	18	0	30	6	14	649.83	0		28.460389
11	39	69	0	17	18	14	35	5	10	412.18	0		28.703695
11	37	2	0	30	0	0	17	13	12	597.90	1		9.399042


-------------------------------------------------------------------------------------------------------------------
Tour_Id:			12
No_of_Customers:		3
No_of_Items:			11
Customer_Sequence:		51 27 7 

CustId	Id	TypeId	Rotated	x	y	z	Length	Width	Height	mass	Fragility	LoadBearingStrength
7	23	22	0	0	0	0	19	14	6	184.48	0		4.139145
7	24	66	0	0	14	0	17	11	14	513.12	1		2.728879
7	26	78	0	0	0	6	20	6	10	607.54	0		63.796023
7	27	78	0	0	6	6	20	6	10	607.54	0		63.796023
7	25	68	0	0	0	16	16	13	12	533.25	0		17.535067
27	92	23	0	20	0	0	31	12	7	575.99	0		7.411229
27	93	89	0	17	14	0	24	11	9	610.33	0		14.450253
51	171	39	0	20	0	7	31	14	14	979.46	0		11.930892
51	172	73	0	16	0	21	20	14	6	242.49	0		6.314102
51	170	30	0	17	14	9	23	10	6	243.05	0		8.560524
51	169	25	0	17	14	15	26	6	10	325.39	1		24.935405


-------------------------------------------------------------------------------------------------------------------
Tour_Id:			13
No_of_Customers:		6
No_of_Items:			17
Customer_Sequence:		32 54 44 8 16 4 

CustId	Id	TypeId	Rotated	x	y	z	Length	Width	Height	mass	Fragility	LoadBearingStrength
4	10	57	0	0	0	0	29	9	13	1883.29	0		36.334733
4	11	79	0	0	9	0	35	14	13	985.39	0		10.286012
4	9	10	0	0	0	13	26	6	8	160.61	0		24.103256
4	12	100	0	0	6	13	21	5	6	139.88	1		5.294902
8	28	14	0	0	11	13	33	13	8	447.50	0		17.903043
8	30	47	0	0	0	21	12	6	8	109.26	0		6.915881
44	150	21	0	29	0	0	31	7	13	380.62	0		31.726898
8	29	19	0	0	11	21	20	8	8	161.58	0		7.482107
16	57	94	0	0	6	19	20	5	11	161.29	1		12.646939
54	183	85	0	26	0	13	15	6	14	295.16	1		14.870846
16	56	56	0	35	9	0	18	9	8	266.36	0		29.567546
54	180	40	0	0	19	21	29	5	6	193.79	0		27.298726
54	182	49	0	35	18	0	18	6	7	81.69	0		20.535525
54	181	47	0	12	0	21	12	6	8	109.26	0		6.915881
44	151	65	0	35	7	8	17	8	9	276.26	0		16.320380
32	108	86	0	35	18	7	24	6	10	215.31	0		30.653621
32	107	7	0	35	7	17	16	13	7	1194.50	1		16.365714


-------------------------------------------------------------------------------------------------------------------
Tour_Id:			14
No_of_Customers:		5
No_of_Items:			18
Customer_Sequence:		52 47 13 14 6 

CustId	Id	TypeId	Rotated	x	y	z	Length	Width	Height	mass	Fragility	LoadBearingStrength
6	21	77	0	0	0	0	21	6	7	270.18	1		4.309309
6	20	46	0	0	6	0	33	8	7	322.77	1		2.852113
6	18	7	0	0	0	7	16	13	7	1194.50	1		16.365714
14	49	56	0	0	14	0	18	9	8	266.36	0		29.567546
6	22	82	0	21	0	0	27	6	12	266.01	0		7.721730
13	44	2	0	0	0	14	17	13	12	597.90	1		9.399042
13	46	69	0	18	14	0	35	5	10	412.18	0		28.703695
6	19	45	0	33	6	0	12	6	10	185.62	0		10.086701
14	50	86	0	18	19	0	24	6	10	215.31	0		30.653621
13	45	34	0	18	14	10	26	5	10	1425.79	0		79.805746
13	47	83	0	21	0	12	25	8	8	393.02	0		24.392459
14	48	5	0	0	13	8	12	6	10	300.19	0		29.628819
47	157	83	0	17	0	20	25	8	8	393.02	0		24.392459
47	158	86	0	18	19	10	24	6	10	215.31	0		30.653621
47	159	96	0	42	19	0	17	6	12	284.36	0		16.178582
52	173	9	0	18	14	20	26	10	9	455.80	0		17.136928
52	175	95	1	48	0	0	14	12	10	421.54	0		27.175081
52	174	50	1	48	0	10	18	11	8	185.18	0		7.048284


-------------------------------------------------------------------------------------------------------------------
Tour_Id:			15
No_of_Customers:		4
No_of_Items:			15
Customer_Sequence:		60 50 35 46 

CustId	Id	TypeId	Rotated	x	y	z	Length	Width	Height	mass	Fragility	LoadBearingStrength
46	155	76	0	0	0	0	22	12	8	450.12	1		12.274813
46	156	91	0	0	12	0	17	8	12	354.74	0		44.574996
35	117	29	0	17	12	0	20	11	11	590.74	0		46.276544
35	121	94	0	0	0	8	20	5	11	161.29	1		12.646939
35	120	80	0	17	12	11	16	11	6	114.66	0		4.820080
60	196	40	0	22	0	0	29	5	6	193.79	0		27.298726
50	168	98	0	17	12	17	12	9	10	205.69	0		14.679184
35	118	42	0	22	5	0	23	5	6	396.30	0		27.205431
50	166	44	0	37	12	0	13	12	8	170.78	0		10.264818
50	167	48	0	37	12	8	17	9	7	218.10	1		20.009084
60	197	57	0	22	0	6	29	9	13	1883.29	0		36.334733
60	199	87	0	22	0	19	29	6	11	466.50	0		13.754767
60	200	94	0	0	5	8	20	5	11	161.29	1		12.646939
60	198	76	0	0	0	19	22	12	8	450.12	1		12.274813
35	119	47	0	0	12	12	12	6	8	109.26	0		6.915881


-------------------------------------------------------------------------------------------------------------------
Tour_Id:			16
No_of_Customers:		4
No_of_Items:			11
Customer_Sequence:		3 59 10 2 

CustId	Id	TypeId	Rotated	x	y	z	Length	Width	Height	mass	Fragility	LoadBearingStrength
2	5	43	0	0	0	0	19	14	14	906.45	0		25.907275
10	35	94	0	0	14	0	20	5	11	161.29	1		12.646939
2	3	16	0	0	0	14	16	11	12	333.67	1		2.715801
2	4	28	0	19	0	0	35	8	6	1278.08	0		42.078020
10	36	99	0	0	19	0	26	6	9	330.46	0		10.253043
10	34	23	0	26	8	0	31	12	7	575.99	0		7.411229
59	195	39	0	26	8	7	31	14	14	979.46	0		11.930892
59	194	28	0	19	0	6	35	8	6	1278.08	0		42.078020
3	6	11	0	26	8	21	23	12	8	430.32	0		51.598458
3	7	87	0	19	0	12	29	6	11	466.50	0		13.754767
3	8	92	0	19	0	23	17	7	7	174.65	0		18.980766


