Name:				163_n060_m200_bt100
Problem:			3L-VRPTW
Number_of_used_Vehicles:	16
Total_Travel_Distance:		1302.72
Calculation_Time:		3600.00
Total_Iterations:		13186
ConstraintSet:			P1

-------------------------------------------------------------------------------------------------------------------
Tour_Id:			1
No_of_Customers:		3
No_of_Items:			13
Customer_Sequence:		37 8 20 

CustId	Id	TypeId	Rotated	x	y	z	Length	Width	Height	mass	Fragility	LoadBearingStrength
20	71	84	0	0	0	0	35	9	7	1051.34	0		34.140657
20	70	84	0	0	9	0	35	9	7	1051.34	0		34.140657
20	68	20	0	0	0	7	22	13	11	569.56	0		10.855187
20	67	14	0	0	18	0	32	6	9	960.43	0		29.939167
20	69	79	0	0	0	18	14	9	11	945.72	1		7.929296
8	26	32	0	22	0	7	13	13	14	365.87	0		10.507544
8	25	22	0	35	0	0	25	14	10	911.25	0		12.167913
8	24	12	0	0	18	9	22	7	13	952.78	0		122.707702
37	120	66	0	35	0	10	21	14	10	328.55	0		3.396250
37	121	73	0	32	18	0	22	6	12	332.86	0		12.670025
37	118	31	0	0	18	22	21	7	8	123.22	0		11.582265
37	119	63	0	22	0	21	16	12	7	351.52	1		3.929077
37	117	17	0	38	0	20	14	10	8	125.96	1		1.604573


-------------------------------------------------------------------------------------------------------------------
Tour_Id:			2
No_of_Customers:		3
No_of_Items:			11
Customer_Sequence:		40 11 26 

CustId	Id	TypeId	Rotated	x	y	z	Length	Width	Height	mass	Fragility	LoadBearingStrength
26	87	72	0	0	0	0	29	7	12	284.96	0		5.438045
11	37	13	0	0	7	0	33	5	12	287.04	0		5.795529
26	88	100	0	0	12	0	25	10	7	296.58	0		60.027747
11	35	4	0	0	12	7	20	11	10	247.80	0		4.464299
40	131	67	0	0	0	12	31	7	7	265.06	0		10.653544
11	36	5	0	0	12	17	21	9	13	342.95	1		3.194040
40	133	92	0	0	7	12	31	5	10	206.09	0		34.072474
40	130	33	0	25	12	0	35	13	14	712.53	1		5.646336
40	132	71	0	0	0	19	17	7	9	258.74	0		54.133611
40	129	19	0	25	12	14	26	5	14	642.23	1		8.162441
11	38	41	0	33	0	0	12	11	12	197.64	0		10.467701


-------------------------------------------------------------------------------------------------------------------
Tour_Id:			3
No_of_Customers:		5
No_of_Items:			13
Customer_Sequence:		2 25 35 33 7 

CustId	Id	TypeId	Rotated	x	y	z	Length	Width	Height	mass	Fragility	LoadBearingStrength
7	21	3	0	0	0	0	28	13	8	402.04	0		15.781910
33	108	35	0	0	0	8	18	14	7	429.68	0		105.586970
7	22	14	0	0	14	0	32	6	9	960.43	0		29.939167
33	107	29	0	28	0	0	32	9	12	893.97	0		12.876931
7	23	76	0	0	20	0	27	5	6	95.26	1		2.051300
35	112	10	0	0	14	9	30	8	12	391.53	0		6.323115
35	113	38	0	0	14	21	32	9	8	603.60	0		6.294030
35	114	39	0	0	0	15	14	14	6	157.22	0		3.400581
25	85	43	0	28	0	12	32	11	12	822.28	0		23.241151
25	86	82	0	32	14	0	26	10	13	479.57	0		11.009730
25	84	35	0	0	0	21	18	14	7	429.68	0		105.586970
2	4	39	0	28	0	24	14	14	6	157.22	0		3.400581
2	5	97	0	32	14	13	12	9	9	257.57	0		20.484469


-------------------------------------------------------------------------------------------------------------------
Tour_Id:			4
No_of_Customers:		4
No_of_Items:			16
Customer_Sequence:		48 18 19 22 

CustId	Id	TypeId	Rotated	x	y	z	Length	Width	Height	mass	Fragility	LoadBearingStrength
22	78	96	0	0	0	0	33	14	13	1599.49	0		29.527020
22	76	10	0	0	14	0	30	8	12	391.53	0		6.323115
22	77	71	0	0	14	12	17	7	9	258.74	0		54.133611
19	62	28	0	0	0	13	25	7	10	248.39	0		13.783406
19	66	87	0	0	7	13	15	6	9	140.01	1		7.061248
18	59	31	0	0	14	21	21	7	8	123.22	0		11.582265
19	65	72	0	30	14	0	29	7	12	284.96	0		5.438045
18	58	23	0	33	0	0	24	10	13	619.16	0		10.977854
19	63	51	0	0	0	23	23	8	6	780.16	0		105.836449
19	64	62	0	0	8	22	14	5	7	247.32	1		34.326825
18	60	35	0	25	0	13	18	14	7	429.68	0		105.586970
18	61	39	0	25	0	20	14	14	6	157.22	0		3.400581
48	160	84	0	21	14	12	35	9	7	1051.34	0		34.140657
48	158	78	0	43	0	13	16	10	12	207.72	0		4.966732
48	157	31	0	21	14	19	21	7	8	123.22	0		11.582265
48	159	79	0	42	14	19	14	9	11	945.72	1		7.929296


-------------------------------------------------------------------------------------------------------------------
Tour_Id:			5
No_of_Customers:		4
No_of_Items:			11
Customer_Sequence:		56 45 14 59 

CustId	Id	TypeId	Rotated	x	y	z	Length	Width	Height	mass	Fragility	LoadBearingStrength
59	193	27	0	0	0	0	32	12	8	373.19	0		13.404572
59	194	83	0	0	12	0	26	13	10	482.61	0		9.570698
14	46	59	0	0	0	8	31	9	8	384.40	0		13.417256
59	195	89	0	0	12	10	33	7	12	732.59	0		8.351751
56	184	13	0	0	19	10	33	5	12	287.04	0		5.795529
14	45	26	0	0	0	16	14	7	12	1046.41	0		182.097211
45	148	75	0	14	0	16	15	12	6	182.35	0		10.943205
56	183	3	0	0	12	22	28	13	8	402.04	0		15.781910
45	149	80	0	33	0	0	27	14	14	790.25	0		11.740525
56	185	56	0	33	14	0	23	10	9	441.35	1		3.681178
56	186	87	0	33	14	9	15	6	9	140.01	1		7.061248


-------------------------------------------------------------------------------------------------------------------
Tour_Id:			6
No_of_Customers:		2
No_of_Items:			8
Customer_Sequence:		16 3 

CustId	Id	TypeId	Rotated	x	y	z	Length	Width	Height	mass	Fragility	LoadBearingStrength
3	9	72	0	0	0	0	29	7	12	284.96	0		5.438045
3	7	44	0	0	7	0	26	9	7	304.04	0		29.855256
3	8	51	0	0	16	0	23	8	6	780.16	0		105.836449
3	10	75	0	0	7	7	15	12	6	182.35	0		10.943205
3	6	5	0	23	16	0	21	9	13	342.95	1		3.194040
16	52	40	0	29	0	0	24	14	6	761.22	0		86.069695
16	51	14	0	0	0	12	32	6	9	960.43	0		29.939167
16	53	56	0	32	0	6	23	10	9	441.35	1		3.681178


-------------------------------------------------------------------------------------------------------------------
Tour_Id:			7
No_of_Customers:		4
No_of_Items:			13
Customer_Sequence:		27 52 9 32 

CustId	Id	TypeId	Rotated	x	y	z	Length	Width	Height	mass	Fragility	LoadBearingStrength
9	28	41	0	0	0	0	12	11	12	197.64	0		10.467701
32	104	7	0	0	11	0	14	14	14	293.83	0		24.493197
52	172	7	0	0	11	14	14	14	14	293.83	0		24.493197
9	30	57	0	12	0	0	33	10	10	359.56	0		6.739000
9	31	78	0	0	0	12	16	10	12	207.72	0		4.966732
32	105	55	0	14	11	0	28	13	10	837.20	0		6.893895
9	27	11	0	16	0	10	34	8	7	385.78	1		4.446597
9	29	42	0	16	0	17	13	5	12	132.23	1		2.888634
32	106	85	0	42	11	0	16	12	10	250.67	0		8.440041
52	174	65	0	14	10	10	31	14	10	1056.22	1		2.703729
52	173	11	0	14	10	20	34	8	7	385.78	1		4.446597
27	89	5	0	29	0	17	21	9	13	342.95	1		3.194040
27	90	62	0	14	18	20	14	5	7	247.32	1		34.326825


-------------------------------------------------------------------------------------------------------------------
Tour_Id:			8
No_of_Customers:		4
No_of_Items:			14
Customer_Sequence:		51 5 38 53 

CustId	Id	TypeId	Rotated	x	y	z	Length	Width	Height	mass	Fragility	LoadBearingStrength
38	124	72	0	0	0	0	29	7	12	284.96	0		5.438045
53	176	25	0	0	7	0	30	5	11	624.57	1		8.026161
5	16	77	0	0	12	0	24	10	11	513.26	0		12.658100
38	123	47	0	0	0	12	20	8	14	397.19	0		7.947401
53	175	16	0	30	7	0	14	5	8	175.13	0		11.827139
38	125	85	0	44	0	0	16	12	10	250.67	0		8.440041
38	122	16	0	29	0	0	14	5	8	175.13	0		11.827139
38	126	98	0	30	0	8	12	12	14	213.97	0		19.905528
5	17	85	0	0	12	11	16	12	10	250.67	0		8.440041
51	168	27	0	24	12	0	32	12	8	373.19	0		13.404572
51	171	84	0	24	12	8	35	9	7	1051.34	0		34.140657
51	167	16	0	0	12	21	14	5	8	175.13	0		11.827139
51	170	54	0	24	12	15	33	12	7	574.97	1		16.404611
51	169	42	1	16	12	11	13	5	12	132.23	1		2.888634


-------------------------------------------------------------------------------------------------------------------
Tour_Id:			9
No_of_Customers:		3
No_of_Items:			10
Customer_Sequence:		46 23 28 

CustId	Id	TypeId	Rotated	x	y	z	Length	Width	Height	mass	Fragility	LoadBearingStrength
28	94	96	0	0	0	0	33	14	13	1599.49	0		29.527020
28	92	67	0	0	14	0	31	7	7	265.06	0		10.653544
28	91	8	0	0	14	7	30	5	6	120.69	0		3.094222
28	93	71	0	0	0	13	17	7	9	258.74	0		54.133611
46	151	32	0	0	7	13	13	13	14	365.87	0		10.507544
23	81	71	0	17	0	13	17	7	9	258.74	0		54.133611
23	80	5	0	31	14	0	21	9	13	342.95	1		3.194040
46	150	31	0	0	0	22	21	7	8	123.22	0		11.582265
23	79	4	0	33	0	0	20	11	10	247.80	0		4.464299
46	152	54	0	13	7	13	33	12	7	574.97	1		16.404611


-------------------------------------------------------------------------------------------------------------------
Tour_Id:			10
No_of_Customers:		4
No_of_Items:			13
Customer_Sequence:		43 10 54 44 

CustId	Id	TypeId	Rotated	x	y	z	Length	Width	Height	mass	Fragility	LoadBearingStrength
44	147	83	0	0	0	0	26	13	10	482.61	0		9.570698
54	178	98	0	0	13	0	12	12	14	213.97	0		19.905528
44	145	24	0	0	0	10	12	11	10	619.93	0		12.144911
44	144	6	0	0	0	20	14	8	7	93.58	0		4.398560
44	146	68	0	26	0	0	28	10	8	1185.03	0		38.210148
54	177	11	0	12	13	0	34	8	7	385.78	1		4.446597
10	32	2	0	26	0	8	24	13	7	251.01	0		16.895463
10	33	2	0	26	0	15	24	13	7	251.01	0		16.895463
10	34	41	0	0	13	14	12	11	12	197.64	0		10.467701
43	142	67	0	26	0	22	31	7	7	265.06	0		10.653544
43	143	97	0	46	13	0	12	9	9	257.57	0		20.484469
43	141	53	0	12	13	7	32	9	7	468.57	1		4.016119
43	140	42	0	12	13	14	13	5	12	132.23	1		2.888634


-------------------------------------------------------------------------------------------------------------------
Tour_Id:			11
No_of_Customers:		4
No_of_Items:			11
Customer_Sequence:		39 58 24 41 

CustId	Id	TypeId	Rotated	x	y	z	Length	Width	Height	mass	Fragility	LoadBearingStrength
24	83	57	0	0	0	0	33	10	10	359.56	0		6.739000
41	134	33	0	0	10	0	35	13	14	712.53	1		5.646336
41	135	56	0	0	10	14	23	10	9	441.35	1		3.681178
58	190	50	0	0	0	10	16	8	9	243.27	0		28.311364
24	82	24	0	35	0	0	12	11	10	619.93	0		12.144911
58	192	59	0	16	0	10	31	9	8	384.40	0		13.417256
58	189	13	0	16	0	18	33	5	12	287.04	0		5.795529
41	136	87	1	23	10	14	15	6	9	140.01	1		7.061248
58	191	53	0	0	10	23	32	9	7	468.57	1		4.016119
39	127	40	0	35	11	0	24	14	6	761.22	0		86.069695
39	128	61	0	35	11	6	25	6	10	368.01	1		9.539249


-------------------------------------------------------------------------------------------------------------------
Tour_Id:			12
No_of_Customers:		4
No_of_Items:			14
Customer_Sequence:		36 4 6 12 

CustId	Id	TypeId	Rotated	x	y	z	Length	Width	Height	mass	Fragility	LoadBearingStrength
12	39	20	0	0	0	0	22	13	11	569.56	0		10.855187
12	40	30	0	0	13	0	19	12	11	463.60	0		4.304317
12	41	40	0	0	0	11	24	14	6	761.22	0		86.069695
4	14	92	0	0	0	17	31	5	10	206.09	0		34.072474
6	19	44	0	0	5	17	26	9	7	304.04	0		29.855256
6	18	12	0	0	14	11	22	7	13	952.78	0		122.707702
6	20	98	0	24	0	0	12	12	14	213.97	0		19.905528
4	13	64	0	36	0	0	22	13	11	452.40	0		12.741274
12	42	85	0	19	13	0	16	12	10	250.67	0		8.440041
36	115	1	0	36	0	11	23	14	14	535.45	0		12.594734
4	12	8	0	0	5	24	30	5	6	120.69	0		3.094222
4	15	94	0	0	10	24	14	12	6	152.87	0		11.951041
4	11	5	0	35	14	0	21	9	13	342.95	1		3.194040
36	116	61	0	35	14	13	25	6	10	368.01	1		9.539249


-------------------------------------------------------------------------------------------------------------------
Tour_Id:			13
No_of_Customers:		5
No_of_Items:			15
Customer_Sequence:		55 29 50 49 1 

CustId	Id	TypeId	Rotated	x	y	z	Length	Width	Height	mass	Fragility	LoadBearingStrength
49	163	81	0	0	0	0	34	14	12	1414.87	0		20.283077
1	2	86	0	0	14	0	23	6	12	825.91	0		49.035812
50	165	37	0	0	0	12	32	14	11	1145.54	0		46.762659
1	3	92	0	0	20	0	31	5	10	206.09	0		34.072474
49	162	51	0	0	14	12	23	8	6	780.16	0		105.836449
55	180	56	0	0	14	18	23	10	9	441.35	1		3.681178
1	1	13	0	23	14	0	33	5	12	287.04	0		5.795529
50	166	67	0	0	0	23	31	7	7	265.06	0		10.653544
55	179	12	0	34	0	0	22	7	13	952.78	0		122.707702
29	95	91	0	34	7	0	17	7	14	337.70	0		21.084981
29	96	91	0	34	7	14	17	7	14	337.70	0		21.084981
50	164	8	0	0	7	23	30	5	6	120.69	0		3.094222
49	161	8	0	23	14	12	30	5	6	120.69	0		3.094222
55	181	60	0	23	14	18	31	5	7	140.62	1		1.700838
55	182	87	0	32	0	13	15	6	9	140.01	1		7.061248


-------------------------------------------------------------------------------------------------------------------
Tour_Id:			14
No_of_Customers:		4
No_of_Items:			16
Customer_Sequence:		42 60 17 21 

CustId	Id	TypeId	Rotated	x	y	z	Length	Width	Height	mass	Fragility	LoadBearingStrength
21	73	7	0	0	0	0	14	14	14	293.83	0		24.493197
21	74	47	0	0	14	0	20	8	14	397.19	0		7.947401
21	72	2	1	0	0	14	24	13	7	251.01	0		16.895463
21	75	85	0	14	0	0	16	12	10	250.67	0		8.440041
60	196	2	1	0	0	21	24	13	7	251.01	0		16.895463
17	57	35	0	14	0	10	18	14	7	429.68	0		105.586970
17	56	20	0	32	0	0	22	13	11	569.56	0		10.855187
17	55	14	0	20	14	0	32	6	9	960.43	0		29.939167
60	197	3	0	32	0	11	28	13	8	402.04	0		15.781910
17	54	8	0	20	20	0	30	5	6	120.69	0		3.094222
60	199	90	0	20	14	9	24	6	11	711.67	0		88.417061
60	200	92	0	20	20	6	31	5	10	206.09	0		34.072474
60	198	63	0	13	0	17	16	12	7	351.52	1		3.929077
42	137	28	0	20	14	20	25	7	10	248.39	0		13.783406
42	139	94	0	32	0	19	14	12	6	152.87	0		11.951041
42	138	79	0	46	0	19	14	9	11	945.72	1		7.929296


-------------------------------------------------------------------------------------------------------------------
Tour_Id:			15
No_of_Customers:		3
No_of_Items:			11
Customer_Sequence:		47 15 34 

CustId	Id	TypeId	Rotated	x	y	z	Length	Width	Height	mass	Fragility	LoadBearingStrength
34	109	7	0	0	0	0	14	14	14	293.83	0		24.493197
34	110	20	0	14	0	0	22	13	11	569.56	0		10.855187
34	111	59	0	0	14	0	31	9	8	384.40	0		13.417256
15	48	55	0	14	0	11	28	13	10	837.20	0		6.893895
47	155	43	0	0	14	8	32	11	12	822.28	0		23.241151
15	49	90	0	36	0	0	24	6	11	711.67	0		88.417061
15	50	97	0	0	0	14	12	9	9	257.57	0		20.484469
15	47	27	0	14	0	21	32	12	8	373.19	0		13.404572
47	156	91	0	32	13	0	17	7	14	337.70	0		21.084981
47	154	36	0	0	13	20	19	7	8	121.80	0		18.232901
47	153	17	0	19	13	20	14	10	8	125.96	1		1.604573


-------------------------------------------------------------------------------------------------------------------
Tour_Id:			16
No_of_Customers:		4
No_of_Items:			11
Customer_Sequence:		57 31 30 13 

CustId	Id	TypeId	Rotated	x	y	z	Length	Width	Height	mass	Fragility	LoadBearingStrength
13	43	66	0	0	0	0	21	14	10	328.55	0		3.396250
13	44	98	0	0	0	10	12	12	14	213.97	0		19.905528
30	99	70	0	21	0	0	28	13	10	845.77	0		11.634423
31	103	82	0	0	14	0	26	10	13	479.57	0		11.009730
31	102	72	0	0	14	13	29	7	12	284.96	0		5.438045
31	100	29	0	12	0	10	32	9	12	893.97	0		12.876931
30	97	8	0	12	9	10	30	5	6	120.69	0		3.094222
30	98	42	0	12	9	16	13	5	12	132.23	1		2.888634
31	101	56	0	26	14	0	23	10	9	441.35	1		3.681178
57	188	84	0	12	0	22	35	9	7	1051.34	0		34.140657
57	187	5	1	49	0	0	21	9	13	342.95	1		3.194040


