Name:				164_n060_m200_bt100
Problem:			3L-VRPTW
Number_of_used_Vehicles:	17
Total_Travel_Distance:		1355.69
Calculation_Time:		2058.08
Total_Iterations:		17942
ConstraintSet:			P1

-------------------------------------------------------------------------------------------------------------------
Tour_Id:			1
No_of_Customers:		3
No_of_Items:			14
Customer_Sequence:		48 44 37 

CustId	Id	TypeId	Rotated	x	y	z	Length	Width	Height	mass	Fragility	LoadBearingStrength
37	109	19	0	0	0	0	29	8	9	391.42	0		15.770760
37	112	95	0	0	8	0	13	5	10	101.52	0		10.964946
44	138	67	0	0	13	0	27	12	13	605.39	0		56.898799
37	111	87	0	0	0	9	16	8	11	328.92	0		12.371769
44	135	14	0	0	13	13	23	11	13	580.68	0		10.576919
37	108	8	0	0	0	20	15	9	8	199.58	0		6.950551
37	110	31	0	29	0	0	20	7	7	221.85	1		9.405855
44	136	23	0	27	8	0	29	6	11	544.88	0		17.057568
44	137	60	0	27	14	0	26	11	6	199.26	0		19.219768
44	139	88	0	16	0	9	16	7	7	202.24	0		34.842283
48	149	28	0	27	14	6	32	8	10	629.13	0		56.655770
48	151	84	0	27	14	16	23	8	9	222.03	0		9.676911
48	150	78	0	16	0	16	13	6	12	134.59	0		8.582604
48	152	92	0	27	8	11	31	6	12	390.57	1		3.725942


-------------------------------------------------------------------------------------------------------------------
Tour_Id:			2
No_of_Customers:		3
No_of_Items:			9
Customer_Sequence:		42 31 58 

CustId	Id	TypeId	Rotated	x	y	z	Length	Width	Height	mass	Fragility	LoadBearingStrength
58	191	2	0	0	0	0	27	13	10	645.67	0		13.781313
31	95	95	0	0	13	0	13	5	10	101.52	0		10.964946
58	192	24	0	0	0	10	31	13	14	659.44	0		3.286946
31	93	80	0	13	13	0	34	10	11	830.18	0		33.007629
31	94	91	0	13	13	11	34	11	7	292.59	0		8.566760
58	193	67	0	31	0	0	27	12	13	605.39	0		56.898799
42	132	43	0	31	0	13	29	7	14	642.75	0		57.823117
42	131	42	0	13	13	18	22	7	12	348	0		7.692632
42	130	34	0	35	13	18	12	12	11	243.51	0		21.103931


-------------------------------------------------------------------------------------------------------------------
Tour_Id:			3
No_of_Customers:		4
No_of_Items:			16
Customer_Sequence:		38 18 30 9 

CustId	Id	TypeId	Rotated	x	y	z	Length	Width	Height	mass	Fragility	LoadBearingStrength
9	25	32	0	0	0	0	30	9	7	417.13	0		21.607585
30	90	22	0	0	9	0	16	14	9	381.16	0		15.571114
9	24	25	0	0	0	7	14	9	10	161.97	1		5.721172
30	89	6	0	16	9	0	33	13	9	829.77	0		11.826059
9	26	83	0	14	0	7	15	6	11	447.01	0		33.135546
30	91	88	0	0	9	9	16	7	7	202.24	0		34.842283
30	92	95	0	0	16	9	13	5	10	101.52	0		10.964946
18	55	85	0	16	9	9	33	10	9	647.12	0		31.578267
18	53	43	0	30	0	0	29	7	14	642.75	0		57.823117
38	116	66	0	16	9	18	15	12	9	298.21	1		6.354855
38	117	99	0	29	0	14	31	6	6	318.71	0		23.338051
38	114	56	0	31	9	18	21	10	12	581.92	0		22.138095
38	115	64	0	29	0	20	22	8	10	918.17	0		49.899292
18	54	57	1	49	9	0	16	11	6	197.63	0		8.791280
18	52	25	1	49	7	6	14	9	10	161.97	1		5.721172
38	113	3	0	14	0	18	13	8	9	111.19	1		3.152113


-------------------------------------------------------------------------------------------------------------------
Tour_Id:			4
No_of_Customers:		3
No_of_Items:			13
Customer_Sequence:		22 53 41 

CustId	Id	TypeId	Rotated	x	y	z	Length	Width	Height	mass	Fragility	LoadBearingStrength
41	126	9	0	0	0	0	25	14	14	1246.71	0		52.639856
41	128	34	0	0	0	14	12	12	11	243.51	0		21.103931
53	174	82	0	12	0	14	15	12	10	230.79	0		26.872671
41	127	11	0	0	14	0	26	8	7	400.98	0		92.897297
53	171	24	0	25	0	0	31	13	14	659.44	0		3.286946
41	129	86	0	0	14	7	17	8	11	292.06	0		13.390123
22	65	85	0	26	14	0	33	10	9	647.12	0		31.578267
53	173	61	0	27	0	14	26	14	7	2297.17	0		63.361920
53	172	54	0	0	12	18	15	8	6	146.82	0		26.745443
22	66	99	0	26	14	9	31	6	6	318.71	0		23.338051
22	64	50	0	26	14	15	18	6	14	254.97	0		20.979116
53	175	97	0	27	0	21	24	13	6	347.96	0		26.393960
22	63	10	0	26	20	9	24	5	8	216.41	1		4.795834


-------------------------------------------------------------------------------------------------------------------
Tour_Id:			5
No_of_Customers:		5
No_of_Items:			12
Customer_Sequence:		35 4 19 14 59 

CustId	Id	TypeId	Rotated	x	y	z	Length	Width	Height	mass	Fragility	LoadBearingStrength
59	195	47	0	0	0	0	33	12	14	1451.09	0		11.133102
59	194	28	0	0	12	0	32	8	10	629.13	0		56.655770
14	39	19	0	0	12	10	29	8	9	391.42	0		15.770760
14	40	26	0	0	0	14	15	10	12	251.14	0		21.518331
4	10	48	0	33	0	0	22	14	8	985.42	0		27.349948
19	56	71	0	0	12	19	28	9	7	278.15	0		24.897819
19	57	88	0	15	0	14	16	7	7	202.24	0		34.842283
4	11	61	0	33	0	8	26	14	7	2297.17	0		63.361920
59	196	60	0	32	14	0	26	11	6	199.26	0		19.219768
4	9	31	0	15	0	21	20	7	7	221.85	1		9.405855
35	104	46	0	32	14	6	25	6	11	1337.95	0		318.136461
35	105	50	0	35	0	15	18	6	14	254.97	0		20.979116


-------------------------------------------------------------------------------------------------------------------
Tour_Id:			6
No_of_Customers:		4
No_of_Items:			11
Customer_Sequence:		45 26 28 34 

CustId	Id	TypeId	Rotated	x	y	z	Length	Width	Height	mass	Fragility	LoadBearingStrength
34	103	15	0	0	0	0	19	13	13	627.41	0		25.782762
34	102	11	0	0	13	0	26	8	7	400.98	0		92.897297
28	83	21	0	0	13	7	30	9	14	1807.91	0		50.574623
28	82	15	0	0	0	13	19	13	13	627.41	0		25.782762
26	77	6	0	19	0	0	33	13	9	829.77	0		11.826059
45	142	85	0	0	13	21	33	10	9	647.12	0		31.578267
26	78	82	0	19	0	9	15	12	10	230.79	0		26.872671
28	84	88	0	26	13	0	16	7	7	202.24	0		34.842283
45	140	48	0	34	0	9	22	14	8	985.42	0		27.349948
45	143	97	0	34	0	17	24	13	6	347.96	0		26.393960
45	141	84	1	52	0	0	23	8	9	222.03	0		9.676911


-------------------------------------------------------------------------------------------------------------------
Tour_Id:			7
No_of_Customers:		4
No_of_Items:			13
Customer_Sequence:		51 17 33 13 

CustId	Id	TypeId	Rotated	x	y	z	Length	Width	Height	mass	Fragility	LoadBearingStrength
13	37	72	0	0	0	0	30	11	14	748.27	0		9.754105
13	36	27	0	0	11	0	30	8	11	1606.66	0		21.074819
33	101	91	0	0	0	14	34	11	7	292.59	0		8.566760
17	50	36	0	0	19	0	34	5	9	296.61	0		70.590780
33	100	22	0	0	0	21	16	14	9	381.16	0		15.571114
17	48	14	0	34	0	0	23	11	13	580.68	0		10.576919
13	38	87	0	30	11	0	16	8	11	328.92	0		12.371769
17	49	27	0	16	11	11	30	8	11	1606.66	0		21.074819
51	163	26	0	34	0	13	15	10	12	251.14	0		21.518331
17	51	53	0	16	11	22	22	7	8	148.22	0		23.686274
51	165	99	0	0	19	9	31	6	6	318.71	0		23.338051
51	164	78	0	0	19	15	13	6	12	134.59	0		8.582604
51	162	25	0	46	11	0	14	9	10	161.97	1		5.721172


-------------------------------------------------------------------------------------------------------------------
Tour_Id:			8
No_of_Customers:		3
No_of_Items:			14
Customer_Sequence:		15 24 49 

CustId	Id	TypeId	Rotated	x	y	z	Length	Width	Height	mass	Fragility	LoadBearingStrength
24	70	12	0	0	0	0	34	7	14	398.86	0		9.769519
49	157	75	0	0	7	0	32	9	11	540.13	0		26.197204
49	153	13	0	0	7	11	12	11	14	187.65	0		5.050323
49	156	59	0	0	16	0	24	8	11	279.44	0		23.972970
49	155	59	0	12	7	11	24	8	11	279.44	0		23.972970
24	72	90	0	36	0	0	22	13	12	536.37	0		6.415896
24	69	5	0	0	18	11	31	6	12	512.31	0		12.018453
24	71	89	0	0	0	14	34	5	13	552.84	0		32.340733
49	154	28	0	24	16	0	32	8	10	629.13	0		56.655770
15	41	1	0	36	0	12	17	10	14	455.15	0		12.312232
15	43	55	0	12	7	22	24	10	7	422.48	1		24.197401
15	45	99	0	0	18	23	31	6	6	318.71	0		23.338051
15	44	84	0	31	17	10	23	8	9	222.03	0		9.676911
15	42	30	0	31	17	19	29	5	11	215.86	1		6.005695


-------------------------------------------------------------------------------------------------------------------
Tour_Id:			9
No_of_Customers:		3
No_of_Items:			12
Customer_Sequence:		25 55 56 

CustId	Id	TypeId	Rotated	x	y	z	Length	Width	Height	mass	Fragility	LoadBearingStrength
56	186	64	0	0	0	0	22	8	10	918.17	0		49.899292
56	184	14	0	0	8	0	23	11	13	580.68	0		10.576919
56	185	64	0	0	0	10	22	8	10	918.17	0		49.899292
56	187	80	0	23	0	0	34	10	11	830.18	0		33.007629
55	181	75	0	23	10	0	32	9	11	540.13	0		26.197204
55	182	81	0	0	8	13	18	13	10	373.18	0		24.008996
25	75	84	0	0	0	20	23	8	9	222.03	0		9.676911
25	74	70	0	23	0	11	35	11	13	691.75	0		9.776080
55	180	16	0	0	8	23	12	12	6	143.91	1		2.200811
55	183	87	0	23	11	11	16	8	11	328.92	0		12.371769
25	76	98	0	18	19	0	25	6	8	330.48	0		48.426629
25	73	41	0	18	19	8	31	6	6	247.52	0		13.085722


-------------------------------------------------------------------------------------------------------------------
Tour_Id:			10
No_of_Customers:		4
No_of_Items:			12
Customer_Sequence:		29 11 47 36 

CustId	Id	TypeId	Rotated	x	y	z	Length	Width	Height	mass	Fragility	LoadBearingStrength
36	107	85	0	0	0	0	33	10	9	647.12	0		31.578267
11	30	38	0	0	10	0	15	7	11	266.34	1		11.294111
47	148	98	0	0	17	0	25	6	8	330.48	0		48.426629
47	147	33	0	0	0	9	26	10	6	179.03	1		6.460941
11	31	39	0	25	10	0	34	12	7	653.77	0		19.078384
29	87	23	0	0	17	8	29	6	11	544.88	0		17.057568
29	88	53	0	0	17	19	22	7	8	148.22	0		23.686274
36	106	58	0	33	0	0	19	10	8	408.02	0		64.774878
29	86	9	0	29	10	7	25	14	14	1246.71	0		52.639856
11	33	52	0	0	0	15	15	12	9	260.04	1		18.567324
11	32	42	0	33	0	8	22	7	12	348	0		7.692632
29	85	8	0	29	10	21	15	9	8	199.58	0		6.950551


-------------------------------------------------------------------------------------------------------------------
Tour_Id:			11
No_of_Customers:		5
No_of_Items:			14
Customer_Sequence:		21 43 23 60 27 

CustId	Id	TypeId	Rotated	x	y	z	Length	Width	Height	mass	Fragility	LoadBearingStrength
60	200	91	0	0	0	0	34	11	7	292.59	0		8.566760
27	79	55	0	0	11	0	24	10	7	422.48	1		24.197401
27	81	62	0	0	11	7	22	6	6	152.59	1		6.755132
60	199	80	0	0	0	7	34	10	11	830.18	0		33.007629
27	80	60	0	24	11	0	26	11	6	199.26	0		19.219768
23	68	68	0	0	0	18	31	5	12	192.32	1		3.726296
60	197	31	0	0	11	13	20	7	7	221.85	1		9.405855
23	67	2	0	24	11	6	27	13	10	645.67	0		13.781313
60	198	50	0	34	0	0	18	6	14	254.97	0		20.979116
43	134	43	0	24	11	16	29	7	14	642.75	0		57.823117
43	133	3	0	0	11	20	13	8	9	111.19	1		3.152113
21	61	89	0	24	18	16	34	5	13	552.84	0		32.340733
21	60	53	1	53	0	0	22	7	8	148.22	0		23.686274
21	62	99	0	0	5	18	31	6	6	318.71	0		23.338051


-------------------------------------------------------------------------------------------------------------------
Tour_Id:			12
No_of_Customers:		4
No_of_Items:			11
Customer_Sequence:		57 1 20 6 

CustId	Id	TypeId	Rotated	x	y	z	Length	Width	Height	mass	Fragility	LoadBearingStrength
20	59	81	0	0	0	0	18	13	10	373.18	0		24.008996
6	17	66	0	0	13	0	15	12	9	298.21	1		6.354855
6	16	32	0	15	13	0	30	9	7	417.13	0		21.607585
1	3	97	0	0	0	10	24	13	6	347.96	0		26.393960
57	188	42	0	0	0	16	22	7	12	348	0		7.692632
1	1	70	0	24	0	0	35	11	13	691.75	0		9.776080
6	18	94	0	15	13	7	27	7	8	271.88	0		71.745821
1	2	73	0	0	7	16	27	5	14	482.53	0		21.187517
20	58	64	0	15	13	15	22	8	10	918.17	0		49.899292
57	189	49	0	24	0	13	35	5	7	1432.72	0		111.506705
57	190	62	0	22	0	20	22	6	6	152.59	1		6.755132


-------------------------------------------------------------------------------------------------------------------
Tour_Id:			13
No_of_Customers:		2
No_of_Items:			7
Customer_Sequence:		46 54 

CustId	Id	TypeId	Rotated	x	y	z	Length	Width	Height	mass	Fragility	LoadBearingStrength
54	179	70	0	0	0	0	35	11	13	691.75	0		9.776080
54	176	1	0	0	11	0	17	10	14	455.15	0		12.312232
54	178	34	0	0	11	14	12	12	11	243.51	0		21.103931
54	177	18	0	0	0	13	19	8	9	1121.73	0		42.775999
46	144	70	0	17	11	0	35	11	13	691.75	0		9.776080
46	145	73	0	17	8	13	27	5	14	482.53	0		21.187517
46	146	78	0	17	13	13	13	6	12	134.59	0		8.582604


-------------------------------------------------------------------------------------------------------------------
Tour_Id:			14
No_of_Customers:		4
No_of_Items:			13
Customer_Sequence:		10 39 12 40 

CustId	Id	TypeId	Rotated	x	y	z	Length	Width	Height	mass	Fragility	LoadBearingStrength
40	121	43	0	0	0	0	29	7	14	642.75	0		57.823117
40	122	59	0	0	7	0	24	8	11	279.44	0		23.972970
12	35	86	0	0	15	0	17	8	11	292.06	0		13.390123
40	125	84	0	0	7	11	23	8	9	222.03	0		9.676911
40	124	79	0	29	0	0	22	13	14	509.61	1		1.761962
39	119	39	0	24	13	0	34	12	7	653.77	0		19.078384
12	34	68	0	0	0	14	31	5	12	192.32	1		3.726296
40	123	78	1	51	0	0	13	6	12	134.59	0		8.582604
39	118	1	0	0	15	11	17	10	14	455.15	0		12.312232
39	120	83	0	24	13	7	15	6	11	447.01	0		33.135546
10	29	77	0	39	13	7	17	10	13	527.98	0		32.957905
10	27	8	0	39	13	20	15	9	8	199.58	0		6.950551
10	28	16	0	31	0	14	12	12	6	143.91	1		2.200811


-------------------------------------------------------------------------------------------------------------------
Tour_Id:			15
No_of_Customers:		3
No_of_Items:			9
Customer_Sequence:		16 8 5 

CustId	Id	TypeId	Rotated	x	y	z	Length	Width	Height	mass	Fragility	LoadBearingStrength
5	12	7	0	0	0	0	14	14	14	376.47	1		4.886180
5	15	75	0	0	14	0	32	9	11	540.13	0		26.197204
5	14	74	0	14	0	0	32	13	14	1316.13	0		69.883430
5	13	25	0	0	14	11	14	9	10	161.97	1		5.721172
8	22	56	0	14	13	11	21	10	12	581.92	0		22.138095
8	23	73	0	14	0	14	27	5	14	482.53	0		21.187517
8	21	34	0	35	13	0	12	12	11	243.51	0		21.103931
16	46	28	0	14	5	14	32	8	10	629.13	0		56.655770
16	47	58	1	47	0	0	19	10	8	408.02	0		64.774878


-------------------------------------------------------------------------------------------------------------------
Tour_Id:			16
No_of_Customers:		4
No_of_Items:			11
Customer_Sequence:		7 2 3 50 

CustId	Id	TypeId	Rotated	x	y	z	Length	Width	Height	mass	Fragility	LoadBearingStrength
50	160	72	0	0	0	0	30	11	14	748.27	0		9.754105
50	159	37	0	0	11	0	31	7	6	198.02	0		26.328194
3	8	88	0	0	18	0	16	7	7	202.24	0		34.842283
50	158	10	0	0	11	6	24	5	8	216.41	1		4.795834
3	6	5	0	0	0	14	31	6	12	512.31	0		12.018453
50	161	79	0	31	0	0	22	13	14	509.61	1		1.761962
3	7	69	0	0	6	14	34	7	8	191.50	1		4.178510
2	4	92	0	16	18	0	31	6	12	390.57	1		3.725942
2	5	92	0	16	18	12	31	6	12	390.57	1		3.725942
7	20	69	0	0	6	22	34	7	8	191.50	1		4.178510
7	19	17	0	31	13	0	16	5	7	118.25	1		4.756663


-------------------------------------------------------------------------------------------------------------------
Tour_Id:			17
No_of_Customers:		2
No_of_Items:			9
Customer_Sequence:		52 32 

CustId	Id	TypeId	Rotated	x	y	z	Length	Width	Height	mass	Fragility	LoadBearingStrength
52	169	51	0	0	0	0	34	12	8	767.10	0		17.180595
32	98	92	0	0	12	0	31	6	12	390.57	1		3.725942
32	99	92	0	0	18	0	31	6	12	390.57	1		3.725942
32	97	66	0	0	12	12	15	12	9	298.21	1		6.354855
52	168	21	0	0	0	8	30	9	14	1807.91	0		50.574623
32	96	29	0	31	12	0	21	8	7	264.61	0		11.342515
52	170	71	0	0	0	22	28	9	7	278.15	0		24.897819
52	166	8	0	31	12	7	15	9	8	199.58	0		6.950551
52	167	20	0	31	12	15	13	6	8	180.37	0		21.066192


