Name:				166_n060_m200_bt3
Problem:			3L-VRPTW
Number_of_used_Vehicles:	3
Total_Travel_Distance:		571.83
Calculation_Time:		1398.68
Total_Iterations:		9719
ConstraintSet:			P1

-------------------------------------------------------------------------------------------------------------------
Tour_Id:			1
No_of_Customers:		17
No_of_Items:			57
Customer_Sequence:		4 22 43 33 56 40 6 8 12 42 57 5 7 39 30 55 37 

CustId	Id	TypeId	Rotated	x	y	z	Length	Width	Height	mass	Fragility	LoadBearingStrength
37	121	3	0	0	0	0	12	2	5	96.34	0		72.200103
37	122	3	0	0	2	0	12	2	5	96.34	0		72.200103
55	184	2	0	0	4	0	8	5	7	198.44	0		24.472500
55	182	1	0	0	9	0	7	6	5	127.26	1		3.122100
55	183	1	0	0	15	0	7	6	5	127.26	1		3.122100
30	100	2	0	0	4	7	8	5	7	198.44	0		24.472500
30	98	1	0	0	9	5	7	6	5	127.26	1		3.122100
30	99	1	0	0	15	5	7	6	5	127.26	1		3.122100
39	128	2	0	0	4	14	8	5	7	198.44	0		24.472500
39	129	2	0	0	4	21	8	5	7	198.44	0		24.472500
39	130	3	0	0	21	0	12	2	5	96.34	0		72.200103
39	127	1	0	0	9	10	7	6	5	127.26	1		3.122100
7	21	2	0	7	9	0	8	5	7	198.44	0		24.472500
7	22	2	0	7	14	0	8	5	7	198.44	0		24.472500
7	23	3	0	0	23	0	12	2	5	96.34	0		72.200103
7	24	3	0	0	0	5	12	2	5	96.34	0		72.200103
7	20	1	0	0	15	10	7	6	5	127.26	1		3.122100
5	13	3	0	0	2	5	12	2	5	96.34	0		72.200103
5	14	3	0	0	21	5	12	2	5	96.34	0		72.200103
5	15	3	0	0	23	5	12	2	5	96.34	0		72.200103
57	190	2	0	7	9	7	8	5	7	198.44	0		24.472500
57	189	1	0	0	9	15	7	6	5	127.26	1		3.122100
42	141	3	0	0	0	10	12	2	5	96.34	0		72.200103
42	142	3	0	0	2	10	12	2	5	96.34	0		72.200103
42	139	1	0	0	15	15	7	6	5	127.26	1		3.122100
42	140	1	0	0	9	20	7	6	5	127.26	1		3.122100
12	43	2	0	7	14	7	8	5	7	198.44	0		24.472500
12	44	3	0	0	21	10	12	2	5	96.34	0		72.200103
12	42	1	0	0	15	20	7	6	5	127.26	1		3.122100
8	26	3	0	0	23	10	12	2	5	96.34	0		72.200103
8	27	3	0	0	0	15	12	2	5	96.34	0		72.200103
8	28	3	0	0	2	15	12	2	5	96.34	0		72.200103
8	25	1	0	0	9	25	7	6	5	127.26	1		3.122100
6	19	2	0	7	9	14	8	5	7	198.44	0		24.472500
6	16	1	0	0	15	25	7	6	5	127.26	1		3.122100
6	17	1	0	7	14	14	7	6	5	127.26	1		3.122100
6	18	1	0	7	14	19	7	6	5	127.26	1		3.122100
40	131	2	0	7	9	21	8	5	7	198.44	0		24.472500
40	132	2	0	8	4	0	8	5	7	198.44	0		24.472500
40	133	3	0	0	21	15	12	2	5	96.34	0		72.200103
56	187	2	0	8	4	7	8	5	7	198.44	0		24.472500
56	188	2	0	8	4	14	8	5	7	198.44	0		24.472500
56	185	1	0	7	14	24	7	6	5	127.26	1		3.122100
56	186	1	0	15	9	0	7	6	5	127.26	1		3.122100
33	107	2	0	8	4	21	8	5	7	198.44	0		24.472500
33	108	2	0	12	20	0	8	5	7	198.44	0		24.472500
33	109	3	0	0	23	15	12	2	5	96.34	0		72.200103
43	144	2	0	12	20	7	8	5	7	198.44	0		24.472500
43	145	3	0	0	0	20	12	2	5	96.34	0		72.200103
43	143	1	0	15	9	5	7	6	5	127.26	1		3.122100
22	77	2	0	12	20	14	8	5	7	198.44	0		24.472500
22	78	3	0	0	2	20	12	2	5	96.34	0		72.200103
22	75	1	0	15	9	10	7	6	5	127.26	1		3.122100
22	76	1	0	15	9	15	7	6	5	127.26	1		3.122100
4	11	2	0	12	20	21	8	5	7	198.44	0		24.472500
4	12	3	0	0	0	25	12	2	5	96.34	0		72.200103
4	10	1	0	15	9	20	7	6	5	127.26	1		3.122100


-------------------------------------------------------------------------------------------------------------------
Tour_Id:			2
No_of_Customers:		17
No_of_Items:			57
Customer_Sequence:		50 53 47 20 28 21 18 48 14 9 19 60 46 36 1 32 13 

CustId	Id	TypeId	Rotated	x	y	z	Length	Width	Height	mass	Fragility	LoadBearingStrength
13	45	2	0	0	0	0	8	5	7	198.44	0		24.472500
13	46	3	0	0	5	0	12	2	5	96.34	0		72.200103
32	106	3	0	0	7	0	12	2	5	96.34	0		72.200103
32	104	1	0	0	9	0	7	6	5	127.26	1		3.122100
32	105	1	0	0	15	0	7	6	5	127.26	1		3.122100
1	1	1	0	0	5	5	7	6	5	127.26	1		3.122100
1	2	1	0	0	11	5	7	6	5	127.26	1		3.122100
1	3	1	0	0	5	10	7	6	5	127.26	1		3.122100
36	119	3	0	0	21	0	12	2	5	96.34	0		72.200103
36	120	3	0	0	23	0	12	2	5	96.34	0		72.200103
46	154	2	0	0	0	7	8	5	7	198.44	0		24.472500
46	155	2	0	0	0	14	8	5	7	198.44	0		24.472500
46	156	3	0	0	21	5	12	2	5	96.34	0		72.200103
46	157	3	0	0	23	5	12	2	5	96.34	0		72.200103
46	153	1	0	0	11	10	7	6	5	127.26	1		3.122100
60	198	2	0	0	0	21	8	5	7	198.44	0		24.472500
60	199	3	0	0	21	10	12	2	5	96.34	0		72.200103
60	200	3	0	0	23	10	12	2	5	96.34	0		72.200103
19	66	2	0	7	9	0	8	5	7	198.44	0		24.472500
19	67	2	0	7	14	0	8	5	7	198.44	0		24.472500
19	65	1	0	0	5	15	7	6	5	127.26	1		3.122100
9	31	2	0	7	9	7	8	5	7	198.44	0		24.472500
9	32	3	0	0	21	15	12	2	5	96.34	0		72.200103
9	33	3	0	0	23	15	12	2	5	96.34	0		72.200103
9	29	1	0	0	11	15	7	6	5	127.26	1		3.122100
9	30	1	0	0	5	20	7	6	5	127.26	1		3.122100
14	48	2	0	7	14	7	8	5	7	198.44	0		24.472500
14	49	2	0	7	9	14	8	5	7	198.44	0		24.472500
14	50	3	0	0	21	20	12	2	5	96.34	0		72.200103
14	51	3	0	0	23	20	12	2	5	96.34	0		72.200103
14	47	1	0	0	11	20	7	6	5	127.26	1		3.122100
48	162	1	0	0	5	25	7	6	5	127.26	1		3.122100
48	163	1	0	0	11	25	7	6	5	127.26	1		3.122100
48	164	1	0	7	14	14	7	6	5	127.26	1		3.122100
18	62	2	0	7	9	21	8	5	7	198.44	0		24.472500
18	63	3	0	0	21	25	12	2	5	96.34	0		72.200103
18	64	3	0	0	23	25	12	2	5	96.34	0		72.200103
21	74	2	0	8	0	0	8	5	7	198.44	0		24.472500
21	71	1	0	7	14	19	7	6	5	127.26	1		3.122100
21	72	1	0	7	14	24	7	6	5	127.26	1		3.122100
21	73	1	0	8	0	7	7	6	5	127.26	1		3.122100
28	94	3	0	12	7	0	12	2	5	96.34	0		72.200103
28	92	1	0	8	0	12	7	6	5	127.26	1		3.122100
28	93	1	0	8	0	17	7	6	5	127.26	1		3.122100
20	69	3	0	12	20	0	12	2	5	96.34	0		72.200103
20	70	3	0	12	22	0	12	2	5	96.34	0		72.200103
20	68	1	0	8	0	22	7	6	5	127.26	1		3.122100
47	158	2	0	12	20	5	8	5	7	198.44	0		24.472500
47	159	2	0	12	20	12	8	5	7	198.44	0		24.472500
47	160	2	0	12	20	19	8	5	7	198.44	0		24.472500
47	161	2	0	15	9	0	8	5	7	198.44	0		24.472500
53	175	2	0	15	14	0	8	5	7	198.44	0		24.472500
53	176	3	0	12	7	5	12	2	5	96.34	0		72.200103
53	174	1	0	15	9	7	7	6	5	127.26	1		3.122100
50	168	2	0	16	0	0	8	5	7	198.44	0		24.472500
50	169	3	0	12	7	10	12	2	5	96.34	0		72.200103
50	167	1	0	15	0	7	7	6	5	127.26	1		3.122100


-------------------------------------------------------------------------------------------------------------------
Tour_Id:			3
No_of_Customers:		26
No_of_Items:			86
Customer_Sequence:		25 54 2 51 27 17 38 15 49 44 16 59 26 29 23 24 41 34 45 10 58 31 52 35 11 3 

CustId	Id	TypeId	Rotated	x	y	z	Length	Width	Height	mass	Fragility	LoadBearingStrength
3	6	2	0	0	0	0	8	5	7	198.44	0		24.472500
3	7	2	0	0	5	0	8	5	7	198.44	0		24.472500
3	8	3	0	0	10	0	12	2	5	96.34	0		72.200103
3	9	3	0	0	12	0	12	2	5	96.34	0		72.200103
11	40	2	0	0	14	0	8	5	7	198.44	0		24.472500
11	41	3	0	0	19	0	12	2	5	96.34	0		72.200103
11	38	1	0	0	0	7	7	6	5	127.26	1		3.122100
11	39	1	0	0	14	7	7	6	5	127.26	1		3.122100
35	114	2	0	0	6	7	8	5	7	198.44	0		24.472500
35	115	3	0	0	21	0	12	2	5	96.34	0		72.200103
35	116	3	0	0	23	0	12	2	5	96.34	0		72.200103
35	117	3	0	0	11	5	12	2	5	96.34	0		72.200103
35	118	3	0	0	20	5	12	2	5	96.34	0		72.200103
52	172	2	0	0	6	14	8	5	7	198.44	0		24.472500
52	173	3	0	0	22	5	12	2	5	96.34	0		72.200103
31	102	2	0	0	20	10	8	5	7	198.44	0		24.472500
31	103	3	0	0	11	10	12	2	5	96.34	0		72.200103
31	101	1	0	0	0	12	7	6	5	127.26	1		3.122100
58	193	2	0	0	20	17	8	5	7	198.44	0		24.472500
58	191	1	0	0	14	12	7	6	5	127.26	1		3.122100
58	192	1	0	0	0	17	7	6	5	127.26	1		3.122100
10	35	2	0	0	6	21	8	5	7	198.44	0		24.472500
10	36	3	0	0	11	15	12	2	5	96.34	0		72.200103
10	37	3	0	0	11	20	12	2	5	96.34	0		72.200103
10	34	1	0	0	14	17	7	6	5	127.26	1		3.122100
45	151	2	0	8	0	0	8	5	7	198.44	0		24.472500
45	152	3	0	0	11	25	12	2	5	96.34	0		72.200103
34	113	3	0	7	0	7	12	2	5	96.34	0		72.200103
34	110	1	0	0	0	22	7	6	5	127.26	1		3.122100
34	111	1	0	0	13	22	7	6	5	127.26	1		3.122100
34	112	1	0	12	5	0	7	6	5	127.26	1		3.122100
41	135	2	0	8	14	0	8	5	7	198.44	0		24.472500
41	136	2	0	7	13	7	8	5	7	198.44	0		24.472500
41	137	3	0	7	2	7	12	2	5	96.34	0		72.200103
41	138	3	0	7	0	12	12	2	5	96.34	0		72.200103
41	134	1	0	7	13	14	7	6	5	127.26	1		3.122100
24	83	3	0	7	2	12	12	2	5	96.34	0		72.200103
24	84	3	0	7	0	17	12	2	5	96.34	0		72.200103
24	82	1	0	7	13	19	7	6	5	127.26	1		3.122100
23	80	3	0	7	2	17	12	2	5	96.34	0		72.200103
23	81	3	0	7	0	22	12	2	5	96.34	0		72.200103
23	79	1	0	7	13	24	7	6	5	127.26	1		3.122100
29	96	3	0	7	2	22	12	2	5	96.34	0		72.200103
29	97	3	0	12	11	0	12	2	5	96.34	0		72.200103
29	95	1	0	12	19	0	7	6	5	127.26	1		3.122100
26	88	3	0	12	11	5	12	2	5	96.34	0		72.200103
26	89	3	0	12	11	10	12	2	5	96.34	0		72.200103
59	197	2	0	16	14	0	8	5	7	198.44	0		24.472500
59	194	1	0	12	5	5	7	6	5	127.26	1		3.122100
59	195	1	0	12	19	5	7	6	5	127.26	1		3.122100
59	196	1	0	8	19	10	7	6	5	127.26	1		3.122100
16	56	2	0	15	13	7	8	5	7	198.44	0		24.472500
16	57	2	0	14	13	14	8	5	7	198.44	0		24.472500
16	58	3	0	12	11	15	12	2	5	96.34	0		72.200103
16	55	1	0	8	19	15	7	6	5	127.26	1		3.122100
44	147	2	0	14	13	21	8	5	7	198.44	0		24.472500
44	148	3	0	12	11	20	12	2	5	96.34	0		72.200103
44	149	3	0	12	11	25	12	2	5	96.34	0		72.200103
44	150	3	0	19	0	0	12	2	5	96.34	0		72.200103
44	146	1	0	8	19	20	7	6	5	127.26	1		3.122100
49	166	3	0	19	2	0	12	2	5	96.34	0		72.200103
49	165	1	0	8	19	25	7	6	5	127.26	1		3.122100
15	54	2	0	19	5	0	8	5	7	198.44	0		24.472500
15	52	1	0	12	5	10	7	6	5	127.26	1		3.122100
15	53	1	0	12	5	15	7	6	5	127.26	1		3.122100
38	125	3	0	19	19	0	12	2	5	96.34	0		72.200103
38	126	3	0	19	21	0	12	2	5	96.34	0		72.200103
38	123	1	0	12	5	20	7	6	5	127.26	1		3.122100
38	124	1	0	12	5	25	7	6	5	127.26	1		3.122100
17	60	3	0	19	23	0	12	2	5	96.34	0		72.200103
17	61	3	0	19	0	5	12	2	5	96.34	0		72.200103
17	59	1	0	19	19	5	7	6	5	127.26	1		3.122100
27	90	2	0	19	5	7	8	5	7	198.44	0		24.472500
27	91	3	0	19	2	5	12	2	5	96.34	0		72.200103
51	170	1	0	15	18	10	7	6	5	127.26	1		3.122100
51	171	1	0	15	18	15	7	6	5	127.26	1		3.122100
2	4	2	0	19	0	10	8	5	7	198.44	0		24.472500
2	5	3	0	24	11	0	12	2	5	96.34	0		72.200103
54	178	2	0	19	5	14	8	5	7	198.44	0		24.472500
54	179	2	0	19	0	17	8	5	7	198.44	0		24.472500
54	180	3	0	24	13	0	12	2	5	96.34	0		72.200103
54	181	3	0	24	15	0	12	2	5	96.34	0		72.200103
54	177	1	0	15	18	20	7	6	5	127.26	1		3.122100
25	87	3	0	24	17	0	12	2	5	96.34	0		72.200103
25	85	1	0	15	18	25	7	6	5	127.26	1		3.122100
25	86	1	0	19	5	21	7	6	5	127.26	1		3.122100


