Name:				167_n060_m200_bt3
Problem:			3L-VRPTW
Number_of_used_Vehicles:	4
Total_Travel_Distance:		700.75
Calculation_Time:		1502.58
Total_Iterations:		9040
ConstraintSet:			P1

-------------------------------------------------------------------------------------------------------------------
Tour_Id:			1
No_of_Customers:		14
No_of_Items:			46
Customer_Sequence:		2 54 55 53 21 1 40 3 34 25 38 6 60 4 

CustId	Id	TypeId	Rotated	x	y	z	Length	Width	Height	mass	Fragility	LoadBearingStrength
4	11	1	0	0	0	0	15	3	3	51.34	0		2.306586
4	13	3	0	0	3	0	14	3	3	48.93	0		14.607109
4	14	3	0	0	6	0	14	3	3	48.93	0		14.607109
4	12	2	0	0	9	0	17	3	8	130.29	1		7.996923
60	196	1	0	0	12	0	15	3	3	51.34	0		2.306586
60	197	1	0	0	15	0	15	3	3	51.34	0		2.306586
60	199	3	0	0	18	0	14	3	3	48.93	0		14.607109
60	200	3	0	0	21	0	14	3	3	48.93	0		14.607109
60	198	2	0	0	0	3	17	3	8	130.29	1		7.996923
6	19	3	0	0	3	3	14	3	3	48.93	0		14.607109
6	20	3	0	0	6	3	14	3	3	48.93	0		14.607109
6	17	2	0	0	12	3	17	3	8	130.29	1		7.996923
6	18	2	0	0	15	3	17	3	8	130.29	1		7.996923
38	123	2	0	0	18	3	17	3	8	130.29	1		7.996923
38	124	2	0	0	21	3	17	3	8	130.29	1		7.996923
25	83	3	0	0	3	6	14	3	3	48.93	0		14.607109
25	84	3	0	0	6	6	14	3	3	48.93	0		14.607109
34	109	1	0	0	3	9	15	3	3	51.34	0		2.306586
34	111	3	0	0	6	9	14	3	3	48.93	0		14.607109
34	110	2	0	0	9	8	17	3	8	130.29	1		7.996923
3	9	1	0	0	3	12	15	3	3	51.34	0		2.306586
3	10	3	0	0	6	12	14	3	3	48.93	0		14.607109
40	128	1	0	0	3	15	15	3	3	51.34	0		2.306586
40	129	2	0	0	0	11	17	3	8	130.29	1		7.996923
1	1	1	0	0	6	15	15	3	3	51.34	0		2.306586
1	4	3	0	0	3	18	14	3	3	48.93	0		14.607109
1	2	2	0	0	12	11	17	3	8	130.29	1		7.996923
1	3	2	0	0	15	11	17	3	8	130.29	1		7.996923
21	72	1	0	0	6	18	15	3	3	51.34	0		2.306586
21	73	1	0	0	3	21	15	3	3	51.34	0		2.306586
21	74	3	0	0	6	21	14	3	3	48.93	0		14.607109
53	173	1	0	0	3	24	15	3	3	51.34	0		2.306586
53	175	3	0	0	6	24	14	3	3	48.93	0		14.607109
53	176	3	0	0	3	27	14	3	3	48.93	0		14.607109
53	177	3	0	0	6	27	14	3	3	48.93	0		14.607109
53	174	2	0	0	18	11	17	3	8	130.29	1		7.996923
55	180	1	0	15	3	0	15	3	3	51.34	0		2.306586
55	181	1	0	15	6	0	15	3	3	51.34	0		2.306586
55	183	3	0	15	3	3	14	3	3	48.93	0		14.607109
55	182	2	0	0	21	11	17	3	8	130.29	1		7.996923
54	178	3	0	15	6	3	14	3	3	48.93	0		14.607109
54	179	3	0	15	3	6	14	3	3	48.93	0		14.607109
2	5	1	0	15	6	6	15	3	3	51.34	0		2.306586
2	6	1	0	15	3	9	15	3	3	51.34	0		2.306586
2	7	1	0	15	6	9	15	3	3	51.34	0		2.306586
2	8	3	0	15	3	12	14	3	3	48.93	0		14.607109


-------------------------------------------------------------------------------------------------------------------
Tour_Id:			2
No_of_Customers:		15
No_of_Items:			49
Customer_Sequence:		9 49 27 39 26 23 19 32 14 15 30 20 16 41 31 

CustId	Id	TypeId	Rotated	x	y	z	Length	Width	Height	mass	Fragility	LoadBearingStrength
31	99	1	0	0	0	0	15	3	3	51.34	0		2.306586
31	102	3	0	0	3	0	14	3	3	48.93	0		14.607109
31	100	2	0	0	6	0	17	3	8	130.29	1		7.996923
31	101	2	0	0	9	0	17	3	8	130.29	1		7.996923
41	132	3	0	0	12	0	14	3	3	48.93	0		14.607109
41	130	2	0	0	15	0	17	3	8	130.29	1		7.996923
41	131	2	0	0	18	0	17	3	8	130.29	1		7.996923
16	57	1	0	0	21	0	15	3	3	51.34	0		2.306586
16	58	3	0	0	0	3	14	3	3	48.93	0		14.607109
20	69	1	0	0	3	3	15	3	3	51.34	0		2.306586
20	71	3	0	0	12	3	14	3	3	48.93	0		14.607109
20	70	2	0	0	21	3	17	3	8	130.29	1		7.996923
30	95	1	0	0	0	6	15	3	3	51.34	0		2.306586
30	96	1	0	0	3	6	15	3	3	51.34	0		2.306586
30	98	3	0	0	12	6	14	3	3	48.93	0		14.607109
30	97	2	0	0	6	8	17	3	8	130.29	1		7.996923
15	52	1	0	0	0	9	15	3	3	51.34	0		2.306586
15	54	3	0	0	3	9	14	3	3	48.93	0		14.607109
15	55	3	0	0	12	9	14	3	3	48.93	0		14.607109
15	56	3	0	0	0	12	14	3	3	48.93	0		14.607109
15	53	2	0	0	9	8	17	3	8	130.29	1		7.996923
14	48	1	0	0	3	12	15	3	3	51.34	0		2.306586
14	50	3	0	0	12	12	14	3	3	48.93	0		14.607109
14	51	3	0	0	0	15	14	3	3	48.93	0		14.607109
14	49	2	0	0	15	8	17	3	8	130.29	1		7.996923
32	103	1	0	0	3	15	15	3	3	51.34	0		2.306586
32	104	1	0	0	12	15	15	3	3	51.34	0		2.306586
32	105	2	0	0	18	8	17	3	8	130.29	1		7.996923
19	65	1	0	0	0	18	15	3	3	51.34	0		2.306586
19	66	1	0	0	3	18	15	3	3	51.34	0		2.306586
19	68	3	0	0	12	18	14	3	3	48.93	0		14.607109
19	67	2	0	0	21	11	17	3	8	130.29	1		7.996923
23	78	3	0	0	0	21	14	3	3	48.93	0		14.607109
23	79	3	0	0	3	21	14	3	3	48.93	0		14.607109
23	77	2	0	0	6	16	17	3	8	130.29	1		7.996923
26	86	3	0	0	12	21	14	3	3	48.93	0		14.607109
26	85	2	0	0	9	16	17	3	8	130.29	1		7.996923
39	125	1	0	0	0	24	15	3	3	51.34	0		2.306586
39	126	3	0	0	3	24	14	3	3	48.93	0		14.607109
39	127	3	0	0	12	24	14	3	3	48.93	0		14.607109
27	88	3	0	0	0	27	14	3	3	48.93	0		14.607109
27	87	2	0	0	15	16	17	3	8	130.29	1		7.996923
49	156	1	0	0	3	27	15	3	3	51.34	0		2.306586
49	157	1	0	0	12	27	15	3	3	51.34	0		2.306586
49	158	1	0	15	0	0	15	3	3	51.34	0		2.306586
49	159	3	0	15	3	0	14	3	3	48.93	0		14.607109
9	31	3	0	15	0	3	14	3	3	48.93	0		14.607109
9	32	3	0	15	3	3	14	3	3	48.93	0		14.607109
9	33	3	0	15	0	6	14	3	3	48.93	0		14.607109


-------------------------------------------------------------------------------------------------------------------
Tour_Id:			3
No_of_Customers:		18
No_of_Items:			61
Customer_Sequence:		37 50 51 17 18 43 48 11 10 13 46 36 44 56 5 58 22 8 

CustId	Id	TypeId	Rotated	x	y	z	Length	Width	Height	mass	Fragility	LoadBearingStrength
8	26	1	0	0	0	0	15	3	3	51.34	0		2.306586
8	27	1	0	0	3	0	15	3	3	51.34	0		2.306586
8	28	2	0	0	6	0	17	3	8	130.29	1		7.996923
8	29	2	0	0	9	0	17	3	8	130.29	1		7.996923
8	30	2	0	0	12	0	17	3	8	130.29	1		7.996923
22	75	1	0	0	15	0	15	3	3	51.34	0		2.306586
22	76	3	0	0	18	0	14	3	3	48.93	0		14.607109
58	190	1	0	0	21	0	15	3	3	51.34	0		2.306586
58	191	3	0	0	0	3	14	3	3	48.93	0		14.607109
58	192	3	0	0	3	3	14	3	3	48.93	0		14.607109
58	193	3	0	0	15	3	14	3	3	48.93	0		14.607109
5	15	2	0	0	18	3	17	3	8	130.29	1		7.996923
5	16	2	0	0	21	3	17	3	8	130.29	1		7.996923
56	185	3	0	0	0	6	14	3	3	48.93	0		14.607109
56	186	3	0	0	3	6	14	3	3	48.93	0		14.607109
56	184	2	0	0	15	6	17	3	8	130.29	1		7.996923
44	139	1	0	0	0	9	15	3	3	51.34	0		2.306586
44	140	1	0	0	3	9	15	3	3	51.34	0		2.306586
44	142	3	0	0	0	12	14	3	3	48.93	0		14.607109
44	141	2	0	0	6	8	17	3	8	130.29	1		7.996923
36	117	2	0	0	9	8	17	3	8	130.29	1		7.996923
36	118	2	0	0	12	8	17	3	8	130.29	1		7.996923
36	119	2	0	0	18	11	17	3	8	130.29	1		7.996923
46	146	1	0	0	3	12	15	3	3	51.34	0		2.306586
46	147	3	0	0	0	15	14	3	3	48.93	0		14.607109
46	148	3	0	0	3	15	14	3	3	48.93	0		14.607109
13	43	1	0	0	0	18	15	3	3	51.34	0		2.306586
13	44	1	0	0	3	18	15	3	3	51.34	0		2.306586
13	46	3	0	0	0	21	14	3	3	48.93	0		14.607109
13	47	3	0	0	3	21	14	3	3	48.93	0		14.607109
13	45	2	0	0	21	11	17	3	8	130.29	1		7.996923
10	34	1	0	0	0	24	15	3	3	51.34	0		2.306586
10	35	1	0	0	3	24	15	3	3	51.34	0		2.306586
10	36	1	0	0	0	27	15	3	3	51.34	0		2.306586
10	37	3	0	0	3	27	14	3	3	48.93	0		14.607109
11	39	3	0	15	0	0	14	3	3	48.93	0		14.607109
11	38	2	0	0	15	14	17	3	8	130.29	1		7.996923
48	154	2	0	0	6	16	17	3	8	130.29	1		7.996923
48	155	2	0	0	9	16	17	3	8	130.29	1		7.996923
43	135	1	0	15	3	0	15	3	3	51.34	0		2.306586
43	136	2	0	0	12	16	17	3	8	130.29	1		7.996923
43	137	2	0	0	18	19	17	3	8	130.29	1		7.996923
43	138	2	0	0	21	19	17	3	8	130.29	1		7.996923
18	61	1	0	15	0	3	15	3	3	51.34	0		2.306586
18	64	3	0	15	3	3	14	3	3	48.93	0		14.607109
18	62	2	0	0	15	22	17	3	8	130.29	1		7.996923
18	63	2	0	15	0	6	17	3	8	130.29	1		7.996923
17	59	1	0	15	3	6	15	3	3	51.34	0		2.306586
17	60	1	0	15	3	9	15	3	3	51.34	0		2.306586
51	165	1	0	15	3	12	15	3	3	51.34	0		2.306586
51	166	1	0	15	3	15	15	3	3	51.34	0		2.306586
51	167	3	0	15	3	18	14	3	3	48.93	0		14.607109
51	168	3	0	15	3	21	14	3	3	48.93	0		14.607109
50	160	1	0	15	3	24	15	3	3	51.34	0		2.306586
50	162	3	0	14	3	27	14	3	3	48.93	0		14.607109
50	163	3	0	17	6	0	14	3	3	48.93	0		14.607109
50	164	3	0	17	9	0	14	3	3	48.93	0		14.607109
50	161	2	0	15	0	14	17	3	8	130.29	1		7.996923
37	120	1	0	17	12	0	15	3	3	51.34	0		2.306586
37	122	3	0	17	15	0	14	3	3	48.93	0		14.607109
37	121	2	0	15	0	22	17	3	8	130.29	1		7.996923


-------------------------------------------------------------------------------------------------------------------
Tour_Id:			4
No_of_Customers:		13
No_of_Items:			44
Customer_Sequence:		35 33 59 7 52 45 47 28 57 24 12 42 29 

CustId	Id	TypeId	Rotated	x	y	z	Length	Width	Height	mass	Fragility	LoadBearingStrength
29	93	3	0	0	0	0	14	3	3	48.93	0		14.607109
29	94	3	0	0	3	0	14	3	3	48.93	0		14.607109
29	91	2	0	0	6	0	17	3	8	130.29	1		7.996923
29	92	2	0	0	9	0	17	3	8	130.29	1		7.996923
42	133	1	0	0	12	0	15	3	3	51.34	0		2.306586
42	134	3	0	0	15	0	14	3	3	48.93	0		14.607109
12	40	3	0	0	18	0	14	3	3	48.93	0		14.607109
12	41	3	0	0	21	0	14	3	3	48.93	0		14.607109
12	42	3	0	0	0	3	14	3	3	48.93	0		14.607109
24	80	1	0	0	3	3	15	3	3	51.34	0		2.306586
24	81	1	0	0	12	3	15	3	3	51.34	0		2.306586
24	82	2	0	0	15	3	17	3	8	130.29	1		7.996923
57	188	3	0	0	18	3	14	3	3	48.93	0		14.607109
57	189	3	0	0	21	3	14	3	3	48.93	0		14.607109
57	187	2	0	0	0	6	17	3	8	130.29	1		7.996923
28	89	1	0	0	3	6	15	3	3	51.34	0		2.306586
28	90	1	0	0	12	6	15	3	3	51.34	0		2.306586
47	152	3	0	0	18	6	14	3	3	48.93	0		14.607109
47	153	3	0	0	21	6	14	3	3	48.93	0		14.607109
47	149	2	0	0	6	8	17	3	8	130.29	1		7.996923
47	150	2	0	0	9	8	17	3	8	130.29	1		7.996923
47	151	2	0	0	3	9	17	3	8	130.29	1		7.996923
45	144	3	0	0	12	9	14	3	3	48.93	0		14.607109
45	145	3	0	0	18	9	14	3	3	48.93	0		14.607109
45	143	2	0	0	21	9	17	3	8	130.29	1		7.996923
52	169	1	0	0	12	12	15	3	3	51.34	0		2.306586
52	172	3	0	0	18	12	14	3	3	48.93	0		14.607109
52	170	2	0	0	15	11	17	3	8	130.29	1		7.996923
52	171	2	0	0	0	14	17	3	8	130.29	1		7.996923
7	21	1	0	0	12	15	15	3	3	51.34	0		2.306586
7	24	3	0	0	18	15	14	3	3	48.93	0		14.607109
7	25	3	0	0	12	18	14	3	3	48.93	0		14.607109
7	22	2	0	0	6	16	17	3	8	130.29	1		7.996923
7	23	2	0	0	9	16	17	3	8	130.29	1		7.996923
59	194	2	0	0	3	17	17	3	8	130.29	1		7.996923
59	195	2	0	0	21	17	17	3	8	130.29	1		7.996923
33	106	1	0	0	18	18	15	3	3	51.34	0		2.306586
33	108	3	0	0	12	21	14	3	3	48.93	0		14.607109
33	107	2	0	0	15	19	17	3	8	130.29	1		7.996923
35	112	1	0	0	18	21	15	3	3	51.34	0		2.306586
35	113	1	0	0	12	24	15	3	3	51.34	0		2.306586
35	114	1	0	0	18	24	15	3	3	51.34	0		2.306586
35	115	3	0	0	12	27	14	3	3	48.93	0		14.607109
35	116	3	0	0	18	27	14	3	3	48.93	0		14.607109


