Name:				168_n060_m200_bt3
Problem:			3L-VRPTW
Number_of_used_Vehicles:	3
Total_Travel_Distance:		585.56
Calculation_Time:		3600.00
Total_Iterations:		1228
ConstraintSet:			P1

-------------------------------------------------------------------------------------------------------------------
Tour_Id:			1
No_of_Customers:		15
No_of_Items:			46
Customer_Sequence:		18 44 36 20 6 19 23 21 38 16 3 60 15 54 45 

CustId	Id	TypeId	Rotated	x	y	z	Length	Width	Height	mass	Fragility	LoadBearingStrength
45	147	1	0	0	0	0	14	6	8	144.19	0		3.612938
45	148	1	0	0	6	0	14	6	8	144.19	0		3.612938
45	149	2	0	0	12	0	8	3	8	154.25	1		8.914771
54	176	1	0	0	15	0	14	6	8	144.19	0		3.612938
54	178	3	0	0	21	0	16	3	6	98.59	0		10.262046
54	179	3	0	0	21	6	16	3	6	98.59	0		10.262046
54	177	2	0	0	0	8	8	3	8	154.25	1		8.914771
15	53	1	0	0	3	8	14	6	8	144.19	0		3.612938
15	54	1	0	0	15	8	14	6	8	144.19	0		3.612938
15	55	3	0	0	9	8	16	3	6	98.59	0		10.262046
60	199	1	0	0	3	16	14	6	8	144.19	0		3.612938
60	200	3	0	0	21	12	16	3	6	98.59	0		10.262046
3	8	2	0	0	12	8	8	3	8	154.25	1		8.914771
3	9	2	0	0	9	14	8	3	8	154.25	1		8.914771
16	57	3	0	0	15	16	16	3	6	98.59	0		10.262046
16	56	2	0	0	0	16	8	3	8	154.25	1		8.914771
38	124	1	0	14	0	0	14	6	8	144.19	0		3.612938
38	125	1	0	14	0	8	14	6	8	144.19	0		3.612938
38	126	3	0	0	18	16	16	3	6	98.59	0		10.262046
21	70	1	0	0	15	22	14	6	8	144.19	0		3.612938
21	72	3	0	0	21	18	16	3	6	98.59	0		10.262046
21	71	2	0	0	12	16	8	3	8	154.25	1		8.914771
23	75	1	0	14	0	16	14	6	8	144.19	0		3.612938
23	76	3	0	0	3	24	16	3	6	98.59	0		10.262046
23	77	3	0	0	6	24	16	3	6	98.59	0		10.262046
23	78	3	0	0	21	24	16	3	6	98.59	0		10.262046
19	64	1	0	16	6	0	14	6	8	144.19	0		3.612938
19	66	3	0	8	12	0	16	3	6	98.59	0		10.262046
19	65	2	0	0	9	22	8	3	8	154.25	1		8.914771
6	16	1	0	16	6	8	14	6	8	144.19	0		3.612938
6	17	2	0	8	12	6	8	3	8	154.25	1		8.914771
6	18	2	0	8	9	14	8	3	8	154.25	1		8.914771
20	67	1	0	16	6	16	14	6	8	144.19	0		3.612938
20	69	3	0	16	21	0	16	3	6	98.59	0		10.262046
20	68	2	0	8	12	14	8	3	8	154.25	1		8.914771
36	118	1	0	24	12	0	14	6	8	144.19	0		3.612938
36	120	3	0	16	18	0	16	3	6	98.59	0		10.262046
36	119	2	0	8	12	22	8	3	8	154.25	1		8.914771
44	142	1	0	24	12	8	14	6	8	144.19	0		3.612938
44	143	1	0	16	18	6	14	6	8	144.19	0		3.612938
44	145	3	0	16	18	14	16	3	6	98.59	0		10.262046
44	146	3	0	16	21	14	16	3	6	98.59	0		10.262046
44	144	2	0	16	18	20	8	3	8	154.25	1		8.914771
18	61	1	0	24	12	16	14	6	8	144.19	0		3.612938
18	62	1	0	28	0	0	14	6	8	144.19	0		3.612938
18	63	3	0	16	21	20	16	3	6	98.59	0		10.262046


-------------------------------------------------------------------------------------------------------------------
Tour_Id:			2
No_of_Customers:		19
No_of_Items:			67
Customer_Sequence:		30 53 14 25 41 24 40 33 49 58 59 17 1 28 37 11 35 55 13 

CustId	Id	TypeId	Rotated	x	y	z	Length	Width	Height	mass	Fragility	LoadBearingStrength
13	46	3	0	0	0	0	16	3	6	98.59	0		10.262046
13	47	3	0	0	3	0	16	3	6	98.59	0		10.262046
13	44	2	0	0	6	0	8	3	8	154.25	1		8.914771
13	45	2	0	0	9	0	8	3	8	154.25	1		8.914771
55	180	1	0	0	12	0	14	6	8	144.19	0		3.612938
55	183	3	0	0	18	0	16	3	6	98.59	0		10.262046
55	181	2	0	0	21	0	8	3	8	154.25	1		8.914771
55	182	2	0	0	0	6	8	3	8	154.25	1		8.914771
35	115	1	0	0	12	8	14	6	8	144.19	0		3.612938
35	116	1	0	0	12	16	14	6	8	144.19	0		3.612938
35	117	2	0	0	3	6	8	3	8	154.25	1		8.914771
11	38	3	0	0	18	6	16	3	6	98.59	0		10.262046
11	36	2	0	0	6	8	8	3	8	154.25	1		8.914771
11	37	2	0	0	9	8	8	3	8	154.25	1		8.914771
37	121	1	0	8	6	0	14	6	8	144.19	0		3.612938
37	122	3	0	0	18	12	16	3	6	98.59	0		10.262046
37	123	3	0	0	18	18	16	3	6	98.59	0		10.262046
28	93	1	0	8	6	8	14	6	8	144.19	0		3.612938
28	94	3	0	0	12	24	16	3	6	98.59	0		10.262046
1	1	1	0	8	6	16	14	6	8	144.19	0		3.612938
1	2	3	0	0	15	24	16	3	6	98.59	0		10.262046
1	3	3	0	0	18	24	16	3	6	98.59	0		10.262046
1	4	3	0	8	21	0	16	3	6	98.59	0		10.262046
17	58	1	0	16	0	0	14	6	8	144.19	0		3.612938
17	60	3	0	8	21	6	16	3	6	98.59	0		10.262046
17	59	2	0	0	21	8	8	3	8	154.25	1		8.914771
59	196	1	0	16	12	0	14	6	8	144.19	0		3.612938
59	197	1	0	16	0	8	14	6	8	144.19	0		3.612938
59	198	3	0	8	21	12	16	3	6	98.59	0		10.262046
58	191	1	0	16	12	8	14	6	8	144.19	0		3.612938
58	192	1	0	16	0	16	14	6	8	144.19	0		3.612938
58	193	1	0	16	12	16	14	6	8	144.19	0		3.612938
58	195	3	0	8	21	18	16	3	6	98.59	0		10.262046
58	194	2	0	16	18	0	8	3	8	154.25	1		8.914771
49	163	3	0	8	6	24	16	3	6	98.59	0		10.262046
49	161	2	0	16	18	8	8	3	8	154.25	1		8.914771
49	162	2	0	16	18	16	8	3	8	154.25	1		8.914771
33	108	1	0	24	6	0	14	6	8	144.19	0		3.612938
33	109	1	0	24	18	0	14	6	8	144.19	0		3.612938
33	110	3	0	8	9	24	16	3	6	98.59	0		10.262046
33	111	3	0	8	21	24	16	3	6	98.59	0		10.262046
40	129	1	0	24	6	8	14	6	8	144.19	0		3.612938
40	130	2	0	24	18	8	8	3	8	154.25	1		8.914771
24	79	1	0	24	6	16	14	6	8	144.19	0		3.612938
24	80	1	0	30	0	0	14	6	8	144.19	0		3.612938
24	81	2	0	24	21	8	8	3	8	154.25	1		8.914771
41	131	1	0	30	12	0	14	6	8	144.19	0		3.612938
41	132	3	0	16	0	24	16	3	6	98.59	0		10.262046
41	133	3	0	16	3	24	16	3	6	98.59	0		10.262046
25	83	3	0	16	12	24	16	3	6	98.59	0		10.262046
25	84	3	0	16	15	24	16	3	6	98.59	0		10.262046
25	85	3	0	24	6	24	16	3	6	98.59	0		10.262046
25	82	2	0	24	18	16	8	3	8	154.25	1		8.914771
14	48	1	0	32	0	8	14	6	8	144.19	0		3.612938
14	49	1	0	32	12	8	14	6	8	144.19	0		3.612938
14	50	1	0	32	0	16	14	6	8	144.19	0		3.612938
14	51	3	0	24	9	24	16	3	6	98.59	0		10.262046
14	52	3	0	32	12	16	16	3	6	98.59	0		10.262046
53	171	1	0	38	18	0	14	6	8	144.19	0		3.612938
53	172	1	0	32	18	8	14	6	8	144.19	0		3.612938
53	173	3	0	32	15	16	16	3	6	98.59	0		10.262046
53	174	3	0	32	18	16	16	3	6	98.59	0		10.262046
53	175	3	0	32	21	16	16	3	6	98.59	0		10.262046
30	99	1	0	32	12	22	14	6	8	144.19	0		3.612938
30	100	1	0	32	18	22	14	6	8	144.19	0		3.612938
30	101	1	0	40	6	0	14	6	8	144.19	0		3.612938
30	102	2	0	40	6	8	8	3	8	154.25	1		8.914771


-------------------------------------------------------------------------------------------------------------------
Tour_Id:			3
No_of_Customers:		26
No_of_Items:			87
Customer_Sequence:		12 8 10 48 29 22 56 27 39 46 50 57 4 2 26 52 31 43 51 34 5 42 7 47 32 9 

CustId	Id	TypeId	Rotated	x	y	z	Length	Width	Height	mass	Fragility	LoadBearingStrength
9	28	1	0	0	0	0	14	6	8	144.19	0		3.612938
9	29	1	0	0	6	0	14	6	8	144.19	0		3.612938
9	30	3	0	0	12	0	16	3	6	98.59	0		10.262046
32	106	1	0	0	15	0	14	6	8	144.19	0		3.612938
32	107	3	0	0	21	0	16	3	6	98.59	0		10.262046
47	154	1	0	0	0	8	14	6	8	144.19	0		3.612938
47	155	1	0	0	6	8	14	6	8	144.19	0		3.612938
47	156	1	0	0	15	8	14	6	8	144.19	0		3.612938
47	157	3	0	0	12	6	16	3	6	98.59	0		10.262046
7	20	3	0	0	21	6	16	3	6	98.59	0		10.262046
26	86	1	0	0	0	16	14	6	8	144.19	0		3.612938
7	22	3	0	0	12	12	16	3	6	98.59	0		10.262046
7	23	3	0	0	21	12	16	3	6	98.59	0		10.262046
7	19	2	0	0	6	16	8	3	8	154.25	1		8.914771
42	134	1	0	0	15	16	14	6	8	144.19	0		3.612938
42	135	1	0	14	0	0	14	6	8	144.19	0		3.612938
42	137	3	0	0	9	16	16	3	6	98.59	0		10.262046
42	136	2	0	0	12	18	8	3	8	154.25	1		8.914771
5	14	1	0	14	15	0	14	6	8	144.19	0		3.612938
51	167	1	0	14	0	8	14	6	8	144.19	0		3.612938
34	114	3	0	0	21	18	16	3	6	98.59	0		10.262046
34	112	2	0	0	9	22	8	3	8	154.25	1		8.914771
34	113	2	0	8	6	16	8	3	8	154.25	1		8.914771
5	15	2	0	8	12	18	8	3	8	154.25	1		8.914771
51	168	1	0	14	15	8	14	6	8	144.19	0		3.612938
43	138	1	0	14	15	16	14	6	8	144.19	0		3.612938
43	140	3	0	0	15	24	16	3	6	98.59	0		10.262046
43	141	3	0	0	18	24	16	3	6	98.59	0		10.262046
43	139	2	0	8	9	22	8	3	8	154.25	1		8.914771
31	103	1	0	16	6	0	14	6	8	144.19	0		3.612938
31	104	1	0	16	6	8	14	6	8	144.19	0		3.612938
31	105	2	0	16	12	0	8	3	8	154.25	1		8.914771
52	169	1	0	16	6	16	14	6	8	144.19	0		3.612938
52	170	3	0	0	21	24	16	3	6	98.59	0		10.262046
7	21	3	0	16	21	0	16	3	6	98.59	0		10.262046
26	88	3	0	0	0	24	16	3	6	98.59	0		10.262046
26	87	2	0	16	21	6	8	3	8	154.25	1		8.914771
2	5	1	0	16	0	16	14	6	8	144.19	0		3.612938
2	6	2	0	16	12	8	8	3	8	154.25	1		8.914771
2	7	2	0	16	21	14	8	3	8	154.25	1		8.914771
4	13	3	0	0	3	24	16	3	6	98.59	0		10.262046
4	10	2	0	16	12	16	8	3	8	154.25	1		8.914771
4	11	2	0	16	21	22	8	3	8	154.25	1		8.914771
4	12	2	0	24	12	0	8	3	8	154.25	1		8.914771
57	186	1	0	28	15	0	14	6	8	144.19	0		3.612938
57	187	1	0	28	15	8	14	6	8	144.19	0		3.612938
57	189	3	0	16	0	24	16	3	6	98.59	0		10.262046
57	190	3	0	16	3	24	16	3	6	98.59	0		10.262046
57	188	2	0	24	21	6	8	3	8	154.25	1		8.914771
50	164	1	0	28	15	16	14	6	8	144.19	0		3.612938
50	165	1	0	30	6	0	14	6	8	144.19	0		3.612938
50	166	3	0	16	6	24	16	3	6	98.59	0		10.262046
46	153	3	0	16	9	24	16	3	6	98.59	0		10.262046
46	150	2	0	24	12	8	8	3	8	154.25	1		8.914771
46	151	2	0	24	21	14	8	3	8	154.25	1		8.914771
46	152	2	0	24	12	16	8	3	8	154.25	1		8.914771
39	127	1	0	32	0	0	14	6	8	144.19	0		3.612938
39	128	2	0	24	21	22	8	3	8	154.25	1		8.914771
27	89	1	0	32	0	8	14	6	8	144.19	0		3.612938
27	90	1	0	32	6	8	14	6	8	144.19	0		3.612938
27	91	1	0	32	0	16	14	6	8	144.19	0		3.612938
27	92	3	0	16	15	24	16	3	6	98.59	0		10.262046
56	184	1	0	32	6	16	14	6	8	144.19	0		3.612938
56	185	2	0	32	12	0	8	3	8	154.25	1		8.914771
22	74	3	0	16	18	24	16	3	6	98.59	0		10.262046
22	73	2	0	32	21	0	8	3	8	154.25	1		8.914771
29	95	1	0	42	15	0	14	6	8	144.19	0		3.612938
29	96	1	0	42	15	8	14	6	8	144.19	0		3.612938
29	97	1	0	42	15	16	14	6	8	144.19	0		3.612938
29	98	3	0	32	0	24	16	3	6	98.59	0		10.262046
48	158	1	1	48	0	0	14	6	8	144.19	0		3.612938
48	159	3	0	32	3	24	16	3	6	98.59	0		10.262046
48	160	3	0	32	6	24	16	3	6	98.59	0		10.262046
10	31	1	1	48	0	8	14	6	8	144.19	0		3.612938
10	32	1	1	48	0	16	14	6	8	144.19	0		3.612938
10	34	3	0	32	9	24	16	3	6	98.59	0		10.262046
10	35	3	0	32	15	24	16	3	6	98.59	0		10.262046
10	33	2	0	32	12	8	8	3	8	154.25	1		8.914771
8	24	1	1	54	0	0	14	6	8	144.19	0		3.612938
8	26	3	0	32	18	24	16	3	6	98.59	0		10.262046
8	27	3	0	40	21	0	16	3	6	98.59	0		10.262046
8	25	2	0	32	21	8	8	3	8	154.25	1		8.914771
12	39	1	1	54	0	8	14	6	8	144.19	0		3.612938
12	40	1	1	54	0	16	14	6	8	144.19	0		3.612938
12	42	3	0	40	21	6	16	3	6	98.59	0		10.262046
12	43	3	0	40	21	12	16	3	6	98.59	0		10.262046
12	41	2	0	32	21	16	8	3	8	154.25	1		8.914771


