Name:				178_n060_m200_bt100
Problem:			3L-VRPTW
Number_of_used_Vehicles:	5
Total_Travel_Distance:		745.71
Calculation_Time:		3019.34
Total_Iterations:		11038
ConstraintSet:			P1

-------------------------------------------------------------------------------------------------------------------
Tour_Id:			1
No_of_Customers:		13
No_of_Items:			38
Customer_Sequence:		32 15 42 38 8 31 52 26 41 36 46 37 12 

CustId	Id	TypeId	Rotated	x	y	z	Length	Width	Height	mass	Fragility	LoadBearingStrength
12	36	57	0	0	0	0	16	4	4	216.14	0		68.533650
12	35	9	0	0	4	0	11	5	4	78.12	0		24.545342
37	125	100	0	0	9	0	16	4	8	432.60	0		108.068186
37	121	38	0	0	13	0	13	5	4	121.03	0		12.529280
37	124	88	0	0	18	0	14	3	5	132.72	0		38.627366
37	122	42	0	0	0	4	6	5	3	31.88	0		6.821802
37	123	83	0	0	0	7	6	6	8	192.96	1		12.320534
46	151	27	0	0	21	0	17	4	5	337.79	0		22.955337
46	148	3	0	0	13	4	7	5	7	424.85	0		137.578191
46	149	11	0	0	18	5	7	4	7	193.94	0		77.153861
46	150	26	0	0	22	5	7	3	4	25.45	0		32.341674
36	118	39	0	0	9	8	9	4	8	225.78	0		31.322487
36	117	9	0	6	0	4	11	5	4	78.12	0		24.545342
36	119	88	0	0	6	4	14	3	5	132.72	0		38.627366
36	120	94	0	6	0	8	14	4	7	412.76	1		10.510562
41	136	99	0	0	13	11	9	4	8	558.19	0		120.164378
41	135	82	0	0	6	9	8	2	8	78.20	0		17.109329
26	81	65	0	7	18	5	10	6	5	228.96	0		18.769516
26	80	20	0	0	0	15	13	6	3	224.45	1		12.656400
52	169	71	0	13	13	0	17	3	8	600.50	0		152.598169
52	170	98	0	0	0	18	12	6	6	148.33	1		6.048024
31	103	59	0	7	18	10	12	6	7	497.13	0		141.724355
31	101	43	0	0	13	19	9	5	7	195.72	0		45.607410
31	100	16	0	7	18	17	12	5	5	150.20	0		14.173097
31	102	56	0	0	9	16	12	3	5	88.61	0		18.830799
8	23	15	0	13	13	8	17	4	8	720.46	0		250.952471
8	24	36	0	0	9	21	12	3	7	127.85	0		20.557323
38	127	54	0	0	13	26	12	4	3	119.79	0		70.223237
38	128	96	0	7	18	22	6	3	8	103.29	0		111.257886
38	126	48	0	0	0	24	16	6	5	847.36	1		35.219879
42	137	71	0	12	13	16	17	3	8	600.50	0		152.598169
42	140	99	0	16	5	0	9	4	8	558.19	0		120.164378
42	138	96	0	8	6	9	6	3	8	103.29	0		111.257886
42	139	98	0	19	17	0	12	6	6	148.33	1		6.048024
15	44	89	0	20	0	0	10	5	8	286.04	0		19.884884
15	43	32	0	20	0	8	7	7	6	111.07	0		31.120399
32	104	14	0	0	6	17	12	3	8	118.68	0		11.830566
32	105	94	0	16	9	0	14	4	7	412.76	1		10.510562


-------------------------------------------------------------------------------------------------------------------
Tour_Id:			2
No_of_Customers:		14
No_of_Items:			49
Customer_Sequence:		51 33 34 55 43 13 60 56 19 18 58 30 17 27 

CustId	Id	TypeId	Rotated	x	y	z	Length	Width	Height	mass	Fragility	LoadBearingStrength
27	84	37	0	0	0	0	14	6	3	210	0		70.868029
27	82	21	0	0	6	0	14	2	7	147.43	0		33.992481
27	83	22	0	0	8	0	14	3	3	66.43	0		44.245287
27	85	74	0	0	11	0	11	3	5	84.08	1		7.591830
17	48	17	0	0	14	0	14	6	5	207.78	0		28.696983
17	49	91	0	0	0	3	11	6	6	726.08	0		161.616969
30	99	80	0	0	14	5	16	6	7	481.43	0		21.027130
30	97	23	0	0	20	0	14	3	8	182.25	0		13.197717
30	98	68	0	0	8	3	10	3	5	80.68	0		35.679662
30	96	13	0	0	20	8	17	3	8	125.19	1		2.592506
58	191	43	0	0	0	9	9	5	7	195.72	0		45.607410
58	193	77	0	0	8	8	8	4	3	31.89	0		11.828808
58	192	76	0	0	14	12	16	4	6	182.48	1		8.644128
18	51	23	0	11	11	0	14	3	8	182.25	0		13.197717
18	50	7	0	0	0	16	11	3	4	90	0		28.884616
19	53	39	0	0	8	11	9	4	8	225.78	0		31.322487
19	52	38	0	14	0	0	13	5	4	121.03	0		12.529280
56	185	15	0	11	0	4	17	4	8	720.46	0		250.952471
56	186	63	0	14	5	0	10	6	8	217.95	0		24.203321
56	187	69	0	0	8	19	12	4	7	175.49	0		18.208382
56	188	77	0	0	0	20	8	4	3	31.89	0		11.828808
60	200	80	0	16	14	0	16	6	7	481.43	0		21.027130
60	197	24	0	11	0	12	17	5	5	367.03	0		29.988110
60	199	36	0	11	0	17	12	3	7	127.85	0		20.557323
60	196	7	0	0	8	26	11	3	4	90	0		28.884616
60	198	31	0	0	23	0	16	2	4	111.08	0		28.144015
13	37	24	0	16	14	7	17	5	5	367.03	0		29.988110
13	38	57	0	16	14	12	16	4	4	216.14	0		68.533650
13	39	97	0	11	5	8	12	3	7	82.34	0		15.907293
43	142	47	0	16	14	16	17	3	5	184.21	0		42.310053
43	143	81	0	11	5	15	9	3	7	150.62	0		52.054906
43	141	42	0	12	8	8	6	5	3	31.88	0		6.821802
55	184	84	0	28	0	0	17	7	4	595.67	0		115.183598
55	183	67	0	17	20	0	10	5	7	328.46	0		48.211717
55	181	56	0	11	5	22	12	3	5	88.61	0		18.830799
55	182	61	0	11	0	24	11	3	3	92.76	0		213.298656
34	110	46	0	25	7	0	16	6	6	478.98	0		81.800098
34	109	35	0	25	7	6	16	7	5	327.22	0		21.707236
34	113	84	0	23	7	11	17	7	4	595.67	0		115.183598
34	111	51	0	23	7	15	11	6	7	371.29	0		46.973762
34	112	67	0	17	19	7	10	5	7	328.46	0		48.211717
33	106	32	0	23	7	22	7	7	6	111.07	0		31.120399
33	107	72	0	16	14	21	10	3	7	113.28	0		29.753066
33	108	93	0	11	0	27	11	3	3	159.67	0		305.236964
51	166	59	0	28	0	4	12	6	7	497.13	0		141.724355
51	167	59	0	28	0	11	12	6	7	497.13	0		141.724355
51	164	2	0	17	19	14	12	5	5	183.22	0		51.836959
51	165	2	0	17	19	19	12	5	5	183.22	0		51.836959
51	168	81	0	26	14	21	9	3	7	150.62	0		52.054906


-------------------------------------------------------------------------------------------------------------------
Tour_Id:			3
No_of_Customers:		14
No_of_Items:			49
Customer_Sequence:		5 57 14 39 2 50 44 7 20 10 53 23 22 24 

CustId	Id	TypeId	Rotated	x	y	z	Length	Width	Height	mass	Fragility	LoadBearingStrength
24	76	100	0	0	0	0	16	4	8	432.60	0		108.068186
24	74	69	0	0	4	0	12	4	7	175.49	0		18.208382
24	72	30	0	0	8	0	7	3	7	124.29	0		64.556578
24	73	61	0	0	11	0	11	3	3	92.76	0		213.298656
24	75	93	0	0	14	0	11	3	3	159.67	0		305.236964
22	64	40	0	0	17	0	14	7	6	731.18	0		59.896145
22	62	14	0	0	11	3	12	3	8	118.68	0		11.830566
22	63	39	0	0	17	6	9	4	8	225.78	0		31.322487
22	66	85	0	0	4	7	7	7	5	162.57	0		88.831421
22	65	81	0	0	14	3	9	3	7	150.62	0		52.054906
23	70	80	0	12	4	0	16	6	7	481.43	0		21.027130
23	71	84	0	7	4	7	17	7	4	595.67	0		115.183598
23	67	17	0	7	4	11	14	6	5	207.78	0		28.696983
23	69	70	0	0	21	6	11	4	7	189.45	0		49.616388
23	68	47	0	0	0	8	17	3	5	184.21	0		42.310053
53	174	79	0	0	0	13	14	4	8	318.59	0		26.014851
53	171	9	0	0	0	21	11	5	4	78.12	0		24.545342
53	173	31	0	0	11	11	16	2	4	111.08	0		28.144015
53	172	26	0	0	14	10	7	3	4	25.45	0		32.341674
53	175	98	0	12	11	0	12	6	6	148.33	1		6.048024
10	28	72	0	0	21	13	10	3	7	113.28	0		29.753066
10	30	95	0	0	14	14	9	3	7	201.69	0		67.858851
10	29	93	0	0	17	14	11	3	3	159.67	0		305.236964
10	27	33	0	14	17	0	13	5	8	333.74	1		6.607282
20	57	65	0	0	0	25	10	6	5	228.96	0		18.769516
20	56	26	0	0	17	17	7	3	4	25.45	0		32.341674
20	54	20	0	14	17	8	13	6	3	224.45	1		12.656400
20	55	25	0	0	21	20	6	3	7	83.11	1		6.187948
7	21	16	0	24	10	0	12	5	5	150.20	0		14.173097
7	22	66	0	17	0	0	13	3	3	56.79	0		11.945985
44	144	44	0	27	15	0	17	4	5	242.05	0		15.350425
44	145	57	0	24	10	5	16	4	4	216.14	0		68.533650
50	162	30	0	0	14	21	7	3	7	124.29	0		64.556578
50	161	28	0	11	17	11	14	5	7	362.01	1		12.559279
50	163	98	0	10	5	16	12	6	6	148.33	1		6.048024
2	5	64	0	17	0	3	13	4	7	241.35	0		60.670729
2	7	70	0	17	0	10	11	4	7	189.45	0		49.616388
2	4	22	0	14	0	17	14	3	3	66.43	0		44.245287
2	6	66	0	14	0	20	13	3	3	56.79	0		11.945985
2	8	74	0	10	5	22	11	3	5	84.08	1		7.591830
39	129	63	0	27	19	0	10	6	8	217.95	0		24.203321
39	130	72	0	14	0	23	10	3	7	113.28	0		29.753066
14	41	35	0	30	0	0	16	7	5	327.22	0		21.707236
14	42	96	0	0	17	21	6	3	8	103.29	0		111.257886
14	40	25	0	10	8	22	6	3	7	83.11	1		6.187948
57	189	29	0	24	10	9	17	5	4	421.37	0		213.043696
57	190	50	1	27	17	8	8	7	5	144.50	0		20.498485
5	15	73	0	24	10	13	15	6	4	157.47	0		14.951271
5	16	94	0	11	17	18	14	4	7	412.76	1		10.510562


-------------------------------------------------------------------------------------------------------------------
Tour_Id:			4
No_of_Customers:		11
No_of_Items:			34
Customer_Sequence:		28 21 45 59 49 16 11 3 25 48 40 

CustId	Id	TypeId	Rotated	x	y	z	Length	Width	Height	mass	Fragility	LoadBearingStrength
40	133	40	0	0	0	0	14	7	6	731.18	0		59.896145
40	132	6	0	0	7	0	10	7	7	310.59	0		37.985740
40	134	99	0	0	14	0	9	4	8	558.19	0		120.164378
40	131	1	0	0	18	0	7	3	5	89.64	1		13.107073
48	157	44	0	0	21	0	17	4	5	242.05	0		15.350425
48	156	10	0	0	0	6	10	5	3	102.28	0		122.882485
48	158	53	0	0	18	5	16	7	4	374.89	1		14.572990
25	78	64	0	0	7	7	13	4	7	241.35	0		60.670729
25	77	14	0	0	11	7	12	3	8	118.68	0		11.830566
25	79	97	0	0	14	8	12	3	7	82.34	0		15.907293
3	10	60	0	0	0	9	12	4	8	338.72	0		74.015380
3	9	48	0	0	17	9	16	6	5	847.36	1		35.219879
11	32	79	0	0	7	14	14	4	8	318.59	0		26.014851
11	33	79	0	0	11	15	14	4	8	318.59	0		26.014851
11	34	99	0	0	0	17	9	4	8	558.19	0		120.164378
11	31	56	0	0	7	22	12	3	5	88.61	0		18.830799
16	46	47	0	0	11	23	17	3	5	184.21	0		42.310053
16	47	62	0	14	0	0	10	5	4	153.85	0		66.323710
16	45	10	0	14	5	0	10	5	3	102.28	0		122.882485
49	159	3	0	14	5	3	7	5	7	424.85	0		137.578191
49	160	22	0	0	7	27	14	3	3	66.43	0		44.245287
59	194	2	0	14	0	4	12	5	5	183.22	0		51.836959
59	195	50	0	16	14	0	8	7	5	144.50	0		20.498485
45	147	58	0	12	0	9	9	5	6	493.43	0		92.324006
45	146	10	0	12	0	15	10	5	3	102.28	0		122.882485
21	61	78	0	12	0	18	10	3	8	235.62	0		103.021411
21	58	21	0	0	15	15	14	2	7	147.43	0		33.992481
21	59	21	0	0	15	22	14	2	7	147.43	0		33.992481
21	60	42	0	0	0	25	6	5	3	31.88	0		6.821802
28	87	24	0	24	5	0	17	5	5	367.03	0		29.988110
28	90	70	0	17	21	0	11	4	7	189.45	0		49.616388
28	86	16	0	24	10	0	12	5	5	150.20	0		14.173097
28	88	47	0	24	15	0	17	3	5	184.21	0		42.310053
28	89	53	0	0	17	14	16	7	4	374.89	1		14.572990


-------------------------------------------------------------------------------------------------------------------
Tour_Id:			5
No_of_Customers:		8
No_of_Items:			30
Customer_Sequence:		1 9 29 54 4 47 6 35 

CustId	Id	TypeId	Rotated	x	y	z	Length	Width	Height	mass	Fragility	LoadBearingStrength
35	114	51	0	0	0	0	11	6	7	371.29	0		46.973762
35	115	85	0	0	6	0	7	7	5	162.57	0		88.831421
35	116	87	0	0	13	0	16	4	3	71.63	0		12.863596
6	17	6	0	0	17	0	10	7	7	310.59	0		37.985740
6	19	41	0	0	13	3	17	4	3	152.98	0		35.794019
6	20	68	0	0	13	6	10	3	5	80.68	0		35.679662
6	18	28	0	0	0	7	14	5	7	362.01	1		12.559279
47	153	29	0	7	6	0	17	5	4	421.37	0		213.043696
47	152	16	0	0	17	7	12	5	5	150.20	0		14.173097
47	154	54	0	0	17	12	12	4	3	119.79	0		70.223237
47	155	93	0	0	13	11	11	3	3	159.67	0		305.236964
4	14	79	0	0	17	15	14	4	8	318.59	0		26.014851
4	12	23	0	0	13	14	14	3	8	182.25	0		13.197717
4	13	38	0	0	17	23	13	5	4	121.03	0		12.529280
4	11	9	0	7	6	4	11	5	4	78.12	0		24.545342
54	177	49	0	14	0	0	13	6	6	352.60	0		37.627885
54	179	70	0	0	13	22	11	4	7	189.45	0		49.616388
54	178	58	0	7	6	8	9	5	6	493.43	0		92.324006
54	176	38	0	14	0	6	13	5	4	121.03	0		12.529280
54	180	95	0	7	6	14	9	3	7	201.69	0		67.858851
29	95	100	0	14	0	10	16	4	8	432.60	0		108.068186
29	93	71	0	14	17	0	17	3	8	600.50	0		152.598169
29	94	78	0	7	6	21	10	3	8	235.62	0		103.021411
29	92	41	0	0	17	27	17	4	3	152.98	0		35.794019
29	91	7	0	14	20	0	11	3	4	90	0		28.884616
9	26	78	0	14	0	18	10	3	8	235.62	0		103.021411
9	25	12	0	18	6	4	6	5	3	79.84	1		36.646746
1	3	82	0	0	22	7	8	2	8	78.20	0		17.109329
1	1	5	0	17	11	0	12	3	8	161.42	1		6.422123
1	2	74	0	17	14	0	11	3	5	84.08	1		7.591830


