Name:				180_n060_m200_bt100
Problem:			3L-VRPTW
Number_of_used_Vehicles:	4
Total_Travel_Distance:		708.53
Calculation_Time:		3600.00
Total_Iterations:		9540
ConstraintSet:			P1

-------------------------------------------------------------------------------------------------------------------
Tour_Id:			1
No_of_Customers:		16
No_of_Items:			58
Customer_Sequence:		60 10 47 6 54 22 55 3 9 49 12 23 21 17 13 56 

CustId	Id	TypeId	Rotated	x	y	z	Length	Width	Height	mass	Fragility	LoadBearingStrength
56	183	60	0	0	0	0	16	6	7	867.40	0		122.532636
56	184	85	0	0	6	0	12	5	8	430.40	0		60.921921
56	182	34	0	0	11	0	13	3	6	248.10	0		70.418122
56	185	99	0	0	14	0	7	7	4	155.49	0		75.215313
56	181	13	0	0	0	7	10	6	8	352.43	1		9.948179
13	35	96	0	0	21	0	7	4	7	223.12	0		44.714465
13	34	39	0	0	11	6	13	2	4	119.35	0		32.145352
13	33	3	0	0	6	8	11	3	3	80.97	0		122.635531
17	47	44	0	0	14	4	6	6	6	132.12	0		30.993072
17	46	3	0	0	6	11	11	3	3	80.97	0		122.635531
17	48	66	0	7	14	0	15	4	3	161.45	1		10.421347
17	49	72	0	0	6	14	14	3	4	134.84	1		9.498465
21	63	57	0	7	18	0	14	5	8	303.96	0		20.189524
21	62	16	0	14	6	0	14	7	3	140.74	0		12.998176
21	66	96	0	0	20	7	7	4	7	223.12	0		44.714465
21	65	71	1	0	11	10	8	4	6	201.47	0		39.906186
21	64	64	0	7	18	8	14	6	4	113.58	1		4.074188
23	71	12	0	14	6	3	15	4	7	250.99	0		30.161281
23	73	77	0	13	10	3	17	3	8	174.73	0		15.456967
23	72	21	1	0	11	16	8	5	8	102.92	0		20.993926
12	31	63	0	16	0	0	17	6	4	126.33	0		21.514207
12	30	45	0	0	20	14	7	3	8	96.02	0		16.033550
12	32	74	0	13	10	11	12	2	3	26.91	0		10.940508
49	160	62	0	21	18	0	16	7	4	310	0		25.941528
49	159	51	0	21	18	4	8	7	6	190.28	0		66.454631
49	158	46	0	10	0	7	8	4	7	95.56	0		26.426399
49	157	5	0	21	18	10	8	7	3	80.77	0		35.295990
49	161	73	1	0	11	24	10	3	4	67.05	0		26.330198
9	23	30	0	18	0	4	17	5	5	388.35	0		17.494228
9	22	5	0	21	18	13	8	7	3	80.77	0		35.295990
9	24	58	1	3	11	24	10	2	6	113.26	0		39.752251
3	7	36	0	18	0	9	12	6	7	186.76	0		12.844603
3	6	21	0	10	0	14	8	5	8	102.92	0		20.993926
55	180	98	0	30	6	0	17	6	4	342	0		44.415315
55	178	49	0	14	6	10	14	3	8	335.38	0		101.022394
55	179	83	0	14	6	18	15	3	4	170.31	0		47.094738
22	69	96	0	10	0	22	7	4	7	223.12	0		44.714465
22	70	100	0	14	6	22	12	3	5	91.71	0		50.266537
22	67	55	0	13	13	3	9	5	7	272.33	1		9.159307
22	68	90	0	14	6	27	13	3	3	57.41	1		4.064346
54	177	92	0	22	13	0	17	3	8	270.91	0		20.309631
54	175	35	0	18	0	16	8	5	8	198.23	0		78.857081
54	176	45	0	21	18	16	7	3	8	96.02	0		16.033550
54	174	14	0	13	10	14	7	2	7	35.02	0		14.357484
6	17	53	0	17	0	24	6	4	3	66.09	0		48.940793
6	16	50	0	29	18	4	10	6	4	92.38	1		8.510647
6	15	17	0	29	18	8	8	6	5	91.86	1		5.597547
47	154	95	0	30	5	4	13	7	7	237.32	0		14.404572
47	152	80	0	22	13	8	12	3	6	132.68	0		21.324677
47	150	45	0	21	21	16	7	3	8	96.02	0		16.033550
47	153	84	0	22	16	0	10	2	6	55.94	0		26.664011
47	151	55	0	13	13	10	9	5	7	272.33	1		9.159307
10	25	6	0	22	13	14	12	4	5	114.84	0		7.486902
10	26	67	0	21	18	24	8	7	3	141.97	0		29.874794
60	200	100	0	22	13	19	12	3	5	91.71	0		50.266537
60	199	67	0	21	18	27	8	7	3	141.97	0		29.874794
60	198	59	0	29	6	11	8	6	3	84.30	0		30.300656
60	197	41	0	22	13	24	15	2	6	116.39	1		14.518604


-------------------------------------------------------------------------------------------------------------------
Tour_Id:			2
No_of_Customers:		11
No_of_Items:			35
Customer_Sequence:		59 30 36 52 15 19 48 41 58 43 2 

CustId	Id	TypeId	Rotated	x	y	z	Length	Width	Height	mass	Fragility	LoadBearingStrength
2	5	96	0	0	0	0	7	4	7	223.12	0		44.714465
2	4	73	0	0	4	0	10	3	4	67.05	0		26.330198
43	139	95	0	0	7	0	13	7	7	237.32	0		14.404572
43	138	69	0	0	14	0	8	7	5	250.84	0		62.927356
43	137	33	0	0	21	0	12	3	7	254.59	0		93.124129
43	140	97	0	0	14	5	9	5	5	214.49	0		27.875279
58	190	47	0	0	7	7	17	7	8	825.39	0		52.823593
58	192	69	0	0	7	15	8	7	5	250.84	0		62.927356
58	191	54	0	0	0	7	7	5	8	112.86	0		21.486467
58	194	97	0	0	14	10	9	5	5	214.49	0		27.875279
58	193	96	0	0	21	7	7	4	7	223.12	0		44.714465
41	134	92	0	7	0	0	17	3	8	270.91	0		20.309631
41	133	2	0	0	19	5	10	2	6	66.05	0		116.732728
48	156	4	0	0	21	14	9	3	8	93.50	0		12.641914
48	155	2	0	0	5	4	10	2	6	66.05	0		116.732728
19	57	95	0	17	3	0	13	7	7	237.32	0		14.404572
19	54	22	0	17	10	0	14	6	5	375.86	0		34.673954
19	55	61	0	0	0	15	6	3	7	47.38	0		22.505818
19	56	65	0	0	5	10	8	2	3	46.51	0		33.926036
15	42	92	0	7	0	8	17	3	8	270.91	0		20.309631
15	40	16	0	12	16	0	14	7	3	140.74	0		12.998176
15	41	53	0	0	14	15	6	4	3	66.09	0		48.940793
52	170	83	0	6	0	16	15	3	4	170.31	0		47.094738
52	169	29	0	0	19	11	11	2	5	83.16	1		7.000869
36	119	60	0	12	16	3	16	6	7	867.40	0		122.532636
36	117	35	0	0	7	20	8	5	8	198.23	0		78.857081
36	116	28	0	0	21	22	11	3	8	217.79	0		111.670344
36	118	42	0	8	7	15	10	5	4	197.74	0		54.869852
36	115	23	0	6	0	20	17	2	3	40.93	0		13.466365
30	95	85	0	8	7	19	12	5	8	430.40	0		60.921921
30	94	46	0	0	14	18	8	4	7	95.56	0		26.426399
30	96	96	0	11	16	10	7	4	7	223.12	0		44.714465
30	93	41	0	6	0	23	15	2	6	116.39	1		14.518604
59	195	86	0	20	3	7	12	7	4	482.68	0		168.703487
59	196	87	0	18	16	10	12	5	6	124.64	1		5.122464


-------------------------------------------------------------------------------------------------------------------
Tour_Id:			3
No_of_Customers:		17
No_of_Items:			54
Customer_Sequence:		45 11 46 27 51 8 50 1 38 16 14 24 25 5 39 37 29 

CustId	Id	TypeId	Rotated	x	y	z	Length	Width	Height	mass	Fragility	LoadBearingStrength
29	91	70	0	0	0	0	13	7	7	571.89	0		42.250990
29	92	82	0	0	7	0	9	6	8	427.38	0		83.971769
29	89	12	0	0	13	0	15	4	7	250.99	0		30.161281
29	90	26	0	0	17	0	15	4	7	172.12	0		16.929795
37	124	78	0	0	0	7	11	5	5	83.78	0		8.785699
37	121	46	0	0	21	0	8	4	7	95.56	0		26.426399
37	120	13	0	0	13	7	10	6	8	352.43	1		9.948179
37	122	64	0	9	7	0	14	6	4	113.58	1		4.074188
37	123	66	0	0	19	7	15	4	3	161.45	1		10.421347
39	129	80	0	0	7	8	12	3	6	132.68	0		21.324677
39	128	32	0	0	0	12	8	5	5	369.08	0		303.319007
5	13	52	0	13	0	0	15	5	8	621.78	0		43.274320
5	14	67	0	15	13	0	8	7	3	141.97	0		29.874794
5	12	20	0	0	0	17	10	5	3	102.91	0		41.220576
25	78	98	0	23	5	0	17	6	4	342	0		44.415315
25	77	49	0	0	7	14	14	3	8	335.38	0		101.022394
24	75	54	0	0	0	20	7	5	8	112.86	0		21.486467
24	74	24	0	0	5	7	7	2	5	27.07	0		9.968011
24	76	65	0	0	23	7	8	2	3	46.51	0		33.926036
14	39	93	0	13	0	8	8	6	6	250.84	0		40.973473
14	37	5	0	13	0	14	8	7	3	80.77	0		35.295990
14	36	1	0	0	10	8	6	2	8	115.81	0		92.281564
14	38	17	0	0	19	10	8	6	5	91.86	1		5.597547
16	45	52	0	15	20	0	15	5	8	621.78	0		43.274320
16	44	22	0	23	11	0	14	6	5	375.86	0		34.673954
16	43	1	0	0	10	16	6	2	8	115.81	0		92.281564
38	127	54	0	13	0	17	7	5	8	112.86	0		21.486467
38	126	42	0	15	20	8	10	5	4	197.74	0		54.869852
38	125	27	0	0	7	22	16	2	3	51.32	1		6.557083
1	2	43	0	21	0	8	7	6	8	502.89	0		94.946633
1	1	32	0	13	0	25	8	5	5	369.08	0		303.319007
1	3	58	0	13	5	17	10	2	6	113.26	0		39.752251
50	164	54	0	15	20	12	7	5	8	112.86	0		21.486467
50	166	97	0	15	20	20	9	5	5	214.49	0		27.875279
50	165	71	0	21	0	16	8	4	6	201.47	0		39.906186
50	163	53	0	10	13	7	6	4	3	66.09	0		48.940793
50	162	24	0	0	10	24	7	2	5	27.07	0		9.968011
8	20	15	0	23	11	5	7	6	8	143.71	0		20.494804
8	21	96	0	10	13	10	7	4	7	223.12	0		44.714465
51	167	6	0	15	20	25	12	4	5	114.84	0		7.486902
51	168	66	0	16	7	4	15	4	3	161.45	1		10.421347
27	83	16	0	37	11	0	14	7	3	140.74	0		12.998176
27	85	46	0	10	13	17	8	4	7	95.56	0		26.426399
27	86	53	0	10	13	24	6	4	3	66.09	0		48.940793
27	84	17	0	23	11	13	8	6	5	91.86	1		5.597547
46	149	70	0	30	18	0	13	7	7	571.89	0		42.250990
46	148	17	0	23	11	18	8	6	5	91.86	1		5.597547
11	28	51	0	30	17	7	8	7	6	190.28	0		66.454631
11	27	3	0	29	0	0	11	3	3	80.97	0		122.635531
11	29	56	0	23	11	23	6	6	7	227.65	1		24.844082
45	147	82	0	30	17	13	9	6	8	427.38	0		83.971769
45	145	38	0	30	17	21	7	6	5	125.71	0		23.331156
45	146	58	0	13	5	23	10	2	6	113.26	0		39.752251
45	144	23	0	29	3	0	17	2	3	40.93	0		13.466365


-------------------------------------------------------------------------------------------------------------------
Tour_Id:			4
No_of_Customers:		16
No_of_Items:			53
Customer_Sequence:		35 20 33 40 44 31 34 18 42 28 57 7 4 53 32 26 

CustId	Id	TypeId	Rotated	x	y	z	Length	Width	Height	mass	Fragility	LoadBearingStrength
26	82	85	0	0	0	0	12	5	8	430.40	0		60.921921
26	79	8	0	0	5	0	9	6	5	109.50	0		11.302843
26	81	59	0	0	11	0	8	6	3	84.30	0		30.300656
26	80	23	0	0	17	0	17	2	3	40.93	0		13.466365
32	101	47	0	9	5	0	17	7	8	825.39	0		52.823593
32	104	84	0	0	19	0	10	2	6	55.94	0		26.664011
32	102	53	0	0	21	0	6	4	3	66.09	0		48.940793
32	103	79	0	0	0	8	12	4	3	97.56	1		4.239793
53	173	97	0	0	12	3	9	5	5	214.49	0		27.875279
53	171	4	0	0	12	8	9	3	8	93.50	0		12.641914
53	172	90	0	0	0	11	13	3	3	57.41	1		4.064346
4	10	47	0	9	5	8	17	7	8	825.39	0		52.823593
4	8	23	0	0	17	3	17	2	3	40.93	0		13.466365
4	9	24	0	0	21	3	7	2	5	27.07	0		9.968011
4	11	75	0	0	17	6	7	3	5	37.02	1		10.151066
7	19	85	0	9	12	0	12	5	8	430.40	0		60.921921
7	18	24	0	0	23	3	7	2	5	27.07	0		9.968011
57	188	43	0	9	12	8	7	6	8	502.89	0		94.946633
57	187	32	0	9	5	16	8	5	5	369.08	0		303.319007
57	189	73	0	0	12	16	10	3	4	67.05	0		26.330198
57	186	17	0	9	5	21	8	6	5	91.86	1		5.597547
28	88	57	0	10	19	0	14	5	8	303.96	0		20.189524
28	87	39	0	0	21	8	13	2	4	119.35	0		32.145352
42	136	83	0	13	0	0	15	3	4	170.31	0		47.094738
42	135	56	0	10	11	16	6	6	7	227.65	1		24.844082
18	51	62	0	21	12	0	16	7	4	310	0		25.941528
18	53	96	0	13	0	4	7	4	7	223.12	0		44.714465
18	50	53	0	13	18	8	6	4	3	66.09	0		48.940793
18	52	64	0	21	12	4	14	6	4	113.58	1		4.074188
34	109	60	0	24	19	0	16	6	7	867.40	0		122.532636
34	108	26	0	26	3	0	15	4	7	172.12	0		16.929795
34	110	80	0	17	5	16	12	3	6	132.68	0		21.324677
34	111	90	0	0	0	14	13	3	3	57.41	1		4.064346
31	97	22	0	24	18	7	14	6	5	375.86	0		34.673954
31	100	69	0	24	18	12	8	7	5	250.84	0		62.927356
31	99	61	0	13	0	11	6	3	7	47.38	0		22.505818
31	98	23	0	0	21	12	17	2	3	40.93	0		13.466365
44	142	60	0	37	7	0	16	6	7	867.40	0		122.532636
44	143	61	0	13	0	18	6	3	7	47.38	0		22.505818
44	141	55	0	16	12	8	9	5	7	272.33	1		9.159307
40	132	81	0	17	5	22	16	3	8	288.35	0		100.374274
40	130	1	0	17	8	16	6	2	8	115.81	0		92.281564
40	131	24	0	13	0	25	7	2	5	27.07	0		9.968011
33	107	47	0	35	7	7	17	7	8	825.39	0		52.823593
33	106	20	0	24	18	17	10	5	3	102.91	0		41.220576
33	105	1	0	17	10	16	6	2	8	115.81	0		92.281564
20	61	70	0	33	7	15	13	7	7	571.89	0		42.250990
20	58	22	0	33	7	22	14	6	5	375.86	0		34.673954
20	59	42	0	24	18	20	10	5	4	197.74	0		54.869852
20	60	65	0	17	8	24	8	2	3	46.51	0		33.926036
35	112	8	0	24	18	24	9	6	5	109.50	0		11.302843
35	113	53	0	33	7	27	6	4	3	66.09	0		48.940793
35	114	66	0	37	14	0	15	4	3	161.45	1		10.421347


