Name:				183_n100_m200_bt3
Problem:			3L-VRPTW
Number_of_used_Vehicles:	15
Total_Travel_Distance:		1337.53
Calculation_Time:		305.42
Total_Iterations:		24435
ConstraintSet:			P1

-------------------------------------------------------------------------------------------------------------------
Tour_Id:			1
No_of_Customers:		8
No_of_Items:			15
Customer_Sequence:		21 52 5 1 39 83 88 45 

CustId	Id	TypeId	Rotated	x	y	z	Length	Width	Height	mass	Fragility	LoadBearingStrength
45	93	3	0	0	0	0	17	10	7	738.70	0		39.381799
88	176	1	0	0	10	0	28	10	9	763.46	0		21.299685
88	177	2	0	0	0	7	19	6	6	668.58	1		23.636908
21	51	1	0	0	10	9	28	10	9	763.46	0		21.299685
39	85	3	0	19	0	0	17	10	7	738.70	0		39.381799
1	2	2	0	0	0	13	19	6	6	668.58	1		23.636908
5	11	3	0	19	0	7	17	10	7	738.70	0		39.381799
1	1	2	0	0	0	19	19	6	6	668.58	1		23.636908
83	167	1	0	28	10	0	28	10	9	763.46	0		21.299685
5	10	2	0	19	0	14	19	6	6	668.58	1		23.636908
52	107	3	0	38	0	0	17	10	7	738.70	0		39.381799
52	106	2	0	19	0	20	19	6	6	668.58	1		23.636908
21	50	1	0	0	10	18	28	10	9	763.46	0		21.299685
52	105	2	0	38	0	7	19	6	6	668.58	1		23.636908
21	52	1	0	28	10	9	28	10	9	763.46	0		21.299685


-------------------------------------------------------------------------------------------------------------------
Tour_Id:			2
No_of_Customers:		6
No_of_Items:			12
Customer_Sequence:		59 34 89 24 81 3 

CustId	Id	TypeId	Rotated	x	y	z	Length	Width	Height	mass	Fragility	LoadBearingStrength
3	5	1	0	0	0	0	28	10	9	763.46	0		21.299685
3	7	3	0	0	10	0	17	10	7	738.70	0		39.381799
3	6	2	0	0	0	9	19	6	6	668.58	1		23.636908
81	163	2	0	0	10	7	19	6	6	668.58	1		23.636908
24	57	3	0	19	10	0	17	10	7	738.70	0		39.381799
89	179	3	0	19	10	7	17	10	7	738.70	0		39.381799
89	178	2	0	0	10	13	19	6	6	668.58	1		23.636908
34	77	1	0	28	0	0	28	10	9	763.46	0		21.299685
34	78	2	0	0	0	15	19	6	6	668.58	1		23.636908
34	79	2	0	0	10	19	19	6	6	668.58	1		23.636908
59	119	1	0	19	0	9	28	10	9	763.46	0		21.299685
59	120	2	0	0	0	21	19	6	6	668.58	1		23.636908


-------------------------------------------------------------------------------------------------------------------
Tour_Id:			3
No_of_Customers:		9
No_of_Items:			16
Customer_Sequence:		8 71 55 65 36 76 32 27 23 

CustId	Id	TypeId	Rotated	x	y	z	Length	Width	Height	mass	Fragility	LoadBearingStrength
23	54	1	0	0	0	0	28	10	9	763.46	0		21.299685
23	55	2	0	0	10	0	19	6	6	668.58	1		23.636908
23	56	2	0	0	16	0	19	6	6	668.58	1		23.636908
27	61	2	0	0	10	6	19	6	6	668.58	1		23.636908
32	73	3	0	0	0	9	17	10	7	738.70	0		39.381799
76	156	3	0	0	0	16	17	10	7	738.70	0		39.381799
76	155	2	0	0	16	6	19	6	6	668.58	1		23.636908
36	81	2	0	0	10	12	19	6	6	668.58	1		23.636908
65	131	1	0	19	10	0	28	10	9	763.46	0		21.299685
65	132	1	0	19	10	9	28	10	9	763.46	0		21.299685
65	133	3	0	0	0	23	17	10	7	738.70	0		39.381799
55	112	3	0	19	10	18	17	10	7	738.70	0		39.381799
55	111	2	0	0	10	18	19	6	6	668.58	1		23.636908
71	145	1	0	28	0	0	28	10	9	763.46	0		21.299685
8	18	1	0	17	0	9	28	10	9	763.46	0		21.299685
8	19	1	0	17	0	18	28	10	9	763.46	0		21.299685


-------------------------------------------------------------------------------------------------------------------
Tour_Id:			4
No_of_Customers:		7
No_of_Items:			15
Customer_Sequence:		49 63 82 78 9 62 29 

CustId	Id	TypeId	Rotated	x	y	z	Length	Width	Height	mass	Fragility	LoadBearingStrength
29	65	1	0	0	0	0	28	10	9	763.46	0		21.299685
29	66	1	0	0	10	0	28	10	9	763.46	0		21.299685
62	125	2	0	0	0	9	19	6	6	668.58	1		23.636908
62	126	3	0	0	6	9	17	10	7	738.70	0		39.381799
62	124	2	0	0	0	15	19	6	6	668.58	1		23.636908
9	21	3	0	0	6	16	17	10	7	738.70	0		39.381799
82	165	2	0	0	0	21	19	6	6	668.58	1		23.636908
9	22	3	0	0	6	23	17	10	7	738.70	0		39.381799
9	20	2	1	19	0	9	19	6	6	668.58	1		23.636908
78	159	1	0	28	0	0	28	10	9	763.46	0		21.299685
82	164	1	0	25	0	9	28	10	9	763.46	0		21.299685
82	166	3	0	25	0	18	17	10	7	738.70	0		39.381799
29	67	1	0	28	10	0	28	10	9	763.46	0		21.299685
63	127	1	0	25	10	9	28	10	9	763.46	0		21.299685
49	100	2	0	25	10	18	19	6	6	668.58	1		23.636908


-------------------------------------------------------------------------------------------------------------------
Tour_Id:			5
No_of_Customers:		8
No_of_Items:			16
Customer_Sequence:		54 48 95 22 28 77 10 94 

CustId	Id	TypeId	Rotated	x	y	z	Length	Width	Height	mass	Fragility	LoadBearingStrength
94	189	1	0	0	0	0	28	10	9	763.46	0		21.299685
94	190	1	0	0	10	0	28	10	9	763.46	0		21.299685
28	62	2	0	0	0	9	19	6	6	668.58	1		23.636908
10	24	2	0	0	6	9	19	6	6	668.58	1		23.636908
77	158	3	0	0	12	9	17	10	7	738.70	0		39.381799
77	157	2	0	0	6	15	19	6	6	668.58	1		23.636908
95	191	2	0	0	0	15	19	6	6	668.58	1		23.636908
28	64	3	0	0	12	16	17	10	7	738.70	0		39.381799
10	23	1	0	28	0	0	28	10	9	763.46	0		21.299685
22	53	2	0	0	6	21	19	6	6	668.58	1		23.636908
95	192	3	0	0	12	23	17	10	7	738.70	0		39.381799
28	63	3	1	19	6	9	17	10	7	738.70	0		39.381799
48	98	1	0	29	0	9	28	10	9	763.46	0		21.299685
48	99	3	1	19	6	16	17	10	7	738.70	0		39.381799
54	109	1	0	29	10	0	28	10	9	763.46	0		21.299685
54	110	3	1	19	6	23	17	10	7	738.70	0		39.381799


-------------------------------------------------------------------------------------------------------------------
Tour_Id:			6
No_of_Customers:		7
No_of_Items:			11
Customer_Sequence:		72 53 91 43 96 37 85 

CustId	Id	TypeId	Rotated	x	y	z	Length	Width	Height	mass	Fragility	LoadBearingStrength
85	169	3	0	0	0	0	17	10	7	738.70	0		39.381799
37	82	2	0	0	10	0	19	6	6	668.58	1		23.636908
96	193	1	0	17	0	0	28	10	9	763.46	0		21.299685
43	91	3	0	17	0	9	17	10	7	738.70	0		39.381799
43	90	2	0	0	16	0	19	6	6	668.58	1		23.636908
91	183	1	0	19	10	0	28	10	9	763.46	0		21.299685
91	184	2	0	0	10	6	19	6	6	668.58	1		23.636908
53	108	1	0	19	10	9	28	10	9	763.46	0		21.299685
72	146	1	0	19	10	18	28	10	9	763.46	0		21.299685
72	148	3	0	17	0	16	17	10	7	738.70	0		39.381799
72	147	2	0	17	0	23	19	6	6	668.58	1		23.636908


-------------------------------------------------------------------------------------------------------------------
Tour_Id:			7
No_of_Customers:		7
No_of_Items:			15
Customer_Sequence:		74 18 79 87 60 99 41 

CustId	Id	TypeId	Rotated	x	y	z	Length	Width	Height	mass	Fragility	LoadBearingStrength
41	87	3	0	0	0	0	17	10	7	738.70	0		39.381799
99	198	1	0	0	10	0	28	10	9	763.46	0		21.299685
99	199	1	0	0	10	9	28	10	9	763.46	0		21.299685
60	121	1	0	17	0	0	28	10	9	763.46	0		21.299685
60	122	3	0	0	0	7	17	10	7	738.70	0		39.381799
87	174	3	0	0	0	14	17	10	7	738.70	0		39.381799
79	160	1	0	0	10	18	28	10	9	763.46	0		21.299685
87	173	2	0	0	0	21	19	6	6	668.58	1		23.636908
87	175	3	0	17	0	9	17	10	7	738.70	0		39.381799
79	161	3	0	19	0	16	17	10	7	738.70	0		39.381799
18	43	1	0	28	10	0	28	10	9	763.46	0		21.299685
18	45	3	0	19	0	23	17	10	7	738.70	0		39.381799
18	44	2	0	28	10	9	19	6	6	668.58	1		23.636908
74	150	2	0	28	10	15	19	6	6	668.58	1		23.636908
74	151	2	0	28	10	21	19	6	6	668.58	1		23.636908


-------------------------------------------------------------------------------------------------------------------
Tour_Id:			8
No_of_Customers:		6
No_of_Items:			10
Customer_Sequence:		11 17 51 38 69 47 

CustId	Id	TypeId	Rotated	x	y	z	Length	Width	Height	mass	Fragility	LoadBearingStrength
47	97	2	0	0	0	0	19	6	6	668.58	1		23.636908
69	140	1	0	0	6	0	28	10	9	763.46	0		21.299685
69	141	3	0	0	6	9	17	10	7	738.70	0		39.381799
38	83	1	0	28	0	0	28	10	9	763.46	0		21.299685
38	84	2	0	0	16	0	19	6	6	668.58	1		23.636908
51	104	3	0	0	6	16	17	10	7	738.70	0		39.381799
17	41	2	0	0	16	6	19	6	6	668.58	1		23.636908
17	42	2	0	0	16	12	19	6	6	668.58	1		23.636908
11	25	1	0	17	0	9	28	10	9	763.46	0		21.299685
11	26	3	0	0	6	23	17	10	7	738.70	0		39.381799


-------------------------------------------------------------------------------------------------------------------
Tour_Id:			9
No_of_Customers:		7
No_of_Items:			13
Customer_Sequence:		57 12 40 67 66 61 30 

CustId	Id	TypeId	Rotated	x	y	z	Length	Width	Height	mass	Fragility	LoadBearingStrength
30	68	1	0	0	0	0	28	10	9	763.46	0		21.299685
30	70	3	0	0	10	0	17	10	7	738.70	0		39.381799
30	69	2	0	0	0	9	19	6	6	668.58	1		23.636908
67	137	2	0	0	10	7	19	6	6	668.58	1		23.636908
66	134	1	0	28	0	0	28	10	9	763.46	0		21.299685
66	135	1	0	19	0	9	28	10	9	763.46	0		21.299685
66	136	2	0	0	0	15	19	6	6	668.58	1		23.636908
61	123	3	0	17	10	0	17	10	7	738.70	0		39.381799
40	86	3	0	19	10	7	17	10	7	738.70	0		39.381799
12	27	1	0	19	0	18	28	10	9	763.46	0		21.299685
12	28	3	0	19	10	14	17	10	7	738.70	0		39.381799
12	29	3	0	19	10	21	17	10	7	738.70	0		39.381799
57	116	3	0	36	10	0	17	10	7	738.70	0		39.381799


-------------------------------------------------------------------------------------------------------------------
Tour_Id:			10
No_of_Customers:		6
No_of_Items:			15
Customer_Sequence:		25 64 98 14 56 13 

CustId	Id	TypeId	Rotated	x	y	z	Length	Width	Height	mass	Fragility	LoadBearingStrength
13	31	3	0	0	0	0	17	10	7	738.70	0		39.381799
13	30	1	0	0	10	0	28	10	9	763.46	0		21.299685
56	113	1	0	0	10	9	28	10	9	763.46	0		21.299685
56	114	1	0	17	0	0	28	10	9	763.46	0		21.299685
14	32	1	0	0	10	18	28	10	9	763.46	0		21.299685
56	115	3	0	0	0	7	17	10	7	738.70	0		39.381799
14	34	3	0	0	0	14	17	10	7	738.70	0		39.381799
14	33	2	0	0	0	21	19	6	6	668.58	1		23.636908
98	195	1	0	19	0	9	28	10	9	763.46	0		21.299685
98	196	1	0	19	0	18	28	10	9	763.46	0		21.299685
98	197	3	0	28	10	0	17	10	7	738.70	0		39.381799
64	128	3	0	28	10	7	17	10	7	738.70	0		39.381799
64	129	3	0	28	10	14	17	10	7	738.70	0		39.381799
64	130	3	0	28	10	21	17	10	7	738.70	0		39.381799
25	58	2	1	47	0	0	19	6	6	668.58	1		23.636908


-------------------------------------------------------------------------------------------------------------------
Tour_Id:			11
No_of_Customers:		4
No_of_Items:			8
Customer_Sequence:		97 46 100 33 

CustId	Id	TypeId	Rotated	x	y	z	Length	Width	Height	mass	Fragility	LoadBearingStrength
33	74	1	0	0	0	0	28	10	9	763.46	0		21.299685
33	75	1	0	0	10	0	28	10	9	763.46	0		21.299685
33	76	2	0	0	0	9	19	6	6	668.58	1		23.636908
100	200	3	0	0	6	9	17	10	7	738.70	0		39.381799
46	94	1	0	28	0	0	28	10	9	763.46	0		21.299685
46	96	3	0	0	6	16	17	10	7	738.70	0		39.381799
46	95	2	0	0	0	15	19	6	6	668.58	1		23.636908
97	194	1	0	19	0	9	28	10	9	763.46	0		21.299685


-------------------------------------------------------------------------------------------------------------------
Tour_Id:			12
No_of_Customers:		7
No_of_Items:			13
Customer_Sequence:		86 42 80 68 44 7 84 

CustId	Id	TypeId	Rotated	x	y	z	Length	Width	Height	mass	Fragility	LoadBearingStrength
84	168	3	0	0	0	0	17	10	7	738.70	0		39.381799
7	15	1	0	0	10	0	28	10	9	763.46	0		21.299685
7	17	3	0	0	0	7	17	10	7	738.70	0		39.381799
7	16	2	0	0	10	9	19	6	6	668.58	1		23.636908
44	92	3	0	0	0	14	17	10	7	738.70	0		39.381799
68	138	1	0	17	0	0	28	10	9	763.46	0		21.299685
68	139	2	0	0	10	15	19	6	6	668.58	1		23.636908
80	162	1	0	17	0	9	28	10	9	763.46	0		21.299685
42	89	3	0	0	0	21	17	10	7	738.70	0		39.381799
42	88	2	0	0	10	21	19	6	6	668.58	1		23.636908
86	171	3	0	17	0	18	17	10	7	738.70	0		39.381799
86	172	3	0	28	10	0	17	10	7	738.70	0		39.381799
86	170	2	0	28	10	7	19	6	6	668.58	1		23.636908


-------------------------------------------------------------------------------------------------------------------
Tour_Id:			13
No_of_Customers:		7
No_of_Items:			17
Customer_Sequence:		75 19 50 31 93 90 20 

CustId	Id	TypeId	Rotated	x	y	z	Length	Width	Height	mass	Fragility	LoadBearingStrength
20	49	3	0	0	0	0	17	10	7	738.70	0		39.381799
20	48	2	0	0	10	0	19	6	6	668.58	1		23.636908
90	182	3	0	0	0	7	17	10	7	738.70	0		39.381799
90	180	2	0	0	16	0	19	6	6	668.58	1		23.636908
90	181	2	0	0	10	6	19	6	6	668.58	1		23.636908
93	188	3	0	0	0	14	17	10	7	738.70	0		39.381799
93	187	2	0	0	16	6	19	6	6	668.58	1		23.636908
31	71	1	0	17	0	0	28	10	9	763.46	0		21.299685
31	72	2	0	0	10	12	19	6	6	668.58	1		23.636908
50	101	1	0	17	0	9	28	10	9	763.46	0		21.299685
50	102	2	0	0	16	12	19	6	6	668.58	1		23.636908
50	103	2	0	0	10	18	19	6	6	668.58	1		23.636908
19	47	3	0	0	0	21	17	10	7	738.70	0		39.381799
19	46	2	0	0	16	18	19	6	6	668.58	1		23.636908
75	152	1	0	17	0	18	28	10	9	763.46	0		21.299685
75	153	1	0	19	10	0	28	10	9	763.46	0		21.299685
75	154	3	0	19	10	9	17	10	7	738.70	0		39.381799


-------------------------------------------------------------------------------------------------------------------
Tour_Id:			14
No_of_Customers:		5
No_of_Items:			9
Customer_Sequence:		92 4 2 26 73 

CustId	Id	TypeId	Rotated	x	y	z	Length	Width	Height	mass	Fragility	LoadBearingStrength
73	149	3	0	0	0	0	17	10	7	738.70	0		39.381799
26	59	1	0	0	10	0	28	10	9	763.46	0		21.299685
26	60	3	0	0	0	7	17	10	7	738.70	0		39.381799
2	3	1	0	0	10	9	28	10	9	763.46	0		21.299685
2	4	1	0	0	10	18	28	10	9	763.46	0		21.299685
4	9	3	0	0	0	14	17	10	7	738.70	0		39.381799
4	8	2	0	0	0	21	19	6	6	668.58	1		23.636908
92	185	1	0	19	0	0	28	10	9	763.46	0		21.299685
92	186	2	0	19	0	9	19	6	6	668.58	1		23.636908


-------------------------------------------------------------------------------------------------------------------
Tour_Id:			15
No_of_Customers:		6
No_of_Items:			15
Customer_Sequence:		58 6 35 16 15 70 

CustId	Id	TypeId	Rotated	x	y	z	Length	Width	Height	mass	Fragility	LoadBearingStrength
70	142	1	0	0	0	0	28	10	9	763.46	0		21.299685
70	143	1	0	0	10	0	28	10	9	763.46	0		21.299685
15	36	3	0	0	0	9	17	10	7	738.70	0		39.381799
70	144	2	0	0	10	9	19	6	6	668.58	1		23.636908
15	35	1	0	28	0	0	28	10	9	763.46	0		21.299685
15	37	3	0	0	0	16	17	10	7	738.70	0		39.381799
16	38	1	0	17	0	9	28	10	9	763.46	0		21.299685
16	39	1	0	17	0	18	28	10	9	763.46	0		21.299685
16	40	2	0	0	10	15	19	6	6	668.58	1		23.636908
35	80	1	0	28	10	0	28	10	9	763.46	0		21.299685
6	13	2	0	0	10	21	19	6	6	668.58	1		23.636908
6	12	2	0	19	10	9	19	6	6	668.58	1		23.636908
6	14	3	0	38	10	9	17	10	7	738.70	0		39.381799
58	118	3	0	38	10	16	17	10	7	738.70	0		39.381799
58	117	2	0	38	10	23	19	6	6	668.58	1		23.636908


