Name:				186_n100_m200_bt10
Problem:			3L-VRPTW
Number_of_used_Vehicles:	16
Total_Travel_Distance:		1423.45
Calculation_Time:		1128.68
Total_Iterations:		25001
ConstraintSet:			P1

-------------------------------------------------------------------------------------------------------------------
Tour_Id:			1
No_of_Customers:		7
No_of_Items:			13
Customer_Sequence:		46 63 14 85 36 72 7 

CustId	Id	TypeId	Rotated	x	y	z	Length	Width	Height	mass	Fragility	LoadBearingStrength
7	12	4	0	0	0	0	32	12	13	1544.62	0		25.052988
7	13	7	0	0	12	0	15	8	12	369.91	0		27.663638
72	141	7	0	0	12	12	15	8	12	369.91	0		27.663638
63	121	4	0	0	0	13	32	12	13	1544.62	0		25.052988
85	170	6	0	15	12	0	20	6	14	263.53	0		4.177603
72	140	6	0	15	18	0	20	6	14	263.53	0		4.177603
85	168	2	0	35	0	0	20	14	11	1369.47	0		77.011727
36	73	8	0	15	18	14	23	6	11	369.73	1		2.104747
46	90	5	0	35	0	11	21	8	8	702.13	1		6.551260
85	169	3	0	38	14	0	20	9	13	544.61	0		31.916188
14	27	6	0	15	12	14	20	6	14	263.53	0		4.177603
46	91	6	0	35	8	11	20	6	14	263.53	0		4.177603
46	89	3	0	38	14	13	20	9	13	544.61	0		31.916188


-------------------------------------------------------------------------------------------------------------------
Tour_Id:			2
No_of_Customers:		8
No_of_Items:			12
Customer_Sequence:		50 62 35 44 74 39 37 30 

CustId	Id	TypeId	Rotated	x	y	z	Length	Width	Height	mass	Fragility	LoadBearingStrength
30	59	4	0	0	0	0	32	12	13	1544.62	0		25.052988
37	75	7	0	0	12	0	15	8	12	369.91	0		27.663638
37	74	2	0	0	0	13	20	14	11	1369.47	0		77.011727
39	77	3	0	32	0	0	20	9	13	544.61	0		31.916188
74	146	6	0	0	14	12	20	6	14	263.53	0		4.177603
74	145	5	0	20	12	0	21	8	8	702.13	1		6.551260
44	87	10	0	0	20	0	12	5	6	268.65	0		51.504878
35	70	4	0	20	0	13	32	12	13	1544.62	0		25.052988
35	72	10	0	0	20	6	12	5	6	268.65	0		51.504878
35	71	8	0	20	12	8	23	6	11	369.73	1		2.104747
62	120	8	0	20	12	19	23	6	11	369.73	1		2.104747
50	97	5	1	52	0	0	21	8	8	702.13	1		6.551260


-------------------------------------------------------------------------------------------------------------------
Tour_Id:			3
No_of_Customers:		7
No_of_Items:			15
Customer_Sequence:		25 34 57 54 100 96 17 

CustId	Id	TypeId	Rotated	x	y	z	Length	Width	Height	mass	Fragility	LoadBearingStrength
17	33	1	0	0	0	0	33	9	7	1398.62	0		23.071888
17	34	4	0	0	9	0	32	12	13	1544.62	0		25.052988
96	191	2	0	0	9	13	20	14	11	1369.47	0		77.011727
96	192	3	0	0	0	7	20	9	13	544.61	0		31.916188
100	200	7	0	20	0	7	15	8	12	369.91	0		27.663638
100	199	5	0	0	0	20	21	8	8	702.13	1		6.551260
54	106	6	0	32	9	0	20	6	14	263.53	0		4.177603
54	107	10	0	0	9	24	12	5	6	268.65	0		51.504878
57	112	3	0	32	15	0	20	9	13	544.61	0		31.916188
34	67	1	0	20	15	13	33	9	7	1398.62	0		23.071888
25	49	3	0	35	0	0	20	9	13	544.61	0		31.916188
34	69	8	0	32	9	14	23	6	11	369.73	1		2.104747
34	68	7	1	52	9	0	15	8	12	369.91	0		27.663638
25	48	1	0	20	15	20	33	9	7	1398.62	0		23.071888
25	50	5	0	35	0	13	21	8	8	702.13	1		6.551260


-------------------------------------------------------------------------------------------------------------------
Tour_Id:			4
No_of_Customers:		7
No_of_Items:			15
Customer_Sequence:		80 83 9 64 98 51 58 

CustId	Id	TypeId	Rotated	x	y	z	Length	Width	Height	mass	Fragility	LoadBearingStrength
98	197	6	0	0	0	0	20	6	14	263.53	0		4.177603
51	99	4	0	0	6	0	32	12	13	1544.62	0		25.052988
58	113	8	0	0	18	0	23	6	11	369.73	1		2.104747
51	98	1	0	0	6	13	33	9	7	1398.62	0		23.071888
64	124	8	0	0	18	11	23	6	11	369.73	1		2.104747
98	196	3	0	33	0	0	20	9	13	544.61	0		31.916188
51	100	7	0	33	9	0	15	8	12	369.91	0		27.663638
64	123	8	0	0	0	14	23	6	11	369.73	1		2.104747
58	114	10	0	23	18	0	12	5	6	268.65	0		51.504878
9	17	9	0	0	6	20	23	9	7	1099.89	0		178.662437
64	122	5	0	35	17	0	21	8	8	702.13	1		6.551260
9	18	10	0	23	6	20	12	5	6	268.65	0		51.504878
83	164	5	0	32	17	8	21	8	8	702.13	1		6.551260
83	165	8	0	32	17	16	23	6	11	369.73	1		2.104747
80	158	9	0	35	0	13	23	9	7	1099.89	0		178.662437


-------------------------------------------------------------------------------------------------------------------
Tour_Id:			5
No_of_Customers:		8
No_of_Items:			15
Customer_Sequence:		12 93 45 68 29 5 84 69 

CustId	Id	TypeId	Rotated	x	y	z	Length	Width	Height	mass	Fragility	LoadBearingStrength
84	166	4	0	0	0	0	32	12	13	1544.62	0		25.052988
69	136	7	0	0	12	0	15	8	12	369.91	0		27.663638
5	8	1	0	0	0	13	33	9	7	1398.62	0		23.071888
68	135	10	0	0	20	0	12	5	6	268.65	0		51.504878
5	10	9	0	0	0	20	23	9	7	1099.89	0		178.662437
5	9	7	0	0	12	12	15	8	12	369.91	0		27.663638
29	58	10	0	0	12	24	12	5	6	268.65	0		51.504878
68	133	3	0	15	12	0	20	9	13	544.61	0		31.916188
68	134	10	0	0	20	6	12	5	6	268.65	0		51.504878
84	167	5	0	32	0	0	21	8	8	702.13	1		6.551260
45	88	3	0	15	9	13	20	9	13	544.61	0		31.916188
93	183	3	0	35	8	0	20	9	13	544.61	0		31.916188
93	185	7	0	35	17	0	15	8	12	369.91	0		27.663638
93	184	6	0	35	17	12	20	6	14	263.53	0		4.177603
12	24	3	0	35	8	13	20	9	13	544.61	0		31.916188


-------------------------------------------------------------------------------------------------------------------
Tour_Id:			6
No_of_Customers:		6
No_of_Items:			13
Customer_Sequence:		81 22 49 32 28 31 

CustId	Id	TypeId	Rotated	x	y	z	Length	Width	Height	mass	Fragility	LoadBearingStrength
31	60	3	0	0	0	0	20	9	13	544.61	0		31.916188
31	61	7	0	0	9	0	15	8	12	369.91	0		27.663638
31	62	8	0	0	17	0	23	6	11	369.73	1		2.104747
28	55	2	0	20	0	0	20	14	11	1369.47	0		77.011727
28	57	10	0	0	9	12	12	5	6	268.65	0		51.504878
28	56	8	0	0	17	11	23	6	11	369.73	1		2.104747
32	64	10	0	0	0	13	12	5	6	268.65	0		51.504878
32	63	8	0	20	0	11	23	6	11	369.73	1		2.104747
49	96	7	0	20	6	11	15	8	12	369.91	0		27.663638
49	95	5	0	0	17	22	21	8	8	702.13	1		6.551260
22	43	2	1	43	0	0	20	14	11	1369.47	0		77.011727
81	159	6	0	35	6	11	20	6	14	263.53	0		4.177603
81	160	10	0	20	6	23	12	5	6	268.65	0		51.504878


-------------------------------------------------------------------------------------------------------------------
Tour_Id:			7
No_of_Customers:		5
No_of_Items:			11
Customer_Sequence:		16 47 19 40 67 

CustId	Id	TypeId	Rotated	x	y	z	Length	Width	Height	mass	Fragility	LoadBearingStrength
67	131	6	0	0	0	0	20	6	14	263.53	0		4.177603
19	38	6	0	0	6	0	20	6	14	263.53	0		4.177603
40	78	5	0	0	12	0	21	8	8	702.13	1		6.551260
19	37	4	0	20	0	0	32	12	13	1544.62	0		25.052988
19	36	3	0	0	0	14	20	9	13	544.61	0		31.916188
67	132	10	0	0	20	0	12	5	6	268.65	0		51.504878
47	92	4	0	20	0	13	32	12	13	1544.62	0		25.052988
47	93	4	0	21	12	0	32	12	13	1544.62	0		25.052988
16	30	1	0	20	12	13	33	9	7	1398.62	0		23.071888
16	31	6	1	53	0	0	20	6	14	263.53	0		4.177603
16	32	6	1	53	0	14	20	6	14	263.53	0		4.177603


-------------------------------------------------------------------------------------------------------------------
Tour_Id:			8
No_of_Customers:		3
No_of_Items:			8
Customer_Sequence:		41 42 43 

CustId	Id	TypeId	Rotated	x	y	z	Length	Width	Height	mass	Fragility	LoadBearingStrength
43	85	2	0	0	0	0	20	14	11	1369.47	0		77.011727
43	86	4	0	20	0	0	32	12	13	1544.62	0		25.052988
42	82	4	0	20	12	0	32	12	13	1544.62	0		25.052988
42	83	6	0	0	14	0	20	6	14	263.53	0		4.177603
42	84	10	0	0	20	0	12	5	6	268.65	0		51.504878
41	79	4	0	20	0	13	32	12	13	1544.62	0		25.052988
41	81	10	0	0	14	14	12	5	6	268.65	0		51.504878
41	80	8	0	20	12	13	23	6	11	369.73	1		2.104747


-------------------------------------------------------------------------------------------------------------------
Tour_Id:			9
No_of_Customers:		9
No_of_Items:			15
Customer_Sequence:		91 77 20 76 60 2 1 11 79 

CustId	Id	TypeId	Rotated	x	y	z	Length	Width	Height	mass	Fragility	LoadBearingStrength
79	155	4	0	0	0	0	32	12	13	1544.62	0		25.052988
11	22	3	0	0	12	0	20	9	13	544.61	0		31.916188
79	156	9	0	0	0	13	23	9	7	1099.89	0		178.662437
11	23	10	0	0	9	13	12	5	6	268.65	0		51.504878
2	3	10	0	0	14	13	12	5	6	268.65	0		51.504878
1	1	4	0	20	12	0	32	12	13	1544.62	0		25.052988
60	116	6	0	12	9	13	20	6	14	263.53	0		4.177603
77	150	2	0	32	9	13	20	14	11	1369.47	0		77.011727
2	2	3	0	12	15	13	20	9	13	544.61	0		31.916188
76	149	3	0	32	0	0	20	9	13	544.61	0		31.916188
20	39	8	0	23	0	13	23	6	11	369.73	1		2.104747
79	157	10	0	0	0	20	12	5	6	268.65	0		51.504878
77	151	7	1	52	0	0	15	8	12	369.91	0		27.663638
77	152	10	0	32	9	24	12	5	6	268.65	0		51.504878
91	181	6	1	52	0	12	20	6	14	263.53	0		4.177603


-------------------------------------------------------------------------------------------------------------------
Tour_Id:			10
No_of_Customers:		6
No_of_Items:			13
Customer_Sequence:		27 82 6 55 56 33 

CustId	Id	TypeId	Rotated	x	y	z	Length	Width	Height	mass	Fragility	LoadBearingStrength
33	66	7	0	0	0	0	15	8	12	369.91	0		27.663638
33	65	6	0	0	8	0	20	6	14	263.53	0		4.177603
56	110	6	0	0	14	0	20	6	14	263.53	0		4.177603
56	109	1	0	20	0	0	33	9	7	1398.62	0		23.071888
56	111	6	0	0	0	12	20	6	14	263.53	0		4.177603
55	108	4	0	20	9	0	32	12	13	1544.62	0		25.052988
6	11	1	0	20	0	7	33	9	7	1398.62	0		23.071888
82	162	4	0	20	9	13	32	12	13	1544.62	0		25.052988
82	161	2	0	0	8	14	20	14	11	1369.47	0		77.011727
82	163	7	0	20	0	14	15	8	12	369.91	0		27.663638
27	52	3	0	35	0	14	20	9	13	544.61	0		31.916188
27	53	6	1	53	0	0	20	6	14	263.53	0		4.177603
27	54	10	1	55	0	14	12	5	6	268.65	0		51.504878


-------------------------------------------------------------------------------------------------------------------
Tour_Id:			11
No_of_Customers:		4
No_of_Items:			11
Customer_Sequence:		75 8 65 97 

CustId	Id	TypeId	Rotated	x	y	z	Length	Width	Height	mass	Fragility	LoadBearingStrength
97	194	2	0	0	0	0	20	14	11	1369.47	0		77.011727
97	195	3	0	0	14	0	20	9	13	544.61	0		31.916188
97	193	1	0	20	0	0	33	9	7	1398.62	0		23.071888
65	125	4	0	20	9	0	32	12	13	1544.62	0		25.052988
8	16	10	0	0	0	11	12	5	6	268.65	0		51.504878
65	127	7	0	0	5	11	15	8	12	369.91	0		27.663638
75	148	3	0	0	14	13	20	9	13	544.61	0		31.916188
8	14	1	0	20	0	7	33	9	7	1398.62	0		23.071888
65	126	7	1	52	9	0	15	8	12	369.91	0		27.663638
8	15	4	0	20	0	14	32	12	13	1544.62	0		25.052988
75	147	1	0	20	12	13	33	9	7	1398.62	0		23.071888


-------------------------------------------------------------------------------------------------------------------
Tour_Id:			12
No_of_Customers:		6
No_of_Items:			9
Customer_Sequence:		53 38 94 92 48 3 

CustId	Id	TypeId	Rotated	x	y	z	Length	Width	Height	mass	Fragility	LoadBearingStrength
3	4	9	0	0	0	0	23	9	7	1099.89	0		178.662437
48	94	9	0	0	9	0	23	9	7	1099.89	0		178.662437
92	182	8	0	0	18	0	23	6	11	369.73	1		2.104747
94	186	4	0	23	0	0	32	12	13	1544.62	0		25.052988
94	187	6	0	0	0	7	20	6	14	263.53	0		4.177603
94	188	7	0	0	6	7	15	8	12	369.91	0		27.663638
38	76	9	0	23	12	0	23	9	7	1099.89	0		178.662437
53	104	2	0	23	0	13	20	14	11	1369.47	0		77.011727
53	105	3	0	23	14	7	20	9	13	544.61	0		31.916188


-------------------------------------------------------------------------------------------------------------------
Tour_Id:			13
No_of_Customers:		6
No_of_Items:			9
Customer_Sequence:		70 78 90 18 26 15 

CustId	Id	TypeId	Rotated	x	y	z	Length	Width	Height	mass	Fragility	LoadBearingStrength
15	28	1	0	0	0	0	33	9	7	1398.62	0		23.071888
15	29	6	0	0	9	0	20	6	14	263.53	0		4.177603
26	51	1	0	0	15	0	33	9	7	1398.62	0		23.071888
90	180	7	0	0	0	7	15	8	12	369.91	0		27.663638
90	179	1	0	0	15	7	33	9	7	1398.62	0		23.071888
70	137	4	0	0	9	14	32	12	13	1544.62	0		25.052988
18	35	8	0	20	9	0	23	6	11	369.73	1		2.104747
78	154	9	0	15	0	7	23	9	7	1099.89	0		178.662437
78	153	2	1	43	0	0	20	14	11	1369.47	0		77.011727


-------------------------------------------------------------------------------------------------------------------
Tour_Id:			14
No_of_Customers:		6
No_of_Items:			13
Customer_Sequence:		89 87 86 71 23 10 

CustId	Id	TypeId	Rotated	x	y	z	Length	Width	Height	mass	Fragility	LoadBearingStrength
10	20	2	0	0	0	0	20	14	11	1369.47	0		77.011727
86	172	10	0	0	14	0	12	5	6	268.65	0		51.504878
10	21	10	0	0	19	0	12	5	6	268.65	0		51.504878
10	19	1	0	20	0	0	33	9	7	1398.62	0		23.071888
71	138	5	0	0	0	11	21	8	8	702.13	1		6.551260
71	139	5	0	0	0	19	21	8	8	702.13	1		6.551260
86	171	3	0	12	14	0	20	9	13	544.61	0		31.916188
23	44	6	0	0	8	11	20	6	14	263.53	0		4.177603
87	174	2	0	32	9	0	20	14	11	1369.47	0		77.011727
87	173	1	0	21	0	7	33	9	7	1398.62	0		23.071888
89	178	9	0	12	14	13	23	9	7	1099.89	0		178.662437
89	177	4	0	21	0	14	32	12	13	1544.62	0		25.052988
87	175	7	1	52	9	0	15	8	12	369.91	0		27.663638


-------------------------------------------------------------------------------------------------------------------
Tour_Id:			15
No_of_Customers:		5
No_of_Items:			12
Customer_Sequence:		21 88 73 95 52 

CustId	Id	TypeId	Rotated	x	y	z	Length	Width	Height	mass	Fragility	LoadBearingStrength
52	101	3	0	0	0	0	20	9	13	544.61	0		31.916188
52	102	3	0	0	9	0	20	9	13	544.61	0		31.916188
52	103	5	0	0	0	13	21	8	8	702.13	1		6.551260
95	190	7	0	0	8	13	15	8	12	369.91	0		27.663638
95	189	5	0	0	0	21	21	8	8	702.13	1		6.551260
73	144	10	0	0	18	0	12	5	6	268.65	0		51.504878
21	40	4	0	20	9	0	32	12	13	1544.62	0		25.052988
73	143	8	0	21	0	0	23	6	11	369.73	1		2.104747
73	142	5	0	21	0	11	21	8	8	702.13	1		6.551260
88	176	8	0	21	0	19	23	6	11	369.73	1		2.104747
21	41	6	0	15	8	13	20	6	14	263.53	0		4.177603
21	42	10	0	0	18	6	12	5	6	268.65	0		51.504878


-------------------------------------------------------------------------------------------------------------------
Tour_Id:			16
No_of_Customers:		7
No_of_Items:			16
Customer_Sequence:		66 99 4 24 61 59 13 

CustId	Id	TypeId	Rotated	x	y	z	Length	Width	Height	mass	Fragility	LoadBearingStrength
13	26	9	0	0	0	0	23	9	7	1099.89	0		178.662437
61	118	6	0	0	9	0	20	6	14	263.53	0		4.177603
59	115	7	0	0	15	0	15	8	12	369.91	0		27.663638
61	117	1	0	15	15	0	33	9	7	1398.62	0		23.071888
13	25	8	0	0	0	7	23	6	11	369.73	1		2.104747
4	5	1	0	15	15	7	33	9	7	1398.62	0		23.071888
24	45	2	0	23	0	0	20	14	11	1369.47	0		77.011727
24	46	2	0	23	0	11	20	14	11	1369.47	0		77.011727
4	7	7	0	0	15	12	15	8	12	369.91	0		27.663638
4	6	3	0	15	15	14	20	9	13	544.61	0		31.916188
24	47	9	0	23	0	22	23	9	7	1099.89	0		178.662437
61	119	6	0	0	9	14	20	6	14	263.53	0		4.177603
99	198	7	0	35	14	14	15	8	12	369.91	0		27.663638
66	130	10	0	23	9	22	12	5	6	268.65	0		51.504878
66	128	8	1	50	0	0	23	6	11	369.73	1		2.104747
66	129	8	1	50	0	11	23	6	11	369.73	1		2.104747


