Name:				187_n100_m200_bt10
Problem:			3L-VRPTW
Number_of_used_Vehicles:	16
Total_Travel_Distance:		1390.03
Calculation_Time:		3600.00
Total_Iterations:		17206
ConstraintSet:			P1

-------------------------------------------------------------------------------------------------------------------
Tour_Id:			1
No_of_Customers:		6
No_of_Items:			11
Customer_Sequence:		21 92 70 95 38 34 

CustId	Id	TypeId	Rotated	x	y	z	Length	Width	Height	mass	Fragility	LoadBearingStrength
34	68	8	0	0	0	0	26	9	12	1278.50	1		6.057119
95	193	5	0	0	9	0	22	13	8	591.75	0		6.974588
38	75	8	0	0	0	12	26	9	12	1278.50	1		6.057119
34	67	4	0	26	0	0	32	5	12	443.27	1		7.612419
95	191	1	0	0	9	8	24	8	7	873.60	0		18.661479
95	192	2	0	24	9	0	20	12	9	1312.62	0		128.024310
70	140	2	0	24	9	9	20	12	9	1312.62	0		128.024310
70	141	6	0	0	9	15	18	6	11	566.54	0		17.475555
92	186	7	1	44	5	0	18	14	13	703.21	0		11.233470
92	185	4	0	26	0	12	32	5	12	443.27	1		7.612419
21	40	5	0	24	9	18	22	13	8	591.75	0		6.974588


-------------------------------------------------------------------------------------------------------------------
Tour_Id:			2
No_of_Customers:		6
No_of_Items:			12
Customer_Sequence:		30 19 40 100 82 60 

CustId	Id	TypeId	Rotated	x	y	z	Length	Width	Height	mass	Fragility	LoadBearingStrength
60	118	5	0	0	0	0	22	13	8	591.75	0		6.974588
60	119	10	0	0	13	0	22	11	8	445.02	0		46.850145
82	162	7	0	0	0	8	18	14	13	703.21	0		11.233470
82	163	10	0	0	14	8	22	11	8	445.02	0		46.850145
100	200	9	0	22	0	0	33	7	14	519.60	0		7.340171
100	199	2	0	0	0	21	20	12	9	1312.62	0		128.024310
40	79	9	0	22	7	0	33	7	14	519.60	0		7.340171
40	78	5	0	22	0	14	22	13	8	591.75	0		6.974588
40	77	3	0	0	14	16	28	8	10	255.42	0		15.033162
19	38	8	0	28	14	0	26	9	12	1278.50	1		6.057119
30	58	5	0	20	0	22	22	13	8	591.75	0		6.974588
30	57	4	0	28	14	12	32	5	12	443.27	1		7.612419


-------------------------------------------------------------------------------------------------------------------
Tour_Id:			3
No_of_Customers:		4
No_of_Items:			11
Customer_Sequence:		44 75 91 80 

CustId	Id	TypeId	Rotated	x	y	z	Length	Width	Height	mass	Fragility	LoadBearingStrength
80	159	4	0	0	0	0	32	5	12	443.27	1		7.612419
80	160	10	0	0	5	0	22	11	8	445.02	0		46.850145
91	184	9	0	0	16	0	33	7	14	519.60	0		7.340171
75	149	10	0	0	5	8	22	11	8	445.02	0		46.850145
91	183	4	0	0	0	12	32	5	12	443.27	1		7.612419
91	182	3	0	0	16	14	28	8	10	255.42	0		15.033162
75	147	6	0	0	5	16	18	6	11	566.54	0		17.475555
75	148	6	0	22	5	0	18	6	11	566.54	0		17.475555
44	87	2	0	40	0	0	20	12	9	1312.62	0		128.024310
44	89	10	0	33	12	0	22	11	8	445.02	0		46.850145
44	88	8	0	33	12	8	26	9	12	1278.50	1		6.057119


-------------------------------------------------------------------------------------------------------------------
Tour_Id:			4
No_of_Customers:		3
No_of_Items:			8
Customer_Sequence:		56 26 10 

CustId	Id	TypeId	Rotated	x	y	z	Length	Width	Height	mass	Fragility	LoadBearingStrength
10	20	7	0	0	0	0	18	14	13	703.21	0		11.233470
26	49	9	0	0	14	0	33	7	14	519.60	0		7.340171
10	19	3	0	18	0	0	28	8	10	255.42	0		15.033162
56	110	9	0	0	14	14	33	7	14	519.60	0		7.340171
10	21	7	0	0	0	13	18	14	13	703.21	0		11.233470
56	109	3	0	18	0	10	28	8	10	255.42	0		15.033162
56	108	3	0	18	0	20	28	8	10	255.42	0		15.033162
26	48	7	0	33	8	0	18	14	13	703.21	0		11.233470


-------------------------------------------------------------------------------------------------------------------
Tour_Id:			5
No_of_Customers:		5
No_of_Items:			11
Customer_Sequence:		31 59 79 52 72 

CustId	Id	TypeId	Rotated	x	y	z	Length	Width	Height	mass	Fragility	LoadBearingStrength
72	144	5	0	0	0	0	22	13	8	591.75	0		6.974588
79	158	10	0	0	13	0	22	11	8	445.02	0		46.850145
52	103	8	0	0	0	8	26	9	12	1278.50	1		6.057119
59	116	5	0	0	9	8	22	13	8	591.75	0		6.974588
52	101	3	0	26	0	0	28	8	10	255.42	0		15.033162
79	157	1	0	22	9	0	24	8	7	873.60	0		18.661479
59	117	9	0	22	17	0	33	7	14	519.60	0		7.340171
52	102	4	0	26	0	10	32	5	12	443.27	1		7.612419
31	60	7	0	0	9	16	18	14	13	703.21	0		11.233470
31	59	3	0	22	9	7	28	8	10	255.42	0		15.033162
31	61	8	0	18	9	17	26	9	12	1278.50	1		6.057119


-------------------------------------------------------------------------------------------------------------------
Tour_Id:			6
No_of_Customers:		7
No_of_Items:			15
Customer_Sequence:		71 87 16 14 9 89 39 

CustId	Id	TypeId	Rotated	x	y	z	Length	Width	Height	mass	Fragility	LoadBearingStrength
39	76	2	0	0	0	0	20	12	9	1312.62	0		128.024310
89	178	7	0	0	0	9	18	14	13	703.21	0		11.233470
89	177	2	0	0	12	0	20	12	9	1312.62	0		128.024310
89	179	10	0	0	14	9	22	11	8	445.02	0		46.850145
9	17	7	0	20	0	0	18	14	13	703.21	0		11.233470
16	33	8	0	0	14	17	26	9	12	1278.50	1		6.057119
14	27	2	0	18	0	13	20	12	9	1312.62	0		128.024310
14	28	4	0	26	14	0	32	5	12	443.27	1		7.612419
16	31	1	0	0	0	22	24	8	7	873.60	0		18.661479
9	18	10	0	38	0	0	22	11	8	445.02	0		46.850145
16	32	4	0	26	19	0	32	5	12	443.27	1		7.612419
87	174	4	0	26	14	12	32	5	12	443.27	1		7.612419
87	175	4	0	26	19	12	32	5	12	443.27	1		7.612419
71	142	5	0	38	0	8	22	13	8	591.75	0		6.974588
71	143	10	0	38	0	16	22	11	8	445.02	0		46.850145


-------------------------------------------------------------------------------------------------------------------
Tour_Id:			7
No_of_Customers:		6
No_of_Items:			14
Customer_Sequence:		94 35 29 36 68 17 

CustId	Id	TypeId	Rotated	x	y	z	Length	Width	Height	mass	Fragility	LoadBearingStrength
17	35	5	0	0	0	0	22	13	8	591.75	0		6.974588
17	36	9	0	0	13	0	33	7	14	519.60	0		7.340171
17	34	1	0	0	0	8	24	8	7	873.60	0		18.661479
29	56	9	0	0	13	14	33	7	14	519.60	0		7.340171
68	135	4	0	0	20	0	32	5	12	443.27	1		7.612419
36	72	7	0	33	0	0	18	14	13	703.21	0		11.233470
36	73	10	0	33	14	0	22	11	8	445.02	0		46.850145
36	71	4	0	0	20	12	32	5	12	443.27	1		7.612419
68	136	8	0	0	0	15	26	9	12	1278.50	1		6.057119
29	55	2	0	33	0	13	20	12	9	1312.62	0		128.024310
35	70	10	0	33	14	8	22	11	8	445.02	0		46.850145
35	69	1	0	33	14	16	24	8	7	873.60	0		18.661479
94	190	5	0	33	0	22	22	13	8	591.75	0		6.974588
94	189	1	0	33	14	23	24	8	7	873.60	0		18.661479


-------------------------------------------------------------------------------------------------------------------
Tour_Id:			8
No_of_Customers:		7
No_of_Items:			15
Customer_Sequence:		2 54 32 18 6 41 69 

CustId	Id	TypeId	Rotated	x	y	z	Length	Width	Height	mass	Fragility	LoadBearingStrength
69	139	5	0	0	0	0	22	13	8	591.75	0		6.974588
41	80	4	0	0	13	0	32	5	12	443.27	1		7.612419
69	138	1	0	0	0	8	24	8	7	873.60	0		18.661479
41	81	6	0	0	18	0	18	6	11	566.54	0		17.475555
69	137	1	0	0	0	15	24	8	7	873.60	0		18.661479
41	82	8	0	24	0	0	26	9	12	1278.50	1		6.057119
6	12	9	0	18	18	0	33	7	14	519.60	0		7.340171
6	10	1	0	0	0	22	24	8	7	873.60	0		18.661479
18	37	4	0	0	13	12	32	5	12	443.27	1		7.612419
54	106	9	0	18	18	14	33	7	14	519.60	0		7.340171
32	62	1	0	32	9	0	24	8	7	873.60	0		18.661479
32	63	1	0	32	9	7	24	8	7	873.60	0		18.661479
32	64	6	0	32	9	14	18	6	11	566.54	0		17.475555
6	11	6	0	0	18	11	18	6	11	566.54	0		17.475555
2	4	8	0	24	0	12	26	9	12	1278.50	1		6.057119


-------------------------------------------------------------------------------------------------------------------
Tour_Id:			9
No_of_Customers:		8
No_of_Items:			18
Customer_Sequence:		55 96 61 77 15 28 1 76 

CustId	Id	TypeId	Rotated	x	y	z	Length	Width	Height	mass	Fragility	LoadBearingStrength
76	152	7	0	0	0	0	18	14	13	703.21	0		11.233470
76	150	1	0	0	14	0	24	8	7	873.60	0		18.661479
76	151	1	0	0	14	7	24	8	7	873.60	0		18.661479
28	53	5	0	0	0	13	22	13	8	591.75	0		6.974588
1	1	1	0	0	14	14	24	8	7	873.60	0		18.661479
1	3	10	0	18	0	0	22	11	8	445.02	0		46.850145
28	54	10	0	0	0	21	22	11	8	445.02	0		46.850145
1	2	10	0	24	14	0	22	11	8	445.02	0		46.850145
61	121	2	0	0	11	21	20	12	9	1312.62	0		128.024310
15	30	10	0	22	0	8	22	11	8	445.02	0		46.850145
77	153	6	0	22	0	16	18	6	11	566.54	0		17.475555
15	29	10	0	24	14	8	22	11	8	445.02	0		46.850145
77	154	10	1	46	0	0	22	11	8	445.02	0		46.850145
77	155	10	1	46	0	8	22	11	8	445.02	0		46.850145
61	120	1	0	24	14	16	24	8	7	873.60	0		18.661479
61	122	6	0	22	6	16	18	6	11	566.54	0		17.475555
96	194	1	0	24	14	23	24	8	7	873.60	0		18.661479
55	107	7	0	40	0	16	18	14	13	703.21	0		11.233470


-------------------------------------------------------------------------------------------------------------------
Tour_Id:			10
No_of_Customers:		6
No_of_Items:			13
Customer_Sequence:		64 12 46 20 42 57 

CustId	Id	TypeId	Rotated	x	y	z	Length	Width	Height	mass	Fragility	LoadBearingStrength
57	112	5	0	0	0	0	22	13	8	591.75	0		6.974588
57	111	5	0	0	0	8	22	13	8	591.75	0		6.974588
57	113	7	0	0	0	16	18	14	13	703.21	0		11.233470
42	85	10	0	0	14	0	22	11	8	445.02	0		46.850145
42	83	1	0	0	14	8	24	8	7	873.60	0		18.661479
42	84	8	0	0	14	15	26	9	12	1278.50	1		6.057119
20	39	6	0	22	0	0	18	6	11	566.54	0		17.475555
46	92	6	0	22	6	0	18	6	11	566.54	0		17.475555
46	91	2	0	22	0	11	20	12	9	1312.62	0		128.024310
12	24	7	0	42	0	0	18	14	13	703.21	0		11.233470
12	23	3	0	26	14	0	28	8	10	255.42	0		15.033162
64	127	10	0	18	0	20	22	11	8	445.02	0		46.850145
64	126	8	0	26	14	10	26	9	12	1278.50	1		6.057119


-------------------------------------------------------------------------------------------------------------------
Tour_Id:			11
No_of_Customers:		6
No_of_Items:			10
Customer_Sequence:		73 74 48 58 51 24 

CustId	Id	TypeId	Rotated	x	y	z	Length	Width	Height	mass	Fragility	LoadBearingStrength
51	100	6	0	0	0	0	18	6	11	566.54	0		17.475555
24	45	10	0	0	6	0	22	11	8	445.02	0		46.850145
24	46	10	0	0	6	8	22	11	8	445.02	0		46.850145
24	44	7	0	0	6	16	18	14	13	703.21	0		11.233470
58	114	1	0	22	0	0	24	8	7	873.60	0		18.661479
58	115	6	0	0	0	11	18	6	11	566.54	0		17.475555
48	96	1	0	22	8	0	24	8	7	873.60	0		18.661479
48	97	4	0	0	20	0	32	5	12	443.27	1		7.612419
74	146	2	0	22	0	7	20	12	9	1312.62	0		128.024310
73	145	6	0	18	0	16	18	6	11	566.54	0		17.475555


-------------------------------------------------------------------------------------------------------------------
Tour_Id:			12
No_of_Customers:		8
No_of_Items:			14
Customer_Sequence:		90 49 22 93 86 81 98 13 

CustId	Id	TypeId	Rotated	x	y	z	Length	Width	Height	mass	Fragility	LoadBearingStrength
13	26	2	0	0	0	0	20	12	9	1312.62	0		128.024310
98	197	4	0	0	12	0	32	5	12	443.27	1		7.612419
98	196	3	0	0	17	0	28	8	10	255.42	0		15.033162
86	172	2	0	0	0	9	20	12	9	1312.62	0		128.024310
81	161	6	0	0	17	10	18	6	11	566.54	0		17.475555
13	25	1	0	20	0	0	24	8	7	873.60	0		18.661479
86	173	8	0	0	0	18	26	9	12	1278.50	1		6.057119
93	187	1	0	26	0	7	24	8	7	873.60	0		18.661479
93	188	8	0	26	0	14	26	9	12	1278.50	1		6.057119
22	41	3	0	28	17	0	28	8	10	255.42	0		15.033162
22	42	4	0	0	12	12	32	5	12	443.27	1		7.612419
49	98	9	0	18	17	10	33	7	14	519.60	0		7.340171
90	180	3	0	32	9	0	28	8	10	255.42	0		15.033162
90	181	6	0	32	9	10	18	6	11	566.54	0		17.475555


-------------------------------------------------------------------------------------------------------------------
Tour_Id:			13
No_of_Customers:		6
No_of_Items:			11
Customer_Sequence:		97 5 33 84 11 23 

CustId	Id	TypeId	Rotated	x	y	z	Length	Width	Height	mass	Fragility	LoadBearingStrength
11	22	8	0	0	0	0	26	9	12	1278.50	1		6.057119
23	43	3	0	0	9	0	28	8	10	255.42	0		15.033162
84	167	1	0	0	17	0	24	8	7	873.60	0		18.661479
84	168	8	0	0	9	10	26	9	12	1278.50	1		6.057119
84	169	8	0	0	0	12	26	9	12	1278.50	1		6.057119
33	66	7	0	28	0	0	18	14	13	703.21	0		11.233470
33	65	2	0	26	0	13	20	12	9	1312.62	0		128.024310
5	7	5	0	26	0	22	22	13	8	591.75	0		6.974588
5	8	6	0	0	18	7	18	6	11	566.54	0		17.475555
5	9	8	0	28	14	0	26	9	12	1278.50	1		6.057119
97	195	4	0	26	14	12	32	5	12	443.27	1		7.612419


-------------------------------------------------------------------------------------------------------------------
Tour_Id:			14
No_of_Customers:		7
No_of_Items:			12
Customer_Sequence:		88 83 37 7 4 47 78 

CustId	Id	TypeId	Rotated	x	y	z	Length	Width	Height	mass	Fragility	LoadBearingStrength
78	156	10	0	0	0	0	22	11	8	445.02	0		46.850145
47	93	3	0	0	11	0	28	8	10	255.42	0		15.033162
47	95	10	0	0	0	8	22	11	8	445.02	0		46.850145
47	94	4	0	0	19	0	32	5	12	443.27	1		7.612419
4	6	4	0	0	11	10	32	5	12	443.27	1		7.612419
7	14	7	0	32	0	0	18	14	13	703.21	0		11.233470
7	13	1	0	0	0	16	24	8	7	873.60	0		18.661479
37	74	3	0	32	14	0	28	8	10	255.42	0		15.033162
83	165	2	0	32	0	13	20	12	9	1312.62	0		128.024310
83	164	1	0	0	0	23	24	8	7	873.60	0		18.661479
83	166	6	0	32	14	10	18	6	11	566.54	0		17.475555
88	176	5	0	32	0	22	22	13	8	591.75	0		6.974588


-------------------------------------------------------------------------------------------------------------------
Tour_Id:			15
No_of_Customers:		8
No_of_Items:			12
Customer_Sequence:		50 85 25 67 43 99 66 62 

CustId	Id	TypeId	Rotated	x	y	z	Length	Width	Height	mass	Fragility	LoadBearingStrength
62	124	5	0	0	0	0	22	13	8	591.75	0		6.974588
99	198	7	0	0	0	8	18	14	13	703.21	0		11.233470
67	133	7	0	22	0	0	18	14	13	703.21	0		11.233470
43	86	5	0	0	0	21	22	13	8	591.75	0		6.974588
62	123	1	0	0	14	0	24	8	7	873.60	0		18.661479
66	131	6	0	0	14	7	18	6	11	566.54	0		17.475555
25	47	6	0	0	14	18	18	6	11	566.54	0		17.475555
67	132	6	0	22	0	13	18	6	11	566.54	0		17.475555
67	134	10	0	24	14	0	22	11	8	445.02	0		46.850145
85	170	7	0	40	0	0	18	14	13	703.21	0		11.233470
85	171	9	0	22	6	13	33	7	14	519.60	0		7.340171
50	99	6	0	24	14	8	18	6	11	566.54	0		17.475555


-------------------------------------------------------------------------------------------------------------------
Tour_Id:			16
No_of_Customers:		7
No_of_Items:			13
Customer_Sequence:		3 8 65 45 63 53 27 

CustId	Id	TypeId	Rotated	x	y	z	Length	Width	Height	mass	Fragility	LoadBearingStrength
27	50	2	0	0	0	0	20	12	9	1312.62	0		128.024310
27	52	10	0	0	12	0	22	11	8	445.02	0		46.850145
27	51	8	0	0	12	8	26	9	12	1278.50	1		6.057119
53	104	1	0	0	0	9	24	8	7	873.60	0		18.661479
53	105	8	0	0	0	16	26	9	12	1278.50	1		6.057119
63	125	7	0	26	0	0	18	14	13	703.21	0		11.233470
45	90	7	0	26	0	13	18	14	13	703.21	0		11.233470
65	130	7	1	44	0	0	18	14	13	703.21	0		11.233470
65	128	6	0	26	14	0	18	6	11	566.54	0		17.475555
65	129	6	0	26	14	11	18	6	11	566.54	0		17.475555
8	16	5	1	44	0	13	22	13	8	591.75	0		6.974588
8	15	4	0	26	20	0	32	5	12	443.27	1		7.612419
3	5	1	1	44	0	21	24	8	7	873.60	0		18.661479


