Name:				188_n100_m200_bt10
Problem:			3L-VRPTW
Number_of_used_Vehicles:	19
Total_Travel_Distance:		1562.70
Calculation_Time:		1624.29
Total_Iterations:		25001
ConstraintSet:			P1

-------------------------------------------------------------------------------------------------------------------
Tour_Id:			1
No_of_Customers:		7
No_of_Items:			10
Customer_Sequence:		1 11 34 40 61 78 97 

CustId	Id	TypeId	Rotated	x	y	z	Length	Width	Height	mass	Fragility	LoadBearingStrength
97	192	8	0	0	0	0	27	13	14	1849.66	0		9.775895
78	156	3	0	0	13	0	23	9	7	694.24	0		31.361641
61	123	1	0	0	13	7	19	10	9	281.14	0		21.591519
1	2	8	0	0	0	14	27	13	14	1849.66	0		9.775895
40	78	3	0	0	13	16	23	9	7	694.24	0		31.361641
34	68	7	0	23	13	0	34	11	8	2723.69	0		122.834895
11	21	10	0	23	13	8	27	8	11	1144.43	0		67.605133
40	79	4	0	27	0	0	29	13	14	997.26	0		8.439746
1	1	1	0	23	13	19	19	10	9	281.14	0		21.591519
1	3	9	0	27	0	14	32	9	12	535.99	1		1.993981


-------------------------------------------------------------------------------------------------------------------
Tour_Id:			2
No_of_Customers:		6
No_of_Items:			12
Customer_Sequence:		68 17 43 73 91 20 

CustId	Id	TypeId	Rotated	x	y	z	Length	Width	Height	mass	Fragility	LoadBearingStrength
20	39	9	0	0	0	0	32	9	12	535.99	1		1.993981
20	37	1	0	0	9	0	19	10	9	281.14	0		21.591519
73	149	1	0	0	9	9	19	10	9	281.14	0		21.591519
91	180	7	0	19	9	0	34	11	8	2723.69	0		122.834895
73	151	7	0	19	9	8	34	11	8	2723.69	0		122.834895
20	38	5	0	32	0	0	28	9	7	952.87	0		176.869123
73	150	1	0	0	9	18	19	10	9	281.14	0		21.591519
43	85	9	0	0	0	12	32	9	12	535.99	1		1.993981
43	84	6	0	19	9	16	18	12	6	1109.32	1		49.298037
17	31	3	0	32	0	7	23	9	7	694.24	0		31.361641
17	32	3	0	32	0	14	23	9	7	694.24	0		31.361641
68	138	3	0	32	0	21	23	9	7	694.24	0		31.361641


-------------------------------------------------------------------------------------------------------------------
Tour_Id:			3
No_of_Customers:		4
No_of_Items:			11
Customer_Sequence:		30 80 49 82 

CustId	Id	TypeId	Rotated	x	y	z	Length	Width	Height	mass	Fragility	LoadBearingStrength
82	164	2	0	0	0	0	26	6	13	378.92	0		16.118114
82	165	5	0	0	6	0	28	9	7	952.87	0		176.869123
82	166	9	0	0	15	0	32	9	12	535.99	1		1.993981
49	98	9	0	0	6	7	32	9	12	535.99	1		1.993981
80	161	2	0	0	0	13	26	6	13	378.92	0		16.118114
49	97	1	0	32	0	0	19	10	9	281.14	0		21.591519
49	99	10	0	32	10	0	27	8	11	1144.43	0		67.605133
80	160	1	0	32	0	9	19	10	9	281.14	0		21.591519
30	59	5	0	32	10	11	28	9	7	952.87	0		176.869123
30	61	9	0	0	15	12	32	9	12	535.99	1		1.993981
30	60	6	0	32	0	18	18	12	6	1109.32	1		49.298037


-------------------------------------------------------------------------------------------------------------------
Tour_Id:			4
No_of_Customers:		4
No_of_Items:			10
Customer_Sequence:		10 24 58 84 

CustId	Id	TypeId	Rotated	x	y	z	Length	Width	Height	mass	Fragility	LoadBearingStrength
84	171	4	0	0	0	0	29	13	14	997.26	0		8.439746
58	116	10	0	0	13	0	27	8	11	1144.43	0		67.605133
84	170	3	0	0	0	14	23	9	7	694.24	0		31.361641
58	114	1	0	0	13	11	19	10	9	281.14	0		21.591519
58	115	9	0	27	13	0	32	9	12	535.99	1		1.993981
24	46	4	0	29	0	0	29	13	14	997.26	0		8.439746
24	45	1	0	0	13	20	19	10	9	281.14	0		21.591519
24	47	9	0	19	13	12	32	9	12	535.99	1		1.993981
10	20	7	0	23	0	14	34	11	8	2723.69	0		122.834895
10	19	1	0	0	0	21	19	10	9	281.14	0		21.591519


-------------------------------------------------------------------------------------------------------------------
Tour_Id:			5
No_of_Customers:		7
No_of_Items:			10
Customer_Sequence:		32 45 66 88 77 87 6 

CustId	Id	TypeId	Rotated	x	y	z	Length	Width	Height	mass	Fragility	LoadBearingStrength
6	13	8	0	0	0	0	27	13	14	1849.66	0		9.775895
87	175	3	0	0	13	0	23	9	7	694.24	0		31.361641
88	176	4	0	0	0	14	29	13	14	997.26	0		8.439746
77	155	6	0	0	13	7	18	12	6	1109.32	1		49.298037
66	134	5	0	23	13	0	28	9	7	952.87	0		176.869123
45	89	7	0	18	13	7	34	11	8	2723.69	0		122.834895
32	65	4	0	29	0	0	29	13	14	997.26	0		8.439746
45	88	1	0	18	13	15	19	10	9	281.14	0		21.591519
45	87	1	0	37	13	15	19	10	9	281.14	0		21.591519
32	66	4	0	29	0	14	29	13	14	997.26	0		8.439746


-------------------------------------------------------------------------------------------------------------------
Tour_Id:			6
No_of_Customers:		5
No_of_Items:			10
Customer_Sequence:		98 60 22 57 14 

CustId	Id	TypeId	Rotated	x	y	z	Length	Width	Height	mass	Fragility	LoadBearingStrength
14	26	3	0	0	0	0	23	9	7	694.24	0		31.361641
14	27	6	0	0	9	0	18	12	6	1109.32	1		49.298037
57	113	4	0	18	9	0	29	13	14	997.26	0		8.439746
57	112	3	0	0	0	7	23	9	7	694.24	0		31.361641
22	41	5	0	0	0	14	28	9	7	952.87	0		176.869123
60	121	7	0	18	9	14	34	11	8	2723.69	0		122.834895
60	120	5	0	0	0	21	28	9	7	952.87	0		176.869123
60	122	9	0	28	0	0	32	9	12	535.99	1		1.993981
98	193	5	0	18	9	22	28	9	7	952.87	0		176.869123
98	194	9	0	28	0	12	32	9	12	535.99	1		1.993981


-------------------------------------------------------------------------------------------------------------------
Tour_Id:			7
No_of_Customers:		5
No_of_Items:			13
Customer_Sequence:		62 12 64 92 48 

CustId	Id	TypeId	Rotated	x	y	z	Length	Width	Height	mass	Fragility	LoadBearingStrength
92	181	3	0	0	0	0	23	9	7	694.24	0		31.361641
48	94	9	0	0	9	0	32	9	12	535.99	1		1.993981
48	95	9	0	0	9	12	32	9	12	535.99	1		1.993981
92	182	5	0	0	0	7	28	9	7	952.87	0		176.869123
12	23	10	0	0	0	14	27	8	11	1144.43	0		67.605133
64	130	2	0	0	18	0	26	6	13	378.92	0		16.118114
48	96	10	0	32	9	0	27	8	11	1144.43	0		67.605133
64	131	5	0	28	0	0	28	9	7	952.87	0		176.869123
12	24	10	0	28	0	7	27	8	11	1144.43	0		67.605133
12	22	6	0	0	9	24	18	12	6	1109.32	1		49.298037
62	124	1	0	32	9	11	19	10	9	281.14	0		21.591519
62	125	1	0	32	9	20	19	10	9	281.14	0		21.591519
62	126	9	0	27	0	18	32	9	12	535.99	1		1.993981


-------------------------------------------------------------------------------------------------------------------
Tour_Id:			8
No_of_Customers:		4
No_of_Items:			9
Customer_Sequence:		63 46 55 51 

CustId	Id	TypeId	Rotated	x	y	z	Length	Width	Height	mass	Fragility	LoadBearingStrength
55	110	4	0	0	0	0	29	13	14	997.26	0		8.439746
51	102	7	0	0	13	0	34	11	8	2723.69	0		122.834895
46	92	8	0	0	0	14	27	13	14	1849.66	0		9.775895
46	91	8	0	29	0	0	27	13	14	1849.66	0		9.775895
55	109	2	0	0	13	8	26	6	13	378.92	0		16.118114
46	90	5	0	27	0	14	28	9	7	952.87	0		176.869123
63	127	2	0	0	19	8	26	6	13	378.92	0		16.118114
63	128	5	0	0	13	21	28	9	7	952.87	0		176.869123
63	129	6	0	27	0	21	18	12	6	1109.32	1		49.298037


-------------------------------------------------------------------------------------------------------------------
Tour_Id:			9
No_of_Customers:		6
No_of_Items:			10
Customer_Sequence:		38 85 9 56 59 86 

CustId	Id	TypeId	Rotated	x	y	z	Length	Width	Height	mass	Fragility	LoadBearingStrength
86	174	8	0	0	0	0	27	13	14	1849.66	0		9.775895
59	117	3	0	0	13	0	23	9	7	694.24	0		31.361641
59	118	7	0	0	0	14	34	11	8	2723.69	0		122.834895
9	18	5	0	0	13	7	28	9	7	952.87	0		176.869123
56	111	5	0	0	0	22	28	9	7	952.87	0		176.869123
59	119	9	0	27	0	0	32	9	12	535.99	1		1.993981
85	172	3	0	0	11	14	23	9	7	694.24	0		31.361641
85	173	9	0	28	11	0	32	9	12	535.99	1		1.993981
38	74	5	0	0	11	21	28	9	7	952.87	0		176.869123
38	75	9	0	28	11	12	32	9	12	535.99	1		1.993981


-------------------------------------------------------------------------------------------------------------------
Tour_Id:			10
No_of_Customers:		7
No_of_Items:			12
Customer_Sequence:		42 29 81 83 69 18 41 

CustId	Id	TypeId	Rotated	x	y	z	Length	Width	Height	mass	Fragility	LoadBearingStrength
41	82	8	0	0	0	0	27	13	14	1849.66	0		9.775895
81	163	8	0	0	0	14	27	13	14	1849.66	0		9.775895
41	81	1	0	0	13	0	19	10	9	281.14	0		21.591519
69	139	9	0	19	13	0	32	9	12	535.99	1		1.993981
83	168	6	0	19	13	12	18	12	6	1109.32	1		49.298037
83	169	6	0	19	13	18	18	12	6	1109.32	1		49.298037
41	80	1	0	0	13	9	19	10	9	281.14	0		21.591519
83	167	4	0	27	0	0	29	13	14	997.26	0		8.439746
42	83	6	0	19	13	24	18	12	6	1109.32	1		49.298037
81	162	3	0	27	0	14	23	9	7	694.24	0		31.361641
29	58	5	0	27	0	21	28	9	7	952.87	0		176.869123
18	33	1	0	0	13	18	19	10	9	281.14	0		21.591519


-------------------------------------------------------------------------------------------------------------------
Tour_Id:			11
No_of_Customers:		4
No_of_Items:			7
Customer_Sequence:		50 94 35 39 

CustId	Id	TypeId	Rotated	x	y	z	Length	Width	Height	mass	Fragility	LoadBearingStrength
39	76	4	0	0	0	0	29	13	14	997.26	0		8.439746
39	77	10	0	0	13	0	27	8	11	1144.43	0		67.605133
35	69	1	0	0	13	11	19	10	9	281.14	0		21.591519
35	70	1	0	0	0	14	19	10	9	281.14	0		21.591519
94	185	4	0	29	0	0	29	13	14	997.26	0		8.439746
50	100	1	0	0	13	20	19	10	9	281.14	0		21.591519
50	101	6	0	0	0	23	18	12	6	1109.32	1		49.298037


-------------------------------------------------------------------------------------------------------------------
Tour_Id:			12
No_of_Customers:		5
No_of_Items:			11
Customer_Sequence:		93 23 95 15 54 

CustId	Id	TypeId	Rotated	x	y	z	Length	Width	Height	mass	Fragility	LoadBearingStrength
54	108	3	0	0	0	0	23	9	7	694.24	0		31.361641
15	29	3	0	0	9	0	23	9	7	694.24	0		31.361641
95	188	8	0	0	0	7	27	13	14	1849.66	0		9.775895
23	43	7	0	0	0	21	34	11	8	2723.69	0		122.834895
15	28	2	0	0	18	0	26	6	13	378.92	0		16.118114
95	186	4	0	27	0	0	29	13	14	997.26	0		8.439746
23	44	10	0	26	13	0	27	8	11	1144.43	0		67.605133
95	187	5	0	27	0	14	28	9	7	952.87	0		176.869123
23	42	3	0	26	13	11	23	9	7	694.24	0		31.361641
93	184	10	0	26	13	18	27	8	11	1144.43	0		67.605133
93	183	3	0	34	0	21	23	9	7	694.24	0		31.361641


-------------------------------------------------------------------------------------------------------------------
Tour_Id:			13
No_of_Customers:		7
No_of_Items:			10
Customer_Sequence:		52 89 76 21 37 3 16 

CustId	Id	TypeId	Rotated	x	y	z	Length	Width	Height	mass	Fragility	LoadBearingStrength
16	30	10	0	0	0	0	27	8	11	1144.43	0		67.605133
3	9	10	0	0	8	0	27	8	11	1144.43	0		67.605133
3	7	1	0	0	0	11	19	10	9	281.14	0		21.591519
3	8	4	0	27	0	0	29	13	14	997.26	0		8.439746
37	73	10	0	0	16	0	27	8	11	1144.43	0		67.605133
21	40	5	0	0	13	11	28	9	7	952.87	0		176.869123
76	154	1	0	0	13	18	19	10	9	281.14	0		21.591519
89	177	7	0	19	0	14	34	11	8	2723.69	0		122.834895
52	103	1	0	28	13	0	19	10	9	281.14	0		21.591519
52	104	1	0	28	13	9	19	10	9	281.14	0		21.591519


-------------------------------------------------------------------------------------------------------------------
Tour_Id:			14
No_of_Customers:		4
No_of_Items:			12
Customer_Sequence:		72 96 67 71 

CustId	Id	TypeId	Rotated	x	y	z	Length	Width	Height	mass	Fragility	LoadBearingStrength
71	145	8	0	0	0	0	27	13	14	1849.66	0		9.775895
67	135	1	0	0	13	0	19	10	9	281.14	0		21.591519
67	136	6	0	0	13	9	18	12	6	1109.32	1		49.298037
71	144	5	0	0	0	14	28	9	7	952.87	0		176.869123
67	137	7	0	19	13	0	34	11	8	2723.69	0		122.834895
71	143	3	0	0	0	21	23	9	7	694.24	0		31.361641
96	191	8	0	28	0	0	27	13	14	1849.66	0		9.775895
96	189	1	0	19	13	8	19	10	9	281.14	0		21.591519
96	190	6	0	0	13	15	18	12	6	1109.32	1		49.298037
72	146	1	0	19	13	17	19	10	9	281.14	0		21.591519
72	147	1	0	28	0	14	19	10	9	281.14	0		21.591519
72	148	6	0	0	13	21	18	12	6	1109.32	1		49.298037


-------------------------------------------------------------------------------------------------------------------
Tour_Id:			15
No_of_Customers:		7
No_of_Items:			13
Customer_Sequence:		7 36 25 79 4 53 13 

CustId	Id	TypeId	Rotated	x	y	z	Length	Width	Height	mass	Fragility	LoadBearingStrength
13	25	8	0	0	0	0	27	13	14	1849.66	0		9.775895
79	157	2	0	0	13	0	26	6	13	378.92	0		16.118114
53	107	8	0	0	0	14	27	13	14	1849.66	0		9.775895
53	105	2	0	0	19	0	26	6	13	378.92	0		16.118114
4	10	2	0	0	19	13	26	6	13	378.92	0		16.118114
53	106	2	0	26	19	0	26	6	13	378.92	0		16.118114
79	159	3	0	27	0	0	23	9	7	694.24	0		31.361641
25	49	10	0	27	9	0	27	8	11	1144.43	0		67.605133
79	158	2	0	0	13	13	26	6	13	378.92	0		16.118114
25	48	9	0	27	9	11	32	9	12	535.99	1		1.993981
36	72	10	0	27	0	7	27	8	11	1144.43	0		67.605133
36	71	6	0	27	9	23	18	12	6	1109.32	1		49.298037
7	14	9	0	27	0	18	32	9	12	535.99	1		1.993981


-------------------------------------------------------------------------------------------------------------------
Tour_Id:			16
No_of_Customers:		3
No_of_Items:			8
Customer_Sequence:		31 70 5 

CustId	Id	TypeId	Rotated	x	y	z	Length	Width	Height	mass	Fragility	LoadBearingStrength
5	12	8	0	0	0	0	27	13	14	1849.66	0		9.775895
5	11	2	0	0	13	0	26	6	13	378.92	0		16.118114
70	141	6	0	0	0	14	18	12	6	1109.32	1		49.298037
70	142	8	0	27	0	0	27	13	14	1849.66	0		9.775895
70	140	4	0	18	0	14	29	13	14	997.26	0		8.439746
31	63	7	0	26	13	0	34	11	8	2723.69	0		122.834895
31	64	10	0	26	13	8	27	8	11	1144.43	0		67.605133
31	62	1	0	26	13	19	19	10	9	281.14	0		21.591519


-------------------------------------------------------------------------------------------------------------------
Tour_Id:			17
No_of_Customers:		4
No_of_Items:			10
Customer_Sequence:		2 100 26 75 

CustId	Id	TypeId	Rotated	x	y	z	Length	Width	Height	mass	Fragility	LoadBearingStrength
75	153	2	0	0	0	0	26	6	13	378.92	0		16.118114
26	51	8	0	0	6	0	27	13	14	1849.66	0		9.775895
26	52	8	0	0	6	14	27	13	14	1849.66	0		9.775895
26	50	2	0	0	19	0	26	6	13	378.92	0		16.118114
2	6	8	0	27	0	0	27	13	14	1849.66	0		9.775895
2	4	2	0	0	0	13	26	6	13	378.92	0		16.118114
100	200	9	0	27	13	0	32	9	12	535.99	1		1.993981
100	198	2	0	0	19	13	26	6	13	378.92	0		16.118114
2	5	4	0	27	0	14	29	13	14	997.26	0		8.439746
100	199	9	0	27	13	12	32	9	12	535.99	1		1.993981


-------------------------------------------------------------------------------------------------------------------
Tour_Id:			18
No_of_Customers:		6
No_of_Items:			10
Customer_Sequence:		44 47 27 99 74 33 

CustId	Id	TypeId	Rotated	x	y	z	Length	Width	Height	mass	Fragility	LoadBearingStrength
74	152	8	0	0	0	0	27	13	14	1849.66	0		9.775895
33	67	7	0	0	13	0	34	11	8	2723.69	0		122.834895
99	197	4	0	0	0	14	29	13	14	997.26	0		8.439746
99	196	1	0	0	13	8	19	10	9	281.14	0		21.591519
27	53	3	0	0	13	17	23	9	7	694.24	0		31.361641
27	55	8	0	29	0	0	27	13	14	1849.66	0		9.775895
27	54	6	0	0	13	24	18	12	6	1109.32	1		49.298037
99	195	1	0	19	13	8	19	10	9	281.14	0		21.591519
47	93	1	0	23	13	17	19	10	9	281.14	0		21.591519
44	86	4	0	29	0	14	29	13	14	997.26	0		8.439746


-------------------------------------------------------------------------------------------------------------------
Tour_Id:			19
No_of_Customers:		5
No_of_Items:			12
Customer_Sequence:		8 19 90 65 28 

CustId	Id	TypeId	Rotated	x	y	z	Length	Width	Height	mass	Fragility	LoadBearingStrength
65	132	8	0	0	0	0	27	13	14	1849.66	0		9.775895
28	57	9	0	0	13	0	32	9	12	535.99	1		1.993981
19	36	7	0	0	0	14	34	11	8	2723.69	0		122.834895
65	133	9	0	0	13	12	32	9	12	535.99	1		1.993981
90	178	4	0	27	0	0	29	13	14	997.26	0		8.439746
28	56	3	0	32	13	0	23	9	7	694.24	0		31.361641
8	16	10	0	32	13	7	27	8	11	1144.43	0		67.605133
19	34	2	0	34	0	14	26	6	13	378.92	0		16.118114
8	15	2	0	34	6	14	26	6	13	378.92	0		16.118114
8	17	10	0	32	13	18	27	8	11	1144.43	0		67.605133
90	179	6	0	0	13	24	18	12	6	1109.32	1		49.298037
19	35	5	0	0	0	22	28	9	7	952.87	0		176.869123


