Name:				192_n100_m200_bt100
Problem:			3L-VRPTW
Number_of_used_Vehicles:	19
Total_Travel_Distance:		1569.76
Calculation_Time:		798.90
Total_Iterations:		19671
ConstraintSet:			P1

-------------------------------------------------------------------------------------------------------------------
Tour_Id:			1
No_of_Customers:		6
No_of_Items:			12
Customer_Sequence:		8 24 6 41 95 36 

CustId	Id	TypeId	Rotated	x	y	z	Length	Width	Height	mass	Fragility	LoadBearingStrength
36	75	89	0	0	0	0	21	14	10	572.86	0		27.230047
36	74	30	0	0	14	0	13	10	9	692.49	0		38.118781
95	186	38	0	0	0	10	17	12	12	1788.61	0		51.480845
95	187	47	0	21	0	0	32	14	12	1451.53	0		13.625381
95	185	13	0	13	14	0	18	9	9	172.10	0		12.731431
41	86	77	0	0	14	9	29	9	11	1429.47	0		69.501825
41	85	14	0	0	14	20	32	9	8	1708.31	0		82.287387
6	11	93	0	17	0	12	20	13	10	406.13	0		12.000481
6	10	1	0	0	0	22	31	7	7	522.85	0		28.715248
24	47	62	0	32	14	0	26	11	10	339.19	0		27.860186
24	48	82	0	32	14	10	19	9	11	901.93	0		86.313349
8	14	82	0	37	0	12	19	9	11	901.93	0		86.313349


-------------------------------------------------------------------------------------------------------------------
Tour_Id:			2
No_of_Customers:		8
No_of_Items:			13
Customer_Sequence:		1 28 43 86 55 71 16 56 

CustId	Id	TypeId	Rotated	x	y	z	Length	Width	Height	mass	Fragility	LoadBearingStrength
56	108	39	0	0	0	0	29	13	9	1191.49	0		50.806645
71	136	7	0	0	13	0	29	8	12	536.10	0		38.599472
56	110	94	0	0	0	9	15	5	13	464.71	0		42.412454
56	109	86	0	29	0	0	24	11	8	372.68	0		64.662142
16	33	66	0	0	5	9	30	6	8	1661.16	0		46.101179
71	137	59	0	0	13	12	16	10	12	961.01	0		131.311374
55	107	15	0	0	5	17	24	5	8	697.05	0		62.089529
28	59	22	0	16	11	12	13	9	9	820.14	0		66.742605
43	88	8	0	29	11	0	18	9	7	607.96	0		23.457401
28	58	4	0	30	0	8	26	9	10	487.58	0		49.940105
86	167	35	0	29	20	0	25	5	6	494.80	1		13.014707
1	2	71	0	29	11	7	18	11	10	435.10	0		17.820704
1	1	70	1	54	9	0	16	6	14	485.68	0		118.050919


-------------------------------------------------------------------------------------------------------------------
Tour_Id:			3
No_of_Customers:		5
No_of_Items:			10
Customer_Sequence:		59 51 78 76 72 

CustId	Id	TypeId	Rotated	x	y	z	Length	Width	Height	mass	Fragility	LoadBearingStrength
72	138	25	0	0	0	0	35	14	9	2487.17	0		38.711869
78	149	6	0	0	14	0	32	5	10	1715.14	0		75.772994
76	144	36	0	0	19	0	22	6	13	325.12	0		16.476502
76	146	90	0	0	0	9	17	11	14	848.09	0		70.499596
76	145	38	0	17	0	9	17	12	12	1788.61	0		51.480845
78	150	30	0	17	0	21	13	10	9	692.49	0		38.118781
51	101	34	0	35	0	0	24	14	13	521.72	1		5.128198
59	114	51	0	32	14	0	27	9	9	1639.24	0		99.634866
59	115	51	0	32	14	9	27	9	9	1639.24	0		99.634866
59	113	2	0	34	0	13	19	12	12	314.84	1		2.374129


-------------------------------------------------------------------------------------------------------------------
Tour_Id:			4
No_of_Customers:		5
No_of_Items:			9
Customer_Sequence:		85 22 66 75 34 

CustId	Id	TypeId	Rotated	x	y	z	Length	Width	Height	mass	Fragility	LoadBearingStrength
34	70	17	0	0	0	0	29	8	14	1504.43	0		68.075478
75	143	72	0	0	8	0	13	7	6	398.70	0		94.030590
66	129	74	0	13	8	0	17	14	9	1045.92	0		27.128709
22	43	42	0	0	0	14	29	9	14	2952.67	0		45.909930
22	44	89	0	30	0	0	21	14	10	572.86	0		27.230047
22	42	5	0	29	0	10	18	12	8	511.24	0		14.681043
85	165	19	0	30	14	0	28	6	13	1107.91	0		19.848059
85	166	99	0	29	0	18	20	5	8	131.45	0		13.855643
85	164	18	0	30	20	0	28	5	13	599.10	1		7.435880


-------------------------------------------------------------------------------------------------------------------
Tour_Id:			5
No_of_Customers:		5
No_of_Items:			10
Customer_Sequence:		99 57 19 67 9 

CustId	Id	TypeId	Rotated	x	y	z	Length	Width	Height	mass	Fragility	LoadBearingStrength
9	16	34	0	0	0	0	24	14	13	521.72	1		5.128198
9	15	25	0	24	0	0	35	14	9	2487.17	0		38.711869
67	132	11	0	0	14	0	16	10	6	222.36	1		13.920250
67	131	11	0	0	14	6	16	10	6	222.36	1		13.920250
67	130	4	0	16	14	0	26	9	10	487.58	0		49.940105
19	37	11	0	0	14	12	16	10	6	222.36	1		13.920250
57	111	98	0	0	0	13	25	9	10	384.82	1		26.183097
99	197	68	0	16	14	10	34	8	14	1752.78	0		31.815907
99	199	87	0	25	0	9	21	12	11	3006.29	0		62.791675
99	198	86	0	25	0	20	24	11	8	372.68	0		64.662142


-------------------------------------------------------------------------------------------------------------------
Tour_Id:			6
No_of_Customers:		6
No_of_Items:			10
Customer_Sequence:		14 53 69 15 33 70 

CustId	Id	TypeId	Rotated	x	y	z	Length	Width	Height	mass	Fragility	LoadBearingStrength
33	69	34	0	0	0	0	24	14	13	521.72	1		5.128198
70	135	58	0	0	14	0	26	7	9	526.34	0		84.440708
33	68	31	0	24	0	0	13	11	6	458.10	0		31.523198
53	103	24	0	0	14	9	15	7	14	667.53	1		47.713276
15	32	76	0	0	0	13	28	7	11	711.47	1		3.657507
69	134	88	0	37	0	0	15	12	6	705.11	0		41.589293
15	31	51	0	26	12	0	27	9	9	1639.24	0		99.634866
14	28	68	0	15	14	9	34	8	14	1752.78	0		31.815907
14	29	78	0	28	0	6	25	9	11	426.69	0		9.612077
14	30	99	0	28	0	17	20	5	8	131.45	0		13.855643


-------------------------------------------------------------------------------------------------------------------
Tour_Id:			7
No_of_Customers:		3
No_of_Items:			8
Customer_Sequence:		13 96 64 

CustId	Id	TypeId	Rotated	x	y	z	Length	Width	Height	mass	Fragility	LoadBearingStrength
64	125	42	0	0	0	0	29	9	14	2952.67	0		45.909930
64	126	88	0	0	9	0	15	12	6	705.11	0		41.589293
96	190	87	0	0	0	14	21	12	11	3006.29	0		62.791675
96	189	85	0	15	9	0	34	7	11	641.06	0		18.935487
96	188	27	0	15	16	0	23	8	8	1523.43	0		76.605034
13	25	3	0	29	0	0	29	9	6	749.40	0		38.975348
13	26	43	0	15	16	8	15	6	8	581.35	0		64.925881
13	27	52	0	29	0	6	27	7	9	726.72	1		15.250575


-------------------------------------------------------------------------------------------------------------------
Tour_Id:			8
No_of_Customers:		5
No_of_Items:			11
Customer_Sequence:		5 25 81 17 39 

CustId	Id	TypeId	Rotated	x	y	z	Length	Width	Height	mass	Fragility	LoadBearingStrength
39	81	56	0	0	0	0	17	9	11	895.77	0		122.836699
39	80	34	0	0	9	0	24	14	13	521.72	1		5.128198
17	34	79	0	24	0	0	14	14	6	422.53	0		18.420782
81	157	85	0	24	14	0	34	7	11	641.06	0		18.935487
81	156	82	0	0	0	11	19	9	11	901.93	0		86.313349
81	155	34	0	0	9	13	24	14	13	521.72	1		5.128198
25	50	64	0	24	0	6	18	9	13	694.79	0		28.100417
25	51	71	0	42	0	0	18	11	10	435.10	0		17.820704
25	49	58	0	24	14	11	26	7	9	526.34	0		84.440708
5	8	10	0	24	0	19	16	5	11	283.81	1		10.945019
5	9	35	0	24	14	20	25	5	6	494.80	1		13.014707


-------------------------------------------------------------------------------------------------------------------
Tour_Id:			9
No_of_Customers:		7
No_of_Items:			12
Customer_Sequence:		30 42 2 50 89 88 68 

CustId	Id	TypeId	Rotated	x	y	z	Length	Width	Height	mass	Fragility	LoadBearingStrength
89	172	17	0	0	0	0	29	8	14	1504.43	0		68.075478
88	171	97	0	0	8	0	23	8	7	1033.30	0		101.147540
89	173	59	0	0	8	7	16	10	12	961.01	0		131.311374
68	133	61	0	0	18	0	28	6	10	1343.62	0		76.872818
88	170	29	0	0	18	10	18	6	7	144.90	0		21.476056
50	100	89	0	28	8	0	21	14	10	572.86	0		27.230047
2	5	86	0	28	8	10	24	11	8	372.68	0		64.662142
42	87	44	0	28	8	18	21	14	12	692.11	0		14.335511
2	3	13	0	0	8	19	18	9	9	172.10	0		12.731431
2	4	26	0	0	0	14	32	8	13	385.70	1		2.667082
50	99	37	0	0	18	17	17	7	13	846.65	0		62.206963
30	63	19	0	32	0	0	28	6	13	1107.91	0		19.848059


-------------------------------------------------------------------------------------------------------------------
Tour_Id:			10
No_of_Customers:		6
No_of_Items:			15
Customer_Sequence:		38 27 12 18 54 23 

CustId	Id	TypeId	Rotated	x	y	z	Length	Width	Height	mass	Fragility	LoadBearingStrength
23	45	24	0	0	0	0	15	7	14	667.53	1		47.713276
54	106	84	0	0	7	0	34	8	8	1140.21	1		12.331301
18	35	42	0	0	15	0	29	9	14	2952.67	0		45.909930
23	46	58	0	15	0	0	26	7	9	526.34	0		84.440708
54	104	24	0	0	7	8	15	7	14	667.53	1		47.713276
54	105	79	0	41	0	0	14	14	6	422.53	0		18.420782
18	36	43	0	0	15	14	15	6	8	581.35	0		64.925881
12	22	7	0	15	0	9	29	8	12	536.10	0		38.599472
12	23	16	0	15	8	8	24	6	8	173.80	1		13.596903
12	24	96	0	15	15	14	12	9	10	263.69	1		7.143243
27	55	53	0	34	14	0	24	11	11	1397.87	0		31.441453
27	56	64	0	34	14	11	18	9	13	694.79	0		28.100417
27	57	79	0	44	0	6	14	14	6	422.53	0		18.420782
38	78	8	0	15	0	21	18	9	7	607.96	0		23.457401
38	79	43	0	44	0	12	15	6	8	581.35	0		64.925881


-------------------------------------------------------------------------------------------------------------------
Tour_Id:			11
No_of_Customers:		5
No_of_Items:			11
Customer_Sequence:		26 77 91 62 82 

CustId	Id	TypeId	Rotated	x	y	z	Length	Width	Height	mass	Fragility	LoadBearingStrength
62	122	68	0	0	0	0	34	8	14	1752.78	0		31.815907
91	176	53	0	0	8	0	24	11	11	1397.87	0		31.441453
62	121	45	0	0	0	14	20	8	12	258.98	0		6.384366
82	158	70	0	0	19	0	16	6	14	485.68	0		118.050919
77	148	97	0	0	8	11	23	8	7	1033.30	0		101.147540
91	175	50	0	20	0	14	12	8	14	1430.94	0		103.778530
77	147	55	0	0	8	18	16	9	10	215.22	0		5.825307
62	120	24	0	34	0	0	15	7	14	667.53	1		47.713276
26	53	85	0	24	8	0	34	7	11	641.06	0		18.935487
26	54	92	0	16	19	0	26	6	11	2309.01	0		111.851177
26	52	12	0	23	8	11	27	9	14	1014.39	1		20.514081


-------------------------------------------------------------------------------------------------------------------
Tour_Id:			12
No_of_Customers:		7
No_of_Items:			16
Customer_Sequence:		79 65 92 44 35 80 97 

CustId	Id	TypeId	Rotated	x	y	z	Length	Width	Height	mass	Fragility	LoadBearingStrength
97	193	58	0	0	0	0	26	7	9	526.34	0		84.440708
97	191	15	0	0	7	0	24	5	8	697.05	0		62.089529
35	73	86	0	0	12	0	24	11	8	372.68	0		64.662142
80	154	10	0	0	7	8	16	5	11	283.81	1		10.945019
44	89	86	0	0	12	8	24	11	8	372.68	0		64.662142
97	192	48	0	26	0	0	14	10	6	542.22	0		84.846633
44	90	89	0	24	10	0	21	14	10	572.86	0		27.230047
35	71	18	0	0	0	9	28	5	13	599.10	1		7.435880
35	72	49	0	28	0	6	14	10	12	621.29	0		19.142994
92	177	2	0	0	12	16	19	12	12	314.84	1		2.374129
79	152	9	0	24	10	10	18	12	6	568.14	0		23.810252
65	128	37	0	42	0	0	17	7	13	846.65	0		62.206963
92	178	79	0	45	10	0	14	14	6	422.53	0		18.420782
79	151	7	0	19	10	16	29	8	12	536.10	0		38.599472
65	127	35	0	0	0	22	25	5	6	494.80	1		13.014707
79	153	9	1	45	7	6	18	12	6	568.14	0		23.810252


-------------------------------------------------------------------------------------------------------------------
Tour_Id:			13
No_of_Customers:		3
No_of_Items:			7
Customer_Sequence:		4 60 84 

CustId	Id	TypeId	Rotated	x	y	z	Length	Width	Height	mass	Fragility	LoadBearingStrength
84	161	67	0	0	0	0	31	11	13	5560.67	0		276.986781
84	163	91	0	0	11	0	27	7	9	1465.22	0		61.991864
84	162	75	0	0	11	9	15	9	8	1619.86	0		350.207010
60	116	32	0	0	0	13	28	9	11	1571.57	0		28.893664
60	117	70	0	15	11	9	16	6	14	485.68	0		118.050919
60	118	79	0	27	11	0	14	14	6	422.53	0		18.420782
4	7	86	0	31	0	0	24	11	8	372.68	0		64.662142


-------------------------------------------------------------------------------------------------------------------
Tour_Id:			14
No_of_Customers:		6
No_of_Items:			10
Customer_Sequence:		46 83 45 94 52 73 

CustId	Id	TypeId	Rotated	x	y	z	Length	Width	Height	mass	Fragility	LoadBearingStrength
73	139	53	0	0	0	0	24	11	11	1397.87	0		31.441453
52	102	64	0	0	11	0	18	9	13	694.79	0		28.100417
94	182	26	0	0	0	11	32	8	13	385.70	1		2.667082
94	184	69	0	0	11	13	12	11	8	613.14	0		37.431371
94	183	64	0	18	11	0	18	9	13	694.79	0		28.100417
45	91	33	0	12	20	0	27	5	12	972.14	0		86.667300
46	93	7	0	12	11	13	29	8	12	536.10	0		38.599472
83	159	87	0	36	0	0	21	12	11	3006.29	0		62.791675
83	160	91	0	32	0	11	27	7	9	1465.22	0		61.991864
45	92	37	0	36	12	0	17	7	13	846.65	0		62.206963


-------------------------------------------------------------------------------------------------------------------
Tour_Id:			15
No_of_Customers:		3
No_of_Items:			7
Customer_Sequence:		10 3 98 

CustId	Id	TypeId	Rotated	x	y	z	Length	Width	Height	mass	Fragility	LoadBearingStrength
98	194	4	0	0	0	0	26	9	10	487.58	0		49.940105
98	196	87	0	0	9	0	21	12	11	3006.29	0		62.791675
98	195	19	0	0	0	10	28	6	13	1107.91	0		19.848059
3	6	98	0	0	9	11	25	9	10	384.82	1		26.183097
10	17	25	0	25	9	0	35	14	9	2487.17	0		38.711869
10	18	40	0	25	9	9	16	11	7	835.22	0		136.728547
10	19	43	0	25	9	16	15	6	8	581.35	0		64.925881


-------------------------------------------------------------------------------------------------------------------
Tour_Id:			16
No_of_Customers:		6
No_of_Items:			14
Customer_Sequence:		63 48 93 74 21 20 

CustId	Id	TypeId	Rotated	x	y	z	Length	Width	Height	mass	Fragility	LoadBearingStrength
20	38	13	0	0	0	0	18	9	9	172.10	0		12.731431
21	41	44	0	0	9	0	21	14	12	692.11	0		14.335511
21	39	7	0	18	0	0	29	8	12	536.10	0		38.599472
93	179	9	0	0	9	12	18	12	6	568.14	0		23.810252
74	141	57	0	18	0	12	25	7	13	877.70	0		18.340583
74	140	39	0	21	9	0	29	13	9	1191.49	0		50.806645
93	180	43	0	0	9	18	15	6	8	581.35	0		64.925881
48	96	22	0	21	8	9	13	9	9	820.14	0		66.742605
74	142	99	1	50	0	0	20	5	8	131.45	0		13.855643
93	181	95	0	0	15	18	12	5	10	298.17	0		24.356944
48	97	33	0	21	17	9	27	5	12	972.14	0		86.667300
21	40	24	0	0	0	9	15	7	14	667.53	1		47.713276
63	123	36	1	50	0	8	22	6	13	325.12	0		16.476502
63	124	43	0	15	9	18	15	6	8	581.35	0		64.925881


-------------------------------------------------------------------------------------------------------------------
Tour_Id:			17
No_of_Customers:		5
No_of_Items:			12
Customer_Sequence:		37 29 7 47 40 

CustId	Id	TypeId	Rotated	x	y	z	Length	Width	Height	mass	Fragility	LoadBearingStrength
40	84	89	0	0	0	0	21	14	10	572.86	0		27.230047
47	95	68	0	0	14	0	34	8	14	1752.78	0		31.815907
40	82	12	0	0	0	10	27	9	14	1014.39	1		20.514081
47	94	64	0	0	14	14	18	9	13	694.79	0		28.100417
40	83	88	0	21	0	0	15	12	6	705.11	0		41.589293
7	12	33	0	0	9	10	27	5	12	972.14	0		86.667300
7	13	88	0	36	0	0	15	12	6	705.11	0		41.589293
29	61	53	0	27	0	6	24	11	11	1397.87	0		31.441453
29	62	90	0	34	12	0	17	11	14	848.09	0		70.499596
37	76	59	0	18	14	14	16	10	12	961.01	0		131.311374
37	77	62	0	27	0	17	26	11	10	339.19	0		27.860186
29	60	36	1	51	0	0	22	6	13	325.12	0		16.476502


-------------------------------------------------------------------------------------------------------------------
Tour_Id:			18
No_of_Customers:		7
No_of_Items:			10
Customer_Sequence:		31 32 100 58 87 49 61 

CustId	Id	TypeId	Rotated	x	y	z	Length	Width	Height	mass	Fragility	LoadBearingStrength
61	119	44	0	0	0	0	21	14	12	692.11	0		14.335511
49	98	75	0	0	14	0	15	9	8	1619.86	0		350.207010
87	169	87	0	0	0	12	21	12	11	3006.29	0		62.791675
87	168	28	0	0	14	8	12	11	14	2321.61	0		91.390434
58	112	20	0	21	0	0	33	13	7	1140.09	0		67.048501
100	200	4	0	15	14	0	26	9	10	487.58	0		49.940105
32	66	46	0	12	14	10	20	8	11	1405.57	0		51.371965
32	67	58	0	12	14	21	26	7	9	526.34	0		84.440708
32	65	10	0	21	0	7	16	5	11	283.81	1		10.945019
31	64	26	0	21	5	7	32	8	13	385.70	1		2.667082


-------------------------------------------------------------------------------------------------------------------
Tour_Id:			19
No_of_Customers:		2
No_of_Items:			3
Customer_Sequence:		11 90 

CustId	Id	TypeId	Rotated	x	y	z	Length	Width	Height	mass	Fragility	LoadBearingStrength
90	174	64	0	0	0	0	18	9	13	694.79	0		28.100417
11	21	15	0	0	9	0	24	5	8	697.05	0		62.089529
11	20	12	0	0	14	0	27	9	14	1014.39	1		20.514081


