Name:				195_n100_m200_bt100
Problem:			3L-VRPTW
Number_of_used_Vehicles:	17
Total_Travel_Distance:		1476.62
Calculation_Time:		3600.00
Total_Iterations:		19108
ConstraintSet:			P1

-------------------------------------------------------------------------------------------------------------------
Tour_Id:			1
No_of_Customers:		3
No_of_Items:			8
Customer_Sequence:		12 75 3 

CustId	Id	TypeId	Rotated	x	y	z	Length	Width	Height	mass	Fragility	LoadBearingStrength
3	7	71	0	0	0	0	14	14	10	218.35	0		54.361285
3	8	71	0	0	0	10	14	14	10	218.35	0		54.361285
3	6	64	0	0	14	0	14	9	11	637.74	1		17.149385
75	147	43	0	14	0	0	35	8	6	261.06	0		12.202096
75	148	65	0	14	8	0	29	11	11	1721.94	1		8.486399
12	26	43	0	14	0	6	35	8	6	261.06	0		12.202096
12	27	86	0	14	0	12	19	7	11	1136.43	0		82.389963
12	25	7	0	14	19	0	29	5	9	182.71	0		25.362102


-------------------------------------------------------------------------------------------------------------------
Tour_Id:			2
No_of_Customers:		9
No_of_Items:			16
Customer_Sequence:		36 33 55 69 99 58 34 59 18 

CustId	Id	TypeId	Rotated	x	y	z	Length	Width	Height	mass	Fragility	LoadBearingStrength
18	37	40	0	0	0	0	24	13	9	677.02	0		40.574120
18	38	100	0	0	13	0	30	5	7	620.79	0		42.060628
59	114	45	0	0	18	0	35	6	10	1175.46	0		72.751799
59	115	49	0	0	13	7	18	5	6	204.90	0		25.971137
34	68	82	0	30	0	0	25	14	7	1549.74	0		42.730630
34	67	63	0	0	0	9	22	11	7	846.65	0		87.173380
58	113	87	0	0	18	10	20	6	8	192.35	0		8.332567
99	199	60	0	0	0	16	16	7	13	621.98	1		46.195522
69	136	94	0	0	13	13	23	5	13	421.81	0		34.680894
69	135	49	0	0	7	16	18	5	6	204.90	0		25.971137
55	109	83	0	24	0	7	32	9	7	1069.99	0		189.878831
55	108	60	0	20	18	10	16	7	13	621.98	1		46.195522
33	65	55	0	24	0	14	32	12	9	1700.70	0		14.225458
33	66	97	0	36	14	0	17	9	14	946.87	0		40.813218
33	64	1	0	24	0	23	28	9	7	508.27	0		11.264142
36	70	46	0	36	12	14	17	12	13	776.91	0		68.289170


-------------------------------------------------------------------------------------------------------------------
Tour_Id:			3
No_of_Customers:		5
No_of_Items:			11
Customer_Sequence:		82 70 67 7 74 

CustId	Id	TypeId	Rotated	x	y	z	Length	Width	Height	mass	Fragility	LoadBearingStrength
74	145	71	0	0	0	0	14	14	10	218.35	0		54.361285
74	144	55	0	14	0	0	32	12	9	1700.70	0		14.225458
74	146	84	0	14	12	0	32	12	11	1989.80	0		37.329093
67	130	8	0	14	0	9	32	12	14	1058.15	0		10.628479
7	17	48	0	0	0	10	14	10	11	694.94	0		116.645138
7	16	30	0	14	12	11	28	9	11	868.52	0		12.531396
70	137	1	0	14	12	22	28	9	7	508.27	0		11.264142
67	131	20	1	46	0	0	24	14	8	723.11	0		25.341501
70	138	38	1	46	0	8	24	13	14	2429.33	1		7.349075
82	159	25	0	14	0	23	15	6	6	174.22	0		14.889062
82	160	32	1	46	0	22	25	8	8	1636.21	1		14.062215


-------------------------------------------------------------------------------------------------------------------
Tour_Id:			4
No_of_Customers:		7
No_of_Items:			13
Customer_Sequence:		47 71 32 93 92 14 87 

CustId	Id	TypeId	Rotated	x	y	z	Length	Width	Height	mass	Fragility	LoadBearingStrength
87	171	46	0	0	0	0	17	12	13	776.91	0		68.289170
14	31	46	0	0	12	0	17	12	13	776.91	0		68.289170
87	172	96	0	0	0	13	12	5	13	389.98	0		193.339325
92	182	44	0	0	5	13	15	8	9	508.37	0		43.310972
92	183	68	0	17	0	0	17	14	8	702.61	0		24.167418
14	30	21	0	17	14	0	33	11	7	1135.53	0		18.822645
93	184	46	0	0	13	13	17	12	13	776.91	0		68.289170
93	185	71	0	17	0	8	14	14	10	218.35	0		54.361285
32	63	1	0	17	14	7	28	9	7	508.27	0		11.264142
71	140	71	0	17	0	18	14	14	10	218.35	0		54.361285
71	139	7	0	17	14	14	29	5	9	182.71	0		25.362102
47	95	75	0	34	0	0	26	11	14	967.86	0		23.497815
47	94	26	0	31	0	14	13	11	13	596.26	0		18.120057


-------------------------------------------------------------------------------------------------------------------
Tour_Id:			5
No_of_Customers:		4
No_of_Items:			11
Customer_Sequence:		40 64 60 88 

CustId	Id	TypeId	Rotated	x	y	z	Length	Width	Height	mass	Fragility	LoadBearingStrength
88	175	98	0	0	0	0	35	14	13	2994.82	0		111.099809
88	174	69	0	0	14	0	12	6	13	204.86	0		17.962198
64	122	27	0	0	0	13	23	14	10	661.15	0		23.646005
64	121	15	0	0	0	23	17	11	7	485.36	0		34.877605
88	173	35	0	12	14	0	22	10	7	655.16	0		23.590251
60	116	16	0	12	14	7	15	9	6	431.38	0		29.284603
64	123	28	0	0	14	13	26	7	9	593.61	0		31.794823
60	117	87	0	34	14	0	20	6	8	192.35	0		8.332567
40	80	92	0	35	0	0	21	13	13	1712.69	0		177.718375
40	78	36	0	23	0	13	31	13	7	471.52	0		11.764760
40	79	45	0	23	0	20	35	6	10	1175.46	0		72.751799


-------------------------------------------------------------------------------------------------------------------
Tour_Id:			6
No_of_Customers:		7
No_of_Items:			12
Customer_Sequence:		54 56 97 4 65 35 22 

CustId	Id	TypeId	Rotated	x	y	z	Length	Width	Height	mass	Fragility	LoadBearingStrength
22	44	8	0	0	0	0	32	12	14	1058.15	0		10.628479
35	69	73	0	0	12	0	31	12	7	819.73	1		22.520966
65	124	29	0	0	12	7	30	12	8	575.19	1		3.202267
97	196	79	0	0	0	14	26	11	13	864.36	0		9.743221
65	126	99	0	0	12	15	14	6	14	308.72	1		3.660134
4	9	5	0	31	12	0	29	7	14	285.22	0		17.098612
4	10	35	0	32	0	0	22	10	7	655.16	0		23.590251
65	125	99	0	0	18	15	14	6	14	308.72	1		3.660134
56	110	63	0	32	0	7	22	11	7	846.65	0		87.173380
97	194	10	0	31	19	0	16	6	8	282.10	0		47.645227
97	195	39	0	31	12	14	21	9	8	551.36	0		16.017650
54	107	5	0	26	0	14	29	7	14	285.22	0		17.098612


-------------------------------------------------------------------------------------------------------------------
Tour_Id:			7
No_of_Customers:		7
No_of_Items:			12
Customer_Sequence:		49 6 13 10 9 73 72 

CustId	Id	TypeId	Rotated	x	y	z	Length	Width	Height	mass	Fragility	LoadBearingStrength
72	141	50	0	0	0	0	25	5	14	448.33	0		39.630092
73	143	86	0	0	5	0	19	7	11	1136.43	0		82.389963
73	142	22	0	0	12	0	14	11	13	670.60	0		13.512891
9	20	30	0	14	12	0	28	9	11	868.52	0		12.531396
10	21	4	0	25	0	0	35	12	11	1012.60	0		31.626084
10	22	5	0	0	5	11	29	7	14	285.22	0		17.098612
10	23	100	0	0	0	14	30	5	7	620.79	0		42.060628
13	28	46	0	0	12	13	17	12	13	776.91	0		68.289170
13	29	51	0	17	12	11	20	8	9	578.68	0		52.933432
6	15	59	0	17	12	20	25	7	10	1259.14	0		67.577702
6	14	57	0	29	5	11	18	6	7	265.01	0		24.943304
49	99	42	0	42	12	0	14	13	7	1339.61	0		153.893498


-------------------------------------------------------------------------------------------------------------------
Tour_Id:			8
No_of_Customers:		6
No_of_Items:			11
Customer_Sequence:		8 85 84 15 23 86 

CustId	Id	TypeId	Rotated	x	y	z	Length	Width	Height	mass	Fragility	LoadBearingStrength
86	170	40	0	0	0	0	24	13	9	677.02	0		40.574120
23	45	46	0	0	13	0	17	12	13	776.91	0		68.289170
84	164	4	0	17	13	0	35	12	11	1012.60	0		31.626084
84	165	31	0	0	0	9	20	10	6	355.03	0		11.867014
84	166	40	0	24	0	0	24	13	9	677.02	0		40.574120
15	32	26	0	0	13	13	13	11	13	596.26	0		18.120057
85	169	100	0	17	13	11	30	5	7	620.79	0		42.060628
85	167	70	0	0	0	15	20	10	14	955.14	1		25.675352
85	168	73	0	20	0	9	31	12	7	819.73	1		22.520966
8	18	5	0	17	18	11	29	7	14	285.22	0		17.098612
8	19	61	1	52	0	0	19	6	9	547.30	0		94.505144


-------------------------------------------------------------------------------------------------------------------
Tour_Id:			9
No_of_Customers:		7
No_of_Items:			14
Customer_Sequence:		78 45 77 95 89 28 98 

CustId	Id	TypeId	Rotated	x	y	z	Length	Width	Height	mass	Fragility	LoadBearingStrength
98	197	93	0	0	0	0	32	13	10	1528.52	0		24.761538
28	55	21	0	0	13	0	33	11	7	1135.53	0		18.822645
98	198	96	0	0	0	10	12	5	13	389.98	0		193.339325
28	54	12	0	0	13	7	14	12	14	498.09	0		18.652917
28	56	43	0	0	5	10	35	8	6	261.06	0		12.202096
89	177	46	0	14	13	7	17	12	13	776.91	0		68.289170
89	176	17	0	35	0	0	21	14	9	819.34	0		19.099105
95	190	66	0	35	0	9	22	13	11	608.04	0		30.743430
95	189	54	0	0	5	16	31	7	11	469.33	0		11.744759
77	150	28	0	33	14	0	26	7	9	593.61	0		31.794823
45	90	62	0	0	13	21	18	12	8	221.63	0		9.902478
45	89	61	0	31	13	9	19	6	9	547.30	0		94.505144
45	88	23	0	18	12	20	13	8	9	200.44	0		7.452332
78	151	87	0	31	13	18	20	6	8	192.35	0		8.332567


-------------------------------------------------------------------------------------------------------------------
Tour_Id:			10
No_of_Customers:		5
No_of_Items:			10
Customer_Sequence:		61 57 91 38 83 

CustId	Id	TypeId	Rotated	x	y	z	Length	Width	Height	mass	Fragility	LoadBearingStrength
83	163	75	0	0	0	0	26	11	14	967.86	0		23.497815
83	162	62	0	0	11	0	18	12	8	221.63	0		9.902478
38	74	92	0	0	11	8	21	13	13	1712.69	0		177.718375
38	73	58	0	0	0	14	28	10	13	371.54	0		23.386170
83	161	9	0	26	0	0	21	10	10	841.36	0		24.588028
38	75	95	0	18	11	0	29	12	8	501.32	0		10.794458
91	181	34	0	21	11	8	27	14	10	417.63	1		1.824075
57	111	26	0	47	0	0	13	11	13	596.26	0		18.120057
57	112	72	0	0	11	21	21	7	8	508.47	0		79.119299
61	118	65	0	21	10	18	29	11	11	1721.94	1		8.486399


-------------------------------------------------------------------------------------------------------------------
Tour_Id:			11
No_of_Customers:		5
No_of_Items:			10
Customer_Sequence:		29 50 31 53 62 

CustId	Id	TypeId	Rotated	x	y	z	Length	Width	Height	mass	Fragility	LoadBearingStrength
53	106	58	0	0	0	0	28	10	13	371.54	0		23.386170
62	119	52	0	0	10	0	20	14	13	1096	0		19.950952
53	104	12	0	0	0	13	14	12	14	498.09	0		18.652917
31	60	4	0	20	10	0	35	12	11	1012.60	0		31.626084
31	62	79	0	0	12	13	26	11	13	864.36	0		9.743221
29	58	68	0	26	10	11	17	14	8	702.61	0		24.167418
31	61	35	0	28	0	0	22	10	7	655.16	0		23.590251
50	100	35	0	28	0	7	22	10	7	655.16	0		23.590251
53	105	48	0	14	0	13	14	10	11	694.94	0		116.645138
29	57	1	0	28	0	14	28	9	7	508.27	0		11.264142


-------------------------------------------------------------------------------------------------------------------
Tour_Id:			12
No_of_Customers:		7
No_of_Items:			13
Customer_Sequence:		100 11 25 1 96 46 21 

CustId	Id	TypeId	Rotated	x	y	z	Length	Width	Height	mass	Fragility	LoadBearingStrength
21	43	82	0	0	0	0	25	14	7	1549.74	0		42.730630
21	42	81	0	0	14	0	29	11	9	1397.22	1		16.838337
1	1	47	0	25	0	0	34	7	10	251.11	0		5.395735
46	93	85	0	0	0	7	15	12	8	326	0		14.616707
46	91	6	0	0	14	9	28	11	6	515.78	1		7.167267
96	193	91	0	25	7	0	21	7	10	355.54	0		44.071118
96	192	87	0	0	0	15	20	6	8	192.35	0		8.332567
96	191	49	0	0	6	15	18	5	6	204.90	0		25.971137
1	2	84	0	25	0	10	32	12	11	1989.80	0		37.329093
46	92	9	0	29	14	0	21	10	10	841.36	0		24.588028
25	49	99	0	0	14	15	14	6	14	308.72	1		3.660134
11	24	74	0	28	12	10	24	12	10	1320.34	1		10.319804
100	200	68	0	25	0	21	17	14	8	702.61	0		24.167418


-------------------------------------------------------------------------------------------------------------------
Tour_Id:			13
No_of_Customers:		4
No_of_Items:			11
Customer_Sequence:		48 42 79 80 

CustId	Id	TypeId	Rotated	x	y	z	Length	Width	Height	mass	Fragility	LoadBearingStrength
80	157	78	0	0	0	0	18	12	11	1273.56	0		60.290154
80	155	11	0	0	12	0	15	12	13	644.64	0		36.862713
80	156	15	0	0	0	11	17	11	7	485.36	0		34.877605
79	154	93	0	15	12	0	32	13	10	1528.52	0		24.761538
79	152	48	0	0	12	13	14	10	11	694.94	0		116.645138
42	82	45	0	15	12	10	35	6	10	1175.46	0		72.751799
42	83	78	0	0	0	18	18	12	11	1273.56	0		60.290154
79	153	56	0	18	0	0	31	10	10	803.99	1		10.229353
48	96	5	0	15	18	10	29	7	14	285.22	0		17.098612
48	97	48	1	50	0	0	14	10	11	694.94	0		116.645138
48	98	96	1	50	0	11	12	5	13	389.98	0		193.339325


-------------------------------------------------------------------------------------------------------------------
Tour_Id:			14
No_of_Customers:		5
No_of_Items:			13
Customer_Sequence:		90 17 5 94 20 

CustId	Id	TypeId	Rotated	x	y	z	Length	Width	Height	mass	Fragility	LoadBearingStrength
20	41	97	0	0	0	0	17	9	14	946.87	0		40.813218
94	188	98	0	0	9	0	35	14	13	2994.82	0		111.099809
5	12	87	0	0	9	13	20	6	8	192.35	0		8.332567
94	187	70	0	0	15	13	20	10	14	955.14	1		25.675352
5	11	5	0	17	0	0	29	7	14	285.22	0		17.098612
17	35	23	0	0	0	14	13	8	9	200.44	0		7.452332
5	13	96	0	20	9	13	12	5	13	389.98	0		193.339325
17	34	5	0	13	0	14	29	7	14	285.22	0		17.098612
94	186	41	0	20	15	13	12	7	14	307.70	0		78.267914
17	36	69	0	35	9	0	12	6	13	204.86	0		17.962198
90	180	92	1	47	0	0	21	13	13	1712.69	0		177.718375
90	178	23	0	32	7	13	13	8	9	200.44	0		7.452332
90	179	88	1	45	7	13	17	14	10	1293.04	1		14.936237


-------------------------------------------------------------------------------------------------------------------
Tour_Id:			15
No_of_Customers:		7
No_of_Items:			12
Customer_Sequence:		39 41 81 2 30 24 76 

CustId	Id	TypeId	Rotated	x	y	z	Length	Width	Height	mass	Fragility	LoadBearingStrength
76	149	17	0	0	0	0	21	14	9	819.34	0		19.099105
24	47	70	0	0	14	0	20	10	14	955.14	1		25.675352
24	46	36	0	21	0	0	31	13	7	471.52	0		11.764760
24	48	88	0	0	0	9	17	14	10	1293.04	1		14.936237
30	59	79	0	20	14	0	26	11	13	864.36	0		9.743221
2	3	36	0	21	0	7	31	13	7	471.52	0		11.764760
2	5	85	0	21	0	14	15	12	8	326	0		14.616707
2	4	42	0	21	0	22	14	13	7	1339.61	0		153.893498
39	77	77	0	20	14	13	34	5	12	1011.36	1		7.422960
41	81	71	0	36	0	14	14	14	10	218.35	0		54.361285
39	76	48	0	46	14	0	14	10	11	694.94	0		116.645138
81	158	64	0	0	14	14	14	9	11	637.74	1		17.149385


-------------------------------------------------------------------------------------------------------------------
Tour_Id:			16
No_of_Customers:		8
No_of_Items:			13
Customer_Sequence:		16 63 44 43 26 66 52 19 

CustId	Id	TypeId	Rotated	x	y	z	Length	Width	Height	mass	Fragility	LoadBearingStrength
19	39	19	0	0	0	0	35	13	13	941.62	0		9.228281
19	40	83	0	0	13	0	32	9	7	1069.99	0		189.878831
52	103	24	0	0	13	7	28	10	11	781.86	0		34.546837
66	129	87	0	0	0	13	20	6	8	192.35	0		8.332567
43	84	47	0	0	6	13	34	7	10	251.11	0		5.395735
66	127	21	0	0	13	18	33	11	7	1135.53	0		18.822645
26	50	25	0	0	0	21	15	6	6	174.22	0		14.889062
66	128	35	0	32	13	0	22	10	7	655.16	0		23.590251
43	85	99	0	20	0	13	14	6	14	308.72	1		3.660134
44	87	66	0	35	0	0	22	13	11	608.04	0		30.743430
44	86	20	0	35	0	11	24	14	8	723.11	0		25.341501
63	120	48	0	33	14	7	14	10	11	694.94	0		116.645138
16	33	66	0	34	0	19	22	13	11	608.04	0		30.743430


-------------------------------------------------------------------------------------------------------------------
Tour_Id:			17
No_of_Customers:		4
No_of_Items:			10
Customer_Sequence:		37 68 51 27 

CustId	Id	TypeId	Rotated	x	y	z	Length	Width	Height	mass	Fragility	LoadBearingStrength
27	53	84	0	0	0	0	32	12	11	1989.80	0		37.329093
27	52	35	0	0	12	0	22	10	7	655.16	0		23.590251
27	51	31	0	0	12	7	20	10	6	355.03	0		11.867014
51	101	4	0	0	0	11	35	12	11	1012.60	0		31.626084
51	102	80	0	0	12	13	24	11	10	549.57	0		9.341820
68	133	84	0	24	12	0	32	12	11	1989.80	0		37.329093
68	134	100	0	0	0	22	30	5	7	620.79	0		42.060628
68	132	6	0	0	12	23	28	11	6	515.78	1		7.167267
37	71	3	0	28	12	11	32	6	10	998.13	0		124.669642
37	72	74	0	35	0	0	24	12	10	1320.34	1		10.319804


