Name:				196_n100_m200_bt3
Problem:			3L-VRPTW
Number_of_used_Vehicles:	13
Total_Travel_Distance:		1316.22
Calculation_Time:		81.03
Total_Iterations:		15127
ConstraintSet:			P1

-------------------------------------------------------------------------------------------------------------------
Tour_Id:			1
No_of_Customers:		8
No_of_Items:			18
Customer_Sequence:		83 79 90 14 31 68 35 99 

CustId	Id	TypeId	Rotated	x	y	z	Length	Width	Height	mass	Fragility	LoadBearingStrength
99	196	3	0	0	0	0	10	5	6	276.12	0		30.030408
99	197	3	0	0	5	0	10	5	6	276.12	0		30.030408
99	195	2	0	0	10	0	12	3	7	160.63	0		22.010597
35	72	3	0	0	13	0	10	5	6	276.12	0		30.030408
35	71	2	0	0	18	0	12	3	7	160.63	0		22.010597
35	70	1	0	0	0	6	13	7	5	640.40	1		51.587458
68	136	1	0	0	0	11	13	7	5	640.40	1		51.587458
68	137	1	0	0	0	16	13	7	5	640.40	1		51.587458
31	62	2	0	0	21	0	12	3	7	160.63	0		22.010597
31	61	1	0	0	18	7	13	7	5	640.40	1		51.587458
14	25	3	0	0	13	6	10	5	6	276.12	0		30.030408
14	26	3	0	0	13	12	10	5	6	276.12	0		30.030408
14	24	1	0	0	18	12	13	7	5	640.40	1		51.587458
90	179	1	0	0	18	17	13	7	5	640.40	1		51.587458
79	157	1	0	0	0	21	13	7	5	640.40	1		51.587458
83	162	2	0	0	7	6	12	3	7	160.63	0		22.010597
83	163	2	0	0	10	7	12	3	7	160.63	0		22.010597
83	161	1	0	0	18	22	13	7	5	640.40	1		51.587458


-------------------------------------------------------------------------------------------------------------------
Tour_Id:			2
No_of_Customers:		8
No_of_Items:			13
Customer_Sequence:		71 16 53 57 44 67 27 87 

CustId	Id	TypeId	Rotated	x	y	z	Length	Width	Height	mass	Fragility	LoadBearingStrength
87	173	1	0	0	0	0	13	7	5	640.40	1		51.587458
27	53	3	0	0	7	0	10	5	6	276.12	0		30.030408
27	52	2	0	0	12	0	12	3	7	160.63	0		22.010597
67	135	1	0	0	15	0	13	7	5	640.40	1		51.587458
44	87	1	0	0	0	5	13	7	5	640.40	1		51.587458
57	113	3	0	0	7	6	10	5	6	276.12	0		30.030408
57	114	3	0	0	7	12	10	5	6	276.12	0		30.030408
57	115	3	0	0	7	18	10	5	6	276.12	0		30.030408
53	107	1	0	0	15	5	13	7	5	640.40	1		51.587458
16	31	3	0	0	7	24	10	5	6	276.12	0		30.030408
16	30	2	0	0	22	0	12	3	7	160.63	0		22.010597
16	29	1	0	0	0	10	13	7	5	640.40	1		51.587458
71	142	1	0	0	15	10	13	7	5	640.40	1		51.587458


-------------------------------------------------------------------------------------------------------------------
Tour_Id:			3
No_of_Customers:		3
No_of_Items:			5
Customer_Sequence:		89 74 15 

CustId	Id	TypeId	Rotated	x	y	z	Length	Width	Height	mass	Fragility	LoadBearingStrength
15	27	1	0	0	0	0	13	7	5	640.40	1		51.587458
15	28	1	0	0	7	0	13	7	5	640.40	1		51.587458
74	146	2	0	0	14	0	12	3	7	160.63	0		22.010597
89	177	1	0	0	17	0	13	7	5	640.40	1		51.587458
89	178	1	0	0	0	5	13	7	5	640.40	1		51.587458


-------------------------------------------------------------------------------------------------------------------
Tour_Id:			4
No_of_Customers:		4
No_of_Items:			8
Customer_Sequence:		19 78 25 2 

CustId	Id	TypeId	Rotated	x	y	z	Length	Width	Height	mass	Fragility	LoadBearingStrength
2	3	1	0	0	0	0	13	7	5	640.40	1		51.587458
25	47	3	0	0	7	0	10	5	6	276.12	0		30.030408
25	48	3	0	0	12	0	10	5	6	276.12	0		30.030408
78	154	2	0	0	17	0	12	3	7	160.63	0		22.010597
78	155	2	0	0	20	0	12	3	7	160.63	0		22.010597
78	156	2	0	0	7	6	12	3	7	160.63	0		22.010597
19	36	2	0	0	10	6	12	3	7	160.63	0		22.010597
19	35	1	0	0	0	5	13	7	5	640.40	1		51.587458


-------------------------------------------------------------------------------------------------------------------
Tour_Id:			5
No_of_Customers:		10
No_of_Items:			26
Customer_Sequence:		43 94 26 12 86 88 47 46 92 63 

CustId	Id	TypeId	Rotated	x	y	z	Length	Width	Height	mass	Fragility	LoadBearingStrength
63	127	3	0	0	0	0	10	5	6	276.12	0		30.030408
63	126	1	0	0	5	0	13	7	5	640.40	1		51.587458
92	184	3	0	0	12	0	10	5	6	276.12	0		30.030408
92	182	2	0	0	17	0	12	3	7	160.63	0		22.010597
92	183	2	0	0	20	0	12	3	7	160.63	0		22.010597
46	93	3	0	0	0	6	10	5	6	276.12	0		30.030408
46	92	2	0	0	12	6	12	3	7	160.63	0		22.010597
46	91	1	0	0	5	5	13	7	5	640.40	1		51.587458
47	95	3	0	0	17	7	10	5	6	276.12	0		30.030408
47	96	3	0	0	0	12	10	5	6	276.12	0		30.030408
47	94	2	0	0	12	13	12	3	7	160.63	0		22.010597
88	176	2	0	0	17	13	12	3	7	160.63	0		22.010597
88	174	1	0	0	5	10	13	7	5	640.40	1		51.587458
88	175	1	0	0	5	15	13	7	5	640.40	1		51.587458
86	171	3	0	0	0	18	10	5	6	276.12	0		30.030408
86	172	3	0	0	0	24	10	5	6	276.12	0		30.030408
86	170	2	0	0	12	20	12	3	7	160.63	0		22.010597
12	21	2	0	0	17	20	12	3	7	160.63	0		22.010597
26	51	3	0	10	0	0	10	5	6	276.12	0		30.030408
26	50	2	0	10	0	6	12	3	7	160.63	0		22.010597
26	49	1	0	0	5	20	13	7	5	640.40	1		51.587458
94	188	3	0	12	12	0	10	5	6	276.12	0		30.030408
94	187	2	0	10	0	13	12	3	7	160.63	0		22.010597
94	186	1	0	0	5	25	13	7	5	640.40	1		51.587458
43	86	3	0	12	17	0	10	5	6	276.12	0		30.030408
43	85	2	0	10	0	20	12	3	7	160.63	0		22.010597


-------------------------------------------------------------------------------------------------------------------
Tour_Id:			6
No_of_Customers:		8
No_of_Items:			17
Customer_Sequence:		4 23 3 52 55 59 60 7 

CustId	Id	TypeId	Rotated	x	y	z	Length	Width	Height	mass	Fragility	LoadBearingStrength
7	12	3	0	0	0	0	10	5	6	276.12	0		30.030408
7	13	3	0	0	5	0	10	5	6	276.12	0		30.030408
60	120	2	0	0	10	0	12	3	7	160.63	0		22.010597
60	121	2	0	0	13	0	12	3	7	160.63	0		22.010597
60	122	2	0	0	16	0	12	3	7	160.63	0		22.010597
59	119	3	0	0	19	0	10	5	6	276.12	0		30.030408
59	117	1	0	0	0	6	13	7	5	640.40	1		51.587458
59	118	1	0	0	10	7	13	7	5	640.40	1		51.587458
55	111	1	0	0	0	11	13	7	5	640.40	1		51.587458
52	106	3	0	0	19	6	10	5	6	276.12	0		30.030408
52	105	2	0	0	7	6	12	3	7	160.63	0		22.010597
3	5	3	0	0	19	12	10	5	6	276.12	0		30.030408
3	4	2	0	0	7	13	12	3	7	160.63	0		22.010597
23	44	1	0	0	10	12	13	7	5	640.40	1		51.587458
4	8	2	0	0	19	18	12	3	7	160.63	0		22.010597
4	6	1	0	0	0	16	13	7	5	640.40	1		51.587458
4	7	1	0	0	10	17	13	7	5	640.40	1		51.587458


-------------------------------------------------------------------------------------------------------------------
Tour_Id:			7
No_of_Customers:		9
No_of_Items:			19
Customer_Sequence:		100 38 70 33 66 54 49 62 82 

CustId	Id	TypeId	Rotated	x	y	z	Length	Width	Height	mass	Fragility	LoadBearingStrength
82	160	2	0	0	0	0	12	3	7	160.63	0		22.010597
62	125	2	0	0	3	0	12	3	7	160.63	0		22.010597
49	100	3	0	0	6	0	10	5	6	276.12	0		30.030408
49	98	1	0	0	11	0	13	7	5	640.40	1		51.587458
49	99	1	0	0	18	0	13	7	5	640.40	1		51.587458
54	109	2	0	0	6	6	12	3	7	160.63	0		22.010597
54	110	2	0	0	0	7	12	3	7	160.63	0		22.010597
54	108	1	0	0	11	5	13	7	5	640.40	1		51.587458
66	133	2	0	0	3	7	12	3	7	160.63	0		22.010597
66	134	2	0	0	6	13	12	3	7	160.63	0		22.010597
66	132	1	0	0	18	5	13	7	5	640.40	1		51.587458
33	66	2	0	0	0	14	12	3	7	160.63	0		22.010597
70	140	3	0	12	0	0	10	5	6	276.12	0		30.030408
70	141	3	0	12	5	0	10	5	6	276.12	0		30.030408
70	139	2	0	0	3	14	12	3	7	160.63	0		22.010597
38	77	3	0	0	0	21	10	5	6	276.12	0		30.030408
100	199	2	0	0	6	20	12	3	7	160.63	0		22.010597
100	200	2	0	12	0	6	12	3	7	160.63	0		22.010597
100	198	1	1	0	9	10	13	7	5	640.40	1		51.587458


-------------------------------------------------------------------------------------------------------------------
Tour_Id:			8
No_of_Customers:		9
No_of_Items:			18
Customer_Sequence:		85 80 28 91 98 30 39 29 5 

CustId	Id	TypeId	Rotated	x	y	z	Length	Width	Height	mass	Fragility	LoadBearingStrength
5	10	3	0	0	0	0	10	5	6	276.12	0		30.030408
5	9	1	0	0	5	0	13	7	5	640.40	1		51.587458
29	57	2	0	0	12	0	12	3	7	160.63	0		22.010597
29	56	1	0	0	15	0	13	7	5	640.40	1		51.587458
39	78	2	0	0	22	0	12	3	7	160.63	0		22.010597
30	60	2	0	0	0	6	12	3	7	160.63	0		22.010597
30	58	1	0	0	5	5	13	7	5	640.40	1		51.587458
30	59	1	0	0	15	5	13	7	5	640.40	1		51.587458
98	193	1	0	0	5	10	13	7	5	640.40	1		51.587458
98	194	1	0	0	15	10	13	7	5	640.40	1		51.587458
91	180	1	0	0	5	15	13	7	5	640.40	1		51.587458
91	181	1	0	0	15	15	13	7	5	640.40	1		51.587458
28	55	3	0	12	0	0	10	5	6	276.12	0		30.030408
28	54	1	0	0	5	20	13	7	5	640.40	1		51.587458
80	158	3	0	12	0	6	10	5	6	276.12	0		30.030408
85	169	3	0	12	0	12	10	5	6	276.12	0		30.030408
85	168	2	0	0	12	7	12	3	7	160.63	0		22.010597
85	167	1	0	0	15	20	13	7	5	640.40	1		51.587458


-------------------------------------------------------------------------------------------------------------------
Tour_Id:			9
No_of_Customers:		6
No_of_Items:			10
Customer_Sequence:		95 21 64 10 45 11 

CustId	Id	TypeId	Rotated	x	y	z	Length	Width	Height	mass	Fragility	LoadBearingStrength
11	20	1	0	0	0	0	13	7	5	640.40	1		51.587458
45	89	3	0	0	7	0	10	5	6	276.12	0		30.030408
45	90	3	0	0	12	0	10	5	6	276.12	0		30.030408
45	88	2	0	0	17	0	12	3	7	160.63	0		22.010597
10	19	3	0	0	20	0	10	5	6	276.12	0		30.030408
10	18	1	0	0	0	5	13	7	5	640.40	1		51.587458
64	128	2	0	0	7	6	12	3	7	160.63	0		22.010597
21	40	3	0	0	10	6	10	5	6	276.12	0		30.030408
21	39	1	0	0	0	10	13	7	5	640.40	1		51.587458
95	189	1	0	0	0	15	13	7	5	640.40	1		51.587458


-------------------------------------------------------------------------------------------------------------------
Tour_Id:			10
No_of_Customers:		9
No_of_Items:			17
Customer_Sequence:		93 50 17 75 61 1 65 48 9 

CustId	Id	TypeId	Rotated	x	y	z	Length	Width	Height	mass	Fragility	LoadBearingStrength
9	17	2	0	0	0	0	12	3	7	160.63	0		22.010597
9	16	1	0	0	3	0	13	7	5	640.40	1		51.587458
48	97	3	0	0	10	0	10	5	6	276.12	0		30.030408
65	130	2	0	0	15	0	12	3	7	160.63	0		22.010597
65	131	2	0	0	18	0	12	3	7	160.63	0		22.010597
65	129	1	0	0	3	5	13	7	5	640.40	1		51.587458
1	2	2	0	0	21	0	12	3	7	160.63	0		22.010597
1	1	1	0	0	15	7	13	7	5	640.40	1		51.587458
61	124	2	0	0	10	6	12	3	7	160.63	0		22.010597
61	123	1	0	0	3	10	13	7	5	640.40	1		51.587458
75	148	3	0	12	10	0	10	5	6	276.12	0		30.030408
75	147	2	0	0	0	7	12	3	7	160.63	0		22.010597
17	32	3	0	12	10	6	10	5	6	276.12	0		30.030408
17	33	3	0	12	10	12	10	5	6	276.12	0		30.030408
50	102	3	0	12	10	18	10	5	6	276.12	0		30.030408
50	101	1	0	0	15	12	13	7	5	640.40	1		51.587458
93	185	1	0	0	3	15	13	7	5	640.40	1		51.587458


-------------------------------------------------------------------------------------------------------------------
Tour_Id:			11
No_of_Customers:		9
No_of_Items:			18
Customer_Sequence:		84 96 69 56 51 32 20 6 34 

CustId	Id	TypeId	Rotated	x	y	z	Length	Width	Height	mass	Fragility	LoadBearingStrength
34	69	3	0	0	0	0	10	5	6	276.12	0		30.030408
34	67	2	0	0	5	0	12	3	7	160.63	0		22.010597
34	68	2	0	0	8	0	12	3	7	160.63	0		22.010597
6	11	1	0	0	11	0	13	7	5	640.40	1		51.587458
20	38	3	0	0	18	0	10	5	6	276.12	0		30.030408
20	37	2	0	0	0	6	12	3	7	160.63	0		22.010597
32	65	3	0	0	18	6	10	5	6	276.12	0		30.030408
32	63	1	0	0	11	5	13	7	5	640.40	1		51.587458
32	64	1	0	0	11	10	13	7	5	640.40	1		51.587458
51	104	3	0	0	5	7	10	5	6	276.12	0		30.030408
51	103	2	0	0	18	12	12	3	7	160.63	0		22.010597
56	112	2	0	0	0	13	12	3	7	160.63	0		22.010597
69	138	2	0	0	5	13	12	3	7	160.63	0		22.010597
96	191	3	0	12	0	0	10	5	6	276.12	0		30.030408
96	190	1	0	0	11	15	13	7	5	640.40	1		51.587458
84	166	3	0	12	5	0	10	5	6	276.12	0		30.030408
84	164	2	0	0	18	19	12	3	7	160.63	0		22.010597
84	165	2	0	0	0	20	12	3	7	160.63	0		22.010597


-------------------------------------------------------------------------------------------------------------------
Tour_Id:			12
No_of_Customers:		11
No_of_Items:			19
Customer_Sequence:		73 42 97 18 40 22 76 58 81 41 77 

CustId	Id	TypeId	Rotated	x	y	z	Length	Width	Height	mass	Fragility	LoadBearingStrength
77	152	3	0	0	0	0	10	5	6	276.12	0		30.030408
77	153	3	0	0	5	0	10	5	6	276.12	0		30.030408
41	82	3	0	0	10	0	10	5	6	276.12	0		30.030408
81	159	1	0	0	15	0	13	7	5	640.40	1		51.587458
58	116	1	0	0	15	5	13	7	5	640.40	1		51.587458
76	150	3	0	0	0	6	10	5	6	276.12	0		30.030408
76	151	3	0	0	5	6	10	5	6	276.12	0		30.030408
76	149	2	0	0	22	0	12	3	7	160.63	0		22.010597
22	43	2	0	0	10	6	12	3	7	160.63	0		22.010597
22	41	1	0	0	15	10	13	7	5	640.40	1		51.587458
22	42	1	0	0	0	12	13	7	5	640.40	1		51.587458
40	81	3	0	13	0	0	10	5	6	276.12	0		30.030408
40	79	2	0	0	22	7	12	3	7	160.63	0		22.010597
40	80	2	0	0	7	12	12	3	7	160.63	0		22.010597
18	34	2	0	0	10	13	12	3	7	160.63	0		22.010597
97	192	2	0	0	22	14	12	3	7	160.63	0		22.010597
42	84	2	0	0	7	19	12	3	7	160.63	0		22.010597
42	83	1	0	0	15	15	13	7	5	640.40	1		51.587458
73	145	3	0	12	7	0	10	5	6	276.12	0		30.030408


-------------------------------------------------------------------------------------------------------------------
Tour_Id:			13
No_of_Customers:		6
No_of_Items:			12
Customer_Sequence:		8 37 13 72 24 36 

CustId	Id	TypeId	Rotated	x	y	z	Length	Width	Height	mass	Fragility	LoadBearingStrength
36	73	2	0	0	0	0	12	3	7	160.63	0		22.010597
24	46	2	0	0	3	0	12	3	7	160.63	0		22.010597
24	45	1	0	0	6	0	13	7	5	640.40	1		51.587458
72	144	3	0	0	13	0	10	5	6	276.12	0		30.030408
72	143	1	0	0	18	0	13	7	5	640.40	1		51.587458
13	23	3	0	0	13	6	10	5	6	276.12	0		30.030408
13	22	1	0	0	6	5	13	7	5	640.40	1		51.587458
37	76	3	0	0	0	7	10	5	6	276.12	0		30.030408
37	74	2	0	0	13	12	12	3	7	160.63	0		22.010597
37	75	2	0	0	0	13	12	3	7	160.63	0		22.010597
8	14	3	0	12	0	0	10	5	6	276.12	0		30.030408
8	15	3	0	12	13	0	10	5	6	276.12	0		30.030408


