Name:				197_n100_m200_bt3
Problem:			3L-VRPTW
Number_of_used_Vehicles:	14
Total_Travel_Distance:		1506.78
Calculation_Time:		120.12
Total_Iterations:		21316
ConstraintSet:			P1

-------------------------------------------------------------------------------------------------------------------
Tour_Id:			1
No_of_Customers:		9
No_of_Items:			18
Customer_Sequence:		48 60 69 67 39 7 80 41 18 

CustId	Id	TypeId	Rotated	x	y	z	Length	Width	Height	mass	Fragility	LoadBearingStrength
18	39	2	0	0	0	0	11	3	8	166.14	0		24.836193
41	82	3	0	0	3	0	9	6	7	150.11	0		31.816199
41	83	3	0	0	9	0	9	6	7	150.11	0		31.816199
80	163	3	0	0	15	0	9	6	7	150.11	0		31.816199
80	164	3	0	0	3	7	9	6	7	150.11	0		31.816199
80	162	1	0	0	9	7	12	6	5	322.37	1		20.733629
7	15	3	0	0	15	7	9	6	7	150.11	0		31.816199
7	14	2	0	0	21	0	11	3	8	166.14	0		24.836193
39	77	3	0	0	3	14	9	6	7	150.11	0		31.816199
39	78	3	0	0	15	14	9	6	7	150.11	0		31.816199
39	76	2	0	0	0	8	11	3	8	166.14	0		24.836193
67	137	1	0	0	9	12	12	6	5	322.37	1		20.733629
69	141	3	0	0	3	21	9	6	7	150.11	0		31.816199
69	140	1	0	0	9	17	12	6	5	322.37	1		20.733629
60	122	1	0	0	15	21	12	6	5	322.37	1		20.733629
48	98	3	0	9	3	0	9	6	7	150.11	0		31.816199
48	96	2	0	0	21	8	11	3	8	166.14	0		24.836193
48	97	2	0	0	0	16	11	3	8	166.14	0		24.836193


-------------------------------------------------------------------------------------------------------------------
Tour_Id:			2
No_of_Customers:		7
No_of_Items:			11
Customer_Sequence:		37 49 50 66 100 38 44 

CustId	Id	TypeId	Rotated	x	y	z	Length	Width	Height	mass	Fragility	LoadBearingStrength
44	89	1	0	0	0	0	12	6	5	322.37	1		20.733629
38	75	3	0	0	6	0	9	6	7	150.11	0		31.816199
100	199	1	0	0	12	0	12	6	5	322.37	1		20.733629
100	200	1	0	0	18	0	12	6	5	322.37	1		20.733629
66	136	3	0	0	6	7	9	6	7	150.11	0		31.816199
66	135	1	0	0	0	5	12	6	5	322.37	1		20.733629
50	102	3	0	0	6	14	9	6	7	150.11	0		31.816199
50	101	2	0	0	6	21	11	3	8	166.14	0		24.836193
50	100	1	0	0	12	5	12	6	5	322.37	1		20.733629
49	99	3	0	11	6	0	9	6	7	150.11	0		31.816199
37	74	2	0	0	9	21	11	3	8	166.14	0		24.836193


-------------------------------------------------------------------------------------------------------------------
Tour_Id:			3
No_of_Customers:		7
No_of_Items:			16
Customer_Sequence:		17 70 89 54 85 95 9 

CustId	Id	TypeId	Rotated	x	y	z	Length	Width	Height	mass	Fragility	LoadBearingStrength
9	21	3	0	0	0	0	9	6	7	150.11	0		31.816199
9	19	2	0	0	6	0	11	3	8	166.14	0		24.836193
9	20	2	0	0	9	0	11	3	8	166.14	0		24.836193
95	189	2	0	0	12	0	11	3	8	166.14	0		24.836193
85	172	3	0	0	15	0	9	6	7	150.11	0		31.816199
85	173	3	0	0	0	7	9	6	7	150.11	0		31.816199
85	171	1	0	0	15	7	12	6	5	322.37	1		20.733629
54	111	2	0	0	21	0	11	3	8	166.14	0		24.836193
54	112	2	0	0	6	8	11	3	8	166.14	0		24.836193
89	179	3	0	0	9	8	9	6	7	150.11	0		31.816199
89	178	2	0	0	21	8	11	3	8	166.14	0		24.836193
89	177	1	0	0	15	12	12	6	5	322.37	1		20.733629
70	142	3	0	0	0	14	9	6	7	150.11	0		31.816199
17	38	2	0	0	9	15	11	3	8	166.14	0		24.836193
17	36	1	0	0	15	17	12	6	5	322.37	1		20.733629
17	37	1	0	0	0	21	12	6	5	322.37	1		20.733629


-------------------------------------------------------------------------------------------------------------------
Tour_Id:			4
No_of_Customers:		8
No_of_Items:			15
Customer_Sequence:		56 62 13 1 81 19 78 33 

CustId	Id	TypeId	Rotated	x	y	z	Length	Width	Height	mass	Fragility	LoadBearingStrength
33	67	3	0	0	0	0	9	6	7	150.11	0		31.816199
78	158	2	0	0	6	0	11	3	8	166.14	0		24.836193
78	159	2	0	0	9	0	11	3	8	166.14	0		24.836193
78	157	1	0	0	12	0	12	6	5	322.37	1		20.733629
19	41	3	0	0	18	0	9	6	7	150.11	0		31.816199
19	42	3	0	0	0	7	9	6	7	150.11	0		31.816199
19	40	1	0	0	12	5	12	6	5	322.37	1		20.733629
81	165	3	0	0	18	7	9	6	7	150.11	0		31.816199
1	2	2	0	0	6	8	11	3	8	166.14	0		24.836193
1	1	1	0	0	12	10	12	6	5	322.37	1		20.733629
13	29	1	0	0	0	14	12	6	5	322.37	1		20.733629
62	127	3	0	0	18	14	9	6	7	150.11	0		31.816199
62	126	1	0	0	12	15	12	6	5	322.37	1		20.733629
56	115	2	0	0	9	8	11	3	8	166.14	0		24.836193
56	114	1	0	0	6	16	12	6	5	322.37	1		20.733629


-------------------------------------------------------------------------------------------------------------------
Tour_Id:			5
No_of_Customers:		8
No_of_Items:			18
Customer_Sequence:		30 76 28 40 91 72 4 82 

CustId	Id	TypeId	Rotated	x	y	z	Length	Width	Height	mass	Fragility	LoadBearingStrength
82	168	3	0	0	0	0	9	6	7	150.11	0		31.816199
82	167	2	0	0	6	0	11	3	8	166.14	0		24.836193
82	166	1	0	0	9	0	12	6	5	322.37	1		20.733629
4	10	3	0	0	15	0	9	6	7	150.11	0		31.816199
4	8	1	0	0	9	5	12	6	5	322.37	1		20.733629
4	9	1	0	0	0	7	12	6	5	322.37	1		20.733629
72	144	3	0	0	15	7	9	6	7	150.11	0		31.816199
72	145	3	0	0	15	14	9	6	7	150.11	0		31.816199
91	182	1	0	0	9	10	12	6	5	322.37	1		20.733629
91	183	1	0	0	0	12	12	6	5	322.37	1		20.733629
40	80	2	0	0	21	0	11	3	8	166.14	0		24.836193
40	81	2	0	0	6	8	11	3	8	166.14	0		24.836193
40	79	1	0	0	9	15	12	6	5	322.37	1		20.733629
28	59	3	0	0	15	21	9	6	7	150.11	0		31.816199
28	58	2	0	0	21	8	11	3	8	166.14	0		24.836193
76	155	2	0	0	6	16	11	3	8	166.14	0		24.836193
30	62	3	0	9	15	0	9	6	7	150.11	0		31.816199
30	61	2	0	0	21	16	11	3	8	166.14	0		24.836193


-------------------------------------------------------------------------------------------------------------------
Tour_Id:			6
No_of_Customers:		7
No_of_Items:			15
Customer_Sequence:		31 92 53 27 43 5 68 

CustId	Id	TypeId	Rotated	x	y	z	Length	Width	Height	mass	Fragility	LoadBearingStrength
68	139	2	0	0	0	0	11	3	8	166.14	0		24.836193
68	138	1	0	0	3	0	12	6	5	322.37	1		20.733629
5	12	3	0	0	9	0	9	6	7	150.11	0		31.816199
5	11	1	0	0	15	0	12	6	5	322.37	1		20.733629
43	88	3	0	0	9	7	9	6	7	150.11	0		31.816199
43	87	1	0	0	3	5	12	6	5	322.37	1		20.733629
27	57	3	0	0	9	14	9	6	7	150.11	0		31.816199
27	56	1	0	0	15	5	12	6	5	322.37	1		20.733629
53	110	3	0	0	9	21	9	6	7	150.11	0		31.816199
53	109	2	0	0	21	0	11	3	8	166.14	0		24.836193
53	108	1	0	0	3	10	12	6	5	322.37	1		20.733629
92	184	2	0	0	0	8	11	3	8	166.14	0		24.836193
31	65	3	0	9	9	0	9	6	7	150.11	0		31.816199
31	64	2	0	0	21	8	11	3	8	166.14	0		24.836193
31	63	1	0	0	15	10	12	6	5	322.37	1		20.733629


-------------------------------------------------------------------------------------------------------------------
Tour_Id:			7
No_of_Customers:		7
No_of_Items:			14
Customer_Sequence:		10 46 21 88 97 35 86 

CustId	Id	TypeId	Rotated	x	y	z	Length	Width	Height	mass	Fragility	LoadBearingStrength
86	174	2	0	0	0	0	11	3	8	166.14	0		24.836193
35	70	1	0	0	3	0	12	6	5	322.37	1		20.733629
97	194	3	0	0	9	0	9	6	7	150.11	0		31.816199
97	193	2	0	0	15	0	11	3	8	166.14	0		24.836193
97	192	1	0	0	18	0	12	6	5	322.37	1		20.733629
88	176	2	0	0	9	7	11	3	8	166.14	0		24.836193
21	48	3	0	11	9	0	9	6	7	150.11	0		31.816199
21	46	1	0	0	3	5	12	6	5	322.37	1		20.733629
21	47	1	0	0	18	5	12	6	5	322.37	1		20.733629
46	93	3	0	11	9	7	9	6	7	150.11	0		31.816199
46	92	2	0	0	12	7	11	3	8	166.14	0		24.836193
46	91	1	0	0	3	10	12	6	5	322.37	1		20.733629
10	22	3	0	0	9	15	9	6	7	150.11	0		31.816199
10	23	3	0	0	9	22	9	6	7	150.11	0		31.816199


-------------------------------------------------------------------------------------------------------------------
Tour_Id:			8
No_of_Customers:		6
No_of_Items:			13
Customer_Sequence:		26 16 75 45 42 52 

CustId	Id	TypeId	Rotated	x	y	z	Length	Width	Height	mass	Fragility	LoadBearingStrength
52	107	2	0	0	0	0	11	3	8	166.14	0		24.836193
52	106	1	0	0	3	0	12	6	5	322.37	1		20.733629
42	86	3	0	0	9	0	9	6	7	150.11	0		31.816199
42	84	1	0	0	15	0	12	6	5	322.37	1		20.733629
42	85	1	0	0	3	5	12	6	5	322.37	1		20.733629
45	90	2	0	0	21	0	11	3	8	166.14	0		24.836193
75	152	2	0	0	9	7	11	3	8	166.14	0		24.836193
75	153	2	0	0	12	7	11	3	8	166.14	0		24.836193
75	154	2	0	0	0	8	11	3	8	166.14	0		24.836193
16	35	3	0	0	9	15	9	6	7	150.11	0		31.816199
16	34	2	0	0	21	8	11	3	8	166.14	0		24.836193
26	54	2	0	0	0	16	11	3	8	166.14	0		24.836193
26	55	2	0	0	21	16	11	3	8	166.14	0		24.836193


-------------------------------------------------------------------------------------------------------------------
Tour_Id:			9
No_of_Customers:		6
No_of_Items:			13
Customer_Sequence:		64 34 71 12 79 93 

CustId	Id	TypeId	Rotated	x	y	z	Length	Width	Height	mass	Fragility	LoadBearingStrength
93	185	1	0	0	0	0	12	6	5	322.37	1		20.733629
93	186	1	0	0	6	0	12	6	5	322.37	1		20.733629
93	187	1	0	0	12	0	12	6	5	322.37	1		20.733629
79	161	3	0	0	18	0	9	6	7	150.11	0		31.816199
79	160	2	0	0	18	7	11	3	8	166.14	0		24.836193
12	28	2	0	0	21	7	11	3	8	166.14	0		24.836193
12	27	1	0	0	0	5	12	6	5	322.37	1		20.733629
71	143	2	0	0	18	15	11	3	8	166.14	0		24.836193
34	68	3	0	11	18	0	9	6	7	150.11	0		31.816199
34	69	3	0	11	18	7	9	6	7	150.11	0		31.816199
64	131	3	0	11	18	14	9	6	7	150.11	0		31.816199
64	132	3	0	12	0	0	9	6	7	150.11	0		31.816199
64	130	2	0	0	21	15	11	3	8	166.14	0		24.836193


-------------------------------------------------------------------------------------------------------------------
Tour_Id:			10
No_of_Customers:		7
No_of_Items:			15
Customer_Sequence:		90 2 96 23 59 36 57 

CustId	Id	TypeId	Rotated	x	y	z	Length	Width	Height	mass	Fragility	LoadBearingStrength
57	118	3	0	0	0	0	9	6	7	150.11	0		31.816199
57	116	2	0	0	6	0	11	3	8	166.14	0		24.836193
57	117	2	0	0	9	0	11	3	8	166.14	0		24.836193
36	71	1	0	0	12	0	12	6	5	322.37	1		20.733629
36	72	1	0	0	18	0	12	6	5	322.37	1		20.733629
36	73	1	0	0	12	5	12	6	5	322.37	1		20.733629
59	121	3	0	0	0	7	9	6	7	150.11	0		31.816199
59	120	1	0	0	18	5	12	6	5	322.37	1		20.733629
23	50	2	0	0	6	8	11	3	8	166.14	0		24.836193
96	191	3	0	0	0	14	9	6	7	150.11	0		31.816199
96	190	1	0	0	12	10	12	6	5	322.37	1		20.733629
2	3	3	0	0	0	21	9	6	7	150.11	0		31.816199
2	4	3	0	9	0	0	9	6	7	150.11	0		31.816199
90	180	1	0	0	18	10	12	6	5	322.37	1		20.733629
90	181	1	0	0	12	15	12	6	5	322.37	1		20.733629


-------------------------------------------------------------------------------------------------------------------
Tour_Id:			11
No_of_Customers:		7
No_of_Items:			14
Customer_Sequence:		22 74 63 32 11 25 51 

CustId	Id	TypeId	Rotated	x	y	z	Length	Width	Height	mass	Fragility	LoadBearingStrength
51	104	3	0	0	0	0	9	6	7	150.11	0		31.816199
51	105	3	0	0	6	0	9	6	7	150.11	0		31.816199
51	103	1	0	0	12	0	12	6	5	322.37	1		20.733629
25	53	2	0	0	18	0	11	3	8	166.14	0		24.836193
11	25	3	0	0	0	7	9	6	7	150.11	0		31.816199
11	26	3	0	0	6	7	9	6	7	150.11	0		31.816199
11	24	1	0	0	12	5	12	6	5	322.37	1		20.733629
32	66	1	0	0	12	10	12	6	5	322.37	1		20.733629
63	128	1	0	0	0	14	12	6	5	322.37	1		20.733629
63	129	1	0	0	6	14	12	6	5	322.37	1		20.733629
74	150	3	0	11	18	0	9	6	7	150.11	0		31.816199
74	151	3	0	12	0	0	9	6	7	150.11	0		31.816199
74	149	2	0	0	21	0	11	3	8	166.14	0		24.836193
22	49	3	0	0	18	8	9	6	7	150.11	0		31.816199


-------------------------------------------------------------------------------------------------------------------
Tour_Id:			12
No_of_Customers:		8
No_of_Items:			15
Customer_Sequence:		3 98 73 29 8 83 87 58 

CustId	Id	TypeId	Rotated	x	y	z	Length	Width	Height	mass	Fragility	LoadBearingStrength
58	119	2	0	0	0	0	11	3	8	166.14	0		24.836193
87	175	2	0	0	3	0	11	3	8	166.14	0		24.836193
83	169	3	0	0	6	0	9	6	7	150.11	0		31.816199
8	18	2	0	0	12	0	11	3	8	166.14	0		24.836193
8	16	1	0	0	15	0	12	6	5	322.37	1		20.733629
8	17	1	0	0	15	5	12	6	5	322.37	1		20.733629
29	60	1	0	0	6	7	12	6	5	322.37	1		20.733629
73	148	2	0	0	21	0	11	3	8	166.14	0		24.836193
73	146	1	0	0	0	8	12	6	5	322.37	1		20.733629
73	147	1	0	0	15	10	12	6	5	322.37	1		20.733629
98	195	2	0	0	12	8	11	3	8	166.14	0		24.836193
98	196	2	0	0	21	8	11	3	8	166.14	0		24.836193
3	7	3	0	12	0	0	9	6	7	150.11	0		31.816199
3	5	2	0	0	12	16	11	3	8	166.14	0		24.836193
3	6	2	0	0	21	16	11	3	8	166.14	0		24.836193


-------------------------------------------------------------------------------------------------------------------
Tour_Id:			13
No_of_Customers:		7
No_of_Items:			13
Customer_Sequence:		94 65 20 77 84 99 61 

CustId	Id	TypeId	Rotated	x	y	z	Length	Width	Height	mass	Fragility	LoadBearingStrength
61	125	3	0	0	0	0	9	6	7	150.11	0		31.816199
61	124	2	0	0	6	0	11	3	8	166.14	0		24.836193
61	123	1	0	0	9	0	12	6	5	322.37	1		20.733629
99	197	2	0	0	15	0	11	3	8	166.14	0		24.836193
99	198	2	0	0	18	0	11	3	8	166.14	0		24.836193
84	170	2	0	0	21	0	11	3	8	166.14	0		24.836193
77	156	2	0	0	0	7	11	3	8	166.14	0		24.836193
20	44	3	0	0	15	8	9	6	7	150.11	0		31.816199
20	45	3	0	0	15	15	9	6	7	150.11	0		31.816199
20	43	2	0	0	3	7	11	3	8	166.14	0		24.836193
65	134	2	0	0	6	8	11	3	8	166.14	0		24.836193
65	133	1	0	0	9	5	12	6	5	322.37	1		20.733629
94	188	1	0	0	9	10	12	6	5	322.37	1		20.733629


-------------------------------------------------------------------------------------------------------------------
Tour_Id:			14
No_of_Customers:		6
No_of_Items:			10
Customer_Sequence:		47 15 24 55 6 14 

CustId	Id	TypeId	Rotated	x	y	z	Length	Width	Height	mass	Fragility	LoadBearingStrength
14	30	1	0	0	0	0	12	6	5	322.37	1		20.733629
6	13	3	0	0	6	0	9	6	7	150.11	0		31.816199
55	113	2	0	0	12	0	11	3	8	166.14	0		24.836193
24	51	2	0	0	15	0	11	3	8	166.14	0		24.836193
24	52	2	0	0	18	0	11	3	8	166.14	0		24.836193
15	33	3	0	0	6	7	9	6	7	150.11	0		31.816199
15	32	2	0	0	21	0	11	3	8	166.14	0		24.836193
15	31	1	0	0	0	5	12	6	5	322.37	1		20.733629
47	95	3	0	0	12	8	9	6	7	150.11	0		31.816199
47	94	2	0	0	18	8	11	3	8	166.14	0		24.836193


