Name:				199_n100_m200_bt3
Problem:			3L-VRPTW
Number_of_used_Vehicles:	12
Total_Travel_Distance:		1201.61
Calculation_Time:		259.77
Total_Iterations:		22894
ConstraintSet:			P1

-------------------------------------------------------------------------------------------------------------------
Tour_Id:			1
No_of_Customers:		8
No_of_Items:			16
Customer_Sequence:		65 27 18 93 90 69 30 91 

CustId	Id	TypeId	Rotated	x	y	z	Length	Width	Height	mass	Fragility	LoadBearingStrength
91	181	2	0	0	0	0	6	6	3	39.70	0		68.375701
91	182	2	0	0	6	0	6	6	3	39.70	0		68.375701
30	56	1	0	0	12	0	16	5	7	501.32	1		4.827098
69	138	1	0	0	17	0	16	5	7	501.32	1		4.827098
90	180	3	0	6	0	0	13	5	7	386.09	0		57.839458
90	179	2	0	0	0	3	6	6	3	39.70	0		68.375701
90	178	1	0	0	12	7	16	5	7	501.32	1		4.827098
93	185	2	0	0	6	3	6	6	3	39.70	0		68.375701
93	184	1	0	0	17	7	16	5	7	501.32	1		4.827098
18	32	3	0	6	5	0	13	5	7	386.09	0		57.839458
18	33	3	0	6	0	7	13	5	7	386.09	0		57.839458
18	34	3	0	6	5	7	13	5	7	386.09	0		57.839458
27	51	2	0	6	0	14	6	6	3	39.70	0		68.375701
27	49	1	0	0	12	14	16	5	7	501.32	1		4.827098
27	50	1	0	0	17	14	16	5	7	501.32	1		4.827098
65	131	3	0	6	6	14	13	5	7	386.09	0		57.839458


-------------------------------------------------------------------------------------------------------------------
Tour_Id:			2
No_of_Customers:		9
No_of_Items:			17
Customer_Sequence:		56 66 96 14 73 25 89 78 42 

CustId	Id	TypeId	Rotated	x	y	z	Length	Width	Height	mass	Fragility	LoadBearingStrength
42	82	2	0	0	0	0	6	6	3	39.70	0		68.375701
42	83	2	0	0	6	0	6	6	3	39.70	0		68.375701
78	153	2	0	0	12	0	6	6	3	39.70	0		68.375701
89	177	2	0	0	18	0	6	6	3	39.70	0		68.375701
89	176	1	1	0	0	3	16	5	7	501.32	1		4.827098
25	45	3	0	6	0	0	13	5	7	386.09	0		57.839458
25	44	2	0	0	16	3	6	6	3	39.70	0		68.375701
73	146	2	0	0	16	6	6	6	3	39.70	0		68.375701
73	147	2	0	0	16	9	6	6	3	39.70	0		68.375701
73	145	1	1	0	0	10	16	5	7	501.32	1		4.827098
14	26	1	1	0	0	17	16	5	7	501.32	1		4.827098
96	191	3	0	5	0	7	13	5	7	386.09	0		57.839458
96	190	2	0	0	16	12	6	6	3	39.70	0		68.375701
66	133	3	0	5	0	14	13	5	7	386.09	0		57.839458
66	132	1	0	5	0	21	16	5	7	501.32	1		4.827098
56	114	2	0	0	16	15	6	6	3	39.70	0		68.375701
56	113	1	0	6	5	0	16	5	7	501.32	1		4.827098


-------------------------------------------------------------------------------------------------------------------
Tour_Id:			3
No_of_Customers:		10
No_of_Items:			21
Customer_Sequence:		32 55 57 54 43 75 29 97 7 9 

CustId	Id	TypeId	Rotated	x	y	z	Length	Width	Height	mass	Fragility	LoadBearingStrength
9	17	2	0	0	0	0	6	6	3	39.70	0		68.375701
7	14	3	0	0	6	0	13	5	7	386.09	0		57.839458
7	13	2	0	0	11	0	6	6	3	39.70	0		68.375701
7	12	1	0	0	17	0	16	5	7	501.32	1		4.827098
97	192	1	0	0	6	7	16	5	7	501.32	1		4.827098
97	193	1	0	0	17	7	16	5	7	501.32	1		4.827098
97	194	1	0	0	6	14	16	5	7	501.32	1		4.827098
29	54	2	0	0	0	3	6	6	3	39.70	0		68.375701
29	55	2	0	0	11	3	6	6	3	39.70	0		68.375701
75	150	2	0	0	0	6	6	6	3	39.70	0		68.375701
43	84	3	0	6	0	0	13	5	7	386.09	0		57.839458
54	108	3	0	6	11	0	13	5	7	386.09	0		57.839458
54	109	3	0	6	0	7	13	5	7	386.09	0		57.839458
54	107	2	0	0	11	6	6	6	3	39.70	0		68.375701
57	116	2	0	0	11	9	6	6	3	39.70	0		68.375701
57	115	1	0	0	17	14	16	5	7	501.32	1		4.827098
55	111	2	0	0	11	12	6	6	3	39.70	0		68.375701
55	112	2	0	0	11	15	6	6	3	39.70	0		68.375701
55	110	1	0	0	6	21	16	5	7	501.32	1		4.827098
32	59	3	0	6	11	7	13	5	7	386.09	0		57.839458
32	58	1	0	0	17	21	16	5	7	501.32	1		4.827098


-------------------------------------------------------------------------------------------------------------------
Tour_Id:			4
No_of_Customers:		10
No_of_Items:			18
Customer_Sequence:		8 62 19 3 5 85 77 22 44 12 

CustId	Id	TypeId	Rotated	x	y	z	Length	Width	Height	mass	Fragility	LoadBearingStrength
12	23	1	0	0	0	0	16	5	7	501.32	1		4.827098
44	86	3	0	0	5	0	13	5	7	386.09	0		57.839458
44	85	2	0	0	10	0	6	6	3	39.70	0		68.375701
22	39	3	0	0	16	0	13	5	7	386.09	0		57.839458
77	152	2	0	0	10	3	6	6	3	39.70	0		68.375701
85	169	3	0	0	5	7	13	5	7	386.09	0		57.839458
85	167	1	0	0	0	7	16	5	7	501.32	1		4.827098
85	168	1	0	0	16	7	16	5	7	501.32	1		4.827098
5	10	2	0	0	10	6	6	6	3	39.70	0		68.375701
5	8	1	0	0	0	14	16	5	7	501.32	1		4.827098
5	9	1	0	0	5	14	16	5	7	501.32	1		4.827098
3	6	3	0	6	10	0	13	5	7	386.09	0		57.839458
3	5	2	0	0	10	9	6	6	3	39.70	0		68.375701
19	35	3	0	6	10	7	13	5	7	386.09	0		57.839458
19	36	3	0	6	10	14	13	5	7	386.09	0		57.839458
62	126	3	0	6	10	21	13	5	7	386.09	0		57.839458
8	15	2	0	16	0	0	6	6	3	39.70	0		68.375701
8	16	2	0	16	0	3	6	6	3	39.70	0		68.375701


-------------------------------------------------------------------------------------------------------------------
Tour_Id:			5
No_of_Customers:		10
No_of_Items:			24
Customer_Sequence:		88 2 10 36 40 82 61 45 17 39 

CustId	Id	TypeId	Rotated	x	y	z	Length	Width	Height	mass	Fragility	LoadBearingStrength
39	75	2	0	0	0	0	6	6	3	39.70	0		68.375701
39	74	1	0	0	6	0	16	5	7	501.32	1		4.827098
17	31	3	0	0	11	0	13	5	7	386.09	0		57.839458
17	30	1	0	0	16	0	16	5	7	501.32	1		4.827098
45	87	3	0	0	11	7	13	5	7	386.09	0		57.839458
45	88	3	0	0	11	14	13	5	7	386.09	0		57.839458
45	89	3	0	0	11	21	13	5	7	386.09	0		57.839458
61	125	3	0	6	0	0	13	5	7	386.09	0		57.839458
61	124	2	0	0	0	3	6	6	3	39.70	0		68.375701
82	161	2	0	6	0	7	6	6	3	39.70	0		68.375701
82	162	2	0	6	0	10	6	6	3	39.70	0		68.375701
40	78	3	0	13	11	0	13	5	7	386.09	0		57.839458
40	76	1	0	0	6	7	16	5	7	501.32	1		4.827098
40	77	1	0	0	16	7	16	5	7	501.32	1		4.827098
36	67	2	0	6	0	13	6	6	3	39.70	0		68.375701
36	68	2	0	6	0	16	6	6	3	39.70	0		68.375701
36	69	2	0	6	0	19	6	6	3	39.70	0		68.375701
10	19	3	0	13	11	7	13	5	7	386.09	0		57.839458
10	18	2	0	6	0	22	6	6	3	39.70	0		68.375701
2	2	1	0	0	6	14	16	5	7	501.32	1		4.827098
2	3	1	0	0	16	14	16	5	7	501.32	1		4.827098
2	4	1	0	0	6	21	16	5	7	501.32	1		4.827098
88	175	2	0	6	0	25	6	6	3	39.70	0		68.375701
88	174	1	0	0	16	21	16	5	7	501.32	1		4.827098


-------------------------------------------------------------------------------------------------------------------
Tour_Id:			6
No_of_Customers:		10
No_of_Items:			18
Customer_Sequence:		67 63 34 99 46 80 92 26 20 59 

CustId	Id	TypeId	Rotated	x	y	z	Length	Width	Height	mass	Fragility	LoadBearingStrength
59	119	3	0	0	0	0	13	5	7	386.09	0		57.839458
59	120	3	0	0	5	0	13	5	7	386.09	0		57.839458
20	37	1	0	0	10	0	16	5	7	501.32	1		4.827098
26	48	2	0	0	15	0	6	6	3	39.70	0		68.375701
26	46	1	0	0	0	7	16	5	7	501.32	1		4.827098
26	47	1	0	0	5	7	16	5	7	501.32	1		4.827098
92	183	1	0	0	10	7	16	5	7	501.32	1		4.827098
80	157	1	0	0	0	14	16	5	7	501.32	1		4.827098
80	158	1	0	0	5	14	16	5	7	501.32	1		4.827098
46	90	3	0	6	15	0	13	5	7	386.09	0		57.839458
46	91	3	0	6	20	0	13	5	7	386.09	0		57.839458
99	197	3	0	6	15	7	13	5	7	386.09	0		57.839458
99	196	1	0	0	10	14	16	5	7	501.32	1		4.827098
34	63	2	0	6	15	14	6	6	3	39.70	0		68.375701
34	62	1	0	0	0	21	16	5	7	501.32	1		4.827098
63	127	2	0	6	15	17	6	6	3	39.70	0		68.375701
67	135	3	0	16	0	0	13	5	7	386.09	0		57.839458
67	134	1	0	0	5	21	16	5	7	501.32	1		4.827098


-------------------------------------------------------------------------------------------------------------------
Tour_Id:			7
No_of_Customers:		11
No_of_Items:			23
Customer_Sequence:		49 33 79 35 98 95 15 58 100 51 16 

CustId	Id	TypeId	Rotated	x	y	z	Length	Width	Height	mass	Fragility	LoadBearingStrength
16	29	3	0	0	0	0	13	5	7	386.09	0		57.839458
51	102	2	0	0	5	0	6	6	3	39.70	0		68.375701
100	199	2	0	0	11	0	6	6	3	39.70	0		68.375701
100	200	2	0	0	17	0	6	6	3	39.70	0		68.375701
100	198	1	1	0	5	3	16	5	7	501.32	1		4.827098
58	118	2	0	6	5	0	6	6	3	39.70	0		68.375701
58	117	1	0	0	0	7	16	5	7	501.32	1		4.827098
15	27	1	1	0	5	10	16	5	7	501.32	1		4.827098
15	28	1	0	0	0	14	16	5	7	501.32	1		4.827098
95	188	3	0	6	11	0	13	5	7	386.09	0		57.839458
95	189	3	0	6	16	0	13	5	7	386.09	0		57.839458
98	195	1	1	0	5	17	16	5	7	501.32	1		4.827098
35	66	2	0	5	5	3	6	6	3	39.70	0		68.375701
35	64	1	0	0	0	21	16	5	7	501.32	1		4.827098
35	65	1	0	5	11	7	16	5	7	501.32	1		4.827098
79	155	3	0	5	16	7	13	5	7	386.09	0		57.839458
79	156	3	0	5	16	14	13	5	7	386.09	0		57.839458
79	154	2	0	5	5	6	6	6	3	39.70	0		68.375701
33	61	3	0	5	16	21	13	5	7	386.09	0		57.839458
33	60	2	0	5	5	9	6	6	3	39.70	0		68.375701
49	99	3	0	12	5	0	13	5	7	386.09	0		57.839458
49	98	2	0	5	5	12	6	6	3	39.70	0		68.375701
49	97	1	0	5	11	14	16	5	7	501.32	1		4.827098


-------------------------------------------------------------------------------------------------------------------
Tour_Id:			8
No_of_Customers:		8
No_of_Items:			17
Customer_Sequence:		11 68 31 53 24 47 23 84 

CustId	Id	TypeId	Rotated	x	y	z	Length	Width	Height	mass	Fragility	LoadBearingStrength
84	166	2	0	0	0	0	6	6	3	39.70	0		68.375701
84	165	1	0	0	6	0	16	5	7	501.32	1		4.827098
23	41	3	0	0	11	0	13	5	7	386.09	0		57.839458
23	40	1	0	0	16	0	16	5	7	501.32	1		4.827098
47	94	3	0	0	11	7	13	5	7	386.09	0		57.839458
47	92	1	0	0	6	7	16	5	7	501.32	1		4.827098
47	93	1	0	0	16	7	16	5	7	501.32	1		4.827098
24	43	2	0	0	0	3	6	6	3	39.70	0		68.375701
24	42	1	0	0	6	14	16	5	7	501.32	1		4.827098
53	105	1	0	0	11	14	16	5	7	501.32	1		4.827098
53	106	1	0	0	16	14	16	5	7	501.32	1		4.827098
31	57	1	0	0	6	21	16	5	7	501.32	1		4.827098
68	136	2	0	0	0	6	6	6	3	39.70	0		68.375701
68	137	2	0	0	0	9	6	6	3	39.70	0		68.375701
11	22	3	0	6	0	0	13	5	7	386.09	0		57.839458
11	21	2	0	0	0	12	6	6	3	39.70	0		68.375701
11	20	1	0	0	11	21	16	5	7	501.32	1		4.827098


-------------------------------------------------------------------------------------------------------------------
Tour_Id:			9
No_of_Customers:		9
No_of_Items:			18
Customer_Sequence:		48 81 13 74 4 72 76 41 94 

CustId	Id	TypeId	Rotated	x	y	z	Length	Width	Height	mass	Fragility	LoadBearingStrength
94	187	3	0	0	0	0	13	5	7	386.09	0		57.839458
94	186	2	0	0	5	0	6	6	3	39.70	0		68.375701
41	81	3	0	0	11	0	13	5	7	386.09	0		57.839458
41	79	1	0	0	16	0	16	5	7	501.32	1		4.827098
41	80	1	0	0	0	7	16	5	7	501.32	1		4.827098
76	151	2	0	0	5	3	6	6	3	39.70	0		68.375701
72	142	3	0	0	11	7	13	5	7	386.09	0		57.839458
72	143	3	0	0	11	14	13	5	7	386.09	0		57.839458
72	144	3	0	0	11	21	13	5	7	386.09	0		57.839458
4	7	3	0	6	5	0	13	5	7	386.09	0		57.839458
74	148	1	0	0	16	7	16	5	7	501.32	1		4.827098
74	149	1	0	0	0	14	16	5	7	501.32	1		4.827098
13	24	2	0	6	5	7	6	6	3	39.70	0		68.375701
13	25	2	0	6	5	10	6	6	3	39.70	0		68.375701
81	160	2	0	6	5	13	6	6	3	39.70	0		68.375701
81	159	1	0	0	16	14	16	5	7	501.32	1		4.827098
48	96	3	0	13	10	0	13	5	7	386.09	0		57.839458
48	95	2	0	6	5	16	6	6	3	39.70	0		68.375701


-------------------------------------------------------------------------------------------------------------------
Tour_Id:			10
No_of_Customers:		6
No_of_Items:			12
Customer_Sequence:		38 37 83 6 60 28 

CustId	Id	TypeId	Rotated	x	y	z	Length	Width	Height	mass	Fragility	LoadBearingStrength
28	53	3	0	0	0	0	13	5	7	386.09	0		57.839458
28	52	2	0	0	5	0	6	6	3	39.70	0		68.375701
60	123	3	0	0	11	0	13	5	7	386.09	0		57.839458
60	121	1	0	0	16	0	16	5	7	501.32	1		4.827098
60	122	1	0	0	0	7	16	5	7	501.32	1		4.827098
6	11	2	0	0	5	3	6	6	3	39.70	0		68.375701
83	163	1	0	0	11	7	16	5	7	501.32	1		4.827098
83	164	1	0	0	16	7	16	5	7	501.32	1		4.827098
37	71	3	0	6	5	0	13	5	7	386.09	0		57.839458
37	70	1	0	0	0	14	16	5	7	501.32	1		4.827098
38	73	3	0	6	5	7	13	5	7	386.09	0		57.839458
38	72	2	0	6	5	14	6	6	3	39.70	0		68.375701


-------------------------------------------------------------------------------------------------------------------
Tour_Id:			11
No_of_Customers:		6
No_of_Items:			10
Customer_Sequence:		50 86 71 87 70 21 

CustId	Id	TypeId	Rotated	x	y	z	Length	Width	Height	mass	Fragility	LoadBearingStrength
21	38	1	0	0	0	0	16	5	7	501.32	1		4.827098
70	139	2	0	0	5	0	6	6	3	39.70	0		68.375701
87	173	3	0	0	11	0	13	5	7	386.09	0		57.839458
87	172	2	0	0	16	0	6	6	3	39.70	0		68.375701
87	171	1	0	0	0	7	16	5	7	501.32	1		4.827098
71	141	2	0	0	5	3	6	6	3	39.70	0		68.375701
71	140	1	0	0	11	7	16	5	7	501.32	1		4.827098
86	170	2	0	0	16	3	6	6	3	39.70	0		68.375701
50	101	3	0	6	5	0	13	5	7	386.09	0		57.839458
50	100	2	0	0	5	6	6	6	3	39.70	0		68.375701


-------------------------------------------------------------------------------------------------------------------
Tour_Id:			12
No_of_Customers:		3
No_of_Items:			6
Customer_Sequence:		1 64 52 

CustId	Id	TypeId	Rotated	x	y	z	Length	Width	Height	mass	Fragility	LoadBearingStrength
52	104	2	0	0	0	0	6	6	3	39.70	0		68.375701
52	103	1	0	0	6	0	16	5	7	501.32	1		4.827098
64	129	2	0	0	11	0	6	6	3	39.70	0		68.375701
64	130	2	0	0	17	0	6	6	3	39.70	0		68.375701
64	128	1	0	0	6	7	16	5	7	501.32	1		4.827098
1	1	2	0	0	0	3	6	6	3	39.70	0		68.375701


