Name:				208_n100_m200_bt100
Problem:			3L-VRPTW
Number_of_used_Vehicles:	14
Total_Travel_Distance:		1305.34
Calculation_Time:		161.60
Total_Iterations:		25001
ConstraintSet:			P1

-------------------------------------------------------------------------------------------------------------------
Tour_Id:			1
No_of_Customers:		11
No_of_Items:			24
Customer_Sequence:		44 72 96 73 20 47 2 61 14 34 91 

CustId	Id	TypeId	Rotated	x	y	z	Length	Width	Height	mass	Fragility	LoadBearingStrength
91	179	67	0	0	0	0	15	6	5	165.17	0		12.879035
91	177	12	0	0	6	0	14	3	6	88.24	0		11.651467
91	178	43	0	0	9	0	15	3	5	100.30	0		25.762924
34	67	59	0	0	12	0	16	6	3	251.19	0		53.475063
34	68	63	0	0	18	0	15	6	7	643.04	1		36.009477
14	29	34	0	15	0	0	13	7	7	284.75	0		128.300171
14	28	22	0	0	12	3	16	5	7	358.68	0		20.970346
61	117	65	0	0	12	10	17	5	8	442.72	0		79.223927
61	118	70	0	0	17	7	10	5	4	91.32	1		11.144835
2	2	3	0	0	9	5	13	3	8	239.52	0		30.684612
2	3	12	0	0	9	13	14	3	6	88.24	0		11.651467
2	4	98	0	0	12	18	14	4	7	225.85	1		6.029194
47	92	99	0	15	7	0	9	4	8	234.26	0		23.982651
47	91	95	0	0	17	11	7	5	7	126.06	1		10.905449
20	40	73	0	15	18	0	16	6	6	321.04	0		106.648429
20	39	69	0	15	0	7	15	4	5	101.45	0		19.061174
73	142	39	0	15	17	6	16	5	6	952.48	0		109.012231
73	143	62	0	15	0	12	14	4	8	208.59	0		58.354486
73	141	20	0	0	16	18	7	6	7	506.53	1		36.106667
96	191	26	0	14	7	8	10	4	7	232.15	1		6.771021
96	192	29	0	0	12	25	8	4	4	122.31	1		8.806194
72	140	39	0	15	17	12	16	5	6	952.48	0		109.012231
72	139	18	0	24	7	0	12	7	4	331.83	0		29.884871
44	87	10	0	0	9	19	13	2	3	30.50	0		18.277633


-------------------------------------------------------------------------------------------------------------------
Tour_Id:			2
No_of_Customers:		10
No_of_Items:			19
Customer_Sequence:		66 59 38 53 10 80 31 56 8 71 

CustId	Id	TypeId	Rotated	x	y	z	Length	Width	Height	mass	Fragility	LoadBearingStrength
71	137	13	0	0	0	0	7	6	7	541.45	1		22.222171
71	138	60	0	0	6	0	9	2	3	30.94	1		10.709726
8	15	6	0	0	8	0	16	4	7	302.16	0		13.255689
8	16	30	0	0	12	0	10	3	8	143.86	0		19.225104
56	108	87	0	0	15	0	15	2	3	81.41	0		22.765557
56	109	94	0	0	17	0	9	2	5	102.34	0		42.101746
31	61	5	0	0	19	0	16	4	8	396.78	0		59.750881
80	157	68	0	7	0	0	6	6	5	152.74	0		49.397157
80	156	57	0	0	0	7	7	6	6	122.95	1		4.035063
10	21	88	0	0	23	0	16	2	3	91.19	0		31.820167
10	19	20	0	0	0	13	7	6	7	506.53	1		36.106667
10	20	28	0	0	8	7	11	3	6	72.58	1		5.701606
53	103	57	0	0	0	20	7	6	6	122.95	1		4.035063
38	77	94	0	0	15	3	9	2	5	102.34	0		42.101746
38	75	1	0	0	23	3	6	2	4	36.28	0		57.176063
38	76	41	0	0	19	8	16	5	5	298.22	1		9.196993
59	115	97	0	0	11	8	9	5	6	172.69	0		105.657992
59	114	13	0	0	19	13	7	6	7	541.45	1		22.222171
66	127	74	0	0	11	14	10	4	5	102.25	0		12.024330


-------------------------------------------------------------------------------------------------------------------
Tour_Id:			3
No_of_Customers:		9
No_of_Items:			20
Customer_Sequence:		43 50 95 9 15 77 76 5 3 

CustId	Id	TypeId	Rotated	x	y	z	Length	Width	Height	mass	Fragility	LoadBearingStrength
3	5	51	0	0	0	0	11	6	7	356.97	0		197.657195
3	6	62	0	0	6	0	14	4	8	208.59	0		58.354486
5	11	73	0	0	10	0	16	6	6	321.04	0		106.648429
5	9	18	0	0	16	0	12	7	4	331.83	0		29.884871
5	10	25	0	0	16	4	11	5	3	77.58	0		27.884384
76	148	93	0	0	10	6	16	4	5	97.60	0		63.851807
76	147	13	0	0	0	7	7	6	7	541.45	1		22.222171
77	150	94	0	0	23	0	9	2	5	102.34	0		42.101746
77	149	80	0	0	16	7	11	6	3	64.01	1		11.043693
15	32	89	0	0	6	8	16	3	6	164.88	0		50.514909
15	31	30	0	0	10	11	10	3	8	143.86	0		19.225104
15	30	9	0	0	6	14	13	3	5	158.27	0		70.325871
9	17	67	0	11	0	0	15	6	5	165.17	0		12.879035
9	18	98	0	0	16	10	14	4	7	225.85	1		6.029194
95	188	40	0	11	0	5	17	6	8	589.93	0		70.174355
95	189	55	0	0	14	6	14	2	3	54.18	0		16.018879
95	190	55	0	0	14	9	14	2	3	54.18	0		16.018879
50	97	82	0	0	6	19	10	3	5	77.94	0		13.100882
43	85	19	0	11	0	13	15	3	8	326.37	0		21.545677
43	86	30	0	0	10	19	10	3	8	143.86	0		19.225104


-------------------------------------------------------------------------------------------------------------------
Tour_Id:			4
No_of_Customers:		6
No_of_Items:			13
Customer_Sequence:		33 46 27 32 17 28 

CustId	Id	TypeId	Rotated	x	y	z	Length	Width	Height	mass	Fragility	LoadBearingStrength
28	55	7	0	0	0	0	7	6	7	121.21	0		26.597759
28	56	25	0	0	6	0	11	5	3	77.58	0		27.884384
17	34	16	0	0	11	0	14	7	7	434.94	0		108.683667
32	63	91	0	0	18	0	15	7	5	326.46	0		63.663044
32	62	45	0	0	18	5	16	6	5	300.10	0		42.868951
27	53	51	0	0	11	7	11	6	7	356.97	0		197.657195
27	52	14	0	0	6	3	13	5	6	259.72	0		28.601392
27	54	70	0	0	6	9	10	5	4	91.32	1		11.144835
46	89	39	0	0	17	10	16	5	6	952.48	0		109.012231
46	90	87	0	0	22	10	15	2	3	81.41	0		22.765557
33	64	34	0	13	0	0	13	7	7	284.75	0		128.300171
33	65	43	0	0	17	16	15	3	5	100.30	0		25.762924
33	66	56	0	0	0	7	6	4	7	141.11	0		193.035598


-------------------------------------------------------------------------------------------------------------------
Tour_Id:			5
No_of_Customers:		6
No_of_Items:			11
Customer_Sequence:		45 78 64 41 81 54 

CustId	Id	TypeId	Rotated	x	y	z	Length	Width	Height	mass	Fragility	LoadBearingStrength
54	106	93	0	0	0	0	16	4	5	97.60	0		63.851807
54	105	71	0	0	4	0	6	5	5	100.20	0		88.325913
54	104	63	0	0	9	0	15	6	7	643.04	1		36.009477
81	158	38	0	0	15	0	9	5	7	129.61	0		13.314231
41	83	9	0	0	20	0	13	3	5	158.27	0		70.325871
64	121	35	0	0	0	5	11	6	7	185.39	0		37.688700
64	123	97	0	0	15	7	9	5	6	172.69	0		105.657992
64	122	70	0	0	9	7	10	5	4	91.32	1		11.144835
78	151	5	0	9	15	0	16	4	8	396.78	0		59.750881
78	152	74	0	0	20	5	10	4	5	102.25	0		12.024330
45	88	57	0	0	9	11	7	6	6	122.95	1		4.035063


-------------------------------------------------------------------------------------------------------------------
Tour_Id:			6
No_of_Customers:		8
No_of_Items:			12
Customer_Sequence:		79 18 25 57 60 100 6 11 

CustId	Id	TypeId	Rotated	x	y	z	Length	Width	Height	mass	Fragility	LoadBearingStrength
11	22	78	0	0	0	0	12	6	4	99.80	0		7.919305
6	12	52	0	0	6	0	16	6	7	584.87	0		52.256638
100	200	34	0	0	12	0	13	7	7	284.75	0		128.300171
60	116	58	0	0	19	0	15	6	8	303.94	1		11.227517
57	110	29	0	0	0	4	8	4	4	122.31	1		8.806194
25	50	30	0	0	6	7	10	3	8	143.86	0		19.225104
25	49	9	0	0	9	7	13	3	5	158.27	0		70.325871
18	35	65	0	0	12	7	17	5	8	442.72	0		79.223927
18	36	68	0	0	12	15	6	6	5	152.74	0		49.397157
79	155	78	0	6	12	15	12	6	4	99.80	0		7.919305
79	153	54	0	0	12	20	7	5	4	53.62	0		15.540281
79	154	60	0	0	4	4	9	2	3	30.94	1		10.709726


-------------------------------------------------------------------------------------------------------------------
Tour_Id:			7
No_of_Customers:		7
No_of_Items:			14
Customer_Sequence:		86 84 69 35 82 94 99 

CustId	Id	TypeId	Rotated	x	y	z	Length	Width	Height	mass	Fragility	LoadBearingStrength
99	198	16	0	0	0	0	14	7	7	434.94	0		108.683667
99	199	96	0	0	7	0	14	5	4	141.77	0		102.468083
99	197	9	0	0	12	0	13	3	5	158.27	0		70.325871
94	186	62	0	0	15	0	14	4	8	208.59	0		58.354486
94	185	7	0	0	19	0	7	6	7	121.21	0		26.597759
94	187	79	0	0	7	4	11	3	7	300.10	0		80.380423
82	159	62	0	0	0	7	14	4	8	208.59	0		58.354486
35	70	93	0	0	15	8	16	4	5	97.60	0		63.851807
35	69	50	0	7	19	0	10	6	3	130.90	0		26.027630
69	133	80	0	7	19	3	11	6	3	64.01	1		11.043693
84	163	57	0	0	19	7	7	6	6	122.95	1		4.035063
86	168	91	0	14	0	0	15	7	5	326.46	0		63.663044
86	166	18	0	14	7	0	12	7	4	331.83	0		29.884871
86	167	30	0	0	12	5	10	3	8	143.86	0		19.225104


-------------------------------------------------------------------------------------------------------------------
Tour_Id:			8
No_of_Customers:		10
No_of_Items:			22
Customer_Sequence:		30 7 74 12 89 85 36 67 65 55 

CustId	Id	TypeId	Rotated	x	y	z	Length	Width	Height	mass	Fragility	LoadBearingStrength
55	107	65	0	0	0	0	17	5	8	442.72	0		79.223927
65	124	39	0	0	5	0	16	5	6	952.48	0		109.012231
65	126	48	0	0	10	0	10	3	8	224.87	0		24.341442
65	125	43	0	0	13	0	15	3	5	100.30	0		25.762924
67	128	51	0	0	16	0	11	6	7	356.97	0		197.657195
67	130	74	0	0	5	6	10	4	5	102.25	0		12.024330
67	129	63	0	11	16	0	15	6	7	643.04	1		36.009477
36	71	79	0	0	22	0	11	3	7	300.10	0		80.380423
36	72	100	0	0	0	8	15	5	3	209.29	0		89.048652
85	164	31	0	0	16	7	7	6	8	285.63	0		30.124966
85	165	95	0	0	0	11	7	5	7	126.06	1		10.905449
89	173	97	0	0	5	11	9	5	6	172.69	0		105.657992
89	172	56	0	0	10	8	6	4	7	141.11	0		193.035598
89	171	8	0	0	22	7	7	3	8	138.22	1		6.761272
12	23	19	0	10	10	0	15	3	8	326.37	0		21.545677
12	25	97	1	0	10	15	9	5	6	172.69	0		105.657992
12	24	79	0	0	5	17	11	3	7	300.10	0		80.380423
74	144	52	0	17	0	0	16	6	7	584.87	0		52.256638
7	14	99	1	0	8	21	9	4	8	234.26	0		23.982651
7	13	1	0	0	19	15	6	2	4	36.28	0		57.176063
30	59	7	0	17	0	7	7	6	7	121.21	0		26.597759
30	60	29	0	0	21	15	8	4	4	122.31	1		8.806194


-------------------------------------------------------------------------------------------------------------------
Tour_Id:			9
No_of_Customers:		5
No_of_Items:			10
Customer_Sequence:		13 26 88 97 51 

CustId	Id	TypeId	Rotated	x	y	z	Length	Width	Height	mass	Fragility	LoadBearingStrength
51	100	65	0	0	0	0	17	5	8	442.72	0		79.223927
51	98	37	0	0	5	0	17	4	6	268.45	0		28.513467
51	99	46	0	0	9	0	11	4	8	373.67	0		48.608639
97	194	69	0	0	13	0	15	4	5	101.45	0		19.061174
97	195	89	0	0	17	0	16	3	6	164.88	0		50.514909
97	193	15	0	0	0	8	11	6	4	100.47	0		13.984837
88	170	75	0	0	20	0	17	3	7	197.40	0		25.628573
26	51	85	0	0	13	5	10	3	4	80.88	0		60.157646
13	26	89	0	0	17	6	16	3	6	164.88	0		50.514909
13	27	94	0	0	23	0	9	2	5	102.34	0		42.101746


-------------------------------------------------------------------------------------------------------------------
Tour_Id:			10
No_of_Customers:		8
No_of_Items:			15
Customer_Sequence:		16 4 70 1 98 83 22 42 

CustId	Id	TypeId	Rotated	x	y	z	Length	Width	Height	mass	Fragility	LoadBearingStrength
42	84	57	0	0	0	0	7	6	6	122.95	1		4.035063
22	45	52	0	0	6	0	16	6	7	584.87	0		52.256638
22	44	12	0	0	12	0	14	3	6	88.24	0		11.651467
22	43	1	0	0	15	0	6	2	4	36.28	0		57.176063
83	160	22	0	0	17	0	16	5	7	358.68	0		20.970346
83	162	92	0	0	6	7	15	5	6	422.49	0		57.232764
83	161	46	0	0	12	6	11	4	8	373.67	0		48.608639
98	196	23	0	0	22	0	15	2	7	174.30	0		32.187362
1	1	61	0	0	16	7	17	5	5	371.91	0		43.679221
70	135	31	0	0	16	12	7	6	8	285.63	0		30.124966
70	134	30	0	0	6	13	10	3	8	143.86	0		19.225104
70	136	53	0	7	0	0	17	6	6	349.77	1		9.151448
4	7	62	0	0	12	14	14	4	8	208.59	0		58.354486
4	8	84	0	0	12	22	12	5	6	256.81	0		43.186988
16	33	64	0	0	6	21	8	4	6	163.68	0		96.074622


-------------------------------------------------------------------------------------------------------------------
Tour_Id:			11
No_of_Customers:		7
No_of_Items:			16
Customer_Sequence:		75 48 58 19 92 29 49 

CustId	Id	TypeId	Rotated	x	y	z	Length	Width	Height	mass	Fragility	LoadBearingStrength
49	96	73	0	0	0	0	16	6	6	321.04	0		106.648429
49	95	43	0	0	6	0	15	3	5	100.30	0		25.762924
29	57	25	0	0	9	0	11	5	3	77.58	0		27.884384
29	58	53	0	0	14	0	17	6	6	349.77	1		9.151448
92	180	6	0	0	20	0	16	4	7	302.16	0		13.255689
92	182	59	0	0	0	6	16	6	3	251.19	0		53.475063
92	181	20	0	0	14	6	7	6	7	506.53	1		36.106667
19	38	97	0	0	9	3	9	5	6	172.69	0		105.657992
19	37	43	0	0	6	5	15	3	5	100.30	0		25.762924
58	111	38	0	0	20	7	9	5	7	129.61	0		13.314231
58	112	49	0	0	0	9	15	5	3	209.09	0		33.288380
58	113	54	0	0	9	9	7	5	4	53.62	0		15.540281
48	93	31	0	0	0	12	7	6	8	285.63	0		30.124966
48	94	77	0	0	9	13	6	4	6	276.86	1		96.985116
75	145	48	0	0	6	10	10	3	8	224.87	0		24.341442
75	146	53	0	15	6	0	17	6	6	349.77	1		9.151448


-------------------------------------------------------------------------------------------------------------------
Tour_Id:			12
No_of_Customers:		6
No_of_Items:			13
Customer_Sequence:		68 37 93 40 39 24 

CustId	Id	TypeId	Rotated	x	y	z	Length	Width	Height	mass	Fragility	LoadBearingStrength
24	47	35	0	0	0	0	11	6	7	185.39	0		37.688700
24	48	46	0	0	6	0	11	4	8	373.67	0		48.608639
39	80	92	0	0	10	0	15	5	6	422.49	0		57.232764
39	78	18	0	0	15	0	12	7	4	331.83	0		29.884871
39	79	82	0	0	22	0	10	3	5	77.94	0		13.100882
40	81	49	0	0	15	4	15	5	3	209.09	0		33.288380
40	82	58	0	0	15	7	15	6	8	303.94	1		11.227517
93	183	4	0	0	22	5	8	3	8	144.66	0		171.320861
93	184	32	0	0	10	6	9	3	4	92.24	0		70.280838
37	74	91	0	11	0	0	15	7	5	326.46	0		63.663044
37	73	80	0	0	0	7	11	6	3	64.01	1		11.043693
68	132	97	0	11	0	5	9	5	6	172.69	0		105.657992
68	131	53	0	0	15	15	17	6	6	349.77	1		9.151448


-------------------------------------------------------------------------------------------------------------------
Tour_Id:			13
No_of_Customers:		6
No_of_Items:			8
Customer_Sequence:		63 87 23 21 52 62 

CustId	Id	TypeId	Rotated	x	y	z	Length	Width	Height	mass	Fragility	LoadBearingStrength
62	119	37	0	0	0	0	17	4	6	268.45	0		28.513467
52	101	18	0	0	4	0	12	7	4	331.83	0		29.884871
52	102	48	0	0	11	0	10	3	8	224.87	0		24.341442
21	42	51	0	0	14	0	11	6	7	356.97	0		197.657195
21	41	38	0	0	20	0	9	5	7	129.61	0		13.314231
23	46	30	0	0	4	4	10	3	8	143.86	0		19.225104
87	169	36	0	11	11	0	17	7	3	203.53	1		12.141636
63	120	29	0	0	7	4	8	4	4	122.31	1		8.806194


-------------------------------------------------------------------------------------------------------------------
Tour_Id:			14
No_of_Customers:		1
No_of_Items:			0
Customer_Sequence:		90 

