Name:				211_n100_m200_bt3
Problem:			3L-VRPTW
Number_of_used_Vehicles:	14
Total_Travel_Distance:		1257.85
Calculation_Time:		1050.55
Total_Iterations:		17987
ConstraintSet:			P1

-------------------------------------------------------------------------------------------------------------------
Tour_Id:			1
No_of_Customers:		8
No_of_Items:			17
Customer_Sequence:		59 15 11 76 43 85 64 10 

CustId	Id	TypeId	Rotated	x	y	z	Length	Width	Height	mass	Fragility	LoadBearingStrength
10	22	3	0	0	0	0	17	9	11	604.12	0		45.704999
10	20	2	0	0	9	0	34	13	6	989.30	1		3.765698
10	21	2	0	0	9	6	34	13	6	989.30	1		3.765698
64	128	3	0	0	0	11	17	9	11	604.12	0		45.704999
64	126	1	0	0	0	22	16	7	6	506.07	0		9.135608
64	127	1	0	17	0	0	16	7	6	506.07	0		9.135608
85	172	3	0	33	0	0	17	9	11	604.12	0		45.704999
85	170	2	0	0	9	12	34	13	6	989.30	1		3.765698
85	171	2	0	0	9	18	34	13	6	989.30	1		3.765698
43	85	3	0	33	0	11	17	9	11	604.12	0		45.704999
43	84	1	0	33	0	22	16	7	6	506.07	0		9.135608
76	152	1	0	34	9	0	16	7	6	506.07	0		9.135608
76	153	1	0	34	16	0	16	7	6	506.07	0		9.135608
11	23	1	0	34	9	6	16	7	6	506.07	0		9.135608
15	31	1	0	34	16	6	16	7	6	506.07	0		9.135608
15	32	1	0	34	9	12	16	7	6	506.07	0		9.135608
59	116	2	0	0	7	24	34	13	6	989.30	1		3.765698


-------------------------------------------------------------------------------------------------------------------
Tour_Id:			2
No_of_Customers:		8
No_of_Items:			16
Customer_Sequence:		30 69 25 83 20 17 97 23 

CustId	Id	TypeId	Rotated	x	y	z	Length	Width	Height	mass	Fragility	LoadBearingStrength
23	48	2	0	0	0	0	34	13	6	989.30	1		3.765698
97	193	3	0	0	13	0	17	9	11	604.12	0		45.704999
97	194	3	0	0	13	11	17	9	11	604.12	0		45.704999
97	192	1	0	0	13	22	16	7	6	506.07	0		9.135608
20	43	2	0	0	0	6	34	13	6	989.30	1		3.765698
17	35	3	0	17	13	0	17	9	11	604.12	0		45.704999
17	36	3	0	17	13	11	17	9	11	604.12	0		45.704999
20	42	1	0	16	13	22	16	7	6	506.07	0		9.135608
17	34	3	0	34	13	0	17	9	11	604.12	0		45.704999
83	167	2	0	0	0	12	34	13	6	989.30	1		3.765698
25	50	2	0	0	0	18	34	13	6	989.30	1		3.765698
25	51	2	0	0	0	24	34	13	6	989.30	1		3.765698
69	140	3	0	34	0	0	17	9	11	604.12	0		45.704999
69	139	1	0	34	0	11	16	7	6	506.07	0		9.135608
30	61	3	0	34	13	11	17	9	11	604.12	0		45.704999
30	60	1	0	32	13	22	16	7	6	506.07	0		9.135608


-------------------------------------------------------------------------------------------------------------------
Tour_Id:			3
No_of_Customers:		8
No_of_Items:			16
Customer_Sequence:		27 71 14 21 61 42 53 98 

CustId	Id	TypeId	Rotated	x	y	z	Length	Width	Height	mass	Fragility	LoadBearingStrength
98	195	2	0	0	0	0	34	13	6	989.30	1		3.765698
98	196	2	0	0	0	6	34	13	6	989.30	1		3.765698
53	104	2	0	0	0	12	34	13	6	989.30	1		3.765698
53	105	2	0	0	0	18	34	13	6	989.30	1		3.765698
42	82	3	0	0	13	0	17	9	11	604.12	0		45.704999
42	83	3	0	0	13	11	17	9	11	604.12	0		45.704999
61	119	3	0	17	13	0	17	9	11	604.12	0		45.704999
21	44	3	0	17	13	11	17	9	11	604.12	0		45.704999
21	45	3	0	34	0	0	17	9	11	604.12	0		45.704999
14	29	3	0	34	9	0	17	9	11	604.12	0		45.704999
14	30	3	0	34	0	11	17	9	11	604.12	0		45.704999
14	28	1	0	0	13	22	16	7	6	506.07	0		9.135608
71	144	3	0	34	9	11	17	9	11	604.12	0		45.704999
27	54	3	1	51	0	0	17	9	11	604.12	0		45.704999
27	55	3	1	51	0	11	17	9	11	604.12	0		45.704999
27	53	2	0	0	0	24	34	13	6	989.30	1		3.765698


-------------------------------------------------------------------------------------------------------------------
Tour_Id:			4
No_of_Customers:		5
No_of_Items:			9
Customer_Sequence:		48 26 5 16 13 

CustId	Id	TypeId	Rotated	x	y	z	Length	Width	Height	mass	Fragility	LoadBearingStrength
13	27	3	0	0	0	0	17	9	11	604.12	0		45.704999
13	26	2	0	0	9	0	34	13	6	989.30	1		3.765698
16	33	3	0	0	0	11	17	9	11	604.12	0		45.704999
5	11	1	0	0	0	22	16	7	6	506.07	0		9.135608
5	12	2	0	0	9	6	34	13	6	989.30	1		3.765698
26	52	2	0	0	9	12	34	13	6	989.30	1		3.765698
48	93	1	0	17	0	0	16	7	6	506.07	0		9.135608
48	94	2	0	0	9	18	34	13	6	989.30	1		3.765698
48	95	2	0	0	7	24	34	13	6	989.30	1		3.765698


-------------------------------------------------------------------------------------------------------------------
Tour_Id:			5
No_of_Customers:		9
No_of_Items:			18
Customer_Sequence:		47 78 35 87 67 8 40 9 36 

CustId	Id	TypeId	Rotated	x	y	z	Length	Width	Height	mass	Fragility	LoadBearingStrength
36	72	3	0	0	0	0	17	9	11	604.12	0		45.704999
9	19	2	0	0	9	0	34	13	6	989.30	1		3.765698
40	79	3	0	0	0	11	17	9	11	604.12	0		45.704999
40	80	3	0	17	0	0	17	9	11	604.12	0		45.704999
8	18	3	0	17	0	11	17	9	11	604.12	0		45.704999
8	16	1	0	0	0	22	16	7	6	506.07	0		9.135608
87	175	2	0	0	9	6	34	13	6	989.30	1		3.765698
67	134	3	0	34	0	0	17	9	11	604.12	0		45.704999
67	135	3	0	34	0	11	17	9	11	604.12	0		45.704999
87	174	1	0	16	0	22	16	7	6	506.07	0		9.135608
8	17	1	0	34	9	0	16	7	6	506.07	0		9.135608
35	71	3	0	34	16	0	17	9	11	604.12	0		45.704999
35	69	2	0	0	9	12	34	13	6	989.30	1		3.765698
35	70	2	0	0	9	18	34	13	6	989.30	1		3.765698
78	157	3	0	34	16	11	17	9	11	604.12	0		45.704999
78	158	3	1	51	0	0	17	9	11	604.12	0		45.704999
78	156	2	0	0	7	24	34	13	6	989.30	1		3.765698
47	92	1	0	32	0	22	16	7	6	506.07	0		9.135608


-------------------------------------------------------------------------------------------------------------------
Tour_Id:			6
No_of_Customers:		8
No_of_Items:			17
Customer_Sequence:		100 94 95 65 62 70 99 3 

CustId	Id	TypeId	Rotated	x	y	z	Length	Width	Height	mass	Fragility	LoadBearingStrength
3	7	3	0	0	0	0	17	9	11	604.12	0		45.704999
3	6	2	0	0	9	0	34	13	6	989.30	1		3.765698
99	198	3	0	0	0	11	17	9	11	604.12	0		45.704999
99	197	2	0	0	9	6	34	13	6	989.30	1		3.765698
70	142	3	0	17	0	0	17	9	11	604.12	0		45.704999
70	143	3	0	17	0	11	17	9	11	604.12	0		45.704999
70	141	1	0	0	0	22	16	7	6	506.07	0		9.135608
62	122	3	0	34	0	0	17	9	11	604.12	0		45.704999
62	120	1	0	16	0	22	16	7	6	506.07	0		9.135608
62	121	2	0	0	9	12	34	13	6	989.30	1		3.765698
65	129	1	0	34	9	0	16	7	6	506.07	0		9.135608
65	130	1	0	34	16	0	16	7	6	506.07	0		9.135608
65	131	2	0	0	9	18	34	13	6	989.30	1		3.765698
95	190	3	0	34	9	6	17	9	11	604.12	0		45.704999
94	189	3	0	34	0	11	17	9	11	604.12	0		45.704999
100	200	3	0	34	9	17	17	9	11	604.12	0		45.704999
100	199	2	0	0	7	24	34	13	6	989.30	1		3.765698


-------------------------------------------------------------------------------------------------------------------
Tour_Id:			7
No_of_Customers:		9
No_of_Items:			20
Customer_Sequence:		66 80 38 91 41 24 51 18 73 

CustId	Id	TypeId	Rotated	x	y	z	Length	Width	Height	mass	Fragility	LoadBearingStrength
73	149	3	0	0	0	0	17	9	11	604.12	0		45.704999
73	147	1	0	0	9	0	16	7	6	506.07	0		9.135608
73	148	1	0	0	16	0	16	7	6	506.07	0		9.135608
18	38	3	0	0	9	6	17	9	11	604.12	0		45.704999
18	37	2	0	17	0	0	34	13	6	989.30	1		3.765698
51	102	3	0	0	0	11	17	9	11	604.12	0		45.704999
51	100	1	0	0	9	17	16	7	6	506.07	0		9.135608
51	101	2	0	17	0	6	34	13	6	989.30	1		3.765698
24	49	1	0	0	0	22	16	7	6	506.07	0		9.135608
41	81	3	0	17	13	0	17	9	11	604.12	0		45.704999
91	184	3	0	17	13	11	17	9	11	604.12	0		45.704999
91	182	1	0	0	9	23	16	7	6	506.07	0		9.135608
91	183	1	0	17	13	22	16	7	6	506.07	0		9.135608
38	76	3	0	34	13	0	17	9	11	604.12	0		45.704999
38	75	1	0	34	13	11	16	7	6	506.07	0		9.135608
80	162	3	1	51	0	0	17	9	11	604.12	0		45.704999
80	160	1	0	34	13	17	16	7	6	506.07	0		9.135608
80	161	1	0	34	13	23	16	7	6	506.07	0		9.135608
66	132	1	1	51	0	11	16	7	6	506.07	0		9.135608
66	133	1	1	50	0	17	16	7	6	506.07	0		9.135608


-------------------------------------------------------------------------------------------------------------------
Tour_Id:			8
No_of_Customers:		4
No_of_Items:			8
Customer_Sequence:		32 96 84 28 

CustId	Id	TypeId	Rotated	x	y	z	Length	Width	Height	mass	Fragility	LoadBearingStrength
28	56	1	0	0	0	0	16	7	6	506.07	0		9.135608
28	57	1	0	0	7	0	16	7	6	506.07	0		9.135608
84	168	2	0	16	0	0	34	13	6	989.30	1		3.765698
84	169	2	0	0	0	6	34	13	6	989.30	1		3.765698
96	191	2	0	0	0	12	34	13	6	989.30	1		3.765698
32	63	1	0	0	14	0	16	7	6	506.07	0		9.135608
32	64	2	0	0	0	18	34	13	6	989.30	1		3.765698
32	65	2	0	0	0	24	34	13	6	989.30	1		3.765698


-------------------------------------------------------------------------------------------------------------------
Tour_Id:			9
No_of_Customers:		5
No_of_Items:			11
Customer_Sequence:		68 19 7 46 34 

CustId	Id	TypeId	Rotated	x	y	z	Length	Width	Height	mass	Fragility	LoadBearingStrength
34	68	2	0	0	0	0	34	13	6	989.30	1		3.765698
46	91	3	0	0	13	0	17	9	11	604.12	0		45.704999
46	90	2	0	0	0	6	34	13	6	989.30	1		3.765698
7	14	1	0	0	13	11	16	7	6	506.07	0		9.135608
7	15	1	0	0	13	17	16	7	6	506.07	0		9.135608
19	41	3	0	17	13	0	17	9	11	604.12	0		45.704999
19	39	2	0	0	0	12	34	13	6	989.30	1		3.765698
19	40	2	0	0	0	18	34	13	6	989.30	1		3.765698
68	137	3	0	16	13	11	17	9	11	604.12	0		45.704999
68	138	3	0	34	0	0	17	9	11	604.12	0		45.704999
68	136	2	0	0	0	24	34	13	6	989.30	1		3.765698


-------------------------------------------------------------------------------------------------------------------
Tour_Id:			10
No_of_Customers:		9
No_of_Items:			17
Customer_Sequence:		60 75 90 74 57 31 1 82 72 

CustId	Id	TypeId	Rotated	x	y	z	Length	Width	Height	mass	Fragility	LoadBearingStrength
72	145	2	0	0	0	0	34	13	6	989.30	1		3.765698
72	146	2	0	0	0	6	34	13	6	989.30	1		3.765698
82	165	3	0	0	13	0	17	9	11	604.12	0		45.704999
82	166	3	0	0	13	11	17	9	11	604.12	0		45.704999
82	164	1	0	0	13	22	16	7	6	506.07	0		9.135608
1	3	3	0	17	13	0	17	9	11	604.12	0		45.704999
1	1	1	0	17	13	11	16	7	6	506.07	0		9.135608
1	2	2	0	0	0	12	34	13	6	989.30	1		3.765698
31	62	1	0	17	13	17	16	7	6	506.07	0		9.135608
57	111	1	0	17	13	23	16	7	6	506.07	0		9.135608
57	112	1	0	34	0	0	16	7	6	506.07	0		9.135608
74	150	2	0	0	0	18	34	13	6	989.30	1		3.765698
90	180	1	0	34	7	0	16	7	6	506.07	0		9.135608
90	181	2	0	0	0	24	34	13	6	989.30	1		3.765698
75	151	1	0	34	14	0	16	7	6	506.07	0		9.135608
60	117	1	0	34	0	6	16	7	6	506.07	0		9.135608
60	118	1	0	34	7	6	16	7	6	506.07	0		9.135608


-------------------------------------------------------------------------------------------------------------------
Tour_Id:			11
No_of_Customers:		3
No_of_Items:			5
Customer_Sequence:		79 44 29 

CustId	Id	TypeId	Rotated	x	y	z	Length	Width	Height	mass	Fragility	LoadBearingStrength
29	58	2	0	0	0	0	34	13	6	989.30	1		3.765698
29	59	2	0	0	0	6	34	13	6	989.30	1		3.765698
44	86	2	0	0	0	12	34	13	6	989.30	1		3.765698
44	87	2	0	0	0	18	34	13	6	989.30	1		3.765698
79	159	2	0	0	0	24	34	13	6	989.30	1		3.765698


-------------------------------------------------------------------------------------------------------------------
Tour_Id:			12
No_of_Customers:		8
No_of_Items:			15
Customer_Sequence:		12 37 4 52 93 92 77 86 

CustId	Id	TypeId	Rotated	x	y	z	Length	Width	Height	mass	Fragility	LoadBearingStrength
86	173	1	0	0	0	0	16	7	6	506.07	0		9.135608
77	154	3	0	0	7	0	17	9	11	604.12	0		45.704999
77	155	3	0	0	16	0	17	9	11	604.12	0		45.704999
92	185	2	0	17	0	0	34	13	6	989.30	1		3.765698
93	186	1	0	0	0	6	16	7	6	506.07	0		9.135608
93	187	1	0	0	7	11	16	7	6	506.07	0		9.135608
93	188	2	0	17	0	6	34	13	6	989.30	1		3.765698
52	103	2	0	16	0	12	34	13	6	989.30	1		3.765698
4	8	3	0	0	14	11	17	9	11	604.12	0		45.704999
4	9	3	0	17	13	0	17	9	11	604.12	0		45.704999
4	10	3	0	17	13	11	17	9	11	604.12	0		45.704999
37	73	1	0	0	14	22	16	7	6	506.07	0		9.135608
37	74	2	0	16	0	18	34	13	6	989.30	1		3.765698
12	24	1	0	16	14	22	16	7	6	506.07	0		9.135608
12	25	2	0	16	0	24	34	13	6	989.30	1		3.765698


-------------------------------------------------------------------------------------------------------------------
Tour_Id:			13
No_of_Customers:		9
No_of_Items:			16
Customer_Sequence:		56 81 89 2 6 22 49 33 88 

CustId	Id	TypeId	Rotated	x	y	z	Length	Width	Height	mass	Fragility	LoadBearingStrength
88	178	3	0	0	0	0	17	9	11	604.12	0		45.704999
88	176	2	0	0	9	0	34	13	6	989.30	1		3.765698
88	177	2	0	0	9	6	34	13	6	989.30	1		3.765698
33	67	3	0	0	0	11	17	9	11	604.12	0		45.704999
33	66	2	0	0	9	12	34	13	6	989.30	1		3.765698
49	97	3	0	17	0	0	17	9	11	604.12	0		45.704999
49	98	3	0	17	0	11	17	9	11	604.12	0		45.704999
49	96	1	0	0	0	22	16	7	6	506.07	0		9.135608
22	46	1	0	16	0	22	16	7	6	506.07	0		9.135608
22	47	2	0	0	9	18	34	13	6	989.30	1		3.765698
6	13	1	0	34	0	0	16	7	6	506.07	0		9.135608
2	5	3	0	34	7	0	17	9	11	604.12	0		45.704999
2	4	1	0	34	16	0	16	7	6	506.07	0		9.135608
89	179	1	0	34	0	6	16	7	6	506.07	0		9.135608
81	163	3	0	34	7	11	17	9	11	604.12	0		45.704999
56	110	1	0	34	16	6	16	7	6	506.07	0		9.135608


-------------------------------------------------------------------------------------------------------------------
Tour_Id:			14
No_of_Customers:		7
No_of_Items:			15
Customer_Sequence:		39 45 55 58 63 54 50 

CustId	Id	TypeId	Rotated	x	y	z	Length	Width	Height	mass	Fragility	LoadBearingStrength
50	99	1	0	0	0	0	16	7	6	506.07	0		9.135608
54	107	3	0	0	7	0	17	9	11	604.12	0		45.704999
54	106	2	0	17	0	0	34	13	6	989.30	1		3.765698
63	123	1	0	0	16	0	16	7	6	506.07	0		9.135608
63	124	1	0	0	0	6	16	7	6	506.07	0		9.135608
63	125	2	0	17	0	6	34	13	6	989.30	1		3.765698
58	115	3	0	16	16	0	17	9	11	604.12	0		45.704999
58	113	1	0	0	16	6	16	7	6	506.07	0		9.135608
58	114	2	0	0	0	12	34	13	6	989.30	1		3.765698
55	109	3	0	16	16	11	17	9	11	604.12	0		45.704999
55	108	2	0	0	0	18	34	13	6	989.30	1		3.765698
45	89	3	0	33	13	0	17	9	11	604.12	0		45.704999
45	88	2	0	0	0	24	34	13	6	989.30	1		3.765698
39	78	3	0	33	13	11	17	9	11	604.12	0		45.704999
39	77	1	0	16	16	22	16	7	6	506.07	0		9.135608


