Name:				213_n100_m200_bt3
Problem:			3L-VRPTW
Number_of_used_Vehicles:	13
Total_Travel_Distance:		1024.08
Calculation_Time:		3600.00
Total_Iterations:		20929
ConstraintSet:			P1

-------------------------------------------------------------------------------------------------------------------
Tour_Id:			1
No_of_Customers:		9
No_of_Items:			18
Customer_Sequence:		73 15 69 31 33 96 13 37 67 

CustId	Id	TypeId	Rotated	x	y	z	Length	Width	Height	mass	Fragility	LoadBearingStrength
67	133	3	0	0	0	0	21	9	8	701.03	0		24.281757
67	131	2	0	0	9	0	30	8	7	512.16	1		7.230931
37	73	3	0	0	0	8	21	9	8	701.03	0		24.281757
13	25	2	0	0	17	0	30	8	7	512.16	1		7.230931
37	72	2	0	0	9	7	30	8	7	512.16	1		7.230931
67	132	2	0	21	0	0	30	8	7	512.16	1		7.230931
13	24	1	0	0	0	16	19	11	9	523.33	0		47.079212
33	63	1	0	30	9	0	19	11	9	523.33	0		47.079212
69	136	2	0	0	11	14	30	8	7	512.16	1		7.230931
33	64	2	0	0	17	7	30	8	7	512.16	1		7.230931
31	61	3	1	51	0	0	21	9	8	701.03	0		24.281757
96	191	2	0	21	0	7	30	8	7	512.16	1		7.230931
15	27	1	0	30	9	9	19	11	9	523.33	0		47.079212
15	28	2	0	0	11	21	30	8	7	512.16	1		7.230931
15	29	2	0	21	0	14	30	8	7	512.16	1		7.230931
73	143	1	0	30	9	18	19	11	9	523.33	0		47.079212
73	145	3	1	51	0	8	21	9	8	701.03	0		24.281757
73	144	2	0	19	0	21	30	8	7	512.16	1		7.230931


-------------------------------------------------------------------------------------------------------------------
Tour_Id:			2
No_of_Customers:		7
No_of_Items:			14
Customer_Sequence:		87 52 24 88 34 28 51 

CustId	Id	TypeId	Rotated	x	y	z	Length	Width	Height	mass	Fragility	LoadBearingStrength
51	98	1	0	0	0	0	19	11	9	523.33	0		47.079212
51	99	3	0	0	11	0	21	9	8	701.03	0		24.281757
28	55	1	0	0	11	8	19	11	9	523.33	0		47.079212
34	65	1	0	0	0	9	19	11	9	523.33	0		47.079212
34	66	1	0	0	11	17	19	11	9	523.33	0		47.079212
34	67	2	0	19	0	0	30	8	7	512.16	1		7.230931
88	176	1	0	0	0	18	19	11	9	523.33	0		47.079212
88	177	1	0	21	11	0	19	11	9	523.33	0		47.079212
88	178	1	0	21	11	9	19	11	9	523.33	0		47.079212
24	47	2	0	19	0	7	30	8	7	512.16	1		7.230931
24	48	2	0	19	0	14	30	8	7	512.16	1		7.230931
52	100	1	0	21	11	18	19	11	9	523.33	0		47.079212
52	101	2	0	19	0	21	30	8	7	512.16	1		7.230931
87	175	3	1	49	0	0	21	9	8	701.03	0		24.281757


-------------------------------------------------------------------------------------------------------------------
Tour_Id:			3
No_of_Customers:		9
No_of_Items:			18
Customer_Sequence:		41 100 8 16 48 79 56 86 59 

CustId	Id	TypeId	Rotated	x	y	z	Length	Width	Height	mass	Fragility	LoadBearingStrength
59	118	1	0	0	0	0	19	11	9	523.33	0		47.079212
59	119	1	0	0	11	0	19	11	9	523.33	0		47.079212
59	120	1	0	0	0	9	19	11	9	523.33	0		47.079212
86	172	1	0	0	11	9	19	11	9	523.33	0		47.079212
86	173	1	0	0	0	18	19	11	9	523.33	0		47.079212
86	174	2	0	19	0	0	30	8	7	512.16	1		7.230931
56	109	1	0	0	11	18	19	11	9	523.33	0		47.079212
56	111	3	0	19	8	0	21	9	8	701.03	0		24.281757
56	110	2	0	19	17	0	30	8	7	512.16	1		7.230931
79	157	2	0	19	0	7	30	8	7	512.16	1		7.230931
79	158	2	0	19	17	7	30	8	7	512.16	1		7.230931
48	92	3	0	19	8	8	21	9	8	701.03	0		24.281757
16	30	3	0	19	8	16	21	9	8	701.03	0		24.281757
8	15	2	0	19	0	14	30	8	7	512.16	1		7.230931
100	198	1	1	49	0	0	19	11	9	523.33	0		47.079212
100	200	3	1	49	0	9	21	9	8	701.03	0		24.281757
100	199	2	0	19	17	14	30	8	7	512.16	1		7.230931
41	78	1	1	49	0	17	19	11	9	523.33	0		47.079212


-------------------------------------------------------------------------------------------------------------------
Tour_Id:			4
No_of_Customers:		7
No_of_Items:			18
Customer_Sequence:		9 82 94 20 53 72 43 

CustId	Id	TypeId	Rotated	x	y	z	Length	Width	Height	mass	Fragility	LoadBearingStrength
43	84	3	0	0	0	0	21	9	8	701.03	0		24.281757
43	82	2	0	0	9	0	30	8	7	512.16	1		7.230931
43	83	2	0	0	17	0	30	8	7	512.16	1		7.230931
72	141	3	0	0	0	8	21	9	8	701.03	0		24.281757
72	142	3	0	0	0	16	21	9	8	701.03	0		24.281757
53	102	1	0	30	0	0	19	11	9	523.33	0		47.079212
53	103	2	0	0	9	7	30	8	7	512.16	1		7.230931
53	104	2	0	0	17	7	30	8	7	512.16	1		7.230931
94	187	2	0	0	9	14	30	8	7	512.16	1		7.230931
20	39	1	0	30	11	0	19	11	9	523.33	0		47.079212
20	40	2	0	0	17	14	30	8	7	512.16	1		7.230931
82	164	3	0	30	0	9	21	9	8	701.03	0		24.281757
94	188	2	0	0	9	21	30	8	7	512.16	1		7.230931
82	163	3	0	30	9	9	21	9	8	701.03	0		24.281757
20	38	1	1	49	0	0	19	11	9	523.33	0		47.079212
9	16	1	0	30	0	17	19	11	9	523.33	0		47.079212
9	18	3	0	30	11	17	21	9	8	701.03	0		24.281757
9	17	2	0	0	17	21	30	8	7	512.16	1		7.230931


-------------------------------------------------------------------------------------------------------------------
Tour_Id:			5
No_of_Customers:		8
No_of_Items:			15
Customer_Sequence:		55 6 44 85 36 47 77 63 

CustId	Id	TypeId	Rotated	x	y	z	Length	Width	Height	mass	Fragility	LoadBearingStrength
63	125	1	0	0	0	0	19	11	9	523.33	0		47.079212
63	127	3	0	0	11	0	21	9	8	701.03	0		24.281757
63	126	2	0	19	0	0	30	8	7	512.16	1		7.230931
77	155	3	0	0	11	8	21	9	8	701.03	0		24.281757
47	91	1	0	0	0	9	19	11	9	523.33	0		47.079212
77	154	2	0	21	8	0	30	8	7	512.16	1		7.230931
36	71	1	0	0	11	16	19	11	9	523.33	0		47.079212
85	170	1	0	0	0	18	19	11	9	523.33	0		47.079212
85	171	2	0	19	0	7	30	8	7	512.16	1		7.230931
44	85	3	0	21	16	0	21	9	8	701.03	0		24.281757
44	86	3	0	21	16	8	21	9	8	701.03	0		24.281757
6	10	3	0	21	16	16	21	9	8	701.03	0		24.281757
6	11	3	1	51	0	0	21	9	8	701.03	0		24.281757
6	12	3	1	49	0	8	21	9	8	701.03	0		24.281757
55	108	1	1	49	0	16	19	11	9	523.33	0		47.079212


-------------------------------------------------------------------------------------------------------------------
Tour_Id:			6
No_of_Customers:		10
No_of_Items:			16
Customer_Sequence:		78 23 49 29 97 46 66 2 99 26 

CustId	Id	TypeId	Rotated	x	y	z	Length	Width	Height	mass	Fragility	LoadBearingStrength
26	51	3	0	0	0	0	21	9	8	701.03	0		24.281757
99	196	1	0	0	9	0	19	11	9	523.33	0		47.079212
99	197	2	0	19	9	0	30	8	7	512.16	1		7.230931
2	2	1	0	0	9	9	19	11	9	523.33	0		47.079212
66	130	2	0	19	17	0	30	8	7	512.16	1		7.230931
46	90	2	0	19	9	7	30	8	7	512.16	1		7.230931
97	192	1	0	0	9	18	19	11	9	523.33	0		47.079212
97	193	2	0	19	17	7	30	8	7	512.16	1		7.230931
29	56	3	0	0	0	8	21	9	8	701.03	0		24.281757
29	57	3	0	0	0	16	21	9	8	701.03	0		24.281757
29	58	3	0	21	0	0	21	9	8	701.03	0		24.281757
49	93	2	0	19	9	14	30	8	7	512.16	1		7.230931
49	94	2	0	19	17	14	30	8	7	512.16	1		7.230931
49	95	2	0	19	9	21	30	8	7	512.16	1		7.230931
23	46	1	1	49	0	0	19	11	9	523.33	0		47.079212
78	156	3	1	49	0	9	21	9	8	701.03	0		24.281757


-------------------------------------------------------------------------------------------------------------------
Tour_Id:			7
No_of_Customers:		7
No_of_Items:			16
Customer_Sequence:		25 83 22 30 74 58 76 

CustId	Id	TypeId	Rotated	x	y	z	Length	Width	Height	mass	Fragility	LoadBearingStrength
76	151	1	0	0	0	0	19	11	9	523.33	0		47.079212
76	152	3	0	0	11	0	21	9	8	701.03	0		24.281757
76	153	3	0	0	11	8	21	9	8	701.03	0		24.281757
58	115	1	0	0	0	9	19	11	9	523.33	0		47.079212
58	117	3	0	0	11	16	21	9	8	701.03	0		24.281757
58	116	2	0	19	0	0	30	8	7	512.16	1		7.230931
74	146	1	0	0	0	18	19	11	9	523.33	0		47.079212
74	147	3	0	21	11	0	21	9	8	701.03	0		24.281757
30	59	1	0	21	11	8	19	11	9	523.33	0		47.079212
30	60	3	0	21	11	17	21	9	8	701.03	0		24.281757
22	45	3	1	49	0	0	21	9	8	701.03	0		24.281757
22	44	2	0	19	0	7	30	8	7	512.16	1		7.230931
83	165	1	1	49	0	8	19	11	9	523.33	0		47.079212
83	166	2	0	19	0	14	30	8	7	512.16	1		7.230931
25	50	3	1	49	0	17	21	9	8	701.03	0		24.281757
25	49	2	0	19	0	21	30	8	7	512.16	1		7.230931


-------------------------------------------------------------------------------------------------------------------
Tour_Id:			8
No_of_Customers:		9
No_of_Items:			18
Customer_Sequence:		18 90 57 65 12 21 32 3 39 

CustId	Id	TypeId	Rotated	x	y	z	Length	Width	Height	mass	Fragility	LoadBearingStrength
39	75	3	0	0	0	0	21	9	8	701.03	0		24.281757
3	3	1	0	0	9	0	19	11	9	523.33	0		47.079212
3	5	3	0	0	0	8	21	9	8	701.03	0		24.281757
3	4	2	0	19	9	0	30	8	7	512.16	1		7.230931
32	62	2	0	19	17	0	30	8	7	512.16	1		7.230931
21	41	1	0	0	9	9	19	11	9	523.33	0		47.079212
21	43	3	0	0	0	16	21	9	8	701.03	0		24.281757
21	42	2	0	19	9	7	30	8	7	512.16	1		7.230931
12	23	1	0	0	9	18	19	11	9	523.33	0		47.079212
65	129	3	0	21	0	0	21	9	8	701.03	0		24.281757
57	114	3	0	21	0	8	21	9	8	701.03	0		24.281757
57	112	2	0	19	17	7	30	8	7	512.16	1		7.230931
57	113	2	0	19	9	14	30	8	7	512.16	1		7.230931
90	180	1	1	49	0	0	19	11	9	523.33	0		47.079212
90	181	3	0	21	0	16	21	9	8	701.03	0		24.281757
18	33	1	1	49	0	9	19	11	9	523.33	0		47.079212
18	34	2	0	19	17	14	30	8	7	512.16	1		7.230931
18	35	2	0	19	9	21	30	8	7	512.16	1		7.230931


-------------------------------------------------------------------------------------------------------------------
Tour_Id:			9
No_of_Customers:		6
No_of_Items:			15
Customer_Sequence:		27 89 54 11 81 75 

CustId	Id	TypeId	Rotated	x	y	z	Length	Width	Height	mass	Fragility	LoadBearingStrength
75	148	1	0	0	0	0	19	11	9	523.33	0		47.079212
75	149	2	0	0	11	0	30	8	7	512.16	1		7.230931
75	150	2	0	0	11	7	30	8	7	512.16	1		7.230931
81	161	1	0	0	0	9	19	11	9	523.33	0		47.079212
81	162	1	0	0	0	18	19	11	9	523.33	0		47.079212
11	20	1	0	19	0	0	19	11	9	523.33	0		47.079212
11	22	3	0	19	0	9	21	9	8	701.03	0		24.281757
11	21	2	0	0	11	14	30	8	7	512.16	1		7.230931
27	52	1	0	19	0	17	19	11	9	523.33	0		47.079212
54	106	2	0	0	11	21	30	8	7	512.16	1		7.230931
54	105	1	0	30	11	0	19	11	9	523.33	0		47.079212
89	179	1	0	30	11	9	19	11	9	523.33	0		47.079212
54	107	3	1	49	0	0	21	9	8	701.03	0		24.281757
27	53	1	0	30	11	18	19	11	9	523.33	0		47.079212
27	54	3	1	49	0	8	21	9	8	701.03	0		24.281757


-------------------------------------------------------------------------------------------------------------------
Tour_Id:			10
No_of_Customers:		8
No_of_Items:			16
Customer_Sequence:		7 45 17 64 60 84 14 68 

CustId	Id	TypeId	Rotated	x	y	z	Length	Width	Height	mass	Fragility	LoadBearingStrength
68	134	1	0	0	0	0	19	11	9	523.33	0		47.079212
68	135	3	0	0	11	0	21	9	8	701.03	0		24.281757
14	26	1	0	0	11	8	19	11	9	523.33	0		47.079212
84	167	1	0	0	0	9	19	11	9	523.33	0		47.079212
84	169	3	0	0	11	17	21	9	8	701.03	0		24.281757
60	121	2	0	19	0	0	30	8	7	512.16	1		7.230931
84	168	1	0	0	0	18	19	11	9	523.33	0		47.079212
60	122	3	0	21	11	0	21	9	8	701.03	0		24.281757
64	128	3	0	21	11	8	21	9	8	701.03	0		24.281757
17	32	2	0	19	0	7	30	8	7	512.16	1		7.230931
17	31	1	0	21	11	16	19	11	9	523.33	0		47.079212
45	87	1	1	49	0	0	19	11	9	523.33	0		47.079212
45	89	3	1	49	0	9	21	9	8	701.03	0		24.281757
45	88	2	0	19	0	14	30	8	7	512.16	1		7.230931
7	14	3	1	49	0	17	21	9	8	701.03	0		24.281757
7	13	2	0	19	0	21	30	8	7	512.16	1		7.230931


-------------------------------------------------------------------------------------------------------------------
Tour_Id:			11
No_of_Customers:		9
No_of_Items:			15
Customer_Sequence:		1 70 38 50 91 5 10 71 93 

CustId	Id	TypeId	Rotated	x	y	z	Length	Width	Height	mass	Fragility	LoadBearingStrength
93	186	1	0	0	0	0	19	11	9	523.33	0		47.079212
71	138	3	0	0	11	0	21	9	8	701.03	0		24.281757
71	139	3	0	0	11	8	21	9	8	701.03	0		24.281757
71	140	3	0	0	0	9	21	9	8	701.03	0		24.281757
10	19	1	0	0	11	16	19	11	9	523.33	0		47.079212
5	7	1	0	0	0	17	19	11	9	523.33	0		47.079212
5	8	1	0	21	0	0	19	11	9	523.33	0		47.079212
5	9	2	0	21	11	0	30	8	7	512.16	1		7.230931
91	182	1	0	21	0	9	19	11	9	523.33	0		47.079212
91	183	3	0	19	0	18	21	9	8	701.03	0		24.281757
50	96	1	0	40	0	0	19	11	9	523.33	0		47.079212
50	97	2	0	21	11	7	30	8	7	512.16	1		7.230931
38	74	1	0	40	0	9	19	11	9	523.33	0		47.079212
70	137	2	0	21	11	14	30	8	7	512.16	1		7.230931
1	1	2	0	21	11	21	30	8	7	512.16	1		7.230931


-------------------------------------------------------------------------------------------------------------------
Tour_Id:			12
No_of_Customers:		10
No_of_Items:			18
Customer_Sequence:		42 92 4 95 62 19 80 40 61 98 

CustId	Id	TypeId	Rotated	x	y	z	Length	Width	Height	mass	Fragility	LoadBearingStrength
19	36	2	0	0	0	0	30	8	7	512.16	1		7.230931
61	123	2	0	0	8	0	30	8	7	512.16	1		7.230931
98	195	3	0	0	16	0	21	9	8	701.03	0		24.281757
40	77	3	0	0	16	8	21	9	8	701.03	0		24.281757
40	76	2	0	0	8	7	30	8	7	512.16	1		7.230931
98	194	3	0	21	16	0	21	9	8	701.03	0		24.281757
80	160	3	0	0	16	16	21	9	8	701.03	0		24.281757
80	159	2	0	0	8	14	30	8	7	512.16	1		7.230931
19	37	2	0	0	0	7	30	8	7	512.16	1		7.230931
62	124	2	0	0	0	14	30	8	7	512.16	1		7.230931
95	189	1	0	30	0	0	19	11	9	523.33	0		47.079212
95	190	2	0	0	0	21	30	8	7	512.16	1		7.230931
4	6	3	0	21	16	8	21	9	8	701.03	0		24.281757
92	184	1	0	30	0	9	19	11	9	523.33	0		47.079212
92	185	2	0	0	8	21	30	8	7	512.16	1		7.230931
42	79	1	0	30	0	18	19	11	9	523.33	0		47.079212
42	80	3	0	21	16	16	21	9	8	701.03	0		24.281757
42	81	3	1	49	0	0	21	9	8	701.03	0		24.281757


-------------------------------------------------------------------------------------------------------------------
Tour_Id:			13
No_of_Customers:		1
No_of_Items:			0
Customer_Sequence:		35 

