Name:				214_n100_m200_bt3
Problem:			3L-VRPTW
Number_of_used_Vehicles:	24
Total_Travel_Distance:		1922.14
Calculation_Time:		132.80
Total_Iterations:		25001
ConstraintSet:			P1

-------------------------------------------------------------------------------------------------------------------
Tour_Id:			1
No_of_Customers:		4
No_of_Items:			8
Customer_Sequence:		8 91 67 29 

CustId	Id	TypeId	Rotated	x	y	z	Length	Width	Height	mass	Fragility	LoadBearingStrength
29	56	3	0	0	0	0	17	14	13	1003.78	0		21.646053
29	55	1	0	17	0	0	25	14	8	1418.57	1		5.914095
67	138	1	0	17	0	8	25	14	8	1418.57	1		5.914095
91	185	2	0	0	14	0	15	11	10	1586.93	0		48.051801
91	184	1	0	17	0	16	25	14	8	1418.57	1		5.914095
8	17	2	0	0	14	10	15	11	10	1586.93	0		48.051801
8	15	1	1	42	0	0	25	14	8	1418.57	1		5.914095
8	16	1	1	42	0	8	25	14	8	1418.57	1		5.914095


-------------------------------------------------------------------------------------------------------------------
Tour_Id:			2
No_of_Customers:		5
No_of_Items:			9
Customer_Sequence:		30 80 61 89 69 

CustId	Id	TypeId	Rotated	x	y	z	Length	Width	Height	mass	Fragility	LoadBearingStrength
69	142	1	0	0	0	0	25	14	8	1418.57	1		5.914095
89	180	1	0	0	0	8	25	14	8	1418.57	1		5.914095
89	181	1	0	0	0	16	25	14	8	1418.57	1		5.914095
61	126	3	0	25	0	0	17	14	13	1003.78	0		21.646053
80	164	3	0	25	0	13	17	14	13	1003.78	0		21.646053
80	163	2	0	0	14	0	15	11	10	1586.93	0		48.051801
80	162	1	1	42	0	0	25	14	8	1418.57	1		5.914095
30	58	2	0	0	14	10	15	11	10	1586.93	0		48.051801
30	57	1	1	42	0	8	25	14	8	1418.57	1		5.914095


-------------------------------------------------------------------------------------------------------------------
Tour_Id:			3
No_of_Customers:		4
No_of_Items:			9
Customer_Sequence:		49 86 31 100 

CustId	Id	TypeId	Rotated	x	y	z	Length	Width	Height	mass	Fragility	LoadBearingStrength
100	200	3	0	0	0	0	17	14	13	1003.78	0		21.646053
31	60	2	0	0	14	0	15	11	10	1586.93	0		48.051801
86	176	3	0	0	0	13	17	14	13	1003.78	0		21.646053
31	61	3	0	17	0	0	17	14	13	1003.78	0		21.646053
86	175	3	0	17	0	13	17	14	13	1003.78	0		21.646053
31	59	1	0	34	0	0	25	14	8	1418.57	1		5.914095
86	174	2	0	0	14	10	15	11	10	1586.93	0		48.051801
49	97	2	0	0	14	20	15	11	10	1586.93	0		48.051801
49	96	1	0	34	0	8	25	14	8	1418.57	1		5.914095


-------------------------------------------------------------------------------------------------------------------
Tour_Id:			4
No_of_Customers:		4
No_of_Items:			8
Customer_Sequence:		97 2 54 22 

CustId	Id	TypeId	Rotated	x	y	z	Length	Width	Height	mass	Fragility	LoadBearingStrength
22	44	2	0	0	0	0	15	11	10	1586.93	0		48.051801
54	112	3	0	0	11	0	17	14	13	1003.78	0		21.646053
54	111	2	0	0	0	10	15	11	10	1586.93	0		48.051801
54	110	1	0	17	0	0	25	14	8	1418.57	1		5.914095
2	3	1	0	17	0	8	25	14	8	1418.57	1		5.914095
2	4	1	0	15	0	16	25	14	8	1418.57	1		5.914095
97	196	1	1	42	0	0	25	14	8	1418.57	1		5.914095
97	197	1	1	42	0	8	25	14	8	1418.57	1		5.914095


-------------------------------------------------------------------------------------------------------------------
Tour_Id:			5
No_of_Customers:		4
No_of_Items:			8
Customer_Sequence:		39 90 33 20 

CustId	Id	TypeId	Rotated	x	y	z	Length	Width	Height	mass	Fragility	LoadBearingStrength
20	41	3	0	0	0	0	17	14	13	1003.78	0		21.646053
20	42	3	0	0	0	13	17	14	13	1003.78	0		21.646053
33	64	3	0	17	0	0	17	14	13	1003.78	0		21.646053
33	63	2	0	0	14	0	15	11	10	1586.93	0		48.051801
90	183	2	0	0	14	10	15	11	10	1586.93	0		48.051801
90	182	1	0	34	0	0	25	14	8	1418.57	1		5.914095
39	75	3	0	17	0	13	17	14	13	1003.78	0		21.646053
39	74	1	0	34	0	8	25	14	8	1418.57	1		5.914095


-------------------------------------------------------------------------------------------------------------------
Tour_Id:			6
No_of_Customers:		3
No_of_Items:			8
Customer_Sequence:		64 17 38 

CustId	Id	TypeId	Rotated	x	y	z	Length	Width	Height	mass	Fragility	LoadBearingStrength
38	72	3	0	0	0	0	17	14	13	1003.78	0		21.646053
38	73	3	0	0	0	13	17	14	13	1003.78	0		21.646053
38	71	1	0	17	0	0	25	14	8	1418.57	1		5.914095
17	35	3	0	42	0	0	17	14	13	1003.78	0		21.646053
17	34	1	0	17	0	8	25	14	8	1418.57	1		5.914095
64	134	3	0	42	0	13	17	14	13	1003.78	0		21.646053
64	133	2	0	0	14	0	15	11	10	1586.93	0		48.051801
64	132	1	0	17	0	16	25	14	8	1418.57	1		5.914095


-------------------------------------------------------------------------------------------------------------------
Tour_Id:			7
No_of_Customers:		3
No_of_Items:			9
Customer_Sequence:		72 52 6 

CustId	Id	TypeId	Rotated	x	y	z	Length	Width	Height	mass	Fragility	LoadBearingStrength
6	12	1	0	0	0	0	25	14	8	1418.57	1		5.914095
6	11	1	0	0	0	8	25	14	8	1418.57	1		5.914095
6	13	3	0	25	0	0	17	14	13	1003.78	0		21.646053
52	104	1	0	0	0	16	25	14	8	1418.57	1		5.914095
72	147	3	0	25	0	13	17	14	13	1003.78	0		21.646053
52	105	2	0	0	14	0	15	11	10	1586.93	0		48.051801
52	106	2	0	0	14	10	15	11	10	1586.93	0		48.051801
72	146	2	0	0	14	20	15	11	10	1586.93	0		48.051801
72	145	1	1	42	0	0	25	14	8	1418.57	1		5.914095


-------------------------------------------------------------------------------------------------------------------
Tour_Id:			8
No_of_Customers:		4
No_of_Items:			8
Customer_Sequence:		92 25 94 68 

CustId	Id	TypeId	Rotated	x	y	z	Length	Width	Height	mass	Fragility	LoadBearingStrength
68	140	2	0	0	0	0	15	11	10	1586.93	0		48.051801
68	141	2	0	0	11	0	15	11	10	1586.93	0		48.051801
68	139	1	1	0	0	10	25	14	8	1418.57	1		5.914095
94	189	3	0	15	0	0	17	14	13	1003.78	0		21.646053
94	190	3	0	14	0	13	17	14	13	1003.78	0		21.646053
25	48	1	0	32	0	0	25	14	8	1418.57	1		5.914095
25	49	1	0	32	0	8	25	14	8	1418.57	1		5.914095
92	186	2	0	15	14	0	15	11	10	1586.93	0		48.051801


-------------------------------------------------------------------------------------------------------------------
Tour_Id:			9
No_of_Customers:		4
No_of_Items:			9
Customer_Sequence:		78 44 51 75 

CustId	Id	TypeId	Rotated	x	y	z	Length	Width	Height	mass	Fragility	LoadBearingStrength
75	151	1	0	0	0	0	25	14	8	1418.57	1		5.914095
75	152	1	0	0	0	8	25	14	8	1418.57	1		5.914095
51	103	3	0	25	0	0	17	14	13	1003.78	0		21.646053
51	101	2	0	0	14	0	15	11	10	1586.93	0		48.051801
51	102	2	0	0	14	10	15	11	10	1586.93	0		48.051801
44	88	3	0	25	0	13	17	14	13	1003.78	0		21.646053
44	87	2	0	0	14	20	15	11	10	1586.93	0		48.051801
78	159	3	0	42	0	0	17	14	13	1003.78	0		21.646053
78	158	2	0	15	14	0	15	11	10	1586.93	0		48.051801


-------------------------------------------------------------------------------------------------------------------
Tour_Id:			10
No_of_Customers:		4
No_of_Items:			8
Customer_Sequence:		32 1 26 41 

CustId	Id	TypeId	Rotated	x	y	z	Length	Width	Height	mass	Fragility	LoadBearingStrength
41	81	3	0	0	0	0	17	14	13	1003.78	0		21.646053
41	80	2	0	0	14	0	15	11	10	1586.93	0		48.051801
41	79	1	0	17	0	0	25	14	8	1418.57	1		5.914095
26	50	1	0	17	0	8	25	14	8	1418.57	1		5.914095
26	51	1	0	17	0	16	25	14	8	1418.57	1		5.914095
1	1	1	1	42	0	0	25	14	8	1418.57	1		5.914095
1	2	1	1	42	0	8	25	14	8	1418.57	1		5.914095
32	62	1	1	42	0	16	25	14	8	1418.57	1		5.914095


-------------------------------------------------------------------------------------------------------------------
Tour_Id:			11
No_of_Customers:		4
No_of_Items:			8
Customer_Sequence:		53 59 46 99 

CustId	Id	TypeId	Rotated	x	y	z	Length	Width	Height	mass	Fragility	LoadBearingStrength
99	199	2	0	0	0	0	15	11	10	1586.93	0		48.051801
46	90	1	0	0	11	0	25	14	8	1418.57	1		5.914095
59	122	2	0	0	0	10	15	11	10	1586.93	0		48.051801
59	120	1	0	0	11	8	25	14	8	1418.57	1		5.914095
59	121	1	0	0	11	16	25	14	8	1418.57	1		5.914095
53	109	3	0	25	0	0	17	14	13	1003.78	0		21.646053
53	107	1	1	42	0	0	25	14	8	1418.57	1		5.914095
53	108	1	1	42	0	8	25	14	8	1418.57	1		5.914095


-------------------------------------------------------------------------------------------------------------------
Tour_Id:			12
No_of_Customers:		5
No_of_Items:			9
Customer_Sequence:		42 87 47 45 88 

CustId	Id	TypeId	Rotated	x	y	z	Length	Width	Height	mass	Fragility	LoadBearingStrength
88	178	1	0	0	0	0	25	14	8	1418.57	1		5.914095
88	179	1	0	0	0	8	25	14	8	1418.57	1		5.914095
45	89	1	0	0	0	16	25	14	8	1418.57	1		5.914095
47	92	3	0	25	0	0	17	14	13	1003.78	0		21.646053
47	91	2	0	0	14	0	15	11	10	1586.93	0		48.051801
87	177	3	0	25	0	13	17	14	13	1003.78	0		21.646053
42	84	2	0	0	14	10	15	11	10	1586.93	0		48.051801
42	82	1	1	42	0	0	25	14	8	1418.57	1		5.914095
42	83	1	1	42	0	8	25	14	8	1418.57	1		5.914095


-------------------------------------------------------------------------------------------------------------------
Tour_Id:			13
No_of_Customers:		3
No_of_Items:			8
Customer_Sequence:		95 40 96 

CustId	Id	TypeId	Rotated	x	y	z	Length	Width	Height	mass	Fragility	LoadBearingStrength
96	194	2	0	0	0	0	15	11	10	1586.93	0		48.051801
96	195	2	0	0	11	0	15	11	10	1586.93	0		48.051801
96	193	1	1	0	0	10	25	14	8	1418.57	1		5.914095
40	78	3	0	15	0	0	17	14	13	1003.78	0		21.646053
40	77	2	0	14	0	13	15	11	10	1586.93	0		48.051801
40	76	1	1	0	0	18	25	14	8	1418.57	1		5.914095
95	192	3	0	32	0	0	17	14	13	1003.78	0		21.646053
95	191	1	0	29	0	13	25	14	8	1418.57	1		5.914095


-------------------------------------------------------------------------------------------------------------------
Tour_Id:			14
No_of_Customers:		5
No_of_Items:			9
Customer_Sequence:		34 23 10 98 63 

CustId	Id	TypeId	Rotated	x	y	z	Length	Width	Height	mass	Fragility	LoadBearingStrength
63	131	3	0	0	0	0	17	14	13	1003.78	0		21.646053
63	130	2	0	0	14	0	15	11	10	1586.93	0		48.051801
63	129	1	0	17	0	0	25	14	8	1418.57	1		5.914095
98	198	2	0	0	14	10	15	11	10	1586.93	0		48.051801
10	21	3	0	0	0	13	17	14	13	1003.78	0		21.646053
10	20	2	0	0	14	20	15	11	10	1586.93	0		48.051801
23	46	3	0	42	0	0	17	14	13	1003.78	0		21.646053
23	45	1	0	17	0	8	25	14	8	1418.57	1		5.914095
34	65	3	0	42	0	13	17	14	13	1003.78	0		21.646053


-------------------------------------------------------------------------------------------------------------------
Tour_Id:			15
No_of_Customers:		4
No_of_Items:			8
Customer_Sequence:		15 18 62 27 

CustId	Id	TypeId	Rotated	x	y	z	Length	Width	Height	mass	Fragility	LoadBearingStrength
27	53	2	0	0	0	0	15	11	10	1586.93	0		48.051801
27	52	1	0	0	11	0	25	14	8	1418.57	1		5.914095
62	128	2	0	0	0	10	15	11	10	1586.93	0		48.051801
62	127	1	0	0	11	8	25	14	8	1418.57	1		5.914095
18	37	3	0	25	0	0	17	14	13	1003.78	0		21.646053
18	36	2	0	0	0	20	15	11	10	1586.93	0		48.051801
15	32	2	0	25	14	0	15	11	10	1586.93	0		48.051801
15	31	1	0	0	11	16	25	14	8	1418.57	1		5.914095


-------------------------------------------------------------------------------------------------------------------
Tour_Id:			16
No_of_Customers:		5
No_of_Items:			9
Customer_Sequence:		3 11 57 56 28 

CustId	Id	TypeId	Rotated	x	y	z	Length	Width	Height	mass	Fragility	LoadBearingStrength
28	54	1	0	0	0	0	25	14	8	1418.57	1		5.914095
56	116	1	0	0	0	8	25	14	8	1418.57	1		5.914095
3	5	1	0	0	0	16	25	14	8	1418.57	1		5.914095
57	118	3	0	25	0	0	17	14	13	1003.78	0		21.646053
57	117	2	0	0	14	0	15	11	10	1586.93	0		48.051801
11	23	3	0	42	0	0	17	14	13	1003.78	0		21.646053
3	7	3	0	25	0	13	17	14	13	1003.78	0		21.646053
3	6	2	0	0	14	10	15	11	10	1586.93	0		48.051801
11	22	2	0	15	14	0	15	11	10	1586.93	0		48.051801


-------------------------------------------------------------------------------------------------------------------
Tour_Id:			17
No_of_Customers:		5
No_of_Items:			7
Customer_Sequence:		7 21 70 35 76 

CustId	Id	TypeId	Rotated	x	y	z	Length	Width	Height	mass	Fragility	LoadBearingStrength
76	153	1	0	0	0	0	25	14	8	1418.57	1		5.914095
76	155	2	0	0	14	0	15	11	10	1586.93	0		48.051801
76	154	2	0	0	14	10	15	11	10	1586.93	0		48.051801
35	66	1	0	0	0	8	25	14	8	1418.57	1		5.914095
70	143	1	0	0	0	16	25	14	8	1418.57	1		5.914095
21	43	3	0	25	0	0	17	14	13	1003.78	0		21.646053
7	14	1	1	42	0	0	25	14	8	1418.57	1		5.914095


-------------------------------------------------------------------------------------------------------------------
Tour_Id:			18
No_of_Customers:		4
No_of_Items:			9
Customer_Sequence:		84 36 79 12 

CustId	Id	TypeId	Rotated	x	y	z	Length	Width	Height	mass	Fragility	LoadBearingStrength
12	26	3	0	0	0	0	17	14	13	1003.78	0		21.646053
12	25	2	0	0	14	0	15	11	10	1586.93	0		48.051801
12	24	1	0	17	0	0	25	14	8	1418.57	1		5.914095
79	160	1	0	17	0	8	25	14	8	1418.57	1		5.914095
79	161	1	0	17	0	16	25	14	8	1418.57	1		5.914095
36	68	3	0	42	0	0	17	14	13	1003.78	0		21.646053
36	67	2	0	0	14	10	15	11	10	1586.93	0		48.051801
84	172	3	0	42	0	13	17	14	13	1003.78	0		21.646053
84	171	2	0	0	14	20	15	11	10	1586.93	0		48.051801


-------------------------------------------------------------------------------------------------------------------
Tour_Id:			19
No_of_Customers:		5
No_of_Items:			9
Customer_Sequence:		9 16 65 73 93 

CustId	Id	TypeId	Rotated	x	y	z	Length	Width	Height	mass	Fragility	LoadBearingStrength
93	187	3	0	0	0	0	17	14	13	1003.78	0		21.646053
93	188	3	0	0	0	13	17	14	13	1003.78	0		21.646053
73	148	1	0	17	0	0	25	14	8	1418.57	1		5.914095
73	149	1	0	17	0	8	25	14	8	1418.57	1		5.914095
65	135	2	0	0	14	0	15	11	10	1586.93	0		48.051801
65	136	2	0	0	14	10	15	11	10	1586.93	0		48.051801
16	33	3	0	42	0	0	17	14	13	1003.78	0		21.646053
9	19	2	0	0	14	20	15	11	10	1586.93	0		48.051801
9	18	1	0	17	0	16	25	14	8	1418.57	1		5.914095


-------------------------------------------------------------------------------------------------------------------
Tour_Id:			20
No_of_Customers:		3
No_of_Items:			9
Customer_Sequence:		81 50 48 

CustId	Id	TypeId	Rotated	x	y	z	Length	Width	Height	mass	Fragility	LoadBearingStrength
48	93	2	0	0	0	0	15	11	10	1586.93	0		48.051801
50	100	1	0	0	11	0	25	14	8	1418.57	1		5.914095
48	95	2	0	0	0	10	15	11	10	1586.93	0		48.051801
50	98	1	0	0	11	8	25	14	8	1418.57	1		5.914095
50	99	1	0	0	11	16	25	14	8	1418.57	1		5.914095
48	94	2	0	0	0	20	15	11	10	1586.93	0		48.051801
81	165	3	0	25	0	0	17	14	13	1003.78	0		21.646053
81	166	3	0	25	0	13	17	14	13	1003.78	0		21.646053
81	167	3	0	42	0	0	17	14	13	1003.78	0		21.646053


-------------------------------------------------------------------------------------------------------------------
Tour_Id:			21
No_of_Customers:		5
No_of_Items:			7
Customer_Sequence:		82 5 66 77 24 

CustId	Id	TypeId	Rotated	x	y	z	Length	Width	Height	mass	Fragility	LoadBearingStrength
24	47	1	0	0	0	0	25	14	8	1418.57	1		5.914095
77	157	3	0	25	0	0	17	14	13	1003.78	0		21.646053
77	156	1	0	0	0	8	25	14	8	1418.57	1		5.914095
66	137	1	0	0	0	16	25	14	8	1418.57	1		5.914095
5	10	2	0	0	14	0	15	11	10	1586.93	0		48.051801
82	169	2	0	0	14	10	15	11	10	1586.93	0		48.051801
82	168	1	1	42	0	0	25	14	8	1418.57	1		5.914095


-------------------------------------------------------------------------------------------------------------------
Tour_Id:			22
No_of_Customers:		5
No_of_Items:			8
Customer_Sequence:		85 43 13 83 4 

CustId	Id	TypeId	Rotated	x	y	z	Length	Width	Height	mass	Fragility	LoadBearingStrength
4	9	3	0	0	0	0	17	14	13	1003.78	0		21.646053
4	8	1	0	17	0	0	25	14	8	1418.57	1		5.914095
83	170	1	0	17	0	8	25	14	8	1418.57	1		5.914095
13	27	2	0	0	14	0	15	11	10	1586.93	0		48.051801
13	28	2	0	0	14	10	15	11	10	1586.93	0		48.051801
43	86	2	0	0	14	20	15	11	10	1586.93	0		48.051801
43	85	1	0	17	0	16	25	14	8	1418.57	1		5.914095
85	173	1	1	42	0	0	25	14	8	1418.57	1		5.914095


-------------------------------------------------------------------------------------------------------------------
Tour_Id:			23
No_of_Customers:		3
No_of_Items:			8
Customer_Sequence:		55 19 37 

CustId	Id	TypeId	Rotated	x	y	z	Length	Width	Height	mass	Fragility	LoadBearingStrength
37	69	2	0	0	0	0	15	11	10	1586.93	0		48.051801
37	70	2	0	0	11	0	15	11	10	1586.93	0		48.051801
19	40	2	0	0	0	10	15	11	10	1586.93	0		48.051801
19	38	1	0	15	0	0	25	14	8	1418.57	1		5.914095
19	39	1	0	15	0	8	25	14	8	1418.57	1		5.914095
55	114	2	0	0	0	20	15	11	10	1586.93	0		48.051801
55	115	2	0	15	14	0	15	11	10	1586.93	0		48.051801
55	113	1	0	15	0	16	25	14	8	1418.57	1		5.914095


-------------------------------------------------------------------------------------------------------------------
Tour_Id:			24
No_of_Customers:		5
No_of_Items:			8
Customer_Sequence:		74 71 14 58 60 

CustId	Id	TypeId	Rotated	x	y	z	Length	Width	Height	mass	Fragility	LoadBearingStrength
60	124	3	0	0	0	0	17	14	13	1003.78	0		21.646053
60	125	3	0	0	0	13	17	14	13	1003.78	0		21.646053
60	123	1	0	17	0	0	25	14	8	1418.57	1		5.914095
58	119	2	0	0	14	0	15	11	10	1586.93	0		48.051801
14	30	2	0	0	14	10	15	11	10	1586.93	0		48.051801
14	29	1	0	17	0	8	25	14	8	1418.57	1		5.914095
71	144	3	0	42	0	0	17	14	13	1003.78	0		21.646053
74	150	1	0	17	0	16	25	14	8	1418.57	1		5.914095


