Name:				216_n100_m200_bt10
Problem:			3L-VRPTW
Number_of_used_Vehicles:	19
Total_Travel_Distance:		1607.78
Calculation_Time:		3600.00
Total_Iterations:		19582
ConstraintSet:			P1

-------------------------------------------------------------------------------------------------------------------
Tour_Id:			1
No_of_Customers:		6
No_of_Items:			10
Customer_Sequence:		26 1 47 21 81 90 

CustId	Id	TypeId	Rotated	x	y	z	Length	Width	Height	mass	Fragility	LoadBearingStrength
81	163	6	0	0	0	0	13	10	7	410.49	0		35.286397
90	181	9	0	0	10	0	25	7	8	621.50	0		20.181092
21	50	9	0	0	17	0	25	7	8	621.50	0		20.181092
21	49	6	0	0	0	7	13	10	7	410.49	0		35.286397
47	105	10	0	0	10	8	17	12	7	320.03	0		16.505862
1	1	4	0	25	0	0	33	14	13	1958.38	0		13.524343
1	2	6	0	0	0	14	13	10	7	410.49	0		35.286397
26	60	4	0	17	0	13	33	14	13	1958.38	0		13.524343
26	62	9	0	25	14	0	25	7	8	621.50	0		20.181092
26	61	8	0	17	14	8	32	9	10	637.64	1		2.516732


-------------------------------------------------------------------------------------------------------------------
Tour_Id:			2
No_of_Customers:		5
No_of_Items:			10
Customer_Sequence:		75 64 38 12 96 

CustId	Id	TypeId	Rotated	x	y	z	Length	Width	Height	mass	Fragility	LoadBearingStrength
96	193	10	0	0	0	0	17	12	7	320.03	0		16.505862
12	29	4	0	17	0	0	33	14	13	1958.38	0		13.524343
96	191	8	0	0	14	0	32	9	10	637.64	1		2.516732
96	192	9	0	32	14	0	25	7	8	621.50	0		20.181092
12	30	10	0	0	0	7	17	12	7	320.03	0		16.505862
64	134	4	0	17	0	13	33	14	13	1958.38	0		13.524343
38	86	6	0	0	0	14	13	10	7	410.49	0		35.286397
38	87	8	0	0	14	10	32	9	10	637.64	1		2.516732
12	28	1	1	50	0	0	12	7	12	441.74	1		4.642376
75	155	9	0	32	14	8	25	7	8	621.50	0		20.181092


-------------------------------------------------------------------------------------------------------------------
Tour_Id:			3
No_of_Customers:		3
No_of_Items:			8
Customer_Sequence:		56 19 43 

CustId	Id	TypeId	Rotated	x	y	z	Length	Width	Height	mass	Fragility	LoadBearingStrength
43	97	4	0	0	0	0	33	14	13	1958.38	0		13.524343
43	98	6	0	0	14	0	13	10	7	410.49	0		35.286397
19	43	4	0	0	0	13	33	14	13	1958.38	0		13.524343
19	45	10	0	33	0	0	17	12	7	320.03	0		16.505862
19	44	6	0	0	14	7	13	10	7	410.49	0		35.286397
56	123	7	0	13	14	0	28	10	11	331.06	0		9.926699
56	122	2	0	13	14	11	31	7	12	1246.87	0		40.924276
56	121	1	0	0	14	14	12	7	12	441.74	1		4.642376


-------------------------------------------------------------------------------------------------------------------
Tour_Id:			4
No_of_Customers:		5
No_of_Items:			9
Customer_Sequence:		27 82 70 45 51 

CustId	Id	TypeId	Rotated	x	y	z	Length	Width	Height	mass	Fragility	LoadBearingStrength
51	113	7	0	0	0	0	28	10	11	331.06	0		9.926699
45	102	3	0	0	10	0	29	12	9	1299.19	0		74.647791
70	145	3	0	0	10	9	29	12	9	1299.19	0		74.647791
45	103	6	0	0	0	11	13	10	7	410.49	0		35.286397
27	63	5	0	0	10	18	26	13	11	379.74	0		3.849373
45	101	2	0	28	0	0	31	7	12	1246.87	0		40.924276
70	146	8	0	28	0	12	32	9	10	637.64	1		2.516732
82	164	2	0	29	10	0	31	7	12	1246.87	0		40.924276
70	144	2	0	29	17	0	31	7	12	1246.87	0		40.924276


-------------------------------------------------------------------------------------------------------------------
Tour_Id:			5
No_of_Customers:		6
No_of_Items:			11
Customer_Sequence:		97 5 78 88 20 87 

CustId	Id	TypeId	Rotated	x	y	z	Length	Width	Height	mass	Fragility	LoadBearingStrength
87	176	10	0	0	0	0	17	12	7	320.03	0		16.505862
20	46	5	0	0	12	0	26	13	11	379.74	0		3.849373
20	48	10	0	0	0	7	17	12	7	320.03	0		16.505862
88	177	9	0	0	12	11	25	7	8	621.50	0		20.181092
20	47	6	0	0	0	14	13	10	7	410.49	0		35.286397
78	159	4	0	26	0	0	33	14	13	1958.38	0		13.524343
78	158	1	1	17	0	0	12	7	12	441.74	1		4.642376
5	11	4	0	25	0	13	33	14	13	1958.38	0		13.524343
5	12	7	0	26	14	0	28	10	11	331.06	0		9.926699
5	13	9	0	0	12	19	25	7	8	621.50	0		20.181092
97	194	2	0	25	14	11	31	7	12	1246.87	0		40.924276


-------------------------------------------------------------------------------------------------------------------
Tour_Id:			6
No_of_Customers:		5
No_of_Items:			11
Customer_Sequence:		57 52 10 60 33 

CustId	Id	TypeId	Rotated	x	y	z	Length	Width	Height	mass	Fragility	LoadBearingStrength
33	74	4	0	0	0	0	33	14	13	1958.38	0		13.524343
33	75	7	0	0	14	0	28	10	11	331.06	0		9.926699
10	23	3	0	0	0	13	29	12	9	1299.19	0		74.647791
33	76	10	0	33	0	0	17	12	7	320.03	0		16.505862
10	24	9	0	0	14	11	25	7	8	621.50	0		20.181092
57	126	10	0	0	0	22	17	12	7	320.03	0		16.505862
52	114	8	0	28	14	0	32	9	10	637.64	1		2.516732
60	129	6	1	50	0	0	13	10	7	410.49	0		35.286397
57	125	5	0	33	0	7	26	13	11	379.74	0		3.849373
57	124	3	0	29	0	18	29	12	9	1299.19	0		74.647791
52	115	9	0	0	14	19	25	7	8	621.50	0		20.181092


-------------------------------------------------------------------------------------------------------------------
Tour_Id:			7
No_of_Customers:		4
No_of_Items:			9
Customer_Sequence:		95 32 25 67 

CustId	Id	TypeId	Rotated	x	y	z	Length	Width	Height	mass	Fragility	LoadBearingStrength
67	137	5	0	0	0	0	26	13	11	379.74	0		3.849373
25	58	5	0	0	0	11	26	13	11	379.74	0		3.849373
25	57	4	0	26	0	0	33	14	13	1958.38	0		13.524343
67	138	8	0	0	14	0	32	9	10	637.64	1		2.516732
25	59	9	0	0	0	22	25	7	8	621.50	0		20.181092
32	73	4	0	26	0	13	33	14	13	1958.38	0		13.524343
95	188	7	0	32	14	0	28	10	11	331.06	0		9.926699
95	190	9	0	32	14	11	25	7	8	621.50	0		20.181092
95	189	8	0	0	14	10	32	9	10	637.64	1		2.516732


-------------------------------------------------------------------------------------------------------------------
Tour_Id:			8
No_of_Customers:		4
No_of_Items:			11
Customer_Sequence:		53 40 84 6 

CustId	Id	TypeId	Rotated	x	y	z	Length	Width	Height	mass	Fragility	LoadBearingStrength
6	16	7	0	0	0	0	28	10	11	331.06	0		9.926699
84	168	5	0	0	10	0	26	13	11	379.74	0		3.849373
6	15	6	0	0	0	11	13	10	7	410.49	0		35.286397
40	91	4	0	26	10	0	33	14	13	1958.38	0		13.524343
84	169	5	0	0	10	11	26	13	11	379.74	0		3.849373
84	167	2	0	28	0	0	31	7	12	1246.87	0		40.924276
6	14	1	0	0	0	18	12	7	12	441.74	1		4.642376
53	117	10	0	0	10	22	17	12	7	320.03	0		16.505862
40	92	9	0	26	10	13	25	7	8	621.50	0		20.181092
53	116	2	0	26	17	13	31	7	12	1246.87	0		40.924276
40	90	2	0	28	0	12	31	7	12	1246.87	0		40.924276


-------------------------------------------------------------------------------------------------------------------
Tour_Id:			9
No_of_Customers:		4
No_of_Items:			9
Customer_Sequence:		16 48 62 86 

CustId	Id	TypeId	Rotated	x	y	z	Length	Width	Height	mass	Fragility	LoadBearingStrength
86	173	4	0	0	0	0	33	14	13	1958.38	0		13.524343
62	131	3	0	0	0	13	29	12	9	1299.19	0		74.647791
48	107	10	0	0	0	22	17	12	7	320.03	0		16.505862
62	132	5	0	33	0	0	26	13	11	379.74	0		3.849373
86	174	8	0	0	14	0	32	9	10	637.64	1		2.516732
86	175	10	0	33	13	0	17	12	7	320.03	0		16.505862
48	106	8	0	0	14	10	32	9	10	637.64	1		2.516732
16	38	5	0	33	0	11	26	13	11	379.74	0		3.849373
16	39	8	0	0	12	20	32	9	10	637.64	1		2.516732


-------------------------------------------------------------------------------------------------------------------
Tour_Id:			10
No_of_Customers:		5
No_of_Items:			12
Customer_Sequence:		30 14 99 34 74 

CustId	Id	TypeId	Rotated	x	y	z	Length	Width	Height	mass	Fragility	LoadBearingStrength
74	154	10	0	0	0	0	17	12	7	320.03	0		16.505862
74	153	5	0	0	12	0	26	13	11	379.74	0		3.849373
34	77	4	0	26	0	0	33	14	13	1958.38	0		13.524343
34	78	10	0	0	0	7	17	12	7	320.03	0		16.505862
99	196	7	0	26	14	0	28	10	11	331.06	0		9.926699
99	197	10	0	0	0	14	17	12	7	320.03	0		16.505862
30	71	10	0	0	0	21	17	12	7	320.03	0		16.505862
14	35	10	0	26	0	13	17	12	7	320.03	0		16.505862
14	34	8	0	0	14	11	32	9	10	637.64	1		2.516732
30	70	10	0	26	0	20	17	12	7	320.03	0		16.505862
14	33	7	0	32	14	11	28	10	11	331.06	0		9.926699
30	69	1	0	43	0	13	12	7	12	441.74	1		4.642376


-------------------------------------------------------------------------------------------------------------------
Tour_Id:			11
No_of_Customers:		8
No_of_Items:			12
Customer_Sequence:		77 66 58 15 7 92 55 39 

CustId	Id	TypeId	Rotated	x	y	z	Length	Width	Height	mass	Fragility	LoadBearingStrength
39	88	5	0	0	0	0	26	13	11	379.74	0		3.849373
92	183	4	0	26	0	0	33	14	13	1958.38	0		13.524343
7	18	6	0	0	14	0	13	10	7	410.49	0		35.286397
39	89	9	0	0	0	11	25	7	8	621.50	0		20.181092
7	19	9	0	0	0	19	25	7	8	621.50	0		20.181092
55	120	1	0	0	7	11	12	7	12	441.74	1		4.642376
15	37	3	0	26	0	13	29	12	9	1299.19	0		74.647791
7	17	1	0	0	14	7	12	7	12	441.74	1		4.642376
15	36	2	0	13	14	0	31	7	12	1246.87	0		40.924276
58	127	9	0	12	14	12	25	7	8	621.50	0		20.181092
66	136	6	0	25	0	22	13	10	7	410.49	0		35.286397
77	157	9	0	12	14	20	25	7	8	621.50	0		20.181092


-------------------------------------------------------------------------------------------------------------------
Tour_Id:			12
No_of_Customers:		6
No_of_Items:			12
Customer_Sequence:		54 98 41 42 3 94 

CustId	Id	TypeId	Rotated	x	y	z	Length	Width	Height	mass	Fragility	LoadBearingStrength
94	186	3	0	0	0	0	29	12	9	1299.19	0		74.647791
94	187	7	0	0	12	0	28	10	11	331.06	0		9.926699
3	7	5	0	0	12	11	26	13	11	379.74	0		3.849373
42	96	5	0	28	12	0	26	13	11	379.74	0		3.849373
3	8	6	0	0	0	9	13	10	7	410.49	0		35.286397
3	6	2	0	29	0	0	31	7	12	1246.87	0		40.924276
41	93	7	0	26	12	11	28	10	11	331.06	0		9.926699
41	95	10	0	0	12	22	17	12	7	320.03	0		16.505862
41	94	9	0	17	12	22	25	7	8	621.50	0		20.181092
98	195	1	0	0	0	16	12	7	12	441.74	1		4.642376
54	118	9	0	29	0	12	25	7	8	621.50	0		20.181092
54	119	9	0	29	0	20	25	7	8	621.50	0		20.181092


-------------------------------------------------------------------------------------------------------------------
Tour_Id:			13
No_of_Customers:		5
No_of_Items:			9
Customer_Sequence:		31 23 61 2 9 

CustId	Id	TypeId	Rotated	x	y	z	Length	Width	Height	mass	Fragility	LoadBearingStrength
2	4	7	0	0	0	0	28	10	11	331.06	0		9.926699
9	21	3	0	0	10	0	29	12	9	1299.19	0		74.647791
9	22	9	0	0	10	9	25	7	8	621.50	0		20.181092
23	53	6	0	0	0	11	13	10	7	410.49	0		35.286397
2	3	1	0	0	10	17	12	7	12	441.74	1		4.642376
61	130	5	0	29	0	0	26	13	11	379.74	0		3.849373
23	52	2	0	13	0	11	31	7	12	1246.87	0		40.924276
2	5	7	0	29	13	0	28	10	11	331.06	0		9.926699
31	72	4	0	25	7	11	33	14	13	1958.38	0		13.524343


-------------------------------------------------------------------------------------------------------------------
Tour_Id:			14
No_of_Customers:		6
No_of_Items:			11
Customer_Sequence:		68 17 28 13 79 65 

CustId	Id	TypeId	Rotated	x	y	z	Length	Width	Height	mass	Fragility	LoadBearingStrength
13	31	2	0	0	0	0	31	7	12	1246.87	0		40.924276
28	64	2	0	0	7	0	31	7	12	1246.87	0		40.924276
65	135	8	0	0	14	0	32	9	10	637.64	1		2.516732
79	160	8	0	0	14	10	32	9	10	637.64	1		2.516732
28	65	4	0	0	0	12	33	14	13	1958.38	0		13.524343
13	32	8	0	0	14	20	32	9	10	637.64	1		2.516732
17	40	5	0	33	0	0	26	13	11	379.74	0		3.849373
17	41	7	0	32	14	0	28	10	11	331.06	0		9.926699
68	139	7	0	32	14	11	28	10	11	331.06	0		9.926699
68	141	10	0	33	0	11	17	12	7	320.03	0		16.505862
68	140	9	0	32	14	22	25	7	8	621.50	0		20.181092


-------------------------------------------------------------------------------------------------------------------
Tour_Id:			15
No_of_Customers:		6
No_of_Items:			11
Customer_Sequence:		89 63 50 76 93 37 

CustId	Id	TypeId	Rotated	x	y	z	Length	Width	Height	mass	Fragility	LoadBearingStrength
37	84	5	0	0	0	0	26	13	11	379.74	0		3.849373
76	156	4	0	26	0	0	33	14	13	1958.38	0		13.524343
93	184	8	0	0	14	0	32	9	10	637.64	1		2.516732
93	185	8	0	0	14	10	32	9	10	637.64	1		2.516732
37	85	10	0	0	0	11	17	12	7	320.03	0		16.505862
50	111	2	0	26	0	13	31	7	12	1246.87	0		40.924276
50	112	6	0	0	0	18	13	10	7	410.49	0		35.286397
63	133	7	0	32	14	0	28	10	11	331.06	0		9.926699
89	178	2	0	26	7	13	31	7	12	1246.87	0		40.924276
89	179	6	0	32	14	11	13	10	7	410.49	0		35.286397
89	180	8	0	0	14	20	32	9	10	637.64	1		2.516732


-------------------------------------------------------------------------------------------------------------------
Tour_Id:			16
No_of_Customers:		4
No_of_Items:			10
Customer_Sequence:		73 4 100 71 

CustId	Id	TypeId	Rotated	x	y	z	Length	Width	Height	mass	Fragility	LoadBearingStrength
71	147	2	0	0	0	0	31	7	12	1246.87	0		40.924276
71	148	2	0	0	7	0	31	7	12	1246.87	0		40.924276
100	199	8	0	0	14	0	32	9	10	637.64	1		2.516732
100	200	9	0	0	0	12	25	7	8	621.50	0		20.181092
100	198	2	0	0	7	12	31	7	12	1246.87	0		40.924276
4	9	3	0	31	0	0	29	12	9	1299.19	0		74.647791
4	10	8	0	0	14	10	32	9	10	637.64	1		2.516732
73	150	3	0	31	0	9	29	12	9	1299.19	0		74.647791
73	152	10	0	31	0	18	17	12	7	320.03	0		16.505862
73	151	8	0	0	14	20	32	9	10	637.64	1		2.516732


-------------------------------------------------------------------------------------------------------------------
Tour_Id:			17
No_of_Customers:		8
No_of_Items:			12
Customer_Sequence:		22 46 59 91 83 72 85 36 

CustId	Id	TypeId	Rotated	x	y	z	Length	Width	Height	mass	Fragility	LoadBearingStrength
36	83	7	0	0	0	0	28	10	11	331.06	0		9.926699
36	82	6	0	0	10	0	13	10	7	410.49	0		35.286397
85	171	4	0	13	10	0	33	14	13	1958.38	0		13.524343
83	165	7	0	0	0	11	28	10	11	331.06	0		9.926699
85	172	6	0	0	10	7	13	10	7	410.49	0		35.286397
85	170	2	0	13	10	13	31	7	12	1246.87	0		40.924276
72	149	6	0	28	0	0	13	10	7	410.49	0		35.286397
83	166	10	1	46	0	0	17	12	7	320.03	0		16.505862
91	182	2	0	13	17	13	31	7	12	1246.87	0		40.924276
59	128	2	0	28	0	7	31	7	12	1246.87	0		40.924276
46	104	9	0	0	0	22	25	7	8	621.50	0		20.181092
22	51	8	0	28	0	19	32	9	10	637.64	1		2.516732


-------------------------------------------------------------------------------------------------------------------
Tour_Id:			18
No_of_Customers:		5
No_of_Items:			11
Customer_Sequence:		80 8 29 11 44 

CustId	Id	TypeId	Rotated	x	y	z	Length	Width	Height	mass	Fragility	LoadBearingStrength
44	99	3	0	0	0	0	29	12	9	1299.19	0		74.647791
29	67	5	0	0	12	0	26	13	11	379.74	0		3.849373
11	25	3	0	0	0	9	29	12	9	1299.19	0		74.647791
44	100	10	0	29	0	0	17	12	7	320.03	0		16.505862
11	27	8	0	0	0	18	32	9	10	637.64	1		2.516732
11	26	6	0	29	0	7	13	10	7	410.49	0		35.286397
29	66	3	0	0	12	11	29	12	9	1299.19	0		74.647791
29	68	8	0	0	12	20	32	9	10	637.64	1		2.516732
8	20	5	0	32	12	0	26	13	11	379.74	0		3.849373
80	162	7	0	32	12	11	28	10	11	331.06	0		9.926699
80	161	1	0	46	0	0	12	7	12	441.74	1		4.642376


-------------------------------------------------------------------------------------------------------------------
Tour_Id:			19
No_of_Customers:		5
No_of_Items:			12
Customer_Sequence:		69 49 24 35 18 

CustId	Id	TypeId	Rotated	x	y	z	Length	Width	Height	mass	Fragility	LoadBearingStrength
18	42	7	0	0	0	0	28	10	11	331.06	0		9.926699
35	79	3	0	0	10	0	29	12	9	1299.19	0		74.647791
35	80	6	0	0	10	9	13	10	7	410.49	0		35.286397
35	81	7	0	0	0	11	28	10	11	331.06	0		9.926699
49	110	10	0	0	0	22	17	12	7	320.03	0		16.505862
24	54	2	0	28	0	0	31	7	12	1246.87	0		40.924276
24	55	3	0	29	10	0	29	12	9	1299.19	0		74.647791
24	56	10	0	13	10	9	17	12	7	320.03	0		16.505862
49	109	9	0	0	12	16	25	7	8	621.50	0		20.181092
49	108	8	0	28	0	12	32	9	10	637.64	1		2.516732
69	142	3	0	30	10	9	29	12	9	1299.19	0		74.647791
69	143	7	0	25	10	18	28	10	11	331.06	0		9.926699


