Name:				217_n100_m200_bt10
Problem:			3L-VRPTW
Number_of_used_Vehicles:	18
Total_Travel_Distance:		1552.86
Calculation_Time:		1250.18
Total_Iterations:		22307
ConstraintSet:			P1

-------------------------------------------------------------------------------------------------------------------
Tour_Id:			1
No_of_Customers:		5
No_of_Items:			12
Customer_Sequence:		33 20 23 31 86 

CustId	Id	TypeId	Rotated	x	y	z	Length	Width	Height	mass	Fragility	LoadBearingStrength
86	172	10	0	0	0	0	24	10	6	1171.88	0		41.180783
31	65	3	0	0	10	0	24	6	10	730.56	0		32.076977
23	47	4	0	24	0	0	33	10	10	811.48	0		7.874999
31	66	4	0	24	10	0	33	10	10	811.48	0		7.874999
86	171	1	0	0	16	0	14	7	12	292.27	0		19.692157
23	48	5	0	0	10	10	35	6	7	522.74	0		15.665199
23	49	10	0	0	0	6	24	10	6	1171.88	0		41.180783
20	40	4	0	24	0	10	33	10	10	811.48	0		7.874999
20	39	3	0	0	0	12	24	6	10	730.56	0		32.076977
20	41	8	0	0	10	17	35	5	13	1092.90	1		7.352808
33	69	5	0	24	0	20	35	6	7	522.74	0		15.665199
33	68	3	0	35	10	10	24	6	10	730.56	0		32.076977


-------------------------------------------------------------------------------------------------------------------
Tour_Id:			2
No_of_Customers:		5
No_of_Items:			9
Customer_Sequence:		4 50 30 80 21 

CustId	Id	TypeId	Rotated	x	y	z	Length	Width	Height	mass	Fragility	LoadBearingStrength
21	43	6	0	0	0	0	25	13	12	1327.22	0		11.492193
21	44	9	0	0	13	0	34	11	14	1729.46	1		4.464070
30	63	4	0	0	0	12	33	10	10	811.48	0		7.874999
30	64	5	0	0	0	22	35	6	7	522.74	0		15.665199
21	42	4	0	25	0	0	33	10	10	811.48	0		7.874999
80	161	9	0	0	13	14	34	11	14	1729.46	1		4.464070
50	106	6	0	34	10	0	25	13	12	1327.22	0		11.492193
4	6	3	0	34	10	12	24	6	10	730.56	0		32.076977
4	7	7	0	0	6	22	29	5	8	907.30	0		34.848422


-------------------------------------------------------------------------------------------------------------------
Tour_Id:			3
No_of_Customers:		6
No_of_Items:			13
Customer_Sequence:		25 74 78 93 41 47 

CustId	Id	TypeId	Rotated	x	y	z	Length	Width	Height	mass	Fragility	LoadBearingStrength
41	85	1	0	0	0	0	14	7	12	292.27	0		19.692157
47	98	7	0	0	7	0	29	5	8	907.30	0		34.848422
47	99	9	0	0	12	0	34	11	14	1729.46	1		4.464070
41	86	5	0	14	0	0	35	6	7	522.74	0		15.665199
47	97	2	0	34	12	0	18	9	10	814.72	0		53.031313
41	87	9	0	0	12	14	34	11	14	1729.46	1		4.464070
93	185	2	0	34	12	10	18	9	10	814.72	0		53.031313
78	158	5	0	14	0	7	35	6	7	522.74	0		15.665199
74	148	7	0	0	7	8	29	5	8	907.30	0		34.848422
74	150	8	0	0	7	16	35	5	13	1092.90	1		7.352808
74	149	8	0	14	0	14	35	5	13	1092.90	1		7.352808
78	157	3	0	34	12	20	24	6	10	730.56	0		32.076977
25	52	3	0	35	6	0	24	6	10	730.56	0		32.076977


-------------------------------------------------------------------------------------------------------------------
Tour_Id:			4
No_of_Customers:		4
No_of_Items:			11
Customer_Sequence:		97 51 10 12 

CustId	Id	TypeId	Rotated	x	y	z	Length	Width	Height	mass	Fragility	LoadBearingStrength
12	23	6	0	0	0	0	25	13	12	1327.22	0		11.492193
12	22	4	0	0	13	0	33	10	10	811.48	0		7.874999
51	109	7	0	0	13	10	29	5	8	907.30	0		34.848422
10	19	10	0	0	0	12	24	10	6	1171.88	0		41.180783
51	107	1	0	0	0	18	14	7	12	292.27	0		19.692157
51	108	2	1	14	0	18	18	9	10	814.72	0		53.031313
10	17	9	0	25	0	0	34	11	14	1729.46	1		4.464070
10	18	10	0	33	13	0	24	10	6	1171.88	0		41.180783
97	193	7	0	0	18	10	29	5	8	907.30	0		34.848422
97	194	7	0	0	18	18	29	5	8	907.30	0		34.848422
97	195	9	0	24	0	14	34	11	14	1729.46	1		4.464070


-------------------------------------------------------------------------------------------------------------------
Tour_Id:			5
No_of_Customers:		7
No_of_Items:			16
Customer_Sequence:		22 59 95 8 54 37 28 

CustId	Id	TypeId	Rotated	x	y	z	Length	Width	Height	mass	Fragility	LoadBearingStrength
28	60	5	0	0	0	0	35	6	7	522.74	0		15.665199
28	59	3	0	0	6	0	24	6	10	730.56	0		32.076977
37	78	3	0	0	12	0	24	6	10	730.56	0		32.076977
37	77	2	0	0	6	10	18	9	10	814.72	0		53.031313
28	61	7	0	0	18	0	29	5	8	907.30	0		34.848422
37	76	1	0	24	6	0	14	7	12	292.27	0		19.692157
54	115	5	0	0	0	7	35	6	7	522.74	0		15.665199
8	15	6	1	38	0	0	25	13	12	1327.22	0		11.492193
95	189	7	0	0	0	14	29	5	8	907.30	0		34.848422
95	190	10	0	24	6	12	24	10	6	1171.88	0		41.180783
8	14	3	0	0	18	8	24	6	10	730.56	0		32.076977
59	123	2	0	0	6	20	18	9	10	814.72	0		53.031313
59	122	1	0	0	18	18	14	7	12	292.27	0		19.692157
59	124	7	0	0	0	22	29	5	8	907.30	0		34.848422
22	45	7	0	24	6	18	29	5	8	907.30	0		34.848422
22	46	7	0	18	11	18	29	5	8	907.30	0		34.848422


-------------------------------------------------------------------------------------------------------------------
Tour_Id:			6
No_of_Customers:		4
No_of_Items:			6
Customer_Sequence:		79 90 67 64 

CustId	Id	TypeId	Rotated	x	y	z	Length	Width	Height	mass	Fragility	LoadBearingStrength
64	133	4	0	0	0	0	33	10	10	811.48	0		7.874999
67	137	6	0	0	10	0	25	13	12	1327.22	0		11.492193
67	136	4	0	0	0	10	33	10	10	811.48	0		7.874999
90	180	9	0	25	10	0	34	11	14	1729.46	1		4.464070
79	159	5	0	0	0	20	35	6	7	522.74	0		15.665199
79	160	9	0	25	10	14	34	11	14	1729.46	1		4.464070


-------------------------------------------------------------------------------------------------------------------
Tour_Id:			7
No_of_Customers:		5
No_of_Items:			11
Customer_Sequence:		70 46 94 61 91 

CustId	Id	TypeId	Rotated	x	y	z	Length	Width	Height	mass	Fragility	LoadBearingStrength
91	181	3	0	0	0	0	24	6	10	730.56	0		32.076977
91	182	7	0	0	6	0	29	5	8	907.30	0		34.848422
61	128	4	0	0	11	0	33	10	10	811.48	0		7.874999
94	187	6	0	0	11	10	25	13	12	1327.22	0		11.492193
94	186	5	0	24	0	0	35	6	7	522.74	0		15.665199
94	188	10	0	0	11	22	24	10	6	1171.88	0		41.180783
46	95	5	0	24	0	7	35	6	7	522.74	0		15.665199
46	96	7	0	0	6	8	29	5	8	907.30	0		34.848422
70	142	10	0	33	11	0	24	10	6	1171.88	0		41.180783
70	143	10	0	33	11	6	24	10	6	1171.88	0		41.180783
70	141	8	0	0	6	16	35	5	13	1092.90	1		7.352808


-------------------------------------------------------------------------------------------------------------------
Tour_Id:			8
No_of_Customers:		6
No_of_Items:			11
Customer_Sequence:		18 63 82 56 55 58 

CustId	Id	TypeId	Rotated	x	y	z	Length	Width	Height	mass	Fragility	LoadBearingStrength
58	121	4	0	0	0	0	33	10	10	811.48	0		7.874999
55	116	7	0	0	10	0	29	5	8	907.30	0		34.848422
56	117	5	0	0	15	0	35	6	7	522.74	0		15.665199
56	118	9	0	0	0	10	34	11	14	1729.46	1		4.464070
82	165	3	0	0	15	7	24	6	10	730.56	0		32.076977
82	166	3	0	0	15	17	24	6	10	730.56	0		32.076977
63	131	2	0	34	0	0	18	9	10	814.72	0		53.031313
63	132	10	0	35	15	0	24	10	6	1171.88	0		41.180783
18	35	2	0	34	0	10	18	9	10	814.72	0		53.031313
18	36	10	0	35	15	6	24	10	6	1171.88	0		41.180783
18	37	10	0	35	15	12	24	10	6	1171.88	0		41.180783


-------------------------------------------------------------------------------------------------------------------
Tour_Id:			9
No_of_Customers:		4
No_of_Items:			10
Customer_Sequence:		48 53 11 5 

CustId	Id	TypeId	Rotated	x	y	z	Length	Width	Height	mass	Fragility	LoadBearingStrength
5	8	6	0	0	0	0	25	13	12	1327.22	0		11.492193
5	9	9	0	0	13	0	34	11	14	1729.46	1		4.464070
11	20	2	0	0	0	12	18	9	10	814.72	0		53.031313
11	21	8	0	0	13	14	35	5	13	1092.90	1		7.352808
53	112	6	0	25	0	0	25	13	12	1327.22	0		11.492193
53	114	9	0	18	0	12	34	11	14	1729.46	1		4.464070
53	113	8	0	0	18	14	35	5	13	1092.90	1		7.352808
48	102	10	0	35	13	0	24	10	6	1171.88	0		41.180783
48	101	3	0	35	13	6	24	6	10	730.56	0		32.076977
48	100	1	0	35	13	16	14	7	12	292.27	0		19.692157


-------------------------------------------------------------------------------------------------------------------
Tour_Id:			10
No_of_Customers:		5
No_of_Items:			10
Customer_Sequence:		39 45 66 27 13 

CustId	Id	TypeId	Rotated	x	y	z	Length	Width	Height	mass	Fragility	LoadBearingStrength
13	24	4	0	0	0	0	33	10	10	811.48	0		7.874999
13	25	5	0	0	10	0	35	6	7	522.74	0		15.665199
27	56	2	0	0	16	0	18	9	10	814.72	0		53.031313
27	57	4	0	0	0	10	33	10	10	811.48	0		7.874999
13	26	8	0	0	10	7	35	5	13	1092.90	1		7.352808
27	58	7	0	0	0	20	29	5	8	907.30	0		34.848422
39	81	1	0	0	16	10	14	7	12	292.27	0		19.692157
45	94	7	0	0	5	20	29	5	8	907.30	0		34.848422
39	82	5	0	18	16	0	35	6	7	522.74	0		15.665199
66	135	10	0	33	0	0	24	10	6	1171.88	0		41.180783


-------------------------------------------------------------------------------------------------------------------
Tour_Id:			11
No_of_Customers:		5
No_of_Items:			8
Customer_Sequence:		52 62 88 38 71 

CustId	Id	TypeId	Rotated	x	y	z	Length	Width	Height	mass	Fragility	LoadBearingStrength
62	129	5	0	0	0	0	35	6	7	522.74	0		15.665199
71	144	10	0	0	6	0	24	10	6	1171.88	0		41.180783
38	80	9	0	24	6	0	34	11	14	1729.46	1		4.464070
38	79	5	0	0	17	0	35	6	7	522.74	0		15.665199
52	111	7	0	0	0	7	29	5	8	907.30	0		34.848422
62	130	8	0	0	17	7	35	5	13	1092.90	1		7.352808
52	110	3	0	0	0	15	24	6	10	730.56	0		32.076977
88	176	9	0	24	6	14	34	11	14	1729.46	1		4.464070


-------------------------------------------------------------------------------------------------------------------
Tour_Id:			12
No_of_Customers:		4
No_of_Items:			8
Customer_Sequence:		84 9 49 43 

CustId	Id	TypeId	Rotated	x	y	z	Length	Width	Height	mass	Fragility	LoadBearingStrength
49	104	4	0	0	0	0	33	10	10	811.48	0		7.874999
43	92	9	0	0	10	0	34	11	14	1729.46	1		4.464070
49	105	6	0	34	0	0	25	13	12	1327.22	0		11.492193
49	103	4	0	0	0	10	33	10	10	811.48	0		7.874999
43	91	1	0	34	13	0	14	7	12	292.27	0		19.692157
9	16	9	0	0	10	14	34	11	14	1729.46	1		4.464070
84	168	6	0	34	0	12	25	13	12	1327.22	0		11.492193
84	169	7	0	0	0	20	29	5	8	907.30	0		34.848422


-------------------------------------------------------------------------------------------------------------------
Tour_Id:			13
No_of_Customers:		6
No_of_Items:			12
Customer_Sequence:		15 29 89 100 87 17 

CustId	Id	TypeId	Rotated	x	y	z	Length	Width	Height	mass	Fragility	LoadBearingStrength
17	33	4	0	0	0	0	33	10	10	811.48	0		7.874999
87	173	6	0	0	10	0	25	13	12	1327.22	0		11.492193
17	34	8	0	0	0	10	35	5	13	1092.90	1		7.352808
87	174	7	0	0	5	10	29	5	8	907.30	0		34.848422
89	179	10	0	0	10	12	24	10	6	1171.88	0		41.180783
100	200	4	0	25	10	0	33	10	10	811.48	0		7.874999
100	199	3	0	35	0	0	24	6	10	730.56	0		32.076977
89	178	6	0	0	5	18	25	13	12	1327.22	0		11.492193
89	177	4	0	25	10	10	33	10	10	811.48	0		7.874999
87	175	8	0	25	20	0	35	5	13	1092.90	1		7.352808
29	62	7	0	25	10	20	29	5	8	907.30	0		34.848422
15	29	8	0	25	20	13	35	5	13	1092.90	1		7.352808


-------------------------------------------------------------------------------------------------------------------
Tour_Id:			14
No_of_Customers:		5
No_of_Items:			9
Customer_Sequence:		75 40 98 42 92 

CustId	Id	TypeId	Rotated	x	y	z	Length	Width	Height	mass	Fragility	LoadBearingStrength
92	183	4	0	0	0	0	33	10	10	811.48	0		7.874999
92	184	9	0	0	10	0	34	11	14	1729.46	1		4.464070
42	89	6	0	34	0	0	25	13	12	1327.22	0		11.492193
98	196	2	0	34	13	0	18	9	10	814.72	0		53.031313
42	88	4	0	0	0	10	33	10	10	811.48	0		7.874999
42	90	9	0	0	10	14	34	11	14	1729.46	1		4.464070
40	83	6	0	34	0	12	25	13	12	1327.22	0		11.492193
40	84	7	0	0	0	20	29	5	8	907.30	0		34.848422
75	151	2	0	34	13	10	18	9	10	814.72	0		53.031313


-------------------------------------------------------------------------------------------------------------------
Tour_Id:			15
No_of_Customers:		6
No_of_Items:			12
Customer_Sequence:		26 72 76 96 57 65 

CustId	Id	TypeId	Rotated	x	y	z	Length	Width	Height	mass	Fragility	LoadBearingStrength
65	134	1	0	0	0	0	14	7	12	292.27	0		19.692157
57	119	7	0	0	7	0	29	5	8	907.30	0		34.848422
96	192	9	0	0	12	0	34	11	14	1729.46	1		4.464070
96	191	5	0	14	0	0	35	6	7	522.74	0		15.665199
57	120	7	0	0	7	8	29	5	8	907.30	0		34.848422
72	145	6	0	34	12	0	25	13	12	1327.22	0		11.492193
76	153	8	0	0	7	16	35	5	13	1092.90	1		7.352808
76	152	5	0	14	0	7	35	6	7	522.74	0		15.665199
72	146	7	0	14	0	14	29	5	8	907.30	0		34.848422
26	53	2	0	34	12	12	18	9	10	814.72	0		53.031313
26	54	7	0	14	0	22	29	5	8	907.30	0		34.848422
26	55	9	0	0	12	14	34	11	14	1729.46	1		4.464070


-------------------------------------------------------------------------------------------------------------------
Tour_Id:			16
No_of_Customers:		8
No_of_Items:			15
Customer_Sequence:		36 81 32 2 3 16 19 35 

CustId	Id	TypeId	Rotated	x	y	z	Length	Width	Height	mass	Fragility	LoadBearingStrength
35	73	4	0	0	0	0	33	10	10	811.48	0		7.874999
3	5	10	0	0	10	0	24	10	6	1171.88	0		41.180783
16	31	2	0	0	0	10	18	9	10	814.72	0		53.031313
16	32	2	0	0	0	20	18	9	10	814.72	0		53.031313
16	30	1	0	18	0	10	14	7	12	292.27	0		19.692157
19	38	2	0	33	0	0	18	9	10	814.72	0		53.031313
2	4	10	0	0	10	6	24	10	6	1171.88	0		41.180783
2	2	7	0	0	20	0	29	5	8	907.30	0		34.848422
2	3	7	0	0	20	8	29	5	8	907.30	0		34.848422
32	67	6	0	29	10	0	25	13	12	1327.22	0		11.492193
81	163	4	0	0	9	12	33	10	10	811.48	0		7.874999
81	162	2	0	32	0	10	18	9	10	814.72	0		53.031313
81	164	5	0	0	9	22	35	6	7	522.74	0		15.665199
36	74	1	0	35	9	12	14	7	12	292.27	0		19.692157
36	75	8	0	0	20	16	35	5	13	1092.90	1		7.352808


-------------------------------------------------------------------------------------------------------------------
Tour_Id:			17
No_of_Customers:		8
No_of_Items:			13
Customer_Sequence:		77 44 7 1 68 73 85 83 

CustId	Id	TypeId	Rotated	x	y	z	Length	Width	Height	mass	Fragility	LoadBearingStrength
83	167	3	0	0	0	0	24	6	10	730.56	0		32.076977
85	170	9	0	0	6	0	34	11	14	1729.46	1		4.464070
77	154	5	0	0	17	0	35	6	7	522.74	0		15.665199
68	138	5	0	24	0	0	35	6	7	522.74	0		15.665199
68	139	10	0	34	6	0	24	10	6	1171.88	0		41.180783
1	1	3	0	0	0	10	24	6	10	730.56	0		32.076977
7	11	2	0	34	6	6	18	9	10	814.72	0		53.031313
7	12	3	0	0	0	20	24	6	10	730.56	0		32.076977
7	13	8	0	24	0	7	35	5	13	1092.90	1		7.352808
44	93	3	0	34	6	16	24	6	10	730.56	0		32.076977
73	147	9	0	0	6	14	34	11	14	1729.46	1		4.464070
77	155	7	0	0	17	7	29	5	8	907.30	0		34.848422
77	156	8	0	0	17	15	35	5	13	1092.90	1		7.352808


-------------------------------------------------------------------------------------------------------------------
Tour_Id:			18
No_of_Customers:		7
No_of_Items:			14
Customer_Sequence:		6 69 60 24 14 34 99 

CustId	Id	TypeId	Rotated	x	y	z	Length	Width	Height	mass	Fragility	LoadBearingStrength
14	27	3	0	0	0	0	24	6	10	730.56	0		32.076977
99	197	1	0	0	6	0	14	7	12	292.27	0		19.692157
34	72	8	0	0	13	0	35	5	13	1092.90	1		7.352808
24	51	4	0	24	0	0	33	10	10	811.48	0		7.874999
99	198	5	0	0	18	0	35	6	7	522.74	0		15.665199
34	71	7	0	0	18	7	29	5	8	907.30	0		34.848422
24	50	3	0	0	0	10	24	6	10	730.56	0		32.076977
34	70	6	0	35	10	0	25	13	12	1327.22	0		11.492193
14	28	7	0	0	18	15	29	5	8	907.30	0		34.848422
60	126	4	0	24	0	10	33	10	10	811.48	0		7.874999
60	127	4	0	24	0	20	33	10	10	811.48	0		7.874999
60	125	3	0	0	0	20	24	6	10	730.56	0		32.076977
69	140	8	0	0	13	13	35	5	13	1092.90	1		7.352808
6	10	6	0	35	10	12	25	13	12	1327.22	0		11.492193


