Name:				218_n100_m200_bt10
Problem:			3L-VRPTW
Number_of_used_Vehicles:	19
Total_Travel_Distance:		1601.05
Calculation_Time:		2059.71
Total_Iterations:		25001
ConstraintSet:			P1

-------------------------------------------------------------------------------------------------------------------
Tour_Id:			1
No_of_Customers:		5
No_of_Items:			10
Customer_Sequence:		47 44 59 63 12 

CustId	Id	TypeId	Rotated	x	y	z	Length	Width	Height	mass	Fragility	LoadBearingStrength
12	29	1	0	0	0	0	30	11	14	768.46	0		4.708139
12	31	9	0	0	11	0	33	7	7	668.24	0		26.763171
12	30	8	0	0	18	0	27	5	14	395.22	1		2.501639
44	90	9	0	0	11	7	33	7	7	668.24	0		26.763171
59	123	10	0	0	0	14	28	9	11	603.50	1		3.714472
63	129	1	0	30	0	0	30	11	14	768.46	0		4.708139
59	122	8	0	0	18	14	27	5	14	395.22	1		2.501639
47	94	1	0	28	0	14	30	11	14	768.46	0		4.708139
47	95	7	0	33	11	0	17	11	13	292.99	0		55.856736
47	96	9	0	0	11	14	33	7	7	668.24	0		26.763171


-------------------------------------------------------------------------------------------------------------------
Tour_Id:			2
No_of_Customers:		5
No_of_Items:			13
Customer_Sequence:		90 31 72 77 11 

CustId	Id	TypeId	Rotated	x	y	z	Length	Width	Height	mass	Fragility	LoadBearingStrength
77	153	5	0	0	0	0	35	10	14	2282.64	0		69.745521
11	27	9	0	0	10	0	33	7	7	668.24	0		26.763171
31	66	5	0	0	0	14	35	10	14	2282.64	0		69.745521
11	28	9	0	0	17	0	33	7	7	668.24	0		26.763171
77	154	9	0	0	10	7	33	7	7	668.24	0		26.763171
77	155	9	0	0	17	7	33	7	7	668.24	0		26.763171
72	145	9	0	0	10	14	33	7	7	668.24	0		26.763171
72	144	8	0	0	17	14	27	5	14	395.22	1		2.501639
11	26	4	0	33	10	0	14	13	6	564.31	0		57.222008
31	65	3	0	35	0	0	24	9	9	909.20	0		29.167852
90	180	6	0	33	10	6	16	5	13	233.67	0		17.812298
90	179	4	1	47	10	0	14	13	6	564.31	0		57.222008
90	181	8	0	33	15	6	27	5	14	395.22	1		2.501639


-------------------------------------------------------------------------------------------------------------------
Tour_Id:			3
No_of_Customers:		6
No_of_Items:			11
Customer_Sequence:		36 82 29 55 16 42 

CustId	Id	TypeId	Rotated	x	y	z	Length	Width	Height	mass	Fragility	LoadBearingStrength
42	88	5	0	0	0	0	35	10	14	2282.64	0		69.745521
42	87	4	0	0	10	0	14	13	6	564.31	0		57.222008
16	38	5	0	0	0	14	35	10	14	2282.64	0		69.745521
55	113	2	0	14	10	0	34	14	6	1335.57	0		28.032935
55	114	2	0	0	10	6	34	14	6	1335.57	0		28.032935
82	164	5	0	0	10	12	35	10	14	2282.64	0		69.745521
29	63	8	0	0	20	12	27	5	14	395.22	1		2.501639
55	115	3	0	35	0	0	24	9	9	909.20	0		29.167852
82	165	7	0	35	0	9	17	11	13	292.99	0		55.856736
82	163	4	0	35	11	6	14	13	6	564.31	0		57.222008
36	75	6	0	27	20	12	16	5	13	233.67	0		17.812298


-------------------------------------------------------------------------------------------------------------------
Tour_Id:			4
No_of_Customers:		8
No_of_Items:			14
Customer_Sequence:		5 74 41 33 65 2 20 22 

CustId	Id	TypeId	Rotated	x	y	z	Length	Width	Height	mass	Fragility	LoadBearingStrength
22	52	10	0	0	0	0	28	9	11	603.50	1		3.714472
20	47	1	0	0	9	0	30	11	14	768.46	0		4.708139
65	132	4	0	0	9	14	14	13	6	564.31	0		57.222008
20	48	6	0	0	20	0	16	5	13	233.67	0		17.812298
2	4	3	0	28	0	0	24	9	9	909.20	0		29.167852
65	131	3	0	28	0	9	24	9	9	909.20	0		29.167852
2	5	6	0	16	20	0	16	5	13	233.67	0		17.812298
41	86	4	0	0	9	20	14	13	6	564.31	0		57.222008
33	70	10	0	28	0	18	28	9	11	603.50	1		3.714472
41	85	1	0	30	9	0	30	11	14	768.46	0		4.708139
20	49	10	0	0	0	11	28	9	11	603.50	1		3.714472
74	147	6	0	14	20	13	16	5	13	233.67	0		17.812298
5	12	10	0	30	9	14	28	9	11	603.50	1		3.714472
5	11	8	0	32	20	0	27	5	14	395.22	1		2.501639


-------------------------------------------------------------------------------------------------------------------
Tour_Id:			5
No_of_Customers:		6
No_of_Items:			12
Customer_Sequence:		9 54 32 58 87 25 

CustId	Id	TypeId	Rotated	x	y	z	Length	Width	Height	mass	Fragility	LoadBearingStrength
25	57	2	0	0	0	0	34	14	6	1335.57	0		28.032935
87	172	1	0	0	14	0	30	11	14	768.46	0		4.708139
87	173	2	0	0	0	6	34	14	6	1335.57	0		28.032935
58	121	3	0	0	0	12	24	9	9	909.20	0		29.167852
32	69	7	0	0	14	14	17	11	13	292.99	0		55.856736
9	22	6	0	0	9	12	16	5	13	233.67	0		17.812298
32	68	4	0	34	0	0	14	13	6	564.31	0		57.222008
54	110	1	0	30	14	0	30	11	14	768.46	0		4.708139
54	111	4	0	34	0	6	14	13	6	564.31	0		57.222008
54	112	10	0	17	14	14	28	9	11	603.50	1		3.714472
9	21	1	0	24	0	12	30	11	14	768.46	0		4.708139
32	67	3	0	0	0	21	24	9	9	909.20	0		29.167852


-------------------------------------------------------------------------------------------------------------------
Tour_Id:			6
No_of_Customers:		6
No_of_Items:			13
Customer_Sequence:		28 69 93 6 85 64 

CustId	Id	TypeId	Rotated	x	y	z	Length	Width	Height	mass	Fragility	LoadBearingStrength
64	130	10	0	0	0	0	28	9	11	603.50	1		3.714472
85	168	5	0	0	9	0	35	10	14	2282.64	0		69.745521
6	15	10	0	0	0	11	28	9	11	603.50	1		3.714472
85	170	10	0	0	9	14	28	9	11	603.50	1		3.714472
6	13	8	0	0	19	0	27	5	14	395.22	1		2.501639
85	169	6	0	35	9	0	16	5	13	233.67	0		17.812298
6	14	10	0	28	0	0	28	9	11	603.50	1		3.714472
93	186	7	0	35	14	0	17	11	13	292.99	0		55.856736
93	187	10	0	28	0	11	28	9	11	603.50	1		3.714472
69	139	4	0	35	9	13	14	13	6	564.31	0		57.222008
69	140	4	0	35	9	19	14	13	6	564.31	0		57.222008
69	141	6	1	52	9	0	16	5	13	233.67	0		17.812298
28	62	6	1	49	9	13	16	5	13	233.67	0		17.812298


-------------------------------------------------------------------------------------------------------------------
Tour_Id:			7
No_of_Customers:		4
No_of_Items:			9
Customer_Sequence:		94 61 4 30 

CustId	Id	TypeId	Rotated	x	y	z	Length	Width	Height	mass	Fragility	LoadBearingStrength
30	64	5	0	0	0	0	35	10	14	2282.64	0		69.745521
4	9	5	0	0	10	0	35	10	14	2282.64	0		69.745521
4	10	9	0	0	0	14	33	7	7	668.24	0		26.763171
61	125	1	0	0	7	14	30	11	14	768.46	0		4.708139
4	8	4	0	35	0	0	14	13	6	564.31	0		57.222008
94	188	4	0	35	0	6	14	13	6	564.31	0		57.222008
61	126	3	0	35	13	0	24	9	9	909.20	0		29.167852
94	189	9	0	0	0	21	33	7	7	668.24	0		26.763171
61	127	7	0	35	13	9	17	11	13	292.99	0		55.856736


-------------------------------------------------------------------------------------------------------------------
Tour_Id:			8
No_of_Customers:		5
No_of_Items:			10
Customer_Sequence:		24 97 21 23 68 

CustId	Id	TypeId	Rotated	x	y	z	Length	Width	Height	mass	Fragility	LoadBearingStrength
68	138	8	0	0	0	0	27	5	14	395.22	1		2.501639
23	53	10	0	0	5	0	28	9	11	603.50	1		3.714472
68	137	5	0	0	14	0	35	10	14	2282.64	0		69.745521
21	50	9	0	0	14	14	33	7	7	668.24	0		26.763171
21	51	10	0	0	5	11	28	9	11	603.50	1		3.714472
24	54	1	0	28	0	0	30	11	14	768.46	0		4.708139
97	194	9	0	0	14	21	33	7	7	668.24	0		26.763171
97	193	7	0	35	14	0	17	11	13	292.99	0		55.856736
24	55	3	0	28	0	14	24	9	9	909.20	0		29.167852
24	56	8	0	0	0	14	27	5	14	395.22	1		2.501639


-------------------------------------------------------------------------------------------------------------------
Tour_Id:			9
No_of_Customers:		5
No_of_Items:			9
Customer_Sequence:		40 37 78 60 52 

CustId	Id	TypeId	Rotated	x	y	z	Length	Width	Height	mass	Fragility	LoadBearingStrength
52	107	1	0	0	0	0	30	11	14	768.46	0		4.708139
60	124	7	0	0	11	0	17	11	13	292.99	0		55.856736
78	156	3	0	0	0	14	24	9	9	909.20	0		29.167852
52	108	10	0	30	0	0	28	9	11	603.50	1		3.714472
78	157	6	0	0	11	13	16	5	13	233.67	0		17.812298
37	77	5	0	17	11	0	35	10	14	2282.64	0		69.745521
37	76	2	0	16	9	14	34	14	6	1335.57	0		28.032935
40	84	9	0	16	9	20	33	7	7	668.24	0		26.763171
40	83	8	0	30	0	11	27	5	14	395.22	1		2.501639


-------------------------------------------------------------------------------------------------------------------
Tour_Id:			10
No_of_Customers:		3
No_of_Items:			9
Customer_Sequence:		88 66 1 

CustId	Id	TypeId	Rotated	x	y	z	Length	Width	Height	mass	Fragility	LoadBearingStrength
1	1	5	0	0	0	0	35	10	14	2282.64	0		69.745521
1	2	7	0	0	10	0	17	11	13	292.99	0		55.856736
1	3	9	0	0	0	14	33	7	7	668.24	0		26.763171
66	133	5	0	17	10	0	35	10	14	2282.64	0		69.745521
66	134	7	0	0	10	13	17	11	13	292.99	0		55.856736
66	135	8	0	17	20	0	27	5	14	395.22	1		2.501639
88	174	1	0	17	7	14	30	11	14	768.46	0		4.708139
88	175	3	0	35	0	0	24	9	9	909.20	0		29.167852
88	176	9	0	0	0	21	33	7	7	668.24	0		26.763171


-------------------------------------------------------------------------------------------------------------------
Tour_Id:			11
No_of_Customers:		4
No_of_Items:			9
Customer_Sequence:		89 19 62 81 

CustId	Id	TypeId	Rotated	x	y	z	Length	Width	Height	mass	Fragility	LoadBearingStrength
81	160	1	0	0	0	0	30	11	14	768.46	0		4.708139
81	161	7	0	0	11	0	17	11	13	292.99	0		55.856736
81	162	7	0	0	11	13	17	11	13	292.99	0		55.856736
19	45	3	0	0	0	14	24	9	9	909.20	0		29.167852
19	46	5	0	17	11	0	35	10	14	2282.64	0		69.745521
19	44	2	0	17	9	14	34	14	6	1335.57	0		28.032935
62	128	1	0	30	0	0	30	11	14	768.46	0		4.708139
89	177	2	0	17	9	20	34	14	6	1335.57	0		28.032935
89	178	9	0	24	0	14	33	7	7	668.24	0		26.763171


-------------------------------------------------------------------------------------------------------------------
Tour_Id:			12
No_of_Customers:		5
No_of_Items:			10
Customer_Sequence:		51 99 86 39 80 

CustId	Id	TypeId	Rotated	x	y	z	Length	Width	Height	mass	Fragility	LoadBearingStrength
80	159	8	0	0	0	0	27	5	14	395.22	1		2.501639
39	82	8	0	0	5	0	27	5	14	395.22	1		2.501639
39	81	3	0	0	10	0	24	9	9	909.20	0		29.167852
39	80	2	0	24	10	0	34	14	6	1335.57	0		28.032935
86	171	3	0	0	10	9	24	9	9	909.20	0		29.167852
99	196	5	0	24	10	6	35	10	14	2282.64	0		69.745521
99	197	9	0	24	10	20	33	7	7	668.24	0		26.763171
51	104	3	0	27	0	0	24	9	9	909.20	0		29.167852
51	105	8	0	0	0	14	27	5	14	395.22	1		2.501639
51	106	8	0	0	5	14	27	5	14	395.22	1		2.501639


-------------------------------------------------------------------------------------------------------------------
Tour_Id:			13
No_of_Customers:		5
No_of_Items:			12
Customer_Sequence:		49 18 76 56 83 

CustId	Id	TypeId	Rotated	x	y	z	Length	Width	Height	mass	Fragility	LoadBearingStrength
83	166	10	0	0	0	0	28	9	11	603.50	1		3.714472
56	116	2	0	0	9	0	34	14	6	1335.57	0		28.032935
56	117	8	0	0	9	6	27	5	14	395.22	1		2.501639
76	150	3	0	0	14	6	24	9	9	909.20	0		29.167852
76	151	6	0	0	14	15	16	5	13	233.67	0		17.812298
18	42	7	0	34	0	0	17	11	13	292.99	0		55.856736
18	41	4	0	34	11	0	14	13	6	564.31	0		57.222008
49	100	3	0	24	14	6	24	9	9	909.20	0		29.167852
18	43	8	0	0	0	11	27	5	14	395.22	1		2.501639
49	101	5	0	16	14	15	35	10	14	2282.64	0		69.745521
76	152	6	0	0	19	15	16	5	13	233.67	0		17.812298
49	102	7	0	34	0	13	17	11	13	292.99	0		55.856736


-------------------------------------------------------------------------------------------------------------------
Tour_Id:			14
No_of_Customers:		6
No_of_Items:			10
Customer_Sequence:		53 67 46 17 43 10 

CustId	Id	TypeId	Rotated	x	y	z	Length	Width	Height	mass	Fragility	LoadBearingStrength
10	25	10	0	0	0	0	28	9	11	603.50	1		3.714472
10	24	7	0	0	9	0	17	11	13	292.99	0		55.856736
43	89	2	0	17	9	0	34	14	6	1335.57	0		28.032935
67	136	7	0	0	9	13	17	11	13	292.99	0		55.856736
10	23	3	0	28	0	0	24	9	9	909.20	0		29.167852
46	92	9	0	17	9	6	33	7	7	668.24	0		26.763171
17	39	9	0	17	16	6	33	7	7	668.24	0		26.763171
17	40	10	0	0	0	11	28	9	11	603.50	1		3.714472
46	93	10	0	28	0	9	28	9	11	603.50	1		3.714472
53	109	5	0	17	9	13	35	10	14	2282.64	0		69.745521


-------------------------------------------------------------------------------------------------------------------
Tour_Id:			15
No_of_Customers:		3
No_of_Items:			6
Customer_Sequence:		15 13 14 

CustId	Id	TypeId	Rotated	x	y	z	Length	Width	Height	mass	Fragility	LoadBearingStrength
14	35	1	0	0	0	0	30	11	14	768.46	0		4.708139
13	32	3	0	0	11	0	24	9	9	909.20	0		29.167852
13	33	10	0	0	11	9	28	9	11	603.50	1		3.714472
13	34	10	0	0	0	14	28	9	11	603.50	1		3.714472
15	36	1	0	28	11	0	30	11	14	768.46	0		4.708139
15	37	8	0	0	20	0	27	5	14	395.22	1		2.501639


-------------------------------------------------------------------------------------------------------------------
Tour_Id:			16
No_of_Customers:		6
No_of_Items:			14
Customer_Sequence:		8 7 92 38 100 71 

CustId	Id	TypeId	Rotated	x	y	z	Length	Width	Height	mass	Fragility	LoadBearingStrength
92	183	5	0	0	0	0	35	10	14	2282.64	0		69.745521
71	143	4	0	0	10	0	14	13	6	564.31	0		57.222008
100	198	7	0	0	10	6	17	11	13	292.99	0		55.856736
100	199	8	0	17	10	0	27	5	14	395.22	1		2.501639
7	17	6	0	0	0	14	16	5	13	233.67	0		17.812298
92	184	6	0	0	5	14	16	5	13	233.67	0		17.812298
100	200	8	0	17	15	0	27	5	14	395.22	1		2.501639
92	185	8	0	17	20	0	27	5	14	395.22	1		2.501639
38	79	6	0	44	10	0	16	5	13	233.67	0		17.812298
7	16	3	0	16	0	14	24	9	9	909.20	0		29.167852
38	78	4	0	0	10	19	14	13	6	564.31	0		57.222008
7	18	10	0	17	10	14	28	9	11	603.50	1		3.714472
8	19	6	0	40	0	0	16	5	13	233.67	0		17.812298
8	20	8	0	17	19	14	27	5	14	395.22	1		2.501639


-------------------------------------------------------------------------------------------------------------------
Tour_Id:			17
No_of_Customers:		5
No_of_Items:			9
Customer_Sequence:		57 27 34 98 79 

CustId	Id	TypeId	Rotated	x	y	z	Length	Width	Height	mass	Fragility	LoadBearingStrength
79	158	2	0	0	0	0	34	14	6	1335.57	0		28.032935
98	195	2	0	0	0	6	34	14	6	1335.57	0		28.032935
27	60	2	0	0	0	12	34	14	6	1335.57	0		28.032935
34	71	8	0	0	14	0	27	5	14	395.22	1		2.501639
27	59	1	0	27	14	0	30	11	14	768.46	0		4.708139
27	61	10	0	0	0	18	28	9	11	603.50	1		3.714472
57	119	8	0	0	14	14	27	5	14	395.22	1		2.501639
57	120	9	0	27	14	14	33	7	7	668.24	0		26.763171
57	118	7	0	34	0	0	17	11	13	292.99	0		55.856736


-------------------------------------------------------------------------------------------------------------------
Tour_Id:			18
No_of_Customers:		6
No_of_Items:			9
Customer_Sequence:		48 26 91 50 45 3 

CustId	Id	TypeId	Rotated	x	y	z	Length	Width	Height	mass	Fragility	LoadBearingStrength
3	7	8	0	0	0	0	27	5	14	395.22	1		2.501639
45	91	5	0	0	5	0	35	10	14	2282.64	0		69.745521
3	6	3	0	0	15	0	24	9	9	909.20	0		29.167852
50	103	6	0	0	15	9	16	5	13	233.67	0		17.812298
48	97	5	0	0	5	14	35	10	14	2282.64	0		69.745521
26	58	4	0	35	0	0	14	13	6	564.31	0		57.222008
91	182	10	0	24	15	0	28	9	11	603.50	1		3.714472
48	98	7	0	35	0	6	17	11	13	292.99	0		55.856736
48	99	10	0	24	15	11	28	9	11	603.50	1		3.714472


-------------------------------------------------------------------------------------------------------------------
Tour_Id:			19
No_of_Customers:		7
No_of_Items:			11
Customer_Sequence:		73 84 96 70 75 35 95 

CustId	Id	TypeId	Rotated	x	y	z	Length	Width	Height	mass	Fragility	LoadBearingStrength
35	74	4	0	0	0	0	14	13	6	564.31	0		57.222008
35	72	2	0	14	0	0	34	14	6	1335.57	0		28.032935
35	73	2	0	0	0	6	34	14	6	1335.57	0		28.032935
95	190	3	0	0	14	0	24	9	9	909.20	0		29.167852
84	167	9	0	0	0	12	33	7	7	668.24	0		26.763171
75	148	4	0	34	0	6	14	13	6	564.31	0		57.222008
75	149	5	0	24	14	0	35	10	14	2282.64	0		69.745521
96	192	9	0	0	7	12	33	7	7	668.24	0		26.763171
96	191	8	0	24	14	14	27	5	14	395.22	1		2.501639
70	142	8	0	24	19	14	27	5	14	395.22	1		2.501639
73	146	2	0	0	0	19	34	14	6	1335.57	0		28.032935


