Name:				222_n100_m200_bt100
Problem:			3L-VRPTW
Number_of_used_Vehicles:	20
Total_Travel_Distance:		1743.96
Calculation_Time:		271.79
Total_Iterations:		25001
ConstraintSet:			P1

-------------------------------------------------------------------------------------------------------------------
Tour_Id:			1
No_of_Customers:		4
No_of_Items:			9
Customer_Sequence:		2 74 75 81 

CustId	Id	TypeId	Rotated	x	y	z	Length	Width	Height	mass	Fragility	LoadBearingStrength
81	163	29	0	0	0	0	34	9	14	1718.60	0		20.228922
75	149	16	0	0	9	0	31	12	12	1091.84	0		19.085920
81	162	9	0	0	0	14	31	6	13	3524.72	0		125.852238
75	148	12	0	0	9	12	19	6	12	321.49	1		7.113232
74	147	72	0	31	9	0	29	12	14	1534.47	0		25.433132
75	150	23	1	19	9	12	13	11	12	501.39	1		3.546297
2	5	67	0	31	9	14	29	9	11	1877.52	0		40.066994
2	4	35	0	34	0	0	15	5	7	247.79	0		111.776192
2	6	97	0	34	0	7	14	5	10	408.98	1		11.289583


-------------------------------------------------------------------------------------------------------------------
Tour_Id:			2
No_of_Customers:		5
No_of_Items:			12
Customer_Sequence:		67 12 86 32 69 

CustId	Id	TypeId	Rotated	x	y	z	Length	Width	Height	mass	Fragility	LoadBearingStrength
69	140	3	0	0	0	0	17	7	13	928.25	0		94.769381
32	65	78	0	0	7	0	22	8	6	265.87	0		17.469521
32	64	55	0	0	15	0	33	9	13	1473.34	0		25.776205
12	24	9	0	0	15	13	31	6	13	3524.72	0		125.852238
86	173	20	0	0	7	6	17	6	7	477	0		398.610861
67	136	42	0	22	0	0	35	9	6	1268.87	0		34.310643
12	26	70	0	0	0	13	19	5	12	953.42	0		38.947508
86	174	20	0	0	5	13	17	6	7	477	0		398.610861
86	175	78	0	33	15	0	22	8	6	265.87	0		17.469521
67	138	72	0	22	0	6	29	12	14	1534.47	0		25.433132
12	25	56	0	33	15	6	18	8	8	208.79	0		73.181441
67	137	53	0	33	15	14	18	6	13	505.37	0		26.167410


-------------------------------------------------------------------------------------------------------------------
Tour_Id:			3
No_of_Customers:		4
No_of_Items:			9
Customer_Sequence:		95 64 96 38 

CustId	Id	TypeId	Rotated	x	y	z	Length	Width	Height	mass	Fragility	LoadBearingStrength
38	78	7	0	0	0	0	21	10	9	668.59	0		29.554166
96	192	8	0	0	10	0	27	14	10	1866.74	0		21.065737
96	193	57	0	0	10	10	28	11	7	2042.89	1		15.073958
96	194	80	0	0	0	9	26	5	10	289.49	1		5.315936
64	130	91	0	28	0	0	25	12	12	1654.45	0		59.168334
95	191	99	0	28	12	0	28	11	11	2320.53	0		98.721696
64	131	95	0	0	10	17	14	6	6	416.82	1		22.891054
64	129	34	0	28	0	12	32	5	13	1158.09	0		39.616053
95	190	43	0	28	12	11	19	12	14	1739.33	0		162.494908


-------------------------------------------------------------------------------------------------------------------
Tour_Id:			4
No_of_Customers:		7
No_of_Items:			13
Customer_Sequence:		37 30 36 57 4 22 49 

CustId	Id	TypeId	Rotated	x	y	z	Length	Width	Height	mass	Fragility	LoadBearingStrength
49	101	74	0	0	0	0	16	11	13	748.28	0		21.781631
22	44	71	0	0	11	0	22	13	9	609.63	0		30.185972
4	10	100	0	0	11	9	14	12	10	611.15	0		205.053861
4	9	20	0	0	0	13	17	6	7	477	0		398.610861
57	119	100	0	0	11	19	14	12	10	611.15	0		205.053861
57	117	69	0	22	0	0	19	13	6	315.41	0		43.933620
57	118	97	0	0	6	13	14	5	10	408.98	1		11.289583
36	76	94	0	22	13	0	28	12	8	1428.42	0		140.418592
30	60	10	0	22	13	8	32	12	6	676.65	0		39.086465
36	74	12	0	22	0	6	19	6	12	321.49	1		7.113232
30	61	43	0	22	13	14	19	12	14	1739.33	0		162.494908
36	75	70	0	22	6	6	19	5	12	953.42	0		38.947508
37	77	32	0	41	0	0	17	10	14	1443.85	1		16.135884


-------------------------------------------------------------------------------------------------------------------
Tour_Id:			5
No_of_Customers:		6
No_of_Items:			12
Customer_Sequence:		11 87 78 19 91 8 

CustId	Id	TypeId	Rotated	x	y	z	Length	Width	Height	mass	Fragility	LoadBearingStrength
8	18	91	0	0	0	0	25	12	12	1654.45	0		59.168334
8	17	20	0	0	12	0	17	6	7	477	0		398.610861
91	180	5	0	0	18	0	22	7	8	1072.14	0		35.396235
91	181	81	0	0	0	12	14	11	6	177.04	0		15.125948
19	39	3	0	0	18	8	17	7	13	928.25	0		94.769381
19	40	5	0	0	18	21	22	7	8	1072.14	0		35.396235
19	41	48	0	0	12	7	15	6	9	353.32	0		92.424609
78	156	55	0	22	12	0	33	9	13	1473.34	0		25.776205
78	157	87	0	22	12	13	34	9	9	1224.08	0		35.917373
78	155	10	0	22	12	22	32	12	6	676.65	0		39.086465
87	176	58	0	25	0	0	33	5	7	981.62	0		485.749610
11	23	45	0	0	0	18	15	11	9	1427.76	0		92.002537


-------------------------------------------------------------------------------------------------------------------
Tour_Id:			6
No_of_Customers:		3
No_of_Items:			5
Customer_Sequence:		21 97 5 

CustId	Id	TypeId	Rotated	x	y	z	Length	Width	Height	mass	Fragility	LoadBearingStrength
5	12	10	0	0	0	0	32	12	6	676.65	0		39.086465
5	11	2	0	0	12	0	27	13	10	1808.56	1		11.994781
5	13	97	0	0	0	6	14	5	10	408.98	1		11.289583
97	195	60	0	0	5	6	27	7	12	1796.17	0		322.432175
21	43	90	0	0	5	18	20	5	9	209.39	0		12.583379


-------------------------------------------------------------------------------------------------------------------
Tour_Id:			7
No_of_Customers:		5
No_of_Items:			12
Customer_Sequence:		92 42 16 84 3 

CustId	Id	TypeId	Rotated	x	y	z	Length	Width	Height	mass	Fragility	LoadBearingStrength
3	7	38	0	0	0	0	31	5	9	1689.22	0		46.301839
3	8	81	0	0	5	0	14	11	6	177.04	0		15.125948
16	34	100	0	0	5	6	14	12	10	611.15	0		205.053861
84	170	70	0	0	17	0	19	5	12	953.42	0		38.947508
84	171	78	0	14	5	0	22	8	6	265.87	0		17.469521
84	169	38	0	0	0	9	31	5	9	1689.22	0		46.301839
92	184	97	0	0	17	12	14	5	10	408.98	1		11.289583
16	32	25	0	0	5	16	14	12	6	570.10	0		52.627436
42	87	71	0	36	0	0	22	13	9	609.63	0		30.185972
92	183	36	0	0	0	18	27	5	11	713.22	0		29.067242
92	182	21	0	19	13	0	35	5	11	834.15	1		8.491677
16	33	36	0	19	18	0	27	5	11	713.22	0		29.067242


-------------------------------------------------------------------------------------------------------------------
Tour_Id:			8
No_of_Customers:		5
No_of_Items:			8
Customer_Sequence:		20 88 31 80 99 

CustId	Id	TypeId	Rotated	x	y	z	Length	Width	Height	mass	Fragility	LoadBearingStrength
99	198	76	0	0	0	0	22	8	7	852.07	0		14.675489
99	197	56	0	0	8	0	18	8	8	208.79	0		73.181441
80	161	96	0	18	8	0	32	13	11	1908.43	0		31.143285
80	160	38	0	18	8	11	31	5	9	1689.22	0		46.301839
31	62	33	0	0	0	7	28	8	8	374.22	0		78.389308
31	63	97	0	0	0	15	14	5	10	408.98	1		11.289583
88	177	90	0	18	13	11	20	5	9	209.39	0		12.583379
20	42	36	0	28	0	0	27	5	11	713.22	0		29.067242


-------------------------------------------------------------------------------------------------------------------
Tour_Id:			9
No_of_Customers:		5
No_of_Items:			10
Customer_Sequence:		58 47 13 28 40 

CustId	Id	TypeId	Rotated	x	y	z	Length	Width	Height	mass	Fragility	LoadBearingStrength
40	82	9	0	0	0	0	31	6	13	3524.72	0		125.852238
40	84	59	0	0	6	0	30	6	12	523.50	0		16.883719
40	83	49	0	0	12	0	16	7	14	355.90	0		8.699059
47	97	91	0	16	12	0	25	12	12	1654.45	0		59.168334
28	57	51	0	0	0	13	21	8	10	469.79	1		35.593115
13	27	72	0	31	0	0	29	12	14	1534.47	0		25.433132
58	121	37	0	31	0	14	29	14	11	1079.28	0		22.665679
47	96	65	0	16	14	12	24	5	12	775.08	0		101.304264
28	58	73	0	0	12	14	15	8	8	225.70	0		16.534263
58	120	26	0	16	19	12	32	5	13	724.37	0		77.971165


-------------------------------------------------------------------------------------------------------------------
Tour_Id:			10
No_of_Customers:		5
No_of_Items:			9
Customer_Sequence:		60 73 26 48 44 

CustId	Id	TypeId	Rotated	x	y	z	Length	Width	Height	mass	Fragility	LoadBearingStrength
44	90	81	0	0	0	0	14	11	6	177.04	0		15.125948
48	100	86	0	0	11	0	17	13	10	738.66	0		57.977096
48	98	41	0	14	0	0	25	7	13	1717.21	0		110.760880
48	99	58	0	14	0	13	33	5	7	981.62	0		485.749610
26	54	37	0	17	11	0	29	14	11	1079.28	0		22.665679
73	146	93	0	17	11	11	23	11	8	1749.84	0		111.465951
73	144	22	0	17	11	19	17	12	10	1292.22	0		28.265457
73	145	91	1	47	0	0	25	12	12	1654.45	0		59.168334
60	124	15	1	47	0	12	23	9	7	690.79	1		10.406800


-------------------------------------------------------------------------------------------------------------------
Tour_Id:			11
No_of_Customers:		7
No_of_Items:			13
Customer_Sequence:		52 90 1 33 41 7 100 

CustId	Id	TypeId	Rotated	x	y	z	Length	Width	Height	mass	Fragility	LoadBearingStrength
100	200	87	0	0	0	0	34	9	9	1224.08	0		35.917373
7	16	21	0	0	9	0	35	5	11	834.15	1		8.491677
100	199	68	0	0	14	0	19	7	14	1586.76	0		243.192661
41	86	69	0	35	0	0	19	13	6	315.41	0		43.933620
33	66	42	0	0	0	9	35	9	6	1268.87	0		34.310643
33	68	71	0	35	0	6	22	13	9	609.63	0		30.185972
41	85	31	0	0	9	11	28	5	7	737.85	1		10.088734
33	67	68	0	0	14	14	19	7	14	1586.76	0		243.192661
52	106	12	0	0	0	15	19	6	12	321.49	1		7.113232
1	1	7	0	19	14	0	21	10	9	668.59	0		29.554166
1	3	54	0	19	14	9	14	11	11	1368.55	0		57.392109
90	179	48	0	19	14	20	15	6	9	353.32	0		92.424609
1	2	19	0	40	13	0	14	12	12	1093.10	0		16.315192


-------------------------------------------------------------------------------------------------------------------
Tour_Id:			12
No_of_Customers:		4
No_of_Items:			8
Customer_Sequence:		94 63 25 79 

CustId	Id	TypeId	Rotated	x	y	z	Length	Width	Height	mass	Fragility	LoadBearingStrength
79	159	58	0	0	0	0	33	5	7	981.62	0		485.749610
79	158	32	0	0	5	0	17	10	14	1443.85	1		16.135884
25	52	9	0	0	15	0	31	6	13	3524.72	0		125.852238
25	53	38	0	0	0	7	31	5	9	1689.22	0		46.301839
25	51	5	0	0	15	13	22	7	8	1072.14	0		35.396235
63	128	85	0	0	15	21	20	9	7	1026.10	0		128.213957
94	189	76	0	17	5	0	22	8	7	852.07	0		14.675489
94	188	64	1	39	0	0	25	11	10	1697.40	1		63.164865


-------------------------------------------------------------------------------------------------------------------
Tour_Id:			13
No_of_Customers:		6
No_of_Items:			11
Customer_Sequence:		50 72 59 51 6 35 

CustId	Id	TypeId	Rotated	x	y	z	Length	Width	Height	mass	Fragility	LoadBearingStrength
35	73	29	0	0	0	0	34	9	14	1718.60	0		20.228922
35	72	19	0	0	9	0	14	12	12	1093.10	0		16.315192
6	15	77	0	14	9	0	21	13	10	1966.91	0		100.822209
6	14	66	0	0	0	14	34	11	7	1206.26	1		14.575817
51	105	39	0	35	0	0	25	12	9	839.50	0		28.489969
51	103	17	0	0	11	12	13	12	13	1752.60	0		123.580370
51	104	31	0	0	0	21	28	5	7	737.85	1		10.088734
59	123	86	0	35	12	0	17	13	10	738.66	0		57.977096
59	122	14	0	14	11	10	24	13	6	998.34	0		176.117579
72	143	47	0	13	11	16	32	5	7	237.63	0		21.933066
50	102	4	0	35	0	9	13	10	13	455.48	0		12.926220


-------------------------------------------------------------------------------------------------------------------
Tour_Id:			14
No_of_Customers:		3
No_of_Items:			8
Customer_Sequence:		82 83 24 

CustId	Id	TypeId	Rotated	x	y	z	Length	Width	Height	mass	Fragility	LoadBearingStrength
24	48	44	0	0	0	0	32	5	13	1639.08	0		59.600905
24	50	90	0	0	5	0	20	5	9	209.39	0		12.583379
24	49	48	0	0	10	0	15	6	9	353.32	0		92.424609
83	168	59	0	0	16	0	30	6	12	523.50	0		16.883719
83	167	56	0	0	5	9	18	8	8	208.79	0		73.181441
83	166	27	0	0	16	12	30	5	13	719.02	1		4.231917
82	165	93	0	20	5	0	23	11	8	1749.84	0		111.465951
82	164	38	0	0	0	13	31	5	9	1689.22	0		46.301839


-------------------------------------------------------------------------------------------------------------------
Tour_Id:			15
No_of_Customers:		6
No_of_Items:			12
Customer_Sequence:		77 46 39 27 23 68 

CustId	Id	TypeId	Rotated	x	y	z	Length	Width	Height	mass	Fragility	LoadBearingStrength
68	139	16	0	0	0	0	31	12	12	1091.84	0		19.085920
23	45	38	0	0	12	0	31	5	9	1689.22	0		46.301839
39	80	41	0	0	17	0	25	7	13	1717.21	0		110.760880
23	46	47	0	0	12	9	32	5	7	237.63	0		21.933066
23	47	97	0	0	0	12	14	5	10	408.98	1		11.289583
27	56	97	0	0	5	12	14	5	10	408.98	1		11.289583
27	55	7	0	14	0	12	21	10	9	668.59	0		29.554166
39	81	62	0	35	0	0	14	14	6	1327.13	0		326.090558
39	79	20	0	0	17	13	17	6	7	477	0		398.610861
46	94	20	0	0	17	20	17	6	7	477	0		398.610861
46	95	57	0	32	14	0	28	11	7	2042.89	1		15.073958
77	154	69	0	14	0	21	19	13	6	315.41	0		43.933620


-------------------------------------------------------------------------------------------------------------------
Tour_Id:			16
No_of_Customers:		6
No_of_Items:			13
Customer_Sequence:		29 54 43 10 15 55 

CustId	Id	TypeId	Rotated	x	y	z	Length	Width	Height	mass	Fragility	LoadBearingStrength
15	31	94	0	0	0	0	28	12	8	1428.42	0		140.418592
55	114	49	0	0	12	0	16	7	14	355.90	0		8.699059
55	113	1	0	16	12	0	29	12	7	438.71	0		22.859512
15	29	36	0	0	0	8	27	5	11	713.22	0		29.067242
54	112	98	0	16	12	7	34	10	7	509.94	0		13.693437
15	30	78	0	28	0	0	22	8	6	265.87	0		17.469521
10	21	21	0	0	5	8	35	5	11	834.15	1		8.491677
43	88	40	1	50	0	0	25	9	6	257.91	0		16.150911
43	89	40	0	35	0	6	25	9	6	257.91	0		16.150911
54	110	6	0	0	12	14	15	6	13	949.50	1		8.740843
54	111	26	0	15	12	14	32	5	13	724.37	0		77.971165
10	22	24	0	0	0	19	33	11	6	1545.96	1		51.910774
29	59	81	0	35	0	12	14	11	6	177.04	0		15.125948


-------------------------------------------------------------------------------------------------------------------
Tour_Id:			17
No_of_Customers:		6
No_of_Items:			11
Customer_Sequence:		61 70 89 76 45 65 

CustId	Id	TypeId	Rotated	x	y	z	Length	Width	Height	mass	Fragility	LoadBearingStrength
65	133	96	0	0	0	0	32	13	11	1908.43	0		31.143285
65	132	46	0	0	13	0	22	11	13	1857.70	0		159.922131
45	92	87	0	0	0	11	34	9	9	1224.08	0		35.917373
45	91	22	0	0	13	13	17	12	10	1292.22	0		28.265457
45	93	95	0	0	0	20	14	6	6	416.82	1		22.891054
76	153	98	0	22	13	0	34	10	7	509.94	0		13.693437
76	152	93	0	22	13	7	23	11	8	1749.84	0		111.465951
76	151	75	0	22	13	15	26	10	8	756.82	1		8.681544
89	178	78	0	0	13	23	22	8	6	265.87	0		17.469521
70	141	76	0	14	0	20	22	8	7	852.07	0		14.675489
61	125	49	0	36	0	0	16	7	14	355.90	0		8.699059


-------------------------------------------------------------------------------------------------------------------
Tour_Id:			18
No_of_Customers:		4
No_of_Items:			8
Customer_Sequence:		56 9 53 14 

CustId	Id	TypeId	Rotated	x	y	z	Length	Width	Height	mass	Fragility	LoadBearingStrength
53	108	16	0	0	0	0	31	12	12	1091.84	0		19.085920
14	28	51	0	0	12	0	21	8	10	469.79	1		35.593115
53	107	7	0	0	0	12	21	10	9	668.59	0		29.554166
53	109	40	0	0	0	21	25	9	6	257.91	0		16.150911
9	20	52	0	21	12	0	31	13	12	3262.12	0		73.355742
9	19	29	0	21	12	12	34	9	14	1718.60	0		20.228922
56	115	17	0	31	0	0	13	12	13	1752.60	0		123.580370
56	116	23	0	31	0	13	13	11	12	501.39	1		3.546297


-------------------------------------------------------------------------------------------------------------------
Tour_Id:			19
No_of_Customers:		4
No_of_Items:			6
Customer_Sequence:		85 17 98 66 

CustId	Id	TypeId	Rotated	x	y	z	Length	Width	Height	mass	Fragility	LoadBearingStrength
66	135	52	0	0	0	0	31	13	12	3262.12	0		73.355742
98	196	27	0	0	13	0	30	5	13	719.02	1		4.231917
66	134	30	0	0	0	12	32	12	7	897.84	0		18.718962
17	35	37	0	0	0	19	29	14	11	1079.28	0		22.665679
17	36	57	0	30	13	0	28	11	7	2042.89	1		15.073958
85	172	99	0	32	0	0	28	11	11	2320.53	0		98.721696


-------------------------------------------------------------------------------------------------------------------
Tour_Id:			20
No_of_Customers:		5
No_of_Items:			11
Customer_Sequence:		71 93 62 18 34 

CustId	Id	TypeId	Rotated	x	y	z	Length	Width	Height	mass	Fragility	LoadBearingStrength
34	71	77	0	0	0	0	21	13	10	1966.91	0		100.822209
34	69	49	0	0	13	0	16	7	14	355.90	0		8.699059
34	70	51	0	0	0	10	21	8	10	469.79	1		35.593115
18	37	4	0	16	13	0	13	10	13	455.48	0		12.926220
18	38	15	0	0	0	20	23	9	7	690.79	1		10.406800
62	127	99	0	23	0	0	28	11	11	2320.53	0		98.721696
62	126	4	0	16	13	13	13	10	13	455.48	0		12.926220
71	142	35	0	23	0	11	15	5	7	247.79	0		111.776192
93	186	57	0	29	11	0	28	11	7	2042.89	1		15.073958
93	187	79	0	23	5	11	21	6	8	750.25	1		13.178958
93	185	32	0	29	11	7	17	10	14	1443.85	1		16.135884


