Name:				224_n100_m200_bt100
Problem:			3L-VRPTW
Number_of_used_Vehicles:	19
Total_Travel_Distance:		1557.40
Calculation_Time:		1994.13
Total_Iterations:		25001
ConstraintSet:			P1

-------------------------------------------------------------------------------------------------------------------
Tour_Id:			1
No_of_Customers:		4
No_of_Items:			9
Customer_Sequence:		40 10 32 52 

CustId	Id	TypeId	Rotated	x	y	z	Length	Width	Height	mass	Fragility	LoadBearingStrength
52	102	52	0	0	0	0	19	13	12	1474.12	0		182.842650
52	103	60	0	0	13	0	19	8	9	528.77	0		43.514353
52	104	94	0	0	13	9	18	7	9	774.28	0		48.571413
32	61	30	0	19	0	0	35	14	12	3030.52	0		24.815538
10	15	13	0	0	0	12	29	12	10	2421.30	1		28.445028
10	16	61	0	19	14	0	33	7	13	1671.04	0		57.026248
10	17	81	0	29	0	12	15	13	11	985.64	0		282.850936
32	62	60	0	0	13	18	19	8	9	528.77	0		43.514353
40	76	26	0	19	13	13	15	8	9	893.78	0		41.439764


-------------------------------------------------------------------------------------------------------------------
Tour_Id:			2
No_of_Customers:		5
No_of_Items:			12
Customer_Sequence:		12 51 71 75 68 

CustId	Id	TypeId	Rotated	x	y	z	Length	Width	Height	mass	Fragility	LoadBearingStrength
68	138	61	0	0	0	0	33	7	13	1671.04	0		57.026248
75	150	18	0	0	7	0	17	5	12	400.82	0		21.187319
75	152	38	0	0	12	0	19	11	8	860.31	1		9.063334
51	101	93	0	0	0	13	32	5	9	314.21	0		15.133307
68	137	43	0	33	0	0	22	6	11	458.38	0		47.310191
51	100	26	0	19	7	0	15	8	9	893.78	0		41.439764
12	21	42	0	34	6	0	21	11	10	322.27	0		31.660358
71	143	2	0	19	17	0	31	6	10	292.26	1		3.400536
51	99	20	0	19	17	10	35	7	14	1216.33	1		13.604567
75	151	23	0	0	7	12	17	6	10	132.27	0		6.933820
12	20	3	0	33	6	10	27	8	7	527.68	0		33.014596
12	22	99	0	0	0	22	17	14	7	1825.15	1		21.213734


-------------------------------------------------------------------------------------------------------------------
Tour_Id:			3
No_of_Customers:		7
No_of_Items:			12
Customer_Sequence:		36 31 63 84 60 99 44 

CustId	Id	TypeId	Rotated	x	y	z	Length	Width	Height	mass	Fragility	LoadBearingStrength
44	86	57	0	0	0	0	21	12	7	329.23	0		34.385624
44	85	55	0	0	12	0	27	6	9	274.30	0		13.169822
99	198	69	0	0	18	0	29	7	6	305.01	0		21.290331
99	196	50	0	0	18	6	27	5	12	709.11	0		32.587024
60	120	89	0	0	0	7	24	11	10	1558.53	0		87.743942
60	119	59	0	27	0	0	32	14	9	1995.14	0		38.945071
31	60	84	0	0	12	9	16	5	9	198.44	0		25.363986
60	118	28	0	0	0	17	15	8	11	363.58	0		16.267041
84	169	6	0	0	18	18	35	5	6	566.24	1		9.751882
63	126	51	0	24	0	9	35	12	12	559.53	0		12.978438
36	70	55	0	24	0	21	27	6	9	274.30	0		13.169822
99	197	68	0	29	18	0	27	6	8	230	0		16.235047


-------------------------------------------------------------------------------------------------------------------
Tour_Id:			4
No_of_Customers:		2
No_of_Items:			4
Customer_Sequence:		92 30 

CustId	Id	TypeId	Rotated	x	y	z	Length	Width	Height	mass	Fragility	LoadBearingStrength
30	57	31	0	0	0	0	33	5	6	246.57	0		11.532874
30	58	37	0	0	5	0	15	8	9	1047	0		287.643541
30	59	73	0	0	13	0	22	10	11	2449.06	1		103.560363
92	185	67	0	22	5	0	34	14	14	3955.66	0		39.166899


-------------------------------------------------------------------------------------------------------------------
Tour_Id:			5
No_of_Customers:		5
No_of_Items:			9
Customer_Sequence:		95 76 69 65 49 

CustId	Id	TypeId	Rotated	x	y	z	Length	Width	Height	mass	Fragility	LoadBearingStrength
49	95	43	0	0	0	0	22	6	11	458.38	0		47.310191
65	129	77	0	0	6	0	30	8	8	500.67	0		29.519571
65	131	98	0	30	0	0	29	12	8	835.33	0		37.807065
69	139	24	0	22	0	8	33	13	13	1575.41	0		22.319546
65	130	82	0	0	14	0	32	6	9	280.94	0		58.201726
76	153	20	0	0	13	9	35	7	14	1216.33	1		13.604567
69	140	94	0	0	0	11	18	7	9	774.28	0		48.571413
49	94	18	0	0	20	0	17	5	12	400.82	0		21.187319
95	189	56	0	22	0	21	26	13	6	1338.91	1		18.694571


-------------------------------------------------------------------------------------------------------------------
Tour_Id:			6
No_of_Customers:		5
No_of_Items:			10
Customer_Sequence:		14 19 8 24 6 

CustId	Id	TypeId	Rotated	x	y	z	Length	Width	Height	mass	Fragility	LoadBearingStrength
6	8	4	0	0	0	0	30	11	6	425.33	0		16.764149
24	46	39	0	0	11	0	32	14	9	1841.97	1		10.279979
6	9	100	0	0	0	6	29	10	13	2172.91	0		120.727478
6	7	1	0	30	0	0	18	8	13	961.24	0		25.871892
24	45	27	0	29	0	13	22	6	14	290.08	0		7.305391
24	47	42	0	0	0	19	21	11	10	322.27	0		31.660358
8	12	13	0	0	11	9	29	12	10	2421.30	1		28.445028
8	13	80	0	0	11	19	33	7	10	1388.36	1		31.830103
19	35	66	0	33	8	0	21	12	8	921.53	0		22.779053
14	26	85	0	33	8	8	14	7	11	239.36	0		18.003965


-------------------------------------------------------------------------------------------------------------------
Tour_Id:			7
No_of_Customers:		6
No_of_Items:			10
Customer_Sequence:		26 9 2 89 59 23 

CustId	Id	TypeId	Rotated	x	y	z	Length	Width	Height	mass	Fragility	LoadBearingStrength
23	44	66	0	0	0	0	21	12	8	921.53	0		22.779053
59	117	76	0	0	12	0	13	11	12	727.07	0		33.991195
23	43	35	0	0	0	8	13	6	10	352.52	0		40.607931
59	116	9	0	0	6	8	16	5	9	1060.32	0		71.580435
89	180	51	0	13	12	0	35	12	12	559.53	0		12.978438
2	2	50	0	0	11	12	27	5	12	709.11	0		32.587024
9	14	65	0	0	16	12	22	9	6	585.67	1		15.236863
26	50	21	0	27	11	12	22	14	7	1331.30	0		42.376984
26	52	81	0	27	11	19	15	13	11	985.64	0		282.850936
26	51	75	0	21	0	0	32	8	13	577.63	1		7.642710


-------------------------------------------------------------------------------------------------------------------
Tour_Id:			8
No_of_Customers:		6
No_of_Items:			10
Customer_Sequence:		46 5 1 28 81 20 

CustId	Id	TypeId	Rotated	x	y	z	Length	Width	Height	mass	Fragility	LoadBearingStrength
20	36	34	0	0	0	0	18	13	7	385.91	1		10.984347
20	37	57	0	0	13	0	21	12	7	329.23	0		34.385624
81	166	38	0	0	0	7	19	11	8	860.31	1		9.063334
81	165	24	0	19	0	0	33	13	13	1575.41	0		22.319546
1	1	17	0	19	0	13	35	8	7	285.50	0		8.831262
28	55	95	0	0	13	7	23	10	6	243.18	0		6.634716
46	89	97	0	23	13	0	33	8	14	2430.26	0		316.940422
5	6	2	0	19	0	20	31	6	10	292.26	1		3.400536
28	54	43	0	0	13	13	22	6	11	458.38	0		47.310191
46	88	5	0	19	8	13	34	5	13	637.45	0		21.681981


-------------------------------------------------------------------------------------------------------------------
Tour_Id:			9
No_of_Customers:		4
No_of_Items:			9
Customer_Sequence:		62 57 34 4 

CustId	Id	TypeId	Rotated	x	y	z	Length	Width	Height	mass	Fragility	LoadBearingStrength
4	5	62	0	0	0	0	28	14	10	1900.01	0		33.584706
34	66	19	0	0	0	10	33	13	10	1549.57	1		9.448738
34	65	16	0	0	14	0	19	10	14	1359.38	0		39.292201
34	67	43	0	0	14	14	22	6	11	458.38	0		47.310191
57	113	41	0	22	14	0	35	6	13	840.26	0		47.151109
57	114	54	0	33	0	0	20	11	11	2769.46	0		99.509161
57	112	13	0	0	0	20	29	12	10	2421.30	1		28.445028
62	125	77	0	22	14	13	30	8	8	500.67	0		29.519571
62	124	33	0	22	14	21	29	6	8	526.05	0		35.882385


-------------------------------------------------------------------------------------------------------------------
Tour_Id:			10
No_of_Customers:		7
No_of_Items:			16
Customer_Sequence:		61 50 79 58 38 74 73 

CustId	Id	TypeId	Rotated	x	y	z	Length	Width	Height	mass	Fragility	LoadBearingStrength
38	74	43	0	0	0	0	22	6	11	458.38	0		47.310191
74	149	52	0	0	6	0	19	13	12	1474.12	0		182.842650
73	147	71	0	0	19	0	25	6	14	1286.21	0		126.842834
74	148	44	0	0	6	12	22	5	10	459.16	0		15.153968
38	73	32	0	22	0	0	33	8	6	216.72	0		21.585803
58	115	80	0	22	8	0	33	7	10	1388.36	1		31.830103
73	146	55	0	0	19	14	27	6	9	274.30	0		13.169822
79	159	3	0	22	0	6	27	8	7	527.68	0		33.014596
79	161	43	0	0	0	11	22	6	11	458.38	0		47.310191
79	160	34	0	0	0	22	18	13	7	385.91	1		10.984347
61	121	11	0	22	8	10	32	5	9	255.58	1		5.640374
50	98	90	0	22	0	13	29	8	12	499.85	1		8.776828
50	96	29	0	0	19	23	29	6	6	355.20	1		5.345762
61	123	53	0	29	15	0	21	8	12	351	0		12.293946
61	122	25	0	29	15	12	17	10	14	465.51	1		9.046178
50	97	35	0	0	13	12	13	6	10	352.52	0		40.607931


-------------------------------------------------------------------------------------------------------------------
Tour_Id:			11
No_of_Customers:		5
No_of_Items:			8
Customer_Sequence:		47 27 82 70 13 

CustId	Id	TypeId	Rotated	x	y	z	Length	Width	Height	mass	Fragility	LoadBearingStrength
70	141	16	0	0	0	0	19	10	14	1359.38	0		39.292201
13	23	38	0	0	10	0	19	11	8	860.31	1		9.063334
13	25	99	0	0	10	8	17	14	7	1825.15	1		21.213734
13	24	78	0	19	10	0	35	14	14	4885.16	0		76.190178
70	142	53	0	0	0	14	21	8	12	351	0		12.293946
82	167	19	0	19	10	14	33	13	10	1549.57	1		9.448738
27	53	84	0	21	0	0	16	5	9	198.44	0		25.363986
47	90	23	0	21	0	9	17	6	10	132.27	0		6.933820


-------------------------------------------------------------------------------------------------------------------
Tour_Id:			12
No_of_Customers:		4
No_of_Items:			10
Customer_Sequence:		48 15 7 43 

CustId	Id	TypeId	Rotated	x	y	z	Length	Width	Height	mass	Fragility	LoadBearingStrength
43	83	89	0	0	0	0	24	11	10	1558.53	0		87.743942
43	84	99	0	0	11	0	17	14	7	1825.15	1		21.213734
7	10	24	0	17	11	0	33	13	13	1575.41	0		22.319546
7	11	68	0	0	0	10	27	6	8	230	0		16.235047
48	91	22	0	17	11	13	31	14	11	593.28	0		12.678270
15	29	82	0	0	0	18	32	6	9	280.94	0		58.201726
15	27	11	0	0	6	10	32	5	9	255.58	1		5.640374
15	28	27	0	27	0	0	22	6	14	290.08	0		7.305391
48	93	94	1	50	0	0	18	7	9	774.28	0		48.571413
48	92	48	0	17	11	24	34	5	6	712.75	0		54.291576


-------------------------------------------------------------------------------------------------------------------
Tour_Id:			13
No_of_Customers:		5
No_of_Items:			9
Customer_Sequence:		11 3 100 39 35 

CustId	Id	TypeId	Rotated	x	y	z	Length	Width	Height	mass	Fragility	LoadBearingStrength
35	68	30	0	0	0	0	35	14	12	3030.52	0		24.815538
35	69	45	0	0	14	0	35	8	7	1024.12	0		18.021268
39	75	96	0	0	0	12	30	11	7	1236.62	0		154.052970
100	200	88	0	0	0	19	18	14	10	785.18	0		21.833646
100	199	80	0	0	14	7	33	7	10	1388.36	1		31.830103
3	3	11	0	0	14	17	32	5	9	255.58	1		5.640374
3	4	36	0	35	0	0	15	5	12	627.10	1		13.270844
11	18	26	0	18	0	19	15	8	9	893.78	0		41.439764
11	19	35	0	35	5	0	13	6	10	352.52	0		40.607931


-------------------------------------------------------------------------------------------------------------------
Tour_Id:			14
No_of_Customers:		5
No_of_Items:			12
Customer_Sequence:		72 85 88 87 22 

CustId	Id	TypeId	Rotated	x	y	z	Length	Width	Height	mass	Fragility	LoadBearingStrength
88	178	27	0	0	0	0	22	6	14	290.08	0		7.305391
87	177	89	0	0	6	0	24	11	10	1558.53	0		87.743942
22	42	79	0	0	17	0	24	6	8	702.26	0		62.037279
22	41	68	0	0	17	8	27	6	8	230	0		16.235047
87	176	47	0	0	6	10	15	6	10	121.26	0		5.391877
85	171	29	0	0	0	14	29	6	6	355.20	1		5.345762
85	172	67	0	24	0	0	34	14	14	3955.66	0		39.166899
87	175	3	0	0	17	16	27	8	7	527.68	0		33.014596
85	170	11	0	0	0	20	32	5	9	255.58	1		5.640374
88	179	86	0	27	14	0	32	7	12	461.38	0		24.521260
72	145	97	0	27	14	12	33	8	14	2430.26	0		316.940422
72	144	94	0	32	0	14	18	7	9	774.28	0		48.571413


-------------------------------------------------------------------------------------------------------------------
Tour_Id:			15
No_of_Customers:		5
No_of_Items:			12
Customer_Sequence:		96 86 33 56 42 

CustId	Id	TypeId	Rotated	x	y	z	Length	Width	Height	mass	Fragility	LoadBearingStrength
42	82	62	0	0	0	0	28	14	10	1900.01	0		33.584706
42	80	1	0	0	14	0	18	8	13	961.24	0		25.871892
56	109	8	0	0	0	10	34	8	12	1901.53	0		24.346761
42	81	57	0	28	0	0	21	12	7	329.23	0		34.385624
33	63	17	0	0	0	22	35	8	7	285.50	0		8.831262
56	110	25	0	0	14	13	17	10	14	465.51	1		9.046178
56	111	48	0	0	8	10	34	5	6	712.75	0		54.291576
33	64	69	0	18	14	0	29	7	6	305.01	0		21.290331
86	173	63	0	18	14	6	15	8	14	1549.27	0		41.003831
86	174	95	1	49	0	0	23	10	6	243.18	0		6.634716
96	191	58	0	33	13	6	25	7	11	341.25	0		39.634924
96	190	1	0	33	13	17	18	8	13	961.24	0		25.871892


-------------------------------------------------------------------------------------------------------------------
Tour_Id:			16
No_of_Customers:		5
No_of_Items:			12
Customer_Sequence:		53 17 64 77 91 

CustId	Id	TypeId	Rotated	x	y	z	Length	Width	Height	mass	Fragility	LoadBearingStrength
91	183	62	0	0	0	0	28	14	10	1900.01	0		33.584706
91	184	98	0	0	0	10	29	12	8	835.33	0		37.807065
91	182	27	0	0	14	0	22	6	14	290.08	0		7.305391
77	155	53	0	0	12	14	21	8	12	351	0		12.293946
64	127	41	0	22	14	0	35	6	13	840.26	0		47.151109
77	154	36	0	0	20	0	15	5	12	627.10	1		13.270844
53	105	4	0	0	0	18	30	11	6	425.33	0		16.764149
17	32	72	0	22	12	13	12	8	6	57.93	1		3.552677
64	128	70	0	15	20	0	31	5	6	538.89	0		75.277552
17	33	100	0	29	0	0	29	10	13	2172.91	0		120.727478
53	106	92	0	34	0	13	26	12	12	2467.03	0		262.062089
17	31	44	0	15	20	6	22	5	10	459.16	0		15.153968


-------------------------------------------------------------------------------------------------------------------
Tour_Id:			17
No_of_Customers:		7
No_of_Items:			12
Customer_Sequence:		55 16 83 67 21 97 45 

CustId	Id	TypeId	Rotated	x	y	z	Length	Width	Height	mass	Fragility	LoadBearingStrength
45	87	97	0	0	0	0	33	8	14	2430.26	0		316.940422
97	194	86	0	0	8	0	32	7	12	461.38	0		24.521260
97	193	45	0	0	15	0	35	8	7	1024.12	0		18.021268
97	192	32	0	0	15	7	33	8	6	216.72	0		21.585803
67	136	77	0	0	15	13	30	8	8	500.67	0		29.519571
16	30	97	0	0	0	14	33	8	14	2430.26	0		316.940422
21	38	34	0	33	0	0	18	13	7	385.91	1		10.984347
67	135	41	0	0	8	12	35	6	13	840.26	0		47.151109
21	39	84	0	35	15	0	16	5	9	198.44	0		25.363986
83	168	77	0	0	15	21	30	8	8	500.67	0		29.519571
21	40	94	1	51	0	0	18	7	9	774.28	0		48.571413
55	108	84	0	35	20	0	16	5	9	198.44	0		25.363986


-------------------------------------------------------------------------------------------------------------------
Tour_Id:			18
No_of_Customers:		6
No_of_Items:			13
Customer_Sequence:		90 37 80 18 41 78 

CustId	Id	TypeId	Rotated	x	y	z	Length	Width	Height	mass	Fragility	LoadBearingStrength
78	157	43	0	0	0	0	22	6	11	458.38	0		47.310191
78	158	79	0	0	6	0	24	6	8	702.26	0		62.037279
78	156	25	0	0	12	0	17	10	14	465.51	1		9.046178
41	78	87	0	17	12	0	32	10	14	1516.41	0		15.619229
41	77	69	0	17	12	14	29	7	6	305.01	0		21.290331
41	79	91	0	0	0	11	18	7	7	377.90	0		37.074512
18	34	44	0	0	7	8	22	5	10	459.16	0		15.153968
80	164	98	0	24	0	0	29	12	8	835.33	0		37.807065
80	162	15	0	22	0	8	32	12	6	1166.20	0		29.705365
80	163	82	0	17	12	20	32	6	9	280.94	0		58.201726
37	71	12	0	0	0	18	19	9	12	1323.78	0		167.483713
37	72	82	0	22	0	14	32	6	9	280.94	0		58.201726
90	181	93	0	22	6	14	32	5	9	314.21	0		15.133307


-------------------------------------------------------------------------------------------------------------------
Tour_Id:			19
No_of_Customers:		7
No_of_Items:			11
Customer_Sequence:		98 29 25 66 94 93 54 

CustId	Id	TypeId	Rotated	x	y	z	Length	Width	Height	mass	Fragility	LoadBearingStrength
54	107	22	0	0	0	0	31	14	11	593.28	0		12.678270
93	187	51	0	0	0	11	35	12	12	559.53	0		12.978438
93	186	45	0	0	14	0	35	8	7	1024.12	0		18.021268
94	188	75	0	0	14	7	32	8	13	577.63	1		7.642710
25	49	21	0	0	0	23	22	14	7	1331.30	0		42.376984
66	134	47	0	35	0	0	15	6	10	121.26	0		5.391877
66	133	34	0	35	6	0	18	13	7	385.91	1		10.984347
66	132	26	0	35	0	10	15	8	9	893.78	0		41.439764
25	48	2	0	0	14	20	31	6	10	292.26	1		3.400536
29	56	38	0	35	8	7	19	11	8	860.31	1		9.063334
98	195	91	0	35	0	19	18	7	7	377.90	0		37.074512


