Name:				227_n100_m200_bt3
Problem:			3L-VRPTW
Number_of_used_Vehicles:	10
Total_Travel_Distance:		1041.37
Calculation_Time:		200.28
Total_Iterations:		20476
ConstraintSet:			P1

-------------------------------------------------------------------------------------------------------------------
Tour_Id:			1
No_of_Customers:		11
No_of_Items:			21
Customer_Sequence:		8 52 35 95 28 22 9 86 41 67 18 

CustId	Id	TypeId	Rotated	x	y	z	Length	Width	Height	mass	Fragility	LoadBearingStrength
18	40	3	0	0	0	0	14	6	5	393.03	0		33.739884
18	38	1	0	0	6	0	9	3	6	69.63	1		1.986512
18	39	1	0	0	9	0	9	3	6	69.63	1		1.986512
67	135	1	0	0	12	0	9	3	6	69.63	1		1.986512
67	136	1	0	0	15	0	9	3	6	69.63	1		1.986512
41	88	2	0	0	18	0	16	7	4	307.33	0		45.390538
86	171	3	0	0	18	4	14	6	5	393.03	0		33.739884
9	22	1	0	0	0	5	9	3	6	69.63	1		1.986512
22	45	1	0	0	3	5	9	3	6	69.63	1		1.986512
28	59	2	0	0	18	9	16	7	4	307.33	0		45.390538
28	60	2	0	0	18	13	16	7	4	307.33	0		45.390538
95	190	2	0	0	18	17	16	7	4	307.33	0		45.390538
35	77	2	0	0	18	21	16	7	4	307.33	0		45.390538
35	75	1	0	0	6	6	9	3	6	69.63	1		1.986512
35	76	1	0	0	9	6	9	3	6	69.63	1		1.986512
52	108	2	0	0	18	25	16	7	4	307.33	0		45.390538
52	109	2	0	9	6	0	16	7	4	307.33	0		45.390538
52	110	3	0	9	6	4	14	6	5	393.03	0		33.739884
8	20	3	0	9	6	9	14	6	5	393.03	0		33.739884
8	21	3	0	9	6	14	14	6	5	393.03	0		33.739884
8	19	1	0	0	12	6	9	3	6	69.63	1		1.986512


-------------------------------------------------------------------------------------------------------------------
Tour_Id:			2
No_of_Customers:		7
No_of_Items:			17
Customer_Sequence:		66 1 37 33 65 54 2 

CustId	Id	TypeId	Rotated	x	y	z	Length	Width	Height	mass	Fragility	LoadBearingStrength
2	5	3	0	0	0	0	14	6	5	393.03	0		33.739884
2	4	1	0	0	6	0	9	3	6	69.63	1		1.986512
54	113	3	0	0	9	0	14	6	5	393.03	0		33.739884
54	112	1	0	0	15	0	9	3	6	69.63	1		1.986512
65	131	3	0	0	18	0	14	6	5	393.03	0		33.739884
65	130	1	0	0	0	5	9	3	6	69.63	1		1.986512
33	72	2	0	0	18	5	16	7	4	307.33	0		45.390538
33	71	1	0	0	3	5	9	3	6	69.63	1		1.986512
37	80	1	0	0	9	5	9	3	6	69.63	1		1.986512
37	81	1	0	0	12	5	9	3	6	69.63	1		1.986512
37	82	1	0	0	6	6	9	3	6	69.63	1		1.986512
1	2	3	0	0	18	9	14	6	5	393.03	0		33.739884
1	3	3	0	0	18	14	14	6	5	393.03	0		33.739884
1	1	1	0	0	15	6	9	3	6	69.63	1		1.986512
66	132	2	0	0	18	19	16	7	4	307.33	0		45.390538
66	133	3	0	0	18	23	14	6	5	393.03	0		33.739884
66	134	3	0	14	0	0	14	6	5	393.03	0		33.739884


-------------------------------------------------------------------------------------------------------------------
Tour_Id:			3
No_of_Customers:		10
No_of_Items:			20
Customer_Sequence:		13 82 19 64 68 75 98 48 83 47 

CustId	Id	TypeId	Rotated	x	y	z	Length	Width	Height	mass	Fragility	LoadBearingStrength
47	99	2	0	0	0	0	16	7	4	307.33	0		45.390538
47	100	2	0	0	7	0	16	7	4	307.33	0		45.390538
47	101	3	0	0	14	0	14	6	5	393.03	0		33.739884
83	167	3	0	0	0	4	14	6	5	393.03	0		33.739884
83	166	1	0	0	20	0	9	3	6	69.63	1		1.986512
48	102	2	0	0	6	4	16	7	4	307.33	0		45.390538
98	194	1	0	0	14	5	9	3	6	69.63	1		1.986512
75	150	2	0	0	6	8	16	7	4	307.33	0		45.390538
75	149	1	0	0	17	5	9	3	6	69.63	1		1.986512
68	137	3	0	0	0	9	14	6	5	393.03	0		33.739884
64	128	2	0	0	6	12	16	7	4	307.33	0		45.390538
64	129	2	0	0	6	16	16	7	4	307.33	0		45.390538
64	127	1	0	0	20	6	9	3	6	69.63	1		1.986512
19	42	2	0	0	6	20	16	7	4	307.33	0		45.390538
19	41	1	0	0	14	11	9	3	6	69.63	1		1.986512
82	165	2	0	0	6	24	16	7	4	307.33	0		45.390538
82	163	1	0	0	17	11	9	3	6	69.63	1		1.986512
82	164	1	0	0	20	12	9	3	6	69.63	1		1.986512
13	30	2	0	14	14	0	16	7	4	307.33	0		45.390538
13	29	1	0	0	0	14	9	3	6	69.63	1		1.986512


-------------------------------------------------------------------------------------------------------------------
Tour_Id:			4
No_of_Customers:		10
No_of_Items:			22
Customer_Sequence:		87 90 45 80 89 100 31 78 91 24 

CustId	Id	TypeId	Rotated	x	y	z	Length	Width	Height	mass	Fragility	LoadBearingStrength
24	49	1	0	0	0	0	9	3	6	69.63	1		1.986512
91	184	2	0	0	3	0	16	7	4	307.33	0		45.390538
91	183	1	0	0	10	0	9	3	6	69.63	1		1.986512
78	156	2	0	0	13	0	16	7	4	307.33	0		45.390538
31	65	2	0	0	3	4	16	7	4	307.33	0		45.390538
31	66	2	0	0	13	4	16	7	4	307.33	0		45.390538
31	67	3	0	0	3	8	14	6	5	393.03	0		33.739884
100	199	3	0	0	13	8	14	6	5	393.03	0		33.739884
100	200	3	0	0	3	13	14	6	5	393.03	0		33.739884
100	198	1	0	0	20	0	9	3	6	69.63	1		1.986512
89	178	3	0	0	13	13	14	6	5	393.03	0		33.739884
89	179	3	0	0	3	18	14	6	5	393.03	0		33.739884
89	177	1	0	0	0	6	9	3	6	69.63	1		1.986512
80	158	2	0	0	13	18	16	7	4	307.33	0		45.390538
80	159	3	0	0	13	22	14	6	5	393.03	0		33.739884
45	97	1	0	0	10	6	9	3	6	69.63	1		1.986512
90	181	2	0	0	3	23	16	7	4	307.33	0		45.390538
90	182	2	0	16	0	0	16	7	4	307.33	0		45.390538
90	180	1	0	0	20	6	9	3	6	69.63	1		1.986512
87	172	2	0	16	7	0	16	7	4	307.33	0		45.390538
87	173	3	0	16	14	0	14	6	5	393.03	0		33.739884
87	174	3	0	16	0	4	14	6	5	393.03	0		33.739884


-------------------------------------------------------------------------------------------------------------------
Tour_Id:			5
No_of_Customers:		8
No_of_Items:			19
Customer_Sequence:		29 60 46 77 5 26 32 62 

CustId	Id	TypeId	Rotated	x	y	z	Length	Width	Height	mass	Fragility	LoadBearingStrength
62	125	2	0	0	0	0	16	7	4	307.33	0		45.390538
62	124	1	0	0	7	0	9	3	6	69.63	1		1.986512
32	70	3	0	0	10	0	14	6	5	393.03	0		33.739884
32	68	1	0	0	16	0	9	3	6	69.63	1		1.986512
32	69	1	0	0	19	0	9	3	6	69.63	1		1.986512
26	54	2	0	0	0	4	16	7	4	307.33	0		45.390538
26	55	2	0	0	0	8	16	7	4	307.33	0		45.390538
26	53	1	0	0	22	0	9	3	6	69.63	1		1.986512
5	11	1	0	0	10	5	9	3	6	69.63	1		1.986512
5	12	1	0	0	13	5	9	3	6	69.63	1		1.986512
77	154	2	0	0	0	12	16	7	4	307.33	0		45.390538
77	155	3	0	0	0	16	14	6	5	393.03	0		33.739884
77	153	1	0	0	7	6	9	3	6	69.63	1		1.986512
46	98	2	0	0	0	21	16	7	4	307.33	0		45.390538
60	121	2	0	0	0	25	16	7	4	307.33	0		45.390538
60	122	3	0	9	16	0	14	6	5	393.03	0		33.739884
29	61	2	0	9	16	5	16	7	4	307.33	0		45.390538
29	62	3	0	9	16	9	14	6	5	393.03	0		33.739884
29	63	3	0	9	16	14	14	6	5	393.03	0		33.739884


-------------------------------------------------------------------------------------------------------------------
Tour_Id:			6
No_of_Customers:		10
No_of_Items:			21
Customer_Sequence:		4 50 27 14 23 85 53 96 16 10 

CustId	Id	TypeId	Rotated	x	y	z	Length	Width	Height	mass	Fragility	LoadBearingStrength
10	23	2	0	0	0	0	16	7	4	307.33	0		45.390538
10	24	2	0	0	7	0	16	7	4	307.33	0		45.390538
10	25	3	0	0	14	0	14	6	5	393.03	0		33.739884
16	36	3	0	0	0	4	14	6	5	393.03	0		33.739884
96	191	3	0	0	6	4	14	6	5	393.03	0		33.739884
53	111	2	0	0	14	5	16	7	4	307.33	0		45.390538
85	170	2	0	0	0	9	16	7	4	307.33	0		45.390538
85	169	1	0	0	21	0	9	3	6	69.63	1		1.986512
23	47	2	1	0	7	9	16	7	4	307.33	0		45.390538
23	48	2	0	0	0	13	16	7	4	307.33	0		45.390538
23	46	1	0	0	7	13	9	3	6	69.63	1		1.986512
14	31	3	1	0	10	13	14	6	5	393.03	0		33.739884
14	32	3	0	0	0	17	14	6	5	393.03	0		33.739884
27	56	2	0	0	0	22	16	7	4	307.33	0		45.390538
27	57	2	0	0	0	26	16	7	4	307.33	0		45.390538
27	58	3	1	0	10	18	14	6	5	393.03	0		33.739884
50	106	3	1	0	7	23	14	6	5	393.03	0		33.739884
50	105	1	0	9	21	0	9	3	6	69.63	1		1.986512
4	9	2	0	16	0	0	16	7	4	307.33	0		45.390538
4	10	2	0	16	7	0	16	7	4	307.33	0		45.390538
4	8	1	0	7	21	6	9	3	6	69.63	1		1.986512


-------------------------------------------------------------------------------------------------------------------
Tour_Id:			7
No_of_Customers:		11
No_of_Items:			22
Customer_Sequence:		42 17 6 58 71 88 56 99 94 15 7 

CustId	Id	TypeId	Rotated	x	y	z	Length	Width	Height	mass	Fragility	LoadBearingStrength
7	17	2	0	0	0	0	16	7	4	307.33	0		45.390538
7	18	2	0	0	7	0	16	7	4	307.33	0		45.390538
7	16	1	0	0	14	0	9	3	6	69.63	1		1.986512
15	34	2	0	0	17	0	16	7	4	307.33	0		45.390538
15	35	3	0	0	0	4	14	6	5	393.03	0		33.739884
15	33	1	0	0	6	4	9	3	6	69.63	1		1.986512
94	189	1	0	0	9	4	9	3	6	69.63	1		1.986512
99	196	2	0	0	17	4	16	7	4	307.33	0		45.390538
99	197	3	0	0	17	8	14	6	5	393.03	0		33.739884
99	195	1	0	0	14	6	9	3	6	69.63	1		1.986512
56	117	3	0	0	0	9	14	6	5	393.03	0		33.739884
56	116	1	0	0	6	10	9	3	6	69.63	1		1.986512
88	176	2	0	0	17	13	16	7	4	307.33	0		45.390538
88	175	1	0	0	9	10	9	3	6	69.63	1		1.986512
71	143	2	0	0	17	17	16	7	4	307.33	0		45.390538
58	119	2	0	0	17	21	16	7	4	307.33	0		45.390538
6	15	2	0	0	17	25	16	7	4	307.33	0		45.390538
6	13	1	0	0	14	12	9	3	6	69.63	1		1.986512
6	14	1	0	0	0	14	9	3	6	69.63	1		1.986512
17	37	3	0	16	0	0	14	6	5	393.03	0		33.739884
42	89	1	0	0	3	14	9	3	6	69.63	1		1.986512
42	90	1	0	0	6	16	9	3	6	69.63	1		1.986512


-------------------------------------------------------------------------------------------------------------------
Tour_Id:			8
No_of_Customers:		11
No_of_Items:			17
Customer_Sequence:		38 59 11 40 36 72 70 39 73 21 20 

CustId	Id	TypeId	Rotated	x	y	z	Length	Width	Height	mass	Fragility	LoadBearingStrength
20	43	1	0	0	0	0	9	3	6	69.63	1		1.986512
21	44	3	0	0	3	0	14	6	5	393.03	0		33.739884
73	147	2	0	0	9	0	16	7	4	307.33	0		45.390538
73	145	1	0	0	16	0	9	3	6	69.63	1		1.986512
73	146	1	0	0	19	0	9	3	6	69.63	1		1.986512
39	84	2	0	0	9	4	16	7	4	307.33	0		45.390538
39	85	2	0	0	9	8	16	7	4	307.33	0		45.390538
70	141	2	0	0	9	12	16	7	4	307.33	0		45.390538
70	142	2	0	0	9	16	16	7	4	307.33	0		45.390538
72	144	3	0	0	3	5	14	6	5	393.03	0		33.739884
36	79	3	0	0	3	10	14	6	5	393.03	0		33.739884
36	78	1	0	0	22	0	9	3	6	69.63	1		1.986512
40	87	2	0	0	9	20	16	7	4	307.33	0		45.390538
40	86	1	0	0	0	6	9	3	6	69.63	1		1.986512
11	26	1	0	0	16	6	9	3	6	69.63	1		1.986512
59	120	3	0	0	3	15	14	6	5	393.03	0		33.739884
38	83	3	0	0	3	20	14	6	5	393.03	0		33.739884


-------------------------------------------------------------------------------------------------------------------
Tour_Id:			9
No_of_Customers:		12
No_of_Items:			21
Customer_Sequence:		93 3 92 97 61 79 30 49 12 63 34 81 

CustId	Id	TypeId	Rotated	x	y	z	Length	Width	Height	mass	Fragility	LoadBearingStrength
81	161	2	0	0	0	0	16	7	4	307.33	0		45.390538
81	162	3	0	0	7	0	14	6	5	393.03	0		33.739884
81	160	1	0	0	13	0	9	3	6	69.63	1		1.986512
34	74	2	0	0	16	0	16	7	4	307.33	0		45.390538
34	73	1	0	0	0	4	9	3	6	69.63	1		1.986512
63	126	1	0	0	3	4	9	3	6	69.63	1		1.986512
12	27	2	0	0	16	4	16	7	4	307.33	0		45.390538
12	28	3	0	0	7	5	14	6	5	393.03	0		33.739884
49	103	2	0	0	16	8	16	7	4	307.33	0		45.390538
49	104	3	0	0	7	10	14	6	5	393.03	0		33.739884
30	64	1	0	0	13	6	9	3	6	69.63	1		1.986512
79	157	1	0	0	0	10	9	3	6	69.63	1		1.986512
61	123	3	0	0	16	12	14	6	5	393.03	0		33.739884
97	193	3	0	0	7	15	14	6	5	393.03	0		33.739884
97	192	1	0	0	3	10	9	3	6	69.63	1		1.986512
92	186	3	0	0	16	17	14	6	5	393.03	0		33.739884
92	185	1	0	0	13	12	9	3	6	69.63	1		1.986512
3	6	2	0	0	7	20	16	7	4	307.33	0		45.390538
3	7	2	0	0	16	22	16	7	4	307.33	0		45.390538
93	187	1	0	0	0	16	9	3	6	69.63	1		1.986512
93	188	1	0	0	3	16	9	3	6	69.63	1		1.986512


-------------------------------------------------------------------------------------------------------------------
Tour_Id:			10
No_of_Customers:		10
No_of_Items:			20
Customer_Sequence:		84 51 76 43 69 74 57 55 25 44 

CustId	Id	TypeId	Rotated	x	y	z	Length	Width	Height	mass	Fragility	LoadBearingStrength
44	96	2	0	0	0	0	16	7	4	307.33	0		45.390538
44	94	1	0	0	7	0	9	3	6	69.63	1		1.986512
44	95	1	0	0	10	0	9	3	6	69.63	1		1.986512
25	50	3	0	0	13	0	14	6	5	393.03	0		33.739884
25	51	3	0	0	19	0	14	6	5	393.03	0		33.739884
25	52	3	0	0	0	4	14	6	5	393.03	0		33.739884
55	115	2	0	0	13	5	16	7	4	307.33	0		45.390538
55	114	1	0	0	20	5	9	3	6	69.63	1		1.986512
57	118	1	0	0	7	6	9	3	6	69.63	1		1.986512
74	148	1	0	0	10	6	9	3	6	69.63	1		1.986512
69	138	2	0	0	0	9	16	7	4	307.33	0		45.390538
69	139	2	0	0	13	9	16	7	4	307.33	0		45.390538
69	140	3	0	0	0	13	14	6	5	393.03	0		33.739884
43	92	2	0	0	13	13	16	7	4	307.33	0		45.390538
43	93	3	0	0	13	17	14	6	5	393.03	0		33.739884
43	91	1	0	0	20	11	9	3	6	69.63	1		1.986512
76	152	3	0	0	0	18	14	6	5	393.03	0		33.739884
76	151	1	0	0	7	12	9	3	6	69.63	1		1.986512
51	107	2	0	0	13	22	16	7	4	307.33	0		45.390538
84	168	1	0	0	10	12	9	3	6	69.63	1		1.986512


