Name:				229_n100_m200_bt3
Problem:			3L-VRPTW
Number_of_used_Vehicles:	14
Total_Travel_Distance:		1476.97
Calculation_Time:		75.65
Total_Iterations:		18838
ConstraintSet:			P1

-------------------------------------------------------------------------------------------------------------------
Tour_Id:			1
No_of_Customers:		7
No_of_Items:			17
Customer_Sequence:		53 75 22 34 19 48 27 

CustId	Id	TypeId	Rotated	x	y	z	Length	Width	Height	mass	Fragility	LoadBearingStrength
27	53	2	0	0	0	0	15	4	3	90.29	0		25.200705
27	54	2	0	0	4	0	15	4	3	90.29	0		25.200705
48	98	2	0	0	8	0	15	4	3	90.29	0		25.200705
48	99	3	0	0	12	0	10	3	5	62.60	1		2.641948
19	35	1	0	0	15	0	7	3	6	234.58	0		39.219102
19	36	1	0	0	18	0	7	3	6	234.58	0		39.219102
19	37	1	0	0	21	0	7	3	6	234.58	0		39.219102
34	69	2	0	0	0	3	15	4	3	90.29	0		25.200705
34	68	1	0	0	4	3	7	3	6	234.58	0		39.219102
34	70	3	0	0	7	3	10	3	5	62.60	1		2.641948
22	43	2	0	0	0	6	15	4	3	90.29	0		25.200705
22	44	2	0	0	0	9	15	4	3	90.29	0		25.200705
22	42	1	0	0	15	6	7	3	6	234.58	0		39.219102
75	151	2	0	0	0	12	15	4	3	90.29	0		25.200705
75	150	1	0	0	18	6	7	3	6	234.58	0		39.219102
75	152	3	0	0	12	5	10	3	5	62.60	1		2.641948
53	108	1	0	0	21	6	7	3	6	234.58	0		39.219102


-------------------------------------------------------------------------------------------------------------------
Tour_Id:			2
No_of_Customers:		7
No_of_Items:			14
Customer_Sequence:		32 91 41 78 43 98 68 

CustId	Id	TypeId	Rotated	x	y	z	Length	Width	Height	mass	Fragility	LoadBearingStrength
68	137	2	0	0	0	0	15	4	3	90.29	0		25.200705
68	138	2	0	0	4	0	15	4	3	90.29	0		25.200705
98	197	2	0	0	8	0	15	4	3	90.29	0		25.200705
43	89	2	0	0	12	0	15	4	3	90.29	0		25.200705
43	88	1	0	0	16	0	7	3	6	234.58	0		39.219102
78	159	2	0	0	19	0	15	4	3	90.29	0		25.200705
78	157	1	0	0	0	3	7	3	6	234.58	0		39.219102
78	158	1	0	0	3	3	7	3	6	234.58	0		39.219102
41	84	2	0	0	6	3	15	4	3	90.29	0		25.200705
41	85	2	0	0	10	3	15	4	3	90.29	0		25.200705
41	86	3	0	0	19	3	10	3	5	62.60	1		2.641948
91	185	2	0	0	6	6	15	4	3	90.29	0		25.200705
91	184	1	0	0	10	6	7	3	6	234.58	0		39.219102
32	64	2	0	0	6	9	15	4	3	90.29	0		25.200705


-------------------------------------------------------------------------------------------------------------------
Tour_Id:			3
No_of_Customers:		7
No_of_Items:			17
Customer_Sequence:		70 31 64 4 81 77 94 

CustId	Id	TypeId	Rotated	x	y	z	Length	Width	Height	mass	Fragility	LoadBearingStrength
94	190	2	0	0	0	0	15	4	3	90.29	0		25.200705
77	154	2	0	0	4	0	15	4	3	90.29	0		25.200705
77	155	3	0	0	8	0	10	3	5	62.60	1		2.641948
77	156	3	0	0	11	0	10	3	5	62.60	1		2.641948
81	164	2	0	0	14	0	15	4	3	90.29	0		25.200705
81	165	2	0	0	18	0	15	4	3	90.29	0		25.200705
81	166	3	0	0	22	0	10	3	5	62.60	1		2.641948
4	5	2	0	0	0	3	15	4	3	90.29	0		25.200705
4	6	2	0	0	4	3	15	4	3	90.29	0		25.200705
4	7	3	0	0	14	3	10	3	5	62.60	1		2.641948
64	130	3	0	0	17	3	10	3	5	62.60	1		2.641948
31	61	2	0	0	0	6	15	4	3	90.29	0		25.200705
31	62	2	0	0	4	6	15	4	3	90.29	0		25.200705
31	63	3	0	0	8	5	10	3	5	62.60	1		2.641948
70	140	2	0	0	0	9	15	4	3	90.29	0		25.200705
70	141	3	0	0	11	5	10	3	5	62.60	1		2.641948
70	142	3	0	0	22	5	10	3	5	62.60	1		2.641948


-------------------------------------------------------------------------------------------------------------------
Tour_Id:			4
No_of_Customers:		9
No_of_Items:			14
Customer_Sequence:		59 86 85 50 92 17 76 36 28 

CustId	Id	TypeId	Rotated	x	y	z	Length	Width	Height	mass	Fragility	LoadBearingStrength
28	55	2	0	0	0	0	15	4	3	90.29	0		25.200705
28	56	3	0	0	4	0	10	3	5	62.60	1		2.641948
28	57	3	0	0	7	0	10	3	5	62.60	1		2.641948
36	72	3	0	0	10	0	10	3	5	62.60	1		2.641948
36	73	3	0	0	13	0	10	3	5	62.60	1		2.641948
76	153	1	0	0	16	0	7	3	6	234.58	0		39.219102
17	31	1	0	0	19	0	7	3	6	234.58	0		39.219102
92	186	3	0	0	22	0	10	3	5	62.60	1		2.641948
50	103	3	0	0	0	3	10	3	5	62.60	1		2.641948
50	104	3	0	0	4	5	10	3	5	62.60	1		2.641948
85	172	1	0	0	16	6	7	3	6	234.58	0		39.219102
85	173	3	0	0	7	5	10	3	5	62.60	1		2.641948
86	174	1	0	0	19	6	7	3	6	234.58	0		39.219102
59	119	3	0	0	10	5	10	3	5	62.60	1		2.641948


-------------------------------------------------------------------------------------------------------------------
Tour_Id:			5
No_of_Customers:		8
No_of_Items:			15
Customer_Sequence:		97 63 67 30 66 23 99 79 

CustId	Id	TypeId	Rotated	x	y	z	Length	Width	Height	mass	Fragility	LoadBearingStrength
79	160	1	0	0	0	0	7	3	6	234.58	0		39.219102
79	161	1	0	0	3	0	7	3	6	234.58	0		39.219102
99	198	1	0	0	6	0	7	3	6	234.58	0		39.219102
99	199	3	0	0	9	0	10	3	5	62.60	1		2.641948
23	45	1	0	0	12	0	7	3	6	234.58	0		39.219102
23	46	3	0	0	15	0	10	3	5	62.60	1		2.641948
66	133	2	0	0	18	0	15	4	3	90.29	0		25.200705
30	60	3	0	0	22	0	10	3	5	62.60	1		2.641948
67	134	1	0	0	18	3	7	3	6	234.58	0		39.219102
67	135	1	0	0	0	6	7	3	6	234.58	0		39.219102
67	136	1	0	0	3	6	7	3	6	234.58	0		39.219102
63	127	1	0	0	6	6	7	3	6	234.58	0		39.219102
63	128	3	0	0	9	5	10	3	5	62.60	1		2.641948
63	129	3	0	0	15	5	10	3	5	62.60	1		2.641948
97	196	1	0	0	12	6	7	3	6	234.58	0		39.219102


-------------------------------------------------------------------------------------------------------------------
Tour_Id:			6
No_of_Customers:		7
No_of_Items:			18
Customer_Sequence:		69 56 49 26 73 18 5 

CustId	Id	TypeId	Rotated	x	y	z	Length	Width	Height	mass	Fragility	LoadBearingStrength
5	8	2	0	0	0	0	15	4	3	90.29	0		25.200705
5	9	3	0	0	4	0	10	3	5	62.60	1		2.641948
5	10	3	0	0	7	0	10	3	5	62.60	1		2.641948
18	33	2	0	0	10	0	15	4	3	90.29	0		25.200705
18	34	2	0	0	14	0	15	4	3	90.29	0		25.200705
18	32	1	0	0	18	0	7	3	6	234.58	0		39.219102
73	147	2	0	0	21	0	15	4	3	90.29	0		25.200705
73	148	2	0	0	0	3	15	4	3	90.29	0		25.200705
73	146	1	0	0	10	3	7	3	6	234.58	0		39.219102
26	50	1	0	0	13	3	7	3	6	234.58	0		39.219102
26	51	1	0	0	21	3	7	3	6	234.58	0		39.219102
26	52	3	0	0	4	5	10	3	5	62.60	1		2.641948
49	100	2	0	0	0	6	15	4	3	90.29	0		25.200705
49	101	2	0	0	0	9	15	4	3	90.29	0		25.200705
49	102	3	0	0	7	5	10	3	5	62.60	1		2.641948
56	113	2	0	0	0	12	15	4	3	90.29	0		25.200705
56	114	2	0	0	0	15	15	4	3	90.29	0		25.200705
69	139	3	0	0	4	10	10	3	5	62.60	1		2.641948


-------------------------------------------------------------------------------------------------------------------
Tour_Id:			7
No_of_Customers:		7
No_of_Items:			15
Customer_Sequence:		2 55 37 45 3 65 88 

CustId	Id	TypeId	Rotated	x	y	z	Length	Width	Height	mass	Fragility	LoadBearingStrength
88	176	1	0	0	0	0	7	3	6	234.58	0		39.219102
88	177	1	0	0	3	0	7	3	6	234.58	0		39.219102
88	178	3	0	0	6	0	10	3	5	62.60	1		2.641948
65	131	3	0	0	9	0	10	3	5	62.60	1		2.641948
65	132	3	0	0	12	0	10	3	5	62.60	1		2.641948
3	4	1	0	0	15	0	7	3	6	234.58	0		39.219102
45	91	2	0	0	18	0	15	4	3	90.29	0		25.200705
45	92	2	0	0	18	3	15	4	3	90.29	0		25.200705
45	93	3	0	0	22	0	10	3	5	62.60	1		2.641948
37	74	2	0	0	18	6	15	4	3	90.29	0		25.200705
37	75	3	0	0	6	5	10	3	5	62.60	1		2.641948
37	76	3	0	0	9	5	10	3	5	62.60	1		2.641948
55	112	2	0	0	18	9	15	4	3	90.29	0		25.200705
2	2	1	0	0	0	6	7	3	6	234.58	0		39.219102
2	3	1	0	0	3	6	7	3	6	234.58	0		39.219102


-------------------------------------------------------------------------------------------------------------------
Tour_Id:			8
No_of_Customers:		7
No_of_Items:			15
Customer_Sequence:		82 12 11 44 47 60 96 

CustId	Id	TypeId	Rotated	x	y	z	Length	Width	Height	mass	Fragility	LoadBearingStrength
96	194	2	0	0	0	0	15	4	3	90.29	0		25.200705
96	195	2	0	0	4	0	15	4	3	90.29	0		25.200705
96	193	1	0	0	8	0	7	3	6	234.58	0		39.219102
60	120	2	0	0	11	0	15	4	3	90.29	0		25.200705
60	121	2	0	0	15	0	15	4	3	90.29	0		25.200705
60	122	2	0	0	19	0	15	4	3	90.29	0		25.200705
47	96	1	0	0	0	3	7	3	6	234.58	0		39.219102
47	97	3	0	0	3	3	10	3	5	62.60	1		2.641948
44	90	3	0	0	11	3	10	3	5	62.60	1		2.641948
11	22	2	0	0	14	3	15	4	3	90.29	0		25.200705
11	21	1	0	0	18	3	7	3	6	234.58	0		39.219102
12	24	2	0	0	14	6	15	4	3	90.29	0		25.200705
12	23	1	0	0	8	6	7	3	6	234.58	0		39.219102
12	25	3	0	0	3	8	10	3	5	62.60	1		2.641948
82	167	2	0	0	14	9	15	4	3	90.29	0		25.200705


-------------------------------------------------------------------------------------------------------------------
Tour_Id:			9
No_of_Customers:		6
No_of_Items:			10
Customer_Sequence:		74 71 83 7 16 87 

CustId	Id	TypeId	Rotated	x	y	z	Length	Width	Height	mass	Fragility	LoadBearingStrength
87	175	1	0	0	0	0	7	3	6	234.58	0		39.219102
16	30	2	0	0	3	0	15	4	3	90.29	0		25.200705
7	12	2	0	0	7	0	15	4	3	90.29	0		25.200705
7	13	3	0	0	11	0	10	3	5	62.60	1		2.641948
7	14	3	0	0	14	0	10	3	5	62.60	1		2.641948
83	168	1	0	0	17	0	7	3	6	234.58	0		39.219102
83	169	3	0	0	20	0	10	3	5	62.60	1		2.641948
71	143	2	0	0	3	3	15	4	3	90.29	0		25.200705
71	144	3	0	0	7	3	10	3	5	62.60	1		2.641948
74	149	3	0	0	11	5	10	3	5	62.60	1		2.641948


-------------------------------------------------------------------------------------------------------------------
Tour_Id:			10
No_of_Customers:		9
No_of_Items:			17
Customer_Sequence:		61 25 29 42 100 80 24 84 39 

CustId	Id	TypeId	Rotated	x	y	z	Length	Width	Height	mass	Fragility	LoadBearingStrength
39	78	1	0	0	0	0	7	3	6	234.58	0		39.219102
39	79	1	0	0	3	0	7	3	6	234.58	0		39.219102
39	80	1	0	0	6	0	7	3	6	234.58	0		39.219102
84	170	1	0	0	9	0	7	3	6	234.58	0		39.219102
84	171	3	0	0	12	0	10	3	5	62.60	1		2.641948
24	47	3	0	0	15	0	10	3	5	62.60	1		2.641948
80	162	2	0	0	18	0	15	4	3	90.29	0		25.200705
80	163	2	0	0	18	3	15	4	3	90.29	0		25.200705
100	200	3	0	0	22	0	10	3	5	62.60	1		2.641948
42	87	1	0	0	0	6	7	3	6	234.58	0		39.219102
29	58	2	0	0	18	6	15	4	3	90.29	0		25.200705
29	59	3	0	0	12	5	10	3	5	62.60	1		2.641948
25	48	3	0	0	15	5	10	3	5	62.60	1		2.641948
25	49	3	0	0	22	5	10	3	5	62.60	1		2.641948
61	123	2	0	0	18	9	15	4	3	90.29	0		25.200705
61	124	2	0	0	18	12	15	4	3	90.29	0		25.200705
61	125	3	0	0	12	10	10	3	5	62.60	1		2.641948


-------------------------------------------------------------------------------------------------------------------
Tour_Id:			11
No_of_Customers:		6
No_of_Items:			12
Customer_Sequence:		57 95 54 46 21 1 

CustId	Id	TypeId	Rotated	x	y	z	Length	Width	Height	mass	Fragility	LoadBearingStrength
1	1	1	0	0	0	0	7	3	6	234.58	0		39.219102
21	40	3	0	0	3	0	10	3	5	62.60	1		2.641948
21	41	3	0	0	6	0	10	3	5	62.60	1		2.641948
46	94	1	0	0	9	0	7	3	6	234.58	0		39.219102
46	95	3	0	0	12	0	10	3	5	62.60	1		2.641948
54	110	2	0	0	15	0	15	4	3	90.29	0		25.200705
54	111	2	0	0	19	0	15	4	3	90.29	0		25.200705
54	109	1	0	0	15	3	7	3	6	234.58	0		39.219102
95	192	2	0	0	18	3	15	4	3	90.29	0		25.200705
95	191	1	0	0	0	6	7	3	6	234.58	0		39.219102
57	116	2	0	0	18	6	15	4	3	90.29	0		25.200705
57	115	1	0	0	9	6	7	3	6	234.58	0		39.219102


-------------------------------------------------------------------------------------------------------------------
Tour_Id:			12
No_of_Customers:		7
No_of_Items:			12
Customer_Sequence:		6 35 33 10 20 38 15 

CustId	Id	TypeId	Rotated	x	y	z	Length	Width	Height	mass	Fragility	LoadBearingStrength
15	29	2	0	0	0	0	15	4	3	90.29	0		25.200705
15	28	1	0	0	4	0	7	3	6	234.58	0		39.219102
38	77	2	0	0	7	0	15	4	3	90.29	0		25.200705
20	38	3	0	0	11	0	10	3	5	62.60	1		2.641948
20	39	3	0	0	14	0	10	3	5	62.60	1		2.641948
10	19	1	0	0	17	0	7	3	6	234.58	0		39.219102
10	20	1	0	0	20	0	7	3	6	234.58	0		39.219102
33	65	1	0	0	0	3	7	3	6	234.58	0		39.219102
33	66	1	0	0	7	3	7	3	6	234.58	0		39.219102
33	67	3	0	0	11	5	10	3	5	62.60	1		2.641948
35	71	3	0	0	14	5	10	3	5	62.60	1		2.641948
6	11	3	0	0	11	10	10	3	5	62.60	1		2.641948


-------------------------------------------------------------------------------------------------------------------
Tour_Id:			13
No_of_Customers:		7
No_of_Items:			14
Customer_Sequence:		40 58 89 14 93 72 62 

CustId	Id	TypeId	Rotated	x	y	z	Length	Width	Height	mass	Fragility	LoadBearingStrength
62	126	1	0	0	0	0	7	3	6	234.58	0		39.219102
72	145	2	0	0	3	0	15	4	3	90.29	0		25.200705
93	187	1	0	0	7	0	7	3	6	234.58	0		39.219102
93	188	3	0	0	10	0	10	3	5	62.60	1		2.641948
93	189	3	0	0	13	0	10	3	5	62.60	1		2.641948
14	27	1	0	0	16	0	7	3	6	234.58	0		39.219102
89	179	2	0	0	19	0	15	4	3	90.29	0		25.200705
89	180	3	0	0	3	3	10	3	5	62.60	1		2.641948
89	181	3	0	0	19	3	10	3	5	62.60	1		2.641948
58	118	2	0	10	7	0	15	4	3	90.29	0		25.200705
58	117	1	0	0	0	6	7	3	6	234.58	0		39.219102
40	82	2	0	10	11	0	15	4	3	90.29	0		25.200705
40	83	2	0	10	15	0	15	4	3	90.29	0		25.200705
40	81	1	0	0	7	6	7	3	6	234.58	0		39.219102


-------------------------------------------------------------------------------------------------------------------
Tour_Id:			14
No_of_Customers:		6
No_of_Items:			10
Customer_Sequence:		8 51 9 90 13 52 

CustId	Id	TypeId	Rotated	x	y	z	Length	Width	Height	mass	Fragility	LoadBearingStrength
52	106	2	0	0	0	0	15	4	3	90.29	0		25.200705
52	107	3	0	0	4	0	10	3	5	62.60	1		2.641948
13	26	3	0	0	7	0	10	3	5	62.60	1		2.641948
90	182	1	0	0	10	0	7	3	6	234.58	0		39.219102
90	183	1	0	0	13	0	7	3	6	234.58	0		39.219102
9	18	2	0	0	16	0	15	4	3	90.29	0		25.200705
51	105	3	0	0	20	0	10	3	5	62.60	1		2.641948
8	16	2	0	0	0	3	15	4	3	90.29	0		25.200705
8	15	1	0	0	16	3	7	3	6	234.58	0		39.219102
8	17	3	0	0	4	5	10	3	5	62.60	1		2.641948


