Name:				232_n100_m200_bt10
Problem:			3L-VRPTW
Number_of_used_Vehicles:	10
Total_Travel_Distance:		1068.74
Calculation_Time:		314.67
Total_Iterations:		19204
ConstraintSet:			P1

-------------------------------------------------------------------------------------------------------------------
Tour_Id:			1
No_of_Customers:		9
No_of_Items:			14
Customer_Sequence:		2 96 81 70 3 66 36 26 39 

CustId	Id	TypeId	Rotated	x	y	z	Length	Width	Height	mass	Fragility	LoadBearingStrength
39	70	10	0	0	0	0	13	5	7	157.53	0		22.375075
39	71	10	0	0	5	0	13	5	7	157.53	0		22.375075
39	69	6	0	0	10	0	6	2	6	32.60	0		5.167233
26	46	10	0	0	12	0	13	5	7	157.53	0		22.375075
26	45	7	0	0	17	0	13	7	7	331.94	1		4.165343
36	62	6	0	0	10	6	6	2	6	32.60	0		5.167233
66	131	6	0	0	0	7	6	2	6	32.60	0		5.167233
66	132	7	0	0	2	7	13	7	7	331.94	1		4.165343
3	4	5	0	0	12	7	14	3	5	202.29	0		33.112373
70	138	8	0	0	15	7	12	7	6	265.67	1		8.058236
81	159	7	0	0	15	13	13	7	7	331.94	1		4.165343
96	189	6	0	0	10	12	6	2	6	32.60	0		5.167233
96	190	7	0	0	2	14	13	7	7	331.94	1		4.165343
2	3	10	0	13	0	0	13	5	7	157.53	0		22.375075


-------------------------------------------------------------------------------------------------------------------
Tour_Id:			2
No_of_Customers:		10
No_of_Items:			23
Customer_Sequence:		23 56 100 68 79 89 6 37 5 85 

CustId	Id	TypeId	Rotated	x	y	z	Length	Width	Height	mass	Fragility	LoadBearingStrength
85	167	2	0	0	0	0	16	2	4	147.96	0		34.669875
85	168	7	0	0	2	0	13	7	7	331.94	1		4.165343
85	169	8	0	0	9	0	12	7	6	265.67	1		8.058236
5	7	3	0	0	16	0	14	2	8	102.38	0		26.996046
5	8	4	0	0	18	0	7	4	3	76.95	0		14.222558
37	63	2	0	0	22	0	16	2	4	147.96	0		34.669875
37	64	6	0	0	18	3	6	2	6	32.60	0		5.167233
37	65	6	0	0	20	3	6	2	6	32.60	0		5.167233
6	9	3	0	0	0	4	14	2	8	102.38	0		26.996046
89	176	9	0	12	9	0	13	5	5	144.79	0		22.402728
79	155	10	0	12	9	5	13	5	7	157.53	0		22.375075
79	154	6	0	0	22	4	6	2	6	32.60	0		5.167233
68	136	10	0	12	9	12	13	5	7	157.53	0		22.375075
68	135	8	0	0	2	7	12	7	6	265.67	1		8.058236
100	200	10	0	12	9	19	13	5	7	157.53	0		22.375075
100	198	4	0	0	18	9	7	4	3	76.95	0		14.222558
100	199	8	0	0	2	13	12	7	6	265.67	1		8.058236
56	109	3	0	0	16	8	14	2	8	102.38	0		26.996046
56	110	3	0	0	0	12	14	2	8	102.38	0		26.996046
56	111	7	0	0	2	19	13	7	7	331.94	1		4.165343
23	39	5	0	7	18	0	14	3	5	202.29	0		33.112373
23	38	4	0	0	18	12	7	4	3	76.95	0		14.222558
23	40	6	0	0	22	10	6	2	6	32.60	0		5.167233


-------------------------------------------------------------------------------------------------------------------
Tour_Id:			3
No_of_Customers:		12
No_of_Items:			19
Customer_Sequence:		64 8 58 22 59 27 51 9 13 48 7 20 

CustId	Id	TypeId	Rotated	x	y	z	Length	Width	Height	mass	Fragility	LoadBearingStrength
20	34	6	0	0	0	0	6	2	6	32.60	0		5.167233
7	10	5	0	0	2	0	14	3	5	202.29	0		33.112373
48	88	5	0	0	5	0	14	3	5	202.29	0		33.112373
48	89	7	0	0	8	0	13	7	7	331.94	1		4.165343
48	90	7	0	0	15	0	13	7	7	331.94	1		4.165343
13	22	1	0	0	22	0	13	3	7	226.38	0		19.239288
9	14	2	0	0	2	5	16	2	4	147.96	0		34.669875
51	97	4	0	0	4	5	7	4	3	76.95	0		14.222558
27	47	1	0	0	22	7	13	3	7	226.38	0		19.239288
27	48	6	0	0	0	6	6	2	6	32.60	0		5.167233
27	49	7	0	0	8	7	13	7	7	331.94	1		4.165343
59	115	7	0	0	15	7	13	7	7	331.94	1		4.165343
22	37	1	0	0	22	14	13	3	7	226.38	0		19.239288
58	114	6	0	0	4	8	6	2	6	32.60	0		5.167233
8	13	10	0	13	8	0	13	5	7	157.53	0		22.375075
8	11	1	0	0	22	21	13	3	7	226.38	0		19.239288
8	12	8	1	0	4	14	12	7	6	265.67	1		8.058236
64	127	9	0	13	13	0	13	5	5	144.79	0		22.402728
64	126	4	0	7	4	5	7	4	3	76.95	0		14.222558


-------------------------------------------------------------------------------------------------------------------
Tour_Id:			4
No_of_Customers:		9
No_of_Items:			21
Customer_Sequence:		15 99 1 84 63 60 94 95 86 

CustId	Id	TypeId	Rotated	x	y	z	Length	Width	Height	mass	Fragility	LoadBearingStrength
86	170	8	0	0	0	0	12	7	6	265.67	1		8.058236
86	171	8	0	0	7	0	12	7	6	265.67	1		8.058236
95	187	1	0	0	14	0	13	3	7	226.38	0		19.239288
95	188	6	0	0	17	0	6	2	6	32.60	0		5.167233
94	184	3	0	0	19	0	14	2	8	102.38	0		26.996046
94	185	4	0	0	21	0	7	4	3	76.95	0		14.222558
94	186	6	0	0	21	3	6	2	6	32.60	0		5.167233
60	116	1	0	0	14	7	13	3	7	226.38	0		19.239288
60	117	7	0	0	0	6	13	7	7	331.94	1		4.165343
63	125	9	0	12	7	0	13	5	5	144.79	0		22.402728
63	123	1	0	0	14	14	13	3	7	226.38	0		19.239288
63	124	4	0	0	14	21	7	4	3	76.95	0		14.222558
84	166	10	0	12	7	5	13	5	7	157.53	0		22.375075
84	165	9	0	12	7	12	13	5	5	144.79	0		22.402728
84	164	8	0	0	7	6	12	7	6	265.67	1		8.058236
1	1	1	0	7	21	0	13	3	7	226.38	0		19.239288
1	2	1	0	6	21	7	13	3	7	226.38	0		19.239288
99	195	1	0	6	21	14	13	3	7	226.38	0		19.239288
99	197	3	0	0	19	8	14	2	8	102.38	0		26.996046
99	196	2	0	0	19	16	16	2	4	147.96	0		34.669875
15	26	5	0	6	21	21	14	3	5	202.29	0		33.112373


-------------------------------------------------------------------------------------------------------------------
Tour_Id:			5
No_of_Customers:		12
No_of_Items:			27
Customer_Sequence:		21 71 25 11 47 53 49 54 83 46 31 4 

CustId	Id	TypeId	Rotated	x	y	z	Length	Width	Height	mass	Fragility	LoadBearingStrength
4	5	5	0	0	0	0	14	3	5	202.29	0		33.112373
4	6	7	0	0	3	0	13	7	7	331.94	1		4.165343
31	54	4	0	0	10	0	7	4	3	76.95	0		14.222558
31	55	7	0	0	14	0	13	7	7	331.94	1		4.165343
46	83	1	0	0	21	0	13	3	7	226.38	0		19.239288
46	84	3	0	0	0	5	14	2	8	102.38	0		26.996046
46	85	8	0	0	2	7	12	7	6	265.67	1		8.058236
83	163	9	0	13	3	0	13	5	5	144.79	0		22.402728
83	161	2	0	0	21	7	16	2	4	147.96	0		34.669875
83	162	6	0	0	10	3	6	2	6	32.60	0		5.167233
54	104	5	0	7	10	0	14	3	5	202.29	0		33.112373
54	105	6	0	0	12	3	6	2	6	32.60	0		5.167233
54	106	8	0	0	14	7	12	7	6	265.67	1		8.058236
49	92	3	0	0	21	11	14	2	8	102.38	0		26.996046
49	93	5	0	6	10	5	14	3	5	202.29	0		33.112373
49	91	2	0	0	0	13	16	2	4	147.96	0		34.669875
53	103	10	0	13	13	0	13	5	7	157.53	0		22.375075
53	102	9	0	13	2	5	13	5	5	144.79	0		22.402728
53	101	7	0	0	2	13	13	7	7	331.94	1		4.165343
47	87	9	0	13	13	7	13	5	5	144.79	0		22.402728
47	86	6	0	0	0	17	6	2	6	32.60	0		5.167233
11	19	9	0	13	2	10	13	5	5	144.79	0		22.402728
11	18	2	0	0	21	19	16	2	4	147.96	0		34.669875
25	44	2	0	0	21	23	16	2	4	147.96	0		34.669875
71	139	10	0	12	13	12	13	5	7	157.53	0		22.375075
21	36	5	0	6	10	10	14	3	5	202.29	0		33.112373
21	35	4	0	12	13	19	7	4	3	76.95	0		14.222558


-------------------------------------------------------------------------------------------------------------------
Tour_Id:			6
No_of_Customers:		10
No_of_Items:			16
Customer_Sequence:		93 28 74 55 61 35 29 72 57 42 

CustId	Id	TypeId	Rotated	x	y	z	Length	Width	Height	mass	Fragility	LoadBearingStrength
42	77	7	0	0	0	0	13	7	7	331.94	1		4.165343
57	112	4	0	0	7	0	7	4	3	76.95	0		14.222558
57	113	8	0	0	11	0	12	7	6	265.67	1		8.058236
72	141	10	0	0	18	0	13	5	7	157.53	0		22.375075
72	140	4	0	0	7	3	7	4	3	76.95	0		14.222558
29	52	1	0	0	18	7	13	3	7	226.38	0		19.239288
35	61	5	0	0	18	14	14	3	5	202.29	0		33.112373
61	118	4	0	0	7	6	7	4	3	76.95	0		14.222558
61	119	6	0	0	23	0	6	2	6	32.60	0		5.167233
55	108	10	0	12	7	0	13	5	7	157.53	0		22.375075
55	107	2	0	0	21	7	16	2	4	147.96	0		34.669875
74	144	8	0	0	0	7	12	7	6	265.67	1		8.058236
28	51	9	0	12	12	0	13	5	5	144.79	0		22.402728
28	50	6	0	0	23	6	6	2	6	32.60	0		5.167233
93	182	6	0	0	7	9	6	2	6	32.60	0		5.167233
93	183	6	0	0	9	9	6	2	6	32.60	0		5.167233


-------------------------------------------------------------------------------------------------------------------
Tour_Id:			7
No_of_Customers:		11
No_of_Items:			24
Customer_Sequence:		50 65 75 43 44 24 10 33 82 40 76 

CustId	Id	TypeId	Rotated	x	y	z	Length	Width	Height	mass	Fragility	LoadBearingStrength
76	147	2	0	0	0	0	16	2	4	147.96	0		34.669875
76	148	8	0	0	2	0	12	7	6	265.67	1		8.058236
40	73	10	0	0	9	0	13	5	7	157.53	0		22.375075
40	72	9	0	0	14	0	13	5	5	144.79	0		22.402728
82	160	4	0	0	19	0	7	4	3	76.95	0		14.222558
33	59	10	0	0	14	5	13	5	7	157.53	0		22.375075
33	58	1	0	0	9	7	13	3	7	226.38	0		19.239288
10	17	10	0	0	14	12	13	5	7	157.53	0		22.375075
10	15	5	0	0	9	14	14	3	5	202.29	0		33.112373
10	16	5	0	0	9	19	14	3	5	202.29	0		33.112373
24	42	9	0	0	14	19	13	5	5	144.79	0		22.402728
24	43	9	0	0	14	24	13	5	5	144.79	0		22.402728
24	41	5	0	0	9	24	14	3	5	202.29	0		33.112373
44	80	10	0	7	19	0	13	5	7	157.53	0		22.375075
44	79	8	0	0	2	6	12	7	6	265.67	1		8.058236
43	78	4	0	12	2	0	7	4	3	76.95	0		14.222558
75	145	5	0	7	19	7	14	3	5	202.29	0		33.112373
75	146	6	0	0	0	4	6	2	6	32.60	0		5.167233
65	130	9	0	13	12	0	13	5	5	144.79	0		22.402728
65	128	1	0	7	19	12	13	3	7	226.38	0		19.239288
65	129	6	0	0	12	7	6	2	6	32.60	0		5.167233
50	94	2	0	7	22	7	16	2	4	147.96	0		34.669875
50	95	4	0	7	19	19	7	4	3	76.95	0		14.222558
50	96	8	0	0	2	12	12	7	6	265.67	1		8.058236


-------------------------------------------------------------------------------------------------------------------
Tour_Id:			8
No_of_Customers:		8
No_of_Items:			19
Customer_Sequence:		62 73 19 14 45 80 12 77 

CustId	Id	TypeId	Rotated	x	y	z	Length	Width	Height	mass	Fragility	LoadBearingStrength
77	151	10	0	0	0	0	13	5	7	157.53	0		22.375075
77	149	1	0	0	5	0	13	3	7	226.38	0		19.239288
77	150	7	0	0	8	0	13	7	7	331.94	1		4.165343
12	20	3	0	0	15	0	14	2	8	102.38	0		26.996046
12	21	5	0	0	17	0	14	3	5	202.29	0		33.112373
80	156	1	0	0	20	0	13	3	7	226.38	0		19.239288
80	157	6	0	0	23	0	6	2	6	32.60	0		5.167233
80	158	6	0	0	17	5	6	2	6	32.60	0		5.167233
45	82	9	0	0	0	7	13	5	5	144.79	0		22.402728
45	81	5	0	0	5	7	14	3	5	202.29	0		33.112373
14	25	10	0	0	0	12	13	5	7	157.53	0		22.375075
14	24	9	0	0	0	19	13	5	5	144.79	0		22.402728
14	23	3	0	0	20	7	14	2	8	102.38	0		26.996046
19	33	2	0	0	15	8	16	2	4	147.96	0		34.669875
73	142	2	0	0	5	12	16	2	4	147.96	0		34.669875
73	143	6	0	0	23	6	6	2	6	32.60	0		5.167233
62	120	1	0	13	0	0	13	3	7	226.38	0		19.239288
62	122	3	0	0	15	12	14	2	8	102.38	0		26.996046
62	121	2	0	0	20	15	16	2	4	147.96	0		34.669875


-------------------------------------------------------------------------------------------------------------------
Tour_Id:			9
No_of_Customers:		8
No_of_Items:			17
Customer_Sequence:		92 91 78 90 98 69 41 38 

CustId	Id	TypeId	Rotated	x	y	z	Length	Width	Height	mass	Fragility	LoadBearingStrength
38	68	9	0	0	0	0	13	5	5	144.79	0		22.402728
38	66	1	0	0	5	0	13	3	7	226.38	0		19.239288
38	67	4	0	0	8	0	7	4	3	76.95	0		14.222558
41	76	9	0	0	12	0	13	5	5	144.79	0		22.402728
41	74	7	0	0	17	0	13	7	7	331.94	1		4.165343
41	75	7	0	0	17	7	13	7	7	331.94	1		4.165343
69	137	1	0	0	0	5	13	3	7	226.38	0		19.239288
98	192	4	0	0	8	3	7	4	3	76.95	0		14.222558
98	193	6	0	0	3	5	6	2	6	32.60	0		5.167233
98	194	8	0	0	17	14	12	7	6	265.67	1		8.058236
90	178	9	0	0	12	5	13	5	5	144.79	0		22.402728
90	177	7	0	0	17	20	13	7	7	331.94	1		4.165343
78	152	3	0	0	5	7	14	2	8	102.38	0		26.996046
78	153	5	0	0	12	10	14	3	5	202.29	0		33.112373
91	179	5	0	0	0	12	14	3	5	202.29	0		33.112373
92	181	9	0	13	15	0	13	5	5	144.79	0		22.402728
92	180	1	0	0	12	15	13	3	7	226.38	0		19.239288


-------------------------------------------------------------------------------------------------------------------
Tour_Id:			10
No_of_Customers:		11
No_of_Items:			20
Customer_Sequence:		16 32 97 18 52 88 30 34 17 67 87 

CustId	Id	TypeId	Rotated	x	y	z	Length	Width	Height	mass	Fragility	LoadBearingStrength
87	172	6	0	0	0	0	6	2	6	32.60	0		5.167233
87	173	7	0	0	2	0	13	7	7	331.94	1		4.165343
87	174	8	0	0	9	0	12	7	6	265.67	1		8.058236
67	134	10	0	0	16	0	13	5	7	157.53	0		22.375075
67	133	4	0	0	21	0	7	4	3	76.95	0		14.222558
17	31	3	0	0	16	7	14	2	8	102.38	0		26.996046
17	30	2	0	0	18	7	16	2	4	147.96	0		34.669875
34	60	3	0	0	18	11	14	2	8	102.38	0		26.996046
30	53	10	0	12	9	0	13	5	7	157.53	0		22.375075
88	175	8	0	0	2	7	12	7	6	265.67	1		8.058236
52	100	10	0	12	9	7	13	5	7	157.53	0		22.375075
52	98	3	0	0	16	15	14	2	8	102.38	0		26.996046
52	99	7	0	0	2	13	13	7	7	331.94	1		4.165343
18	32	3	0	0	18	19	14	2	8	102.38	0		26.996046
97	191	10	0	12	9	14	13	5	7	157.53	0		22.375075
32	57	10	0	12	9	21	13	5	7	157.53	0		22.375075
32	56	7	0	0	2	20	13	7	7	331.94	1		4.165343
16	29	10	0	13	0	0	13	5	7	157.53	0		22.375075
16	27	1	0	7	21	0	13	3	7	226.38	0		19.239288
16	28	7	0	16	14	0	13	7	7	331.94	1		4.165343


