Name:				239_n100_m200_bt100
Problem:			3L-VRPTW
Number_of_used_Vehicles:	15
Total_Travel_Distance:		1490.02
Calculation_Time:		93.66
Total_Iterations:		16798
ConstraintSet:			P1

-------------------------------------------------------------------------------------------------------------------
Tour_Id:			1
No_of_Customers:		6
No_of_Items:			14
Customer_Sequence:		72 77 66 37 7 92 

CustId	Id	TypeId	Rotated	x	y	z	Length	Width	Height	mass	Fragility	LoadBearingStrength
92	185	84	0	0	0	0	17	6	5	425.58	0		27.013828
92	184	81	0	0	6	0	10	5	4	199.92	0		51.667969
92	183	53	0	0	11	0	6	5	6	139.35	0		27.272794
7	13	55	0	0	16	0	7	7	7	117.67	1		2.639666
37	72	51	0	0	0	5	17	5	7	383.37	0		49.322977
37	71	48	0	0	0	12	11	6	8	302.18	0		21.531761
37	73	55	0	0	16	7	7	7	7	117.67	1		2.639666
66	131	19	0	7	11	0	17	6	6	592.70	0		20.505491
66	133	68	0	0	11	6	15	4	4	190.36	1		9.633109
66	132	32	0	0	16	14	6	6	4	131.39	1		6.027145
77	155	66	0	0	0	20	12	6	4	103.23	0		14.105540
77	156	90	0	0	6	4	8	3	5	74.16	0		18.066646
72	146	75	0	7	17	0	17	6	5	237.52	0		24.534896
72	145	29	0	0	6	9	7	3	4	53.97	0		28.033984


-------------------------------------------------------------------------------------------------------------------
Tour_Id:			2
No_of_Customers:		9
No_of_Items:			18
Customer_Sequence:		75 45 13 80 4 26 60 70 88 

CustId	Id	TypeId	Rotated	x	y	z	Length	Width	Height	mass	Fragility	LoadBearingStrength
88	173	54	0	0	0	0	17	6	4	206.15	0		15.145659
88	174	60	0	0	6	0	8	4	6	174.39	0		42.050790
88	175	80	0	0	10	0	8	2	6	94.01	1		18.662540
70	140	41	0	0	12	0	15	2	8	201.15	0		28.697008
70	141	47	0	0	14	0	9	5	4	148.83	0		24.168306
70	142	58	0	0	19	0	8	6	8	231.36	1		18.914110
60	121	82	0	0	0	4	17	4	4	234.68	0		26.808611
26	52	58	0	0	6	6	8	6	8	231.36	1		18.914110
26	51	36	0	0	14	4	12	5	6	320.32	1		16.023682
4	9	19	0	8	6	0	17	6	6	592.70	0		20.505491
80	160	45	0	0	0	8	15	5	4	275.82	0		79.343304
13	28	52	0	12	14	0	13	7	4	110.31	0		30.906221
13	27	27	0	0	0	12	12	3	6	172.86	0		34.968705
45	90	70	0	8	5	6	15	5	5	148.56	0		9.084695
45	88	7	0	0	0	18	15	3	5	90.95	0		55.976161
45	89	36	0	0	14	10	12	5	6	320.32	1		16.023682
75	152	45	0	8	5	11	15	5	4	275.82	0		79.343304
75	153	63	0	0	0	23	8	3	4	113.45	0		30.683765


-------------------------------------------------------------------------------------------------------------------
Tour_Id:			3
No_of_Customers:		6
No_of_Items:			11
Customer_Sequence:		44 39 24 47 32 76 

CustId	Id	TypeId	Rotated	x	y	z	Length	Width	Height	mass	Fragility	LoadBearingStrength
76	154	7	0	0	0	0	15	3	5	90.95	0		55.976161
32	62	78	0	0	3	0	14	7	4	167.05	0		9.350446
32	63	90	0	0	10	0	8	3	5	74.16	0		18.066646
47	93	63	0	0	13	0	8	3	4	113.45	0		30.683765
47	94	68	0	0	16	0	15	4	4	190.36	1		9.633109
24	48	50	0	0	3	4	8	6	8	329.45	0		108.673266
24	49	93	0	0	20	0	9	3	6	112.92	0		26.201533
39	76	2	0	0	23	0	13	2	5	55.28	0		41.692014
39	78	38	0	0	0	5	14	3	3	45.45	0		11.019020
39	77	20	0	0	16	4	12	3	7	98.80	1		4.780591
44	87	82	0	8	10	0	17	4	4	234.68	0		26.808611


-------------------------------------------------------------------------------------------------------------------
Tour_Id:			4
No_of_Customers:		9
No_of_Items:			16
Customer_Sequence:		18 27 22 6 23 35 25 34 100 

CustId	Id	TypeId	Rotated	x	y	z	Length	Width	Height	mass	Fragility	LoadBearingStrength
100	199	35	0	0	0	0	9	3	4	60.09	0		42.453410
100	200	98	0	0	3	0	8	4	7	132.16	1		7.760855
34	65	31	0	0	7	0	9	2	8	189.40	0		120.085495
25	50	79	0	0	9	0	15	3	3	101.18	0		25.893768
35	66	19	0	0	12	0	17	6	6	592.70	0		20.505491
35	67	92	0	0	18	0	12	6	3	127.47	0		15.320600
35	68	98	0	0	18	3	8	4	7	132.16	1		7.760855
23	47	72	0	0	9	3	6	3	6	105.40	1		7.956298
6	12	75	0	0	12	6	17	6	5	237.52	0		24.534896
6	11	10	0	0	0	4	7	3	4	49.22	0		49.900569
22	46	5	0	0	12	11	12	4	8	479.56	0		58.763952
22	45	2	0	0	22	3	13	2	5	55.28	0		41.692014
27	53	73	0	9	0	0	8	6	6	201.32	0		20.128499
27	54	89	0	8	0	6	9	6	3	127.48	0		16.606161
18	39	90	0	0	12	19	8	3	5	74.16	0		18.066646
18	38	63	0	0	12	24	8	3	4	113.45	0		30.683765


-------------------------------------------------------------------------------------------------------------------
Tour_Id:			5
No_of_Customers:		7
No_of_Items:			12
Customer_Sequence:		55 83 28 61 85 43 14 

CustId	Id	TypeId	Rotated	x	y	z	Length	Width	Height	mass	Fragility	LoadBearingStrength
14	29	33	0	0	0	0	7	5	7	82.33	0		24.519081
14	30	40	0	0	5	0	7	3	5	33.27	1		8.983291
14	31	80	0	0	8	0	8	2	6	94.01	1		18.662540
43	86	67	0	0	10	0	16	7	4	185.24	0		24.085652
43	85	28	0	0	17	0	17	3	6	128.38	0		12.359640
85	169	89	0	0	10	4	9	6	3	127.48	0		16.606161
61	122	43	0	0	20	0	8	5	7	147.21	0		21.085752
28	55	72	0	0	5	5	6	3	6	105.40	1		7.956298
83	167	35	0	0	17	6	9	3	4	60.09	0		42.453410
55	111	51	0	7	0	0	17	5	7	383.37	0		49.322977
55	110	2	0	0	0	7	13	2	5	55.28	0		41.692014
55	112	83	0	0	10	7	12	5	8	418.74	1		7.130607


-------------------------------------------------------------------------------------------------------------------
Tour_Id:			6
No_of_Customers:		7
No_of_Items:			17
Customer_Sequence:		20 97 11 12 98 65 79 

CustId	Id	TypeId	Rotated	x	y	z	Length	Width	Height	mass	Fragility	LoadBearingStrength
79	159	50	0	0	0	0	8	6	8	329.45	0		108.673266
79	158	12	0	0	6	0	16	4	8	216.81	1		12.663527
65	128	19	0	0	10	0	17	6	6	592.70	0		20.505491
65	129	43	0	0	16	0	8	5	7	147.21	0		21.085752
65	130	46	0	0	10	6	6	5	8	116.70	0		23.321447
98	196	51	0	8	0	0	17	5	7	383.37	0		49.322977
98	197	52	0	8	16	0	13	7	4	110.31	0		30.906221
12	25	54	0	8	16	4	17	6	4	206.15	0		15.145659
12	24	23	0	0	15	7	6	6	7	183.84	0		29.701621
12	26	83	1	0	10	14	12	5	8	418.74	1		7.130607
11	21	22	0	0	0	8	10	6	7	333.59	0		13.626265
11	23	82	0	6	16	8	17	4	4	234.68	0		26.808611
11	22	32	0	0	0	15	6	6	4	131.39	1		6.027145
97	195	34	0	6	10	6	14	6	3	167.61	0		30.577093
20	41	23	0	6	10	9	6	6	7	183.84	0		29.701621
20	43	89	0	10	0	7	9	6	3	127.48	0		16.606161
20	42	69	0	0	0	19	7	5	6	192.12	1		12.393034


-------------------------------------------------------------------------------------------------------------------
Tour_Id:			7
No_of_Customers:		8
No_of_Items:			14
Customer_Sequence:		57 69 10 62 2 74 84 53 

CustId	Id	TypeId	Rotated	x	y	z	Length	Width	Height	mass	Fragility	LoadBearingStrength
53	106	45	0	0	0	0	15	5	4	275.82	0		79.343304
53	107	93	0	0	5	0	9	3	6	112.92	0		26.201533
84	168	62	0	0	8	0	7	2	3	23.88	0		26.056362
74	151	57	0	0	10	0	15	4	3	99.22	0		25.204872
74	150	56	0	0	14	0	7	5	3	45.95	0		17.359985
2	5	75	0	0	19	0	17	6	5	237.52	0		24.534896
2	4	42	0	0	10	3	17	3	5	245.14	0		25.476921
62	123	10	0	0	13	3	7	3	4	49.22	0		49.900569
10	20	23	0	0	19	5	6	6	7	183.84	0		29.701621
10	19	8	0	0	0	4	16	3	5	114.60	0		10.990705
69	138	89	0	6	19	5	9	6	3	127.48	0		16.606161
69	139	89	0	6	19	8	9	6	3	127.48	0		16.606161
57	116	4	0	6	19	11	9	6	6	223.04	0		23.936616
57	117	41	0	0	3	4	15	2	8	201.15	0		28.697008


-------------------------------------------------------------------------------------------------------------------
Tour_Id:			8
No_of_Customers:		7
No_of_Items:			17
Customer_Sequence:		33 82 52 1 40 38 3 

CustId	Id	TypeId	Rotated	x	y	z	Length	Width	Height	mass	Fragility	LoadBearingStrength
3	8	99	0	0	0	0	16	6	8	736.31	0		34.051640
3	7	49	0	0	6	0	13	6	5	326.54	0		19.134434
3	6	36	0	0	12	0	12	5	6	320.32	1		16.023682
38	74	52	0	0	17	0	13	7	4	110.31	0		30.906221
38	75	88	0	0	6	5	12	4	6	222.26	0		30.891597
40	81	100	0	0	17	4	7	7	8	228.83	0		75.868635
40	79	46	0	0	0	8	6	5	8	116.70	0		23.321447
40	80	56	0	0	5	11	7	5	3	45.95	0		17.359985
1	2	30	0	13	6	0	13	6	8	623.34	0		29.271389
1	1	13	0	0	10	5	11	2	8	66	0		12.635459
1	3	56	0	0	17	12	7	5	3	45.95	0		17.359985
52	104	10	0	0	5	14	7	3	4	49.22	0		49.900569
52	105	26	0	0	22	12	6	2	7	36.65	0		39.295550
82	165	39	0	13	12	0	11	7	7	810.97	0		27.488757
82	166	97	0	6	0	8	11	4	3	166.42	0		32.339416
82	164	10	0	0	17	15	7	3	4	49.22	0		49.900569
33	64	26	0	0	10	13	6	2	7	36.65	0		39.295550


-------------------------------------------------------------------------------------------------------------------
Tour_Id:			9
No_of_Customers:		7
No_of_Items:			13
Customer_Sequence:		58 91 5 90 19 56 73 

CustId	Id	TypeId	Rotated	x	y	z	Length	Width	Height	mass	Fragility	LoadBearingStrength
73	147	48	0	0	0	0	11	6	8	302.18	0		21.531761
73	149	71	0	0	6	0	8	4	8	129.32	0		48.043349
73	148	61	0	0	10	0	15	5	6	372.26	1		26.640339
56	114	64	0	0	15	0	16	4	5	103.52	0		20.791033
56	115	66	0	0	19	0	12	6	4	103.23	0		14.105540
56	113	42	0	0	15	5	17	3	5	245.14	0		25.476921
19	40	30	0	0	19	4	13	6	8	623.34	0		29.271389
90	179	44	0	0	0	8	11	7	5	300.14	0		16.529502
90	180	56	0	0	19	12	7	5	3	45.95	0		17.359985
5	10	83	0	0	10	6	12	5	8	418.74	1		7.130607
91	181	16	0	0	15	10	12	4	5	129.80	0		13.259340
91	182	96	0	11	0	0	17	4	4	259.43	1		13.753709
58	118	59	0	0	0	13	11	2	4	108.12	1		22.383973


-------------------------------------------------------------------------------------------------------------------
Tour_Id:			10
No_of_Customers:		7
No_of_Items:			13
Customer_Sequence:		93 48 15 71 36 42 50 

CustId	Id	TypeId	Rotated	x	y	z	Length	Width	Height	mass	Fragility	LoadBearingStrength
50	101	27	0	0	0	0	12	3	6	172.86	0		34.968705
50	100	11	0	0	3	0	10	4	4	70.12	0		47.078773
42	84	5	0	0	7	0	12	4	8	479.56	0		58.763952
42	83	4	0	0	11	0	9	6	6	223.04	0		23.936616
36	69	22	0	0	17	0	10	6	7	333.59	0		13.626265
36	70	92	0	0	11	6	12	6	3	127.47	0		15.320600
71	144	27	0	0	3	4	12	3	6	172.86	0		34.968705
71	143	9	0	0	0	6	13	3	3	66.56	0		95.293772
15	32	100	0	0	17	7	7	7	8	228.83	0		75.868635
48	97	74	0	0	6	8	11	4	8	222.10	0		14.316935
48	96	73	0	0	10	9	8	6	6	201.32	0		20.128499
48	95	71	0	0	10	15	8	4	8	129.32	0		48.043349
93	186	37	0	0	14	15	6	5	4	83.37	0		32.182824


-------------------------------------------------------------------------------------------------------------------
Tour_Id:			11
No_of_Customers:		6
No_of_Items:			13
Customer_Sequence:		29 46 9 89 41 95 

CustId	Id	TypeId	Rotated	x	y	z	Length	Width	Height	mass	Fragility	LoadBearingStrength
95	191	54	0	0	0	0	17	6	4	206.15	0		15.145659
95	192	89	0	0	6	0	9	6	3	127.48	0		16.606161
95	190	11	0	0	12	0	10	4	4	70.12	0		47.078773
41	82	21	0	0	16	0	17	2	5	149	1		20.120686
89	178	50	0	0	18	0	8	6	8	329.45	0		108.673266
89	176	10	0	0	6	3	7	3	4	49.22	0		49.900569
89	177	14	0	0	0	4	12	5	4	290.33	1		30.067052
9	18	94	0	8	18	0	16	7	8	845.51	0		50.944357
9	17	50	0	0	18	8	8	6	8	329.45	0		108.673266
9	16	8	0	8	18	8	16	3	5	114.60	0		10.990705
46	91	5	0	0	12	4	12	4	8	479.56	0		58.763952
46	92	92	0	9	6	0	12	6	3	127.47	0		15.320600
29	56	10	0	0	9	3	7	3	4	49.22	0		49.900569


-------------------------------------------------------------------------------------------------------------------
Tour_Id:			12
No_of_Customers:		6
No_of_Items:			12
Customer_Sequence:		54 81 99 31 17 86 

CustId	Id	TypeId	Rotated	x	y	z	Length	Width	Height	mass	Fragility	LoadBearingStrength
86	170	19	0	0	0	0	17	6	6	592.70	0		20.505491
17	36	6	0	0	6	0	8	7	7	343.67	0		20.843434
17	37	12	0	0	13	0	16	4	8	216.81	1		12.663527
31	60	41	0	0	17	0	15	2	8	201.15	0		28.697008
31	61	56	0	0	19	0	7	5	3	45.95	0		17.359985
31	59	12	0	0	0	6	16	4	8	216.81	1		12.663527
99	198	58	0	0	6	7	8	6	8	231.36	1		18.914110
81	161	2	0	0	4	6	13	2	5	55.28	0		41.692014
81	163	91	0	0	19	3	6	6	3	46.91	0		41.971117
81	162	62	0	0	19	6	7	2	3	23.88	0		26.056362
54	108	87	0	7	19	0	14	3	7	105.69	0		18.122930
54	109	92	0	8	6	0	12	6	3	127.47	0		15.320600


-------------------------------------------------------------------------------------------------------------------
Tour_Id:			13
No_of_Customers:		7
No_of_Items:			12
Customer_Sequence:		8 68 64 78 67 21 59 

CustId	Id	TypeId	Rotated	x	y	z	Length	Width	Height	mass	Fragility	LoadBearingStrength
59	120	6	0	0	0	0	8	7	7	343.67	0		20.843434
59	119	4	0	0	7	0	9	6	6	223.04	0		23.936616
21	44	22	0	0	13	0	10	6	7	333.59	0		13.626265
67	134	77	0	0	19	0	16	2	5	83.43	0		77.474195
78	157	72	0	0	21	0	6	3	6	105.40	1		7.956298
64	127	67	0	8	0	0	16	7	4	185.24	0		24.085652
64	126	24	0	0	7	6	7	6	7	196.98	1		4.801254
68	135	25	0	6	21	0	17	3	3	128.10	0		33.920317
68	137	79	0	6	21	3	15	3	3	101.18	0		25.893768
68	136	37	0	0	0	7	6	5	4	83.37	0		32.182824
8	14	30	0	0	13	7	13	6	8	623.34	0		29.271389
8	15	66	0	0	13	15	12	6	4	103.23	0		14.105540


-------------------------------------------------------------------------------------------------------------------
Tour_Id:			14
No_of_Customers:		2
No_of_Items:			4
Customer_Sequence:		96 87 

CustId	Id	TypeId	Rotated	x	y	z	Length	Width	Height	mass	Fragility	LoadBearingStrength
87	171	39	0	0	0	0	11	7	7	810.97	0		27.488757
87	172	70	0	0	7	0	15	5	5	148.56	0		9.084695
96	194	38	0	0	12	0	14	3	3	45.45	0		11.019020
96	193	14	0	0	15	0	12	5	4	290.33	1		30.067052


-------------------------------------------------------------------------------------------------------------------
Tour_Id:			15
No_of_Customers:		6
No_of_Items:			14
Customer_Sequence:		94 63 16 51 30 49 

CustId	Id	TypeId	Rotated	x	y	z	Length	Width	Height	mass	Fragility	LoadBearingStrength
49	98	37	0	0	0	0	6	5	4	83.37	0		32.182824
49	99	56	0	0	5	0	7	5	3	45.95	0		17.359985
30	58	66	0	0	10	0	12	6	4	103.23	0		14.105540
30	57	3	0	0	16	0	9	3	6	85.85	1		5.148856
51	103	75	0	0	19	0	17	6	5	237.52	0		24.534896
51	102	3	0	0	5	3	9	3	6	85.85	1		5.148856
16	35	94	0	9	0	0	16	7	8	845.51	0		50.944357
16	33	6	0	9	0	8	8	7	7	343.67	0		20.843434
16	34	55	0	9	0	15	7	7	7	117.67	1		2.639666
63	124	11	0	0	10	4	10	4	4	70.12	0		47.078773
63	125	38	0	0	19	5	14	3	3	45.45	0		11.019020
94	189	75	0	12	7	0	17	6	5	237.52	0		24.534896
94	188	7	0	0	22	5	15	3	5	90.95	0		55.976161
94	187	1	0	0	10	8	12	3	4	50.21	0		19.510909


