Name:				241_n100_m200_bt3
Problem:			3L-VRPTW
Number_of_used_Vehicles:	8
Total_Travel_Distance:		939.17
Calculation_Time:		3600.00
Total_Iterations:		2540
ConstraintSet:			P1

-------------------------------------------------------------------------------------------------------------------
Tour_Id:			1
No_of_Customers:		15
No_of_Items:			27
Customer_Sequence:		21 20 64 97 66 79 87 1 30 89 86 52 3 81 60 

CustId	Id	TypeId	Rotated	x	y	z	Length	Width	Height	mass	Fragility	LoadBearingStrength
60	124	2	0	0	0	0	25	5	7	367	0		26.322602
81	162	1	0	0	5	0	15	10	9	434.28	0		47.290278
3	4	1	0	0	15	0	15	10	9	434.28	0		47.290278
3	5	3	0	0	5	9	16	13	7	219.53	1		13.719364
52	105	3	0	0	5	16	16	13	7	219.53	1		13.719364
52	106	3	0	0	5	23	16	13	7	219.53	1		13.719364
86	174	2	0	0	0	7	25	5	7	367	0		26.322602
86	175	2	0	0	0	14	25	5	7	367	0		26.322602
89	179	1	0	16	5	0	15	10	9	434.28	0		47.290278
89	180	1	0	16	15	0	15	10	9	434.28	0		47.290278
89	181	3	0	16	5	9	16	13	7	219.53	1		13.719364
30	61	2	0	0	18	9	25	5	7	367	0		26.322602
30	62	2	0	0	18	16	25	5	7	367	0		26.322602
1	1	3	0	16	5	16	16	13	7	219.53	1		13.719364
1	2	3	0	16	5	23	16	13	7	219.53	1		13.719364
87	176	1	0	32	0	0	15	10	9	434.28	0		47.290278
79	158	1	0	32	10	0	15	10	9	434.28	0		47.290278
79	159	2	0	0	0	21	25	5	7	367	0		26.322602
79	160	3	0	32	0	9	16	13	7	219.53	1		13.719364
66	135	1	1	48	0	0	15	10	9	434.28	0		47.290278
97	195	2	0	0	18	23	25	5	7	367	0		26.322602
64	131	2	0	31	20	0	25	5	7	367	0		26.322602
20	36	1	1	48	0	9	15	10	9	434.28	0		47.290278
20	37	2	0	31	20	7	25	5	7	367	0		26.322602
21	38	1	1	48	0	18	15	10	9	434.28	0		47.290278
21	39	2	0	31	20	14	25	5	7	367	0		26.322602
21	40	2	0	31	20	21	25	5	7	367	0		26.322602


-------------------------------------------------------------------------------------------------------------------
Tour_Id:			2
No_of_Customers:		10
No_of_Items:			23
Customer_Sequence:		37 25 76 4 61 24 55 48 5 53 

CustId	Id	TypeId	Rotated	x	y	z	Length	Width	Height	mass	Fragility	LoadBearingStrength
53	107	1	0	0	0	0	15	10	9	434.28	0		47.290278
53	108	2	0	0	10	0	25	5	7	367	0		26.322602
5	9	2	0	0	15	0	25	5	7	367	0		26.322602
5	10	2	0	0	20	0	25	5	7	367	0		26.322602
5	11	3	0	0	10	7	16	13	7	219.53	1		13.719364
48	94	1	0	0	0	9	15	10	9	434.28	0		47.290278
48	95	2	0	15	0	0	25	5	7	367	0		26.322602
48	96	3	0	0	10	14	16	13	7	219.53	1		13.719364
55	112	1	0	0	0	18	15	10	9	434.28	0		47.290278
24	47	2	0	15	5	0	25	5	7	367	0		26.322602
24	48	2	0	15	0	7	25	5	7	367	0		26.322602
24	49	3	0	0	10	21	16	13	7	219.53	1		13.719364
61	125	1	0	16	5	7	15	10	9	434.28	0		47.290278
61	126	1	0	16	5	16	15	10	9	434.28	0		47.290278
61	127	1	0	25	15	0	15	10	9	434.28	0		47.290278
4	6	1	0	25	15	9	15	10	9	434.28	0		47.290278
4	7	2	0	15	0	14	25	5	7	367	0		26.322602
4	8	3	0	40	0	0	16	13	7	219.53	1		13.719364
76	151	1	0	25	15	18	15	10	9	434.28	0		47.290278
76	152	1	0	40	13	0	15	10	9	434.28	0		47.290278
25	50	1	0	40	13	9	15	10	9	434.28	0		47.290278
25	51	1	0	40	13	18	15	10	9	434.28	0		47.290278
37	73	3	0	40	0	7	16	13	7	219.53	1		13.719364


-------------------------------------------------------------------------------------------------------------------
Tour_Id:			3
No_of_Customers:		14
No_of_Items:			22
Customer_Sequence:		75 39 44 63 34 72 80 8 62 47 27 38 92 7 

CustId	Id	TypeId	Rotated	x	y	z	Length	Width	Height	mass	Fragility	LoadBearingStrength
7	13	3	0	0	0	0	16	13	7	219.53	1		13.719364
92	186	3	0	0	0	7	16	13	7	219.53	1		13.719364
38	74	1	0	0	13	0	15	10	9	434.28	0		47.290278
27	53	1	0	0	13	9	15	10	9	434.28	0		47.290278
27	54	2	0	15	13	0	25	5	7	367	0		26.322602
27	55	3	0	0	0	14	16	13	7	219.53	1		13.719364
47	92	2	0	15	18	0	25	5	7	367	0		26.322602
47	93	3	0	0	0	21	16	13	7	219.53	1		13.719364
62	128	1	0	0	13	18	15	10	9	434.28	0		47.290278
62	129	2	0	15	13	7	25	5	7	367	0		26.322602
8	14	1	0	16	0	0	15	10	9	434.28	0		47.290278
8	15	1	0	16	0	9	15	10	9	434.28	0		47.290278
8	16	3	0	31	0	0	16	13	7	219.53	1		13.719364
80	161	3	0	31	0	7	16	13	7	219.53	1		13.719364
72	146	2	0	15	18	7	25	5	7	367	0		26.322602
34	70	3	0	31	0	14	16	13	7	219.53	1		13.719364
63	130	1	0	15	13	14	15	10	9	434.28	0		47.290278
44	84	1	0	40	13	0	15	10	9	434.28	0		47.290278
44	85	3	0	31	0	21	16	13	7	219.53	1		13.719364
39	75	1	0	40	13	9	15	10	9	434.28	0		47.290278
39	76	2	1	55	0	0	25	5	7	367	0		26.322602
75	150	1	0	40	13	18	15	10	9	434.28	0		47.290278


-------------------------------------------------------------------------------------------------------------------
Tour_Id:			4
No_of_Customers:		10
No_of_Items:			24
Customer_Sequence:		67 82 17 9 74 68 45 49 65 29 

CustId	Id	TypeId	Rotated	x	y	z	Length	Width	Height	mass	Fragility	LoadBearingStrength
29	59	1	0	0	0	0	15	10	9	434.28	0		47.290278
29	60	3	0	0	10	0	16	13	7	219.53	1		13.719364
65	132	1	0	0	0	9	15	10	9	434.28	0		47.290278
65	133	2	0	15	0	0	25	5	7	367	0		26.322602
65	134	3	0	0	10	7	16	13	7	219.53	1		13.719364
49	97	1	0	0	0	18	15	10	9	434.28	0		47.290278
49	98	2	0	15	5	0	25	5	7	367	0		26.322602
49	99	3	0	0	10	14	16	13	7	219.53	1		13.719364
45	86	1	0	15	0	7	15	10	9	434.28	0		47.290278
45	87	2	0	16	10	0	25	5	7	367	0		26.322602
45	88	3	0	0	10	21	16	13	7	219.53	1		13.719364
68	138	2	0	16	15	0	25	5	7	367	0		26.322602
68	139	2	0	16	20	0	25	5	7	367	0		26.322602
68	140	3	0	16	10	7	16	13	7	219.53	1		13.719364
74	148	1	0	15	0	16	15	10	9	434.28	0		47.290278
74	149	3	0	16	10	14	16	13	7	219.53	1		13.719364
9	17	2	1	32	0	7	25	5	7	367	0		26.322602
9	18	3	0	16	10	21	16	13	7	219.53	1		13.719364
17	32	1	0	40	0	0	15	10	9	434.28	0		47.290278
82	163	1	0	37	0	9	15	10	9	434.28	0		47.290278
82	164	1	0	37	0	18	15	10	9	434.28	0		47.290278
82	165	1	0	41	10	0	15	10	9	434.28	0		47.290278
67	136	1	0	41	10	9	15	10	9	434.28	0		47.290278
67	137	1	0	41	10	18	15	10	9	434.28	0		47.290278


-------------------------------------------------------------------------------------------------------------------
Tour_Id:			5
No_of_Customers:		12
No_of_Items:			24
Customer_Sequence:		59 57 99 73 26 98 83 100 51 85 28 35 

CustId	Id	TypeId	Rotated	x	y	z	Length	Width	Height	mass	Fragility	LoadBearingStrength
35	71	1	0	0	0	0	15	10	9	434.28	0		47.290278
28	56	1	0	0	10	0	15	10	9	434.28	0		47.290278
28	57	2	0	0	20	0	25	5	7	367	0		26.322602
28	58	3	0	0	0	9	16	13	7	219.53	1		13.719364
85	172	2	0	0	20	7	25	5	7	367	0		26.322602
85	173	2	0	0	20	14	25	5	7	367	0		26.322602
98	196	2	0	0	20	21	25	5	7	367	0		26.322602
51	103	1	0	16	0	0	15	10	9	434.28	0		47.290278
51	104	1	0	16	10	0	15	10	9	434.28	0		47.290278
100	199	2	0	0	13	9	25	5	7	367	0		26.322602
83	166	1	0	16	0	9	15	10	9	434.28	0		47.290278
100	200	3	0	0	0	16	16	13	7	219.53	1		13.719364
83	167	1	0	16	0	18	15	10	9	434.28	0		47.290278
83	168	2	0	0	13	16	25	5	7	367	0		26.322602
51	102	1	0	31	0	0	15	10	9	434.28	0		47.290278
26	52	3	0	31	10	0	16	13	7	219.53	1		13.719364
73	147	1	0	31	0	9	15	10	9	434.28	0		47.290278
99	197	1	0	31	0	18	15	10	9	434.28	0		47.290278
99	198	3	0	31	10	7	16	13	7	219.53	1		13.719364
57	116	1	1	47	0	0	15	10	9	434.28	0		47.290278
57	117	2	0	0	13	23	25	5	7	367	0		26.322602
57	118	3	0	31	10	14	16	13	7	219.53	1		13.719364
59	122	1	1	47	0	9	15	10	9	434.28	0		47.290278
59	123	3	0	31	10	21	16	13	7	219.53	1		13.719364


-------------------------------------------------------------------------------------------------------------------
Tour_Id:			6
No_of_Customers:		15
No_of_Items:			29
Customer_Sequence:		22 46 19 13 69 56 12 14 96 90 16 32 10 6 70 

CustId	Id	TypeId	Rotated	x	y	z	Length	Width	Height	mass	Fragility	LoadBearingStrength
70	142	1	0	0	0	0	15	10	9	434.28	0		47.290278
70	143	1	0	0	10	0	15	10	9	434.28	0		47.290278
70	144	2	0	0	20	0	25	5	7	367	0		26.322602
6	12	3	0	0	0	9	16	13	7	219.53	1		13.719364
10	19	1	0	16	0	0	15	10	9	434.28	0		47.290278
10	20	2	0	0	20	7	25	5	7	367	0		26.322602
32	65	1	0	16	10	0	15	10	9	434.28	0		47.290278
32	66	3	0	0	0	16	16	13	7	219.53	1		13.719364
16	29	2	0	0	13	9	25	5	7	367	0		26.322602
16	30	2	0	0	20	14	25	5	7	367	0		26.322602
16	31	3	0	0	0	23	16	13	7	219.53	1		13.719364
90	182	3	0	16	0	9	16	13	7	219.53	1		13.719364
96	193	1	0	32	0	0	15	10	9	434.28	0		47.290278
96	194	3	0	16	0	16	16	13	7	219.53	1		13.719364
14	25	1	0	32	10	0	15	10	9	434.28	0		47.290278
14	26	2	0	0	13	16	25	5	7	367	0		26.322602
12	23	3	0	16	0	23	16	13	7	219.53	1		13.719364
56	113	2	0	0	20	21	25	5	7	367	0		26.322602
46	89	1	0	32	0	9	15	10	9	434.28	0		47.290278
56	115	3	1	47	0	0	16	13	7	219.53	1		13.719364
69	141	1	0	32	10	9	15	10	9	434.28	0		47.290278
13	24	2	0	0	13	23	25	5	7	367	0		26.322602
19	35	1	0	32	10	18	15	10	9	434.28	0		47.290278
56	114	2	0	25	20	0	25	5	7	367	0		26.322602
46	90	2	0	25	20	7	25	5	7	367	0		26.322602
46	91	2	0	25	20	14	25	5	7	367	0		26.322602
22	41	1	0	32	0	18	15	10	9	434.28	0		47.290278
22	42	2	0	25	20	21	25	5	7	367	0		26.322602
22	43	3	1	47	0	7	16	13	7	219.53	1		13.719364


-------------------------------------------------------------------------------------------------------------------
Tour_Id:			7
No_of_Customers:		11
No_of_Items:			25
Customer_Sequence:		91 42 36 41 58 84 31 95 50 18 78 

CustId	Id	TypeId	Rotated	x	y	z	Length	Width	Height	mass	Fragility	LoadBearingStrength
78	155	1	0	0	0	0	15	10	9	434.28	0		47.290278
78	156	1	0	0	10	0	15	10	9	434.28	0		47.290278
78	157	2	0	0	20	0	25	5	7	367	0		26.322602
18	33	1	0	0	0	9	15	10	9	434.28	0		47.290278
18	34	2	0	0	20	7	25	5	7	367	0		26.322602
50	100	1	0	0	10	9	15	10	9	434.28	0		47.290278
50	101	2	0	0	20	14	25	5	7	367	0		26.322602
95	191	1	0	0	0	18	15	10	9	434.28	0		47.290278
95	192	3	0	15	0	0	16	13	7	219.53	1		13.719364
31	63	1	0	0	10	18	15	10	9	434.28	0		47.290278
31	64	3	0	15	0	7	16	13	7	219.53	1		13.719364
84	169	2	0	0	20	21	25	5	7	367	0		26.322602
84	170	2	0	15	13	0	25	5	7	367	0		26.322602
84	171	2	0	15	13	7	25	5	7	367	0		26.322602
58	119	1	0	31	0	0	15	10	9	434.28	0		47.290278
58	120	2	0	15	13	14	25	5	7	367	0		26.322602
58	121	3	0	15	0	14	16	13	7	219.53	1		13.719364
41	78	1	0	31	0	9	15	10	9	434.28	0		47.290278
41	79	3	0	15	0	21	16	13	7	219.53	1		13.719364
36	72	2	0	15	13	21	25	5	7	367	0		26.322602
42	80	2	0	25	20	0	25	5	7	367	0		26.322602
42	81	3	1	46	0	0	16	13	7	219.53	1		13.719364
91	183	1	0	31	0	18	15	10	9	434.28	0		47.290278
91	184	2	0	25	20	7	25	5	7	367	0		26.322602
91	185	3	1	46	0	7	16	13	7	219.53	1		13.719364


-------------------------------------------------------------------------------------------------------------------
Tour_Id:			8
No_of_Customers:		13
No_of_Items:			26
Customer_Sequence:		54 33 15 2 43 88 77 94 23 93 40 11 71 

CustId	Id	TypeId	Rotated	x	y	z	Length	Width	Height	mass	Fragility	LoadBearingStrength
71	145	3	0	0	0	0	16	13	7	219.53	1		13.719364
11	21	1	0	0	13	0	15	10	9	434.28	0		47.290278
11	22	2	0	15	13	0	25	5	7	367	0		26.322602
94	189	2	0	15	18	0	25	5	7	367	0		26.322602
93	187	1	0	0	13	9	15	10	9	434.28	0		47.290278
23	44	1	0	0	13	18	15	10	9	434.28	0		47.290278
23	45	2	0	15	13	7	25	5	7	367	0		26.322602
23	46	3	0	0	0	7	16	13	7	219.53	1		13.719364
94	188	2	0	15	18	7	25	5	7	367	0		26.322602
40	77	3	0	16	0	0	16	13	7	219.53	1		13.719364
94	190	3	0	0	0	14	16	13	7	219.53	1		13.719364
77	153	2	0	15	13	14	25	5	7	367	0		26.322602
77	154	2	0	15	18	14	25	5	7	367	0		26.322602
33	67	2	0	15	13	21	25	5	7	367	0		26.322602
88	178	2	0	15	18	21	25	5	7	367	0		26.322602
43	82	2	0	32	0	0	25	5	7	367	0		26.322602
43	83	2	0	32	5	0	25	5	7	367	0		26.322602
2	3	3	0	0	0	21	16	13	7	219.53	1		13.719364
15	27	2	0	32	0	7	25	5	7	367	0		26.322602
15	28	3	0	16	0	7	16	13	7	219.53	1		13.719364
88	177	1	0	40	13	0	15	10	9	434.28	0		47.290278
33	68	2	0	32	5	7	25	5	7	367	0		26.322602
33	69	3	0	16	0	14	16	13	7	219.53	1		13.719364
54	109	1	0	32	0	14	15	10	9	434.28	0		47.290278
54	110	1	0	40	13	9	15	10	9	434.28	0		47.290278
54	111	3	0	16	0	21	16	13	7	219.53	1		13.719364


