Name:				243_n100_m200_bt3
Problem:			3L-VRPTW
Number_of_used_Vehicles:	14
Total_Travel_Distance:		1256.49
Calculation_Time:		3600.00
Total_Iterations:		5025
ConstraintSet:			P1

-------------------------------------------------------------------------------------------------------------------
Tour_Id:			1
No_of_Customers:		6
No_of_Items:			13
Customer_Sequence:		94 80 22 57 31 11 

CustId	Id	TypeId	Rotated	x	y	z	Length	Width	Height	mass	Fragility	LoadBearingStrength
31	63	1	0	0	0	0	23	10	11	600.92	0		5.282398
11	21	3	0	0	10	0	27	9	9	440.58	1		7.885510
31	64	3	0	0	10	9	27	9	9	440.58	1		7.885510
31	62	1	0	0	0	11	23	10	11	600.92	0		5.282398
57	116	2	0	0	19	0	19	6	11	302.67	0		13.148663
22	42	1	0	23	0	0	23	10	11	600.92	0		5.282398
57	117	3	0	0	10	18	27	9	9	440.58	1		7.885510
22	41	1	0	23	0	11	23	10	11	600.92	0		5.282398
57	115	2	0	0	19	11	19	6	11	302.67	0		13.148663
80	161	1	0	27	10	0	23	10	11	600.92	0		5.282398
80	162	1	0	27	10	11	23	10	11	600.92	0		5.282398
94	187	2	1	50	0	0	19	6	11	302.67	0		13.148663
94	188	2	1	50	0	11	19	6	11	302.67	0		13.148663


-------------------------------------------------------------------------------------------------------------------
Tour_Id:			2
No_of_Customers:		7
No_of_Items:			14
Customer_Sequence:		77 39 60 67 26 62 58 

CustId	Id	TypeId	Rotated	x	y	z	Length	Width	Height	mass	Fragility	LoadBearingStrength
58	118	1	0	0	0	0	23	10	11	600.92	0		5.282398
58	119	1	0	0	10	0	23	10	11	600.92	0		5.282398
58	120	3	0	0	0	11	27	9	9	440.58	1		7.885510
62	126	3	0	0	9	11	27	9	9	440.58	1		7.885510
62	127	3	0	0	0	20	27	9	9	440.58	1		7.885510
62	128	3	0	0	9	20	27	9	9	440.58	1		7.885510
26	51	1	0	27	0	0	23	10	11	600.92	0		5.282398
26	52	1	0	27	10	0	23	10	11	600.92	0		5.282398
39	80	2	0	27	0	11	19	6	11	302.67	0		13.148663
60	122	3	0	27	6	11	27	9	9	440.58	1		7.885510
39	79	2	0	27	15	11	19	6	11	302.67	0		13.148663
67	136	1	1	50	0	0	23	10	11	600.92	0		5.282398
77	155	2	1	54	6	11	19	6	11	302.67	0		13.148663
77	156	3	0	27	6	20	27	9	9	440.58	1		7.885510


-------------------------------------------------------------------------------------------------------------------
Tour_Id:			3
No_of_Customers:		4
No_of_Items:			10
Customer_Sequence:		72 81 29 68 

CustId	Id	TypeId	Rotated	x	y	z	Length	Width	Height	mass	Fragility	LoadBearingStrength
68	137	1	0	0	0	0	23	10	11	600.92	0		5.282398
29	58	1	0	0	10	0	23	10	11	600.92	0		5.282398
29	59	1	0	0	0	11	23	10	11	600.92	0		5.282398
29	60	1	0	0	10	11	23	10	11	600.92	0		5.282398
81	163	1	0	23	0	0	23	10	11	600.92	0		5.282398
81	164	1	0	23	10	0	23	10	11	600.92	0		5.282398
81	165	3	0	23	0	11	27	9	9	440.58	1		7.885510
72	145	1	0	23	9	11	23	10	11	600.92	0		5.282398
72	146	1	1	50	0	0	23	10	11	600.92	0		5.282398
72	147	2	1	50	0	11	19	6	11	302.67	0		13.148663


-------------------------------------------------------------------------------------------------------------------
Tour_Id:			4
No_of_Customers:		7
No_of_Items:			14
Customer_Sequence:		1 79 93 5 34 97 64 

CustId	Id	TypeId	Rotated	x	y	z	Length	Width	Height	mass	Fragility	LoadBearingStrength
64	130	1	0	0	0	0	23	10	11	600.92	0		5.282398
97	193	1	0	0	10	0	23	10	11	600.92	0		5.282398
34	70	2	0	0	0	11	19	6	11	302.67	0		13.148663
93	184	1	0	0	6	11	23	10	11	600.92	0		5.282398
5	9	3	0	23	0	0	27	9	9	440.58	1		7.885510
5	10	3	0	23	9	0	27	9	9	440.58	1		7.885510
5	8	2	0	23	18	0	19	6	11	302.67	0		13.148663
93	185	3	0	23	0	9	27	9	9	440.58	1		7.885510
93	186	3	0	23	9	9	27	9	9	440.58	1		7.885510
79	159	2	0	23	18	11	19	6	11	302.67	0		13.148663
79	160	3	0	23	0	18	27	9	9	440.58	1		7.885510
1	1	2	1	50	0	0	19	6	11	302.67	0		13.148663
1	2	2	1	50	0	11	19	6	11	302.67	0		13.148663
1	3	3	0	23	9	18	27	9	9	440.58	1		7.885510


-------------------------------------------------------------------------------------------------------------------
Tour_Id:			5
No_of_Customers:		8
No_of_Items:			14
Customer_Sequence:		19 36 52 38 66 21 30 45 

CustId	Id	TypeId	Rotated	x	y	z	Length	Width	Height	mass	Fragility	LoadBearingStrength
45	92	2	0	0	0	0	19	6	11	302.67	0		13.148663
30	61	3	0	0	6	0	27	9	9	440.58	1		7.885510
21	39	1	0	0	15	0	23	10	11	600.92	0		5.282398
66	135	3	0	0	6	9	27	9	9	440.58	1		7.885510
36	75	1	0	0	15	11	23	10	11	600.92	0		5.282398
21	40	2	0	0	0	11	19	6	11	302.67	0		13.148663
38	77	2	0	19	0	0	19	6	11	302.67	0		13.148663
52	105	1	0	23	15	0	23	10	11	600.92	0		5.282398
52	106	2	0	19	0	11	19	6	11	302.67	0		13.148663
38	78	3	0	0	6	18	27	9	9	440.58	1		7.885510
36	73	1	0	23	15	11	23	10	11	600.92	0		5.282398
36	74	1	1	46	0	0	23	10	11	600.92	0		5.282398
66	134	2	0	27	6	0	19	6	11	302.67	0		13.148663
19	35	1	1	46	0	11	23	10	11	600.92	0		5.282398


-------------------------------------------------------------------------------------------------------------------
Tour_Id:			6
No_of_Customers:		8
No_of_Items:			14
Customer_Sequence:		20 23 51 10 90 96 92 16 

CustId	Id	TypeId	Rotated	x	y	z	Length	Width	Height	mass	Fragility	LoadBearingStrength
16	30	2	0	0	0	0	19	6	11	302.67	0		13.148663
16	31	3	0	0	6	0	27	9	9	440.58	1		7.885510
96	192	1	0	0	15	0	23	10	11	600.92	0		5.282398
92	183	2	0	0	0	11	19	6	11	302.67	0		13.148663
10	20	1	0	0	15	11	23	10	11	600.92	0		5.282398
10	19	1	0	23	15	0	23	10	11	600.92	0		5.282398
51	103	1	0	23	15	11	23	10	11	600.92	0		5.282398
90	181	2	0	19	0	0	19	6	11	302.67	0		13.148663
51	104	2	0	19	0	11	19	6	11	302.67	0		13.148663
23	43	2	0	27	6	0	19	6	11	302.67	0		13.148663
23	44	3	0	0	6	9	27	9	9	440.58	1		7.885510
20	36	1	1	46	0	0	23	10	11	600.92	0		5.282398
20	37	1	1	46	0	11	23	10	11	600.92	0		5.282398
20	38	3	0	0	6	18	27	9	9	440.58	1		7.885510


-------------------------------------------------------------------------------------------------------------------
Tour_Id:			7
No_of_Customers:		6
No_of_Items:			15
Customer_Sequence:		17 53 71 95 15 18 

CustId	Id	TypeId	Rotated	x	y	z	Length	Width	Height	mass	Fragility	LoadBearingStrength
18	33	3	0	0	0	0	27	9	9	440.58	1		7.885510
18	34	3	0	0	9	0	27	9	9	440.58	1		7.885510
15	27	2	0	0	18	0	19	6	11	302.67	0		13.148663
53	109	2	0	0	18	11	19	6	11	302.67	0		13.148663
15	29	3	0	0	0	9	27	9	9	440.58	1		7.885510
95	189	1	0	27	0	0	23	10	11	600.92	0		5.282398
95	190	3	0	0	9	9	27	9	9	440.58	1		7.885510
71	142	1	0	27	10	0	23	10	11	600.92	0		5.282398
71	143	2	0	27	0	11	19	6	11	302.67	0		13.148663
15	28	3	0	0	0	18	27	9	9	440.58	1		7.885510
71	144	2	0	27	6	11	19	6	11	302.67	0		13.148663
53	107	1	0	27	12	11	23	10	11	600.92	0		5.282398
53	108	1	1	50	0	0	23	10	11	600.92	0		5.282398
95	191	3	0	0	9	18	27	9	9	440.58	1		7.885510
17	32	2	1	50	0	11	19	6	11	302.67	0		13.148663


-------------------------------------------------------------------------------------------------------------------
Tour_Id:			8
No_of_Customers:		6
No_of_Items:			13
Customer_Sequence:		41 59 47 65 83 49 

CustId	Id	TypeId	Rotated	x	y	z	Length	Width	Height	mass	Fragility	LoadBearingStrength
49	100	2	0	0	0	0	19	6	11	302.67	0		13.148663
49	99	1	0	0	6	0	23	10	11	600.92	0		5.282398
83	167	1	0	0	0	11	23	10	11	600.92	0		5.282398
83	168	2	0	0	16	0	19	6	11	302.67	0		13.148663
83	169	2	0	0	10	11	19	6	11	302.67	0		13.148663
65	131	1	0	23	0	0	23	10	11	600.92	0		5.282398
65	132	2	0	0	16	11	19	6	11	302.67	0		13.148663
65	133	3	0	19	16	0	27	9	9	440.58	1		7.885510
47	95	3	0	19	16	9	27	9	9	440.58	1		7.885510
59	121	1	0	23	0	11	23	10	11	600.92	0		5.282398
41	82	1	1	46	0	0	23	10	11	600.92	0		5.282398
41	83	2	0	23	10	0	19	6	11	302.67	0		13.148663
41	84	3	0	19	16	18	27	9	9	440.58	1		7.885510


-------------------------------------------------------------------------------------------------------------------
Tour_Id:			9
No_of_Customers:		8
No_of_Items:			17
Customer_Sequence:		6 44 76 27 12 42 28 8 

CustId	Id	TypeId	Rotated	x	y	z	Length	Width	Height	mass	Fragility	LoadBearingStrength
8	16	3	0	0	0	0	27	9	9	440.58	1		7.885510
28	56	1	0	0	9	0	23	10	11	600.92	0		5.282398
28	57	2	0	0	19	0	19	6	11	302.67	0		13.148663
42	85	1	0	0	9	11	23	10	11	600.92	0		5.282398
42	86	3	0	0	0	9	27	9	9	440.58	1		7.885510
12	22	1	0	23	9	0	23	10	11	600.92	0		5.282398
12	23	2	0	0	19	11	19	6	11	302.67	0		13.148663
27	53	2	0	19	19	0	19	6	11	302.67	0		13.148663
76	154	3	0	0	0	18	27	9	9	440.58	1		7.885510
27	55	2	0	19	19	11	19	6	11	302.67	0		13.148663
76	153	1	0	23	9	11	23	10	11	600.92	0		5.282398
27	54	2	0	27	0	0	19	6	11	302.67	0		13.148663
44	90	2	0	27	0	11	19	6	11	302.67	0		13.148663
44	91	2	0	38	19	0	19	6	11	302.67	0		13.148663
6	11	2	0	38	19	11	19	6	11	302.67	0		13.148663
6	12	2	1	46	0	0	19	6	11	302.67	0		13.148663
6	13	2	1	46	0	11	19	6	11	302.67	0		13.148663


-------------------------------------------------------------------------------------------------------------------
Tour_Id:			10
No_of_Customers:		7
No_of_Items:			13
Customer_Sequence:		63 86 13 25 75 78 74 

CustId	Id	TypeId	Rotated	x	y	z	Length	Width	Height	mass	Fragility	LoadBearingStrength
74	149	1	0	0	0	0	23	10	11	600.92	0		5.282398
78	158	3	0	0	10	0	27	9	9	440.58	1		7.885510
78	157	1	0	0	0	11	23	10	11	600.92	0		5.282398
25	50	3	0	0	10	9	27	9	9	440.58	1		7.885510
75	151	2	0	0	19	0	19	6	11	302.67	0		13.148663
75	152	3	0	23	0	0	27	9	9	440.58	1		7.885510
25	48	1	0	27	10	0	23	10	11	600.92	0		5.282398
25	49	3	0	0	10	18	27	9	9	440.58	1		7.885510
75	150	2	0	0	19	11	19	6	11	302.67	0		13.148663
13	24	1	0	27	10	11	23	10	11	600.92	0		5.282398
13	25	3	0	23	0	9	27	9	9	440.58	1		7.885510
86	172	1	1	50	0	0	23	10	11	600.92	0		5.282398
63	129	3	0	23	0	18	27	9	9	440.58	1		7.885510


-------------------------------------------------------------------------------------------------------------------
Tour_Id:			11
No_of_Customers:		12
No_of_Items:			19
Customer_Sequence:		55 99 87 37 40 54 9 2 91 7 43 73 

CustId	Id	TypeId	Rotated	x	y	z	Length	Width	Height	mass	Fragility	LoadBearingStrength
43	87	2	0	0	0	0	19	6	11	302.67	0		13.148663
73	148	1	0	0	6	0	23	10	11	600.92	0		5.282398
43	88	3	0	0	16	0	27	9	9	440.58	1		7.885510
43	89	3	0	0	16	9	27	9	9	440.58	1		7.885510
91	182	2	0	0	0	11	19	6	11	302.67	0		13.148663
2	4	3	0	0	6	11	27	9	9	440.58	1		7.885510
9	17	2	0	19	0	0	19	6	11	302.67	0		13.148663
7	14	1	0	23	6	0	23	10	11	600.92	0		5.282398
54	110	3	0	0	16	18	27	9	9	440.58	1		7.885510
37	76	3	0	0	6	20	27	9	9	440.58	1		7.885510
7	15	3	0	27	16	0	27	9	9	440.58	1		7.885510
40	81	2	0	19	0	11	19	6	11	302.67	0		13.148663
87	174	2	0	27	6	11	19	6	11	302.67	0		13.148663
87	173	2	0	38	0	0	19	6	11	302.67	0		13.148663
9	18	3	0	27	16	9	27	9	9	440.58	1		7.885510
99	197	2	0	38	0	11	19	6	11	302.67	0		13.148663
99	198	3	0	27	16	18	27	9	9	440.58	1		7.885510
55	111	2	1	54	6	0	19	6	11	302.67	0		13.148663
55	112	2	1	54	6	11	19	6	11	302.67	0		13.148663


-------------------------------------------------------------------------------------------------------------------
Tour_Id:			12
No_of_Customers:		7
No_of_Items:			15
Customer_Sequence:		82 61 4 35 98 69 24 

CustId	Id	TypeId	Rotated	x	y	z	Length	Width	Height	mass	Fragility	LoadBearingStrength
24	45	1	0	0	0	0	23	10	11	600.92	0		5.282398
24	47	3	0	0	10	0	27	9	9	440.58	1		7.885510
24	46	1	0	0	0	11	23	10	11	600.92	0		5.282398
69	138	1	0	23	0	0	23	10	11	600.92	0		5.282398
69	139	2	0	0	19	0	19	6	11	302.67	0		13.148663
98	194	1	0	23	0	11	23	10	11	600.92	0		5.282398
98	195	2	0	0	19	11	19	6	11	302.67	0		13.148663
98	196	3	0	0	10	9	27	9	9	440.58	1		7.885510
35	71	2	0	19	19	0	19	6	11	302.67	0		13.148663
35	72	2	0	19	19	11	19	6	11	302.67	0		13.148663
4	7	2	0	27	10	0	19	6	11	302.67	0		13.148663
61	123	1	1	46	0	0	23	10	11	600.92	0		5.282398
61	124	2	0	27	10	11	19	6	11	302.67	0		13.148663
61	125	3	0	0	10	18	27	9	9	440.58	1		7.885510
82	166	2	1	46	0	11	19	6	11	302.67	0		13.148663


-------------------------------------------------------------------------------------------------------------------
Tour_Id:			13
No_of_Customers:		6
No_of_Items:			15
Customer_Sequence:		3 48 89 32 88 14 

CustId	Id	TypeId	Rotated	x	y	z	Length	Width	Height	mass	Fragility	LoadBearingStrength
14	26	1	0	0	0	0	23	10	11	600.92	0		5.282398
88	175	1	0	0	10	0	23	10	11	600.92	0		5.282398
89	180	3	0	0	0	11	27	9	9	440.58	1		7.885510
88	177	2	0	0	9	11	19	6	11	302.67	0		13.148663
32	65	1	0	23	0	0	23	10	11	600.92	0		5.282398
32	66	3	0	23	10	0	27	9	9	440.58	1		7.885510
32	67	3	0	23	10	9	27	9	9	440.58	1		7.885510
89	178	2	0	23	19	0	19	6	11	302.67	0		13.148663
48	96	1	0	27	0	11	23	10	11	600.92	0		5.282398
88	176	2	0	0	15	11	19	6	11	302.67	0		13.148663
89	179	3	0	0	0	20	27	9	9	440.58	1		7.885510
48	97	1	1	50	0	0	23	10	11	600.92	0		5.282398
48	98	2	0	23	19	11	19	6	11	302.67	0		13.148663
3	5	1	1	50	0	11	23	10	11	600.92	0		5.282398
3	6	3	0	23	10	18	27	9	9	440.58	1		7.885510


-------------------------------------------------------------------------------------------------------------------
Tour_Id:			14
No_of_Customers:		8
No_of_Items:			14
Customer_Sequence:		70 56 46 50 85 33 84 100 

CustId	Id	TypeId	Rotated	x	y	z	Length	Width	Height	mass	Fragility	LoadBearingStrength
100	199	1	0	0	0	0	23	10	11	600.92	0		5.282398
100	200	2	0	0	10	0	19	6	11	302.67	0		13.148663
33	68	1	0	0	0	11	23	10	11	600.92	0		5.282398
33	69	2	0	0	16	0	19	6	11	302.67	0		13.148663
84	170	3	0	23	0	0	27	9	9	440.58	1		7.885510
85	171	1	0	0	10	11	23	10	11	600.92	0		5.282398
50	101	1	0	23	9	0	23	10	11	600.92	0		5.282398
50	102	3	0	23	0	9	27	9	9	440.58	1		7.885510
46	93	1	0	23	9	11	23	10	11	600.92	0		5.282398
46	94	2	0	23	19	0	19	6	11	302.67	0		13.148663
56	113	1	1	50	0	0	23	10	11	600.92	0		5.282398
70	140	1	1	50	0	11	23	10	11	600.92	0		5.282398
56	114	3	0	23	0	18	27	9	9	440.58	1		7.885510
70	141	2	0	23	19	11	19	6	11	302.67	0		13.148663


