Name:				247_n100_m200_bt10
Problem:			3L-VRPTW
Number_of_used_Vehicles:	14
Total_Travel_Distance:		1363.30
Calculation_Time:		3600.00
Total_Iterations:		8002
ConstraintSet:			P1

-------------------------------------------------------------------------------------------------------------------
Tour_Id:			1
No_of_Customers:		6
No_of_Items:			11
Customer_Sequence:		27 43 72 95 55 87 

CustId	Id	TypeId	Rotated	x	y	z	Length	Width	Height	mass	Fragility	LoadBearingStrength
87	174	7	0	0	0	0	19	12	11	384.84	0		10.975849
87	175	8	0	19	0	0	33	14	8	1726.76	1		10.008307
55	114	4	0	0	14	0	23	7	11	980.11	0		75.366306
95	189	5	0	0	0	11	16	14	9	1536.95	0		123.078615
95	191	10	0	0	14	11	16	6	11	330.50	0		46.650011
95	190	8	0	19	0	8	33	14	8	1726.76	1		10.008307
72	140	4	0	23	14	0	23	7	11	980.11	0		75.366306
72	141	6	0	16	14	11	30	6	9	875.35	0		14.383953
43	91	2	0	16	0	16	17	10	12	390.44	1		3.248763
27	59	4	1	52	0	0	23	7	11	980.11	0		75.366306
27	58	2	0	33	0	16	17	10	12	390.44	1		3.248763


-------------------------------------------------------------------------------------------------------------------
Tour_Id:			2
No_of_Customers:		6
No_of_Items:			12
Customer_Sequence:		40 42 47 41 29 79 

CustId	Id	TypeId	Rotated	x	y	z	Length	Width	Height	mass	Fragility	LoadBearingStrength
79	155	8	0	0	0	0	33	14	8	1726.76	1		10.008307
79	154	4	0	0	14	0	23	7	11	980.11	0		75.366306
29	63	3	0	33	0	0	17	14	7	446.48	0		15.475442
29	64	10	0	0	14	11	16	6	11	330.50	0		46.650011
41	88	4	0	23	14	0	23	7	11	980.11	0		75.366306
41	87	1	0	16	14	11	18	5	9	454.78	0		35.061788
41	89	8	0	0	0	8	33	14	8	1726.76	1		10.008307
47	99	4	1	50	0	0	23	7	11	980.11	0		75.366306
47	98	3	0	33	0	7	17	14	7	446.48	0		15.475442
47	100	8	0	0	0	16	33	14	8	1726.76	1		10.008307
42	90	3	0	33	0	14	17	14	7	446.48	0		15.475442
40	86	3	0	33	0	21	17	14	7	446.48	0		15.475442


-------------------------------------------------------------------------------------------------------------------
Tour_Id:			3
No_of_Customers:		11
No_of_Items:			18
Customer_Sequence:		61 22 46 23 59 17 15 81 5 65 60 

CustId	Id	TypeId	Rotated	x	y	z	Length	Width	Height	mass	Fragility	LoadBearingStrength
60	120	9	0	0	0	0	15	13	11	1165.69	0		19.082620
65	128	9	0	0	0	11	15	13	11	1165.69	0		19.082620
5	12	10	0	0	13	0	16	6	11	330.50	0		46.650011
5	11	1	0	0	19	0	18	5	9	454.78	0		35.061788
81	160	10	0	0	19	9	16	6	11	330.50	0		46.650011
81	159	2	0	15	0	0	17	10	12	390.44	1		3.248763
15	34	10	0	0	13	11	16	6	11	330.50	0		46.650011
17	38	10	0	16	10	0	16	6	11	330.50	0		46.650011
59	119	5	0	32	0	0	16	14	9	1536.95	0		123.078615
59	118	3	0	0	0	22	17	14	7	446.48	0		15.475442
23	50	6	0	18	19	0	30	6	9	875.35	0		14.383953
23	51	10	0	16	19	9	16	6	11	330.50	0		46.650011
23	49	2	0	17	0	12	17	10	12	390.44	1		3.248763
46	96	6	0	0	19	20	30	6	9	875.35	0		14.383953
46	97	10	0	17	10	11	16	6	11	330.50	0		46.650011
22	48	10	0	32	19	9	16	6	11	330.50	0		46.650011
61	122	5	0	34	0	9	16	14	9	1536.95	0		123.078615
61	121	1	0	30	19	20	18	5	9	454.78	0		35.061788


-------------------------------------------------------------------------------------------------------------------
Tour_Id:			4
No_of_Customers:		7
No_of_Items:			15
Customer_Sequence:		20 52 28 9 100 99 32 

CustId	Id	TypeId	Rotated	x	y	z	Length	Width	Height	mass	Fragility	LoadBearingStrength
32	71	1	0	0	0	0	18	5	9	454.78	0		35.061788
32	72	3	0	0	5	0	17	14	7	446.48	0		15.475442
99	199	3	0	0	5	7	17	14	7	446.48	0		15.475442
100	200	3	0	0	5	14	17	14	7	446.48	0		15.475442
9	22	9	0	17	5	0	15	13	11	1165.69	0		19.082620
28	62	10	0	0	19	0	16	6	11	330.50	0		46.650011
99	198	1	0	0	0	9	18	5	9	454.78	0		35.061788
28	60	5	0	0	5	21	16	14	9	1536.95	0		123.078615
28	61	10	0	0	19	11	16	6	11	330.50	0		46.650011
9	21	9	0	32	0	0	15	13	11	1165.69	0		19.082620
9	20	3	0	17	5	11	17	14	7	446.48	0		15.475442
52	107	5	0	17	5	18	16	14	9	1536.95	0		123.078615
52	108	6	0	16	19	0	30	6	9	875.35	0		14.383953
20	45	7	1	47	0	0	19	12	11	384.84	0		10.975849
20	44	5	0	34	0	11	16	14	9	1536.95	0		123.078615


-------------------------------------------------------------------------------------------------------------------
Tour_Id:			5
No_of_Customers:		8
No_of_Items:			15
Customer_Sequence:		62 67 64 49 39 26 37 96 

CustId	Id	TypeId	Rotated	x	y	z	Length	Width	Height	mass	Fragility	LoadBearingStrength
96	194	7	0	0	0	0	19	12	11	384.84	0		10.975849
96	193	6	0	0	12	0	30	6	9	875.35	0		14.383953
26	56	3	0	0	0	11	17	14	7	446.48	0		15.475442
37	81	7	0	19	0	0	19	12	11	384.84	0		10.975849
37	80	1	0	0	18	0	18	5	9	454.78	0		35.061788
96	192	1	0	30	12	0	18	5	9	454.78	0		35.061788
26	57	6	0	0	14	9	30	6	9	875.35	0		14.383953
39	85	5	0	0	0	18	16	14	9	1536.95	0		123.078615
49	103	7	0	17	0	11	19	12	11	384.84	0		10.975849
49	102	4	0	0	14	18	23	7	11	980.11	0		75.366306
64	126	7	0	38	0	0	19	12	11	384.84	0		10.975849
64	125	6	0	30	17	0	30	6	9	875.35	0		14.383953
64	127	10	0	30	12	9	16	6	11	330.50	0		46.650011
67	131	10	0	30	18	9	16	6	11	330.50	0		46.650011
62	123	3	0	16	0	22	17	14	7	446.48	0		15.475442


-------------------------------------------------------------------------------------------------------------------
Tour_Id:			6
No_of_Customers:		7
No_of_Items:			14
Customer_Sequence:		24 51 97 19 53 12 57 

CustId	Id	TypeId	Rotated	x	y	z	Length	Width	Height	mass	Fragility	LoadBearingStrength
57	116	1	0	0	0	0	18	5	9	454.78	0		35.061788
12	29	1	0	0	5	0	18	5	9	454.78	0		35.061788
12	30	8	0	0	10	0	33	14	8	1726.76	1		10.008307
53	111	9	0	0	0	9	15	13	11	1165.69	0		19.082620
53	109	4	0	18	0	0	23	7	11	980.11	0		75.366306
53	110	6	0	15	0	11	30	6	9	875.35	0		14.383953
19	43	5	0	0	0	20	16	14	9	1536.95	0		123.078615
19	42	3	0	33	10	0	17	14	7	446.48	0		15.475442
19	41	2	0	0	14	8	17	10	12	390.44	1		3.248763
97	195	2	0	17	10	8	17	10	12	390.44	1		3.248763
51	106	5	0	34	7	7	16	14	9	1536.95	0		123.078615
24	54	9	0	34	6	16	15	13	11	1165.69	0		19.082620
24	52	1	0	16	0	20	18	5	9	454.78	0		35.061788
24	53	2	1	50	0	0	17	10	12	390.44	1		3.248763


-------------------------------------------------------------------------------------------------------------------
Tour_Id:			7
No_of_Customers:		8
No_of_Items:			18
Customer_Sequence:		88 69 1 3 93 92 86 33 

CustId	Id	TypeId	Rotated	x	y	z	Length	Width	Height	mass	Fragility	LoadBearingStrength
33	73	6	0	0	0	0	30	6	9	875.35	0		14.383953
86	172	7	0	0	6	0	19	12	11	384.84	0		10.975849
86	171	6	0	0	18	0	30	6	9	875.35	0		14.383953
86	173	10	0	0	0	9	16	6	11	330.50	0		46.650011
92	183	7	0	0	6	11	19	12	11	384.84	0		10.975849
92	184	10	0	0	18	9	16	6	11	330.50	0		46.650011
93	186	3	0	0	6	22	17	14	7	446.48	0		15.475442
93	187	3	0	30	0	0	17	14	7	446.48	0		15.475442
93	185	1	0	0	0	20	18	5	9	454.78	0		35.061788
3	7	9	0	30	0	7	15	13	11	1165.69	0		19.082620
3	8	9	0	30	0	18	15	13	11	1165.69	0		19.082620
1	2	10	0	30	14	0	16	6	11	330.50	0		46.650011
1	3	10	0	30	14	11	16	6	11	330.50	0		46.650011
1	1	1	0	30	20	0	18	5	9	454.78	0		35.061788
69	136	9	1	47	0	0	15	13	11	1165.69	0		19.082620
69	135	3	1	46	0	11	17	14	7	446.48	0		15.475442
88	177	9	0	45	0	18	15	13	11	1165.69	0		19.082620
88	176	1	0	16	20	9	18	5	9	454.78	0		35.061788


-------------------------------------------------------------------------------------------------------------------
Tour_Id:			8
No_of_Customers:		8
No_of_Items:			18
Customer_Sequence:		45 16 83 50 78 4 84 11 

CustId	Id	TypeId	Rotated	x	y	z	Length	Width	Height	mass	Fragility	LoadBearingStrength
11	27	9	0	0	0	0	15	13	11	1165.69	0		19.082620
11	28	10	0	0	13	0	16	6	11	330.50	0		46.650011
11	26	2	0	0	0	11	17	10	12	390.44	1		3.248763
84	167	6	0	0	19	0	30	6	9	875.35	0		14.383953
84	165	1	0	0	19	9	18	5	9	454.78	0		35.061788
84	166	1	0	0	10	11	18	5	9	454.78	0		35.061788
4	9	3	0	18	0	0	17	14	7	446.48	0		15.475442
4	10	3	0	18	0	7	17	14	7	446.48	0		15.475442
78	153	10	0	0	19	18	16	6	11	330.50	0		46.650011
78	152	1	0	0	10	20	18	5	9	454.78	0		35.061788
50	105	9	0	18	0	14	15	13	11	1165.69	0		19.082620
50	104	2	0	35	0	0	17	10	12	390.44	1		3.248763
83	164	3	0	35	10	0	17	14	7	446.48	0		15.475442
16	37	4	1	52	0	0	23	7	11	980.11	0		75.366306
16	35	3	0	35	10	7	17	14	7	446.48	0		15.475442
16	36	3	0	35	10	14	17	14	7	446.48	0		15.475442
45	95	4	1	52	0	11	23	7	11	980.11	0		75.366306
45	94	2	0	35	0	12	17	10	12	390.44	1		3.248763


-------------------------------------------------------------------------------------------------------------------
Tour_Id:			9
No_of_Customers:		5
No_of_Items:			12
Customer_Sequence:		71 44 54 8 76 

CustId	Id	TypeId	Rotated	x	y	z	Length	Width	Height	mass	Fragility	LoadBearingStrength
76	150	9	0	0	0	0	15	13	11	1165.69	0		19.082620
76	148	5	0	0	0	11	16	14	9	1536.95	0		123.078615
76	149	6	0	0	13	0	30	6	9	875.35	0		14.383953
8	18	4	0	16	0	0	23	7	11	980.11	0		75.366306
8	17	3	0	0	0	20	17	14	7	446.48	0		15.475442
8	19	6	0	0	19	0	30	6	9	875.35	0		14.383953
54	113	4	0	0	14	9	23	7	11	980.11	0		75.366306
54	112	3	0	30	7	0	17	14	7	446.48	0		15.475442
44	92	4	0	17	0	11	23	7	11	980.11	0		75.366306
44	93	6	0	0	14	20	30	6	9	875.35	0		14.383953
71	138	5	0	30	7	7	16	14	9	1536.95	0		123.078615
71	139	10	0	30	7	16	16	6	11	330.50	0		46.650011


-------------------------------------------------------------------------------------------------------------------
Tour_Id:			10
No_of_Customers:		7
No_of_Items:			15
Customer_Sequence:		36 90 48 68 38 80 85 

CustId	Id	TypeId	Rotated	x	y	z	Length	Width	Height	mass	Fragility	LoadBearingStrength
85	170	9	0	0	0	0	15	13	11	1165.69	0		19.082620
85	169	6	0	0	13	0	30	6	9	875.35	0		14.383953
85	168	2	0	0	0	11	17	10	12	390.44	1		3.248763
80	158	7	0	17	0	0	19	12	11	384.84	0		10.975849
80	157	3	0	17	0	11	17	14	7	446.48	0		15.475442
80	156	1	0	0	19	0	18	5	9	454.78	0		35.061788
38	83	6	0	0	14	9	30	6	9	875.35	0		14.383953
38	84	10	0	0	14	18	16	6	11	330.50	0		46.650011
38	82	2	0	16	10	18	17	10	12	390.44	1		3.248763
68	133	5	0	36	0	0	16	14	9	1536.95	0		123.078615
68	134	10	0	33	14	0	16	6	11	330.50	0		46.650011
68	132	1	0	0	20	9	18	5	9	454.78	0		35.061788
48	101	5	0	36	0	9	16	14	9	1536.95	0		123.078615
90	180	1	0	0	20	18	18	5	9	454.78	0		35.061788
36	79	3	0	33	0	18	17	14	7	446.48	0		15.475442


-------------------------------------------------------------------------------------------------------------------
Tour_Id:			11
No_of_Customers:		7
No_of_Items:			12
Customer_Sequence:		25 91 77 94 35 30 13 

CustId	Id	TypeId	Rotated	x	y	z	Length	Width	Height	mass	Fragility	LoadBearingStrength
13	31	3	0	0	0	0	17	14	7	446.48	0		15.475442
30	65	5	0	0	0	7	16	14	9	1536.95	0		123.078615
30	67	10	0	0	14	0	16	6	11	330.50	0		46.650011
30	66	8	0	17	0	0	33	14	8	1726.76	1		10.008307
35	77	9	0	0	0	16	15	13	11	1165.69	0		19.082620
35	78	10	0	0	14	11	16	6	11	330.50	0		46.650011
35	76	2	0	16	14	0	17	10	12	390.44	1		3.248763
94	188	1	0	33	14	0	18	5	9	454.78	0		35.061788
77	151	8	0	16	0	8	33	14	8	1726.76	1		10.008307
91	182	4	1	51	0	0	23	7	11	980.11	0		75.366306
91	181	1	0	33	19	0	18	5	9	454.78	0		35.061788
25	55	8	0	15	0	16	33	14	8	1726.76	1		10.008307


-------------------------------------------------------------------------------------------------------------------
Tour_Id:			12
No_of_Customers:		7
No_of_Items:			15
Customer_Sequence:		31 56 14 63 10 89 2 

CustId	Id	TypeId	Rotated	x	y	z	Length	Width	Height	mass	Fragility	LoadBearingStrength
2	6	7	0	0	0	0	19	12	11	384.84	0		10.975849
2	4	1	0	0	12	0	18	5	9	454.78	0		35.061788
2	5	4	0	0	17	0	23	7	11	980.11	0		75.366306
89	178	3	0	0	0	11	17	14	7	446.48	0		15.475442
89	179	6	0	0	17	11	30	6	9	875.35	0		14.383953
10	25	7	0	0	0	18	19	12	11	384.84	0		10.975849
10	23	2	0	19	0	0	17	10	12	390.44	1		3.248763
10	24	2	0	19	0	12	17	10	12	390.44	1		3.248763
63	124	5	0	36	0	0	16	14	9	1536.95	0		123.078615
14	33	9	0	36	0	9	15	13	11	1165.69	0		19.082620
14	32	1	0	0	17	20	18	5	9	454.78	0		35.061788
56	115	2	0	30	14	0	17	10	12	390.44	1		3.248763
31	70	5	0	36	0	20	16	14	9	1536.95	0		123.078615
31	69	4	1	52	0	0	23	7	11	980.11	0		75.366306
31	68	2	0	30	14	12	17	10	12	390.44	1		3.248763


-------------------------------------------------------------------------------------------------------------------
Tour_Id:			13
No_of_Customers:		7
No_of_Items:			13
Customer_Sequence:		18 70 7 98 6 21 73 

CustId	Id	TypeId	Rotated	x	y	z	Length	Width	Height	mass	Fragility	LoadBearingStrength
73	143	4	0	0	0	0	23	7	11	980.11	0		75.366306
73	142	3	0	0	7	0	17	14	7	446.48	0		15.475442
21	47	9	0	0	7	7	15	13	11	1165.69	0		19.082620
21	46	1	0	0	0	11	18	5	9	454.78	0		35.061788
6	15	9	0	0	7	18	15	13	11	1165.69	0		19.082620
6	14	8	0	17	7	0	33	14	8	1726.76	1		10.008307
6	13	2	0	15	7	8	17	10	12	390.44	1		3.248763
98	196	4	0	23	0	0	23	7	11	980.11	0		75.366306
98	197	6	0	18	0	11	30	6	9	875.35	0		14.383953
7	16	1	0	0	0	20	18	5	9	454.78	0		35.061788
70	137	2	0	32	7	8	17	10	12	390.44	1		3.248763
18	39	2	1	50	0	0	17	10	12	390.44	1		3.248763
18	40	2	1	49	0	12	17	10	12	390.44	1		3.248763


-------------------------------------------------------------------------------------------------------------------
Tour_Id:			14
No_of_Customers:		6
No_of_Items:			12
Customer_Sequence:		75 74 58 82 66 34 

CustId	Id	TypeId	Rotated	x	y	z	Length	Width	Height	mass	Fragility	LoadBearingStrength
34	74	6	0	0	0	0	30	6	9	875.35	0		14.383953
34	75	8	0	0	6	0	33	14	8	1726.76	1		10.008307
66	129	1	0	0	20	0	18	5	9	454.78	0		35.061788
66	130	8	0	0	6	8	33	14	8	1726.76	1		10.008307
82	161	5	0	33	0	0	16	14	9	1536.95	0		123.078615
82	162	5	0	33	0	9	16	14	9	1536.95	0		123.078615
82	163	6	0	0	0	9	30	6	9	875.35	0		14.383953
58	117	4	0	0	0	18	23	7	11	980.11	0		75.366306
74	145	6	0	23	0	18	30	6	9	875.35	0		14.383953
74	144	2	0	33	14	0	17	10	12	390.44	1		3.248763
75	146	1	1	50	6	0	18	5	9	454.78	0		35.061788
75	147	1	1	50	6	9	18	5	9	454.78	0		35.061788


