Name:				249_n100_m200_bt10
Problem:			3L-VRPTW
Number_of_used_Vehicles:	18
Total_Travel_Distance:		1564.58
Calculation_Time:		3600.00
Total_Iterations:		8338
ConstraintSet:			P1

-------------------------------------------------------------------------------------------------------------------
Tour_Id:			1
No_of_Customers:		6
No_of_Items:			11
Customer_Sequence:		2 38 33 82 62 49 

CustId	Id	TypeId	Rotated	x	y	z	Length	Width	Height	mass	Fragility	LoadBearingStrength
49	95	3	0	0	0	0	28	11	13	1758.08	0		207.099719
62	119	6	0	0	11	0	32	13	12	1414.04	0		6.466072
38	75	6	0	0	11	12	32	13	12	1414.04	0		6.466072
33	62	1	0	0	0	13	15	9	13	313.22	0		5.388281
82	160	10	0	32	0	0	26	12	8	920.32	0		59.106890
82	159	2	0	32	12	0	21	5	6	331.60	0		54.300340
33	64	2	0	32	17	0	21	5	6	331.60	0		54.300340
33	63	2	0	32	12	6	21	5	6	331.60	0		54.300340
38	74	2	0	0	11	24	21	5	6	331.60	0		54.300340
38	76	7	0	15	0	13	15	5	13	240.95	1		16.677202
2	3	2	0	0	16	24	21	5	6	331.60	0		54.300340


-------------------------------------------------------------------------------------------------------------------
Tour_Id:			2
No_of_Customers:		3
No_of_Items:			7
Customer_Sequence:		25 84 18 

CustId	Id	TypeId	Rotated	x	y	z	Length	Width	Height	mass	Fragility	LoadBearingStrength
18	36	1	0	0	0	0	15	9	13	313.22	0		5.388281
18	37	9	0	0	9	0	12	11	11	596.71	0		37.690393
84	165	5	0	0	9	11	14	11	7	141.69	0		5.276648
84	163	2	0	0	20	0	21	5	6	331.60	0		54.300340
84	164	4	0	15	0	0	34	13	12	661.80	1		4.548519
25	49	2	0	0	20	6	21	5	6	331.60	0		54.300340
25	50	4	0	15	0	12	34	13	12	661.80	1		4.548519


-------------------------------------------------------------------------------------------------------------------
Tour_Id:			3
No_of_Customers:		4
No_of_Items:			10
Customer_Sequence:		99 15 34 75 

CustId	Id	TypeId	Rotated	x	y	z	Length	Width	Height	mass	Fragility	LoadBearingStrength
75	146	3	0	0	0	0	28	11	13	1758.08	0		207.099719
34	65	3	0	0	11	0	28	11	13	1758.08	0		207.099719
15	27	1	0	0	0	13	15	9	13	313.22	0		5.388281
34	66	5	0	0	9	13	14	11	7	141.69	0		5.276648
15	28	3	0	28	0	0	28	11	13	1758.08	0		207.099719
15	29	6	0	15	0	13	32	13	12	1414.04	0		6.466072
34	67	6	0	28	11	0	32	13	12	1414.04	0		6.466072
99	196	1	0	14	13	13	15	9	13	313.22	0		5.388281
99	198	9	0	29	13	12	12	11	11	596.71	0		37.690393
99	197	5	0	29	13	23	14	11	7	141.69	0		5.276648


-------------------------------------------------------------------------------------------------------------------
Tour_Id:			4
No_of_Customers:		7
No_of_Items:			13
Customer_Sequence:		78 94 81 14 88 10 76 

CustId	Id	TypeId	Rotated	x	y	z	Length	Width	Height	mass	Fragility	LoadBearingStrength
76	147	6	0	0	0	0	32	13	12	1414.04	0		6.466072
88	174	4	0	0	0	12	34	13	12	661.80	1		4.548519
76	148	10	0	0	13	0	26	12	8	920.32	0		59.106890
10	16	5	0	0	13	8	14	11	7	141.69	0		5.276648
10	17	7	0	0	13	15	15	5	13	240.95	1		16.677202
88	175	8	0	26	13	0	28	12	11	621.71	0		13.394904
10	18	9	1	15	13	8	12	11	11	596.71	0		37.690393
14	25	10	0	26	13	11	26	12	8	920.32	0		59.106890
14	26	10	0	15	13	19	26	12	8	920.32	0		59.106890
81	158	10	0	34	0	0	26	12	8	920.32	0		59.106890
81	157	2	0	34	0	8	21	5	6	331.60	0		54.300340
94	188	2	0	34	5	8	21	5	6	331.60	0		54.300340
78	151	1	0	34	0	14	15	9	13	313.22	0		5.388281


-------------------------------------------------------------------------------------------------------------------
Tour_Id:			5
No_of_Customers:		6
No_of_Items:			10
Customer_Sequence:		20 57 72 64 22 91 

CustId	Id	TypeId	Rotated	x	y	z	Length	Width	Height	mass	Fragility	LoadBearingStrength
91	182	6	0	0	0	0	32	13	12	1414.04	0		6.466072
91	181	5	0	0	13	0	14	11	7	141.69	0		5.276648
22	44	1	0	0	13	7	15	9	13	313.22	0		5.388281
72	141	4	0	0	0	12	34	13	12	661.80	1		4.548519
64	123	1	0	15	13	0	15	9	13	313.22	0		5.388281
64	124	5	0	0	13	20	14	11	7	141.69	0		5.276648
64	125	8	0	30	13	0	28	12	11	621.71	0		13.394904
57	110	7	0	15	13	13	15	5	13	240.95	1		16.677202
20	42	8	0	30	13	11	28	12	11	621.71	0		13.394904
20	41	2	0	30	13	22	21	5	6	331.60	0		54.300340


-------------------------------------------------------------------------------------------------------------------
Tour_Id:			6
No_of_Customers:		5
No_of_Items:			8
Customer_Sequence:		63 58 42 21 79 

CustId	Id	TypeId	Rotated	x	y	z	Length	Width	Height	mass	Fragility	LoadBearingStrength
79	153	10	0	0	0	0	26	12	8	920.32	0		59.106890
79	152	4	0	0	12	0	34	13	12	661.80	1		4.548519
21	43	5	0	0	0	8	14	11	7	141.69	0		5.276648
42	82	4	0	0	12	12	34	13	12	661.80	1		4.548519
58	111	7	0	0	0	15	15	5	13	240.95	1		16.677202
63	121	3	0	26	0	0	28	11	13	1758.08	0		207.099719
63	122	8	0	26	0	13	28	12	11	621.71	0		13.394904
63	120	1	0	34	12	0	15	9	13	313.22	0		5.388281


-------------------------------------------------------------------------------------------------------------------
Tour_Id:			7
No_of_Customers:		8
No_of_Items:			13
Customer_Sequence:		30 60 40 67 41 1 50 4 

CustId	Id	TypeId	Rotated	x	y	z	Length	Width	Height	mass	Fragility	LoadBearingStrength
4	6	4	0	0	0	0	34	13	12	661.80	1		4.548519
4	7	7	0	0	13	0	15	5	13	240.95	1		16.677202
50	97	5	0	15	13	0	14	11	7	141.69	0		5.276648
50	96	4	0	0	0	12	34	13	12	661.80	1		4.548519
41	80	5	0	15	13	7	14	11	7	141.69	0		5.276648
1	1	7	0	0	13	13	15	5	13	240.95	1		16.677202
41	81	8	0	29	13	0	28	12	11	621.71	0		13.394904
1	2	10	0	34	0	0	26	12	8	920.32	0		59.106890
67	130	3	0	29	13	11	28	11	13	1758.08	0		207.099719
40	79	5	0	34	0	8	14	11	7	141.69	0		5.276648
60	114	2	0	29	13	24	21	5	6	331.60	0		54.300340
60	115	7	0	34	0	15	15	5	13	240.95	1		16.677202
30	57	9	1	49	0	8	12	11	11	596.71	0		37.690393


-------------------------------------------------------------------------------------------------------------------
Tour_Id:			8
No_of_Customers:		6
No_of_Items:			10
Customer_Sequence:		29 37 68 87 23 28 

CustId	Id	TypeId	Rotated	x	y	z	Length	Width	Height	mass	Fragility	LoadBearingStrength
28	55	1	0	0	0	0	15	9	13	313.22	0		5.388281
87	173	6	0	0	9	0	32	13	12	1414.04	0		6.466072
23	45	7	0	0	0	13	15	5	13	240.95	1		16.677202
87	172	3	0	0	9	12	28	11	13	1758.08	0		207.099719
87	171	1	0	15	0	0	15	9	13	313.22	0		5.388281
68	133	8	0	32	0	0	28	12	11	621.71	0		13.394904
68	132	3	0	32	12	0	28	11	13	1758.08	0		207.099719
68	131	1	0	15	0	13	15	9	13	313.22	0		5.388281
37	73	8	0	32	0	11	28	12	11	621.71	0		13.394904
29	56	8	0	32	12	13	28	12	11	621.71	0		13.394904


-------------------------------------------------------------------------------------------------------------------
Tour_Id:			9
No_of_Customers:		5
No_of_Items:			11
Customer_Sequence:		43 89 11 66 59 

CustId	Id	TypeId	Rotated	x	y	z	Length	Width	Height	mass	Fragility	LoadBearingStrength
59	113	8	0	0	0	0	28	12	11	621.71	0		13.394904
66	128	8	0	0	12	0	28	12	11	621.71	0		13.394904
59	112	7	0	0	0	11	15	5	13	240.95	1		16.677202
66	129	9	0	0	5	11	12	11	11	596.71	0		37.690393
11	19	6	0	28	0	0	32	13	12	1414.04	0		6.466072
11	20	7	0	0	16	11	15	5	13	240.95	1		16.677202
89	176	8	0	28	13	0	28	12	11	621.71	0		13.394904
89	177	10	0	15	13	11	26	12	8	920.32	0		59.106890
43	83	6	0	28	0	12	32	13	12	1414.04	0		6.466072
43	84	8	0	15	13	19	28	12	11	621.71	0		13.394904
43	85	9	0	43	13	11	12	11	11	596.71	0		37.690393


-------------------------------------------------------------------------------------------------------------------
Tour_Id:			10
No_of_Customers:		4
No_of_Items:			8
Customer_Sequence:		73 98 71 44 

CustId	Id	TypeId	Rotated	x	y	z	Length	Width	Height	mass	Fragility	LoadBearingStrength
44	87	4	0	0	0	0	34	13	12	661.80	1		4.548519
71	139	3	0	0	13	0	28	11	13	1758.08	0		207.099719
44	86	2	0	34	0	0	21	5	6	331.60	0		54.300340
98	195	9	0	0	13	13	12	11	11	596.71	0		37.690393
98	194	1	0	12	13	13	15	9	13	313.22	0		5.388281
71	140	4	0	0	0	12	34	13	12	661.80	1		4.548519
73	142	3	0	28	13	0	28	11	13	1758.08	0		207.099719
73	143	8	0	27	13	13	28	12	11	621.71	0		13.394904


-------------------------------------------------------------------------------------------------------------------
Tour_Id:			11
No_of_Customers:		7
No_of_Items:			11
Customer_Sequence:		51 86 83 92 7 13 47 

CustId	Id	TypeId	Rotated	x	y	z	Length	Width	Height	mass	Fragility	LoadBearingStrength
13	24	6	0	0	0	0	32	13	12	1414.04	0		6.466072
47	92	3	0	0	13	0	28	11	13	1758.08	0		207.099719
7	11	4	0	0	0	12	34	13	12	661.80	1		4.548519
92	184	8	0	0	13	13	28	12	11	621.71	0		13.394904
92	183	1	0	28	13	0	15	9	13	313.22	0		5.388281
83	162	9	0	28	13	13	12	11	11	596.71	0		37.690393
83	161	2	0	0	13	24	21	5	6	331.60	0		54.300340
86	170	9	0	34	0	0	12	11	11	596.71	0		37.690393
86	169	2	0	0	18	24	21	5	6	331.60	0		54.300340
51	98	1	0	34	0	11	15	9	13	313.22	0		5.388281
51	99	9	0	43	13	0	12	11	11	596.71	0		37.690393


-------------------------------------------------------------------------------------------------------------------
Tour_Id:			12
No_of_Customers:		6
No_of_Items:			12
Customer_Sequence:		53 8 70 56 100 80 

CustId	Id	TypeId	Rotated	x	y	z	Length	Width	Height	mass	Fragility	LoadBearingStrength
80	155	3	0	0	0	0	28	11	13	1758.08	0		207.099719
80	156	10	0	0	11	0	26	12	8	920.32	0		59.106890
70	138	10	0	0	11	8	26	12	8	920.32	0		59.106890
56	109	7	0	0	0	13	15	5	13	240.95	1		16.677202
100	199	2	0	0	5	13	21	5	6	331.60	0		54.300340
80	154	1	0	28	0	0	15	9	13	313.22	0		5.388281
100	200	9	0	43	0	0	12	11	11	596.71	0		37.690393
56	108	7	0	15	0	13	15	5	13	240.95	1		16.677202
8	12	4	0	26	11	0	34	13	12	661.80	1		4.548519
70	137	9	0	0	11	16	12	11	11	596.71	0		37.690393
53	103	5	0	12	10	16	14	11	7	141.69	0		5.276648
53	102	4	0	26	11	12	34	13	12	661.80	1		4.548519


-------------------------------------------------------------------------------------------------------------------
Tour_Id:			13
No_of_Customers:		5
No_of_Items:			11
Customer_Sequence:		46 27 39 3 85 

CustId	Id	TypeId	Rotated	x	y	z	Length	Width	Height	mass	Fragility	LoadBearingStrength
85	167	6	0	0	0	0	32	13	12	1414.04	0		6.466072
39	77	6	0	0	0	12	32	13	12	1414.04	0		6.466072
85	166	5	0	0	13	0	14	11	7	141.69	0		5.276648
3	5	10	0	14	13	0	26	12	8	920.32	0		59.106890
3	4	9	0	0	13	7	12	11	11	596.71	0		37.690393
85	168	8	0	32	0	0	28	12	11	621.71	0		13.394904
39	78	9	0	0	13	18	12	11	11	596.71	0		37.690393
27	52	3	0	14	13	8	28	11	13	1758.08	0		207.099719
27	53	3	0	32	0	11	28	11	13	1758.08	0		207.099719
27	54	10	0	12	13	21	26	12	8	920.32	0		59.106890
46	91	1	0	42	12	0	15	9	13	313.22	0		5.388281


-------------------------------------------------------------------------------------------------------------------
Tour_Id:			14
No_of_Customers:		4
No_of_Items:			10
Customer_Sequence:		48 31 45 93 

CustId	Id	TypeId	Rotated	x	y	z	Length	Width	Height	mass	Fragility	LoadBearingStrength
93	186	3	0	0	0	0	28	11	13	1758.08	0		207.099719
45	90	8	0	0	11	0	28	12	11	621.71	0		13.394904
45	88	1	0	0	11	11	15	9	13	313.22	0		5.388281
45	89	6	0	28	0	0	32	13	12	1414.04	0		6.466072
93	187	9	0	0	0	13	12	11	11	596.71	0		37.690393
93	185	1	0	12	0	13	15	9	13	313.22	0		5.388281
31	59	6	0	28	0	12	32	13	12	1414.04	0		6.466072
31	58	2	0	27	0	24	21	5	6	331.60	0		54.300340
48	94	8	0	28	13	0	28	12	11	621.71	0		13.394904
48	93	5	0	15	13	11	14	11	7	141.69	0		5.276648


-------------------------------------------------------------------------------------------------------------------
Tour_Id:			15
No_of_Customers:		7
No_of_Items:			15
Customer_Sequence:		77 52 69 54 96 90 6 

CustId	Id	TypeId	Rotated	x	y	z	Length	Width	Height	mass	Fragility	LoadBearingStrength
6	10	7	0	0	0	0	15	5	13	240.95	1		16.677202
90	178	1	0	0	5	0	15	9	13	313.22	0		5.388281
54	104	1	0	0	14	0	15	9	13	313.22	0		5.388281
90	180	9	0	15	0	0	12	11	11	596.71	0		37.690393
96	191	1	0	0	5	13	15	9	13	313.22	0		5.388281
96	192	6	0	27	0	0	32	13	12	1414.04	0		6.466072
54	105	10	0	15	13	0	26	12	8	920.32	0		59.106890
90	179	7	0	0	0	13	15	5	13	240.95	1		16.677202
69	135	6	0	27	0	12	32	13	12	1414.04	0		6.466072
69	134	3	0	15	13	8	28	11	13	1758.08	0		207.099719
69	136	9	0	0	14	13	12	11	11	596.71	0		37.690393
52	101	9	0	43	13	0	12	11	11	596.71	0		37.690393
52	100	5	0	15	13	21	14	11	7	141.69	0		5.276648
77	149	1	0	43	13	11	15	9	13	313.22	0		5.388281
77	150	5	0	29	13	21	14	11	7	141.69	0		5.276648


-------------------------------------------------------------------------------------------------------------------
Tour_Id:			16
No_of_Customers:		8
No_of_Items:			15
Customer_Sequence:		5 74 26 97 61 32 65 55 

CustId	Id	TypeId	Rotated	x	y	z	Length	Width	Height	mass	Fragility	LoadBearingStrength
55	107	10	0	0	0	0	26	12	8	920.32	0		59.106890
55	106	4	0	0	12	0	34	13	12	661.80	1		4.548519
65	126	1	0	0	0	8	15	9	13	313.22	0		5.388281
65	127	2	0	26	0	0	21	5	6	331.60	0		54.300340
32	61	10	0	34	12	0	26	12	8	920.32	0		59.106890
32	60	2	0	26	5	0	21	5	6	331.60	0		54.300340
61	116	4	0	0	12	12	34	13	12	661.80	1		4.548519
61	118	9	0	15	0	8	12	11	11	596.71	0		37.690393
61	117	7	0	27	0	6	15	5	13	240.95	1		16.677202
97	193	2	0	27	5	6	21	5	6	331.60	0		54.300340
74	144	7	0	27	5	12	15	5	13	240.95	1		16.677202
74	145	10	0	34	12	8	26	12	8	920.32	0		59.106890
26	51	9	0	15	0	19	12	11	11	596.71	0		37.690393
5	8	1	0	34	10	16	15	9	13	313.22	0		5.388281
5	9	5	1	49	10	16	14	11	7	141.69	0		5.276648


-------------------------------------------------------------------------------------------------------------------
Tour_Id:			17
No_of_Customers:		5
No_of_Items:			14
Customer_Sequence:		17 24 35 36 9 

CustId	Id	TypeId	Rotated	x	y	z	Length	Width	Height	mass	Fragility	LoadBearingStrength
9	15	10	0	0	0	0	26	12	8	920.32	0		59.106890
9	13	2	0	0	12	0	21	5	6	331.60	0		54.300340
9	14	7	0	0	17	0	15	5	13	240.95	1		16.677202
36	71	8	0	0	0	8	28	12	11	621.71	0		13.394904
36	72	10	0	0	0	19	26	12	8	920.32	0		59.106890
36	70	2	0	0	12	6	21	5	6	331.60	0		54.300340
24	47	4	0	21	12	0	34	13	12	661.80	1		4.548519
35	69	5	0	28	0	0	14	11	7	141.69	0		5.276648
24	46	2	0	0	12	12	21	5	6	331.60	0		54.300340
35	68	1	0	28	0	7	15	9	13	313.22	0		5.388281
24	48	7	0	0	17	13	15	5	13	240.95	1		16.677202
17	33	1	0	43	0	0	15	9	13	313.22	0		5.388281
17	34	1	0	43	0	13	15	9	13	313.22	0		5.388281
17	35	4	0	21	12	12	34	13	12	661.80	1		4.548519


-------------------------------------------------------------------------------------------------------------------
Tour_Id:			18
No_of_Customers:		4
No_of_Items:			11
Customer_Sequence:		95 16 19 12 

CustId	Id	TypeId	Rotated	x	y	z	Length	Width	Height	mass	Fragility	LoadBearingStrength
12	21	3	0	0	0	0	28	11	13	1758.08	0		207.099719
12	22	3	0	0	11	0	28	11	13	1758.08	0		207.099719
12	23	9	0	0	0	13	12	11	11	596.71	0		37.690393
19	39	6	0	28	0	0	32	13	12	1414.04	0		6.466072
19	38	3	0	0	11	13	28	11	13	1758.08	0		207.099719
19	40	8	0	28	13	0	28	12	11	621.71	0		13.394904
16	30	6	0	28	0	12	32	13	12	1414.04	0		6.466072
16	32	10	0	28	13	11	26	12	8	920.32	0		59.106890
16	31	9	0	12	0	13	12	11	11	596.71	0		37.690393
95	190	9	0	28	13	19	12	11	11	596.71	0		37.690393
95	189	2	0	0	0	24	21	5	6	331.60	0		54.300340


