Name:				250_n100_m200_bt10
Problem:			3L-VRPTW
Number_of_used_Vehicles:	14
Total_Travel_Distance:		1269.68
Calculation_Time:		3600.00
Total_Iterations:		5066
ConstraintSet:			P1

-------------------------------------------------------------------------------------------------------------------
Tour_Id:			1
No_of_Customers:		7
No_of_Items:			14
Customer_Sequence:		44 21 76 87 88 64 33 

CustId	Id	TypeId	Rotated	x	y	z	Length	Width	Height	mass	Fragility	LoadBearingStrength
33	62	7	0	0	0	0	14	9	9	129.22	0		6.935805
33	61	7	0	0	9	0	14	9	9	129.22	0		6.935805
33	63	9	0	0	18	0	30	6	14	1665.64	0		37.880264
64	128	9	0	0	18	14	30	6	14	1665.64	0		37.880264
88	178	8	0	14	0	0	34	6	13	1451.58	0		16.064791
76	149	4	0	14	6	0	18	11	10	796.28	0		18.901319
87	176	10	0	14	0	13	24	6	7	108.22	0		4.167522
76	151	9	0	30	18	0	30	6	14	1665.64	0		37.880264
88	177	5	1	0	0	9	18	9	7	430.82	1		3.340205
76	150	7	0	14	6	10	14	9	9	129.22	0		6.935805
21	40	2	0	32	6	0	26	12	6	495.36	0		36.359951
44	86	4	0	32	6	6	18	11	10	796.28	0		18.901319
44	88	7	0	14	6	19	14	9	9	129.22	0		6.935805
44	87	5	0	28	6	16	18	9	7	430.82	1		3.340205


-------------------------------------------------------------------------------------------------------------------
Tour_Id:			2
No_of_Customers:		5
No_of_Items:			12
Customer_Sequence:		63 66 14 43 75 

CustId	Id	TypeId	Rotated	x	y	z	Length	Width	Height	mass	Fragility	LoadBearingStrength
75	147	8	0	0	0	0	34	6	13	1451.58	0		16.064791
75	148	10	0	0	6	0	24	6	7	108.22	0		4.167522
43	85	2	0	0	12	0	26	12	6	495.36	0		36.359951
14	28	8	0	0	12	6	34	6	13	1451.58	0		16.064791
14	29	9	0	0	18	6	30	6	14	1665.64	0		37.880264
14	27	4	0	34	0	0	18	11	10	796.28	0		18.901319
66	132	8	0	0	0	13	34	6	13	1451.58	0		16.064791
66	133	10	0	0	12	19	24	6	7	108.22	0		4.167522
66	134	10	0	0	18	20	24	6	7	108.22	0		4.167522
63	125	3	0	34	11	0	19	12	9	350.26	0		17.257089
63	126	4	0	34	11	9	18	11	10	796.28	0		18.901319
63	127	7	0	34	0	10	14	9	9	129.22	0		6.935805


-------------------------------------------------------------------------------------------------------------------
Tour_Id:			3
No_of_Customers:		7
No_of_Items:			15
Customer_Sequence:		4 91 29 84 65 37 97 

CustId	Id	TypeId	Rotated	x	y	z	Length	Width	Height	mass	Fragility	LoadBearingStrength
97	195	3	0	0	0	0	19	12	9	350.26	0		17.257089
37	69	9	0	0	12	0	30	6	14	1665.64	0		37.880264
65	129	3	0	0	0	9	19	12	9	350.26	0		17.257089
37	70	10	0	0	18	0	24	6	7	108.22	0		4.167522
84	171	4	0	0	0	18	18	11	10	796.28	0		18.901319
65	131	10	0	0	18	7	24	6	7	108.22	0		4.167522
84	172	8	0	0	12	14	34	6	13	1451.58	0		16.064791
65	130	6	0	19	0	0	21	8	9	716.14	0		63.898362
84	170	2	0	30	12	0	26	12	6	495.36	0		36.359951
29	54	9	0	0	18	14	30	6	14	1665.64	0		37.880264
29	53	6	0	19	0	9	21	8	9	716.14	0		63.898362
91	183	7	0	18	0	18	14	9	9	129.22	0		6.935805
91	182	5	0	40	0	0	18	9	7	430.82	1		3.340205
4	6	9	0	30	18	6	30	6	14	1665.64	0		37.880264
4	5	1	0	40	0	7	14	11	12	321.20	1		1.606629


-------------------------------------------------------------------------------------------------------------------
Tour_Id:			4
No_of_Customers:		5
No_of_Items:			13
Customer_Sequence:		80 60 99 16 47 

CustId	Id	TypeId	Rotated	x	y	z	Length	Width	Height	mass	Fragility	LoadBearingStrength
47	93	4	0	0	0	0	18	11	10	796.28	0		18.901319
47	94	5	0	0	11	0	18	9	7	430.82	1		3.340205
16	32	6	0	0	0	10	21	8	9	716.14	0		63.898362
16	33	7	0	0	0	19	14	9	9	129.22	0		6.935805
99	198	9	0	18	11	0	30	6	14	1665.64	0		37.880264
60	122	8	0	18	17	0	34	6	13	1451.58	0		16.064791
99	199	10	0	18	11	14	24	6	7	108.22	0		4.167522
99	197	4	0	21	0	0	18	11	10	796.28	0		18.901319
60	120	4	0	21	0	10	18	11	10	796.28	0		18.901319
60	121	7	0	21	0	20	14	9	9	129.22	0		6.935805
80	160	8	0	18	17	13	34	6	13	1451.58	0		16.064791
80	161	10	0	18	11	21	24	6	7	108.22	0		4.167522
80	159	5	0	39	0	0	18	9	7	430.82	1		3.340205


-------------------------------------------------------------------------------------------------------------------
Tour_Id:			5
No_of_Customers:		8
No_of_Items:			14
Customer_Sequence:		61 85 67 55 34 48 22 95 

CustId	Id	TypeId	Rotated	x	y	z	Length	Width	Height	mass	Fragility	LoadBearingStrength
95	191	2	0	0	0	0	26	12	6	495.36	0		36.359951
95	190	1	0	0	12	0	14	11	12	321.20	1		1.606629
22	42	7	0	0	0	6	14	9	9	129.22	0		6.935805
22	41	1	0	0	12	12	14	11	12	321.20	1		1.606629
34	64	1	0	0	0	15	14	11	12	321.20	1		1.606629
48	95	2	0	14	12	0	26	12	6	495.36	0		36.359951
48	96	2	0	14	12	6	26	12	6	495.36	0		36.359951
34	65	8	0	14	12	12	34	6	13	1451.58	0		16.064791
48	97	9	0	14	18	12	30	6	14	1665.64	0		37.880264
55	110	1	0	14	0	6	14	11	12	321.20	1		1.606629
67	135	4	0	28	0	0	18	11	10	796.28	0		18.901319
67	136	7	0	28	0	10	14	9	9	129.22	0		6.935805
85	173	3	1	48	0	0	19	12	9	350.26	0		17.257089
61	123	10	1	48	0	9	24	6	7	108.22	0		4.167522


-------------------------------------------------------------------------------------------------------------------
Tour_Id:			6
No_of_Customers:		8
No_of_Items:			14
Customer_Sequence:		59 28 100 71 93 19 1 49 

CustId	Id	TypeId	Rotated	x	y	z	Length	Width	Height	mass	Fragility	LoadBearingStrength
49	98	2	0	0	0	0	26	12	6	495.36	0		36.359951
1	1	2	0	0	12	0	26	12	6	495.36	0		36.359951
1	2	2	0	0	0	6	26	12	6	495.36	0		36.359951
19	37	3	0	0	12	6	19	12	9	350.26	0		17.257089
93	186	3	0	0	0	12	19	12	9	350.26	0		17.257089
93	187	6	0	0	12	15	21	8	9	716.14	0		63.898362
71	143	9	0	26	0	0	30	6	14	1665.64	0		37.880264
71	142	1	0	26	6	0	14	11	12	321.20	1		1.606629
28	52	5	0	0	0	21	18	9	7	430.82	1		3.340205
28	51	3	0	40	6	0	19	12	9	350.26	0		17.257089
28	50	1	0	26	6	12	14	11	12	321.20	1		1.606629
100	200	8	0	26	18	0	34	6	13	1451.58	0		16.064791
59	118	4	0	40	6	9	18	11	10	796.28	0		18.901319
59	119	5	0	40	6	19	18	9	7	430.82	1		3.340205


-------------------------------------------------------------------------------------------------------------------
Tour_Id:			7
No_of_Customers:		7
No_of_Items:			16
Customer_Sequence:		41 40 45 78 20 53 51 

CustId	Id	TypeId	Rotated	x	y	z	Length	Width	Height	mass	Fragility	LoadBearingStrength
51	101	2	0	0	0	0	26	12	6	495.36	0		36.359951
53	106	3	0	0	12	0	19	12	9	350.26	0		17.257089
53	105	2	0	0	0	6	26	12	6	495.36	0		36.359951
53	107	6	0	0	12	9	21	8	9	716.14	0		63.898362
78	157	9	0	0	0	12	30	6	14	1665.64	0		37.880264
20	39	7	0	0	12	18	14	9	9	129.22	0		6.935805
20	38	6	0	21	12	0	21	8	9	716.14	0		63.898362
78	155	6	0	21	12	9	21	8	9	716.14	0		63.898362
78	156	7	0	14	12	18	14	9	9	129.22	0		6.935805
45	89	2	0	30	0	0	26	12	6	495.36	0		36.359951
40	77	9	0	0	6	12	30	6	14	1665.64	0		37.880264
40	78	10	0	30	0	6	24	6	7	108.22	0		4.167522
40	76	5	0	42	12	0	18	9	7	430.82	1		3.340205
41	81	9	0	30	6	6	30	6	14	1665.64	0		37.880264
41	80	7	0	28	12	18	14	9	9	129.22	0		6.935805
41	79	1	0	42	12	7	14	11	12	321.20	1		1.606629


-------------------------------------------------------------------------------------------------------------------
Tour_Id:			8
No_of_Customers:		11
No_of_Items:			19
Customer_Sequence:		23 73 11 24 57 94 42 81 96 18 74 

CustId	Id	TypeId	Rotated	x	y	z	Length	Width	Height	mass	Fragility	LoadBearingStrength
74	146	5	0	0	0	0	18	9	7	430.82	1		3.340205
96	193	7	0	0	9	0	14	9	9	129.22	0		6.935805
18	36	10	0	0	18	0	24	6	7	108.22	0		4.167522
96	194	10	0	0	18	7	24	6	7	108.22	0		4.167522
96	192	5	0	0	0	7	18	9	7	430.82	1		3.340205
81	162	7	0	0	9	9	14	9	9	129.22	0		6.935805
42	82	1	0	0	9	18	14	11	12	321.20	1		1.606629
42	83	5	0	0	0	14	18	9	7	430.82	1		3.340205
81	163	7	0	14	9	0	14	9	9	129.22	0		6.935805
42	84	7	0	14	9	9	14	9	9	129.22	0		6.935805
94	189	4	0	28	0	0	18	11	10	796.28	0		18.901319
94	188	1	0	14	9	18	14	11	12	321.20	1		1.606629
57	114	3	0	28	11	0	19	12	9	350.26	0		17.257089
57	115	5	0	0	0	21	18	9	7	430.82	1		3.340205
24	44	6	0	28	11	9	21	8	9	716.14	0		63.898362
11	21	4	0	28	0	10	18	11	10	796.28	0		18.901319
11	20	1	0	46	0	0	14	11	12	321.20	1		1.606629
73	145	7	0	28	11	18	14	9	9	129.22	0		6.935805
23	43	4	0	28	0	20	18	11	10	796.28	0		18.901319


-------------------------------------------------------------------------------------------------------------------
Tour_Id:			9
No_of_Customers:		7
No_of_Items:			12
Customer_Sequence:		54 13 69 35 7 5 25 

CustId	Id	TypeId	Rotated	x	y	z	Length	Width	Height	mass	Fragility	LoadBearingStrength
25	45	3	0	0	0	0	19	12	9	350.26	0		17.257089
5	8	6	0	0	12	0	21	8	9	716.14	0		63.898362
5	7	3	0	0	0	9	19	12	9	350.26	0		17.257089
7	12	3	0	0	0	18	19	12	9	350.26	0		17.257089
7	13	7	0	0	12	9	14	9	9	129.22	0		6.935805
7	14	7	0	0	12	18	14	9	9	129.22	0		6.935805
35	66	8	0	19	0	0	34	6	13	1451.58	0		16.064791
69	140	8	0	19	6	0	34	6	13	1451.58	0		16.064791
13	26	9	0	19	0	13	30	6	14	1665.64	0		37.880264
13	25	3	0	21	12	0	19	12	9	350.26	0		17.257089
54	108	2	0	14	12	9	26	12	6	495.36	0		36.359951
54	109	10	0	14	12	15	24	6	7	108.22	0		4.167522


-------------------------------------------------------------------------------------------------------------------
Tour_Id:			10
No_of_Customers:		7
No_of_Items:			17
Customer_Sequence:		77 58 6 86 39 12 8 

CustId	Id	TypeId	Rotated	x	y	z	Length	Width	Height	mass	Fragility	LoadBearingStrength
8	15	8	0	0	0	0	34	6	13	1451.58	0		16.064791
12	22	8	0	0	6	0	34	6	13	1451.58	0		16.064791
12	23	9	0	0	12	0	30	6	14	1665.64	0		37.880264
39	73	4	0	0	0	13	18	11	10	796.28	0		18.901319
39	75	8	0	0	18	0	34	6	13	1451.58	0		16.064791
12	24	10	0	0	12	14	24	6	7	108.22	0		4.167522
39	74	7	0	18	0	13	14	9	9	129.22	0		6.935805
6	11	6	0	0	11	21	21	8	9	716.14	0		63.898362
86	174	2	0	34	0	0	26	12	6	495.36	0		36.359951
58	117	3	0	34	12	0	19	12	9	350.26	0		17.257089
6	9	1	0	34	0	6	14	11	12	321.20	1		1.606629
6	10	5	0	0	0	23	18	9	7	430.82	1		3.340205
86	175	8	0	0	19	13	34	6	13	1451.58	0		16.064791
58	116	1	0	32	0	18	14	11	12	321.20	1		1.606629
77	153	10	0	34	12	9	24	6	7	108.22	0		4.167522
77	154	10	0	34	18	9	24	6	7	108.22	0		4.167522
77	152	1	0	34	11	16	14	11	12	321.20	1		1.606629


-------------------------------------------------------------------------------------------------------------------
Tour_Id:			11
No_of_Customers:		7
No_of_Items:			14
Customer_Sequence:		3 82 27 38 90 46 79 

CustId	Id	TypeId	Rotated	x	y	z	Length	Width	Height	mass	Fragility	LoadBearingStrength
79	158	9	0	0	0	0	30	6	14	1665.64	0		37.880264
46	90	3	0	0	6	0	19	12	9	350.26	0		17.257089
46	91	3	0	0	6	9	19	12	9	350.26	0		17.257089
90	180	1	0	0	6	18	14	11	12	321.20	1		1.606629
46	92	7	0	19	6	0	14	9	9	129.22	0		6.935805
90	181	2	0	33	0	0	26	12	6	495.36	0		36.359951
38	72	9	0	0	18	0	30	6	14	1665.64	0		37.880264
38	71	6	0	30	15	0	21	8	9	716.14	0		63.898362
27	49	8	0	0	0	14	34	6	13	1451.58	0		16.064791
27	48	7	0	19	6	9	14	9	9	129.22	0		6.935805
82	164	3	0	14	6	18	19	12	9	350.26	0		17.257089
82	165	3	0	34	0	6	19	12	9	350.26	0		17.257089
82	166	6	0	30	15	9	21	8	9	716.14	0		63.898362
3	4	10	0	34	0	15	24	6	7	108.22	0		4.167522


-------------------------------------------------------------------------------------------------------------------
Tour_Id:			12
No_of_Customers:		8
No_of_Items:			15
Customer_Sequence:		17 32 36 72 98 52 83 26 

CustId	Id	TypeId	Rotated	x	y	z	Length	Width	Height	mass	Fragility	LoadBearingStrength
83	168	8	0	0	0	0	34	6	13	1451.58	0		16.064791
26	46	5	0	0	6	0	18	9	7	430.82	1		3.340205
26	47	10	0	0	15	0	24	6	7	108.22	0		4.167522
52	103	6	0	0	15	7	21	8	9	716.14	0		63.898362
83	167	5	0	0	6	7	18	9	7	430.82	1		3.340205
98	196	9	0	0	0	13	30	6	14	1665.64	0		37.880264
52	104	7	0	0	15	16	14	9	9	129.22	0		6.935805
52	102	5	0	0	6	14	18	9	7	430.82	1		3.340205
83	169	9	0	18	6	0	30	6	14	1665.64	0		37.880264
72	144	10	0	18	6	14	24	6	7	108.22	0		4.167522
36	67	3	1	48	0	0	19	12	9	350.26	0		17.257089
36	68	3	1	48	0	9	19	12	9	350.26	0		17.257089
32	60	9	0	24	19	0	30	6	14	1665.64	0		37.880264
17	35	9	0	21	19	14	30	6	14	1665.64	0		37.880264
17	34	5	0	0	6	21	18	9	7	430.82	1		3.340205


-------------------------------------------------------------------------------------------------------------------
Tour_Id:			13
No_of_Customers:		6
No_of_Items:			12
Customer_Sequence:		9 68 62 50 15 92 

CustId	Id	TypeId	Rotated	x	y	z	Length	Width	Height	mass	Fragility	LoadBearingStrength
92	184	4	0	0	0	0	18	11	10	796.28	0		18.901319
50	99	8	0	0	11	0	34	6	13	1451.58	0		16.064791
15	30	6	0	0	17	0	21	8	9	716.14	0		63.898362
15	31	10	0	0	17	9	24	6	7	108.22	0		4.167522
92	185	6	0	0	0	10	21	8	9	716.14	0		63.898362
50	100	9	0	0	11	13	30	6	14	1665.64	0		37.880264
62	124	1	0	21	0	0	14	11	12	321.20	1		1.606629
68	139	10	0	0	17	16	24	6	7	108.22	0		4.167522
68	137	1	0	21	0	12	14	11	12	321.20	1		1.606629
68	138	5	0	0	0	19	18	9	7	430.82	1		3.340205
9	16	3	0	34	11	0	19	12	9	350.26	0		17.257089
9	17	7	0	34	11	9	14	9	9	129.22	0		6.935805


-------------------------------------------------------------------------------------------------------------------
Tour_Id:			14
No_of_Customers:		7
No_of_Items:			13
Customer_Sequence:		70 30 2 89 31 10 56 

CustId	Id	TypeId	Rotated	x	y	z	Length	Width	Height	mass	Fragility	LoadBearingStrength
56	111	3	0	0	0	0	19	12	9	350.26	0		17.257089
56	113	10	0	0	12	0	24	6	7	108.22	0		4.167522
56	112	5	0	0	0	9	18	9	7	430.82	1		3.340205
10	19	8	0	0	18	0	34	6	13	1451.58	0		16.064791
10	18	6	0	19	0	0	21	8	9	716.14	0		63.898362
89	179	7	0	18	0	9	14	9	9	129.22	0		6.935805
31	58	3	0	40	0	0	19	12	9	350.26	0		17.257089
31	57	2	0	34	12	0	26	12	6	495.36	0		36.359951
31	59	9	0	0	12	7	30	6	14	1665.64	0		37.880264
2	3	1	0	18	0	18	14	11	12	321.20	1		1.606629
30	55	9	0	0	18	13	30	6	14	1665.64	0		37.880264
30	56	9	0	30	12	6	30	6	14	1665.64	0		37.880264
70	141	2	0	32	0	9	26	12	6	495.36	0		36.359951


