Name:				251_n100_m200_bt100
Problem:			3L-VRPTW
Number_of_used_Vehicles:	17
Total_Travel_Distance:		1630.67
Calculation_Time:		3600.00
Total_Iterations:		16672
ConstraintSet:			P1

-------------------------------------------------------------------------------------------------------------------
Tour_Id:			1
No_of_Customers:		8
No_of_Items:			16
Customer_Sequence:		61 95 72 73 63 16 28 12 

CustId	Id	TypeId	Rotated	x	y	z	Length	Width	Height	mass	Fragility	LoadBearingStrength
12	25	80	0	0	0	0	19	14	12	893.97	0		79.803091
12	26	97	0	0	14	0	15	11	12	1157.72	0		86.552245
12	24	32	0	0	0	12	15	5	12	881.83	0		141.691499
28	56	81	0	19	0	0	25	14	6	374.34	0		21.988473
28	55	54	0	0	5	12	17	9	8	224.10	0		16.142638
28	54	26	0	0	5	20	22	7	10	493.83	0		138.140701
16	32	76	0	0	14	12	19	9	6	774.73	0		48.215568
73	149	99	0	19	14	0	26	6	9	428.24	0		21.192697
63	131	11	0	19	20	0	25	5	9	136.55	0		11.148360
72	147	7	0	0	14	18	21	5	9	677.38	0		141.148295
72	148	31	0	19	14	9	17	10	9	1181.32	0		38.681535
95	190	42	0	22	0	6	16	14	13	457.99	0		6.801455
95	189	24	1	45	0	0	22	12	6	421.73	0		12.447335
61	127	42	0	38	0	6	16	14	13	457.99	0		6.801455
61	126	24	0	22	0	19	22	12	6	421.73	0		12.447335
61	125	20	0	0	19	18	32	5	8	152.84	0		9.523587


-------------------------------------------------------------------------------------------------------------------
Tour_Id:			2
No_of_Customers:		6
No_of_Items:			12
Customer_Sequence:		97 92 4 71 48 54 

CustId	Id	TypeId	Rotated	x	y	z	Length	Width	Height	mass	Fragility	LoadBearingStrength
54	113	91	0	0	0	0	31	14	7	1006.70	0		123.426588
48	98	36	0	0	0	7	30	13	9	673.81	0		11.025597
54	112	44	0	0	14	0	13	11	12	978.73	1		13.672308
54	111	3	0	13	14	0	12	7	6	237.58	0		39.167362
71	146	81	0	0	0	16	25	14	6	374.34	0		21.988473
71	145	56	0	0	0	22	13	6	7	233.87	0		62.718379
71	144	27	0	25	14	0	33	5	13	705.29	1		7.159788
4	9	92	0	31	0	0	26	13	10	2596.54	0		47.760029
4	8	13	0	25	19	0	32	6	11	626	0		25.154319
92	186	60	0	30	0	10	26	11	12	1107.58	0		50.353922
92	185	47	0	25	19	11	23	5	13	402.65	1		5.548268
97	193	17	0	0	6	22	35	6	7	763.49	0		230.634121


-------------------------------------------------------------------------------------------------------------------
Tour_Id:			3
No_of_Customers:		5
No_of_Items:			12
Customer_Sequence:		79 68 65 24 31 

CustId	Id	TypeId	Rotated	x	y	z	Length	Width	Height	mass	Fragility	LoadBearingStrength
31	62	20	0	0	0	0	32	5	8	152.84	0		9.523587
65	135	95	0	0	5	0	24	7	13	497.32	0		41.812865
24	44	48	0	0	12	0	14	5	13	705.36	0		96.730368
24	45	85	0	0	17	0	12	7	8	358.65	1		19.276188
24	46	88	0	0	0	8	15	5	14	140.24	0		26.886379
65	134	84	0	14	12	0	35	9	12	1506.03	1		12.120425
68	139	93	0	0	5	13	13	9	9	131.27	0		14.720537
68	138	43	0	14	12	12	34	11	8	1116.97	1		9.128542
68	140	98	0	14	12	20	31	13	6	1854.79	1		16.755380
79	162	33	0	24	5	0	35	7	10	449.01	0		30.942018
79	160	25	0	24	5	10	34	7	7	1209.64	0		200.571559
79	161	27	0	24	5	17	33	5	13	705.29	1		7.159788


-------------------------------------------------------------------------------------------------------------------
Tour_Id:			4
No_of_Customers:		7
No_of_Items:			12
Customer_Sequence:		23 5 81 64 41 20 67 

CustId	Id	TypeId	Rotated	x	y	z	Length	Width	Height	mass	Fragility	LoadBearingStrength
20	39	74	0	0	0	0	33	8	6	697	0		30.363234
67	137	40	0	0	8	0	17	12	6	1390.26	0		135.165384
41	83	49	0	0	0	6	35	12	6	722.81	1		4.873170
81	165	55	0	35	0	0	24	8	13	796.32	0		12.128631
20	37	24	0	17	8	0	22	12	6	421.73	0		12.447335
20	38	57	0	0	12	6	21	6	12	382.13	0		22.734146
64	133	84	0	0	0	12	35	9	12	1506.03	1		12.120425
81	166	97	0	39	8	0	15	11	12	1157.72	0		86.552245
41	82	19	0	0	12	18	19	8	10	521.87	1		3.859286
64	132	37	0	21	12	6	14	10	13	618.50	0		48.563688
5	10	9	0	35	0	13	24	6	10	714.68	0		26.764548
23	43	61	0	21	12	19	14	12	11	841.67	0		31.678464


-------------------------------------------------------------------------------------------------------------------
Tour_Id:			5
No_of_Customers:		6
No_of_Items:			12
Customer_Sequence:		74 42 18 30 8 35 

CustId	Id	TypeId	Rotated	x	y	z	Length	Width	Height	mass	Fragility	LoadBearingStrength
35	71	36	0	0	0	0	30	13	9	673.81	0		11.025597
35	70	10	0	0	13	0	22	12	10	318.06	0		12.434627
8	15	80	0	30	0	0	19	14	12	893.97	0		79.803091
8	16	95	0	0	0	9	24	7	13	497.32	0		41.812865
8	14	39	0	0	13	10	13	12	10	1218.69	0		44.501719
30	60	26	0	22	14	0	22	7	10	493.83	0		138.140701
42	84	5	0	13	14	10	31	9	13	2016.91	1		8.578200
18	35	59	0	0	13	20	12	8	9	404.36	0		51.920679
42	86	80	0	30	0	12	19	14	12	893.97	0		79.803091
42	85	34	0	44	14	0	14	9	14	904.16	0		67.419625
30	61	75	1	49	0	0	13	5	12	594.68	0		93.903780
74	150	37	0	44	14	14	14	10	13	618.50	0		48.563688


-------------------------------------------------------------------------------------------------------------------
Tour_Id:			6
No_of_Customers:		5
No_of_Items:			12
Customer_Sequence:		96 87 1 26 84 

CustId	Id	TypeId	Rotated	x	y	z	Length	Width	Height	mass	Fragility	LoadBearingStrength
84	171	59	0	0	0	0	12	8	9	404.36	0		51.920679
84	172	78	0	0	8	0	20	14	10	310.50	0		6.594815
84	170	48	0	0	0	9	14	5	13	705.36	0		96.730368
26	50	46	0	14	0	0	27	6	12	1179.43	0		43.142741
26	51	77	0	20	8	0	33	10	7	239.62	0		36.970555
26	49	15	0	0	8	10	16	12	8	540.09	0		31.765960
1	2	82	0	0	5	18	14	13	11	1418.43	0		45.251394
1	1	46	0	14	0	12	27	6	12	1179.43	0		43.142741
87	177	98	0	20	6	7	31	13	6	1854.79	1		16.755380
87	176	23	0	16	6	13	18	11	8	494.24	1		6.266828
96	191	16	1	53	0	0	21	7	8	241.26	0		10.233017
96	192	51	0	34	6	13	15	7	14	406.24	1		4.562200


-------------------------------------------------------------------------------------------------------------------
Tour_Id:			7
No_of_Customers:		6
No_of_Items:			12
Customer_Sequence:		80 70 6 36 90 55 

CustId	Id	TypeId	Rotated	x	y	z	Length	Width	Height	mass	Fragility	LoadBearingStrength
55	114	13	0	0	0	0	32	6	11	626	0		25.154319
55	115	48	0	0	6	0	14	5	13	705.36	0		96.730368
90	181	38	0	0	11	0	13	12	7	811.81	0		43.302766
36	73	66	0	0	11	7	16	11	14	1229.83	0		18.179079
55	116	86	0	0	0	11	35	5	14	721.25	1		25.633501
36	72	2	0	16	6	0	34	14	14	1143.21	0		23.967971
90	182	68	0	35	0	0	19	6	12	787.25	0		61.223231
6	11	75	0	16	20	0	13	5	12	594.68	0		93.903780
70	143	53	0	0	11	21	14	13	6	455.21	0		42.435539
70	142	32	0	16	20	12	15	5	12	881.83	0		141.691499
80	164	89	0	16	5	14	35	13	12	3106.60	0		49.576084
80	163	57	1	54	0	0	21	6	12	382.13	0		22.734146


-------------------------------------------------------------------------------------------------------------------
Tour_Id:			8
No_of_Customers:		5
No_of_Items:			10
Customer_Sequence:		43 49 59 47 69 

CustId	Id	TypeId	Rotated	x	y	z	Length	Width	Height	mass	Fragility	LoadBearingStrength
69	141	80	0	0	0	0	19	14	12	893.97	0		79.803091
47	95	11	0	0	14	0	25	5	9	136.55	0		11.148360
47	96	31	0	0	0	12	17	10	9	1181.32	0		38.681535
47	97	98	0	19	0	0	31	13	6	1854.79	1		16.755380
59	121	31	0	0	0	21	17	10	9	1181.32	0		38.681535
59	120	29	0	19	0	6	35	12	10	602.74	1		12.324568
49	99	4	0	25	14	0	35	11	7	932.53	0		61.043950
49	101	33	0	25	14	7	35	7	10	449.01	0		30.942018
49	100	13	0	25	14	17	32	6	11	626	0		25.154319
43	87	49	0	17	0	16	35	12	6	722.81	1		4.873170


-------------------------------------------------------------------------------------------------------------------
Tour_Id:			9
No_of_Customers:		9
No_of_Items:			14
Customer_Sequence:		94 88 11 86 57 45 56 37 25 

CustId	Id	TypeId	Rotated	x	y	z	Length	Width	Height	mass	Fragility	LoadBearingStrength
25	48	60	0	0	0	0	26	11	12	1107.58	0		50.353922
37	74	22	0	0	11	0	15	6	7	226.66	0		13.298305
25	47	31	0	0	0	12	17	10	9	1181.32	0		38.681535
37	76	93	0	0	0	21	13	9	9	131.27	0		14.720537
37	75	67	0	0	17	0	29	8	11	1681.17	0		43.073930
56	117	38	0	26	0	0	13	12	7	811.81	0		43.302766
45	90	13	0	0	17	11	32	6	11	626	0		25.154319
45	91	81	1	39	0	0	25	14	6	374.34	0		21.988473
86	175	81	1	39	0	6	25	14	6	374.34	0		21.988473
57	118	63	1	26	0	7	15	10	13	290.60	0		11.886660
11	22	28	0	39	0	12	14	12	14	1750.97	0		164.965430
11	23	93	0	26	0	20	13	9	9	131.27	0		14.720537
88	178	68	1	53	0	0	19	6	12	787.25	0		61.223231
94	188	41	0	36	12	12	23	9	14	2141.17	1		16.730574


-------------------------------------------------------------------------------------------------------------------
Tour_Id:			10
No_of_Customers:		6
No_of_Items:			11
Customer_Sequence:		7 89 99 98 15 58 

CustId	Id	TypeId	Rotated	x	y	z	Length	Width	Height	mass	Fragility	LoadBearingStrength
58	119	28	0	0	0	0	14	12	14	1750.97	0		164.965430
15	31	70	0	14	0	0	32	14	11	3323.88	0		107.835739
98	195	74	0	0	14	0	33	8	6	697	0		30.363234
98	196	96	0	0	14	6	14	7	8	414.95	0		204.708334
99	198	80	1	0	0	14	19	14	12	893.97	0		79.803091
98	194	61	0	46	0	0	14	12	11	841.67	0		31.678464
99	197	41	0	14	0	11	23	9	14	2141.17	1		16.730574
89	179	12	0	14	14	6	19	6	9	273.31	0		32.941727
89	180	44	0	33	14	0	13	11	12	978.73	1		13.672308
7	13	78	0	37	0	11	20	14	10	310.50	0		6.594815
7	12	21	0	14	14	15	15	7	12	225.03	0		11.889944


-------------------------------------------------------------------------------------------------------------------
Tour_Id:			11
No_of_Customers:		4
No_of_Items:			9
Customer_Sequence:		3 100 2 34 

CustId	Id	TypeId	Rotated	x	y	z	Length	Width	Height	mass	Fragility	LoadBearingStrength
34	69	60	0	0	0	0	26	11	12	1107.58	0		50.353922
34	68	29	0	0	11	0	35	12	10	602.74	1		12.324568
2	5	49	0	0	11	10	35	12	6	722.81	1		4.873170
100	199	63	0	0	0	12	15	10	13	290.60	0		11.886660
100	200	74	0	26	0	0	33	8	6	697	0		30.363234
3	6	58	0	0	11	16	35	14	11	3346.32	1		14.853949
2	3	3	0	35	8	0	12	7	6	237.58	0		39.167362
3	7	71	0	35	0	6	18	14	8	699.88	0		33.001880
2	4	41	0	35	15	0	23	9	14	2141.17	1		16.730574


-------------------------------------------------------------------------------------------------------------------
Tour_Id:			12
No_of_Customers:		4
No_of_Items:			10
Customer_Sequence:		39 33 29 52 

CustId	Id	TypeId	Rotated	x	y	z	Length	Width	Height	mass	Fragility	LoadBearingStrength
52	107	2	0	0	0	0	34	14	14	1143.21	0		23.967971
52	108	74	0	0	14	0	33	8	6	697	0		30.363234
29	59	100	0	0	0	14	31	13	14	1481.90	0		25.913359
33	67	73	0	34	0	0	18	13	14	1512.38	0		26.116139
29	58	59	0	0	14	6	12	8	9	404.36	0		51.920679
29	57	24	0	34	13	0	22	12	6	421.73	0		12.447335
33	65	21	0	0	14	15	15	7	12	225.03	0		11.889944
33	66	50	0	15	14	6	21	8	12	3571.54	1		34.353493
39	80	81	0	31	0	14	25	14	6	374.34	0		21.988473
39	79	15	0	31	0	20	16	12	8	540.09	0		31.765960


-------------------------------------------------------------------------------------------------------------------
Tour_Id:			13
No_of_Customers:		6
No_of_Items:			12
Customer_Sequence:		76 17 77 91 44 46 

CustId	Id	TypeId	Rotated	x	y	z	Length	Width	Height	mass	Fragility	LoadBearingStrength
46	92	35	0	0	0	0	33	13	10	1628.09	0		192.812573
46	93	46	0	0	13	0	27	6	12	1179.43	0		43.142741
91	184	86	0	0	19	0	35	5	14	721.25	1		25.633501
44	88	60	0	0	0	10	26	11	12	1107.58	0		50.353922
46	94	88	0	0	13	12	15	5	14	140.24	0		26.886379
91	183	61	0	33	0	0	14	12	11	841.67	0		31.678464
44	89	64	0	27	13	0	28	5	14	739.24	0		57.153847
77	156	85	0	0	0	22	12	7	8	358.65	1		19.276188
17	34	63	0	33	0	11	15	10	13	290.60	0		11.886660
17	33	53	0	12	0	22	14	13	6	455.21	0		42.435539
76	154	18	0	27	13	14	28	5	11	1151.93	0		66.654753
76	155	75	0	35	19	0	13	5	12	594.68	0		93.903780


-------------------------------------------------------------------------------------------------------------------
Tour_Id:			14
No_of_Customers:		4
No_of_Items:			11
Customer_Sequence:		85 78 60 62 

CustId	Id	TypeId	Rotated	x	y	z	Length	Width	Height	mass	Fragility	LoadBearingStrength
62	129	46	0	0	0	0	27	6	12	1179.43	0		43.142741
62	130	53	0	0	6	0	14	13	6	455.21	0		42.435539
60	122	26	0	0	0	12	22	7	10	493.83	0		138.140701
60	123	81	0	14	6	0	25	14	6	374.34	0		21.988473
78	158	30	0	0	7	6	30	11	6	803.94	1		5.061910
85	173	69	0	0	0	22	28	7	8	760.12	0		34.281687
78	157	16	0	39	0	0	21	7	8	241.26	0		10.233017
78	159	41	0	0	7	12	23	9	14	2141.17	1		16.730574
62	128	27	0	0	20	0	33	5	13	705.29	1		7.159788
85	174	80	0	39	7	0	19	14	12	893.97	0		79.803091
60	124	86	0	0	20	13	35	5	14	721.25	1		25.633501


-------------------------------------------------------------------------------------------------------------------
Tour_Id:			15
No_of_Customers:		7
No_of_Items:			14
Customer_Sequence:		19 14 75 10 21 32 93 

CustId	Id	TypeId	Rotated	x	y	z	Length	Width	Height	mass	Fragility	LoadBearingStrength
32	63	39	0	0	0	0	13	12	10	1218.69	0		44.501719
93	187	24	0	0	12	0	22	12	6	421.73	0		12.447335
32	64	76	0	0	12	6	19	9	6	774.73	0		48.215568
21	40	41	0	0	12	12	23	9	14	2141.17	1		16.730574
21	41	44	0	0	0	10	13	11	12	978.73	1		13.672308
10	19	28	0	13	0	0	14	12	14	1750.97	0		164.965430
10	21	53	0	27	0	0	14	13	6	455.21	0		42.435539
10	20	51	0	13	0	14	15	7	14	406.24	1		4.562200
75	152	60	0	23	13	0	26	11	12	1107.58	0		50.353922
75	153	77	0	23	13	12	33	10	7	239.62	0		36.970555
75	151	22	0	23	13	19	15	6	7	226.66	0		13.298305
14	30	65	0	28	0	6	12	12	9	756.12	0		65.167881
14	29	14	0	38	13	19	18	10	10	866.28	1		12.166179
19	36	21	0	28	0	15	15	7	12	225.03	0		11.889944


-------------------------------------------------------------------------------------------------------------------
Tour_Id:			16
No_of_Customers:		7
No_of_Items:			11
Customer_Sequence:		9 27 40 51 22 82 83 

CustId	Id	TypeId	Rotated	x	y	z	Length	Width	Height	mass	Fragility	LoadBearingStrength
82	167	65	0	0	0	0	12	12	9	756.12	0		65.167881
82	168	80	0	12	0	0	19	14	12	893.97	0		79.803091
83	169	76	0	0	14	0	19	9	6	774.73	0		48.215568
22	42	92	0	31	0	0	26	13	10	2596.54	0		47.760029
27	53	43	0	19	14	0	34	11	8	1116.97	1		9.128542
51	105	93	0	0	14	6	13	9	9	131.27	0		14.720537
51	106	97	0	12	0	12	15	11	12	1157.72	0		86.552245
40	81	47	0	31	0	10	23	5	13	402.65	1		5.548268
27	52	27	0	19	14	8	33	5	13	705.29	1		7.159788
9	17	67	0	31	5	10	29	8	11	1681.17	0		43.073930
9	18	98	0	27	5	21	31	13	6	1854.79	1		16.755380


-------------------------------------------------------------------------------------------------------------------
Tour_Id:			17
No_of_Customers:		5
No_of_Items:			10
Customer_Sequence:		53 66 50 13 38 

CustId	Id	TypeId	Rotated	x	y	z	Length	Width	Height	mass	Fragility	LoadBearingStrength
13	28	81	0	0	0	0	25	14	6	374.34	0		21.988473
38	77	16	0	0	14	0	21	7	8	241.26	0		10.233017
13	27	25	0	21	14	0	34	7	7	1209.64	0		200.571559
38	78	21	0	0	14	8	15	7	12	225.03	0		11.889944
50	102	6	0	21	14	7	35	8	13	605.57	1		1.759252
50	104	71	0	0	0	6	18	14	8	699.88	0		33.001880
50	103	49	0	25	0	0	35	12	6	722.81	1		4.873170
66	136	3	0	0	0	14	12	7	6	237.58	0		39.167362
53	110	48	0	0	7	14	14	5	13	705.36	0		96.730368
53	109	29	0	18	0	6	35	12	10	602.74	1		12.324568


