Name:				259_n100_m200_bt3
Problem:			3L-VRPTW
Number_of_used_Vehicles:	4
Total_Travel_Distance:		960.95
Calculation_Time:		3600.00
Total_Iterations:		12152
ConstraintSet:			P1

-------------------------------------------------------------------------------------------------------------------
Tour_Id:			1
No_of_Customers:		29
No_of_Items:			62
Customer_Sequence:		31 26 16 48 68 90 27 71 76 99 89 81 9 23 60 20 46 8 29 85 47 72 84 41 35 87 79 61 11 

CustId	Id	TypeId	Rotated	x	y	z	Length	Width	Height	mass	Fragility	LoadBearingStrength
11	19	1	0	0	0	0	9	3	7	227.54	0		84.604200
11	20	2	0	0	3	0	6	6	7	216.36	1		7.545438
61	117	1	0	0	9	0	9	3	7	227.54	0		84.604200
61	118	1	0	0	12	0	9	3	7	227.54	0		84.604200
79	158	3	0	0	15	0	14	2	5	116.90	0		63.572415
79	157	2	0	0	17	0	6	6	7	216.36	1		7.545438
87	176	1	0	0	0	7	9	3	7	227.54	0		84.604200
87	177	3	0	0	23	0	14	2	5	116.90	0		63.572415
35	66	2	0	0	3	7	6	6	7	216.36	1		7.545438
41	76	2	0	0	9	7	6	6	7	216.36	1		7.545438
84	169	1	0	0	0	14	9	3	7	227.54	0		84.604200
84	171	3	0	0	15	5	14	2	5	116.90	0		63.572415
84	170	2	0	0	17	7	6	6	7	216.36	1		7.545438
72	141	2	0	0	3	14	6	6	7	216.36	1		7.545438
72	142	2	0	0	9	14	6	6	7	216.36	1		7.545438
47	85	1	0	0	0	21	9	3	7	227.54	0		84.604200
47	86	3	0	0	23	5	14	2	5	116.90	0		63.572415
47	87	3	0	0	15	10	14	2	5	116.90	0		63.572415
85	172	1	0	6	3	0	9	3	7	227.54	0		84.604200
85	173	3	0	0	23	10	14	2	5	116.90	0		63.572415
85	174	3	0	0	15	15	14	2	5	116.90	0		63.572415
29	53	1	0	6	6	0	9	3	7	227.54	0		84.604200
29	54	1	0	6	17	0	9	3	7	227.54	0		84.604200
8	13	3	0	0	23	15	14	2	5	116.90	0		63.572415
8	12	2	0	0	17	14	6	6	7	216.36	1		7.545438
46	84	2	0	0	3	21	6	6	7	216.36	1		7.545438
20	37	2	0	0	9	21	6	6	7	216.36	1		7.545438
60	114	1	0	6	20	0	9	3	7	227.54	0		84.604200
60	116	3	0	0	15	20	14	2	5	116.90	0		63.572415
60	115	2	0	0	17	21	6	6	7	216.36	1		7.545438
23	41	1	0	6	3	7	9	3	7	227.54	0		84.604200
23	42	1	0	6	6	7	9	3	7	227.54	0		84.604200
23	43	2	0	6	17	7	6	6	7	216.36	1		7.545438
9	14	1	0	6	3	14	9	3	7	227.54	0		84.604200
9	16	3	0	0	23	20	14	2	5	116.90	0		63.572415
9	15	2	0	6	17	14	6	6	7	216.36	1		7.545438
81	162	1	0	6	6	14	9	3	7	227.54	0		84.604200
81	163	3	0	0	15	25	14	2	5	116.90	0		63.572415
81	164	3	0	0	23	25	14	2	5	116.90	0		63.572415
89	180	2	0	6	3	21	6	6	7	216.36	1		7.545438
99	199	3	0	9	0	0	14	2	5	116.90	0		63.572415
99	198	2	0	6	17	21	6	6	7	216.36	1		7.545438
76	152	3	0	9	9	0	14	2	5	116.90	0		63.572415
76	151	2	0	15	2	0	6	6	7	216.36	1		7.545438
71	138	1	0	9	11	0	9	3	7	227.54	0		84.604200
71	140	3	0	9	0	5	14	2	5	116.90	0		63.572415
71	139	2	0	6	9	7	6	6	7	216.36	1		7.545438
27	51	1	0	14	14	0	9	3	7	227.54	0		84.604200
90	183	3	0	9	0	10	14	2	5	116.90	0		63.572415
90	181	2	0	6	9	14	6	6	7	216.36	1		7.545438
90	182	2	0	6	9	21	6	6	7	216.36	1		7.545438
68	132	1	0	14	14	7	9	3	7	227.54	0		84.604200
48	88	1	0	14	14	14	9	3	7	227.54	0		84.604200
16	30	1	0	14	14	21	9	3	7	227.54	0		84.604200
16	31	1	0	15	17	0	9	3	7	227.54	0		84.604200
16	32	1	0	12	17	7	9	3	7	227.54	0		84.604200
26	48	1	0	12	17	14	9	3	7	227.54	0		84.604200
26	50	3	0	9	0	15	14	2	5	116.90	0		63.572415
26	49	2	0	15	2	7	6	6	7	216.36	1		7.545438
31	56	1	0	12	17	21	9	3	7	227.54	0		84.604200
31	58	3	0	9	0	20	14	2	5	116.90	0		63.572415
31	57	2	0	15	2	14	6	6	7	216.36	1		7.545438


-------------------------------------------------------------------------------------------------------------------
Tour_Id:			2
No_of_Customers:		24
No_of_Items:			45
Customer_Sequence:		95 18 15 82 17 49 91 62 4 44 40 75 34 58 53 5 39 32 1 22 56 43 25 19 

CustId	Id	TypeId	Rotated	x	y	z	Length	Width	Height	mass	Fragility	LoadBearingStrength
19	35	1	0	0	0	0	9	3	7	227.54	0		84.604200
19	36	2	0	0	3	0	6	6	7	216.36	1		7.545438
25	46	1	0	0	9	0	9	3	7	227.54	0		84.604200
25	47	2	0	0	12	0	6	6	7	216.36	1		7.545438
43	79	1	0	0	18	0	9	3	7	227.54	0		84.604200
43	80	2	0	0	0	7	6	6	7	216.36	1		7.545438
56	106	3	0	0	21	0	14	2	5	116.90	0		63.572415
56	107	3	0	0	23	0	14	2	5	116.90	0		63.572415
56	105	2	0	0	6	7	6	6	7	216.36	1		7.545438
22	39	1	0	0	21	5	9	3	7	227.54	0		84.604200
22	40	2	0	0	12	7	6	6	7	216.36	1		7.545438
1	1	3	0	6	3	0	14	2	5	116.90	0		63.572415
1	2	3	0	6	5	0	14	2	5	116.90	0		63.572415
32	59	1	0	0	18	7	9	3	7	227.54	0		84.604200
32	60	3	0	6	7	0	14	2	5	116.90	0		63.572415
39	71	1	0	0	21	12	9	3	7	227.54	0		84.604200
39	73	3	0	6	12	0	14	2	5	116.90	0		63.572415
39	72	2	0	0	0	14	6	6	7	216.36	1		7.545438
5	8	3	0	6	14	0	14	2	5	116.90	0		63.572415
53	100	2	0	0	6	14	6	6	7	216.36	1		7.545438
58	109	1	0	0	18	14	9	3	7	227.54	0		84.604200
58	110	3	0	6	16	0	14	2	5	116.90	0		63.572415
34	64	1	0	0	21	19	9	3	7	227.54	0		84.604200
34	65	3	0	6	3	5	14	2	5	116.90	0		63.572415
75	149	2	0	0	12	14	6	6	7	216.36	1		7.545438
75	150	2	0	0	0	21	6	6	7	216.36	1		7.545438
40	74	1	0	0	18	21	9	3	7	227.54	0		84.604200
40	75	3	0	6	5	5	14	2	5	116.90	0		63.572415
44	81	3	0	6	7	5	14	2	5	116.90	0		63.572415
4	7	3	0	6	12	5	14	2	5	116.90	0		63.572415
62	119	1	0	6	14	5	9	3	7	227.54	0		84.604200
62	120	2	0	0	6	21	6	6	7	216.36	1		7.545438
91	184	1	0	6	3	10	9	3	7	227.54	0		84.604200
91	185	1	0	6	6	10	9	3	7	227.54	0		84.604200
49	89	1	0	6	14	12	9	3	7	227.54	0		84.604200
49	90	1	0	6	3	17	9	3	7	227.54	0		84.604200
49	91	3	0	6	12	10	14	2	5	116.90	0		63.572415
17	33	1	0	6	6	17	9	3	7	227.54	0		84.604200
82	165	1	0	6	14	19	9	3	7	227.54	0		84.604200
82	166	1	0	9	0	0	9	3	7	227.54	0		84.604200
82	167	2	0	0	12	21	6	6	7	216.36	1		7.545438
15	28	3	0	6	0	7	14	2	5	116.90	0		63.572415
15	29	3	0	6	0	12	14	2	5	116.90	0		63.572415
18	34	3	0	6	12	15	14	2	5	116.90	0		63.572415
95	191	1	0	9	9	0	9	3	7	227.54	0		84.604200


-------------------------------------------------------------------------------------------------------------------
Tour_Id:			3
No_of_Customers:		29
No_of_Items:			55
Customer_Sequence:		37 64 83 14 94 51 93 100 33 65 78 3 24 96 97 28 70 69 80 55 77 50 54 86 12 98 36 67 10 

CustId	Id	TypeId	Rotated	x	y	z	Length	Width	Height	mass	Fragility	LoadBearingStrength
10	17	3	0	0	0	0	14	2	5	116.90	0		63.572415
10	18	3	0	0	2	0	14	2	5	116.90	0		63.572415
67	131	2	0	0	4	0	6	6	7	216.36	1		7.545438
36	67	3	0	0	10	0	14	2	5	116.90	0		63.572415
98	197	1	0	0	12	0	9	3	7	227.54	0		84.604200
12	21	1	0	0	15	0	9	3	7	227.54	0		84.604200
12	22	3	0	0	18	0	14	2	5	116.90	0		63.572415
86	175	1	0	0	20	0	9	3	7	227.54	0		84.604200
54	101	1	0	0	0	5	9	3	7	227.54	0		84.604200
50	92	1	0	0	12	7	9	3	7	227.54	0		84.604200
50	93	3	0	0	23	0	14	2	5	116.90	0		63.572415
77	153	1	0	0	15	7	9	3	7	227.54	0		84.604200
77	154	2	0	0	3	7	6	6	7	216.36	1		7.545438
55	102	3	0	0	10	5	14	2	5	116.90	0		63.572415
55	103	3	0	0	18	5	14	2	5	116.90	0		63.572415
55	104	3	0	0	23	5	14	2	5	116.90	0		63.572415
80	161	3	0	0	10	10	14	2	5	116.90	0		63.572415
80	159	2	0	0	3	14	6	6	7	216.36	1		7.545438
80	160	2	0	0	12	14	6	6	7	216.36	1		7.545438
69	134	3	0	0	18	10	14	2	5	116.90	0		63.572415
69	133	2	0	0	3	21	6	6	7	216.36	1		7.545438
70	136	3	0	0	23	10	14	2	5	116.90	0		63.572415
70	137	3	0	0	10	15	14	2	5	116.90	0		63.572415
70	135	2	0	0	12	21	6	6	7	216.36	1		7.545438
28	52	3	0	0	18	15	14	2	5	116.90	0		63.572415
97	194	1	0	0	20	7	9	3	7	227.54	0		84.604200
97	195	2	0	6	4	0	6	6	7	216.36	1		7.545438
97	196	2	0	6	3	7	6	6	7	216.36	1		7.545438
96	193	3	0	0	23	15	14	2	5	116.90	0		63.572415
96	192	2	0	6	3	14	6	6	7	216.36	1		7.545438
24	44	1	0	0	0	12	9	3	7	227.54	0		84.604200
24	45	3	0	0	10	20	14	2	5	116.90	0		63.572415
3	6	3	0	0	18	20	14	2	5	116.90	0		63.572415
78	156	3	0	0	23	20	14	2	5	116.90	0		63.572415
78	155	2	0	6	3	21	6	6	7	216.36	1		7.545438
65	126	2	0	9	12	0	6	6	7	216.36	1		7.545438
65	127	2	0	9	12	7	6	6	7	216.36	1		7.545438
33	61	3	0	0	10	25	14	2	5	116.90	0		63.572415
33	62	3	0	0	18	25	14	2	5	116.90	0		63.572415
33	63	3	0	0	23	25	14	2	5	116.90	0		63.572415
100	200	2	0	6	12	14	6	6	7	216.36	1		7.545438
93	189	3	0	9	20	0	14	2	5	116.90	0		63.572415
51	94	1	0	0	20	14	9	3	7	227.54	0		84.604200
51	95	1	0	0	0	19	9	3	7	227.54	0		84.604200
51	96	1	0	0	20	21	9	3	7	227.54	0		84.604200
94	190	2	0	6	12	21	6	6	7	216.36	1		7.545438
14	25	2	0	12	4	0	6	6	7	216.36	1		7.545438
14	26	2	0	12	3	7	6	6	7	216.36	1		7.545438
14	27	2	0	12	3	14	6	6	7	216.36	1		7.545438
83	168	1	0	14	0	0	9	3	7	227.54	0		84.604200
64	124	3	0	9	20	5	14	2	5	116.90	0		63.572415
64	125	3	0	9	20	10	14	2	5	116.90	0		63.572415
64	123	2	0	12	3	21	6	6	7	216.36	1		7.545438
37	68	3	0	9	20	15	14	2	5	116.90	0		63.572415
37	69	3	0	9	20	20	14	2	5	116.90	0		63.572415


-------------------------------------------------------------------------------------------------------------------
Tour_Id:			4
No_of_Customers:		18
No_of_Items:			38
Customer_Sequence:		63 42 74 52 92 6 73 57 13 2 59 66 21 88 30 45 7 38 

CustId	Id	TypeId	Rotated	x	y	z	Length	Width	Height	mass	Fragility	LoadBearingStrength
38	70	1	0	0	0	0	9	3	7	227.54	0		84.604200
7	11	2	0	0	3	0	6	6	7	216.36	1		7.545438
45	82	1	0	0	9	0	9	3	7	227.54	0		84.604200
45	83	3	0	0	12	0	14	2	5	116.90	0		63.572415
30	55	3	0	0	14	0	14	2	5	116.90	0		63.572415
88	178	2	0	0	16	0	6	6	7	216.36	1		7.545438
88	179	2	0	0	0	7	6	6	7	216.36	1		7.545438
21	38	3	0	0	22	0	14	2	5	116.90	0		63.572415
66	128	3	0	0	12	5	14	2	5	116.90	0		63.572415
66	129	3	0	0	14	5	14	2	5	116.90	0		63.572415
66	130	3	0	0	22	5	14	2	5	116.90	0		63.572415
59	111	1	0	0	9	7	9	3	7	227.54	0		84.604200
59	112	1	0	0	12	10	9	3	7	227.54	0		84.604200
59	113	3	0	0	22	10	14	2	5	116.90	0		63.572415
2	3	1	0	0	9	14	9	3	7	227.54	0		84.604200
2	4	1	0	0	12	17	9	3	7	227.54	0		84.604200
2	5	2	0	0	16	7	6	6	7	216.36	1		7.545438
13	23	2	0	0	0	14	6	6	7	216.36	1		7.545438
13	24	2	0	0	15	14	6	6	7	216.36	1		7.545438
57	108	1	0	0	9	21	9	3	7	227.54	0		84.604200
73	145	3	0	0	22	15	14	2	5	116.90	0		63.572415
73	143	2	0	0	0	21	6	6	7	216.36	1		7.545438
73	144	2	0	0	15	21	6	6	7	216.36	1		7.545438
6	9	2	0	6	3	0	6	6	7	216.36	1		7.545438
6	10	2	0	6	16	0	6	6	7	216.36	1		7.545438
92	186	1	0	9	0	0	9	3	7	227.54	0		84.604200
92	188	3	0	0	22	20	14	2	5	116.90	0		63.572415
92	187	2	0	6	0	7	6	6	7	216.36	1		7.545438
52	97	1	0	9	9	0	9	3	7	227.54	0		84.604200
52	98	1	0	9	9	7	9	3	7	227.54	0		84.604200
52	99	3	0	0	22	25	14	2	5	116.90	0		63.572415
74	146	1	0	9	9	14	9	3	7	227.54	0		84.604200
74	147	1	0	9	9	21	9	3	7	227.54	0		84.604200
74	148	1	0	12	3	0	9	3	7	227.54	0		84.604200
42	77	1	0	12	6	0	9	3	7	227.54	0		84.604200
42	78	1	0	12	16	0	9	3	7	227.54	0		84.604200
63	122	3	0	12	19	0	14	2	5	116.90	0		63.572415
63	121	2	0	6	16	7	6	6	7	216.36	1		7.545438


