Name:				264_n100_m200_bt10
Problem:			3L-VRPTW
Number_of_used_Vehicles:	5
Total_Travel_Distance:		1008.36
Calculation_Time:		3600.00
Total_Iterations:		14615
ConstraintSet:			P1

-------------------------------------------------------------------------------------------------------------------
Tour_Id:			1
No_of_Customers:		15
No_of_Items:			34
Customer_Sequence:		59 13 73 50 42 76 48 86 11 5 82 66 94 54 41 

CustId	Id	TypeId	Rotated	x	y	z	Length	Width	Height	mass	Fragility	LoadBearingStrength
41	82	8	0	0	0	0	13	5	8	169.49	0		4.609499
41	81	3	0	0	5	0	12	6	6	160.26	0		19.364184
54	108	8	0	0	11	0	13	5	8	169.49	0		4.609499
54	106	1	0	0	16	0	16	4	5	280.68	0		55.510781
54	107	6	0	0	20	0	6	4	8	258.50	1		8.149279
94	187	7	0	0	16	5	17	4	8	427.72	0		25.646521
94	185	1	0	0	5	6	16	4	5	280.68	0		55.510781
94	186	5	0	0	9	6	12	2	3	39.09	1		7.329585
66	132	8	0	0	0	8	13	5	8	169.49	0		4.609499
82	163	7	0	0	11	8	17	4	8	427.72	0		25.646521
82	164	7	0	0	5	11	17	4	8	427.72	0		25.646521
82	165	9	0	16	0	0	7	7	4	165.95	0		20.185029
5	11	7	0	0	16	13	17	4	8	427.72	0		25.646521
5	10	2	0	0	0	16	9	3	4	72.83	0		30.185832
11	19	3	0	17	7	0	12	6	6	160.26	0		19.364184
11	20	9	0	17	13	0	7	7	4	165.95	0		20.185029
11	21	9	0	17	13	4	7	7	4	165.95	0		20.185029
86	172	9	0	17	13	8	7	7	4	165.95	0		20.185029
86	171	6	0	0	20	8	6	4	8	258.50	1		8.149279
48	96	1	0	0	11	16	16	4	5	280.68	0		55.510781
76	151	3	0	0	11	21	12	6	6	160.26	0		19.364184
76	150	1	0	0	5	19	16	4	5	280.68	0		55.510781
42	85	8	0	6	20	0	13	5	8	169.49	0		4.609499
42	83	1	0	0	17	21	16	4	5	280.68	0		55.510781
42	84	2	0	0	0	20	9	3	4	72.83	0		30.185832
50	101	4	1	0	0	24	8	7	4	192.79	0		65.021396
50	100	2	0	0	17	26	9	3	4	72.83	0		30.185832
50	102	5	0	0	9	9	12	2	3	39.09	1		7.329585
73	143	4	0	17	13	12	8	7	4	192.79	0		65.021396
73	144	9	0	17	13	16	7	7	4	165.95	0		20.185029
13	24	8	0	17	7	6	13	5	8	169.49	0		4.609499
13	23	6	0	0	21	16	6	4	8	258.50	1		8.149279
59	119	10	0	6	21	8	9	3	8	120.56	0		26.345544
59	118	5	0	0	11	27	12	2	3	39.09	1		7.329585


-------------------------------------------------------------------------------------------------------------------
Tour_Id:			2
No_of_Customers:		14
No_of_Items:			29
Customer_Sequence:		31 80 77 87 29 35 52 79 70 1 44 63 98 53 

CustId	Id	TypeId	Rotated	x	y	z	Length	Width	Height	mass	Fragility	LoadBearingStrength
53	105	9	0	0	0	0	7	7	4	165.95	0		20.185029
98	195	10	0	0	7	0	9	3	8	120.56	0		26.345544
98	193	2	0	0	10	0	9	3	4	72.83	0		30.185832
98	194	6	0	0	13	0	6	4	8	258.50	1		8.149279
63	125	4	0	0	17	0	8	7	4	192.79	0		65.021396
63	127	9	0	0	0	4	7	7	4	165.95	0		20.185029
63	126	6	0	0	17	4	6	4	8	258.50	1		8.149279
44	88	7	0	6	13	0	17	4	8	427.72	0		25.646521
44	89	7	0	6	13	8	17	4	8	427.72	0		25.646521
1	1	1	0	6	13	16	16	4	5	280.68	0		55.510781
1	2	9	0	0	0	8	7	7	4	165.95	0		20.185029
70	139	7	0	6	13	21	17	4	8	427.72	0		25.646521
70	138	1	0	7	0	0	16	4	5	280.68	0		55.510781
79	158	10	0	0	10	4	9	3	8	120.56	0		26.345544
52	104	4	0	0	0	12	8	7	4	192.79	0		65.021396
35	70	1	0	8	17	0	16	4	5	280.68	0		55.510781
35	71	10	0	0	21	4	9	3	8	120.56	0		26.345544
29	56	1	0	6	17	5	16	4	5	280.68	0		55.510781
29	57	6	0	0	17	12	6	4	8	258.50	1		8.149279
87	174	4	0	0	0	16	8	7	4	192.79	0		65.021396
87	175	9	0	0	0	20	7	7	4	165.95	0		20.185029
87	173	2	0	0	7	8	9	3	4	72.83	0		30.185832
77	152	3	0	0	7	12	12	6	6	160.26	0		19.364184
77	153	4	0	0	0	24	8	7	4	192.79	0		65.021396
77	154	5	0	0	21	12	12	2	3	39.09	1		7.329585
80	159	2	0	0	7	18	9	3	4	72.83	0		30.185832
80	160	5	0	0	21	15	12	2	3	39.09	1		7.329585
31	61	4	0	12	4	0	8	7	4	192.79	0		65.021396
31	62	6	0	0	17	20	6	4	8	258.50	1		8.149279


-------------------------------------------------------------------------------------------------------------------
Tour_Id:			3
No_of_Customers:		19
No_of_Items:			36
Customer_Sequence:		19 67 9 36 30 16 60 17 25 51 15 27 33 14 2 93 47 32 97 

CustId	Id	TypeId	Rotated	x	y	z	Length	Width	Height	mass	Fragility	LoadBearingStrength
97	192	8	0	0	0	0	13	5	8	169.49	0		4.609499
97	191	2	0	0	5	0	9	3	4	72.83	0		30.185832
32	64	8	0	0	8	0	13	5	8	169.49	0		4.609499
32	63	1	0	0	13	0	16	4	5	280.68	0		55.510781
32	65	10	0	0	17	0	9	3	8	120.56	0		26.345544
47	95	10	0	0	20	0	9	3	8	120.56	0		26.345544
47	94	2	0	0	5	4	9	3	4	72.83	0		30.185832
93	184	10	0	0	13	5	9	3	8	120.56	0		26.345544
93	183	9	0	0	0	8	7	7	4	165.95	0		20.185029
2	3	2	0	0	7	8	9	3	4	72.83	0		30.185832
14	26	7	0	9	17	0	17	4	8	427.72	0		25.646521
14	25	2	0	0	10	8	9	3	4	72.83	0		30.185832
33	66	4	0	0	16	8	8	7	4	192.79	0		65.021396
27	54	8	1	0	0	12	13	5	8	169.49	0		4.609499
27	52	4	0	0	16	12	8	7	4	192.79	0		65.021396
27	53	5	0	0	23	0	12	2	3	39.09	1		7.329585
15	28	7	1	0	0	20	17	4	8	427.72	0		25.646521
15	27	1	0	8	16	8	16	4	5	280.68	0		55.510781
51	103	2	0	0	17	16	9	3	4	72.83	0		30.185832
25	49	6	0	0	20	16	6	4	8	258.50	1		8.149279
17	33	10	0	0	17	20	9	3	8	120.56	0		26.345544
17	32	9	0	13	0	0	7	7	4	165.95	0		20.185029
60	121	8	0	13	7	0	13	5	8	169.49	0		4.609499
60	120	6	0	7	0	8	6	4	8	258.50	1		8.149279
16	29	1	0	9	7	8	16	4	5	280.68	0		55.510781
16	31	10	0	9	13	5	9	3	8	120.56	0		26.345544
16	30	9	0	13	0	4	7	7	4	165.95	0		20.185029
30	60	10	0	4	13	13	9	3	8	120.56	0		26.345544
30	58	2	0	4	13	21	9	3	4	72.83	0		30.185832
30	59	2	0	4	13	25	9	3	4	72.83	0		30.185832
36	73	3	0	20	0	0	12	6	6	160.26	0		19.364184
36	72	2	0	9	7	13	9	3	4	72.83	0		30.185832
9	17	10	0	9	7	17	9	3	8	120.56	0		26.345544
67	133	6	0	7	0	16	6	4	8	258.50	1		8.149279
19	37	10	0	12	21	0	9	3	8	120.56	0		26.345544
19	36	2	0	8	20	8	9	3	4	72.83	0		30.185832


-------------------------------------------------------------------------------------------------------------------
Tour_Id:			4
No_of_Customers:		24
No_of_Items:			47
Customer_Sequence:		81 96 20 84 69 23 18 40 8 64 90 6 71 3 28 26 24 39 68 74 62 34 22 92 

CustId	Id	TypeId	Rotated	x	y	z	Length	Width	Height	mass	Fragility	LoadBearingStrength
92	182	9	0	0	0	0	7	7	4	165.95	0		20.185029
22	43	7	0	0	7	0	17	4	8	427.72	0		25.646521
22	44	8	0	0	11	0	13	5	8	169.49	0		4.609499
22	42	3	0	0	16	0	12	6	6	160.26	0		19.364184
34	67	4	0	0	0	4	8	7	4	192.79	0		65.021396
34	68	4	0	0	16	6	8	7	4	192.79	0		65.021396
34	69	9	0	0	0	8	7	7	4	165.95	0		20.185029
62	124	6	0	0	7	8	6	4	8	258.50	1		8.149279
74	146	7	0	0	11	8	17	4	8	427.72	0		25.646521
74	147	9	0	0	16	10	7	7	4	165.95	0		20.185029
74	145	5	0	0	23	0	12	2	3	39.09	1		7.329585
68	134	9	0	0	0	12	7	7	4	165.95	0		20.185029
39	78	6	0	0	15	14	6	4	8	258.50	1		8.149279
39	79	6	0	0	19	14	6	4	8	258.50	1		8.149279
24	47	1	0	0	11	16	16	4	5	280.68	0		55.510781
24	48	10	0	0	0	16	9	3	8	120.56	0		26.345544
26	51	8	0	9	0	0	13	5	8	169.49	0		4.609499
26	50	4	1	9	0	8	8	7	4	192.79	0		65.021396
28	55	6	0	0	3	16	6	4	8	258.50	1		8.149279
3	4	1	0	0	11	21	16	4	5	280.68	0		55.510781
3	6	9	0	9	0	12	7	7	4	165.95	0		20.185029
3	5	5	0	0	23	3	12	2	3	39.09	1		7.329585
71	141	7	0	12	16	0	17	4	8	427.72	0		25.646521
71	140	4	0	9	0	16	8	7	4	192.79	0		65.021396
6	13	3	0	17	7	0	12	6	6	160.26	0		19.364184
6	12	2	0	0	0	24	9	3	4	72.83	0		30.185832
6	14	5	0	0	23	6	12	2	3	39.09	1		7.329585
90	180	8	0	12	20	0	13	5	8	169.49	0		4.609499
90	179	6	0	0	7	16	6	4	8	258.50	1		8.149279
64	128	4	0	9	0	20	8	7	4	192.79	0		65.021396
64	129	4	0	9	0	24	8	7	4	192.79	0		65.021396
8	16	8	0	12	15	8	13	5	8	169.49	0		4.609499
40	80	10	0	6	8	8	9	3	8	120.56	0		26.345544
18	35	10	0	6	8	16	9	3	8	120.56	0		26.345544
18	34	5	0	0	23	9	12	2	3	39.09	1		7.329585
23	46	9	0	17	7	6	7	7	4	165.95	0		20.185029
23	45	6	0	0	15	22	6	4	8	258.50	1		8.149279
69	135	3	0	12	15	16	12	6	6	160.26	0		19.364184
69	136	3	0	12	15	22	12	6	6	160.26	0		19.364184
69	137	10	0	12	20	8	9	3	8	120.56	0		26.345544
84	168	2	0	0	11	26	9	3	4	72.83	0		30.185832
20	39	9	0	17	7	10	7	7	4	165.95	0		20.185029
20	38	2	0	6	8	24	9	3	4	72.83	0		30.185832
96	190	7	0	22	0	0	17	4	8	427.72	0		25.646521
96	189	6	0	17	0	8	6	4	8	258.50	1		8.149279
81	162	8	0	23	0	8	13	5	8	169.49	0		4.609499
81	161	2	0	9	11	26	9	3	4	72.83	0		30.185832


-------------------------------------------------------------------------------------------------------------------
Tour_Id:			5
No_of_Customers:		28
No_of_Items:			54
Customer_Sequence:		38 89 75 65 58 12 72 85 43 4 91 49 37 78 21 46 61 7 10 45 88 100 57 56 99 55 83 95 

CustId	Id	TypeId	Rotated	x	y	z	Length	Width	Height	mass	Fragility	LoadBearingStrength
95	188	6	0	0	0	0	6	4	8	258.50	1		8.149279
83	167	8	0	0	4	0	13	5	8	169.49	0		4.609499
83	166	2	0	0	9	0	9	3	4	72.83	0		30.185832
55	110	8	0	0	12	0	13	5	8	169.49	0		4.609499
55	109	4	0	0	17	0	8	7	4	192.79	0		65.021396
55	111	9	0	0	17	4	7	7	4	165.95	0		20.185029
99	197	7	0	0	4	8	17	4	8	427.72	0		25.646521
99	198	10	0	0	9	4	9	3	8	120.56	0		26.345544
99	196	2	0	0	12	8	9	3	4	72.83	0		30.185832
56	112	10	0	0	15	8	9	3	8	120.56	0		26.345544
57	115	8	0	0	4	16	13	5	8	169.49	0		4.609499
57	113	1	0	0	4	24	16	4	5	280.68	0		55.510781
57	114	6	0	0	0	8	6	4	8	258.50	1		8.149279
100	200	7	0	6	0	0	17	4	8	427.72	0		25.646521
100	199	3	0	0	9	12	12	6	6	160.26	0		19.364184
88	176	1	0	0	9	18	16	4	5	280.68	0		55.510781
45	92	10	0	0	18	8	9	3	8	120.56	0		26.345544
45	90	5	0	0	15	16	12	2	3	39.09	1		7.329585
45	91	5	0	0	17	16	12	2	3	39.09	1		7.329585
10	18	9	0	12	17	0	7	7	4	165.95	0		20.185029
7	15	6	0	0	21	8	6	4	8	258.50	1		8.149279
61	123	7	0	6	0	8	17	4	8	427.72	0		25.646521
61	122	1	0	0	9	23	16	4	5	280.68	0		55.510781
46	93	10	0	6	0	16	9	3	8	120.56	0		26.345544
21	40	1	0	16	8	0	16	4	5	280.68	0		55.510781
21	41	4	0	12	17	4	8	7	4	192.79	0		65.021396
78	157	7	0	16	12	0	17	4	8	427.72	0		25.646521
78	155	1	0	16	8	5	16	4	5	280.68	0		55.510781
78	156	1	0	16	12	8	16	4	5	280.68	0		55.510781
37	74	4	0	12	16	8	8	7	4	192.79	0		65.021396
49	98	7	0	16	8	10	17	4	8	427.72	0		25.646521
49	99	8	0	16	12	13	13	5	8	169.49	0		4.609499
49	97	3	0	16	12	21	12	6	6	160.26	0		19.364184
91	181	1	0	16	8	18	16	4	5	280.68	0		55.510781
4	9	7	0	19	4	0	17	4	8	427.72	0		25.646521
4	8	3	0	33	12	0	12	6	6	160.26	0		19.364184
4	7	1	0	16	8	23	16	4	5	280.68	0		55.510781
43	86	3	0	20	18	0	12	6	6	160.26	0		19.364184
43	87	10	0	12	18	12	9	3	8	120.56	0		26.345544
85	170	8	0	21	18	6	13	5	8	169.49	0		4.609499
85	169	5	0	6	0	24	12	2	3	39.09	1		7.329585
72	142	5	0	6	0	27	12	2	3	39.09	1		7.329585
12	22	2	0	12	18	20	9	3	4	72.83	0		30.185832
58	116	3	0	21	18	14	12	6	6	160.26	0		19.364184
58	117	4	0	21	18	20	8	7	4	192.79	0		65.021396
65	130	2	0	12	18	24	9	3	4	72.83	0		30.185832
65	131	2	0	17	4	8	9	3	4	72.83	0		30.185832
75	148	3	0	33	12	6	12	6	6	160.26	0		19.364184
75	149	4	0	21	18	24	8	7	4	192.79	0		65.021396
89	177	3	0	32	12	12	12	6	6	160.26	0		19.364184
89	178	10	0	17	4	12	9	3	8	120.56	0		26.345544
38	75	3	0	29	12	18	12	6	6	160.26	0		19.364184
38	76	6	0	17	4	20	6	4	8	258.50	1		8.149279
38	77	6	0	18	0	16	6	4	8	258.50	1		8.149279


