Name:				265_n100_m200_bt10
Problem:			3L-VRPTW
Number_of_used_Vehicles:	4
Total_Travel_Distance:		935.37
Calculation_Time:		3600.00
Total_Iterations:		9799
ConstraintSet:			P1

-------------------------------------------------------------------------------------------------------------------
Tour_Id:			1
No_of_Customers:		32
No_of_Items:			58
Customer_Sequence:		54 90 8 47 88 4 61 27 70 38 5 16 33 28 87 49 64 26 98 95 31 92 45 53 40 97 69 66 99 6 96 56 

CustId	Id	TypeId	Rotated	x	y	z	Length	Width	Height	mass	Fragility	LoadBearingStrength
56	108	7	0	0	0	0	8	6	8	286.05	0		56.820791
56	109	9	0	0	6	0	8	5	3	66.81	1		3.454289
56	110	9	0	0	11	0	8	5	3	66.81	1		3.454289
96	193	7	0	0	16	0	8	6	8	286.05	0		56.820791
96	194	9	0	0	6	3	8	5	3	66.81	1		3.454289
6	12	3	0	0	0	8	6	4	4	61.35	0		33.697395
99	198	5	0	0	6	6	8	6	4	85.25	1		12.067034
66	128	2	0	0	16	8	9	7	4	178.77	0		89.136866
69	135	2	0	0	16	12	9	7	4	178.77	0		89.136866
69	134	1	0	0	16	16	11	4	3	85.79	0		45.289240
69	136	6	0	0	23	0	15	2	3	62.37	0		17.701277
97	196	8	0	0	20	16	10	3	7	83.52	0		4.921474
97	195	4	0	8	0	0	10	5	4	195.07	0		22.942585
40	80	9	1	0	4	10	8	5	3	66.81	1		3.454289
53	105	1	0	0	16	19	11	4	3	85.79	0		45.289240
45	90	10	0	8	5	0	17	3	5	240.96	0		91.762062
45	89	5	1	0	4	13	8	6	4	85.25	1		12.067034
92	184	6	0	0	23	3	15	2	3	62.37	0		17.701277
31	62	2	0	8	8	0	9	7	4	178.77	0		89.136866
31	63	5	0	0	4	17	8	6	4	85.25	1		12.067034
95	191	8	0	0	16	22	10	3	7	83.52	0		4.921474
95	192	8	0	0	20	23	10	3	7	83.52	0		4.921474
98	197	6	0	0	23	6	15	2	3	62.37	0		17.701277
26	55	8	0	8	0	4	10	3	7	83.52	0		4.921474
64	122	2	0	8	8	4	9	7	4	178.77	0		89.136866
64	123	4	0	8	8	8	10	5	4	195.07	0		22.942585
64	124	5	0	0	4	21	8	6	4	85.25	1		12.067034
49	97	7	0	8	8	12	8	6	8	286.05	0		56.820791
49	95	3	0	0	0	12	6	4	4	61.35	0		33.697395
49	96	5	0	0	4	25	8	6	4	85.25	1		12.067034
87	174	3	0	0	0	16	6	4	4	61.35	0		33.697395
87	175	5	0	8	8	20	8	6	4	85.25	1		12.067034
87	176	5	0	8	8	24	8	6	4	85.25	1		12.067034
28	57	3	0	0	0	20	6	4	4	61.35	0		33.697395
28	58	3	0	0	0	24	6	4	4	61.35	0		33.697395
28	59	9	0	15	15	0	8	5	3	66.81	1		3.454289
33	66	7	0	18	8	0	8	6	8	286.05	0		56.820791
33	65	4	0	15	20	0	10	5	4	195.07	0		22.942585
16	36	1	0	15	20	4	11	4	3	85.79	0		45.289240
16	37	5	0	18	8	8	8	6	4	85.25	1		12.067034
5	10	1	0	15	20	7	11	4	3	85.79	0		45.289240
5	11	6	0	0	23	9	15	2	3	62.37	0		17.701277
38	76	10	0	8	5	5	17	3	5	240.96	0		91.762062
70	137	1	0	15	20	10	11	4	3	85.79	0		45.289240
70	138	6	0	0	23	12	15	2	3	62.37	0		17.701277
70	139	9	0	15	15	3	8	5	3	66.81	1		3.454289
27	56	10	0	8	5	10	17	3	5	240.96	0		91.762062
61	119	4	0	15	20	13	10	5	4	195.07	0		22.942585
4	9	4	0	15	20	17	10	5	4	195.07	0		22.942585
4	8	1	0	15	20	21	11	4	3	85.79	0		45.289240
88	177	3	0	8	0	11	6	4	4	61.35	0		33.697395
47	92	8	0	8	5	15	10	3	7	83.52	0		4.921474
8	16	10	0	18	0	0	17	3	5	240.96	0		91.762062
8	15	1	0	15	20	24	11	4	3	85.79	0		45.289240
90	179	2	0	26	3	0	9	7	4	178.77	0		89.136866
90	180	2	0	26	10	0	9	7	4	178.77	0		89.136866
90	181	6	0	18	0	5	15	2	3	62.37	0		17.701277
54	106	3	0	8	0	15	6	4	4	61.35	0		33.697395


-------------------------------------------------------------------------------------------------------------------
Tour_Id:			2
No_of_Customers:		18
No_of_Items:			41
Customer_Sequence:		74 94 84 13 91 76 51 93 80 41 46 100 52 72 12 42 37 2 

CustId	Id	TypeId	Rotated	x	y	z	Length	Width	Height	mass	Fragility	LoadBearingStrength
2	3	8	0	0	0	0	10	3	7	83.52	0		4.921474
2	4	8	0	0	3	0	10	3	7	83.52	0		4.921474
37	75	7	0	0	6	0	8	6	8	286.05	0		56.820791
37	74	6	0	0	12	0	15	2	3	62.37	0		17.701277
42	86	7	0	0	14	0	8	6	8	286.05	0		56.820791
42	84	3	0	0	20	0	6	4	4	61.35	0		33.697395
42	85	6	0	0	12	3	15	2	3	62.37	0		17.701277
12	27	4	0	0	0	7	10	5	4	195.07	0		22.942585
12	25	1	1	0	6	8	11	4	3	85.79	0		45.289240
12	26	3	0	0	20	4	6	4	4	61.35	0		33.697395
72	142	8	0	0	17	8	10	3	7	83.52	0		4.921474
72	141	3	0	0	20	8	6	4	4	61.35	0		33.697395
52	103	4	0	0	0	11	10	5	4	195.07	0		22.942585
52	102	1	1	0	5	11	11	4	3	85.79	0		45.289240
52	104	6	0	6	20	0	15	2	3	62.37	0		17.701277
100	200	2	0	10	0	0	9	7	4	178.77	0		89.136866
100	199	1	1	0	5	14	11	4	3	85.79	0		45.289240
46	91	10	0	6	22	0	17	3	5	240.96	0		91.762062
41	83	10	0	6	22	5	17	3	5	240.96	0		91.762062
41	81	3	0	0	20	12	6	4	4	61.35	0		33.697395
41	82	3	0	0	0	15	6	4	4	61.35	0		33.697395
80	160	4	1	0	5	17	10	5	4	195.07	0		22.942585
80	161	6	0	6	20	3	15	2	3	62.37	0		17.701277
80	162	6	0	6	20	6	15	2	3	62.37	0		17.701277
93	187	10	0	6	22	10	17	3	5	240.96	0		91.762062
93	185	3	0	0	20	16	6	4	4	61.35	0		33.697395
93	186	3	0	0	0	19	6	4	4	61.35	0		33.697395
51	101	7	1	0	5	21	8	6	8	286.05	0		56.820791
51	100	2	0	10	0	4	9	7	4	178.77	0		89.136866
51	99	1	0	10	7	0	11	4	3	85.79	0		45.289240
76	150	2	0	10	0	8	9	7	4	178.77	0		89.136866
91	182	2	0	10	0	12	9	7	4	178.77	0		89.136866
91	183	9	0	10	14	0	8	5	3	66.81	1		3.454289
13	28	7	0	10	0	16	8	6	8	286.05	0		56.820791
13	29	7	0	18	11	0	8	6	8	286.05	0		56.820791
13	30	8	0	0	17	15	10	3	7	83.52	0		4.921474
84	167	9	0	10	0	24	8	5	3	66.81	1		3.454289
94	190	7	0	18	11	8	8	6	8	286.05	0		56.820791
94	189	2	0	19	0	0	9	7	4	178.77	0		89.136866
94	188	1	0	8	7	3	11	4	3	85.79	0		45.289240
74	146	4	0	18	11	16	10	5	4	195.07	0		22.942585


-------------------------------------------------------------------------------------------------------------------
Tour_Id:			3
No_of_Customers:		21
No_of_Items:			40
Customer_Sequence:		21 82 62 1 39 58 18 50 89 73 11 77 19 68 59 30 35 63 81 3 65 

CustId	Id	TypeId	Rotated	x	y	z	Length	Width	Height	mass	Fragility	LoadBearingStrength
65	125	2	0	0	0	0	9	7	4	178.77	0		89.136866
65	126	2	0	0	7	0	9	7	4	178.77	0		89.136866
65	127	6	0	0	14	0	15	2	3	62.37	0		17.701277
3	7	7	0	0	16	0	8	6	8	286.05	0		56.820791
3	5	4	0	0	0	4	10	5	4	195.07	0		22.942585
3	6	6	0	0	22	0	15	2	3	62.37	0		17.701277
81	163	3	0	0	5	4	6	4	4	61.35	0		33.697395
81	164	9	0	0	9	4	8	5	3	66.81	1		3.454289
63	121	5	0	0	9	7	8	6	4	85.25	1		12.067034
35	70	3	0	0	0	8	6	4	4	61.35	0		33.697395
35	71	6	0	0	22	3	15	2	3	62.37	0		17.701277
30	61	3	0	0	4	8	6	4	4	61.35	0		33.697395
59	116	7	0	0	16	8	8	6	8	286.05	0		56.820791
59	117	7	0	0	0	12	8	6	8	286.05	0		56.820791
59	115	2	0	0	16	16	9	7	4	178.77	0		89.136866
68	133	8	0	0	0	20	10	3	7	83.52	0		4.921474
68	132	4	0	0	16	20	10	5	4	195.07	0		22.942585
68	131	1	0	0	16	24	11	4	3	85.79	0		45.289240
19	43	1	0	0	16	27	11	4	3	85.79	0		45.289240
77	152	7	0	9	7	0	8	6	8	286.05	0		56.820791
77	153	8	0	0	3	20	10	3	7	83.52	0		4.921474
77	151	4	0	9	7	8	10	5	4	195.07	0		22.942585
11	23	4	0	9	7	12	10	5	4	195.07	0		22.942585
11	24	5	0	9	7	16	8	6	4	85.25	1		12.067034
73	143	1	0	0	0	27	11	4	3	85.79	0		45.289240
73	144	6	0	10	0	0	15	2	3	62.37	0		17.701277
73	145	6	0	10	2	0	15	2	3	62.37	0		17.701277
89	178	8	0	11	16	0	10	3	7	83.52	0		4.921474
50	98	4	0	21	4	0	10	5	4	195.07	0		22.942585
18	41	3	0	11	16	7	6	4	4	61.35	0		33.697395
18	42	3	0	11	16	11	6	4	4	61.35	0		33.697395
58	114	1	0	21	9	0	11	4	3	85.79	0		45.289240
39	79	2	0	21	13	0	9	7	4	178.77	0		89.136866
39	77	1	0	15	20	0	11	4	3	85.79	0		45.289240
39	78	1	0	15	20	3	11	4	3	85.79	0		45.289240
1	2	8	0	15	20	6	10	3	7	83.52	0		4.921474
1	1	6	0	25	0	0	15	2	3	62.37	0		17.701277
62	120	10	0	26	20	0	17	3	5	240.96	0		91.762062
82	165	1	0	21	9	3	11	4	3	85.79	0		45.289240
21	47	4	0	21	4	4	10	5	4	195.07	0		22.942585


-------------------------------------------------------------------------------------------------------------------
Tour_Id:			4
No_of_Customers:		29
No_of_Items:			61
Customer_Sequence:		36 10 75 43 67 57 83 71 48 86 29 7 60 9 34 25 20 22 14 79 15 44 85 55 78 24 23 32 17 

CustId	Id	TypeId	Rotated	x	y	z	Length	Width	Height	mass	Fragility	LoadBearingStrength
17	40	7	0	0	0	0	8	6	8	286.05	0		56.820791
17	38	1	0	0	6	0	11	4	3	85.79	0		45.289240
17	39	3	0	0	10	0	6	4	4	61.35	0		33.697395
32	64	3	0	0	14	0	6	4	4	61.35	0		33.697395
23	49	7	0	0	18	0	8	6	8	286.05	0		56.820791
24	50	6	0	6	10	0	15	2	3	62.37	0		17.701277
24	51	9	0	0	10	4	8	5	3	66.81	1		3.454289
24	52	9	0	0	10	7	8	5	3	66.81	1		3.454289
78	156	6	0	8	0	0	15	2	3	62.37	0		17.701277
78	154	5	0	0	0	8	8	6	4	85.25	1		12.067034
78	155	5	0	0	18	8	8	6	4	85.25	1		12.067034
55	107	2	0	8	12	0	9	7	4	178.77	0		89.136866
85	170	7	0	8	19	0	8	6	8	286.05	0		56.820791
85	169	6	0	0	15	4	15	2	3	62.37	0		17.701277
85	168	5	0	0	10	10	8	6	4	85.25	1		12.067034
44	88	4	0	8	19	8	10	5	4	195.07	0		22.942585
15	34	3	0	0	6	3	6	4	4	61.35	0		33.697395
15	35	5	0	0	0	12	8	6	4	85.25	1		12.067034
79	159	10	0	8	2	0	17	3	5	240.96	0		91.762062
79	157	4	0	8	19	12	10	5	4	195.07	0		22.942585
79	158	9	0	0	18	12	8	5	3	66.81	1		3.454289
14	33	10	0	8	2	5	17	3	5	240.96	0		91.762062
14	31	1	0	8	2	10	11	4	3	85.79	0		45.289240
14	32	9	0	0	10	14	8	5	3	66.81	1		3.454289
22	48	1	0	8	2	13	11	4	3	85.79	0		45.289240
20	45	7	0	8	19	16	8	6	8	286.05	0		56.820791
20	44	6	0	8	0	3	15	2	3	62.37	0		17.701277
20	46	9	0	0	0	16	8	5	3	66.81	1		3.454289
25	53	7	0	17	12	0	8	6	8	286.05	0		56.820791
25	54	9	0	0	10	17	8	5	3	66.81	1		3.454289
34	68	7	0	17	12	8	8	6	8	286.05	0		56.820791
34	69	10	0	11	6	0	17	3	5	240.96	0		91.762062
34	67	3	0	0	6	7	6	4	4	61.35	0		33.697395
9	19	10	0	11	6	5	17	3	5	240.96	0		91.762062
9	17	2	0	17	12	16	9	7	4	178.77	0		89.136866
9	18	9	0	0	0	19	8	5	3	66.81	1		3.454289
60	118	8	0	8	9	3	10	3	7	83.52	0		4.921474
7	13	10	0	8	6	10	17	3	5	240.96	0		91.762062
7	14	10	0	8	6	15	17	3	5	240.96	0		91.762062
29	60	4	0	8	19	24	10	5	4	195.07	0		22.942585
86	172	2	0	17	12	20	9	7	4	178.77	0		89.136866
86	173	8	0	8	9	10	10	3	7	83.52	0		4.921474
86	171	1	0	8	2	16	11	4	3	85.79	0		45.289240
48	94	7	0	18	19	0	8	6	8	286.05	0		56.820791
48	93	4	0	17	12	24	10	5	4	195.07	0		22.942585
71	140	10	0	8	6	20	17	3	5	240.96	0		91.762062
83	166	2	0	27	9	0	9	7	4	178.77	0		89.136866
57	113	7	0	18	19	8	8	6	8	286.05	0		56.820791
57	111	1	0	8	2	19	11	4	3	85.79	0		45.289240
57	112	6	0	8	0	6	15	2	3	62.37	0		17.701277
67	130	7	0	18	19	16	8	6	8	286.05	0		56.820791
67	129	3	0	8	2	22	6	4	4	61.35	0		33.697395
43	87	10	0	8	6	25	17	3	5	240.96	0		91.762062
75	149	10	0	25	0	0	17	3	5	240.96	0		91.762062
75	148	2	0	18	17	24	9	7	4	178.77	0		89.136866
75	147	1	0	25	0	5	11	4	3	85.79	0		45.289240
10	20	1	0	25	0	8	11	4	3	85.79	0		45.289240
10	21	3	0	8	2	26	6	4	4	61.35	0		33.697395
10	22	3	0	14	2	22	6	4	4	61.35	0		33.697395
36	72	2	0	27	16	0	9	7	4	178.77	0		89.136866
36	73	9	0	25	0	11	8	5	3	66.81	1		3.454289


