Name:				266_n100_m200_bt100
Problem:			3L-VRPTW
Number_of_used_Vehicles:	4
Total_Travel_Distance:		777.10
Calculation_Time:		3600.00
Total_Iterations:		5003
ConstraintSet:			P1

-------------------------------------------------------------------------------------------------------------------
Tour_Id:			1
No_of_Customers:		22
No_of_Items:			46
Customer_Sequence:		99 53 98 10 28 9 4 7 81 66 92 78 52 70 82 60 13 40 35 95 29 45 

CustId	Id	TypeId	Rotated	x	y	z	Length	Width	Height	mass	Fragility	LoadBearingStrength
45	94	28	0	0	0	0	14	3	8	261.26	0		57.390085
45	95	69	0	0	3	0	9	6	6	231.20	0		205.904163
45	93	20	0	0	9	0	11	4	3	42.30	1		17.756951
29	63	31	0	0	13	0	9	3	8	200.41	0		22.710643
95	186	67	0	0	16	0	17	3	4	102.82	0		96.013809
35	73	55	0	0	19	0	14	4	6	220.58	0		15.497001
35	74	68	0	0	3	6	8	6	5	159.15	0		34.776635
35	75	89	0	0	9	3	12	4	6	86.53	1		4.003545
40	84	90	0	9	3	0	14	6	3	92.84	0		25.239609
40	83	34	0	0	3	11	10	6	4	167.45	0		43.499411
13	30	50	0	0	19	6	17	4	7	755.51	0		144.895800
13	29	48	0	0	3	15	9	6	6	256.80	0		17.921462
60	121	88	0	0	16	4	17	3	7	198.31	0		61.836239
82	162	28	0	0	0	8	14	3	8	261.26	0		57.390085
82	163	37	0	0	19	13	14	4	3	166.70	0		40.592685
82	164	38	0	0	9	9	16	3	4	103.08	1		6.149005
70	139	74	0	0	19	16	15	4	5	116.09	0		11.311320
70	138	6	0	0	3	21	7	5	8	248.74	0		55.960753
52	108	80	0	0	19	21	14	5	4	153.68	0		13.729260
52	107	64	0	0	23	0	15	2	5	71.48	0		38.259788
78	156	100	0	10	3	3	13	6	8	529.72	0		73.206026
78	154	46	0	10	3	11	15	6	6	268.95	0		24.560752
78	155	70	0	10	3	17	10	6	6	334.09	1		8.254338
92	182	92	0	0	9	13	14	4	6	319.03	1		10.485016
92	181	83	0	0	13	8	11	2	3	25.57	1		7.837009
66	130	93	0	0	16	11	8	2	8	109.74	0		57.775065
81	161	37	0	0	19	25	14	4	3	166.70	0		40.592685
7	14	26	0	16	9	0	17	5	7	183.73	0		26.407555
7	13	20	0	0	9	19	11	4	3	42.30	1		17.756951
4	6	47	0	16	9	7	8	6	7	261.09	0		19.188880
4	8	68	0	14	9	14	8	6	5	159.15	0		34.776635
4	7	60	0	0	0	16	13	3	3	45.21	0		16.366065
9	19	85	0	8	15	11	6	4	4	56.97	0		76.932497
9	18	24	0	0	9	22	14	4	8	191.86	1		2.631672
28	62	69	0	14	9	19	9	6	6	231.20	0		205.904163
28	61	10	0	0	0	19	10	3	4	63.94	0		23.174255
10	22	94	0	17	16	0	13	5	6	245.76	0		29.773953
10	21	67	0	14	0	0	17	3	4	102.82	0		96.013809
10	20	53	0	14	0	4	15	2	3	59.40	1		50.775831
98	192	39	0	0	0	23	11	2	7	127.22	0		11.499161
98	194	85	0	8	15	15	6	4	4	56.97	0		76.932497
98	193	83	0	0	16	19	11	2	3	25.57	1		7.837009
53	109	78	0	10	3	23	9	3	4	198.44	1		15.199786
99	197	97	0	30	14	0	15	6	7	511	0		43.217592
99	196	46	0	30	14	7	15	6	6	268.95	0		24.560752
99	195	36	0	14	9	25	12	6	3	152.92	0		26.787431


-------------------------------------------------------------------------------------------------------------------
Tour_Id:			2
No_of_Customers:		19
No_of_Items:			42
Customer_Sequence:		6 48 5 32 68 88 67 43 2 91 25 87 77 54 46 23 84 69 15 

CustId	Id	TypeId	Rotated	x	y	z	Length	Width	Height	mass	Fragility	LoadBearingStrength
15	34	63	0	0	0	0	8	3	6	169.10	0		258.297689
15	33	35	0	0	3	0	16	2	3	31.15	0		21.829940
69	137	97	0	0	5	0	15	6	7	511	0		43.217592
69	136	26	0	0	11	0	17	5	7	183.73	0		26.407555
69	135	2	0	0	16	0	6	6	7	229.53	0		35.361972
84	167	98	0	0	5	7	11	4	5	105.83	0		15.950106
23	50	31	0	0	22	0	9	3	8	200.41	0		22.710643
23	51	60	0	0	9	7	13	3	3	45.21	0		16.366065
23	52	85	0	0	0	6	6	4	4	56.97	0		76.932497
46	97	56	0	0	12	7	16	5	7	302.20	0		22.341744
46	96	27	0	0	17	7	6	5	3	78.21	0		39.407891
46	98	84	0	0	0	10	6	4	3	63.04	0		72.319982
54	110	70	0	0	12	14	10	6	6	334.09	1		8.254338
77	151	23	0	15	5	0	17	4	7	633.01	0		38.865113
77	152	91	0	10	12	14	6	6	3	102.56	0		67.981854
77	153	92	0	0	5	12	14	4	6	319.03	1		10.485016
87	171	21	0	0	5	18	11	5	8	354.39	1		11.226153
87	172	87	0	0	9	10	17	3	8	192.33	1		8.161756
25	56	43	0	9	18	0	17	4	5	106.24	0		46.650013
25	55	35	0	6	18	5	16	2	3	31.15	0		21.829940
91	180	97	0	17	9	0	15	6	7	511	0		43.217592
91	179	10	0	0	22	8	10	3	4	63.94	0		23.174255
2	2	11	0	16	0	0	14	5	5	292.47	0		38.056110
43	89	33	0	16	0	5	16	5	7	343.55	0		38.648802
43	90	68	0	10	12	17	8	6	5	159.15	0		34.776635
43	88	30	0	0	18	10	6	4	7	119.81	0		12.241341
67	132	12	0	18	5	7	16	6	5	662.90	0		274.730331
67	131	9	0	10	12	22	7	6	8	334.45	0		30.204852
67	133	99	0	0	22	12	11	2	7	127.65	0		23.548067
88	174	22	0	17	0	12	16	7	8	734.94	0		16.857284
88	175	76	0	17	7	12	17	4	6	252.98	0		21.730532
88	173	5	0	11	22	0	9	3	3	32.21	0		7.695420
68	134	18	0	0	18	17	8	4	7	175.35	0		16.995134
32	68	77	0	17	7	18	17	3	8	162.90	0		22.956289
32	69	88	0	17	0	20	17	3	7	198.31	0		61.836239
32	70	93	0	0	22	19	8	2	8	109.74	0		57.775065
5	9	91	0	26	18	0	6	6	3	102.56	0		67.981854
48	102	6	0	18	11	7	7	5	8	248.74	0		55.960753
48	103	51	0	0	18	24	8	4	3	79.62	0		32.957541
6	10	17	0	17	3	20	9	4	7	179.04	0		75.093901
6	12	66	0	18	11	15	8	5	5	88.43	0		68.029444
6	11	27	0	0	18	27	6	5	3	78.21	0		39.407891


-------------------------------------------------------------------------------------------------------------------
Tour_Id:			3
No_of_Customers:		33
No_of_Items:			62
Customer_Sequence:		64 76 27 24 100 8 30 33 89 41 73 49 65 50 94 39 20 14 55 71 34 56 93 47 44 96 79 26 12 51 72 61 19 

CustId	Id	TypeId	Rotated	x	y	z	Length	Width	Height	mass	Fragility	LoadBearingStrength
19	42	22	0	0	0	0	16	7	8	734.94	0		16.857284
19	43	46	0	0	7	0	15	6	6	268.95	0		24.560752
19	41	13	0	0	13	0	12	5	5	220.75	1		5.188049
61	123	100	0	0	18	0	13	6	8	529.72	0		73.206026
61	122	7	0	0	7	6	15	6	5	223.82	1		10.366434
72	143	73	0	0	0	8	6	4	4	91.75	0		40.367623
72	142	49	0	0	18	8	8	6	7	121.03	1		19.030052
51	106	34	0	6	0	8	10	6	4	167.45	0		43.499411
12	28	26	0	0	0	12	17	5	7	183.73	0		26.407555
12	27	23	0	0	0	19	17	4	7	633.01	0		38.865113
12	26	18	0	12	13	0	8	4	7	175.35	0		16.995134
26	57	6	1	8	18	8	7	5	8	248.74	0		55.960753
26	58	83	0	0	7	11	11	2	3	25.57	1		7.837009
79	157	3	0	13	17	0	17	7	3	254.82	0		41.938800
79	158	62	0	13	17	3	16	2	8	82.26	0		14.074836
79	159	98	0	13	19	3	11	4	5	105.83	0		15.950106
96	187	3	0	17	0	0	17	7	3	254.82	0		41.938800
96	189	66	0	13	19	8	8	5	5	88.43	0		68.029444
96	188	13	0	0	9	11	12	5	5	220.75	1		5.188049
44	91	46	0	15	7	0	15	6	6	268.95	0		24.560752
44	92	62	0	13	17	11	16	2	8	82.26	0		14.074836
47	101	79	0	12	13	7	10	3	7	108.83	0		8.003339
47	99	1	0	0	0	26	6	5	4	66.44	0		12.114067
47	100	38	0	0	9	16	16	3	4	103.08	1		6.149005
93	184	48	0	17	0	3	9	6	6	256.80	0		17.921462
93	183	15	0	17	0	9	11	6	3	90.55	1		12.589698
56	115	95	0	12	13	14	13	3	7	265.33	0		43.308248
56	113	27	0	6	0	26	6	5	3	78.21	0		39.407891
56	114	38	0	0	9	20	16	3	4	103.08	1		6.149005
34	72	59	0	16	6	6	9	6	3	79.47	0		24.151999
71	140	76	0	25	13	0	17	4	6	252.98	0		21.730532
71	141	82	0	0	7	14	9	2	7	77.10	1		4.650020
55	111	90	0	30	7	0	14	6	3	92.84	0		25.239609
55	112	91	0	13	19	13	6	6	3	102.56	0		67.981854
14	32	64	0	12	13	21	15	2	5	71.48	0		38.259788
14	31	52	0	13	19	16	7	3	5	102.77	0		43.592293
20	44	41	0	0	7	21	8	2	8	76.90	1		8.004919
39	82	74	0	30	17	0	15	4	5	116.09	0		11.311320
39	81	63	0	13	22	16	8	3	6	169.10	0		258.297689
94	185	9	0	16	6	9	7	6	8	334.45	0		30.204852
50	105	77	0	29	17	5	17	3	8	162.90	0		22.956289
65	129	69	0	16	6	17	9	6	6	231.20	0		205.904163
49	104	57	0	30	7	3	17	6	3	93.10	0		9.869713
73	144	9	0	25	6	6	7	6	8	334.45	0		30.204852
73	145	74	0	29	17	13	15	4	5	116.09	0		11.311320
41	85	11	0	29	17	18	14	5	5	292.47	0		38.056110
89	176	72	0	16	6	23	9	4	6	202.15	0		24.253850
33	71	5	0	13	22	22	9	3	3	32.21	0		7.695420
30	65	65	0	29	17	23	13	5	7	213.33	0		17.804185
30	64	13	0	17	0	12	12	5	5	220.75	1		5.188049
8	15	56	0	32	6	6	16	5	7	302.20	0		22.341744
8	17	76	0	32	6	13	17	4	6	252.98	0		21.730532
8	16	69	0	32	11	6	9	6	6	231.20	0		205.904163
100	198	4	0	32	6	19	15	2	8	217.02	0		25.615949
100	200	39	0	16	10	23	11	2	7	127.22	0		11.499161
100	199	15	0	17	0	17	11	6	3	90.55	1		12.589698
24	53	12	0	34	0	0	16	6	5	662.90	0		274.730331
24	54	54	0	50	0	0	9	7	3	100.79	0		16.944213
27	60	96	0	34	0	5	17	6	7	544.79	0		97.308772
27	59	26	0	34	0	12	17	5	7	183.73	0		26.407555
76	150	27	0	32	11	12	6	5	3	78.21	0		39.407891
64	128	3	1	49	7	0	17	7	3	254.82	0		41.938800


-------------------------------------------------------------------------------------------------------------------
Tour_Id:			4
No_of_Customers:		26
No_of_Items:			50
Customer_Sequence:		36 22 75 59 17 90 63 37 83 11 80 3 58 57 18 86 97 42 62 38 31 74 1 85 21 16 

CustId	Id	TypeId	Rotated	x	y	z	Length	Width	Height	mass	Fragility	LoadBearingStrength
16	35	18	0	0	0	0	8	4	7	175.35	0		16.995134
21	46	57	0	0	4	0	17	6	3	93.10	0		9.869713
21	45	19	0	0	10	0	8	6	5	175.70	0		30.394729
21	47	63	0	0	16	0	8	3	6	169.10	0		258.297689
85	168	56	0	0	19	0	16	5	7	302.20	0		22.341744
1	1	14	0	0	4	3	8	3	5	69.20	0		15.181866
74	146	56	0	0	19	7	16	5	7	302.20	0		22.341744
31	66	51	0	0	10	5	8	4	3	79.62	0		32.957541
31	67	89	0	0	19	14	12	4	6	86.53	1		4.003545
38	80	73	0	0	0	7	6	4	4	91.75	0		40.367623
62	124	28	0	0	7	3	14	3	8	261.26	0		57.390085
62	125	93	0	0	14	5	8	2	8	109.74	0		57.775065
42	87	34	0	8	10	0	10	6	4	167.45	0		43.499411
42	86	31	0	0	16	6	9	3	8	200.41	0		22.710643
97	190	3	0	17	0	0	17	7	3	254.82	0		41.938800
97	191	10	0	0	4	8	10	3	4	63.94	0		23.174255
86	169	11	0	14	0	3	14	5	5	292.47	0		38.056110
86	170	73	0	0	10	8	6	4	4	91.75	0		40.367623
18	40	43	0	10	0	8	17	4	5	106.24	0		46.650013
18	39	34	0	8	10	4	10	6	4	167.45	0		43.499411
18	38	20	0	0	19	20	11	4	3	42.30	1		17.756951
57	116	46	0	16	19	0	15	6	6	268.95	0		24.560752
58	117	47	0	8	10	8	8	6	7	261.09	0		19.188880
3	5	47	0	8	10	15	8	6	7	261.09	0		19.188880
3	4	40	0	10	0	13	14	5	8	266.02	1		21.198039
3	3	24	0	10	0	21	14	4	8	191.86	1		2.631672
80	160	54	0	8	10	22	9	7	3	100.79	0		16.944213
11	25	61	0	8	10	25	11	4	4	125.58	0		74.659825
11	23	29	0	0	7	11	14	3	4	100.67	0		20.634421
11	24	35	0	0	7	15	16	2	3	31.15	0		21.829940
83	166	89	0	0	19	23	12	4	6	86.53	1		4.003545
83	165	20	0	16	19	6	11	4	3	42.30	1		17.756951
37	77	28	0	17	7	0	14	3	8	261.26	0		57.390085
37	78	84	0	8	14	25	6	4	3	63.04	0		72.319982
37	79	89	0	16	19	9	12	4	6	86.53	1		4.003545
63	127	80	0	31	7	0	14	5	4	153.68	0		13.729260
63	126	51	0	28	0	3	8	4	3	79.62	0		32.957541
90	177	12	0	31	12	0	16	6	5	662.90	0		274.730331
90	178	69	0	31	18	0	9	6	6	231.20	0		205.904163
17	36	65	0	31	7	4	13	5	7	213.33	0		17.804185
17	37	73	0	28	0	6	6	4	4	91.75	0		40.367623
59	118	5	0	31	12	5	9	3	3	32.21	0		7.695420
59	120	84	0	27	0	10	6	4	3	63.04	0		72.319982
59	119	71	0	0	16	14	7	3	3	45.33	0		70.604562
75	147	62	0	0	7	18	16	2	8	82.26	0		14.074836
75	148	64	0	10	5	3	15	2	5	71.48	0		38.259788
75	149	82	0	10	5	8	9	2	7	77.10	1		4.650020
22	48	28	0	31	15	5	14	3	8	261.26	0		57.390085
22	49	93	0	16	23	6	8	2	8	109.74	0		57.775065
36	76	77	0	31	7	11	17	3	8	162.90	0		22.956289


