Name:				268_n100_m200_bt100
Problem:			3L-VRPTW
Number_of_used_Vehicles:	6
Total_Travel_Distance:		1083.84
Calculation_Time:		3600.00
Total_Iterations:		8511
ConstraintSet:			P1

-------------------------------------------------------------------------------------------------------------------
Tour_Id:			1
No_of_Customers:		17
No_of_Items:			33
Customer_Sequence:		99 18 50 17 93 95 86 26 67 64 63 41 81 68 43 23 90 

CustId	Id	TypeId	Rotated	x	y	z	Length	Width	Height	mass	Fragility	LoadBearingStrength
90	178	26	0	0	0	0	13	3	7	256.67	0		85.747746
90	179	39	0	0	3	0	10	6	3	74.45	0		5.812918
23	43	21	0	0	9	0	12	6	6	283.27	0		14.592381
23	44	97	0	0	15	0	6	3	4	64.28	0		207.293165
23	42	15	0	0	18	0	10	6	5	253.86	1		22.040257
43	82	90	0	0	0	7	17	2	4	86.62	0		57.535138
68	137	88	0	0	3	3	10	3	5	217.50	0		62.170810
81	164	79	0	0	9	6	10	6	7	309.84	0		41.740339
81	163	59	0	10	3	0	14	6	4	306.37	1		13.540479
41	79	36	0	0	9	13	12	4	5	253.52	0		32.143941
63	125	60	0	10	15	0	11	7	5	296.61	0		21.946071
63	127	97	0	0	15	4	6	3	4	64.28	0		207.293165
63	126	74	0	0	18	5	12	2	4	28.92	1		4.457169
64	129	96	0	12	9	0	11	6	3	63.80	0		16.209139
64	128	64	0	0	3	8	13	2	5	128.90	0		108.065357
67	135	19	0	21	15	0	15	6	4	269.80	0		59.027997
67	136	56	0	0	9	18	8	4	6	268.04	0		278.169460
26	47	58	0	12	9	3	10	6	5	299.19	0		46.722246
86	173	60	0	12	15	5	11	7	5	296.61	0		21.946071
95	188	11	0	0	9	24	10	4	5	142.68	0		26.015908
95	189	52	0	0	0	11	7	2	8	48.33	0		23.969562
93	183	27	0	23	9	0	15	4	4	158.85	0		11.484000
93	184	61	0	10	22	0	15	3	4	156.19	0		31.296273
17	29	86	0	12	9	8	7	5	8	220.84	0		33.665596
17	28	42	0	10	22	4	8	3	3	135.04	0		207.198907
17	27	8	0	12	15	10	10	4	5	123.93	1		6.511370
50	98	31	0	22	9	4	16	4	3	281.47	0		130.877996
50	99	45	0	10	22	7	7	3	3	29.10	0		43.645422
18	30	35	0	12	19	10	8	6	5	180.81	0		38.919649
18	31	92	0	22	9	7	16	4	3	285.52	0		312.014279
99	196	7	0	12	19	15	9	4	5	70.24	0		15.305332
99	197	84	0	0	3	13	16	2	5	143.74	0		244.975087
99	198	97	0	12	9	16	6	3	4	64.28	0		207.293165


-------------------------------------------------------------------------------------------------------------------
Tour_Id:			2
No_of_Customers:		27
No_of_Items:			53
Customer_Sequence:		52 51 69 100 14 80 32 35 16 55 75 57 48 65 77 46 42 49 10 30 74 25 58 73 91 5 1 

CustId	Id	TypeId	Rotated	x	y	z	Length	Width	Height	mass	Fragility	LoadBearingStrength
1	1	60	0	0	0	0	11	7	5	296.61	0		21.946071
5	10	58	0	0	7	0	10	6	5	299.19	0		46.722246
5	9	50	0	0	13	0	10	3	4	71.77	0		22.632408
5	8	29	0	0	16	0	11	5	8	567.43	1		10.577451
91	180	30	0	0	0	5	11	7	8	446.86	0		13.194143
91	181	48	0	0	21	0	12	2	6	68.95	0		24.051844
73	148	24	0	0	7	5	8	5	5	153.89	0		16.006185
73	149	39	0	0	0	13	10	6	3	74.45	0		5.812918
58	113	47	0	10	7	0	16	5	7	245.27	0		24.585328
58	115	97	0	0	13	4	6	3	4	64.28	0		207.293165
58	114	89	0	0	23	0	14	2	4	99.76	1		6.476978
25	46	10	0	0	7	10	8	5	6	234.94	0		31.005088
74	150	95	1	0	0	16	14	4	5	157.80	0		29.814332
30	56	82	1	0	0	21	15	4	7	244.07	0		86.151954
30	55	5	1	4	0	16	9	3	5	83.34	0		21.092214
10	16	11	0	8	7	7	10	4	5	142.68	0		26.015908
10	17	24	0	8	7	12	8	5	5	153.89	0		16.006185
49	96	36	0	10	12	0	12	4	5	253.52	0		32.143941
49	97	92	0	6	12	5	16	4	3	285.52	0		312.014279
49	95	20	1	4	0	21	12	3	3	70.04	0		29.230624
42	81	84	0	0	21	6	16	2	5	143.74	0		244.975087
42	80	14	0	0	21	11	11	2	6	42.05	0		8.229758
46	89	47	0	11	0	0	16	5	7	245.27	0		24.585328
46	88	6	0	8	7	17	7	6	3	125.59	0		30.483957
77	157	15	0	0	15	8	10	6	5	253.86	1		22.040257
65	131	67	0	11	0	7	13	6	3	174.57	0		31.342227
65	130	65	0	0	15	13	7	6	3	66.55	1		4.119700
48	93	40	1	4	0	24	9	3	4	77.03	0		31.038921
48	92	29	0	11	16	0	11	5	8	567.43	1		10.577451
48	94	74	0	0	23	4	12	2	4	28.92	1		4.457169
57	111	27	0	11	0	10	15	4	4	158.85	0		11.484000
57	112	38	0	0	21	17	8	2	8	54.91	0		10.190160
75	152	43	0	22	12	0	13	6	4	102.08	0		63.963269
75	151	28	0	10	0	14	12	4	5	214.12	0		40.799124
75	153	89	0	0	23	8	14	2	4	99.76	1		6.476978
55	107	40	0	7	7	20	9	3	4	77.03	0		31.038921
16	25	34	0	22	18	0	7	6	8	156.55	0		20.911459
16	26	72	0	0	15	16	7	6	3	109.69	1		12.367229
35	65	85	0	7	0	19	16	4	4	111.28	0		39.086467
35	64	6	0	22	12	4	7	6	3	125.59	0		30.483957
32	59	93	0	7	0	23	16	3	6	211.01	0		36.502448
32	58	13	0	4	13	8	16	2	3	78.42	0		29.803564
80	161	56	0	7	7	24	8	4	6	268.04	0		278.169460
80	160	22	0	0	21	25	6	2	3	16.56	0		15.084390
80	162	89	0	0	23	12	14	2	4	99.76	1		6.476978
14	23	40	0	18	7	7	9	3	4	77.03	0		31.038921
100	200	82	0	27	0	0	15	4	7	244.07	0		86.151954
100	199	58	0	27	4	0	10	6	5	299.19	0		46.722246
69	138	26	0	26	0	7	13	3	7	256.67	0		85.747746
51	100	40	0	18	7	11	9	3	4	77.03	0		31.038921
51	101	69	0	10	15	8	16	6	7	591.02	1		8.930294
52	102	14	0	4	13	11	11	2	6	42.05	0		8.229758
52	103	62	0	16	7	15	8	3	5	87.19	0		30.812088


-------------------------------------------------------------------------------------------------------------------
Tour_Id:			3
No_of_Customers:		16
No_of_Items:			38
Customer_Sequence:		39 96 3 20 76 82 21 94 66 85 38 87 7 83 12 44 

CustId	Id	TypeId	Rotated	x	y	z	Length	Width	Height	mass	Fragility	LoadBearingStrength
44	84	54	0	0	0	0	7	5	8	120.34	0		12.159748
44	85	76	0	0	5	0	9	4	6	130.61	0		9.069148
44	83	32	0	0	9	0	17	5	3	217.97	1		6.947827
12	19	59	0	0	14	0	14	6	4	306.37	1		13.540479
83	168	47	0	0	20	0	16	5	7	245.27	0		24.585328
83	167	16	0	0	5	6	7	4	6	148.51	0		17.009814
7	12	39	0	14	14	0	10	6	3	74.45	0		5.812918
87	174	14	0	0	20	7	11	2	6	42.05	0		8.229758
38	71	58	0	14	14	3	10	6	5	299.19	0		46.722246
38	70	51	0	7	0	0	15	4	4	222.98	0		33.318661
38	72	72	0	0	14	4	7	6	3	109.69	1		12.367229
85	172	82	0	7	0	4	15	4	7	244.07	0		86.151954
85	170	5	0	0	22	7	9	3	5	83.34	0		21.092214
85	171	42	0	0	5	12	8	3	3	135.04	0		207.198907
66	133	35	0	14	14	8	8	6	5	180.81	0		38.919649
66	134	40	0	0	22	12	9	3	4	77.03	0		31.038921
66	132	3	0	0	9	3	11	3	5	87.44	1		7.605620
94	187	91	0	22	0	0	13	7	7	613.02	0		39.670723
94	185	41	0	7	0	11	12	5	5	106.75	0		19.286751
94	186	53	0	7	0	16	9	4	6	121.11	0		25.504825
21	39	91	0	17	7	0	13	7	7	613.02	0		39.670723
21	37	11	0	7	0	22	10	4	5	142.68	0		26.015908
21	38	56	0	0	5	15	8	4	6	268.04	0		278.169460
82	165	19	0	17	7	7	15	6	4	269.80	0		59.027997
82	166	54	0	0	4	21	7	5	8	120.34	0		12.159748
76	155	77	0	17	7	11	11	6	7	333.04	0		26.419995
76	154	36	0	16	20	0	12	4	5	253.52	0		32.143941
76	156	89	0	0	20	13	14	2	4	99.76	1		6.476978
20	36	60	0	17	7	18	11	7	5	296.61	0		21.946071
20	35	37	0	22	0	7	15	6	8	708.81	1		10.469814
20	34	2	0	16	20	5	13	3	6	107.81	1		5.011166
3	6	82	0	24	14	0	15	4	7	244.07	0		86.151954
3	5	38	0	0	22	16	8	2	8	54.91	0		10.190160
96	190	25	0	32	7	0	15	7	6	450.49	0		18.389321
96	191	51	0	24	14	7	15	4	4	222.98	0		33.318661
39	74	51	0	22	14	11	15	4	4	222.98	0		33.318661
39	73	23	0	14	14	13	8	5	4	80.56	0		17.705467
39	75	64	0	17	7	23	13	2	5	128.90	0		108.065357


-------------------------------------------------------------------------------------------------------------------
Tour_Id:			4
No_of_Customers:		14
No_of_Items:			30
Customer_Sequence:		88 78 29 37 62 6 13 53 56 22 45 28 24 72 

CustId	Id	TypeId	Rotated	x	y	z	Length	Width	Height	mass	Fragility	LoadBearingStrength
72	147	79	0	0	0	0	10	6	7	309.84	0		41.740339
72	146	16	0	0	6	0	7	4	6	148.51	0		17.009814
72	145	8	0	0	10	0	10	4	5	123.93	1		6.511370
24	45	68	0	0	14	0	9	6	7	369.95	0		41.042142
28	50	4	0	0	20	0	12	5	3	84.85	0		60.448102
28	52	48	0	0	20	3	12	2	6	68.95	0		24.051844
28	51	37	0	9	14	0	15	6	8	708.81	1		10.469814
45	87	67	0	0	0	7	13	6	3	174.57	0		31.342227
45	86	57	0	0	0	10	16	6	3	207.17	1		4.884499
22	40	56	0	0	6	6	8	4	6	268.04	0		278.169460
22	41	72	0	0	0	13	7	6	3	109.69	1		12.367229
56	110	77	0	16	0	0	11	6	7	333.04	0		26.419995
56	109	62	0	0	22	3	8	3	5	87.19	0		30.812088
56	108	49	0	0	6	12	7	4	4	129.53	0		73.094391
53	105	54	0	0	6	16	7	5	8	120.34	0		12.159748
53	104	3	0	0	10	5	11	3	5	87.44	1		7.605620
13	21	67	0	11	6	0	13	6	3	174.57	0		31.342227
13	22	92	0	8	6	3	16	4	3	285.52	0		312.014279
13	20	20	0	8	6	6	12	3	3	70.04	0		29.230624
6	11	38	0	0	22	8	8	2	8	54.91	0		10.190160
62	124	98	0	0	20	9	7	2	3	31.91	0		41.480363
62	123	29	0	7	0	13	11	5	8	567.43	1		10.577451
37	69	46	0	8	6	9	12	3	6	90.52	0		28.535450
37	68	4	0	12	20	0	12	5	3	84.85	0		60.448102
37	67	3	0	7	6	15	11	3	5	87.44	1		7.605620
29	53	1	0	7	0	21	9	6	7	128.51	1		11.595942
29	54	15	0	9	14	8	10	6	5	253.86	1		22.040257
78	158	79	0	18	0	7	10	6	7	309.84	0		41.740339
88	176	77	0	18	0	14	11	6	7	333.04	0		26.419995
88	175	27	0	12	20	3	15	4	4	158.85	0		11.484000


-------------------------------------------------------------------------------------------------------------------
Tour_Id:			5
No_of_Customers:		14
No_of_Items:			27
Customer_Sequence:		8 31 79 54 2 40 71 34 47 59 9 19 33 60 

CustId	Id	TypeId	Rotated	x	y	z	Length	Width	Height	mass	Fragility	LoadBearingStrength
60	119	43	0	0	0	0	13	6	4	102.08	0		63.963269
60	118	41	0	0	6	0	12	5	5	106.75	0		19.286751
60	117	37	0	0	11	0	15	6	8	708.81	1		10.469814
33	61	63	0	0	17	0	14	3	4	97.44	0		24.299425
33	60	12	0	0	20	0	10	5	5	118.08	1		4.048424
19	33	35	0	0	0	4	8	6	5	180.81	0		38.919649
19	32	3	0	0	17	4	11	3	5	87.44	1		7.605620
9	15	39	0	0	0	9	10	6	3	74.45	0		5.812918
9	14	15	0	0	11	8	10	6	5	253.86	1		22.040257
59	116	8	0	0	6	5	10	4	5	123.93	1		6.511370
47	91	79	0	0	0	12	10	6	7	309.84	0		41.740339
47	90	22	0	0	0	19	6	2	3	16.56	0		15.084390
34	62	31	0	10	20	0	16	4	3	281.47	0		130.877996
34	63	72	0	0	11	13	7	6	3	109.69	1		12.367229
71	144	68	0	13	0	0	9	6	7	369.95	0		41.042142
71	143	66	0	0	20	5	13	4	7	264.39	1		34.563442
71	142	2	0	0	17	9	13	3	6	107.81	1		5.011166
40	76	9	0	0	2	19	12	4	6	272.75	0		22.219374
40	77	40	0	0	2	25	9	3	4	77.03	0		31.038921
40	78	97	0	12	6	0	6	3	4	64.28	0		207.293165
2	4	78	0	12	0	7	11	3	5	325.70	0		46.329395
2	2	52	0	0	0	22	7	2	8	48.33	0		23.969562
2	3	66	0	0	6	10	13	4	7	264.39	1		34.563442
54	106	23	0	13	20	3	8	5	4	80.56	0		17.705467
79	159	29	0	0	20	12	11	5	8	567.43	1		10.577451
31	57	71	0	0	6	17	16	4	3	59.47	1		6.052544
8	13	80	0	0	6	20	14	5	3	190.03	1		44.524387


-------------------------------------------------------------------------------------------------------------------
Tour_Id:			6
No_of_Customers:		12
No_of_Items:			19
Customer_Sequence:		84 36 15 98 97 4 92 27 70 61 11 89 

CustId	Id	TypeId	Rotated	x	y	z	Length	Width	Height	mass	Fragility	LoadBearingStrength
89	177	86	0	0	0	0	7	5	8	220.84	0		33.665596
11	18	40	0	0	5	0	9	3	4	77.03	0		31.038921
61	122	26	0	0	8	0	13	3	7	256.67	0		85.747746
61	120	18	0	0	11	0	9	6	3	99.58	0		21.635744
61	121	18	0	0	17	0	9	6	3	99.58	0		21.635744
70	141	90	0	0	23	0	17	2	4	86.62	0		57.535138
70	139	49	0	0	11	3	7	4	4	129.53	0		73.094391
70	140	89	0	0	23	4	14	2	4	99.76	1		6.476978
27	48	16	0	0	15	3	7	4	6	148.51	0		17.009814
27	49	97	0	0	19	3	6	3	4	64.28	0		207.293165
92	182	36	0	0	8	7	12	4	5	253.52	0		32.143941
4	7	30	0	9	0	0	11	7	8	446.86	0		13.194143
97	192	24	0	0	0	8	8	5	5	153.89	0		16.006185
98	193	34	0	0	0	13	7	6	8	156.55	0		20.911459
98	194	37	0	9	12	0	15	6	8	708.81	1		10.469814
98	195	57	0	7	12	8	16	6	3	207.17	1		4.884499
15	24	54	0	0	8	12	7	5	8	120.34	0		12.159748
36	66	41	0	8	0	8	12	5	5	106.75	0		19.286751
84	169	89	0	0	23	8	14	2	4	99.76	1		6.476978


