Name:				269_n100_m200_bt100
Problem:			3L-VRPTW
Number_of_used_Vehicles:	6
Total_Travel_Distance:		1074.27
Calculation_Time:		3600.00
Total_Iterations:		12037
ConstraintSet:			P1

-------------------------------------------------------------------------------------------------------------------
Tour_Id:			1
No_of_Customers:		21
No_of_Items:			42
Customer_Sequence:		32 69 61 78 91 9 73 97 58 80 22 71 39 19 92 93 59 45 70 68 23 

CustId	Id	TypeId	Rotated	x	y	z	Length	Width	Height	mass	Fragility	LoadBearingStrength
23	44	76	0	0	0	0	17	7	5	496.15	0		13.547997
23	42	14	0	0	7	0	15	4	4	232.06	0		31.394053
23	43	19	0	0	11	0	9	6	5	108.89	1		4.666768
68	134	6	0	0	17	0	6	3	8	88.38	0		28.454491
68	135	68	0	0	20	0	11	2	5	90.89	0		42.495967
70	138	9	0	0	0	5	13	6	8	598.98	0		28.323195
70	139	65	0	0	11	5	10	5	5	203.10	1		13.613283
45	90	13	0	0	7	4	6	4	6	94.59	0		22.396787
59	115	84	0	0	0	13	13	7	4	201.58	0		24.763093
59	113	42	0	0	0	17	7	5	8	237.29	0		28.544108
59	114	61	0	0	22	0	11	3	5	118.50	0		30.209410
93	187	94	0	0	20	5	7	4	8	152.52	0		44.823635
92	186	76	0	10	11	0	17	7	5	496.15	0		13.547997
92	185	65	1	0	7	10	10	5	5	203.10	1		13.613283
19	36	40	0	6	7	4	11	4	6	237.97	0		85.811274
39	80	85	1	0	7	15	12	5	6	217.78	1		7.332333
71	141	92	0	10	11	5	17	6	5	222.55	0		71.247151
71	140	57	0	5	7	10	8	7	6	330.50	1		8.046970
22	41	79	0	11	18	0	11	3	4	54.45	0		12.141252
22	40	36	0	11	21	0	14	3	3	59.31	0		23.216279
80	159	18	0	11	18	4	11	3	7	112.59	0		38.044955
58	112	76	0	17	0	0	17	7	5	496.15	0		13.547997
58	111	23	0	11	21	3	15	3	7	294.15	0		82.042592
97	195	36	0	11	21	10	14	3	3	59.31	0		23.216279
97	194	11	0	0	5	17	10	2	6	108.50	0		46.700971
73	144	1	0	13	0	5	17	4	8	351.19	0		19.957642
73	145	67	0	0	0	25	8	5	4	131.47	0		48.033390
73	146	67	0	7	0	17	8	5	4	131.47	0		48.033390
9	16	22	0	0	5	23	12	2	5	112.26	0		24.584796
91	184	10	0	11	21	13	12	4	3	128.52	0		53.497773
91	183	8	0	0	19	13	6	4	5	67.10	0		21.445898
78	153	32	0	13	7	10	7	7	4	93.34	0		25.241798
78	154	48	0	0	19	18	6	3	7	105.72	0		105.102983
78	155	85	1	0	7	21	12	5	6	217.78	1		7.332333
61	118	42	0	13	7	14	7	5	8	237.29	0		28.544108
61	119	59	0	11	18	11	9	3	8	88.05	0		43.517969
61	120	60	0	11	18	19	12	2	8	155.88	0		58.615298
69	136	4	1	0	7	27	13	5	3	262.34	1		62.936487
69	137	52	0	5	14	10	11	3	5	163.06	1		37.327568
32	67	98	0	27	7	0	13	6	6	331.30	0		28.765392
32	65	17	0	15	0	13	15	5	3	210.98	0		74.761672
32	66	65	0	15	0	16	10	5	5	203.10	1		13.613283


-------------------------------------------------------------------------------------------------------------------
Tour_Id:			2
No_of_Customers:		19
No_of_Items:			34
Customer_Sequence:		98 65 54 21 11 90 77 20 75 74 4 7 76 47 14 60 51 62 34 

CustId	Id	TypeId	Rotated	x	y	z	Length	Width	Height	mass	Fragility	LoadBearingStrength
34	70	70	0	0	0	0	8	3	7	117.80	0		40.908314
34	69	38	0	0	3	0	8	2	6	89.85	0		114.747158
62	121	88	0	0	5	0	6	6	6	144.61	0		32.279921
51	99	30	0	0	11	0	12	4	8	330.80	0		119.606622
51	100	48	0	0	15	0	6	3	7	105.72	0		105.102983
60	117	17	0	0	18	0	15	5	3	210.98	0		74.761672
60	116	11	0	0	23	0	10	2	6	108.50	0		46.700971
14	27	66	0	0	18	3	13	3	4	118.73	0		80.564736
47	92	4	0	6	5	0	13	5	3	262.34	1		62.936487
76	150	17	0	8	0	0	15	5	3	210.98	0		74.761672
7	12	81	0	12	10	0	14	6	4	120.60	0		58.872700
7	11	42	0	0	3	6	7	5	8	237.29	0		28.544108
4	8	87	0	8	0	3	13	5	8	368.32	0		28.568556
4	7	64	0	7	0	11	13	6	7	287.37	1		26.240691
74	147	7	0	0	18	7	16	3	8	134.63	0		18.501814
74	148	83	0	0	11	8	14	4	4	103.23	0		22.139784
75	149	55	0	7	0	18	16	6	6	379.17	1		8.832901
20	37	48	0	0	8	6	6	3	7	105.72	0		105.102983
77	152	69	0	14	11	4	9	6	8	400.13	0		47.494797
77	151	52	0	0	11	12	11	3	5	163.06	1		37.327568
90	182	86	0	0	8	13	7	3	8	87.48	0		24.025986
90	180	10	0	0	18	15	12	4	3	128.52	0		53.497773
90	181	77	0	0	21	3	6	2	3	13.90	0		22.897810
11	20	87	0	11	11	12	13	5	8	368.32	0		28.568556
11	19	79	0	0	22	6	11	3	4	54.45	0		12.141252
21	39	74	0	11	11	20	9	6	7	324.77	0		26.076203
21	38	32	0	16	17	0	7	7	4	93.34	0		25.241798
54	104	6	0	0	22	10	6	3	8	88.38	0		28.454491
54	105	77	0	0	18	18	6	2	3	13.90	0		22.897810
65	126	15	0	23	0	0	17	6	7	1264.92	0		87.924577
65	128	82	0	7	0	24	14	5	6	184.31	1		4.921102
65	127	72	0	0	20	18	11	4	5	90.62	1		3.639608
98	196	55	0	23	16	0	16	6	6	379.17	1		8.832901
98	197	85	0	23	16	6	12	5	6	217.78	1		7.332333


-------------------------------------------------------------------------------------------------------------------
Tour_Id:			3
No_of_Customers:		18
No_of_Items:			38
Customer_Sequence:		56 41 72 12 85 26 40 38 83 43 27 24 2 49 42 66 57 30 

CustId	Id	TypeId	Rotated	x	y	z	Length	Width	Height	mass	Fragility	LoadBearingStrength
30	60	30	0	0	0	0	12	4	8	330.80	0		119.606622
30	61	47	0	0	4	0	11	6	5	237.20	0		16.151210
30	59	14	0	0	10	0	15	4	4	232.06	0		31.394053
57	110	41	0	0	14	0	16	5	8	549.38	0		67.441846
57	109	20	0	0	19	0	17	5	5	757.02	0		397.399283
66	129	14	0	0	10	4	15	4	4	232.06	0		31.394053
66	130	25	0	0	4	5	10	3	6	78.40	0		50.320268
42	87	73	0	0	10	8	16	7	4	429.48	0		37.762988
42	86	69	0	0	19	5	9	6	8	400.13	0		47.494797
49	94	34	0	0	10	12	17	3	7	166.44	0		18.405235
49	95	43	0	0	13	12	14	5	3	176.12	0		48.646723
49	96	67	0	0	18	13	8	5	4	131.47	0		48.033390
2	3	37	0	0	0	8	7	4	5	77.33	0		35.295145
2	4	45	0	0	7	5	13	2	6	141.45	1		21.408380
24	45	60	0	0	4	11	12	2	8	155.88	0		58.615298
27	52	89	0	0	23	13	11	2	8	59.89	0		7.168630
27	51	66	0	0	13	15	13	3	4	118.73	0		80.564736
27	50	55	0	0	10	19	16	6	6	379.17	1		8.832901
43	88	51	0	12	0	0	17	4	7	210.37	0		61.382571
83	166	36	0	12	4	0	14	3	3	59.31	0		23.216279
38	79	98	0	17	7	0	13	6	6	331.30	0		28.765392
38	78	90	0	17	13	0	9	7	7	196.72	1		6.822264
40	81	26	0	0	0	13	9	4	6	83.27	0		12.224046
40	82	58	0	0	6	11	9	4	5	99.02	1		40.282527
26	48	17	0	12	0	7	15	5	3	210.98	0		74.761672
26	49	64	0	0	0	19	13	6	7	287.37	1		26.240691
26	47	12	0	0	6	16	8	4	5	85.46	1		15.822701
85	171	94	0	0	18	17	7	4	8	152.52	0		44.823635
85	170	27	0	13	0	10	13	4	3	148.51	0		77.509188
12	23	71	0	13	0	13	15	3	3	107.07	0		86.065016
12	21	36	0	13	0	16	14	3	3	59.31	0		23.216279
12	22	49	0	0	6	21	8	3	3	56.83	1		12.479663
72	143	32	0	26	13	0	7	7	4	93.34	0		25.241798
72	142	29	0	26	13	4	7	7	3	123.41	0		52.034830
41	83	32	0	26	13	7	7	7	4	93.34	0		25.241798
41	85	72	0	0	10	25	11	4	5	90.62	1		3.639608
41	84	52	0	13	0	19	11	3	5	163.06	1		37.327568
56	108	61	0	17	20	0	11	3	5	118.50	0		30.209410


-------------------------------------------------------------------------------------------------------------------
Tour_Id:			4
No_of_Customers:		19
No_of_Items:			38
Customer_Sequence:		48 28 95 88 1 36 50 16 15 10 89 3 33 13 37 25 67 44 84 

CustId	Id	TypeId	Rotated	x	y	z	Length	Width	Height	mass	Fragility	LoadBearingStrength
84	168	11	0	0	0	0	10	2	6	108.50	0		46.700971
84	167	2	0	0	2	0	12	3	3	93.10	0		36.533837
84	169	45	0	0	5	0	13	2	6	141.45	1		21.408380
44	89	21	0	0	7	0	7	5	4	100.23	1		8.729030
67	131	3	0	0	12	0	13	4	7	492.81	1		46.820146
67	133	97	0	0	16	0	14	6	4	289.78	1		13.480332
67	132	4	0	0	16	4	13	5	3	262.34	1		62.936487
25	46	83	0	7	7	0	14	4	4	103.23	0		22.139784
37	77	62	0	14	11	0	17	6	7	428.96	0		33.026496
37	75	34	0	0	22	0	17	3	7	166.44	0		18.405235
37	76	61	0	0	2	3	11	3	5	118.50	0		30.209410
13	24	31	0	13	11	7	7	6	7	161.37	0		43.313700
13	25	40	0	0	2	8	11	4	6	237.97	0		85.811274
13	26	71	0	0	22	7	15	3	3	107.07	0		86.065016
33	68	42	0	0	2	14	7	5	8	237.29	0		28.544108
3	6	9	0	20	11	7	13	6	8	598.98	0		28.323195
3	5	7	0	0	22	10	16	3	8	134.63	0		18.501814
89	179	98	0	20	11	15	13	6	6	331.30	0		28.765392
89	178	10	0	7	7	4	12	4	3	128.52	0		53.497773
10	18	73	0	13	0	0	16	7	4	429.48	0		37.762988
10	17	63	0	0	22	18	16	3	3	92.16	0		129.344871
15	28	17	0	11	0	4	15	5	3	210.98	0		74.761672
16	30	27	0	7	7	7	13	4	3	148.51	0		77.509188
16	29	2	0	0	22	21	12	3	3	93.10	0		36.533837
50	97	26	0	0	2	22	9	4	6	83.27	0		12.224046
50	98	44	0	7	7	10	13	2	8	100.02	0		10.820177
36	74	34	0	11	0	7	17	3	7	166.44	0		18.405235
36	73	28	0	14	17	0	9	5	3	61.51	0		17.653463
1	2	74	0	20	11	21	9	6	7	324.77	0		26.076203
1	1	29	0	23	17	0	7	7	3	123.41	0		52.034830
88	177	74	0	17	17	3	9	6	7	324.77	0		26.076203
88	176	28	0	17	17	10	9	5	3	61.51	0		17.653463
95	190	41	0	29	0	0	16	5	8	549.38	0		67.441846
95	191	78	0	11	0	14	6	4	8	61.64	0		7.122401
28	53	27	0	21	7	0	13	4	3	148.51	0		77.509188
28	55	64	0	28	0	8	13	6	7	287.37	1		26.240691
28	54	52	0	0	22	24	11	3	5	163.06	1		37.327568
48	93	22	0	7	9	10	12	2	5	112.26	0		24.584796


-------------------------------------------------------------------------------------------------------------------
Tour_Id:			5
No_of_Customers:		11
No_of_Items:			20
Customer_Sequence:		55 5 46 35 96 100 99 18 31 17 87 

CustId	Id	TypeId	Rotated	x	y	z	Length	Width	Height	mass	Fragility	LoadBearingStrength
87	175	66	0	0	0	0	13	3	4	118.73	0		80.564736
17	32	39	0	0	3	0	15	4	6	245.29	0		30.815949
17	31	6	0	0	7	0	6	3	8	88.38	0		28.454491
17	33	52	0	0	10	0	11	3	5	163.06	1		37.327568
31	64	92	0	0	13	0	17	6	5	222.55	0		71.247151
31	63	84	0	0	13	5	13	7	4	201.58	0		24.763093
31	62	57	0	0	13	9	8	7	6	330.50	1		8.046970
18	34	34	0	0	0	4	17	3	7	166.44	0		18.405235
18	35	93	0	0	20	0	7	3	8	95.04	0		48.188250
99	198	43	0	7	20	0	14	5	3	176.12	0		48.646723
100	199	24	0	11	7	0	16	6	5	475.05	0		25.134497
100	200	56	0	13	7	5	10	7	3	83.18	0		20.643426
96	192	78	0	0	3	6	6	4	8	61.64	0		7.122401
96	193	79	0	0	0	11	11	3	4	54.45	0		12.141252
35	72	44	0	0	0	15	13	2	8	100.02	0		10.820177
35	71	38	0	0	7	8	8	2	6	89.85	0		114.747158
46	91	69	0	13	7	8	9	6	8	400.13	0		47.494797
5	9	95	0	17	0	0	13	6	4	176.28	0		12.560345
55	106	18	0	6	3	6	11	3	7	112.59	0		38.044955
55	107	55	0	17	0	4	16	6	6	379.17	1		8.832901


-------------------------------------------------------------------------------------------------------------------
Tour_Id:			6
No_of_Customers:		12
No_of_Items:			28
Customer_Sequence:		94 81 64 82 8 6 29 52 86 63 53 79 

CustId	Id	TypeId	Rotated	x	y	z	Length	Width	Height	mass	Fragility	LoadBearingStrength
79	158	100	0	0	0	0	17	7	7	819.25	0		46.138163
79	157	96	0	0	7	0	11	4	6	170.79	0		24.708796
79	156	10	0	0	11	0	12	4	3	128.52	0		53.497773
53	103	41	0	0	15	0	16	5	8	549.38	0		67.441846
53	102	18	0	0	20	0	11	3	7	112.59	0		38.044955
63	122	21	0	0	7	6	7	5	4	100.23	1		8.729030
86	173	76	0	0	0	7	17	7	5	496.15	0		13.547997
86	174	86	0	0	12	3	7	3	8	87.48	0		24.025986
86	172	64	0	0	15	8	13	6	7	287.37	1		26.240691
52	101	40	0	0	0	12	11	4	6	237.97	0		85.811274
29	57	74	1	11	0	12	9	6	7	324.77	0		26.076203
29	56	2	0	11	7	0	12	3	3	93.10	0		36.533837
29	58	82	0	0	15	15	14	5	6	184.31	1		4.921102
6	10	6	0	0	12	11	6	3	8	88.38	0		28.454491
8	14	83	0	12	10	0	14	4	4	103.23	0		22.139784
8	15	89	0	0	23	0	11	2	8	59.89	0		7.168630
8	13	11	0	0	21	7	10	2	6	108.50	0		46.700971
82	165	80	0	16	14	0	13	7	8	317.66	0		27.520127
82	163	55	0	14	15	8	16	6	6	379.17	1		8.832901
82	164	58	0	0	15	21	9	4	5	99.02	1		40.282527
64	123	24	0	17	0	0	16	6	5	475.05	0		25.134497
64	125	77	0	0	23	8	6	2	3	13.90	0		22.897810
64	124	57	0	11	0	19	8	7	6	330.50	1		8.046970
81	160	15	0	19	0	5	17	6	7	1264.92	0		87.924577
81	162	98	0	19	0	12	13	6	6	331.30	0		28.765392
81	161	60	0	0	21	13	12	2	8	155.88	0		58.615298
94	189	91	0	19	0	18	9	6	8	151.44	0		34.394473
94	188	27	0	11	10	4	13	4	3	148.51	0		77.509188


