Name:				271_n100_m200_bt3
Problem:			3L-VRPTW
Number_of_used_Vehicles:	12
Total_Travel_Distance:		1129.50
Calculation_Time:		3600.00
Total_Iterations:		16971
ConstraintSet:			P1

-------------------------------------------------------------------------------------------------------------------
Tour_Id:			1
No_of_Customers:		7
No_of_Items:			16
Customer_Sequence:		82 6 15 4 53 5 87 

CustId	Id	TypeId	Rotated	x	y	z	Length	Width	Height	mass	Fragility	LoadBearingStrength
87	174	3	0	0	0	0	14	10	14	848.55	1		7.673454
87	175	3	0	0	10	0	14	10	14	848.55	1		7.673454
87	176	3	0	0	0	14	14	10	14	848.55	1		7.673454
5	11	2	0	14	0	0	22	9	12	870.42	0		38.260607
53	108	2	0	14	9	0	22	9	12	870.42	0		38.260607
53	109	2	0	14	0	12	22	9	12	870.42	0		38.260607
53	107	1	0	0	20	0	25	5	6	275.83	0		8.231674
4	9	2	0	14	9	12	22	9	12	870.42	0		38.260607
4	8	1	0	0	20	6	25	5	6	275.83	0		8.231674
4	10	3	0	0	10	14	14	10	14	848.55	1		7.673454
15	34	2	0	36	0	0	22	9	12	870.42	0		38.260607
15	35	3	0	36	9	0	14	10	14	848.55	1		7.673454
6	12	2	0	36	0	12	22	9	12	870.42	0		38.260607
6	13	3	0	36	9	14	14	10	14	848.55	1		7.673454
6	14	3	1	50	9	0	14	10	14	848.55	1		7.673454
82	166	1	0	14	0	24	25	5	6	275.83	0		8.231674


-------------------------------------------------------------------------------------------------------------------
Tour_Id:			2
No_of_Customers:		13
No_of_Items:			19
Customer_Sequence:		47 57 41 31 69 93 9 43 19 100 88 48 97 

CustId	Id	TypeId	Rotated	x	y	z	Length	Width	Height	mass	Fragility	LoadBearingStrength
97	194	2	0	0	0	0	22	9	12	870.42	0		38.260607
48	98	1	0	0	9	0	25	5	6	275.83	0		8.231674
48	99	3	0	0	14	0	14	10	14	848.55	1		7.673454
19	43	2	0	0	0	12	22	9	12	870.42	0		38.260607
43	92	3	0	0	14	14	14	10	14	848.55	1		7.673454
100	200	3	0	14	14	0	14	10	14	848.55	1		7.673454
100	199	2	0	22	0	0	22	9	12	870.42	0		38.260607
43	91	2	0	22	0	12	22	9	12	870.42	0		38.260607
43	90	1	0	0	9	6	25	5	6	275.83	0		8.231674
88	177	1	0	25	9	0	25	5	6	275.83	0		8.231674
9	19	1	0	0	9	12	25	5	6	275.83	0		8.231674
69	139	2	0	28	14	0	22	9	12	870.42	0		38.260607
93	186	1	0	0	9	18	25	5	6	275.83	0		8.231674
9	20	3	0	14	14	14	14	10	14	848.55	1		7.673454
31	65	1	0	0	0	24	25	5	6	275.83	0		8.231674
69	140	3	0	28	14	12	14	10	14	848.55	1		7.673454
41	88	3	1	50	0	0	14	10	14	848.55	1		7.673454
57	117	1	0	0	5	24	25	5	6	275.83	0		8.231674
47	97	3	1	50	0	14	14	10	14	848.55	1		7.673454


-------------------------------------------------------------------------------------------------------------------
Tour_Id:			3
No_of_Customers:		9
No_of_Items:			17
Customer_Sequence:		46 51 49 90 78 54 18 77 14 

CustId	Id	TypeId	Rotated	x	y	z	Length	Width	Height	mass	Fragility	LoadBearingStrength
14	33	3	0	0	0	0	14	10	14	848.55	1		7.673454
14	31	1	0	0	10	0	25	5	6	275.83	0		8.231674
77	159	3	0	0	15	0	14	10	14	848.55	1		7.673454
14	32	3	0	0	0	14	14	10	14	848.55	1		7.673454
18	41	1	0	0	10	6	25	5	6	275.83	0		8.231674
18	42	3	0	0	15	14	14	10	14	848.55	1		7.673454
54	110	2	0	14	0	0	22	9	12	870.42	0		38.260607
54	112	3	0	14	15	0	14	10	14	848.55	1		7.673454
54	111	2	0	14	0	12	22	9	12	870.42	0		38.260607
78	160	2	0	28	9	0	22	9	12	870.42	0		38.260607
90	181	3	0	14	15	14	14	10	14	848.55	1		7.673454
49	100	2	0	28	9	12	22	9	12	870.42	0		38.260607
90	179	1	0	0	10	12	25	5	6	275.83	0		8.231674
90	180	1	0	0	10	18	25	5	6	275.83	0		8.231674
51	104	2	0	36	0	0	22	9	12	870.42	0		38.260607
51	105	3	1	50	9	0	14	10	14	848.55	1		7.673454
46	96	2	0	36	0	12	22	9	12	870.42	0		38.260607


-------------------------------------------------------------------------------------------------------------------
Tour_Id:			4
No_of_Customers:		6
No_of_Items:			16
Customer_Sequence:		40 11 50 74 75 61 

CustId	Id	TypeId	Rotated	x	y	z	Length	Width	Height	mass	Fragility	LoadBearingStrength
61	124	1	0	0	0	0	25	5	6	275.83	0		8.231674
61	125	3	0	0	5	0	14	10	14	848.55	1		7.673454
75	154	2	0	0	15	0	22	9	12	870.42	0		38.260607
75	155	3	0	0	15	12	14	10	14	848.55	1		7.673454
74	151	3	0	0	5	14	14	10	14	848.55	1		7.673454
74	152	3	0	14	5	0	14	10	14	848.55	1		7.673454
74	153	3	0	14	5	14	14	10	14	848.55	1		7.673454
50	102	2	0	22	15	0	22	9	12	870.42	0		38.260607
50	103	2	0	14	15	12	22	9	12	870.42	0		38.260607
50	101	1	0	0	0	6	25	5	6	275.83	0		8.231674
11	25	2	0	28	0	0	22	9	12	870.42	0		38.260607
11	26	2	0	28	0	12	22	9	12	870.42	0		38.260607
11	24	1	0	0	0	12	25	5	6	275.83	0		8.231674
40	86	2	1	50	0	0	22	9	12	870.42	0		38.260607
40	85	1	0	14	15	24	25	5	6	275.83	0		8.231674
40	87	3	1	50	0	12	14	10	14	848.55	1		7.673454


-------------------------------------------------------------------------------------------------------------------
Tour_Id:			5
No_of_Customers:		10
No_of_Items:			19
Customer_Sequence:		92 94 36 99 89 25 12 23 26 72 

CustId	Id	TypeId	Rotated	x	y	z	Length	Width	Height	mass	Fragility	LoadBearingStrength
72	146	2	0	0	0	0	22	9	12	870.42	0		38.260607
72	147	3	0	0	9	0	14	10	14	848.55	1		7.673454
26	56	2	0	0	0	12	22	9	12	870.42	0		38.260607
26	55	1	0	0	19	0	25	5	6	275.83	0		8.231674
25	54	3	0	0	9	14	14	10	14	848.55	1		7.673454
12	28	1	0	0	19	6	25	5	6	275.83	0		8.231674
23	50	3	0	14	9	0	14	10	14	848.55	1		7.673454
12	27	1	0	0	19	12	25	5	6	275.83	0		8.231674
12	29	2	0	22	0	0	22	9	12	870.42	0		38.260607
23	49	2	0	28	9	0	22	9	12	870.42	0		38.260607
89	178	3	0	14	9	14	14	10	14	848.55	1		7.673454
99	198	2	0	22	0	12	22	9	12	870.42	0		38.260607
99	197	1	0	0	19	18	25	5	6	275.83	0		8.231674
36	75	1	0	0	0	24	25	5	6	275.83	0		8.231674
36	76	3	0	28	9	12	14	10	14	848.55	1		7.673454
94	187	1	0	0	19	24	25	5	6	275.83	0		8.231674
92	184	1	0	25	19	0	25	5	6	275.83	0		8.231674
94	188	3	1	50	0	0	14	10	14	848.55	1		7.673454
92	185	3	1	50	0	14	14	10	14	848.55	1		7.673454


-------------------------------------------------------------------------------------------------------------------
Tour_Id:			6
No_of_Customers:		9
No_of_Items:			18
Customer_Sequence:		83 66 17 64 98 32 86 33 68 

CustId	Id	TypeId	Rotated	x	y	z	Length	Width	Height	mass	Fragility	LoadBearingStrength
68	138	2	0	0	0	0	22	9	12	870.42	0		38.260607
68	137	1	0	0	9	0	25	5	6	275.83	0		8.231674
33	70	3	0	0	14	0	14	10	14	848.55	1		7.673454
33	69	1	0	0	9	6	25	5	6	275.83	0		8.231674
86	173	1	0	0	0	12	25	5	6	275.83	0		8.231674
32	67	3	0	0	14	14	14	10	14	848.55	1		7.673454
32	66	1	0	0	5	12	25	5	6	275.83	0		8.231674
32	68	3	0	14	14	0	14	10	14	848.55	1		7.673454
64	131	2	0	0	0	18	22	9	12	870.42	0		38.260607
98	196	3	0	14	14	14	14	10	14	848.55	1		7.673454
17	38	1	0	25	0	0	25	5	6	275.83	0		8.231674
98	195	3	0	28	14	0	14	10	14	848.55	1		7.673454
17	39	3	0	28	14	14	14	10	14	848.55	1		7.673454
64	130	2	0	25	5	0	22	9	12	870.42	0		38.260607
17	40	3	0	42	14	0	14	10	14	848.55	1		7.673454
66	133	3	0	42	14	14	14	10	14	848.55	1		7.673454
83	167	2	0	25	5	12	22	9	12	870.42	0		38.260607
83	168	3	1	50	0	0	14	10	14	848.55	1		7.673454


-------------------------------------------------------------------------------------------------------------------
Tour_Id:			7
No_of_Customers:		1
No_of_Items:			0
Customer_Sequence:		59 

-------------------------------------------------------------------------------------------------------------------
Tour_Id:			8
No_of_Customers:		10
No_of_Items:			18
Customer_Sequence:		21 3 29 30 52 34 81 80 58 44 

CustId	Id	TypeId	Rotated	x	y	z	Length	Width	Height	mass	Fragility	LoadBearingStrength
44	93	3	0	0	0	0	14	10	14	848.55	1		7.673454
44	94	3	0	0	10	0	14	10	14	848.55	1		7.673454
58	118	2	0	14	0	0	22	9	12	870.42	0		38.260607
80	163	1	0	0	20	0	25	5	6	275.83	0		8.231674
80	164	3	0	0	0	14	14	10	14	848.55	1		7.673454
34	72	1	0	0	20	6	25	5	6	275.83	0		8.231674
3	6	2	0	14	9	0	22	9	12	870.42	0		38.260607
81	165	3	0	0	10	14	14	10	14	848.55	1		7.673454
52	106	2	0	14	0	12	22	9	12	870.42	0		38.260607
30	63	1	0	0	20	12	25	5	6	275.83	0		8.231674
30	64	1	0	0	20	18	25	5	6	275.83	0		8.231674
29	61	2	0	36	0	0	22	9	12	870.42	0		38.260607
29	62	2	0	36	0	12	22	9	12	870.42	0		38.260607
29	60	1	0	0	20	24	25	5	6	275.83	0		8.231674
34	71	1	0	25	18	0	25	5	6	275.83	0		8.231674
3	7	2	0	14	9	12	22	9	12	870.42	0		38.260607
21	46	2	0	36	9	0	22	9	12	870.42	0		38.260607
21	47	2	0	36	9	12	22	9	12	870.42	0		38.260607


-------------------------------------------------------------------------------------------------------------------
Tour_Id:			9
No_of_Customers:		9
No_of_Items:			20
Customer_Sequence:		96 27 60 62 13 73 37 79 95 

CustId	Id	TypeId	Rotated	x	y	z	Length	Width	Height	mass	Fragility	LoadBearingStrength
37	78	3	0	0	0	0	14	10	14	848.55	1		7.673454
95	191	2	0	0	10	0	22	9	12	870.42	0		38.260607
95	189	1	0	0	19	0	25	5	6	275.83	0		8.231674
37	77	2	0	0	10	12	22	9	12	870.42	0		38.260607
79	162	1	0	0	19	6	25	5	6	275.83	0		8.231674
79	161	1	0	0	19	12	25	5	6	275.83	0		8.231674
95	190	2	0	22	10	0	22	9	12	870.42	0		38.260607
73	149	1	0	0	19	18	25	5	6	275.83	0		8.231674
73	150	3	0	0	0	14	14	10	14	848.55	1		7.673454
73	148	1	0	0	10	24	25	5	6	275.83	0		8.231674
13	30	3	0	14	0	0	14	10	14	848.55	1		7.673454
62	126	2	0	28	0	0	22	9	12	870.42	0		38.260607
62	127	2	0	28	0	12	22	9	12	870.42	0		38.260607
60	123	2	1	50	0	0	22	9	12	870.42	0		38.260607
62	128	3	0	14	0	14	14	10	14	848.55	1		7.673454
60	122	1	0	0	15	24	25	5	6	275.83	0		8.231674
27	58	2	0	25	10	12	22	9	12	870.42	0		38.260607
27	57	1	0	0	20	24	25	5	6	275.83	0		8.231674
96	193	2	1	50	0	12	22	9	12	870.42	0		38.260607
96	192	1	0	25	10	24	25	5	6	275.83	0		8.231674


-------------------------------------------------------------------------------------------------------------------
Tour_Id:			10
No_of_Customers:		9
No_of_Items:			18
Customer_Sequence:		2 10 67 76 45 85 22 39 63 

CustId	Id	TypeId	Rotated	x	y	z	Length	Width	Height	mass	Fragility	LoadBearingStrength
63	129	3	0	0	0	0	14	10	14	848.55	1		7.673454
39	83	2	0	0	10	0	22	9	12	870.42	0		38.260607
39	82	1	0	0	19	0	25	5	6	275.83	0		8.231674
39	84	3	0	0	10	12	14	10	14	848.55	1		7.673454
22	48	3	0	0	0	14	14	10	14	848.55	1		7.673454
85	172	2	0	14	0	0	22	9	12	870.42	0		38.260607
45	95	1	0	0	20	6	25	5	6	275.83	0		8.231674
76	157	2	0	14	0	12	22	9	12	870.42	0		38.260607
76	156	1	0	0	20	12	25	5	6	275.83	0		8.231674
67	134	1	0	0	20	18	25	5	6	275.83	0		8.231674
67	135	2	0	22	10	0	22	9	12	870.42	0		38.260607
76	158	3	0	36	0	0	14	10	14	848.55	1		7.673454
67	136	3	0	14	10	12	14	10	14	848.55	1		7.673454
10	21	1	0	0	20	24	25	5	6	275.83	0		8.231674
10	22	3	0	28	10	12	14	10	14	848.55	1		7.673454
10	23	3	0	36	0	14	14	10	14	848.55	1		7.673454
2	4	2	1	50	0	0	22	9	12	870.42	0		38.260607
2	5	2	1	50	0	12	22	9	12	870.42	0		38.260607


-------------------------------------------------------------------------------------------------------------------
Tour_Id:			11
No_of_Customers:		8
No_of_Items:			18
Customer_Sequence:		55 42 35 20 24 84 70 56 

CustId	Id	TypeId	Rotated	x	y	z	Length	Width	Height	mass	Fragility	LoadBearingStrength
56	115	1	0	0	0	0	25	5	6	275.83	0		8.231674
56	116	3	0	0	5	0	14	10	14	848.55	1		7.673454
70	141	1	0	0	15	0	25	5	6	275.83	0		8.231674
70	142	1	0	0	20	0	25	5	6	275.83	0		8.231674
24	52	2	0	0	15	6	22	9	12	870.42	0		38.260607
84	169	1	0	0	0	6	25	5	6	275.83	0		8.231674
70	143	3	0	0	5	14	14	10	14	848.55	1		7.673454
84	171	3	0	14	5	0	14	10	14	848.55	1		7.673454
24	51	1	0	0	0	12	25	5	6	275.83	0		8.231674
24	53	2	0	0	15	18	22	9	12	870.42	0		38.260607
84	170	1	0	25	0	0	25	5	6	275.83	0		8.231674
20	44	2	0	25	15	0	22	9	12	870.42	0		38.260607
20	45	2	0	22	15	12	22	9	12	870.42	0		38.260607
35	73	2	0	28	5	0	22	9	12	870.42	0		38.260607
35	74	3	0	14	5	14	14	10	14	848.55	1		7.673454
42	89	2	0	28	5	12	22	9	12	870.42	0		38.260607
55	113	2	1	50	0	0	22	9	12	870.42	0		38.260607
55	114	2	1	50	0	12	22	9	12	870.42	0		38.260607


-------------------------------------------------------------------------------------------------------------------
Tour_Id:			12
No_of_Customers:		9
No_of_Items:			18
Customer_Sequence:		8 1 16 7 71 65 38 28 91 

CustId	Id	TypeId	Rotated	x	y	z	Length	Width	Height	mass	Fragility	LoadBearingStrength
38	81	3	0	0	0	0	14	10	14	848.55	1		7.673454
91	183	3	0	0	10	0	14	10	14	848.55	1		7.673454
91	182	1	0	0	20	0	25	5	6	275.83	0		8.231674
38	79	1	0	0	20	6	25	5	6	275.83	0		8.231674
7	16	2	0	14	0	0	22	9	12	870.42	0		38.260607
65	132	2	0	14	9	0	22	9	12	870.42	0		38.260607
38	80	3	0	0	0	14	14	10	14	848.55	1		7.673454
71	144	2	0	14	9	12	22	9	12	870.42	0		38.260607
71	145	3	0	0	10	14	14	10	14	848.55	1		7.673454
28	59	1	0	25	20	0	25	5	6	275.83	0		8.231674
7	15	1	0	0	20	12	25	5	6	275.83	0		8.231674
16	37	2	0	14	0	12	22	9	12	870.42	0		38.260607
8	17	2	0	36	0	0	22	9	12	870.42	0		38.260607
1	2	2	0	36	9	0	22	9	12	870.42	0		38.260607
8	18	3	0	36	0	12	14	10	14	848.55	1		7.673454
1	1	1	0	0	20	18	25	5	6	275.83	0		8.231674
16	36	1	0	25	20	6	25	5	6	275.83	0		8.231674
1	3	2	0	36	10	12	22	9	12	870.42	0		38.260607


