Name:				274_n100_m200_bt3
Problem:			3L-VRPTW
Number_of_used_Vehicles:	11
Total_Travel_Distance:		1156.58
Calculation_Time:		1259.69
Total_Iterations:		25001
ConstraintSet:			P1

-------------------------------------------------------------------------------------------------------------------
Tour_Id:			1
No_of_Customers:		8
No_of_Items:			17
Customer_Sequence:		64 2 37 88 19 70 18 94 

CustId	Id	TypeId	Rotated	x	y	z	Length	Width	Height	mass	Fragility	LoadBearingStrength
94	190	3	0	0	0	0	19	5	13	376.31	1		5.014902
18	35	1	0	0	5	0	15	12	10	852.43	0		11.724607
70	138	1	0	0	5	10	15	12	10	852.43	0		11.724607
2	3	1	0	0	5	20	15	12	10	852.43	0		11.724607
70	140	2	0	0	17	0	20	8	9	824.67	0		58.758494
19	36	1	0	15	5	0	15	12	10	852.43	0		11.724607
19	37	2	0	0	17	9	20	8	9	824.67	0		58.758494
88	179	2	0	0	17	18	20	8	9	824.67	0		58.758494
37	70	1	0	15	5	10	15	12	10	852.43	0		11.724607
37	71	3	0	0	0	13	19	5	13	376.31	1		5.014902
37	72	3	0	19	0	0	19	5	13	376.31	1		5.014902
70	139	2	0	20	17	0	20	8	9	824.67	0		58.758494
2	4	1	0	15	5	20	15	12	10	852.43	0		11.724607
2	5	2	0	20	17	9	20	8	9	824.67	0		58.758494
64	122	2	0	20	17	18	20	8	9	824.67	0		58.758494
64	123	3	0	19	0	13	19	5	13	376.31	1		5.014902
64	124	3	0	30	5	0	19	5	13	376.31	1		5.014902


-------------------------------------------------------------------------------------------------------------------
Tour_Id:			2
No_of_Customers:		9
No_of_Items:			18
Customer_Sequence:		1 99 78 43 7 38 26 28 44 

CustId	Id	TypeId	Rotated	x	y	z	Length	Width	Height	mass	Fragility	LoadBearingStrength
44	85	1	0	0	0	0	15	12	10	852.43	0		11.724607
44	86	3	0	0	12	0	19	5	13	376.31	1		5.014902
44	87	3	0	0	17	0	19	5	13	376.31	1		5.014902
28	58	2	0	0	0	10	20	8	9	824.67	0		58.758494
26	55	3	0	0	12	13	19	5	13	376.31	1		5.014902
38	73	2	0	0	0	19	20	8	9	824.67	0		58.758494
38	74	3	0	0	17	13	19	5	13	376.31	1		5.014902
38	75	3	0	19	8	0	19	5	13	376.31	1		5.014902
7	12	1	0	19	13	0	15	12	10	852.43	0		11.724607
7	13	3	0	19	8	13	19	5	13	376.31	1		5.014902
43	83	1	0	19	13	10	15	12	10	852.43	0		11.724607
43	84	2	0	19	13	20	20	8	9	824.67	0		58.758494
78	158	1	0	38	0	0	15	12	10	852.43	0		11.724607
78	159	1	0	38	0	10	15	12	10	852.43	0		11.724607
78	160	2	0	38	0	20	20	8	9	824.67	0		58.758494
99	199	1	0	39	12	0	15	12	10	852.43	0		11.724607
1	1	2	0	39	12	10	20	8	9	824.67	0		58.758494
1	2	2	0	39	12	19	20	8	9	824.67	0		58.758494


-------------------------------------------------------------------------------------------------------------------
Tour_Id:			3
No_of_Customers:		11
No_of_Items:			21
Customer_Sequence:		35 45 20 63 61 4 71 5 55 21 48 

CustId	Id	TypeId	Rotated	x	y	z	Length	Width	Height	mass	Fragility	LoadBearingStrength
21	41	1	0	0	0	0	15	12	10	852.43	0		11.724607
48	95	3	0	0	12	0	19	5	13	376.31	1		5.014902
21	42	2	0	0	17	0	20	8	9	824.67	0		58.758494
48	94	3	0	0	12	13	19	5	13	376.31	1		5.014902
20	40	2	0	0	0	10	20	8	9	824.67	0		58.758494
55	108	3	0	0	17	9	19	5	13	376.31	1		5.014902
55	107	1	0	15	0	0	15	12	10	852.43	0		11.724607
5	10	3	0	19	12	0	19	5	13	376.31	1		5.014902
71	141	1	0	30	0	0	15	12	10	852.43	0		11.724607
55	109	3	0	20	17	0	19	5	13	376.31	1		5.014902
4	9	3	0	19	12	13	19	5	13	376.31	1		5.014902
20	38	1	0	20	0	10	15	12	10	852.43	0		11.724607
61	117	3	0	19	17	13	19	5	13	376.31	1		5.014902
61	116	1	0	45	0	0	15	12	10	852.43	0		11.724607
63	121	3	0	38	12	0	19	5	13	376.31	1		5.014902
20	39	1	0	20	0	20	15	12	10	852.43	0		11.724607
71	142	3	0	39	17	0	19	5	13	376.31	1		5.014902
45	88	1	0	35	0	10	15	12	10	852.43	0		11.724607
45	89	3	0	38	12	13	19	5	13	376.31	1		5.014902
35	66	2	0	35	0	20	20	8	9	824.67	0		58.758494
35	67	3	0	38	17	13	19	5	13	376.31	1		5.014902


-------------------------------------------------------------------------------------------------------------------
Tour_Id:			4
No_of_Customers:		10
No_of_Items:			19
Customer_Sequence:		96 23 67 9 41 100 25 90 80 59 

CustId	Id	TypeId	Rotated	x	y	z	Length	Width	Height	mass	Fragility	LoadBearingStrength
59	114	1	0	0	0	0	15	12	10	852.43	0		11.724607
80	163	3	0	0	12	0	19	5	13	376.31	1		5.014902
80	164	3	0	0	17	0	19	5	13	376.31	1		5.014902
90	183	2	0	0	0	10	20	8	9	824.67	0		58.758494
25	52	1	0	19	8	0	15	12	10	852.43	0		11.724607
25	53	3	0	0	12	13	19	5	13	376.31	1		5.014902
25	54	3	0	0	17	13	19	5	13	376.31	1		5.014902
100	200	3	0	19	20	0	19	5	13	376.31	1		5.014902
41	80	2	0	0	0	19	20	8	9	824.67	0		58.758494
9	15	1	0	19	8	10	15	12	10	852.43	0		11.724607
9	16	3	0	19	20	13	19	5	13	376.31	1		5.014902
67	131	1	0	19	8	20	15	12	10	852.43	0		11.724607
67	132	3	0	20	0	0	19	5	13	376.31	1		5.014902
23	46	1	0	34	5	0	15	12	10	852.43	0		11.724607
96	194	1	0	34	5	10	15	12	10	852.43	0		11.724607
23	48	3	0	20	0	13	19	5	13	376.31	1		5.014902
96	193	1	0	34	5	20	15	12	10	852.43	0		11.724607
23	47	2	1	49	0	0	20	8	9	824.67	0		58.758494
96	195	2	1	49	0	9	20	8	9	824.67	0		58.758494


-------------------------------------------------------------------------------------------------------------------
Tour_Id:			5
No_of_Customers:		8
No_of_Items:			18
Customer_Sequence:		17 79 3 49 31 13 24 75 

CustId	Id	TypeId	Rotated	x	y	z	Length	Width	Height	mass	Fragility	LoadBearingStrength
75	150	1	0	0	0	0	15	12	10	852.43	0		11.724607
75	151	1	0	0	12	0	15	12	10	852.43	0		11.724607
75	152	3	0	0	0	10	19	5	13	376.31	1		5.014902
24	49	2	0	0	5	10	20	8	9	824.67	0		58.758494
24	50	2	0	0	13	10	20	8	9	824.67	0		58.758494
24	51	3	0	19	0	0	19	5	13	376.31	1		5.014902
13	23	2	0	0	5	19	20	8	9	824.67	0		58.758494
13	24	2	0	0	13	19	20	8	9	824.67	0		58.758494
31	61	1	0	20	5	0	15	12	10	852.43	0		11.724607
49	96	1	0	20	5	10	15	12	10	852.43	0		11.724607
3	6	1	0	20	5	20	15	12	10	852.43	0		11.724607
3	7	1	0	35	5	0	15	12	10	852.43	0		11.724607
3	8	3	0	19	0	13	19	5	13	376.31	1		5.014902
79	161	3	0	20	17	0	19	5	13	376.31	1		5.014902
79	162	3	0	20	17	13	19	5	13	376.31	1		5.014902
17	32	2	0	35	5	10	20	8	9	824.67	0		58.758494
17	33	2	0	35	5	19	20	8	9	824.67	0		58.758494
17	34	3	0	38	0	0	19	5	13	376.31	1		5.014902


-------------------------------------------------------------------------------------------------------------------
Tour_Id:			6
No_of_Customers:		11
No_of_Items:			20
Customer_Sequence:		76 42 10 14 97 12 53 83 60 6 98 

CustId	Id	TypeId	Rotated	x	y	z	Length	Width	Height	mass	Fragility	LoadBearingStrength
98	198	3	0	0	0	0	19	5	13	376.31	1		5.014902
6	11	3	0	0	5	0	19	5	13	376.31	1		5.014902
60	115	3	0	0	10	0	19	5	13	376.31	1		5.014902
83	169	2	0	0	15	0	20	8	9	824.67	0		58.758494
83	170	3	0	0	0	13	19	5	13	376.31	1		5.014902
53	103	2	0	0	15	9	20	8	9	824.67	0		58.758494
53	104	3	0	0	5	13	19	5	13	376.31	1		5.014902
12	22	2	0	0	15	18	20	8	9	824.67	0		58.758494
97	196	2	0	19	0	0	20	8	9	824.67	0		58.758494
97	197	3	0	0	10	13	19	5	13	376.31	1		5.014902
14	25	2	0	19	0	9	20	8	9	824.67	0		58.758494
14	26	2	0	19	0	18	20	8	9	824.67	0		58.758494
14	27	3	0	19	8	0	19	5	13	376.31	1		5.014902
10	17	1	0	38	8	0	15	12	10	852.43	0		11.724607
10	18	3	0	19	8	13	19	5	13	376.31	1		5.014902
10	19	3	0	20	20	0	19	5	13	376.31	1		5.014902
42	81	1	0	38	8	10	15	12	10	852.43	0		11.724607
42	82	1	0	38	8	20	15	12	10	852.43	0		11.724607
76	153	2	0	39	0	0	20	8	9	824.67	0		58.758494
76	154	2	0	39	0	9	20	8	9	824.67	0		58.758494


-------------------------------------------------------------------------------------------------------------------
Tour_Id:			7
No_of_Customers:		9
No_of_Items:			19
Customer_Sequence:		34 52 66 54 93 30 15 22 91 

CustId	Id	TypeId	Rotated	x	y	z	Length	Width	Height	mass	Fragility	LoadBearingStrength
91	184	2	0	0	0	0	20	8	9	824.67	0		58.758494
22	43	1	0	0	8	0	15	12	10	852.43	0		11.724607
22	44	2	0	0	0	9	20	8	9	824.67	0		58.758494
22	45	2	0	0	8	10	20	8	9	824.67	0		58.758494
15	28	1	0	20	0	0	15	12	10	852.43	0		11.724607
15	29	1	0	20	12	0	15	12	10	852.43	0		11.724607
15	30	3	0	0	20	0	19	5	13	376.31	1		5.014902
30	60	2	0	0	0	18	20	8	9	824.67	0		58.758494
93	187	1	0	20	0	10	15	12	10	852.43	0		11.724607
93	188	1	0	20	12	10	15	12	10	852.43	0		11.724607
93	189	2	0	0	8	19	20	8	9	824.67	0		58.758494
54	105	3	0	35	0	0	19	5	13	376.31	1		5.014902
54	106	3	0	35	5	0	19	5	13	376.31	1		5.014902
66	128	3	0	35	10	0	19	5	13	376.31	1		5.014902
66	129	3	0	35	15	0	19	5	13	376.31	1		5.014902
66	130	3	0	35	20	0	19	5	13	376.31	1		5.014902
52	101	1	0	20	0	20	15	12	10	852.43	0		11.724607
52	102	3	0	35	0	13	19	5	13	376.31	1		5.014902
34	65	3	0	35	5	13	19	5	13	376.31	1		5.014902


-------------------------------------------------------------------------------------------------------------------
Tour_Id:			8
No_of_Customers:		10
No_of_Items:			17
Customer_Sequence:		56 92 74 85 82 16 84 81 32 47 

CustId	Id	TypeId	Rotated	x	y	z	Length	Width	Height	mass	Fragility	LoadBearingStrength
47	92	1	0	0	0	0	15	12	10	852.43	0		11.724607
47	93	1	0	0	12	0	15	12	10	852.43	0		11.724607
32	62	2	0	0	0	10	20	8	9	824.67	0		58.758494
32	63	2	0	0	8	10	20	8	9	824.67	0		58.758494
81	165	2	0	0	16	10	20	8	9	824.67	0		58.758494
81	166	2	0	0	0	19	20	8	9	824.67	0		58.758494
84	171	2	0	0	8	19	20	8	9	824.67	0		58.758494
16	31	1	0	20	0	0	15	12	10	852.43	0		11.724607
82	167	3	0	20	12	0	19	5	13	376.31	1		5.014902
82	168	3	0	20	17	0	19	5	13	376.31	1		5.014902
85	172	1	0	20	0	10	15	12	10	852.43	0		11.724607
74	147	1	0	20	0	20	15	12	10	852.43	0		11.724607
74	148	3	0	20	12	13	19	5	13	376.31	1		5.014902
74	149	3	0	20	17	13	19	5	13	376.31	1		5.014902
92	185	1	0	35	0	0	15	12	10	852.43	0		11.724607
92	186	1	0	35	0	10	15	12	10	852.43	0		11.724607
56	110	1	0	35	0	20	15	12	10	852.43	0		11.724607


-------------------------------------------------------------------------------------------------------------------
Tour_Id:			9
No_of_Customers:		8
No_of_Items:			17
Customer_Sequence:		46 27 77 86 29 69 11 36 

CustId	Id	TypeId	Rotated	x	y	z	Length	Width	Height	mass	Fragility	LoadBearingStrength
36	68	1	0	0	0	0	15	12	10	852.43	0		11.724607
36	69	3	0	0	12	0	19	5	13	376.31	1		5.014902
11	20	1	0	0	0	10	15	12	10	852.43	0		11.724607
11	21	2	0	0	17	0	20	8	9	824.67	0		58.758494
69	136	1	0	0	0	20	15	12	10	852.43	0		11.724607
69	137	1	0	15	0	0	15	12	10	852.43	0		11.724607
29	59	3	0	0	17	9	19	5	13	376.31	1		5.014902
86	173	1	0	15	0	10	15	12	10	852.43	0		11.724607
86	174	2	0	15	0	20	20	8	9	824.67	0		58.758494
86	175	2	0	20	12	0	20	8	9	824.67	0		58.758494
77	155	1	0	35	0	0	15	12	10	852.43	0		11.724607
77	156	1	0	35	0	10	15	12	10	852.43	0		11.724607
77	157	3	0	0	12	13	19	5	13	376.31	1		5.014902
27	56	2	0	19	12	9	20	8	9	824.67	0		58.758494
27	57	3	0	20	20	0	19	5	13	376.31	1		5.014902
46	90	2	0	19	12	18	20	8	9	824.67	0		58.758494
46	91	2	0	35	0	20	20	8	9	824.67	0		58.758494


-------------------------------------------------------------------------------------------------------------------
Tour_Id:			10
No_of_Customers:		8
No_of_Items:			18
Customer_Sequence:		33 39 68 57 62 65 50 40 

CustId	Id	TypeId	Rotated	x	y	z	Length	Width	Height	mass	Fragility	LoadBearingStrength
40	77	1	0	0	0	0	15	12	10	852.43	0		11.724607
40	78	2	0	0	12	0	20	8	9	824.67	0		58.758494
40	79	3	0	0	20	0	19	5	13	376.31	1		5.014902
50	97	1	0	0	0	10	15	12	10	852.43	0		11.724607
50	98	3	0	0	12	9	19	5	13	376.31	1		5.014902
65	125	1	0	0	0	20	15	12	10	852.43	0		11.724607
65	126	1	0	15	0	0	15	12	10	852.43	0		11.724607
65	127	3	0	0	20	13	19	5	13	376.31	1		5.014902
62	118	1	0	15	0	10	15	12	10	852.43	0		11.724607
62	119	2	0	15	0	20	20	8	9	824.67	0		58.758494
62	120	2	0	20	12	0	20	8	9	824.67	0		58.758494
57	111	2	0	19	12	9	20	8	9	824.67	0		58.758494
57	112	2	0	19	12	18	20	8	9	824.67	0		58.758494
68	133	1	0	35	0	0	15	12	10	852.43	0		11.724607
68	134	3	0	19	20	0	19	5	13	376.31	1		5.014902
68	135	3	0	19	20	13	19	5	13	376.31	1		5.014902
39	76	3	0	35	0	10	19	5	13	376.31	1		5.014902
33	64	1	0	40	12	0	15	12	10	852.43	0		11.724607


-------------------------------------------------------------------------------------------------------------------
Tour_Id:			11
No_of_Customers:		8
No_of_Items:			16
Customer_Sequence:		87 73 89 51 95 72 8 58 

CustId	Id	TypeId	Rotated	x	y	z	Length	Width	Height	mass	Fragility	LoadBearingStrength
58	113	3	0	0	0	0	19	5	13	376.31	1		5.014902
8	14	2	0	0	5	0	20	8	9	824.67	0		58.758494
72	143	1	0	0	13	0	15	12	10	852.43	0		11.724607
72	144	1	0	0	13	10	15	12	10	852.43	0		11.724607
72	145	2	0	0	5	9	20	8	9	824.67	0		58.758494
95	191	2	0	0	5	18	20	8	9	824.67	0		58.758494
95	192	2	0	0	13	20	20	8	9	824.67	0		58.758494
51	99	2	0	20	0	0	20	8	9	824.67	0		58.758494
51	100	3	0	0	0	13	19	5	13	376.31	1		5.014902
89	180	1	0	20	8	0	15	12	10	852.43	0		11.724607
89	181	1	0	20	8	10	15	12	10	852.43	0		11.724607
89	182	1	0	20	8	20	15	12	10	852.43	0		11.724607
73	146	1	0	35	8	0	15	12	10	852.43	0		11.724607
87	176	1	0	35	8	10	15	12	10	852.43	0		11.724607
87	177	3	0	19	0	9	19	5	13	376.31	1		5.014902
87	178	3	0	20	20	0	19	5	13	376.31	1		5.014902


