Name:				275_n100_m200_bt3
Problem:			3L-VRPTW
Number_of_used_Vehicles:	23
Total_Travel_Distance:		1729.20
Calculation_Time:		3600.00
Total_Iterations:		11168
ConstraintSet:			P1

-------------------------------------------------------------------------------------------------------------------
Tour_Id:			1
No_of_Customers:		6
No_of_Items:			17
Customer_Sequence:		15 95 19 29 56 73 

CustId	Id	TypeId	Rotated	x	y	z	Length	Width	Height	mass	Fragility	LoadBearingStrength
73	147	2	0	0	0	0	17	8	6	409.31	1		10.137763
73	148	2	0	0	8	0	17	8	6	409.31	1		10.137763
73	149	2	0	0	16	0	17	8	6	409.31	1		10.137763
56	111	3	0	17	0	0	15	6	12	474.53	0		26.342421
56	112	3	0	17	6	0	15	6	12	474.53	0		26.342421
56	110	2	0	0	0	6	17	8	6	409.31	1		10.137763
29	57	1	0	17	12	0	35	13	11	1673.94	0		14.570369
29	58	2	0	0	16	6	17	8	6	409.31	1		10.137763
29	59	2	0	0	0	12	17	8	6	409.31	1		10.137763
19	36	1	0	17	12	11	35	13	11	1673.94	0		14.570369
19	37	3	0	17	0	12	15	6	12	474.53	0		26.342421
19	38	3	0	17	6	12	15	6	12	474.53	0		26.342421
95	189	2	0	17	12	22	17	8	6	409.31	1		10.137763
95	190	2	0	17	0	24	17	8	6	409.31	1		10.137763
15	30	3	0	34	0	0	15	6	12	474.53	0		26.342421
15	31	3	0	34	6	0	15	6	12	474.53	0		26.342421
15	29	2	0	34	0	12	17	8	6	409.31	1		10.137763


-------------------------------------------------------------------------------------------------------------------
Tour_Id:			2
No_of_Customers:		9
No_of_Items:			21
Customer_Sequence:		30 18 81 4 8 50 39 13 31 

CustId	Id	TypeId	Rotated	x	y	z	Length	Width	Height	mass	Fragility	LoadBearingStrength
31	65	3	0	0	0	0	15	6	12	474.53	0		26.342421
31	63	2	0	0	6	0	17	8	6	409.31	1		10.137763
31	64	2	0	0	14	0	17	8	6	409.31	1		10.137763
13	25	3	0	0	0	12	15	6	12	474.53	0		26.342421
13	26	3	0	15	0	0	15	6	12	474.53	0		26.342421
13	24	2	0	0	6	6	17	8	6	409.31	1		10.137763
39	79	3	0	15	0	12	15	6	12	474.53	0		26.342421
39	78	2	0	0	14	6	17	8	6	409.31	1		10.137763
50	100	2	0	0	6	12	17	8	6	409.31	1		10.137763
50	101	2	0	0	14	12	17	8	6	409.31	1		10.137763
8	16	3	0	17	6	0	15	6	12	474.53	0		26.342421
8	15	2	0	0	6	18	17	8	6	409.31	1		10.137763
4	7	1	0	17	12	0	35	13	11	1673.94	0		14.570369
4	8	2	0	0	14	18	17	8	6	409.31	1		10.137763
81	162	1	0	17	12	11	35	13	11	1673.94	0		14.570369
81	163	3	0	30	0	0	15	6	12	474.53	0		26.342421
18	34	2	0	0	0	24	17	8	6	409.31	1		10.137763
18	35	2	0	0	8	24	17	8	6	409.31	1		10.137763
30	62	3	0	30	0	12	15	6	12	474.53	0		26.342421
30	60	2	0	0	16	24	17	8	6	409.31	1		10.137763
30	61	2	0	17	12	22	17	8	6	409.31	1		10.137763


-------------------------------------------------------------------------------------------------------------------
Tour_Id:			3
No_of_Customers:		2
No_of_Items:			3
Customer_Sequence:		21 99 

CustId	Id	TypeId	Rotated	x	y	z	Length	Width	Height	mass	Fragility	LoadBearingStrength
99	196	1	0	0	0	0	35	13	11	1673.94	0		14.570369
99	197	2	0	0	13	0	17	8	6	409.31	1		10.137763
21	41	1	0	0	0	11	35	13	11	1673.94	0		14.570369


-------------------------------------------------------------------------------------------------------------------
Tour_Id:			4
No_of_Customers:		2
No_of_Items:			5
Customer_Sequence:		34 75 

CustId	Id	TypeId	Rotated	x	y	z	Length	Width	Height	mass	Fragility	LoadBearingStrength
75	151	1	0	0	0	0	35	13	11	1673.94	0		14.570369
75	152	3	0	0	13	0	15	6	12	474.53	0		26.342421
75	153	3	0	0	19	0	15	6	12	474.53	0		26.342421
34	69	1	0	0	0	11	35	13	11	1673.94	0		14.570369
34	70	2	0	0	13	12	17	8	6	409.31	1		10.137763


-------------------------------------------------------------------------------------------------------------------
Tour_Id:			5
No_of_Customers:		4
No_of_Items:			8
Customer_Sequence:		96 84 22 71 

CustId	Id	TypeId	Rotated	x	y	z	Length	Width	Height	mass	Fragility	LoadBearingStrength
71	145	3	0	0	0	0	15	6	12	474.53	0		26.342421
71	144	2	0	0	6	0	17	8	6	409.31	1		10.137763
22	43	3	0	0	14	0	15	6	12	474.53	0		26.342421
22	42	2	0	0	6	6	17	8	6	409.31	1		10.137763
84	167	1	0	17	0	0	35	13	11	1673.94	0		14.570369
84	168	3	0	0	0	12	15	6	12	474.53	0		26.342421
96	191	1	0	17	0	11	35	13	11	1673.94	0		14.570369
96	192	3	0	0	14	12	15	6	12	474.53	0		26.342421


-------------------------------------------------------------------------------------------------------------------
Tour_Id:			6
No_of_Customers:		6
No_of_Items:			11
Customer_Sequence:		82 68 38 41 10 7 

CustId	Id	TypeId	Rotated	x	y	z	Length	Width	Height	mass	Fragility	LoadBearingStrength
7	14	2	0	0	0	0	17	8	6	409.31	1		10.137763
10	18	2	0	0	8	0	17	8	6	409.31	1		10.137763
10	19	2	0	0	16	0	17	8	6	409.31	1		10.137763
41	82	1	0	17	0	0	35	13	11	1673.94	0		14.570369
41	83	2	0	0	0	6	17	8	6	409.31	1		10.137763
41	84	2	0	0	8	6	17	8	6	409.31	1		10.137763
38	76	1	0	17	0	11	35	13	11	1673.94	0		14.570369
38	77	2	0	0	16	6	17	8	6	409.31	1		10.137763
68	138	3	0	17	13	0	15	6	12	474.53	0		26.342421
68	137	2	0	0	13	12	17	8	6	409.31	1		10.137763
82	164	2	0	0	13	18	17	8	6	409.31	1		10.137763


-------------------------------------------------------------------------------------------------------------------
Tour_Id:			7
No_of_Customers:		3
No_of_Items:			5
Customer_Sequence:		51 20 78 

CustId	Id	TypeId	Rotated	x	y	z	Length	Width	Height	mass	Fragility	LoadBearingStrength
78	159	1	0	0	0	0	35	13	11	1673.94	0		14.570369
20	39	1	0	0	0	11	35	13	11	1673.94	0		14.570369
20	40	3	0	0	13	0	15	6	12	474.53	0		26.342421
51	103	3	0	0	19	0	15	6	12	474.53	0		26.342421
51	102	2	0	0	13	12	17	8	6	409.31	1		10.137763


-------------------------------------------------------------------------------------------------------------------
Tour_Id:			8
No_of_Customers:		9
No_of_Items:			14
Customer_Sequence:		26 70 79 94 32 55 54 97 88 

CustId	Id	TypeId	Rotated	x	y	z	Length	Width	Height	mass	Fragility	LoadBearingStrength
88	175	2	0	0	0	0	17	8	6	409.31	1		10.137763
97	194	3	0	0	8	0	15	6	12	474.53	0		26.342421
88	176	2	0	0	14	0	17	8	6	409.31	1		10.137763
97	193	2	0	0	0	6	17	8	6	409.31	1		10.137763
54	108	1	0	17	0	0	35	13	11	1673.94	0		14.570369
55	109	3	0	0	8	12	15	6	12	474.53	0		26.342421
32	66	2	0	0	14	6	17	8	6	409.31	1		10.137763
94	188	2	0	0	14	12	17	8	6	409.31	1		10.137763
79	160	3	0	17	13	0	15	6	12	474.53	0		26.342421
70	142	1	0	17	0	11	35	13	11	1673.94	0		14.570369
70	143	2	0	0	14	18	17	8	6	409.31	1		10.137763
26	51	3	0	17	19	0	15	6	12	474.53	0		26.342421
26	49	2	0	0	8	24	17	8	6	409.31	1		10.137763
26	50	2	0	0	16	24	17	8	6	409.31	1		10.137763


-------------------------------------------------------------------------------------------------------------------
Tour_Id:			9
No_of_Customers:		7
No_of_Items:			11
Customer_Sequence:		60 87 98 14 12 57 80 

CustId	Id	TypeId	Rotated	x	y	z	Length	Width	Height	mass	Fragility	LoadBearingStrength
57	113	1	0	0	0	0	35	13	11	1673.94	0		14.570369
80	161	2	0	0	13	0	17	8	6	409.31	1		10.137763
57	114	2	0	0	13	6	17	8	6	409.31	1		10.137763
87	172	1	0	0	0	11	35	13	11	1673.94	0		14.570369
98	195	2	0	0	13	12	17	8	6	409.31	1		10.137763
60	120	2	0	0	13	18	17	8	6	409.31	1		10.137763
87	173	3	0	17	13	0	15	6	12	474.53	0		26.342421
12	23	3	0	17	19	0	15	6	12	474.53	0		26.342421
14	27	2	0	35	0	0	17	8	6	409.31	1		10.137763
87	174	3	0	32	13	0	15	6	12	474.53	0		26.342421
14	28	3	0	32	19	0	15	6	12	474.53	0		26.342421


-------------------------------------------------------------------------------------------------------------------
Tour_Id:			10
No_of_Customers:		6
No_of_Items:			10
Customer_Sequence:		23 36 24 27 77 86 

CustId	Id	TypeId	Rotated	x	y	z	Length	Width	Height	mass	Fragility	LoadBearingStrength
86	171	3	0	0	0	0	15	6	12	474.53	0		26.342421
77	158	3	0	0	6	0	15	6	12	474.53	0		26.342421
77	157	2	0	0	12	0	17	8	6	409.31	1		10.137763
27	53	3	0	0	0	12	15	6	12	474.53	0		26.342421
27	52	2	0	0	12	6	17	8	6	409.31	1		10.137763
24	46	1	0	17	0	0	35	13	11	1673.94	0		14.570369
24	47	2	0	0	6	12	17	8	6	409.31	1		10.137763
36	74	2	0	0	14	12	17	8	6	409.31	1		10.137763
23	44	1	0	17	0	11	35	13	11	1673.94	0		14.570369
23	45	2	0	0	6	18	17	8	6	409.31	1		10.137763


-------------------------------------------------------------------------------------------------------------------
Tour_Id:			11
No_of_Customers:		10
No_of_Items:			18
Customer_Sequence:		47 62 100 74 42 44 63 25 83 45 

CustId	Id	TypeId	Rotated	x	y	z	Length	Width	Height	mass	Fragility	LoadBearingStrength
45	90	2	0	0	0	0	17	8	6	409.31	1		10.137763
83	165	2	0	0	8	0	17	8	6	409.31	1		10.137763
83	166	2	0	0	16	0	17	8	6	409.31	1		10.137763
25	48	3	0	17	0	0	15	6	12	474.53	0		26.342421
63	125	1	0	17	6	0	35	13	11	1673.94	0		14.570369
63	127	3	0	17	19	0	15	6	12	474.53	0		26.342421
63	126	2	0	0	8	6	17	8	6	409.31	1		10.137763
44	88	2	0	0	8	12	17	8	6	409.31	1		10.137763
44	89	2	0	0	8	18	17	8	6	409.31	1		10.137763
42	85	1	0	17	6	11	35	13	11	1673.94	0		14.570369
74	150	2	0	0	8	24	17	8	6	409.31	1		10.137763
100	200	3	0	17	0	12	15	6	12	474.53	0		26.342421
100	198	2	0	17	6	22	17	8	6	409.31	1		10.137763
100	199	2	0	34	6	22	17	8	6	409.31	1		10.137763
62	124	2	1	52	0	0	17	8	6	409.31	1		10.137763
47	94	3	0	17	19	12	15	6	12	474.53	0		26.342421
47	95	3	0	32	19	0	15	6	12	474.53	0		26.342421
47	93	2	1	52	0	6	17	8	6	409.31	1		10.137763


-------------------------------------------------------------------------------------------------------------------
Tour_Id:			12
No_of_Customers:		2
No_of_Items:			6
Customer_Sequence:		53 93 

CustId	Id	TypeId	Rotated	x	y	z	Length	Width	Height	mass	Fragility	LoadBearingStrength
93	185	1	0	0	0	0	35	13	11	1673.94	0		14.570369
93	186	3	0	0	13	0	15	6	12	474.53	0		26.342421
93	187	3	0	0	19	0	15	6	12	474.53	0		26.342421
53	105	1	0	0	0	11	35	13	11	1673.94	0		14.570369
53	106	2	0	0	13	12	17	8	6	409.31	1		10.137763
53	107	2	0	0	13	18	17	8	6	409.31	1		10.137763


-------------------------------------------------------------------------------------------------------------------
Tour_Id:			13
No_of_Customers:		3
No_of_Items:			6
Customer_Sequence:		40 89 58 

CustId	Id	TypeId	Rotated	x	y	z	Length	Width	Height	mass	Fragility	LoadBearingStrength
58	117	3	0	0	0	0	15	6	12	474.53	0		26.342421
58	115	2	0	0	6	0	17	8	6	409.31	1		10.137763
58	116	2	0	0	14	0	17	8	6	409.31	1		10.137763
89	177	1	0	17	0	0	35	13	11	1673.94	0		14.570369
40	80	1	0	15	0	11	35	13	11	1673.94	0		14.570369
40	81	2	0	0	13	6	17	8	6	409.31	1		10.137763


-------------------------------------------------------------------------------------------------------------------
Tour_Id:			14
No_of_Customers:		2
No_of_Items:			5
Customer_Sequence:		5 61 

CustId	Id	TypeId	Rotated	x	y	z	Length	Width	Height	mass	Fragility	LoadBearingStrength
61	123	3	0	0	0	0	15	6	12	474.53	0		26.342421
61	121	1	0	0	6	0	35	13	11	1673.94	0		14.570369
5	9	1	0	0	6	11	35	13	11	1673.94	0		14.570369
61	122	2	0	35	0	0	17	8	6	409.31	1		10.137763
5	10	2	0	0	6	22	17	8	6	409.31	1		10.137763


-------------------------------------------------------------------------------------------------------------------
Tour_Id:			15
No_of_Customers:		2
No_of_Items:			6
Customer_Sequence:		48 35 

CustId	Id	TypeId	Rotated	x	y	z	Length	Width	Height	mass	Fragility	LoadBearingStrength
35	71	1	0	0	0	0	35	13	11	1673.94	0		14.570369
35	72	2	0	0	13	0	17	8	6	409.31	1		10.137763
35	73	2	0	0	13	6	17	8	6	409.31	1		10.137763
48	96	1	0	0	0	11	35	13	11	1673.94	0		14.570369
48	97	2	0	0	13	12	17	8	6	409.31	1		10.137763
48	98	2	0	0	13	18	17	8	6	409.31	1		10.137763


-------------------------------------------------------------------------------------------------------------------
Tour_Id:			16
No_of_Customers:		2
No_of_Items:			6
Customer_Sequence:		69 11 

CustId	Id	TypeId	Rotated	x	y	z	Length	Width	Height	mass	Fragility	LoadBearingStrength
11	20	1	0	0	0	0	35	13	11	1673.94	0		14.570369
11	21	3	0	0	13	0	15	6	12	474.53	0		26.342421
11	22	3	0	0	19	0	15	6	12	474.53	0		26.342421
69	139	1	0	0	0	11	35	13	11	1673.94	0		14.570369
69	141	3	0	0	13	12	15	6	12	474.53	0		26.342421
69	140	2	0	0	0	22	17	8	6	409.31	1		10.137763


-------------------------------------------------------------------------------------------------------------------
Tour_Id:			17
No_of_Customers:		5
No_of_Items:			9
Customer_Sequence:		3 9 59 64 49 

CustId	Id	TypeId	Rotated	x	y	z	Length	Width	Height	mass	Fragility	LoadBearingStrength
49	99	3	0	0	0	0	15	6	12	474.53	0		26.342421
64	129	3	0	0	6	0	15	6	12	474.53	0		26.342421
64	128	2	0	0	12	0	17	8	6	409.31	1		10.137763
59	118	1	0	17	0	0	35	13	11	1673.94	0		14.570369
59	119	2	0	0	12	6	17	8	6	409.31	1		10.137763
9	17	3	0	0	0	12	15	6	12	474.53	0		26.342421
3	4	1	0	17	0	11	35	13	11	1673.94	0		14.570369
3	6	3	0	0	6	12	15	6	12	474.53	0		26.342421
3	5	2	0	0	12	12	17	8	6	409.31	1		10.137763


-------------------------------------------------------------------------------------------------------------------
Tour_Id:			18
No_of_Customers:		2
No_of_Items:			6
Customer_Sequence:		6 67 

CustId	Id	TypeId	Rotated	x	y	z	Length	Width	Height	mass	Fragility	LoadBearingStrength
6	12	3	0	0	0	0	15	6	12	474.53	0		26.342421
67	136	3	0	0	6	0	15	6	12	474.53	0		26.342421
67	134	1	0	0	12	0	35	13	11	1673.94	0		14.570369
6	11	1	0	0	12	11	35	13	11	1673.94	0		14.570369
67	135	2	0	35	12	0	17	8	6	409.31	1		10.137763
6	13	3	0	0	0	12	15	6	12	474.53	0		26.342421


-------------------------------------------------------------------------------------------------------------------
Tour_Id:			19
No_of_Customers:		9
No_of_Items:			15
Customer_Sequence:		1 91 2 16 52 28 72 66 85 

CustId	Id	TypeId	Rotated	x	y	z	Length	Width	Height	mass	Fragility	LoadBearingStrength
85	169	3	0	0	0	0	15	6	12	474.53	0		26.342421
85	170	3	0	0	6	0	15	6	12	474.53	0		26.342421
66	133	3	0	0	12	0	15	6	12	474.53	0		26.342421
72	146	1	0	15	0	0	35	13	11	1673.94	0		14.570369
28	54	1	0	15	0	11	35	13	11	1673.94	0		14.570369
28	56	3	0	0	18	0	15	6	12	474.53	0		26.342421
28	55	2	1	0	0	12	17	8	6	409.31	1		10.137763
52	104	2	0	0	17	12	17	8	6	409.31	1		10.137763
16	32	3	0	17	13	0	15	6	12	474.53	0		26.342421
2	3	3	0	17	19	0	15	6	12	474.53	0		26.342421
2	2	2	0	0	17	18	17	8	6	409.31	1		10.137763
91	181	3	0	17	13	12	15	6	12	474.53	0		26.342421
91	182	3	0	17	19	12	15	6	12	474.53	0		26.342421
91	180	2	0	0	17	24	17	8	6	409.31	1		10.137763
1	1	2	0	15	0	22	17	8	6	409.31	1		10.137763


-------------------------------------------------------------------------------------------------------------------
Tour_Id:			20
No_of_Customers:		1
No_of_Items:			0
Customer_Sequence:		46 

-------------------------------------------------------------------------------------------------------------------
Tour_Id:			21
No_of_Customers:		2
No_of_Items:			5
Customer_Sequence:		65 33 

CustId	Id	TypeId	Rotated	x	y	z	Length	Width	Height	mass	Fragility	LoadBearingStrength
33	67	1	0	0	0	0	35	13	11	1673.94	0		14.570369
33	68	3	0	0	13	0	15	6	12	474.53	0		26.342421
65	130	1	0	0	0	11	35	13	11	1673.94	0		14.570369
65	132	3	0	0	19	0	15	6	12	474.53	0		26.342421
65	131	2	0	0	13	12	17	8	6	409.31	1		10.137763


-------------------------------------------------------------------------------------------------------------------
Tour_Id:			22
No_of_Customers:		2
No_of_Items:			4
Customer_Sequence:		43 92 

CustId	Id	TypeId	Rotated	x	y	z	Length	Width	Height	mass	Fragility	LoadBearingStrength
92	183	1	0	0	0	0	35	13	11	1673.94	0		14.570369
92	184	3	0	0	13	0	15	6	12	474.53	0		26.342421
43	86	1	0	0	0	11	35	13	11	1673.94	0		14.570369
43	87	3	0	0	19	0	15	6	12	474.53	0		26.342421


-------------------------------------------------------------------------------------------------------------------
Tour_Id:			23
No_of_Customers:		4
No_of_Items:			7
Customer_Sequence:		37 76 90 17 

CustId	Id	TypeId	Rotated	x	y	z	Length	Width	Height	mass	Fragility	LoadBearingStrength
17	33	2	0	0	0	0	17	8	6	409.31	1		10.137763
90	178	1	0	0	8	0	35	13	11	1673.94	0		14.570369
90	179	2	0	0	0	6	17	8	6	409.31	1		10.137763
76	154	1	0	0	8	11	35	13	11	1673.94	0		14.570369
76	155	3	0	17	0	0	15	6	12	474.53	0		26.342421
76	156	3	0	17	0	12	15	6	12	474.53	0		26.342421
37	75	2	0	0	8	22	17	8	6	409.31	1		10.137763


