Name:				281_n100_m200_bt100
Problem:			3L-VRPTW
Number_of_used_Vehicles:	18
Total_Travel_Distance:		1659.38
Calculation_Time:		3600.00
Total_Iterations:		6441
ConstraintSet:			P1

-------------------------------------------------------------------------------------------------------------------
Tour_Id:			1
No_of_Customers:		5
No_of_Items:			11
Customer_Sequence:		23 21 50 59 90 

CustId	Id	TypeId	Rotated	x	y	z	Length	Width	Height	mass	Fragility	LoadBearingStrength
59	111	53	0	0	0	0	35	5	9	488.22	0		72.632891
90	181	17	0	0	5	0	29	7	9	484.71	0		63.083402
90	179	9	0	0	12	0	29	5	12	438.36	0		15.481501
90	180	16	0	0	17	0	26	7	12	504.38	0		8.320188
59	109	18	0	0	0	9	33	5	7	266.36	0		40.345372
59	110	37	0	0	12	12	22	9	9	191.73	1		2.629936
50	94	6	0	29	5	0	22	13	12	743.63	0		9.800249
50	95	50	0	22	5	12	27	9	8	677.79	0		86.126479
21	37	82	0	22	5	20	12	8	9	140.65	0		6.752914
23	40	9	0	0	0	16	29	5	12	438.36	0		15.481501
23	41	58	0	26	18	0	14	6	6	101.05	0		32.014443


-------------------------------------------------------------------------------------------------------------------
Tour_Id:			2
No_of_Customers:		6
No_of_Items:			13
Customer_Sequence:		42 20 28 80 76 75 

CustId	Id	TypeId	Rotated	x	y	z	Length	Width	Height	mass	Fragility	LoadBearingStrength
75	146	79	0	0	0	0	23	12	11	966.09	0		12.661278
75	145	74	0	0	12	0	26	5	11	1314.95	0		70.339823
75	144	70	0	0	0	11	18	10	10	624.61	1		13.049772
76	147	34	0	26	0	0	18	14	11	602.82	0		16.886795
76	148	50	0	18	0	11	27	9	8	677.79	0		86.126479
76	149	90	0	0	17	0	33	5	9	446.70	0		24.721664
80	158	69	0	18	0	19	26	10	10	921.68	0		33.312065
80	159	83	0	0	17	9	24	5	10	419.10	0		34.789881
28	51	16	0	0	10	11	26	7	12	504.38	0		8.320188
28	52	74	0	0	17	19	26	5	11	1314.95	0		70.339823
20	36	86	0	0	10	23	31	6	7	230.27	0		32.452080
42	78	67	0	33	14	0	25	11	14	1087.06	0		24.399165
42	77	39	0	33	14	14	25	7	14	458.79	0		7.236801


-------------------------------------------------------------------------------------------------------------------
Tour_Id:			3
No_of_Customers:		7
No_of_Items:			12
Customer_Sequence:		37 6 25 1 4 82 56 

CustId	Id	TypeId	Rotated	x	y	z	Length	Width	Height	mass	Fragility	LoadBearingStrength
56	105	21	0	0	0	0	24	6	13	303.58	0		5.679873
82	162	44	0	0	6	0	15	6	13	226.78	0		11.491124
82	163	55	0	0	12	0	30	11	8	1105.86	0		29.012989
4	7	28	0	0	12	8	28	8	8	325.75	0		11.830028
1	1	21	0	0	0	13	24	6	13	303.58	0		5.679873
4	8	45	0	0	6	13	17	5	11	111.12	0		5.196159
1	2	71	0	0	12	16	13	10	7	107.36	0		8.389875
1	3	95	0	30	0	0	20	13	14	543.02	1		3.448970
25	45	100	0	28	0	14	12	12	11	283.10	1		5.855050
6	11	25	0	30	13	0	29	10	14	985.22	0		22.514954
37	68	46	0	13	12	16	20	8	11	467.54	0		24.677884
37	67	29	0	33	12	14	22	12	11	1089.03	1		6.662013


-------------------------------------------------------------------------------------------------------------------
Tour_Id:			4
No_of_Customers:		7
No_of_Items:			13
Customer_Sequence:		19 48 94 52 18 61 62 

CustId	Id	TypeId	Rotated	x	y	z	Length	Width	Height	mass	Fragility	LoadBearingStrength
62	117	94	0	0	0	0	33	13	6	418.60	0		30.732008
62	116	73	0	0	13	0	33	6	10	648.67	0		24.644981
61	114	2	0	0	0	6	14	13	13	300.92	0		13.307311
61	115	29	0	14	0	6	22	12	11	1089.03	1		6.662013
18	33	95	0	36	0	0	20	13	14	543.02	1		3.448970
52	98	53	0	0	19	0	35	5	9	488.22	0		72.632891
52	97	43	0	0	13	10	31	8	9	522.90	1		14.164415
94	187	15	0	35	13	0	24	12	8	641.47	0		15.807213
48	90	43	0	0	13	19	31	8	9	522.90	1		14.164415
48	91	62	0	0	0	19	14	11	10	282.70	0		10.496638
94	188	71	0	35	13	8	13	10	7	107.36	0		8.389875
19	34	4	0	35	13	15	13	8	12	1031.98	0		57.011977
19	35	42	0	14	0	17	28	12	7	461.97	1		2.738247


-------------------------------------------------------------------------------------------------------------------
Tour_Id:			5
No_of_Customers:		5
No_of_Items:			10
Customer_Sequence:		95 30 93 22 72 

CustId	Id	TypeId	Rotated	x	y	z	Length	Width	Height	mass	Fragility	LoadBearingStrength
72	139	65	0	0	0	0	32	12	9	1420.61	0		16.766091
72	138	6	0	0	12	0	22	13	12	743.63	0		9.800249
22	38	48	0	0	0	9	30	12	8	1093.27	0		16.903133
22	39	60	0	0	12	12	29	9	13	2534.77	1		59.822272
93	186	73	0	0	0	17	33	6	10	648.67	0		24.644981
30	54	34	0	33	0	0	18	14	11	602.82	0		16.886795
30	55	53	0	0	6	17	35	5	9	488.22	0		72.632891
30	56	60	0	29	14	0	29	9	13	2534.77	1		59.822272
95	189	62	0	35	0	11	14	11	10	282.70	0		10.496638
95	190	76	1	51	0	0	12	8	14	530.80	0		8.898349


-------------------------------------------------------------------------------------------------------------------
Tour_Id:			6
No_of_Customers:		5
No_of_Items:			12
Customer_Sequence:		26 39 96 99 58 

CustId	Id	TypeId	Rotated	x	y	z	Length	Width	Height	mass	Fragility	LoadBearingStrength
58	108	48	0	0	0	0	30	12	8	1093.27	0		16.903133
99	199	99	0	0	12	0	33	11	14	1915.13	0		58.807570
99	198	72	0	0	0	8	35	6	7	337.32	0		20.507536
96	193	64	0	0	12	14	30	11	10	874.13	0		30.603255
96	191	52	0	33	12	0	14	12	11	500.97	0		27.914434
39	72	33	0	0	6	8	15	5	7	125.16	0		42.302551
39	73	77	0	0	0	15	20	11	14	617.04	0		13.127403
96	192	63	0	33	12	11	12	10	8	194.53	0		21.895575
39	71	29	0	35	0	0	22	12	11	1089.03	1		6.662013
26	48	89	0	20	0	15	15	8	12	480.36	0		14.531325
26	47	70	0	35	0	11	18	10	10	624.61	1		13.049772
26	46	36	0	33	12	19	13	11	11	493.93	1		6.007636


-------------------------------------------------------------------------------------------------------------------
Tour_Id:			7
No_of_Customers:		4
No_of_Items:			10
Customer_Sequence:		73 81 69 63 

CustId	Id	TypeId	Rotated	x	y	z	Length	Width	Height	mass	Fragility	LoadBearingStrength
63	120	88	0	0	0	0	28	12	11	1384.59	0		22.938306
63	119	65	0	0	12	0	32	12	9	1420.61	0		16.766091
63	118	2	0	0	12	9	14	13	13	300.92	0		13.307311
69	135	91	0	0	0	11	30	12	9	1069.24	0		22.434822
69	133	17	0	0	0	20	29	7	9	484.71	0		63.083402
69	134	30	0	0	12	22	17	11	6	460.21	0		100.028407
81	161	13	0	30	0	0	28	11	13	1190.20	0		94.521906
81	160	11	0	30	0	13	29	11	9	746.11	0		17.657599
73	141	89	0	17	12	9	15	8	12	480.36	0		14.531325
73	140	29	0	32	11	0	22	12	11	1089.03	1		6.662013


-------------------------------------------------------------------------------------------------------------------
Tour_Id:			8
No_of_Customers:		5
No_of_Items:			11
Customer_Sequence:		77 41 86 88 87 

CustId	Id	TypeId	Rotated	x	y	z	Length	Width	Height	mass	Fragility	LoadBearingStrength
87	173	65	0	0	0	0	32	12	9	1420.61	0		16.766091
87	172	57	0	0	12	0	32	7	6	414.49	0		13.966499
88	175	91	0	0	0	9	30	12	9	1069.24	0		22.434822
86	170	77	0	32	0	0	20	11	14	617.04	0		13.127403
88	174	31	0	0	12	6	33	7	9	416.83	0		11.958138
86	171	94	0	0	0	18	33	13	6	418.60	0		30.732008
86	169	54	0	33	11	0	16	11	12	833.94	1		7.795964
77	151	86	0	0	13	15	31	6	7	230.27	0		32.452080
41	75	30	0	0	0	24	17	11	6	460.21	0		100.028407
77	150	41	0	33	0	14	16	7	13	641.94	0		43.345223
41	76	41	1	52	0	0	16	7	13	641.94	0		43.345223


-------------------------------------------------------------------------------------------------------------------
Tour_Id:			9
No_of_Customers:		6
No_of_Items:			10
Customer_Sequence:		2 44 32 53 89 46 

CustId	Id	TypeId	Rotated	x	y	z	Length	Width	Height	mass	Fragility	LoadBearingStrength
46	85	81	0	0	0	0	34	14	8	799.46	0		37.059458
46	86	95	0	0	0	8	20	13	14	543.02	1		3.448970
89	178	99	0	0	14	0	33	11	14	1915.13	0		58.807570
53	99	28	0	0	13	14	28	8	8	325.75	0		11.830028
89	177	96	0	0	0	22	16	11	8	1092.17	1		16.405613
32	59	85	0	0	13	22	35	7	8	844.85	0		103.589066
89	176	26	0	33	14	0	22	11	12	792.23	0		27.417944
32	58	35	0	20	0	8	15	13	14	539.64	1		10.495325
44	81	84	0	35	0	0	16	13	12	917.89	0		36.466870
2	4	15	1	35	0	12	24	12	8	641.47	0		15.807213


-------------------------------------------------------------------------------------------------------------------
Tour_Id:			10
No_of_Customers:		6
No_of_Items:			11
Customer_Sequence:		97 31 34 12 36 3 

CustId	Id	TypeId	Rotated	x	y	z	Length	Width	Height	mass	Fragility	LoadBearingStrength
3	6	30	0	0	0	0	17	11	6	460.21	0		100.028407
3	5	24	0	0	11	0	16	7	8	159.27	0		11.758383
36	65	53	0	0	18	0	35	5	9	488.22	0		72.632891
36	66	96	0	0	0	6	16	11	8	1092.17	1		16.405613
12	21	65	0	17	0	0	32	12	9	1420.61	0		16.766091
12	22	73	0	0	18	9	33	6	10	648.67	0		24.644981
34	61	86	0	0	18	19	31	6	7	230.27	0		32.452080
31	57	7	0	16	0	9	35	11	13	1073.27	0		53.797709
97	196	81	0	16	0	22	34	14	8	799.46	0		37.059458
97	195	73	0	16	12	0	33	6	10	648.67	0		24.644981
97	194	58	0	16	12	10	14	6	6	101.05	0		32.014443


-------------------------------------------------------------------------------------------------------------------
Tour_Id:			11
No_of_Customers:		6
No_of_Items:			12
Customer_Sequence:		60 13 43 54 68 92 

CustId	Id	TypeId	Rotated	x	y	z	Length	Width	Height	mass	Fragility	LoadBearingStrength
92	184	34	0	0	0	0	18	14	11	602.82	0		16.886795
92	185	97	0	0	14	0	29	5	11	421.63	0		13.497648
68	132	90	0	0	19	0	33	5	9	446.70	0		24.721664
68	131	54	0	0	0	11	16	11	12	833.94	1		7.795964
54	101	99	0	18	0	0	33	11	14	1915.13	0		58.807570
54	100	35	0	18	0	14	15	13	14	539.64	1		10.495325
43	80	73	0	0	19	9	33	6	10	648.67	0		24.644981
43	79	35	0	33	11	0	15	13	14	539.64	1		10.495325
13	23	1	1	51	0	0	25	8	9	786.71	0		14.719268
13	24	54	0	33	0	14	16	11	12	833.94	1		7.795964
60	112	66	1	51	0	9	17	5	14	359.05	0		11.724495
60	113	70	0	33	11	14	18	10	10	624.61	1		13.049772


-------------------------------------------------------------------------------------------------------------------
Tour_Id:			12
No_of_Customers:		7
No_of_Items:			10
Customer_Sequence:		70 79 40 29 71 14 33 

CustId	Id	TypeId	Rotated	x	y	z	Length	Width	Height	mass	Fragility	LoadBearingStrength
33	60	84	0	0	0	0	16	13	12	917.89	0		36.466870
14	25	6	0	16	0	0	22	13	12	743.63	0		9.800249
14	26	12	0	0	0	12	29	14	11	537.39	0		7.063918
71	137	32	0	0	14	0	31	10	12	674.72	0		8.612494
29	53	59	0	0	14	12	32	10	12	1615.15	1		29.605464
40	74	19	0	32	13	0	22	11	11	570.44	0		5.594136
79	156	10	0	32	13	11	28	10	12	694.45	0		92.726455
79	155	8	0	38	0	0	21	8	12	630.96	0		17.611713
79	157	22	0	0	0	23	35	11	7	1038.21	1		7.544677
70	136	63	0	35	0	12	12	10	8	194.53	0		21.895575


-------------------------------------------------------------------------------------------------------------------
Tour_Id:			13
No_of_Customers:		4
No_of_Items:			9
Customer_Sequence:		91 66 84 64 

CustId	Id	TypeId	Rotated	x	y	z	Length	Width	Height	mass	Fragility	LoadBearingStrength
64	123	95	0	0	0	0	20	13	14	543.02	1		3.448970
84	166	7	0	0	13	0	35	11	13	1073.27	0		53.797709
64	121	35	0	0	0	14	15	13	14	539.64	1		10.495325
64	122	61	0	20	0	0	29	11	6	202.81	0		11.359307
91	182	16	0	0	13	13	26	7	12	504.38	0		8.320188
66	128	93	0	20	0	6	33	11	12	564.28	1		4.870433
66	126	27	0	15	0	18	30	8	6	559.55	1		5.571081
66	127	53	0	0	20	13	35	5	9	488.22	0		72.632891
91	183	87	0	35	11	0	15	14	8	2387.32	1		19.720802


-------------------------------------------------------------------------------------------------------------------
Tour_Id:			14
No_of_Customers:		5
No_of_Items:			12
Customer_Sequence:		78 27 24 67 85 

CustId	Id	TypeId	Rotated	x	y	z	Length	Width	Height	mass	Fragility	LoadBearingStrength
85	168	92	0	0	0	0	26	10	7	336.76	0		59.531364
85	167	86	0	0	10	0	31	6	7	230.27	0		32.452080
67	130	61	0	0	0	7	29	11	6	202.81	0		11.359307
67	129	40	0	0	16	0	34	7	7	309.28	0		16.140169
24	42	56	0	0	11	7	27	6	7	392.56	1		15.580679
24	43	60	0	0	0	13	29	9	13	2534.77	1		59.822272
24	44	88	0	31	0	0	28	12	11	1384.59	0		22.938306
27	50	40	0	0	17	7	34	7	7	309.28	0		16.140169
27	49	36	0	0	9	14	13	11	11	493.93	1		6.007636
78	152	10	0	29	0	11	28	10	12	694.45	0		92.726455
78	153	97	0	0	20	14	29	5	11	421.63	0		13.497648
78	154	100	0	34	12	0	12	12	11	283.10	1		5.855050


-------------------------------------------------------------------------------------------------------------------
Tour_Id:			15
No_of_Customers:		5
No_of_Items:			11
Customer_Sequence:		17 9 57 35 16 

CustId	Id	TypeId	Rotated	x	y	z	Length	Width	Height	mass	Fragility	LoadBearingStrength
16	30	3	0	0	0	0	24	14	14	2836.84	0		234.104061
16	31	61	0	0	14	0	29	11	6	202.81	0		11.359307
35	63	46	0	0	14	6	20	8	11	467.54	0		24.677884
35	62	34	0	0	0	14	18	14	11	602.82	0		16.886795
35	64	99	0	24	0	0	33	11	14	1915.13	0		58.807570
57	106	8	0	0	14	17	21	8	12	630.96	0		17.611713
57	107	73	0	18	0	14	33	6	10	648.67	0		24.644981
9	16	32	0	29	14	0	31	10	12	674.72	0		8.612494
9	18	82	0	18	6	14	12	8	9	140.65	0		6.752914
9	17	37	0	29	14	12	22	9	9	191.73	1		2.629936
17	32	96	0	29	14	21	16	11	8	1092.17	1		16.405613


-------------------------------------------------------------------------------------------------------------------
Tour_Id:			16
No_of_Customers:		6
No_of_Items:			11
Customer_Sequence:		10 15 83 49 5 7 

CustId	Id	TypeId	Rotated	x	y	z	Length	Width	Height	mass	Fragility	LoadBearingStrength
5	9	28	0	0	0	0	28	8	8	325.75	0		11.830028
5	10	39	0	0	8	0	25	7	14	458.79	0		7.236801
7	12	98	0	0	15	0	27	9	12	703.77	0		21.095325
83	165	25	0	0	15	12	29	10	14	985.22	0		22.514954
49	92	27	0	0	0	8	30	8	6	559.55	1		5.571081
49	93	75	0	30	0	0	29	14	13	2342.90	0		108.476208
83	164	4	0	27	15	0	13	8	12	1031.98	0		57.011977
15	27	11	0	30	0	13	29	11	9	746.11	0		17.657599
15	29	80	0	0	8	14	22	5	14	399.56	0		80.797094
15	28	63	0	30	0	22	12	10	8	194.53	0		21.895575
10	19	36	0	40	14	0	13	11	11	493.93	1		6.007636


-------------------------------------------------------------------------------------------------------------------
Tour_Id:			17
No_of_Customers:		5
No_of_Items:			12
Customer_Sequence:		55 74 98 8 45 

CustId	Id	TypeId	Rotated	x	y	z	Length	Width	Height	mass	Fragility	LoadBearingStrength
45	84	98	0	0	0	0	27	9	12	703.77	0		21.095325
45	82	70	0	0	9	0	18	10	10	624.61	1		13.049772
45	83	83	0	0	19	0	24	5	10	419.10	0		34.789881
8	13	5	0	0	0	12	19	10	12	838.68	0		17.062147
8	15	63	0	18	9	0	12	10	8	194.53	0		21.895575
8	14	35	0	0	10	10	15	13	14	539.64	1		10.495325
98	197	49	0	30	0	0	20	14	12	535.54	0		8.619284
74	142	73	0	19	0	12	33	6	10	648.67	0		24.644981
74	143	85	0	19	0	22	35	7	8	844.85	0		103.589066
55	102	11	0	30	14	0	29	11	9	746.11	0		17.657599
55	104	85	0	24	14	9	35	7	8	844.85	0		103.589066
55	103	41	0	24	14	17	16	7	13	641.94	0		43.345223


-------------------------------------------------------------------------------------------------------------------
Tour_Id:			18
No_of_Customers:		6
No_of_Items:			10
Customer_Sequence:		11 100 51 47 65 38 

CustId	Id	TypeId	Rotated	x	y	z	Length	Width	Height	mass	Fragility	LoadBearingStrength
38	70	78	0	0	0	0	30	5	14	660.85	0		49.913917
65	124	32	0	0	5	0	31	10	12	674.72	0		8.612494
38	69	27	0	0	15	0	30	8	6	559.55	1		5.571081
65	125	50	0	0	5	12	27	9	8	677.79	0		86.126479
47	87	47	0	30	15	0	27	10	13	4985.93	0		49.477701
47	89	72	0	0	5	20	35	6	7	337.32	0		20.507536
47	88	70	0	0	15	6	18	10	10	624.61	1		13.049772
51	96	3	0	35	0	0	24	14	14	2836.84	0		234.104061
100	200	19	0	35	0	14	22	11	11	570.44	0		5.594136
11	20	16	0	30	15	13	26	7	12	504.38	0		8.320188


