Name:				286_n100_m200_bt3
Problem:			3L-VRPTW
Number_of_used_Vehicles:	5
Total_Travel_Distance:		1006.94
Calculation_Time:		3600.00
Total_Iterations:		12615
ConstraintSet:			P1

-------------------------------------------------------------------------------------------------------------------
Tour_Id:			1
No_of_Customers:		15
No_of_Items:			31
Customer_Sequence:		5 7 67 21 93 91 44 49 22 50 99 54 15 90 8 

CustId	Id	TypeId	Rotated	x	y	z	Length	Width	Height	mass	Fragility	LoadBearingStrength
8	15	2	0	0	0	0	12	5	6	508.82	0		219.455570
8	16	2	0	0	5	0	12	5	6	508.82	0		219.455570
8	17	2	0	0	10	0	12	5	6	508.82	0		219.455570
90	178	2	0	0	15	0	12	5	6	508.82	0		219.455570
90	179	2	0	0	20	0	12	5	6	508.82	0		219.455570
90	177	1	0	0	0	6	11	3	8	252.38	0		15.462339
15	27	1	0	0	3	6	11	3	8	252.38	0		15.462339
15	28	3	0	0	6	6	7	3	3	52.69	1		10.165339
54	93	1	0	0	9	6	11	3	8	252.38	0		15.462339
99	196	2	0	0	12	6	12	5	6	508.82	0		219.455570
99	197	2	0	0	17	6	12	5	6	508.82	0		219.455570
50	87	1	0	0	22	6	11	3	8	252.38	0		15.462339
50	88	3	0	0	6	9	7	3	3	52.69	1		10.165339
22	42	1	0	0	12	12	11	3	8	252.38	0		15.462339
49	86	1	0	0	15	12	11	3	8	252.38	0		15.462339
44	78	1	0	0	18	12	11	3	8	252.38	0		15.462339
44	79	3	0	0	6	12	7	3	3	52.69	1		10.165339
91	181	2	0	0	0	14	12	5	6	508.82	0		219.455570
91	182	2	0	0	0	20	12	5	6	508.82	0		219.455570
91	180	1	0	0	9	14	11	3	8	252.38	0		15.462339
93	184	3	0	0	22	14	7	3	3	52.69	1		10.165339
93	185	3	0	0	6	15	7	3	3	52.69	1		10.165339
21	39	2	0	0	12	20	12	5	6	508.82	0		219.455570
21	40	2	0	12	0	0	12	5	6	508.82	0		219.455570
21	41	3	0	0	22	17	7	3	3	52.69	1		10.165339
67	122	2	0	12	5	0	12	5	6	508.82	0		219.455570
67	123	3	0	0	6	18	7	3	3	52.69	1		10.165339
7	12	1	0	0	17	20	11	3	8	252.38	0		15.462339
7	13	1	0	0	9	22	11	3	8	252.38	0		15.462339
7	14	1	0	7	6	6	11	3	8	252.38	0		15.462339
5	10	3	0	0	22	20	7	3	3	52.69	1		10.165339


-------------------------------------------------------------------------------------------------------------------
Tour_Id:			2
No_of_Customers:		24
No_of_Items:			43
Customer_Sequence:		52 29 58 73 18 34 85 30 39 47 17 14 70 48 32 23 84 9 2 31 20 88 83 35 

CustId	Id	TypeId	Rotated	x	y	z	Length	Width	Height	mass	Fragility	LoadBearingStrength
35	62	3	0	0	0	0	7	3	3	52.69	1		10.165339
83	158	2	0	0	3	0	12	5	6	508.82	0		219.455570
83	159	2	0	0	8	0	12	5	6	508.82	0		219.455570
83	160	3	0	0	13	0	7	3	3	52.69	1		10.165339
88	171	1	0	0	16	0	11	3	8	252.38	0		15.462339
88	172	1	0	0	19	0	11	3	8	252.38	0		15.462339
88	173	3	0	0	22	0	7	3	3	52.69	1		10.165339
20	38	3	0	0	0	3	7	3	3	52.69	1		10.165339
31	58	1	0	0	3	6	11	3	8	252.38	0		15.462339
2	4	2	0	0	6	6	12	5	6	508.82	0		219.455570
2	5	3	0	0	13	3	7	3	3	52.69	1		10.165339
9	18	2	0	0	16	8	12	5	6	508.82	0		219.455570
84	161	1	0	0	6	12	11	3	8	252.38	0		15.462339
84	162	1	0	0	3	14	11	3	8	252.38	0		15.462339
23	45	2	0	0	16	14	12	5	6	508.82	0		219.455570
23	43	1	0	0	6	20	11	3	8	252.38	0		15.462339
23	44	1	0	0	16	20	11	3	8	252.38	0		15.462339
32	59	3	0	0	22	3	7	3	3	52.69	1		10.165339
48	85	1	0	0	3	22	11	3	8	252.38	0		15.462339
70	128	1	0	7	0	0	11	3	8	252.38	0		15.462339
70	129	3	0	0	0	6	7	3	3	52.69	1		10.165339
14	26	1	0	7	13	0	11	3	8	252.38	0		15.462339
17	33	2	0	12	3	0	12	5	6	508.82	0		219.455570
17	32	1	0	7	22	0	11	3	8	252.38	0		15.462339
47	83	1	0	7	0	8	11	3	8	252.38	0		15.462339
47	84	1	0	7	13	8	11	3	8	252.38	0		15.462339
39	67	1	0	7	22	8	11	3	8	252.38	0		15.462339
39	68	3	0	7	0	16	7	3	3	52.69	1		10.165339
30	55	2	0	12	8	0	12	5	6	508.82	0		219.455570
30	56	2	0	12	3	6	12	5	6	508.82	0		219.455570
30	57	3	0	7	13	16	7	3	3	52.69	1		10.165339
85	164	2	0	11	3	12	12	5	6	508.82	0		219.455570
85	163	1	0	7	22	16	11	3	8	252.38	0		15.462339
34	61	1	0	11	3	18	11	3	8	252.38	0		15.462339
18	34	1	0	12	8	6	11	3	8	252.38	0		15.462339
73	134	2	0	12	16	0	12	5	6	508.82	0		219.455570
73	133	1	0	12	16	6	11	3	8	252.38	0		15.462339
73	135	3	0	7	0	19	7	3	3	52.69	1		10.165339
58	101	2	0	24	0	0	12	5	6	508.82	0		219.455570
58	102	2	0	24	5	0	12	5	6	508.82	0		219.455570
58	100	1	0	11	8	14	11	3	8	252.38	0		15.462339
29	54	2	0	24	10	0	12	5	6	508.82	0		219.455570
52	90	2	0	23	8	6	12	5	6	508.82	0		219.455570


-------------------------------------------------------------------------------------------------------------------
Tour_Id:			3
No_of_Customers:		23
No_of_Items:			43
Customer_Sequence:		55 71 24 80 97 100 61 74 4 37 16 38 63 26 60 72 81 45 95 69 6 64 78 

CustId	Id	TypeId	Rotated	x	y	z	Length	Width	Height	mass	Fragility	LoadBearingStrength
78	146	1	0	0	0	0	11	3	8	252.38	0		15.462339
78	147	3	0	0	3	0	7	3	3	52.69	1		10.165339
64	117	3	0	0	6	0	7	3	3	52.69	1		10.165339
6	11	2	0	0	9	0	12	5	6	508.82	0		219.455570
69	127	1	0	0	14	0	11	3	8	252.38	0		15.462339
95	190	2	0	0	17	0	12	5	6	508.82	0		219.455570
95	189	1	0	0	22	0	11	3	8	252.38	0		15.462339
45	80	3	0	0	3	3	7	3	3	52.69	1		10.165339
81	153	2	0	0	9	6	12	5	6	508.82	0		219.455570
81	152	1	0	0	17	6	11	3	8	252.38	0		15.462339
81	154	3	0	0	6	3	7	3	3	52.69	1		10.165339
72	132	2	0	0	9	12	12	5	6	508.82	0		219.455570
60	106	1	0	0	0	8	11	3	8	252.38	0		15.462339
60	107	3	0	0	3	6	7	3	3	52.69	1		10.165339
60	108	3	0	0	6	6	7	3	3	52.69	1		10.165339
26	48	3	0	0	14	8	7	3	3	52.69	1		10.165339
63	115	3	0	0	22	8	7	3	3	52.69	1		10.165339
63	116	3	0	0	3	9	7	3	3	52.69	1		10.165339
38	66	2	0	0	9	18	12	5	6	508.82	0		219.455570
16	30	2	0	0	9	24	12	5	6	508.82	0		219.455570
16	31	2	0	7	3	0	12	5	6	508.82	0		219.455570
16	29	1	0	0	17	14	11	3	8	252.38	0		15.462339
37	65	3	0	0	6	9	7	3	3	52.69	1		10.165339
4	8	2	0	7	3	6	12	5	6	508.82	0		219.455570
4	9	2	0	7	3	12	12	5	6	508.82	0		219.455570
4	7	1	0	0	0	16	11	3	8	252.38	0		15.462339
74	137	2	0	7	3	18	12	5	6	508.82	0		219.455570
74	138	2	0	7	3	24	12	5	6	508.82	0		219.455570
74	136	1	0	0	17	22	11	3	8	252.38	0		15.462339
61	110	2	0	12	8	0	12	5	6	508.82	0		219.455570
61	111	2	0	12	13	0	12	5	6	508.82	0		219.455570
61	109	1	0	11	0	0	11	3	8	252.38	0		15.462339
100	198	2	0	11	14	6	12	5	6	508.82	0		219.455570
100	199	3	0	0	14	11	7	3	3	52.69	1		10.165339
100	200	3	0	0	22	11	7	3	3	52.69	1		10.165339
97	192	3	0	0	14	14	7	3	3	52.69	1		10.165339
80	150	1	0	11	22	0	11	3	8	252.38	0		15.462339
80	151	3	0	0	22	14	7	3	3	52.69	1		10.165339
24	46	2	0	11	14	12	12	5	6	508.82	0		219.455570
71	130	1	0	7	22	8	11	3	8	252.38	0		15.462339
71	131	3	0	0	22	17	7	3	3	52.69	1		10.165339
55	94	1	0	7	22	16	11	3	8	252.38	0		15.462339
55	95	1	0	11	0	8	11	3	8	252.38	0		15.462339


-------------------------------------------------------------------------------------------------------------------
Tour_Id:			4
No_of_Customers:		18
No_of_Items:			39
Customer_Sequence:		56 66 96 42 12 19 10 86 94 40 25 53 89 82 46 76 36 75 

CustId	Id	TypeId	Rotated	x	y	z	Length	Width	Height	mass	Fragility	LoadBearingStrength
75	139	1	0	0	0	0	11	3	8	252.38	0		15.462339
75	140	1	0	0	3	0	11	3	8	252.38	0		15.462339
75	141	3	0	0	6	0	7	3	3	52.69	1		10.165339
36	63	1	0	0	9	0	11	3	8	252.38	0		15.462339
36	64	3	0	0	12	0	7	3	3	52.69	1		10.165339
76	143	2	0	0	15	0	12	5	6	508.82	0		219.455570
76	144	2	0	0	20	0	12	5	6	508.82	0		219.455570
76	142	1	0	0	15	6	11	3	8	252.38	0		15.462339
46	81	1	0	0	18	6	11	3	8	252.38	0		15.462339
46	82	3	0	0	6	3	7	3	3	52.69	1		10.165339
82	156	2	0	0	0	8	12	5	6	508.82	0		219.455570
82	155	1	0	0	21	6	11	3	8	252.38	0		15.462339
82	157	3	0	0	12	3	7	3	3	52.69	1		10.165339
89	175	2	0	0	0	14	12	5	6	508.82	0		219.455570
89	176	2	0	0	15	14	12	5	6	508.82	0		219.455570
89	174	1	0	0	9	8	11	3	8	252.38	0		15.462339
53	91	3	0	0	6	6	7	3	3	52.69	1		10.165339
53	92	3	0	0	12	6	7	3	3	52.69	1		10.165339
25	47	1	0	0	20	14	11	3	8	252.38	0		15.462339
40	69	2	0	0	0	20	12	5	6	508.82	0		219.455570
94	188	2	0	0	15	20	12	5	6	508.82	0		219.455570
94	186	1	0	0	9	16	11	3	8	252.38	0		15.462339
94	187	1	0	0	20	22	11	3	8	252.38	0		15.462339
86	165	2	0	11	5	0	12	5	6	508.82	0		219.455570
86	166	3	0	0	6	9	7	3	3	52.69	1		10.165339
86	167	3	0	0	12	9	7	3	3	52.69	1		10.165339
10	19	3	0	0	6	12	7	3	3	52.69	1		10.165339
19	35	2	0	11	10	0	12	5	6	508.82	0		219.455570
19	36	2	0	11	5	6	12	5	6	508.82	0		219.455570
19	37	3	0	0	12	12	7	3	3	52.69	1		10.165339
12	23	3	0	0	6	15	7	3	3	52.69	1		10.165339
42	72	1	0	11	10	6	11	3	8	252.38	0		15.462339
42	73	3	0	0	12	15	7	3	3	52.69	1		10.165339
42	74	3	0	0	6	18	7	3	3	52.69	1		10.165339
96	191	1	0	11	5	12	11	3	8	252.38	0		15.462339
66	121	2	0	12	15	0	12	5	6	508.82	0		219.455570
66	120	1	0	11	10	14	11	3	8	252.38	0		15.462339
56	96	1	0	11	5	20	11	3	8	252.38	0		15.462339
56	97	1	0	11	10	22	11	3	8	252.38	0		15.462339


-------------------------------------------------------------------------------------------------------------------
Tour_Id:			5
No_of_Customers:		20
No_of_Items:			44
Customer_Sequence:		92 28 68 13 43 11 98 77 1 3 33 87 51 79 57 27 41 62 65 59 

CustId	Id	TypeId	Rotated	x	y	z	Length	Width	Height	mass	Fragility	LoadBearingStrength
59	104	2	0	0	0	0	12	5	6	508.82	0		219.455570
59	105	2	0	0	5	0	12	5	6	508.82	0		219.455570
59	103	1	0	0	10	0	11	3	8	252.38	0		15.462339
65	118	1	0	0	13	0	11	3	8	252.38	0		15.462339
65	119	3	0	0	16	0	7	3	3	52.69	1		10.165339
62	114	2	0	0	19	0	12	5	6	508.82	0		219.455570
62	112	1	0	0	0	6	11	3	8	252.38	0		15.462339
62	113	1	0	0	3	6	11	3	8	252.38	0		15.462339
41	71	2	0	0	19	6	12	5	6	508.82	0		219.455570
41	70	1	0	0	6	6	11	3	8	252.38	0		15.462339
27	49	1	0	0	10	8	11	3	8	252.38	0		15.462339
27	50	3	0	0	16	3	7	3	3	52.69	1		10.165339
57	99	2	0	0	19	12	12	5	6	508.82	0		219.455570
57	98	1	0	0	13	8	11	3	8	252.38	0		15.462339
79	149	2	0	0	0	14	12	5	6	508.82	0		219.455570
79	148	1	0	0	5	14	11	3	8	252.38	0		15.462339
51	89	2	0	0	10	16	12	5	6	508.82	0		219.455570
87	168	2	0	0	19	18	12	5	6	508.82	0		219.455570
87	169	3	0	0	16	6	7	3	3	52.69	1		10.165339
87	170	3	0	0	16	9	7	3	3	52.69	1		10.165339
33	60	3	0	0	16	12	7	3	3	52.69	1		10.165339
3	6	3	0	0	16	15	7	3	3	52.69	1		10.165339
1	2	2	0	0	0	20	12	5	6	508.82	0		219.455570
1	1	1	0	0	5	22	11	3	8	252.38	0		15.462339
1	3	3	0	0	16	18	7	3	3	52.69	1		10.165339
77	145	2	0	0	10	22	12	5	6	508.82	0		219.455570
98	193	1	0	7	16	0	11	3	8	252.38	0		15.462339
98	194	1	0	7	16	8	11	3	8	252.38	0		15.462339
98	195	3	0	0	16	21	7	3	3	52.69	1		10.165339
11	20	1	0	7	15	16	11	3	8	252.38	0		15.462339
11	21	1	0	12	0	0	11	3	8	252.38	0		15.462339
11	22	3	0	0	16	24	7	3	3	52.69	1		10.165339
43	75	2	0	0	19	24	12	5	6	508.82	0		219.455570
43	76	2	0	12	3	0	12	5	6	508.82	0		219.455570
43	77	3	0	0	0	26	7	3	3	52.69	1		10.165339
13	24	3	0	0	16	27	7	3	3	52.69	1		10.165339
13	25	3	0	7	15	24	7	3	3	52.69	1		10.165339
68	124	2	0	12	8	0	12	5	6	508.82	0		219.455570
68	125	2	0	11	5	6	12	5	6	508.82	0		219.455570
68	126	3	0	7	15	27	7	3	3	52.69	1		10.165339
28	51	2	0	11	5	12	12	5	6	508.82	0		219.455570
28	52	3	0	11	5	18	7	3	3	52.69	1		10.165339
28	53	3	0	11	5	21	7	3	3	52.69	1		10.165339
92	183	2	0	12	19	0	12	5	6	508.82	0		219.455570


