Name:				287_n100_m200_bt3
Problem:			3L-VRPTW
Number_of_used_Vehicles:	6
Total_Travel_Distance:		958.68
Calculation_Time:		1019.65
Total_Iterations:		13287
ConstraintSet:			P1

-------------------------------------------------------------------------------------------------------------------
Tour_Id:			1
No_of_Customers:		19
No_of_Items:			42
Customer_Sequence:		35 85 72 89 66 43 63 22 57 37 10 1 47 7 51 31 55 96 99 

CustId	Id	TypeId	Rotated	x	y	z	Length	Width	Height	mass	Fragility	LoadBearingStrength
99	197	2	0	0	0	0	8	5	8	426.95	0		53.327876
99	198	3	0	0	5	0	7	4	4	50.19	0		8.136560
96	191	2	0	0	9	0	8	5	8	426.95	0		53.327876
96	192	2	0	0	14	0	8	5	8	426.95	0		53.327876
96	193	3	0	0	19	0	7	4	4	50.19	0		8.136560
55	111	2	0	0	0	8	8	5	8	426.95	0		53.327876
31	62	2	0	0	9	8	8	5	8	426.95	0		53.327876
31	63	3	0	0	5	4	7	4	4	50.19	0		8.136560
31	61	1	0	7	19	0	11	6	6	444.17	1		9.758929
51	101	2	0	0	14	8	8	5	8	426.95	0		53.327876
51	102	2	0	0	0	16	8	5	8	426.95	0		53.327876
51	103	3	0	0	5	8	7	4	4	50.19	0		8.136560
7	12	3	0	0	5	12	7	4	4	50.19	0		8.136560
47	94	3	0	0	5	16	7	4	4	50.19	0		8.136560
1	2	2	0	0	9	16	8	5	8	426.95	0		53.327876
1	3	3	0	0	14	16	7	4	4	50.19	0		8.136560
1	1	1	0	7	19	6	11	6	6	444.17	1		9.758929
10	17	3	0	0	5	20	7	4	4	50.19	0		8.136560
10	18	3	0	0	14	20	7	4	4	50.19	0		8.136560
37	76	2	0	8	0	0	8	5	8	426.95	0		53.327876
37	75	1	1	0	0	24	11	6	6	444.17	1		9.758929
57	116	2	0	8	5	0	8	5	8	426.95	0		53.327876
57	117	3	0	0	11	24	7	4	4	50.19	0		8.136560
57	115	1	0	7	19	12	11	6	6	444.17	1		9.758929
22	46	2	0	8	10	0	8	5	8	426.95	0		53.327876
22	45	1	0	7	19	18	11	6	6	444.17	1		9.758929
63	127	3	0	0	15	24	7	4	4	50.19	0		8.136560
63	126	1	0	7	19	24	11	6	6	444.17	1		9.758929
43	86	3	0	7	5	8	7	4	4	50.19	0		8.136560
43	85	1	0	16	0	0	11	6	6	444.17	1		9.758929
66	132	1	0	16	6	0	11	6	6	444.17	1		9.758929
66	133	1	0	16	12	0	11	6	6	444.17	1		9.758929
66	134	1	0	16	0	6	11	6	6	444.17	1		9.758929
89	175	2	0	8	9	8	8	5	8	426.95	0		53.327876
89	176	3	0	7	5	12	7	4	4	50.19	0		8.136560
89	174	1	0	16	6	6	11	6	6	444.17	1		9.758929
72	144	2	0	8	9	16	8	5	8	426.95	0		53.327876
85	167	3	0	7	5	16	7	4	4	50.19	0		8.136560
85	168	3	0	7	5	20	7	4	4	50.19	0		8.136560
35	70	2	0	18	19	0	8	5	8	426.95	0		53.327876
35	71	3	0	7	5	24	7	4	4	50.19	0		8.136560
35	72	3	0	7	9	24	7	4	4	50.19	0		8.136560


-------------------------------------------------------------------------------------------------------------------
Tour_Id:			2
No_of_Customers:		18
No_of_Items:			36
Customer_Sequence:		90 58 28 15 78 41 61 33 53 77 17 81 9 19 32 50 86 27 

CustId	Id	TypeId	Rotated	x	y	z	Length	Width	Height	mass	Fragility	LoadBearingStrength
27	53	2	0	0	0	0	8	5	8	426.95	0		53.327876
27	54	3	0	0	5	0	7	4	4	50.19	0		8.136560
27	52	1	0	0	9	0	11	6	6	444.17	1		9.758929
86	169	2	0	0	15	0	8	5	8	426.95	0		53.327876
86	170	2	0	0	20	0	8	5	8	426.95	0		53.327876
50	99	2	0	0	0	8	8	5	8	426.95	0		53.327876
50	100	3	0	0	5	4	7	4	4	50.19	0		8.136560
50	98	1	0	0	9	6	11	6	6	444.17	1		9.758929
32	64	3	0	0	5	8	7	4	4	50.19	0		8.136560
32	65	3	0	0	15	8	7	4	4	50.19	0		8.136560
19	38	2	0	0	19	8	8	5	8	426.95	0		53.327876
19	39	3	0	0	5	12	7	4	4	50.19	0		8.136560
9	16	1	0	0	9	12	11	6	6	444.17	1		9.758929
81	159	2	0	0	0	16	8	5	8	426.95	0		53.327876
81	160	2	0	0	19	16	8	5	8	426.95	0		53.327876
17	33	1	0	0	9	18	11	6	6	444.17	1		9.758929
17	34	1	0	0	9	24	11	6	6	444.17	1		9.758929
77	153	2	0	8	0	0	8	5	8	426.95	0		53.327876
77	154	3	0	0	15	12	7	4	4	50.19	0		8.136560
77	155	3	0	0	5	16	7	4	4	50.19	0		8.136560
53	108	2	0	8	15	0	8	5	8	426.95	0		53.327876
53	107	1	0	11	9	0	11	6	6	444.17	1		9.758929
33	67	3	0	0	15	16	7	4	4	50.19	0		8.136560
33	66	1	0	11	9	6	11	6	6	444.17	1		9.758929
61	124	3	0	0	5	20	7	4	4	50.19	0		8.136560
41	82	3	0	0	15	20	7	4	4	50.19	0		8.136560
78	156	1	0	11	9	12	11	6	6	444.17	1		9.758929
15	29	2	0	8	20	0	8	5	8	426.95	0		53.327876
15	30	3	0	0	0	24	7	4	4	50.19	0		8.136560
15	28	1	0	11	9	18	11	6	6	444.17	1		9.758929
28	56	2	0	8	0	8	8	5	8	426.95	0		53.327876
28	55	1	0	11	9	24	11	6	6	444.17	1		9.758929
58	118	1	0	16	0	0	11	6	6	444.17	1		9.758929
90	177	2	0	8	15	8	8	5	8	426.95	0		53.327876
90	178	2	0	8	20	8	8	5	8	426.95	0		53.327876
90	179	2	0	8	0	16	8	5	8	426.95	0		53.327876


-------------------------------------------------------------------------------------------------------------------
Tour_Id:			3
No_of_Customers:		16
No_of_Items:			33
Customer_Sequence:		59 91 6 64 83 36 18 24 75 87 73 25 11 38 65 100 

CustId	Id	TypeId	Rotated	x	y	z	Length	Width	Height	mass	Fragility	LoadBearingStrength
100	199	1	0	0	0	0	11	6	6	444.17	1		9.758929
100	200	1	0	0	6	0	11	6	6	444.17	1		9.758929
65	131	1	0	0	12	0	11	6	6	444.17	1		9.758929
38	79	2	0	0	18	0	8	5	8	426.95	0		53.327876
38	77	1	0	0	0	6	11	6	6	444.17	1		9.758929
38	78	1	0	0	6	6	11	6	6	444.17	1		9.758929
11	19	3	0	0	18	8	7	4	4	50.19	0		8.136560
11	20	3	0	0	18	12	7	4	4	50.19	0		8.136560
25	50	1	0	0	12	6	11	6	6	444.17	1		9.758929
73	145	2	0	8	18	0	8	5	8	426.95	0		53.327876
87	171	1	0	0	0	12	11	6	6	444.17	1		9.758929
75	149	2	0	7	18	8	8	5	8	426.95	0		53.327876
75	147	1	0	0	6	12	11	6	6	444.17	1		9.758929
75	148	1	0	0	12	12	11	6	6	444.17	1		9.758929
24	49	3	0	0	18	16	7	4	4	50.19	0		8.136560
24	48	1	0	0	0	18	11	6	6	444.17	1		9.758929
18	35	2	0	7	18	16	8	5	8	426.95	0		53.327876
18	36	2	0	11	0	0	8	5	8	426.95	0		53.327876
18	37	3	0	0	18	20	7	4	4	50.19	0		8.136560
36	73	3	0	0	18	24	7	4	4	50.19	0		8.136560
36	74	3	0	7	18	24	7	4	4	50.19	0		8.136560
83	164	2	0	11	5	0	8	5	8	426.95	0		53.327876
83	163	1	0	0	6	18	11	6	6	444.17	1		9.758929
64	129	2	0	11	10	0	8	5	8	426.95	0		53.327876
64	130	2	0	11	0	8	8	5	8	426.95	0		53.327876
64	128	1	0	0	12	18	11	6	6	444.17	1		9.758929
6	11	3	0	11	5	8	7	4	4	50.19	0		8.136560
6	10	1	0	0	0	24	11	6	6	444.17	1		9.758929
91	181	3	0	11	9	8	7	4	4	50.19	0		8.136560
91	182	3	0	11	5	12	7	4	4	50.19	0		8.136560
91	180	1	0	0	6	24	11	6	6	444.17	1		9.758929
59	120	3	0	11	9	12	7	4	4	50.19	0		8.136560
59	119	1	0	0	12	24	11	6	6	444.17	1		9.758929


-------------------------------------------------------------------------------------------------------------------
Tour_Id:			4
No_of_Customers:		8
No_of_Items:			16
Customer_Sequence:		62 56 92 13 3 44 93 12 

CustId	Id	TypeId	Rotated	x	y	z	Length	Width	Height	mass	Fragility	LoadBearingStrength
12	21	3	0	0	0	0	7	4	4	50.19	0		8.136560
12	22	3	0	0	4	0	7	4	4	50.19	0		8.136560
12	23	3	0	0	8	0	7	4	4	50.19	0		8.136560
93	186	3	0	0	12	0	7	4	4	50.19	0		8.136560
93	184	1	0	0	16	0	11	6	6	444.17	1		9.758929
93	185	1	1	0	0	4	11	6	6	444.17	1		9.758929
44	88	2	0	0	11	4	8	5	8	426.95	0		53.327876
44	89	3	0	0	11	12	7	4	4	50.19	0		8.136560
44	87	1	0	0	16	6	11	6	6	444.17	1		9.758929
3	5	1	1	0	0	10	11	6	6	444.17	1		9.758929
13	24	1	0	0	15	12	11	6	6	444.17	1		9.758929
92	183	2	0	7	0	0	8	5	8	426.95	0		53.327876
56	113	2	0	6	0	8	8	5	8	426.95	0		53.327876
56	114	3	0	0	11	16	7	4	4	50.19	0		8.136560
56	112	1	0	0	0	16	11	6	6	444.17	1		9.758929
62	125	2	0	11	16	0	8	5	8	426.95	0		53.327876


-------------------------------------------------------------------------------------------------------------------
Tour_Id:			5
No_of_Customers:		24
No_of_Items:			43
Customer_Sequence:		34 68 26 16 40 4 74 70 29 95 23 5 84 46 42 82 20 98 97 8 21 88 39 48 

CustId	Id	TypeId	Rotated	x	y	z	Length	Width	Height	mass	Fragility	LoadBearingStrength
48	96	3	0	0	0	0	7	4	4	50.19	0		8.136560
48	95	1	0	0	4	0	11	6	6	444.17	1		9.758929
39	80	3	0	0	10	0	7	4	4	50.19	0		8.136560
88	173	3	0	0	14	0	7	4	4	50.19	0		8.136560
88	172	1	0	0	18	0	11	6	6	444.17	1		9.758929
21	44	3	0	0	0	4	7	4	4	50.19	0		8.136560
21	43	1	0	0	4	6	11	6	6	444.17	1		9.758929
8	14	2	0	0	10	4	8	5	8	426.95	0		53.327876
8	15	3	0	0	0	8	7	4	4	50.19	0		8.136560
8	13	1	0	0	18	6	11	6	6	444.17	1		9.758929
97	194	2	0	0	10	12	8	5	8	426.95	0		53.327876
98	196	3	0	0	0	12	7	4	4	50.19	0		8.136560
98	195	1	0	0	4	12	11	6	6	444.17	1		9.758929
20	41	2	0	0	10	20	8	5	8	426.95	0		53.327876
20	42	3	0	0	0	16	7	4	4	50.19	0		8.136560
20	40	1	0	0	18	12	11	6	6	444.17	1		9.758929
82	162	3	0	0	0	20	7	4	4	50.19	0		8.136560
82	161	1	0	0	4	18	11	6	6	444.17	1		9.758929
42	83	2	0	8	10	0	8	5	8	426.95	0		53.327876
42	84	3	0	0	0	24	7	4	4	50.19	0		8.136560
46	93	2	0	8	10	8	8	5	8	426.95	0		53.327876
46	92	1	0	0	18	18	11	6	6	444.17	1		9.758929
84	166	3	0	7	0	0	7	4	4	50.19	0		8.136560
84	165	1	0	0	4	24	11	6	6	444.17	1		9.758929
5	9	2	0	8	10	16	8	5	8	426.95	0		53.327876
5	8	1	0	0	18	24	11	6	6	444.17	1		9.758929
23	47	1	0	11	4	0	11	6	6	444.17	1		9.758929
95	190	3	0	7	0	4	7	4	4	50.19	0		8.136560
95	189	1	0	11	15	0	11	6	6	444.17	1		9.758929
29	57	2	0	16	10	0	8	5	8	426.95	0		53.327876
29	58	2	0	16	10	8	8	5	8	426.95	0		53.327876
29	59	3	0	7	0	8	7	4	4	50.19	0		8.136560
70	140	2	0	16	10	16	8	5	8	426.95	0		53.327876
74	146	1	0	8	10	24	11	6	6	444.17	1		9.758929
4	7	3	0	7	0	12	7	4	4	50.19	0		8.136560
4	6	1	0	11	4	6	11	6	6	444.17	1		9.758929
40	81	3	0	7	0	16	7	4	4	50.19	0		8.136560
16	32	3	0	7	0	20	7	4	4	50.19	0		8.136560
16	31	1	0	11	4	12	11	6	6	444.17	1		9.758929
26	51	3	0	7	0	24	7	4	4	50.19	0		8.136560
68	136	3	0	11	21	0	7	4	4	50.19	0		8.136560
34	68	1	0	11	4	18	11	6	6	444.17	1		9.758929
34	69	1	0	11	4	24	11	6	6	444.17	1		9.758929


-------------------------------------------------------------------------------------------------------------------
Tour_Id:			6
No_of_Customers:		15
No_of_Items:			30
Customer_Sequence:		30 71 94 45 69 76 49 67 2 52 79 54 80 60 14 

CustId	Id	TypeId	Rotated	x	y	z	Length	Width	Height	mass	Fragility	LoadBearingStrength
14	25	2	0	0	0	0	8	5	8	426.95	0		53.327876
14	26	2	0	0	5	0	8	5	8	426.95	0		53.327876
14	27	2	0	0	10	0	8	5	8	426.95	0		53.327876
60	122	2	0	0	15	0	8	5	8	426.95	0		53.327876
60	123	3	0	0	20	0	7	4	4	50.19	0		8.136560
60	121	1	1	0	0	8	11	6	6	444.17	1		9.758929
80	158	2	0	0	11	8	8	5	8	426.95	0		53.327876
54	109	2	0	0	16	8	8	5	8	426.95	0		53.327876
54	110	3	0	0	20	4	7	4	4	50.19	0		8.136560
79	157	1	1	0	0	14	11	6	6	444.17	1		9.758929
52	104	2	0	0	11	16	8	5	8	426.95	0		53.327876
52	105	2	0	0	16	16	8	5	8	426.95	0		53.327876
52	106	3	0	0	21	8	7	4	4	50.19	0		8.136560
2	4	3	0	0	21	12	7	4	4	50.19	0		8.136560
67	135	2	0	8	0	0	8	5	8	426.95	0		53.327876
49	97	1	1	0	0	20	11	6	6	444.17	1		9.758929
76	150	2	0	6	0	8	8	5	8	426.95	0		53.327876
76	151	3	0	0	21	16	7	4	4	50.19	0		8.136560
76	152	3	0	0	21	20	7	4	4	50.19	0		8.136560
69	138	2	0	6	0	16	8	5	8	426.95	0		53.327876
69	139	3	0	0	11	24	7	4	4	50.19	0		8.136560
69	137	1	0	8	5	0	11	6	6	444.17	1		9.758929
45	90	1	0	8	11	0	11	6	6	444.17	1		9.758929
45	91	1	0	8	17	0	11	6	6	444.17	1		9.758929
94	188	3	0	0	15	24	7	4	4	50.19	0		8.136560
94	187	1	0	8	5	6	11	6	6	444.17	1		9.758929
71	141	2	0	16	0	0	8	5	8	426.95	0		53.327876
71	142	2	0	14	0	8	8	5	8	426.95	0		53.327876
71	143	3	0	0	19	24	7	4	4	50.19	0		8.136560
30	60	3	0	6	0	24	7	4	4	50.19	0		8.136560


