Name:				289_n100_m200_bt3
Problem:			3L-VRPTW
Number_of_used_Vehicles:	4
Total_Travel_Distance:		843.53
Calculation_Time:		3600.00
Total_Iterations:		9740
ConstraintSet:			P1

-------------------------------------------------------------------------------------------------------------------
Tour_Id:			1
No_of_Customers:		21
No_of_Items:			41
Customer_Sequence:		19 13 65 76 50 35 48 85 61 98 71 31 68 1 75 32 6 40 88 81 70 

CustId	Id	TypeId	Rotated	x	y	z	Length	Width	Height	mass	Fragility	LoadBearingStrength
70	139	3	0	0	0	0	8	3	8	82.75	0		24.770523
81	161	1	0	0	3	0	10	7	4	245.01	0		18.421572
81	162	2	0	0	10	0	17	3	7	110.96	1		2.731464
81	163	2	0	0	13	0	17	3	7	110.96	1		2.731464
88	176	3	0	0	16	0	8	3	8	82.75	0		24.770523
40	71	1	0	0	3	4	10	7	4	245.01	0		18.421572
40	72	1	0	0	0	8	10	7	4	245.01	0		18.421572
40	73	3	0	0	19	0	8	3	8	82.75	0		24.770523
6	8	2	0	0	22	0	17	3	7	110.96	1		2.731464
6	9	2	0	0	10	7	17	3	7	110.96	1		2.731464
32	58	3	0	0	7	8	8	3	8	82.75	0		24.770523
75	148	1	0	0	0	12	10	7	4	245.01	0		18.421572
75	149	2	0	0	13	7	17	3	7	110.96	1		2.731464
75	150	2	0	0	22	7	17	3	7	110.96	1		2.731464
1	1	3	0	0	16	8	8	3	8	82.75	0		24.770523
68	135	3	0	0	19	8	8	3	8	82.75	0		24.770523
68	133	2	0	0	10	14	17	3	7	110.96	1		2.731464
68	134	2	0	0	13	14	17	3	7	110.96	1		2.731464
31	57	3	0	0	0	16	8	3	8	82.75	0		24.770523
71	140	3	0	0	3	16	8	3	8	82.75	0		24.770523
71	141	3	0	0	6	16	8	3	8	82.75	0		24.770523
98	192	1	0	0	0	24	10	7	4	245.01	0		18.421572
98	193	3	0	0	16	16	8	3	8	82.75	0		24.770523
98	194	3	0	0	19	16	8	3	8	82.75	0		24.770523
61	120	1	0	10	0	0	10	7	4	245.01	0		18.421572
61	121	2	0	0	22	14	17	3	7	110.96	1		2.731464
85	169	1	0	10	0	4	10	7	4	245.01	0		18.421572
85	170	3	0	8	16	0	8	3	8	82.75	0		24.770523
48	93	3	0	8	19	0	8	3	8	82.75	0		24.770523
48	92	2	0	0	10	21	17	3	7	110.96	1		2.731464
35	63	2	0	0	13	21	17	3	7	110.96	1		2.731464
50	96	1	0	10	0	8	10	7	4	245.01	0		18.421572
50	97	3	0	8	16	8	8	3	8	82.75	0		24.770523
76	151	1	0	10	0	12	10	7	4	245.01	0		18.421572
76	152	2	0	0	22	21	17	3	7	110.96	1		2.731464
65	129	1	0	10	0	16	10	7	4	245.01	0		18.421572
65	130	3	0	8	19	8	8	3	8	82.75	0		24.770523
13	24	3	0	8	16	16	8	3	8	82.75	0		24.770523
13	23	2	0	10	7	0	17	3	7	110.96	1		2.731464
19	37	3	0	8	19	16	8	3	8	82.75	0		24.770523
19	36	2	0	10	7	7	17	3	7	110.96	1		2.731464


-------------------------------------------------------------------------------------------------------------------
Tour_Id:			2
No_of_Customers:		28
No_of_Items:			59
Customer_Sequence:		16 63 90 33 18 20 62 79 60 10 99 57 53 43 89 4 54 77 44 67 47 25 78 84 94 72 96 45 

CustId	Id	TypeId	Rotated	x	y	z	Length	Width	Height	mass	Fragility	LoadBearingStrength
45	86	3	0	0	0	0	8	3	8	82.75	0		24.770523
45	85	2	0	0	3	0	17	3	7	110.96	1		2.731464
96	189	1	0	0	6	0	10	7	4	245.01	0		18.421572
96	190	3	0	0	13	0	8	3	8	82.75	0		24.770523
72	142	3	0	0	16	0	8	3	8	82.75	0		24.770523
94	184	1	0	0	6	4	10	7	4	245.01	0		18.421572
94	185	3	0	0	19	0	8	3	8	82.75	0		24.770523
94	186	3	0	0	22	0	8	3	8	82.75	0		24.770523
84	168	2	0	0	3	7	17	3	7	110.96	1		2.731464
78	155	1	0	0	6	8	10	7	4	245.01	0		18.421572
78	156	1	0	0	13	8	10	7	4	245.01	0		18.421572
78	157	2	1	0	6	12	17	3	7	110.96	1		2.731464
25	47	3	0	0	0	8	8	3	8	82.75	0		24.770523
25	48	3	0	0	0	16	8	3	8	82.75	0		24.770523
47	90	2	0	0	3	14	17	3	7	110.96	1		2.731464
47	91	2	1	0	6	19	17	3	7	110.96	1		2.731464
67	132	3	0	3	6	12	8	3	8	82.75	0		24.770523
44	82	1	1	3	9	12	10	7	4	245.01	0		18.421572
44	83	1	1	3	9	16	10	7	4	245.01	0		18.421572
44	84	2	0	0	3	21	17	3	7	110.96	1		2.731464
77	154	3	0	3	6	20	8	3	8	82.75	0		24.770523
77	153	2	0	8	0	0	17	3	7	110.96	1		2.731464
54	104	3	0	3	9	20	8	3	8	82.75	0		24.770523
4	4	1	0	10	12	0	10	7	4	245.01	0		18.421572
4	5	2	0	8	20	0	17	3	7	110.96	1		2.731464
4	6	2	0	8	0	7	17	3	7	110.96	1		2.731464
89	177	1	0	10	12	4	10	7	4	245.01	0		18.421572
89	178	2	0	8	20	7	17	3	7	110.96	1		2.731464
43	81	3	0	3	12	20	8	3	8	82.75	0		24.770523
43	80	2	0	8	0	14	17	3	7	110.96	1		2.731464
53	101	1	0	11	12	8	10	7	4	245.01	0		18.421572
53	102	1	0	11	12	12	10	7	4	245.01	0		18.421572
53	103	3	0	3	15	20	8	3	8	82.75	0		24.770523
57	110	1	0	11	12	16	10	7	4	245.01	0		18.421572
57	111	3	0	11	6	0	8	3	8	82.75	0		24.770523
99	197	3	0	11	9	0	8	3	8	82.75	0		24.770523
99	195	2	0	8	20	14	17	3	7	110.96	1		2.731464
99	196	2	0	8	0	21	17	3	7	110.96	1		2.731464
10	17	3	0	11	6	8	8	3	8	82.75	0		24.770523
10	16	2	0	8	20	21	17	3	7	110.96	1		2.731464
60	117	1	0	11	12	20	10	7	4	245.01	0		18.421572
60	118	3	0	11	9	8	8	3	8	82.75	0		24.770523
60	119	3	0	11	6	16	8	3	8	82.75	0		24.770523
79	158	1	0	11	12	24	10	7	4	245.01	0		18.421572
62	123	3	0	11	9	16	8	3	8	82.75	0		24.770523
62	122	2	0	17	3	0	17	3	7	110.96	1		2.731464
20	39	3	0	19	6	0	8	3	8	82.75	0		24.770523
20	38	2	0	17	3	7	17	3	7	110.96	1		2.731464
18	33	1	0	21	9	0	10	7	4	245.01	0		18.421572
18	35	3	0	19	6	8	8	3	8	82.75	0		24.770523
18	34	2	0	17	3	14	17	3	7	110.96	1		2.731464
33	59	1	0	21	9	4	10	7	4	245.01	0		18.421572
90	179	3	0	19	9	8	8	3	8	82.75	0		24.770523
63	124	1	0	31	6	0	10	7	4	245.01	0		18.421572
63	125	2	0	17	3	21	17	3	7	110.96	1		2.731464
63	126	2	0	21	16	0	17	3	7	110.96	1		2.731464
16	29	1	0	31	6	4	10	7	4	245.01	0		18.421572
16	30	2	0	21	16	7	17	3	7	110.96	1		2.731464
16	31	2	0	21	16	14	17	3	7	110.96	1		2.731464


-------------------------------------------------------------------------------------------------------------------
Tour_Id:			3
No_of_Customers:		27
No_of_Items:			54
Customer_Sequence:		34 21 37 27 39 66 87 2 95 38 56 9 26 74 93 42 28 24 7 51 15 52 12 59 41 5 97 

CustId	Id	TypeId	Rotated	x	y	z	Length	Width	Height	mass	Fragility	LoadBearingStrength
97	191	1	0	0	0	0	10	7	4	245.01	0		18.421572
5	7	2	0	0	7	0	17	3	7	110.96	1		2.731464
41	74	1	0	0	10	0	10	7	4	245.01	0		18.421572
41	76	3	0	0	17	0	8	3	8	82.75	0		24.770523
41	75	2	0	0	20	0	17	3	7	110.96	1		2.731464
59	115	1	0	0	0	4	10	7	4	245.01	0		18.421572
59	116	3	0	0	10	4	8	3	8	82.75	0		24.770523
12	21	2	0	0	7	7	17	3	7	110.96	1		2.731464
12	22	2	0	0	20	7	17	3	7	110.96	1		2.731464
52	99	1	0	0	0	8	10	7	4	245.01	0		18.421572
52	100	3	0	0	13	4	8	3	8	82.75	0		24.770523
15	26	1	0	0	0	12	10	7	4	245.01	0		18.421572
15	27	1	0	0	0	16	10	7	4	245.01	0		18.421572
15	28	1	0	0	0	20	10	7	4	245.01	0		18.421572
51	98	1	0	0	0	24	10	7	4	245.01	0		18.421572
7	10	1	0	10	0	0	10	7	4	245.01	0		18.421572
7	11	2	0	0	7	14	17	3	7	110.96	1		2.731464
24	46	3	0	0	17	8	8	3	8	82.75	0		24.770523
24	44	2	0	0	20	14	17	3	7	110.96	1		2.731464
24	45	2	0	0	7	21	17	3	7	110.96	1		2.731464
28	53	3	0	0	10	12	8	3	8	82.75	0		24.770523
28	52	2	0	0	20	21	17	3	7	110.96	1		2.731464
42	79	3	0	0	13	12	8	3	8	82.75	0		24.770523
42	77	2	0	8	17	0	17	3	7	110.96	1		2.731464
42	78	2	0	8	17	7	17	3	7	110.96	1		2.731464
93	183	2	0	8	17	14	17	3	7	110.96	1		2.731464
74	145	1	0	10	10	0	10	7	4	245.01	0		18.421572
74	146	3	0	0	10	20	8	3	8	82.75	0		24.770523
74	147	3	0	0	13	20	8	3	8	82.75	0		24.770523
26	49	1	0	8	10	4	10	7	4	245.01	0		18.421572
26	50	3	0	8	10	8	8	3	8	82.75	0		24.770523
9	13	1	0	10	0	4	10	7	4	245.01	0		18.421572
9	15	3	0	8	13	8	8	3	8	82.75	0		24.770523
9	14	2	0	8	17	21	17	3	7	110.96	1		2.731464
56	108	2	0	17	7	0	17	3	7	110.96	1		2.731464
56	109	2	0	17	20	0	17	3	7	110.96	1		2.731464
38	67	1	0	10	0	8	10	7	4	245.01	0		18.421572
38	69	3	0	8	10	16	8	3	8	82.75	0		24.770523
38	68	2	0	17	7	7	17	3	7	110.96	1		2.731464
95	187	3	0	8	13	16	8	3	8	82.75	0		24.770523
95	188	3	0	10	0	12	8	3	8	82.75	0		24.770523
2	2	1	0	20	0	0	10	7	4	245.01	0		18.421572
87	173	1	0	20	10	0	10	7	4	245.01	0		18.421572
87	174	1	0	18	10	4	10	7	4	245.01	0		18.421572
87	175	1	0	16	10	8	10	7	4	245.01	0		18.421572
66	131	1	0	16	10	12	10	7	4	245.01	0		18.421572
39	70	2	0	17	20	7	17	3	7	110.96	1		2.731464
27	51	1	0	16	10	16	10	7	4	245.01	0		18.421572
37	66	3	0	10	3	12	8	3	8	82.75	0		24.770523
21	40	1	0	16	10	20	10	7	4	245.01	0		18.421572
21	41	2	0	17	7	14	17	3	7	110.96	1		2.731464
34	60	1	0	8	10	24	10	7	4	245.01	0		18.421572
34	62	3	0	10	0	20	8	3	8	82.75	0		24.770523
34	61	2	0	17	20	14	17	3	7	110.96	1		2.731464


-------------------------------------------------------------------------------------------------------------------
Tour_Id:			4
No_of_Customers:		24
No_of_Items:			46
Customer_Sequence:		58 46 92 17 49 11 55 36 30 69 22 86 82 14 3 80 83 100 91 29 73 64 23 8 

CustId	Id	TypeId	Rotated	x	y	z	Length	Width	Height	mass	Fragility	LoadBearingStrength
8	12	2	0	0	0	0	17	3	7	110.96	1		2.731464
23	43	1	0	0	3	0	10	7	4	245.01	0		18.421572
64	127	1	0	0	10	0	10	7	4	245.01	0		18.421572
64	128	1	0	0	17	0	10	7	4	245.01	0		18.421572
73	143	1	0	0	3	4	10	7	4	245.01	0		18.421572
73	144	3	0	0	10	4	8	3	8	82.75	0		24.770523
29	54	2	0	0	0	7	17	3	7	110.96	1		2.731464
91	180	2	0	0	0	14	17	3	7	110.96	1		2.731464
100	198	1	0	0	13	4	10	7	4	245.01	0		18.421572
100	200	3	0	0	20	4	8	3	8	82.75	0		24.770523
100	199	2	0	0	0	21	17	3	7	110.96	1		2.731464
83	165	1	0	0	3	8	10	7	4	245.01	0		18.421572
83	167	3	0	0	13	8	8	3	8	82.75	0		24.770523
83	166	2	0	10	3	0	17	3	7	110.96	1		2.731464
80	159	1	0	0	3	12	10	7	4	245.01	0		18.421572
80	160	2	0	10	6	0	17	3	7	110.96	1		2.731464
3	3	3	0	0	16	8	8	3	8	82.75	0		24.770523
14	25	2	1	0	3	16	17	3	7	110.96	1		2.731464
82	164	3	0	0	20	12	8	3	8	82.75	0		24.770523
86	171	1	0	10	9	0	10	7	4	245.01	0		18.421572
86	172	2	1	0	3	23	17	3	7	110.96	1		2.731464
22	42	3	0	0	20	20	8	3	8	82.75	0		24.770523
69	138	3	0	3	3	16	8	3	8	82.75	0		24.770523
69	136	2	0	10	16	0	17	3	7	110.96	1		2.731464
69	137	2	0	10	19	0	17	3	7	110.96	1		2.731464
30	56	3	0	3	6	16	8	3	8	82.75	0		24.770523
30	55	2	0	10	22	0	17	3	7	110.96	1		2.731464
36	64	1	0	10	9	4	10	7	4	245.01	0		18.421572
36	65	3	0	8	10	8	8	3	8	82.75	0		24.770523
55	105	1	0	20	9	0	10	7	4	245.01	0		18.421572
55	106	1	0	20	9	4	10	7	4	245.01	0		18.421572
55	107	1	0	16	10	8	10	7	4	245.01	0		18.421572
11	18	1	0	16	10	12	10	7	4	245.01	0		18.421572
11	19	2	0	8	20	7	17	3	7	110.96	1		2.731464
11	20	2	0	8	20	14	17	3	7	110.96	1		2.731464
49	94	1	0	16	10	16	10	7	4	245.01	0		18.421572
49	95	2	0	8	20	21	17	3	7	110.96	1		2.731464
17	32	3	0	16	10	20	8	3	8	82.75	0		24.770523
92	181	1	0	27	16	0	10	7	4	245.01	0		18.421572
92	182	1	0	27	0	0	10	7	4	245.01	0		18.421572
46	87	1	0	27	0	4	10	7	4	245.01	0		18.421572
46	89	3	0	16	13	20	8	3	8	82.75	0		24.770523
46	88	2	0	10	17	7	17	3	7	110.96	1		2.731464
58	112	1	0	26	0	8	10	7	4	245.01	0		18.421572
58	113	1	0	26	0	12	10	7	4	245.01	0		18.421572
58	114	3	1	26	7	8	8	3	8	82.75	0		24.770523


