Name:				290_n100_m200_bt3
Problem:			3L-VRPTW
Number_of_used_Vehicles:	6
Total_Travel_Distance:		1036.61
Calculation_Time:		3600.00
Total_Iterations:		21117
ConstraintSet:			P1

-------------------------------------------------------------------------------------------------------------------
Tour_Id:			1
No_of_Customers:		21
No_of_Items:			41
Customer_Sequence:		53 72 46 70 73 66 26 97 60 69 1 30 79 55 78 9 8 24 76 64 86 

CustId	Id	TypeId	Rotated	x	y	z	Length	Width	Height	mass	Fragility	LoadBearingStrength
86	172	3	0	0	0	0	15	4	6	174.76	0		14.551836
86	171	1	0	0	4	0	14	2	3	54.35	1		1.792966
64	129	3	0	0	6	0	15	4	6	174.76	0		14.551836
64	130	3	0	0	10	0	15	4	6	174.76	0		14.551836
64	128	2	0	0	14	0	6	4	4	45.15	0		50.239351
76	149	2	0	0	18	0	6	4	4	45.15	0		50.239351
76	150	2	0	0	14	4	6	4	4	45.15	0		50.239351
76	148	1	0	0	22	0	14	2	3	54.35	1		1.792966
24	49	3	0	0	0	6	15	4	6	174.76	0		14.551836
24	48	1	0	0	4	3	14	2	3	54.35	1		1.792966
8	15	3	0	0	6	6	15	4	6	174.76	0		14.551836
9	18	3	0	0	10	6	15	4	6	174.76	0		14.551836
9	17	2	0	0	18	4	6	4	4	45.15	0		50.239351
9	16	1	0	0	22	3	14	2	3	54.35	1		1.792966
78	154	1	0	0	4	6	14	2	3	54.35	1		1.792966
55	109	1	0	0	22	6	14	2	3	54.35	1		1.792966
79	157	3	0	0	0	12	15	4	6	174.76	0		14.551836
79	156	2	0	0	14	8	6	4	4	45.15	0		50.239351
79	155	1	0	0	4	9	14	2	3	54.35	1		1.792966
30	60	2	0	0	18	8	6	4	4	45.15	0		50.239351
30	61	2	0	0	6	12	6	4	4	45.15	0		50.239351
1	1	3	0	0	10	12	15	4	6	174.76	0		14.551836
69	138	1	0	0	22	9	14	2	3	54.35	1		1.792966
60	120	2	0	0	14	12	6	4	4	45.15	0		50.239351
60	121	2	0	0	18	12	6	4	4	45.15	0		50.239351
60	119	1	0	0	4	12	14	2	3	54.35	1		1.792966
97	195	1	0	0	22	12	14	2	3	54.35	1		1.792966
26	54	3	0	0	0	18	15	4	6	174.76	0		14.551836
26	53	1	0	0	4	15	14	2	3	54.35	1		1.792966
66	132	1	0	0	22	15	14	2	3	54.35	1		1.792966
66	133	1	0	0	4	18	14	2	3	54.35	1		1.792966
73	144	1	0	0	10	18	14	2	3	54.35	1		1.792966
70	139	3	0	0	0	24	15	4	6	174.76	0		14.551836
70	140	3	0	6	14	0	15	4	6	174.76	0		14.551836
46	90	3	0	6	18	0	15	4	6	174.76	0		14.551836
46	91	3	0	6	14	6	15	4	6	174.76	0		14.551836
46	89	1	0	0	12	18	14	2	3	54.35	1		1.792966
72	143	2	0	0	6	16	6	4	4	45.15	0		50.239351
72	142	1	0	0	22	18	14	2	3	54.35	1		1.792966
53	104	1	0	0	4	21	14	2	3	54.35	1		1.792966
53	105	1	0	0	10	21	14	2	3	54.35	1		1.792966


-------------------------------------------------------------------------------------------------------------------
Tour_Id:			2
No_of_Customers:		21
No_of_Items:			40
Customer_Sequence:		37 39 12 44 98 10 93 27 56 59 82 84 95 49 81 48 28 65 15 85 75 

CustId	Id	TypeId	Rotated	x	y	z	Length	Width	Height	mass	Fragility	LoadBearingStrength
75	147	1	0	0	0	0	14	2	3	54.35	1		1.792966
85	170	3	0	0	2	0	15	4	6	174.76	0		14.551836
85	169	1	0	0	6	0	14	2	3	54.35	1		1.792966
15	30	3	0	0	8	0	15	4	6	174.76	0		14.551836
15	31	3	0	0	12	0	15	4	6	174.76	0		14.551836
65	131	3	0	0	16	0	15	4	6	174.76	0		14.551836
28	56	3	0	0	20	0	15	4	6	174.76	0		14.551836
48	96	3	0	0	2	6	15	4	6	174.76	0		14.551836
48	95	2	0	0	8	6	6	4	4	45.15	0		50.239351
48	94	1	0	0	0	3	14	2	3	54.35	1		1.792966
81	161	3	0	0	12	6	15	4	6	174.76	0		14.551836
81	162	3	0	0	16	6	15	4	6	174.76	0		14.551836
49	99	3	0	0	20	6	15	4	6	174.76	0		14.551836
49	98	2	0	0	8	10	6	4	4	45.15	0		50.239351
49	97	1	0	0	6	3	14	2	3	54.35	1		1.792966
95	192	2	0	0	2	12	6	4	4	45.15	0		50.239351
84	167	3	0	0	12	12	15	4	6	174.76	0		14.551836
84	168	3	0	0	16	12	15	4	6	174.76	0		14.551836
84	166	2	0	0	20	12	6	4	4	45.15	0		50.239351
82	163	1	0	0	0	6	14	2	3	54.35	1		1.792966
59	118	3	0	0	12	18	15	4	6	174.76	0		14.551836
59	117	2	0	0	8	14	6	4	4	45.15	0		50.239351
59	116	1	0	0	6	6	14	2	3	54.35	1		1.792966
56	111	2	0	0	2	16	6	4	4	45.15	0		50.239351
56	112	2	0	0	20	16	6	4	4	45.15	0		50.239351
56	110	1	0	0	0	9	14	2	3	54.35	1		1.792966
27	55	1	0	0	6	9	14	2	3	54.35	1		1.792966
93	187	2	0	0	8	18	6	4	4	45.15	0		50.239351
93	188	2	0	0	16	18	6	4	4	45.15	0		50.239351
93	186	1	0	0	0	12	14	2	3	54.35	1		1.792966
10	20	3	0	0	12	24	15	4	6	174.76	0		14.551836
10	19	1	0	0	6	12	14	2	3	54.35	1		1.792966
98	196	2	0	0	2	20	6	4	4	45.15	0		50.239351
44	84	2	0	0	20	20	6	4	4	45.15	0		50.239351
44	85	2	0	0	8	22	6	4	4	45.15	0		50.239351
12	25	3	0	15	0	0	15	4	6	174.76	0		14.551836
12	26	3	0	15	4	0	15	4	6	174.76	0		14.551836
12	24	2	0	0	16	22	6	4	4	45.15	0		50.239351
39	76	2	0	0	2	24	6	4	4	45.15	0		50.239351
37	73	3	0	15	8	0	15	4	6	174.76	0		14.551836


-------------------------------------------------------------------------------------------------------------------
Tour_Id:			3
No_of_Customers:		17
No_of_Items:			39
Customer_Sequence:		50 17 29 52 61 7 94 54 91 23 36 19 25 20 57 45 31 

CustId	Id	TypeId	Rotated	x	y	z	Length	Width	Height	mass	Fragility	LoadBearingStrength
31	62	2	0	0	0	0	6	4	4	45.15	0		50.239351
45	87	2	0	0	4	0	6	4	4	45.15	0		50.239351
45	88	2	0	0	8	0	6	4	4	45.15	0		50.239351
45	86	1	0	0	12	0	14	2	3	54.35	1		1.792966
57	113	1	0	0	14	0	14	2	3	54.35	1		1.792966
57	114	1	0	0	16	0	14	2	3	54.35	1		1.792966
20	39	2	0	0	18	0	6	4	4	45.15	0		50.239351
20	40	2	0	0	0	4	6	4	4	45.15	0		50.239351
20	38	1	0	0	22	0	14	2	3	54.35	1		1.792966
25	52	3	0	6	0	0	15	4	6	174.76	0		14.551836
25	51	2	0	0	4	4	6	4	4	45.15	0		50.239351
25	50	1	0	0	12	3	14	2	3	54.35	1		1.792966
19	35	1	0	0	14	3	14	2	3	54.35	1		1.792966
19	36	1	0	0	16	3	14	2	3	54.35	1		1.792966
19	37	1	0	0	22	3	14	2	3	54.35	1		1.792966
36	72	3	0	6	4	0	15	4	6	174.76	0		14.551836
36	71	1	0	0	12	6	14	2	3	54.35	1		1.792966
23	47	3	0	6	8	0	15	4	6	174.76	0		14.551836
23	45	1	0	0	14	6	14	2	3	54.35	1		1.792966
23	46	1	0	0	16	6	14	2	3	54.35	1		1.792966
91	182	3	0	6	18	0	15	4	6	174.76	0		14.551836
91	183	3	0	6	0	6	15	4	6	174.76	0		14.551836
91	181	2	0	0	18	4	6	4	4	45.15	0		50.239351
54	108	3	0	6	4	6	15	4	6	174.76	0		14.551836
54	107	2	0	0	4	8	6	4	4	45.15	0		50.239351
54	106	1	0	0	22	6	14	2	3	54.35	1		1.792966
94	191	3	0	0	4	12	15	4	6	174.76	0		14.551836
94	190	2	0	0	18	8	6	4	4	45.15	0		50.239351
94	189	1	0	0	12	9	14	2	3	54.35	1		1.792966
7	14	2	0	0	18	12	6	4	4	45.15	0		50.239351
61	123	2	0	0	18	16	6	4	4	45.15	0		50.239351
61	122	1	0	0	14	9	14	2	3	54.35	1		1.792966
52	103	3	0	0	4	18	15	4	6	174.76	0		14.551836
52	102	1	0	0	16	9	14	2	3	54.35	1		1.792966
29	59	2	0	0	18	20	6	4	4	45.15	0		50.239351
29	57	1	0	0	22	9	14	2	3	54.35	1		1.792966
29	58	1	0	0	12	12	14	2	3	54.35	1		1.792966
17	33	2	0	0	4	24	6	4	4	45.15	0		50.239351
50	100	2	0	0	18	24	6	4	4	45.15	0		50.239351


-------------------------------------------------------------------------------------------------------------------
Tour_Id:			4
No_of_Customers:		23
No_of_Items:			43
Customer_Sequence:		3 14 71 80 22 77 68 96 47 35 51 21 4 41 13 87 43 63 92 62 5 16 67 

CustId	Id	TypeId	Rotated	x	y	z	Length	Width	Height	mass	Fragility	LoadBearingStrength
67	134	2	0	0	0	0	6	4	4	45.15	0		50.239351
16	32	2	0	0	4	0	6	4	4	45.15	0		50.239351
5	10	3	0	0	8	0	15	4	6	174.76	0		14.551836
5	9	2	0	0	12	0	6	4	4	45.15	0		50.239351
62	125	3	0	0	16	0	15	4	6	174.76	0		14.551836
62	124	1	0	0	20	0	14	2	3	54.35	1		1.792966
92	185	3	0	0	8	6	15	4	6	174.76	0		14.551836
92	184	2	0	0	0	4	6	4	4	45.15	0		50.239351
63	127	2	0	0	4	4	6	4	4	45.15	0		50.239351
63	126	1	0	0	22	0	14	2	3	54.35	1		1.792966
43	82	1	0	0	20	3	14	2	3	54.35	1		1.792966
43	83	1	0	0	22	3	14	2	3	54.35	1		1.792966
87	173	2	0	0	12	4	6	4	4	45.15	0		50.239351
13	28	2	0	0	16	6	6	4	4	45.15	0		50.239351
13	27	1	0	0	20	6	14	2	3	54.35	1		1.792966
41	79	2	0	0	0	8	6	4	4	45.15	0		50.239351
41	80	2	0	0	4	8	6	4	4	45.15	0		50.239351
4	7	2	0	0	12	8	6	4	4	45.15	0		50.239351
4	8	2	0	0	16	10	6	4	4	45.15	0		50.239351
21	41	2	0	0	0	12	6	4	4	45.15	0		50.239351
51	101	3	0	0	8	12	15	4	6	174.76	0		14.551836
35	69	2	0	0	4	12	6	4	4	45.15	0		50.239351
35	70	2	0	0	12	12	6	4	4	45.15	0		50.239351
47	93	3	0	0	8	18	15	4	6	174.76	0		14.551836
47	92	2	0	0	16	14	6	4	4	45.15	0		50.239351
96	194	3	0	0	8	24	15	4	6	174.76	0		14.551836
96	193	1	0	0	22	6	14	2	3	54.35	1		1.792966
68	136	2	0	0	0	16	6	4	4	45.15	0		50.239351
68	137	2	0	0	4	16	6	4	4	45.15	0		50.239351
68	135	1	0	0	20	9	14	2	3	54.35	1		1.792966
77	153	3	0	6	0	0	15	4	6	174.76	0		14.551836
77	151	1	0	0	22	9	14	2	3	54.35	1		1.792966
77	152	1	0	0	20	12	14	2	3	54.35	1		1.792966
22	42	3	0	6	4	0	15	4	6	174.76	0		14.551836
22	43	3	0	6	12	0	15	4	6	174.76	0		14.551836
22	44	3	0	6	0	6	15	4	6	174.76	0		14.551836
80	159	3	0	6	4	6	15	4	6	174.76	0		14.551836
80	160	3	0	6	12	6	15	4	6	174.76	0		14.551836
80	158	2	0	0	12	16	6	4	4	45.15	0		50.239351
71	141	3	0	6	0	12	15	4	6	174.76	0		14.551836
14	29	3	0	6	4	12	15	4	6	174.76	0		14.551836
3	5	1	0	0	22	12	14	2	3	54.35	1		1.792966
3	6	1	0	0	20	15	14	2	3	54.35	1		1.792966


-------------------------------------------------------------------------------------------------------------------
Tour_Id:			5
No_of_Customers:		14
No_of_Items:			30
Customer_Sequence:		11 99 33 18 38 58 83 42 89 100 6 34 40 90 

CustId	Id	TypeId	Rotated	x	y	z	Length	Width	Height	mass	Fragility	LoadBearingStrength
90	178	3	0	0	0	0	15	4	6	174.76	0		14.551836
90	179	3	0	0	4	0	15	4	6	174.76	0		14.551836
90	180	3	0	0	8	0	15	4	6	174.76	0		14.551836
40	77	2	0	0	12	0	6	4	4	45.15	0		50.239351
40	78	2	0	0	16	0	6	4	4	45.15	0		50.239351
34	66	1	0	0	20	0	14	2	3	54.35	1		1.792966
34	67	1	0	0	22	0	14	2	3	54.35	1		1.792966
34	68	1	0	0	20	3	14	2	3	54.35	1		1.792966
6	13	2	0	0	12	4	6	4	4	45.15	0		50.239351
6	11	1	0	0	22	3	14	2	3	54.35	1		1.792966
6	12	1	0	0	0	6	14	2	3	54.35	1		1.792966
100	200	1	0	0	2	6	14	2	3	54.35	1		1.792966
89	177	3	0	0	4	6	15	4	6	174.76	0		14.551836
89	176	2	0	0	16	4	6	4	4	45.15	0		50.239351
89	175	1	0	0	8	6	14	2	3	54.35	1		1.792966
42	81	3	0	0	4	12	15	4	6	174.76	0		14.551836
83	164	3	0	0	4	18	15	4	6	174.76	0		14.551836
83	165	3	0	0	4	24	15	4	6	174.76	0		14.551836
58	115	1	0	0	10	6	14	2	3	54.35	1		1.792966
38	75	3	0	6	12	0	15	4	6	174.76	0		14.551836
38	74	1	0	0	20	6	14	2	3	54.35	1		1.792966
18	34	1	0	0	22	6	14	2	3	54.35	1		1.792966
33	65	3	0	6	16	0	15	4	6	174.76	0		14.551836
33	64	2	0	0	12	8	6	4	4	45.15	0		50.239351
99	197	2	0	0	16	8	6	4	4	45.15	0		50.239351
99	198	2	0	0	12	12	6	4	4	45.15	0		50.239351
99	199	2	0	0	16	12	6	4	4	45.15	0		50.239351
11	22	3	0	6	12	6	15	4	6	174.76	0		14.551836
11	23	3	0	6	16	6	15	4	6	174.76	0		14.551836
11	21	2	0	0	12	16	6	4	4	45.15	0		50.239351


-------------------------------------------------------------------------------------------------------------------
Tour_Id:			6
No_of_Customers:		4
No_of_Items:			7
Customer_Sequence:		74 32 88 2 

CustId	Id	TypeId	Rotated	x	y	z	Length	Width	Height	mass	Fragility	LoadBearingStrength
2	4	3	0	0	0	0	15	4	6	174.76	0		14.551836
2	3	2	0	0	4	0	6	4	4	45.15	0		50.239351
2	2	1	0	0	8	0	14	2	3	54.35	1		1.792966
88	174	2	0	0	10	0	6	4	4	45.15	0		50.239351
32	63	1	0	0	14	0	14	2	3	54.35	1		1.792966
74	145	2	0	0	16	0	6	4	4	45.15	0		50.239351
74	146	2	0	0	20	0	6	4	4	45.15	0		50.239351


