Name:				293_n100_m200_bt10
Problem:			3L-VRPTW
Number_of_used_Vehicles:	4
Total_Travel_Distance:		732.45
Calculation_Time:		3600.00
Total_Iterations:		4763
ConstraintSet:			P1

-------------------------------------------------------------------------------------------------------------------
Tour_Id:			1
No_of_Customers:		32
No_of_Items:			64
Customer_Sequence:		9 8 62 15 46 31 99 11 76 33 28 100 68 61 48 21 80 71 51 40 55 13 3 86 5 92 17 74 84 63 50 22 

CustId	Id	TypeId	Rotated	x	y	z	Length	Width	Height	mass	Fragility	LoadBearingStrength
22	42	9	0	0	0	0	13	6	6	175.68	0		7.189842
22	43	10	0	0	6	0	9	6	6	286.81	0		23.289073
22	41	7	0	0	12	0	17	3	6	366.38	0		237.882874
50	102	4	0	0	15	0	8	6	6	203.59	0		22.553654
50	103	8	0	0	0	6	9	6	8	159.56	1		3.607257
50	101	2	0	0	6	6	11	5	3	105.27	1		8.472163
63	128	9	0	0	11	6	13	6	6	175.68	0		7.189842
63	126	6	0	0	11	12	9	6	8	187.09	0		14.123023
63	127	8	0	0	0	14	9	6	8	159.56	1		3.607257
84	168	5	0	0	21	0	9	3	7	94.73	0		18.299964
74	147	6	0	0	11	20	9	6	8	187.09	0		14.123023
74	148	6	0	13	0	0	9	6	8	187.09	0		14.123023
74	146	5	0	0	17	6	9	3	7	94.73	0		18.299964
17	31	8	0	0	0	22	9	6	8	159.56	1		3.607257
92	183	9	0	9	17	0	13	6	6	175.68	0		7.189842
92	182	5	0	0	21	7	9	3	7	94.73	0		18.299964
5	8	2	0	0	6	9	11	5	3	105.27	1		8.472163
86	171	4	0	9	17	6	8	6	6	203.59	0		22.553654
86	170	3	0	0	17	13	8	4	8	91.14	0		17.512558
86	172	8	1	9	11	12	9	6	8	159.56	1		3.607257
3	5	9	0	15	6	0	13	6	6	175.68	0		7.189842
3	6	10	0	13	0	8	9	6	6	286.81	0		23.289073
3	4	1	0	15	6	6	14	4	3	156.62	0		11.556941
13	21	6	0	13	0	14	9	6	8	187.09	0		14.123023
55	112	5	0	0	21	14	9	3	7	94.73	0		18.299964
40	80	9	0	22	0	0	13	6	6	175.68	0		7.189842
40	79	7	0	11	6	9	17	3	6	366.38	0		237.882874
40	78	1	0	11	6	15	14	4	3	156.62	0		11.556941
51	105	9	0	22	12	0	13	6	6	175.68	0		7.189842
51	106	10	0	0	17	21	9	6	6	286.81	0		23.289073
51	104	4	0	13	0	22	8	6	6	203.59	0		22.553654
71	140	6	0	22	18	0	9	6	8	187.09	0		14.123023
71	141	6	0	22	0	6	9	6	8	187.09	0		14.123023
80	161	8	1	9	11	20	9	6	8	159.56	1		3.607257
21	40	5	0	9	20	12	9	3	7	94.73	0		18.299964
48	98	9	0	22	12	6	13	6	6	175.68	0		7.189842
61	124	7	0	11	6	18	17	3	6	366.38	0		237.882874
68	134	6	0	22	18	8	9	6	8	187.09	0		14.123023
100	200	3	0	9	20	19	8	4	8	91.14	0		17.512558
28	56	10	0	22	12	12	9	6	6	286.81	0		23.289073
28	55	5	0	22	0	14	9	3	7	94.73	0		18.299964
28	54	1	0	0	20	27	14	4	3	156.62	0		11.556941
33	66	10	0	22	18	16	9	6	6	286.81	0		23.289073
76	154	9	0	29	6	0	13	6	6	175.68	0		7.189842
76	152	4	0	22	12	18	8	6	6	203.59	0		22.553654
76	153	4	0	22	18	22	8	6	6	203.59	0		22.553654
11	17	7	0	11	6	24	17	3	6	366.38	0		237.882874
11	16	5	0	22	3	14	9	3	7	94.73	0		18.299964
11	18	8	0	22	0	21	9	6	8	159.56	1		3.607257
99	198	10	0	22	12	24	9	6	6	286.81	0		23.289073
99	199	10	0	29	6	6	9	6	6	286.81	0		23.289073
99	197	5	0	28	6	12	9	3	7	94.73	0		18.299964
31	63	9	0	31	18	0	13	6	6	175.68	0		7.189842
31	61	1	0	31	18	6	14	4	3	156.62	0		11.556941
31	62	1	0	31	18	9	14	4	3	156.62	0		11.556941
46	94	10	1	31	9	12	9	6	6	286.81	0		23.289073
46	92	7	0	31	18	12	17	3	6	366.38	0		237.882874
46	93	8	1	31	9	18	9	6	8	159.56	1		3.607257
15	26	7	0	31	18	18	17	3	6	366.38	0		237.882874
15	27	7	0	30	18	24	17	3	6	366.38	0		237.882874
15	25	5	0	28	6	19	9	3	7	94.73	0		18.299964
62	125	8	0	35	0	0	9	6	8	159.56	1		3.607257
8	11	9	0	42	6	0	13	6	6	175.68	0		7.189842
9	12	10	0	38	6	6	9	6	6	286.81	0		23.289073


-------------------------------------------------------------------------------------------------------------------
Tour_Id:			2
No_of_Customers:		25
No_of_Items:			56
Customer_Sequence:		73 83 35 41 19 94 32 23 25 96 98 97 16 42 4 6 18 30 65 39 29 47 49 14 20 

CustId	Id	TypeId	Rotated	x	y	z	Length	Width	Height	mass	Fragility	LoadBearingStrength
20	39	9	0	0	0	0	13	6	6	175.68	0		7.189842
20	38	1	0	0	6	0	14	4	3	156.62	0		11.556941
14	24	10	0	0	10	0	9	6	6	286.81	0		23.289073
14	23	3	0	0	16	0	8	4	8	91.14	0		17.512558
14	22	1	0	0	20	0	14	4	3	156.62	0		11.556941
49	99	6	0	0	0	6	9	6	8	187.09	0		14.123023
49	100	7	0	0	6	3	17	3	6	366.38	0		237.882874
47	97	6	0	0	9	6	9	6	8	187.09	0		14.123023
47	95	5	0	0	20	3	9	3	7	94.73	0		18.299964
47	96	5	0	0	16	8	9	3	7	94.73	0		18.299964
29	58	7	0	0	6	9	17	3	6	366.38	0		237.882874
29	57	2	0	0	0	14	11	5	3	105.27	1		8.472163
39	77	7	0	0	6	15	17	3	6	366.38	0		237.882874
39	76	5	0	0	20	10	9	3	7	94.73	0		18.299964
65	131	10	0	0	9	14	9	6	6	286.81	0		23.289073
65	130	4	0	0	9	20	8	6	6	203.59	0		22.553654
30	60	3	0	0	15	15	8	4	8	91.14	0		17.512558
30	59	2	0	0	0	17	11	5	3	105.27	1		8.472163
18	34	10	0	9	10	0	9	6	6	286.81	0		23.289073
18	32	3	0	0	19	17	8	4	8	91.14	0		17.512558
18	33	8	0	0	0	20	9	6	8	159.56	1		3.607257
6	9	8	0	9	9	6	9	6	8	159.56	1		3.607257
4	7	6	0	13	0	0	9	6	8	187.09	0		14.123023
42	86	9	0	18	6	0	13	6	6	175.68	0		7.189842
42	85	6	0	11	0	8	9	6	8	187.09	0		14.123023
42	84	1	0	9	16	0	14	4	3	156.62	0		11.556941
16	30	10	0	9	16	3	9	6	6	286.81	0		23.289073
16	29	7	0	0	6	21	17	3	6	366.38	0		237.882874
16	28	4	0	9	15	9	8	6	6	203.59	0		22.553654
97	193	5	0	0	15	23	9	3	7	94.73	0		18.299964
98	195	3	0	9	15	15	8	4	8	91.14	0		17.512558
98	194	1	0	0	6	27	14	4	3	156.62	0		11.556941
98	196	8	0	9	9	14	9	6	8	159.56	1		3.607257
96	192	7	0	17	6	6	17	3	6	366.38	0		237.882874
96	190	2	0	8	10	22	11	5	3	105.27	1		8.472163
96	191	2	0	8	10	25	11	5	3	105.27	1		8.472163
25	47	6	0	11	0	16	9	6	8	187.09	0		14.123023
23	45	6	0	22	0	0	9	6	8	187.09	0		14.123023
23	44	2	0	9	0	24	11	5	3	105.27	1		8.472163
32	65	6	0	20	0	8	9	6	8	187.09	0		14.123023
32	64	3	0	19	9	6	8	4	8	91.14	0		17.512558
94	188	6	0	20	0	16	9	6	8	187.09	0		14.123023
94	187	4	0	20	0	24	8	6	6	203.59	0		22.553654
94	186	1	0	23	13	0	14	4	3	156.62	0		11.556941
19	36	6	0	23	17	0	9	6	8	187.09	0		14.123023
19	37	10	0	23	17	8	9	6	6	286.81	0		23.289073
19	35	3	0	19	9	14	8	4	8	91.14	0		17.512558
41	83	10	0	23	17	14	9	6	6	286.81	0		23.289073
41	82	4	0	23	17	20	8	6	6	203.59	0		22.553654
41	81	2	0	31	0	0	11	5	3	105.27	1		8.472163
35	70	4	0	32	17	0	8	6	6	203.59	0		22.553654
35	69	3	0	19	9	22	8	4	8	91.14	0		17.512558
83	167	7	0	17	6	12	17	3	6	366.38	0		237.882874
83	166	1	0	19	13	3	14	4	3	156.62	0		11.556941
73	144	9	0	34	5	0	13	6	6	175.68	0		7.189842
73	145	10	0	32	17	6	9	6	6	286.81	0		23.289073


-------------------------------------------------------------------------------------------------------------------
Tour_Id:			3
No_of_Customers:		37
No_of_Items:			67
Customer_Sequence:		1 89 72 69 24 10 44 60 75 57 52 53 78 37 85 87 67 54 66 58 64 45 82 7 43 38 70 79 2 88 59 12 81 77 95 91 27 

CustId	Id	TypeId	Rotated	x	y	z	Length	Width	Height	mass	Fragility	LoadBearingStrength
27	53	5	0	0	0	0	9	3	7	94.73	0		18.299964
27	51	2	0	0	3	0	11	5	3	105.27	1		8.472163
27	52	2	0	0	8	0	11	5	3	105.27	1		8.472163
91	179	6	0	0	13	0	9	6	8	187.09	0		14.123023
91	180	8	0	0	19	0	9	6	8	159.56	1		3.607257
91	181	8	0	0	3	3	9	6	8	159.56	1		3.607257
95	189	8	0	0	13	8	9	6	8	159.56	1		3.607257
77	157	10	0	9	13	0	9	6	6	286.81	0		23.289073
77	155	7	0	9	0	0	17	3	6	366.38	0		237.882874
77	156	7	0	9	19	0	17	3	6	366.38	0		237.882874
81	163	4	0	9	13	6	8	6	6	203.59	0		22.553654
81	162	1	0	9	0	6	14	4	3	156.62	0		11.556941
12	19	1	0	9	19	6	14	4	3	156.62	0		11.556941
12	20	8	0	0	19	8	9	6	8	159.56	1		3.607257
59	120	5	0	9	0	9	9	3	7	94.73	0		18.299964
59	119	2	0	0	3	11	11	5	3	105.27	1		8.472163
88	174	6	0	9	13	12	9	6	8	187.09	0		14.123023
2	3	1	0	9	19	9	14	4	3	156.62	0		11.556941
79	160	4	0	9	13	20	8	6	6	203.59	0		22.553654
70	139	9	0	11	4	0	13	6	6	175.68	0		7.189842
70	138	6	0	11	4	6	9	6	8	187.09	0		14.123023
70	137	2	0	0	3	14	11	5	3	105.27	1		8.472163
38	75	7	0	9	19	12	17	3	6	366.38	0		237.882874
43	88	3	0	9	19	18	8	4	8	91.14	0		17.512558
43	87	2	0	0	3	17	11	5	3	105.27	1		8.472163
7	10	8	0	0	3	20	9	6	8	159.56	1		3.607257
82	165	7	0	11	10	0	17	3	6	366.38	0		237.882874
82	164	1	0	18	13	0	14	4	3	156.62	0		11.556941
45	91	2	1	9	13	26	11	5	3	105.27	1		8.472163
64	129	9	0	24	3	0	13	6	6	175.68	0		7.189842
58	118	7	0	11	10	6	17	3	6	366.38	0		237.882874
66	132	4	0	11	3	14	8	6	6	203.59	0		22.553654
54	110	9	0	20	4	6	13	6	6	175.68	0		7.189842
54	111	9	0	20	4	12	13	6	6	175.68	0		7.189842
54	109	7	0	11	10	12	17	3	6	366.38	0		237.882874
67	133	3	0	11	3	20	8	4	8	91.14	0		17.512558
87	173	2	0	18	13	3	11	5	3	105.27	1		8.472163
85	169	1	0	19	4	18	14	4	3	156.62	0		11.556941
37	74	7	0	11	10	18	17	3	6	366.38	0		237.882874
37	73	5	0	9	0	16	9	3	7	94.73	0		18.299964
78	158	9	0	26	18	0	13	6	6	175.68	0		7.189842
78	159	10	0	26	18	6	9	6	6	286.81	0		23.289073
53	108	5	0	9	0	23	9	3	7	94.73	0		18.299964
52	107	7	0	11	10	24	17	3	6	366.38	0		237.882874
57	117	9	0	37	0	0	13	6	6	175.68	0		7.189842
57	116	5	0	17	19	18	9	3	7	94.73	0		18.299964
75	151	7	0	19	4	21	17	3	6	366.38	0		237.882874
75	150	3	0	26	19	12	8	4	8	91.14	0		17.512558
75	149	1	0	19	4	27	14	4	3	156.62	0		11.556941
60	122	4	0	36	0	6	8	6	6	203.59	0		22.553654
60	121	3	0	26	19	20	8	4	8	91.14	0		17.512558
60	123	8	0	36	0	12	9	6	8	159.56	1		3.607257
44	90	9	0	37	6	0	13	6	6	175.68	0		7.189842
44	89	4	0	36	6	6	8	6	6	203.59	0		22.553654
10	13	6	0	36	6	12	9	6	8	187.09	0		14.123023
10	14	6	0	36	6	20	9	6	8	187.09	0		14.123023
10	15	6	0	32	12	0	9	6	8	187.09	0		14.123023
24	46	8	0	32	12	8	9	6	8	159.56	1		3.607257
69	135	9	0	39	18	0	13	6	6	175.68	0		7.189842
69	136	9	0	35	18	6	13	6	6	175.68	0		7.189842
72	143	4	0	34	18	12	8	6	6	203.59	0		22.553654
72	142	1	0	41	12	0	14	4	3	156.62	0		11.556941
89	177	9	1	45	0	6	13	6	6	175.68	0		7.189842
89	176	7	1	45	0	12	17	3	6	366.38	0		237.882874
89	175	3	0	34	19	18	8	4	8	91.14	0		17.512558
1	2	8	0	36	0	20	9	6	8	159.56	1		3.607257
1	1	2	1	51	0	0	11	5	3	105.27	1		8.472163


-------------------------------------------------------------------------------------------------------------------
Tour_Id:			4
No_of_Customers:		6
No_of_Items:			13
Customer_Sequence:		34 93 56 26 36 90 

CustId	Id	TypeId	Rotated	x	y	z	Length	Width	Height	mass	Fragility	LoadBearingStrength
90	178	10	0	0	0	0	9	6	6	286.81	0		23.289073
36	72	6	0	0	6	0	9	6	8	187.09	0		14.123023
36	71	2	0	0	12	0	11	5	3	105.27	1		8.472163
26	50	10	0	0	17	0	9	6	6	286.81	0		23.289073
26	49	4	0	0	0	6	8	6	6	203.59	0		22.553654
26	48	3	0	0	17	6	8	4	8	91.14	0		17.512558
56	115	9	0	9	0	0	13	6	6	175.68	0		7.189842
56	113	6	0	0	6	8	9	6	8	187.09	0		14.123023
56	114	8	0	0	0	12	9	6	8	159.56	1		3.607257
93	185	4	0	0	6	16	8	6	6	203.59	0		22.553654
93	184	3	0	0	17	14	8	4	8	91.14	0		17.512558
34	68	9	0	9	6	0	13	6	6	175.68	0		7.189842
34	67	8	0	0	0	20	9	6	8	159.56	1		3.607257


