Name:				297_n100_m200_bt100
Problem:			3L-VRPTW
Number_of_used_Vehicles:	5
Total_Travel_Distance:		852.31
Calculation_Time:		3600.00
Total_Iterations:		6321
ConstraintSet:			P1

-------------------------------------------------------------------------------------------------------------------
Tour_Id:			1
No_of_Customers:		27
No_of_Items:			57
Customer_Sequence:		55 46 13 4 82 92 27 47 77 73 98 34 26 66 31 5 67 96 33 3 35 1 87 97 6 62 29 

CustId	Id	TypeId	Rotated	x	y	z	Length	Width	Height	mass	Fragility	LoadBearingStrength
29	59	76	0	0	0	0	6	5	3	83.96	0		45.746218
29	58	64	0	0	5	0	14	2	3	80.59	1		89.377068
62	125	72	0	0	7	0	14	3	6	278.79	0		160.728862
62	127	98	0	0	10	0	9	2	3	43.62	0		64.870049
62	126	73	0	0	12	0	16	5	6	412.40	1		12.907628
6	10	76	0	0	17	0	6	5	3	83.96	0		45.746218
97	193	50	0	6	0	0	12	5	7	136.09	0		22.617135
97	194	76	0	0	0	3	6	5	3	83.96	0		45.746218
87	173	19	0	6	17	0	10	6	8	159.46	0		6.905685
87	174	45	0	6	0	7	10	5	8	226.96	0		20.123764
1	1	9	0	0	7	6	8	3	6	139.50	0		151.666982
1	2	59	0	0	10	3	10	2	6	143.20	0		206.510571
35	74	68	0	14	5	0	15	6	6	439.09	0		197.463188
35	75	76	0	6	17	8	6	5	3	83.96	0		45.746218
35	73	36	0	0	12	6	11	3	6	82.57	1		5.176850
3	4	1	0	14	5	6	15	7	4	246.04	0		19.101672
3	5	56	0	14	5	10	17	6	8	728.19	1		11.165478
33	68	62	0	6	0	15	10	3	5	49.54	0		44.964601
33	69	78	0	16	12	0	7	6	3	107.48	0		83.799071
96	192	87	0	6	17	11	8	5	4	308.64	0		85.673465
96	191	4	0	14	5	18	15	5	3	200.43	1		34.436207
67	137	72	0	16	18	0	14	3	6	278.79	0		160.728862
67	138	91	0	6	17	15	6	6	5	105.54	0		27.307939
5	9	97	0	23	12	0	17	6	3	261.48	0		33.464939
5	8	53	0	16	12	3	10	5	6	209.57	0		246.748448
5	7	2	0	26	12	3	13	6	3	154.90	0		27.840475
31	65	97	0	26	12	6	17	6	3	261.48	0		33.464939
31	63	2	0	16	12	9	13	6	3	154.90	0		27.840475
31	64	9	0	6	0	20	8	3	6	139.50	0		151.666982
66	135	9	0	6	17	20	8	3	6	139.50	0		151.666982
66	136	69	0	0	12	12	6	3	4	70.01	1		67.776692
26	51	19	0	14	12	12	10	6	8	159.46	0		6.905685
26	52	52	0	0	23	0	8	2	5	68.68	0		149.377638
26	53	80	0	14	12	20	13	3	7	90.18	1		2.433426
34	70	55	0	29	12	9	17	6	8	341.56	0		24.932019
34	71	60	0	16	21	0	14	3	8	191.94	0		22.809839
34	72	98	0	0	23	5	9	2	3	43.62	0		64.870049
98	195	32	0	29	12	17	9	7	7	271.10	1		7.737693
73	147	26	0	14	5	21	16	3	7	270.46	1		6.634542
77	155	30	0	31	0	0	11	7	8	1133.85	0		52.445988
77	156	86	0	14	21	8	17	3	7	317.33	0		48.880424
47	94	68	0	42	0	0	15	6	6	439.09	0		197.463188
47	95	98	0	6	3	15	9	2	3	43.62	0		64.870049
27	55	45	0	31	7	0	10	5	8	226.96	0		20.123764
27	56	67	0	41	7	0	17	5	4	237.99	0		34.177578
27	54	23	0	14	21	15	15	4	3	169.15	0		33.666231
92	182	9	0	6	20	20	8	3	6	139.50	0		151.666982
92	183	36	0	14	21	18	11	3	6	82.57	1		5.176850
82	164	47	0	31	0	8	11	6	4	236.55	0		41.372380
82	163	7	0	16	18	6	7	3	6	123.58	0		97.425560
4	6	79	0	6	17	26	6	6	3	107.21	0		19.879135
13	25	26	0	31	19	0	16	3	7	270.46	1		6.634542
13	26	64	0	14	8	21	14	2	3	80.59	1		89.377068
46	93	39	0	31	6	8	6	5	7	181.74	0		24.773703
55	113	19	0	31	0	12	10	6	8	159.46	0		6.905685
55	115	82	0	6	3	18	12	2	5	62.59	0		17.300079
55	114	76	0	30	0	20	6	5	3	83.96	0		45.746218


-------------------------------------------------------------------------------------------------------------------
Tour_Id:			2
No_of_Customers:		22
No_of_Items:			46
Customer_Sequence:		30 56 59 36 76 58 52 49 24 40 17 10 57 11 22 99 48 89 43 44 83 18 

CustId	Id	TypeId	Rotated	x	y	z	Length	Width	Height	mass	Fragility	LoadBearingStrength
18	35	30	0	0	0	0	11	7	8	1133.85	0		52.445988
18	36	64	0	0	7	0	14	2	3	80.59	1		89.377068
83	165	58	0	0	9	0	15	6	3	93.60	0		20.670007
44	87	31	0	0	15	0	11	4	7	186.29	0		24.620153
44	89	72	0	0	19	0	14	3	6	278.79	0		160.728862
44	88	42	0	0	7	3	9	6	4	106.68	1		15.376531
43	86	79	0	0	0	8	6	6	3	107.21	0		19.879135
89	177	53	0	0	15	7	10	5	6	209.57	0		246.748448
89	178	58	0	11	0	0	15	6	3	93.60	0		20.670007
48	98	71	0	11	0	3	7	7	7	309.23	0		92.779732
48	97	62	0	0	22	0	10	3	5	49.54	0		44.964601
48	96	29	0	0	15	13	9	4	3	68.32	0		24.058594
99	197	43	0	14	15	0	11	5	7	528.18	0		314.789875
99	196	39	0	0	0	11	6	5	7	181.74	0		24.773703
22	43	62	0	0	22	5	10	3	5	49.54	0		44.964601
11	20	53	0	14	20	0	10	5	6	209.57	0		246.748448
11	19	2	0	15	7	0	13	6	3	154.90	0		27.840475
11	21	54	0	0	7	7	11	4	5	167.83	1		10.880090
57	118	34	0	11	0	10	9	6	3	260.53	0		83.014417
10	17	16	0	0	15	16	8	4	8	139.47	0		17.884400
10	16	15	0	9	0	13	9	5	4	109.08	0		23.394809
10	18	17	0	9	0	17	9	5	4	169.75	0		240.057173
17	34	54	0	0	6	12	11	4	5	167.83	1		10.880090
40	81	6	0	14	7	3	13	7	8	356.33	0		14.708343
40	82	67	0	11	7	11	17	5	4	237.99	0		34.177578
40	83	73	0	11	7	15	16	5	6	412.40	1		12.907628
24	48	57	0	24	20	0	17	4	4	397.76	0		265.553145
24	49	87	0	0	15	24	8	5	4	308.64	0		85.673465
24	47	9	0	0	22	10	8	3	6	139.50	0		151.666982
49	99	55	0	26	0	0	17	6	8	341.56	0		24.932019
49	101	63	0	0	22	16	7	3	8	279.60	0		278.237613
49	100	59	0	0	20	6	10	2	6	143.20	0		206.510571
52	105	49	0	10	20	6	15	3	7	269.24	0		17.171578
52	106	58	0	26	0	8	15	6	3	93.60	0		20.670007
52	104	34	0	9	0	21	9	6	3	260.53	0		83.014417
58	120	28	0	10	15	7	12	4	7	196.37	0		22.772648
58	119	26	0	8	20	13	16	3	7	270.46	1		6.634542
76	154	48	0	26	0	11	7	6	7	94.99	0		39.406653
76	153	18	0	10	15	14	7	5	7	85.95	0		8.604840
36	76	11	0	11	12	11	15	2	5	127.85	0		31.235030
59	121	31	0	25	14	0	11	4	7	186.29	0		24.620153
56	117	83	0	22	14	7	15	3	5	183.46	0		51.523464
56	116	56	0	11	7	21	17	6	8	728.19	1		11.165478
30	61	44	0	10	15	21	6	5	7	151.66	0		91.065202
30	60	11	0	22	14	12	15	2	5	127.85	0		31.235030
30	62	79	0	9	0	24	6	6	3	107.21	0		19.879135


-------------------------------------------------------------------------------------------------------------------
Tour_Id:			3
No_of_Customers:		24
No_of_Items:			40
Customer_Sequence:		72 70 71 7 42 28 51 100 88 74 63 64 80 38 79 85 68 16 41 50 91 21 65 95 

CustId	Id	TypeId	Rotated	x	y	z	Length	Width	Height	mass	Fragility	LoadBearingStrength
95	190	47	0	0	0	0	11	6	4	236.55	0		41.372380
95	189	7	0	0	6	0	7	3	6	123.58	0		97.425560
65	134	86	0	0	9	0	17	3	7	317.33	0		48.880424
65	132	47	0	0	12	0	11	6	4	236.55	0		41.372380
65	133	66	0	0	18	0	8	6	4	164.18	1		14.361515
21	42	72	0	0	0	4	14	3	6	278.79	0		160.728862
91	181	9	0	0	3	4	8	3	6	139.50	0		151.666982
50	102	80	0	0	12	4	13	3	7	90.18	1		2.433426
41	84	3	0	0	0	10	10	4	5	88.08	0		24.978778
16	33	11	0	0	9	7	15	2	5	127.85	0		31.235030
68	141	98	0	0	15	4	9	2	3	43.62	0		64.870049
68	139	80	0	0	12	11	13	3	7	90.18	1		2.433426
68	140	93	0	0	17	4	8	3	7	137.51	1		11.616829
85	169	23	0	8	18	0	15	4	3	169.15	0		33.666231
79	160	83	0	7	6	0	15	3	5	183.46	0		51.523464
79	158	38	0	17	9	0	11	7	7	207.31	1		2.580087
79	159	64	0	0	9	12	14	2	3	80.59	1		89.377068
38	78	86	0	7	6	5	17	3	7	317.33	0		48.880424
80	161	77	0	8	18	3	11	5	7	206.26	1		6.954992
64	131	43	0	14	0	0	11	5	7	528.18	0		314.789875
64	130	42	0	8	18	10	9	6	4	106.68	1		15.376531
64	129	12	0	0	0	15	13	2	5	129.18	1		35.709737
63	128	43	0	14	0	7	11	5	7	528.18	0		314.789875
74	148	28	0	13	0	14	12	4	7	196.37	0		22.772648
74	150	91	0	23	16	0	6	6	5	105.54	0		27.307939
74	149	56	0	25	0	0	17	6	8	728.19	1		11.165478
88	176	48	0	23	16	5	7	6	7	94.99	0		39.406653
88	175	44	0	13	0	21	6	5	7	151.66	0		91.065202
100	198	45	0	28	6	0	10	5	8	226.96	0		20.123764
100	199	71	0	23	16	12	7	7	7	309.23	0		92.779732
100	200	97	0	30	11	0	17	6	3	261.48	0		33.464939
51	103	98	0	7	6	12	9	2	3	43.62	0		64.870049
28	57	77	0	25	0	8	11	5	7	206.26	1		6.954992
42	85	34	0	23	16	19	9	6	3	260.53	0		83.014417
7	11	6	0	32	11	3	13	7	8	356.33	0		14.708343
7	12	56	0	32	18	0	17	6	8	728.19	1		11.165478
71	144	12	0	0	9	15	13	2	5	129.18	1		35.709737
70	143	29	0	23	16	22	9	4	3	68.32	0		24.058594
72	145	1	0	32	11	11	15	7	4	246.04	0		19.101672
72	146	36	0	0	12	18	11	3	6	82.57	1		5.176850


-------------------------------------------------------------------------------------------------------------------
Tour_Id:			4
No_of_Customers:		23
No_of_Items:			48
Customer_Sequence:		9 69 37 12 90 61 94 60 15 2 81 86 93 78 84 75 53 23 39 54 20 32 14 

CustId	Id	TypeId	Rotated	x	y	z	Length	Width	Height	mass	Fragility	LoadBearingStrength
14	29	100	0	0	0	0	12	4	7	279.34	0		33.558320
14	27	57	0	0	4	0	17	4	4	397.76	0		265.553145
14	28	73	0	0	8	0	16	5	6	412.40	1		12.907628
32	67	97	0	0	13	0	17	6	3	261.48	0		33.464939
32	66	79	0	0	19	0	6	6	3	107.21	0		19.879135
20	40	74	0	0	13	3	11	5	5	111.17	0		17.899116
20	41	82	0	0	18	3	12	2	5	62.59	0		17.300079
54	112	85	0	0	0	7	12	5	5	273.91	0		35.637242
54	111	58	0	17	0	0	15	6	3	93.60	0		20.670007
54	110	11	0	0	5	4	15	2	5	127.85	0		31.235030
39	80	97	0	17	6	0	17	6	3	261.48	0		33.464939
39	79	59	0	0	13	8	10	2	6	143.20	0		206.510571
23	46	67	0	17	12	0	17	5	4	237.99	0		34.177578
23	44	5	0	0	20	3	8	5	4	156.50	0		22.818309
23	45	52	0	0	20	7	8	2	5	68.68	0		149.377638
53	107	41	0	17	17	0	12	7	7	209.04	0		10.060827
53	108	48	0	0	0	12	7	6	7	94.99	0		39.406653
53	109	66	0	0	0	19	8	6	4	164.18	1		14.361515
75	151	29	0	0	15	8	9	4	3	68.32	0		24.058594
75	152	38	0	17	0	3	11	7	7	207.31	1		2.580087
84	166	55	0	29	17	0	17	6	8	341.56	0		24.932019
84	168	86	0	17	7	3	17	3	7	317.33	0		48.880424
84	167	77	0	0	7	6	11	5	7	206.26	1		6.954992
78	157	39	0	0	15	11	6	5	7	181.74	0		24.773703
93	184	2	0	29	17	8	13	6	3	154.90	0		27.840475
93	185	35	0	16	12	4	12	3	6	101.84	0		45.588589
86	170	25	0	16	15	4	16	2	8	439.74	0		397.083311
86	171	34	0	29	17	11	9	6	3	260.53	0		83.014417
86	172	76	0	0	15	18	6	5	3	83.96	0		45.746218
81	162	12	0	0	7	13	13	2	5	129.18	1		35.709737
2	3	88	0	32	0	0	17	5	7	496.45	0		27.180491
15	30	23	0	17	7	10	15	4	3	169.15	0		33.666231
15	31	38	0	17	0	10	11	7	7	207.31	1		2.580087
15	32	80	0	0	9	13	13	3	7	90.18	1		2.433426
60	122	14	0	28	0	7	17	5	8	248.91	0		94.550740
60	123	17	0	17	7	13	9	5	4	169.75	0		240.057173
94	187	75	0	28	0	15	16	5	7	400.44	0		157.270562
94	186	47	0	28	0	22	11	6	4	236.55	0		41.372380
94	188	83	0	16	12	10	15	3	5	183.46	0		51.523464
61	124	55	0	34	6	0	17	6	8	341.56	0		24.932019
90	179	65	0	17	7	17	8	6	7	263.96	0		26.056650
90	180	83	0	34	12	0	15	3	5	183.46	0		51.523464
12	22	8	0	34	6	8	14	7	8	285.35	0		8.590025
12	23	11	0	16	15	12	15	2	5	127.85	0		31.235030
12	24	12	0	16	15	17	13	2	5	129.18	1		35.709737
37	77	1	0	34	6	16	15	7	4	246.04	0		19.101672
69	142	39	0	29	17	14	6	5	7	181.74	0		24.773703
9	15	11	0	29	23	0	15	2	5	127.85	0		31.235030


-------------------------------------------------------------------------------------------------------------------
Tour_Id:			5
No_of_Customers:		4
No_of_Items:			9
Customer_Sequence:		19 25 8 45 

CustId	Id	TypeId	Rotated	x	y	z	Length	Width	Height	mass	Fragility	LoadBearingStrength
45	91	87	0	0	0	0	8	5	4	308.64	0		85.673465
45	92	96	0	0	5	0	12	2	3	31.86	0		26.821101
45	90	56	0	0	7	0	17	6	8	728.19	1		11.165478
8	13	30	0	0	13	0	11	7	8	1133.85	0		52.445988
8	14	68	0	11	13	0	15	6	6	439.09	0		197.463188
25	50	47	0	0	13	8	11	6	4	236.55	0		41.372380
19	37	8	0	11	13	6	14	7	8	285.35	0		8.590025
19	39	45	0	0	20	0	10	5	8	226.96	0		20.123764
19	38	40	0	0	19	8	11	4	5	156.37	0		141.595098


