Name:				301_n020_m400_bt3
Problem:			3L-VRPTW
Number_of_used_Vehicles:	4
Total_Travel_Distance:		335.47
Calculation_Time:		3600.00
Total_Iterations:		334
ConstraintSet:			P1

-------------------------------------------------------------------------------------------------------------------
Tour_Id:			1
No_of_Customers:		1
No_of_Items:			0
Customer_Sequence:		3 

-------------------------------------------------------------------------------------------------------------------
Tour_Id:			2
No_of_Customers:		5
No_of_Items:			118
Customer_Sequence:		20 19 17 16 14 

CustId	Id	TypeId	Rotated	x	y	z	Length	Width	Height	mass	Fragility	LoadBearingStrength
14	246	1	0	0	0	0	13	6	5	66.42	0		3.107699
14	247	1	0	0	6	0	13	6	5	66.42	0		3.107699
14	255	2	0	0	12	0	15	3	4	20.27	1		1.996468
14	249	1	0	0	15	0	13	6	5	66.42	0		3.107699
14	250	1	0	0	0	5	13	6	5	66.42	0		3.107699
14	251	1	0	0	6	5	13	6	5	66.42	0		3.107699
14	252	1	0	0	15	5	13	6	5	66.42	0		3.107699
14	253	1	0	0	0	10	13	6	5	66.42	0		3.107699
14	254	1	0	0	6	10	13	6	5	66.42	0		3.107699
14	245	1	0	0	15	10	13	6	5	66.42	0		3.107699
14	269	3	0	0	0	15	7	5	8	129.84	0		18.534193
14	268	3	0	0	5	15	7	5	8	129.84	0		18.534193
14	267	3	0	0	15	15	7	5	8	129.84	0		18.534193
14	266	3	0	7	0	15	7	5	8	129.84	0		18.534193
14	265	3	0	7	5	15	7	5	8	129.84	0		18.534193
14	264	3	0	7	15	15	7	5	8	129.84	0		18.534193
14	261	2	0	0	21	0	15	3	4	20.27	1		1.996468
14	262	2	0	0	12	4	15	3	4	20.27	1		1.996468
14	263	2	0	0	21	4	15	3	4	20.27	1		1.996468
14	260	2	0	0	12	8	15	3	4	20.27	1		1.996468
14	259	2	0	0	21	8	15	3	4	20.27	1		1.996468
14	258	2	0	0	12	12	15	3	4	20.27	1		1.996468
14	257	2	0	0	21	12	15	3	4	20.27	1		1.996468
14	256	2	0	0	12	16	15	3	4	20.27	1		1.996468
14	248	1	0	0	0	23	13	6	5	66.42	0		3.107699
16	293	1	0	0	15	23	13	6	5	66.42	0		3.107699
16	294	1	0	14	0	0	13	6	5	66.42	0		3.107699
16	295	1	0	14	6	0	13	6	5	66.42	0		3.107699
16	292	1	0	14	15	0	13	6	5	66.42	0		3.107699
16	312	3	0	14	0	5	7	5	8	129.84	0		18.534193
16	311	3	0	14	5	5	7	5	8	129.84	0		18.534193
16	310	3	0	14	15	5	7	5	8	129.84	0		18.534193
16	309	3	0	14	0	13	7	5	8	129.84	0		18.534193
16	308	3	0	14	5	13	7	5	8	129.84	0		18.534193
16	307	3	0	14	15	13	7	5	8	129.84	0		18.534193
16	297	2	0	0	21	16	15	3	4	20.27	1		1.996468
16	303	2	0	0	12	20	15	3	4	20.27	1		1.996468
16	304	2	0	0	21	20	15	3	4	20.27	1		1.996468
17	316	1	1	21	0	5	13	6	5	66.42	0		3.107699
16	302	2	0	0	6	23	15	3	4	20.27	1		1.996468
16	301	2	0	0	12	24	15	3	4	20.27	1		1.996468
16	300	2	0	0	21	24	15	3	4	20.27	1		1.996468
16	299	2	0	15	12	0	15	3	4	20.27	1		1.996468
16	298	2	0	15	21	0	15	3	4	20.27	1		1.996468
16	306	3	0	14	0	21	7	5	8	129.84	0		18.534193
16	296	2	0	15	21	4	15	3	4	20.27	1		1.996468
17	314	1	1	21	0	10	13	6	5	66.42	0		3.107699
17	313	1	1	21	0	15	13	6	5	66.42	0		3.107699
17	322	1	1	21	0	20	13	6	5	66.42	0		3.107699
17	321	1	1	21	0	25	13	6	5	66.42	0		3.107699
17	320	1	0	27	0	0	13	6	5	66.42	0		3.107699
17	319	1	0	27	6	0	13	6	5	66.42	0		3.107699
17	318	1	0	27	15	0	13	6	5	66.42	0		3.107699
17	317	1	0	21	15	5	13	6	5	66.42	0		3.107699
16	305	2	0	15	21	8	15	3	4	20.27	1		1.996468
17	315	1	0	21	15	10	13	6	5	66.42	0		3.107699
17	338	3	0	14	15	21	7	5	8	129.84	0		18.534193
17	337	3	0	21	15	15	7	5	8	129.84	0		18.534193
17	336	3	0	27	0	5	7	5	8	129.84	0		18.534193
17	335	3	0	27	5	5	7	5	8	129.84	0		18.534193
17	334	3	0	27	0	13	7	5	8	129.84	0		18.534193
17	333	3	0	27	5	13	7	5	8	129.84	0		18.534193
17	332	3	0	27	0	21	7	5	8	129.84	0		18.534193
17	331	3	0	27	5	21	7	5	8	129.84	0		18.534193
17	330	2	0	15	21	12	15	3	4	20.27	1		1.996468
17	329	2	0	15	21	16	15	3	4	20.27	1		1.996468
17	328	2	0	15	21	20	15	3	4	20.27	1		1.996468
17	327	2	0	15	21	24	15	3	4	20.27	1		1.996468
17	326	2	0	30	12	0	15	3	4	20.27	1		1.996468
17	325	2	0	30	21	0	15	3	4	20.27	1		1.996468
17	324	2	0	30	12	4	15	3	4	20.27	1		1.996468
17	323	2	0	30	21	4	15	3	4	20.27	1		1.996468
19	356	1	0	40	0	0	13	6	5	66.42	0		3.107699
19	366	1	0	34	0	5	13	6	5	66.42	0		3.107699
19	365	1	0	34	0	10	13	6	5	66.42	0		3.107699
19	364	1	0	34	0	15	13	6	5	66.42	0		3.107699
19	363	1	0	34	0	20	13	6	5	66.42	0		3.107699
19	362	1	0	34	0	25	13	6	5	66.42	0		3.107699
19	360	1	0	40	6	0	13	6	5	66.42	0		3.107699
19	359	1	0	34	6	5	13	6	5	66.42	0		3.107699
19	358	1	0	34	6	10	13	6	5	66.42	0		3.107699
19	357	1	0	34	6	15	13	6	5	66.42	0		3.107699
19	355	1	0	34	6	20	13	6	5	66.42	0		3.107699
19	361	1	0	34	6	25	13	6	5	66.42	0		3.107699
19	377	3	0	28	15	15	7	5	8	129.84	0		18.534193
19	376	3	0	34	15	5	7	5	8	129.84	0		18.534193
19	375	3	0	41	15	0	7	5	8	129.84	0		18.534193
19	374	3	0	41	15	8	7	5	8	129.84	0		18.534193
19	371	2	0	21	15	23	15	3	4	20.27	1		1.996468
19	372	2	0	30	12	8	15	3	4	20.27	1		1.996468
19	373	2	0	27	12	12	15	3	4	20.27	1		1.996468
19	370	2	0	27	12	16	15	3	4	20.27	1		1.996468
19	369	2	0	27	12	20	15	3	4	20.27	1		1.996468
19	368	2	0	27	12	24	15	3	4	20.27	1		1.996468
19	367	2	0	30	21	8	15	3	4	20.27	1		1.996468
20	379	1	1	47	0	5	13	6	5	66.42	0		3.107699
20	380	1	1	47	0	10	13	6	5	66.42	0		3.107699
20	381	1	1	47	0	15	13	6	5	66.42	0		3.107699
20	382	1	1	47	0	20	13	6	5	66.42	0		3.107699
20	378	1	1	47	0	25	13	6	5	66.42	0		3.107699
20	400	3	0	41	15	16	7	5	8	129.84	0		18.534193
20	399	3	0	45	20	0	7	5	8	129.84	0		18.534193
20	398	3	0	45	20	8	7	5	8	129.84	0		18.534193
20	397	3	0	45	20	16	7	5	8	129.84	0		18.534193
20	396	3	0	48	13	0	7	5	8	129.84	0		18.534193
20	395	3	0	48	13	8	7	5	8	129.84	0		18.534193
20	394	3	0	48	13	16	7	5	8	129.84	0		18.534193
20	393	3	0	52	20	0	7	5	8	129.84	0		18.534193
20	392	3	0	52	20	8	7	5	8	129.84	0		18.534193
20	391	2	0	30	21	12	15	3	4	20.27	1		1.996468
20	390	2	0	30	21	16	15	3	4	20.27	1		1.996468
20	389	2	0	30	21	20	15	3	4	20.27	1		1.996468
20	388	2	0	30	21	24	15	3	4	20.27	1		1.996468
20	387	2	0	41	15	24	15	3	4	20.27	1		1.996468
20	386	2	1	55	0	0	15	3	4	20.27	1		1.996468
20	385	2	1	55	0	4	15	3	4	20.27	1		1.996468
20	384	2	1	55	0	8	15	3	4	20.27	1		1.996468
20	383	2	1	55	0	12	15	3	4	20.27	1		1.996468


-------------------------------------------------------------------------------------------------------------------
Tour_Id:			3
No_of_Customers:		7
No_of_Items:			132
Customer_Sequence:		4 11 8 7 12 9 13 

CustId	Id	TypeId	Rotated	x	y	z	Length	Width	Height	mass	Fragility	LoadBearingStrength
13	223	1	0	0	0	0	13	6	5	66.42	0		3.107699
13	224	1	0	0	6	0	13	6	5	66.42	0		3.107699
13	225	1	0	0	12	0	13	6	5	66.42	0		3.107699
13	226	1	0	0	18	0	13	6	5	66.42	0		3.107699
13	227	1	0	0	0	5	13	6	5	66.42	0		3.107699
13	228	1	0	0	6	5	13	6	5	66.42	0		3.107699
13	229	1	0	0	12	5	13	6	5	66.42	0		3.107699
9	152	2	0	0	18	5	15	3	4	20.27	1		1.996468
13	244	3	0	0	0	10	7	5	8	129.84	0		18.534193
13	243	3	0	0	5	10	7	5	8	129.84	0		18.534193
13	242	3	0	0	10	10	7	5	8	129.84	0		18.534193
13	241	3	0	0	0	18	7	5	8	129.84	0		18.534193
13	234	2	0	0	21	5	15	3	4	20.27	1		1.996468
13	235	2	0	0	21	9	15	3	4	20.27	1		1.996468
9	149	2	0	0	18	9	15	3	4	20.27	1		1.996468
13	237	2	0	0	15	10	15	3	4	20.27	1		1.996468
13	238	2	0	0	21	13	15	3	4	20.27	1		1.996468
13	239	2	0	0	15	14	15	3	4	20.27	1		1.996468
13	240	2	0	0	21	17	15	3	4	20.27	1		1.996468
9	156	3	0	0	5	18	7	5	8	129.84	0		18.534193
13	232	2	0	0	15	18	15	3	4	20.27	1		1.996468
13	231	2	0	0	21	21	15	3	4	20.27	1		1.996468
13	230	2	0	0	15	22	15	3	4	20.27	1		1.996468
9	144	1	1	7	0	10	13	6	5	66.42	0		3.107699
9	145	1	1	7	0	15	13	6	5	66.42	0		3.107699
9	146	1	1	7	0	20	13	6	5	66.42	0		3.107699
9	147	1	1	7	0	25	13	6	5	66.42	0		3.107699
13	236	2	0	0	21	25	15	3	4	20.27	1		1.996468
9	155	3	0	0	10	18	7	5	8	129.84	0		18.534193
13	233	2	0	0	15	26	15	3	4	20.27	1		1.996468
9	157	3	0	13	0	0	7	5	8	129.84	0		18.534193
9	158	3	0	13	5	0	7	5	8	129.84	0		18.534193
9	148	2	0	0	18	13	15	3	4	20.27	1		1.996468
9	154	3	0	13	10	0	7	5	8	129.84	0		18.534193
9	150	2	0	0	18	17	15	3	4	20.27	1		1.996468
12	201	1	1	13	0	8	13	6	5	66.42	0		3.107699
13	222	1	0	13	15	0	13	6	5	66.42	0		3.107699
9	153	2	0	0	18	21	15	3	4	20.27	1		1.996468
12	202	1	1	13	0	13	13	6	5	66.42	0		3.107699
12	203	1	1	13	0	18	13	6	5	66.42	0		3.107699
12	204	1	1	13	0	23	13	6	5	66.42	0		3.107699
12	205	1	0	15	15	5	13	6	5	66.42	0		3.107699
12	206	1	0	15	15	10	13	6	5	66.42	0		3.107699
12	207	1	0	15	15	15	13	6	5	66.42	0		3.107699
12	208	1	0	15	15	20	13	6	5	66.42	0		3.107699
9	151	2	0	0	18	25	15	3	4	20.27	1		1.996468
12	221	3	0	20	0	0	7	5	8	129.84	0		18.534193
12	213	2	0	15	21	0	15	3	4	20.27	1		1.996468
12	219	3	0	19	0	8	7	5	8	129.84	0		18.534193
12	218	3	0	19	0	16	7	5	8	129.84	0		18.534193
12	217	3	0	20	5	0	7	5	8	129.84	0		18.534193
12	216	3	0	19	5	8	7	5	8	129.84	0		18.534193
12	215	3	0	19	5	16	7	5	8	129.84	0		18.534193
7	125	3	0	20	10	0	7	5	8	129.84	0		18.534193
12	220	3	0	27	0	0	7	5	8	129.84	0		18.534193
12	214	3	0	26	0	8	7	5	8	129.84	0		18.534193
12	211	2	0	15	21	4	15	3	4	20.27	1		1.996468
12	210	2	0	15	21	8	15	3	4	20.27	1		1.996468
7	126	3	0	19	10	8	7	5	8	129.84	0		18.534193
7	120	3	0	19	10	16	7	5	8	129.84	0		18.534193
7	111	1	0	15	15	25	13	6	5	66.42	0		3.107699
7	127	3	0	26	0	16	7	5	8	129.84	0		18.534193
12	209	2	0	15	21	12	15	3	4	20.27	1		1.996468
12	212	2	0	15	21	16	15	3	4	20.27	1		1.996468
7	124	3	0	27	5	0	7	5	8	129.84	0		18.534193
7	123	3	0	26	5	8	7	5	8	129.84	0		18.534193
7	122	3	0	26	5	16	7	5	8	129.84	0		18.534193
8	131	1	0	19	0	24	13	6	5	66.42	0		3.107699
7	118	2	0	15	21	20	15	3	4	20.27	1		1.996468
7	119	3	0	27	10	0	7	5	8	129.84	0		18.534193
7	112	1	0	19	6	24	13	6	5	66.42	0		3.107699
7	117	2	0	15	21	24	15	3	4	20.27	1		1.996468
7	116	2	0	30	15	0	15	3	4	20.27	1		1.996468
8	132	1	0	30	18	0	13	6	5	66.42	0		3.107699
11	186	1	0	30	18	5	13	6	5	66.42	0		3.107699
7	113	2	0	30	15	4	15	3	4	20.27	1		1.996468
8	128	1	0	34	0	0	13	6	5	66.42	0		3.107699
8	129	1	0	34	6	0	13	6	5	66.42	0		3.107699
8	130	1	0	34	0	5	13	6	5	66.42	0		3.107699
7	121	3	0	26	10	8	7	5	8	129.84	0		18.534193
7	115	2	0	30	15	8	15	3	4	20.27	1		1.996468
8	139	3	0	33	0	10	7	5	8	129.84	0		18.534193
11	188	1	0	30	18	10	13	6	5	66.42	0		3.107699
8	141	3	0	33	0	18	7	5	8	129.84	0		18.534193
8	135	2	0	28	15	12	15	3	4	20.27	1		1.996468
8	143	3	0	34	6	5	7	5	8	129.84	0		18.534193
8	133	2	0	28	15	16	15	3	4	20.27	1		1.996468
11	189	1	0	30	18	15	13	6	5	66.42	0		3.107699
8	142	3	0	34	6	13	7	5	8	129.84	0		18.534193
8	136	2	0	28	15	20	15	3	4	20.27	1		1.996468
8	137	2	0	28	15	24	15	3	4	20.27	1		1.996468
8	138	2	0	34	12	0	15	3	4	20.27	1		1.996468
11	182	1	0	30	18	20	13	6	5	66.42	0		3.107699
11	183	1	0	30	18	25	13	6	5	66.42	0		3.107699
11	184	1	0	43	18	0	13	6	5	66.42	0		3.107699
11	185	1	0	43	18	5	13	6	5	66.42	0		3.107699
7	114	2	0	45	15	0	15	3	4	20.27	1		1.996468
11	187	1	0	43	18	10	13	6	5	66.42	0		3.107699
8	140	3	0	34	6	21	7	5	8	129.84	0		18.534193
8	134	2	0	34	12	4	15	3	4	20.27	1		1.996468
11	181	1	0	43	18	15	13	6	5	66.42	0		3.107699
11	200	3	0	40	0	10	7	5	8	129.84	0		18.534193
4	56	1	0	43	18	20	13	6	5	66.42	0		3.107699
11	198	3	0	40	0	18	7	5	8	129.84	0		18.534193
11	197	3	0	41	6	5	7	5	8	129.84	0		18.534193
11	196	3	0	41	5	13	7	5	8	129.84	0		18.534193
11	195	2	0	32	0	26	15	3	4	20.27	1		1.996468
11	194	2	0	34	12	8	15	3	4	20.27	1		1.996468
11	193	2	0	34	12	12	15	3	4	20.27	1		1.996468
11	192	2	0	26	12	16	15	3	4	20.27	1		1.996468
11	199	3	0	41	5	21	7	5	8	129.84	0		18.534193
11	190	2	0	26	12	20	15	3	4	20.27	1		1.996468
4	55	1	0	43	18	25	13	6	5	66.42	0		3.107699
11	191	2	0	19	12	24	15	3	4	20.27	1		1.996468
4	57	1	1	49	0	0	13	6	5	66.42	0		3.107699
4	58	1	1	49	0	5	13	6	5	66.42	0		3.107699
4	59	1	1	49	0	10	13	6	5	66.42	0		3.107699
4	54	1	1	49	0	15	13	6	5	66.42	0		3.107699
4	73	3	0	48	0	20	7	5	8	129.84	0		18.534193
4	72	3	0	48	5	20	7	5	8	129.84	0		18.534193
4	71	3	1	55	0	0	7	5	8	129.84	0		18.534193
4	70	3	1	55	7	0	7	5	8	129.84	0		18.534193
4	69	3	1	55	0	8	7	5	8	129.84	0		18.534193
4	68	3	1	55	7	8	7	5	8	129.84	0		18.534193
4	66	2	0	45	15	4	15	3	4	20.27	1		1.996468
4	67	2	0	45	15	8	15	3	4	20.27	1		1.996468
4	65	2	0	43	15	12	15	3	4	20.27	1		1.996468
4	64	2	0	43	15	16	15	3	4	20.27	1		1.996468
4	63	2	0	43	15	20	15	3	4	20.27	1		1.996468
4	62	2	0	43	15	24	15	3	4	20.27	1		1.996468
4	61	2	1	55	0	16	15	3	4	20.27	1		1.996468
4	60	2	1	55	0	20	15	3	4	20.27	1		1.996468


-------------------------------------------------------------------------------------------------------------------
Tour_Id:			4
No_of_Customers:		7
No_of_Items:			129
Customer_Sequence:		1 10 5 6 2 18 15 

CustId	Id	TypeId	Rotated	x	y	z	Length	Width	Height	mass	Fragility	LoadBearingStrength
15	271	1	0	0	0	0	13	6	5	66.42	0		3.107699
15	272	1	0	0	6	0	13	6	5	66.42	0		3.107699
15	273	1	0	0	12	0	13	6	5	66.42	0		3.107699
15	274	1	0	0	18	0	13	6	5	66.42	0		3.107699
15	275	1	0	0	0	5	13	6	5	66.42	0		3.107699
15	276	1	0	0	6	5	13	6	5	66.42	0		3.107699
15	270	1	0	0	12	5	13	6	5	66.42	0		3.107699
15	291	3	0	0	18	5	7	5	8	129.84	0		18.534193
15	290	3	0	0	0	10	7	5	8	129.84	0		18.534193
15	289	3	0	0	5	10	7	5	8	129.84	0		18.534193
15	288	3	0	0	10	10	7	5	8	129.84	0		18.534193
15	287	3	0	0	18	13	7	5	8	129.84	0		18.534193
15	286	3	0	0	0	18	7	5	8	129.84	0		18.534193
15	285	3	0	0	5	18	7	5	8	129.84	0		18.534193
15	284	2	0	0	15	10	15	3	4	20.27	1		1.996468
15	283	2	0	0	15	14	15	3	4	20.27	1		1.996468
15	282	2	0	0	15	18	15	3	4	20.27	1		1.996468
15	281	2	0	0	15	22	15	3	4	20.27	1		1.996468
15	280	2	0	0	15	26	15	3	4	20.27	1		1.996468
15	279	2	1	7	0	10	15	3	4	20.27	1		1.996468
15	278	2	1	7	0	14	15	3	4	20.27	1		1.996468
15	277	2	1	7	0	18	15	3	4	20.27	1		1.996468
18	339	1	0	13	0	0	13	6	5	66.42	0		3.107699
18	340	1	0	13	6	0	13	6	5	66.42	0		3.107699
18	341	1	0	13	18	0	13	6	5	66.42	0		3.107699
18	347	3	0	0	18	21	7	5	8	129.84	0		18.534193
18	348	3	0	7	18	5	7	5	8	129.84	0		18.534193
18	349	3	0	7	18	13	7	5	8	129.84	0		18.534193
18	350	3	0	7	18	21	7	5	8	129.84	0		18.534193
18	351	3	0	13	0	5	7	5	8	129.84	0		18.534193
18	352	3	0	13	5	5	7	5	8	129.84	0		18.534193
18	353	3	0	13	0	13	7	5	8	129.84	0		18.534193
18	354	3	0	13	5	13	7	5	8	129.84	0		18.534193
18	342	2	1	7	0	22	15	3	4	20.27	1		1.996468
18	343	2	1	7	0	26	15	3	4	20.27	1		1.996468
2	21	1	1	13	0	21	13	6	5	66.42	0		3.107699
18	345	2	1	10	0	10	15	3	4	20.27	1		1.996468
18	346	2	1	10	0	14	15	3	4	20.27	1		1.996468
2	17	1	0	14	18	5	13	6	5	66.42	0		3.107699
2	18	1	0	14	18	10	13	6	5	66.42	0		3.107699
2	19	1	0	14	18	15	13	6	5	66.42	0		3.107699
2	20	1	0	14	18	20	13	6	5	66.42	0		3.107699
18	344	2	1	10	0	18	15	3	4	20.27	1		1.996468
2	16	1	0	14	18	25	13	6	5	66.42	0		3.107699
2	32	3	0	20	0	5	7	5	8	129.84	0		18.534193
2	31	3	0	20	5	5	7	5	8	129.84	0		18.534193
2	30	3	0	20	0	13	7	5	8	129.84	0		18.534193
2	25	2	1	10	0	22	15	3	4	20.27	1		1.996468
2	26	2	1	10	0	26	15	3	4	20.27	1		1.996468
2	27	2	0	13	12	0	15	3	4	20.27	1		1.996468
2	28	2	0	13	12	4	15	3	4	20.27	1		1.996468
2	29	2	0	13	12	8	15	3	4	20.27	1		1.996468
6	98	1	0	27	0	0	13	6	5	66.42	0		3.107699
2	23	2	0	13	12	12	15	3	4	20.27	1		1.996468
2	22	2	0	13	12	16	15	3	4	20.27	1		1.996468
6	96	1	0	27	6	0	13	6	5	66.42	0		3.107699
6	97	1	0	27	0	5	13	6	5	66.42	0		3.107699
2	24	2	1	13	0	26	15	3	4	20.27	1		1.996468
6	99	1	0	27	6	5	13	6	5	66.42	0		3.107699
6	100	1	0	27	0	10	13	6	5	66.42	0		3.107699
6	101	1	0	27	6	10	13	6	5	66.42	0		3.107699
6	102	1	0	27	0	15	13	6	5	66.42	0		3.107699
10	160	1	0	27	6	15	13	6	5	66.42	0		3.107699
6	106	3	0	19	0	21	7	5	8	129.84	0		18.534193
6	107	3	0	20	5	13	7	5	8	129.84	0		18.534193
6	108	3	0	19	5	21	7	5	8	129.84	0		18.534193
6	109	3	0	27	0	20	7	5	8	129.84	0		18.534193
6	110	3	0	28	12	0	7	5	8	129.84	0		18.534193
6	103	2	1	16	0	26	15	3	4	20.27	1		1.996468
6	104	2	0	27	17	0	15	3	4	20.27	1		1.996468
5	75	1	0	40	0	0	13	6	5	66.42	0		3.107699
5	76	1	0	40	6	0	13	6	5	66.42	0		3.107699
5	77	1	0	40	0	5	13	6	5	66.42	0		3.107699
5	78	1	0	40	6	5	13	6	5	66.42	0		3.107699
5	79	1	0	40	0	10	13	6	5	66.42	0		3.107699
5	80	1	0	40	6	10	13	6	5	66.42	0		3.107699
5	74	1	0	40	0	15	13	6	5	66.42	0		3.107699
5	95	3	0	27	20	0	7	5	8	129.84	0		18.534193
5	94	3	0	27	20	8	7	5	8	129.84	0		18.534193
5	86	2	0	27	17	4	15	3	4	20.27	1		1.996468
5	92	3	0	27	20	16	7	5	8	129.84	0		18.534193
5	91	3	0	28	12	8	7	5	8	129.84	0		18.534193
5	90	3	0	28	12	16	7	5	8	129.84	0		18.534193
5	89	3	0	34	20	0	7	5	8	129.84	0		18.534193
5	88	3	0	34	20	8	7	5	8	129.84	0		18.534193
5	87	2	0	27	17	8	15	3	4	20.27	1		1.996468
5	93	3	0	34	20	16	7	5	8	129.84	0		18.534193
5	85	2	0	27	17	12	15	3	4	20.27	1		1.996468
5	84	2	0	27	17	16	15	3	4	20.27	1		1.996468
5	83	2	0	27	17	20	15	3	4	20.27	1		1.996468
5	82	2	0	27	17	24	15	3	4	20.27	1		1.996468
5	81	2	0	27	20	24	15	3	4	20.27	1		1.996468
6	105	3	0	35	12	0	7	5	8	129.84	0		18.534193
10	161	1	0	27	5	20	13	6	5	66.42	0		3.107699
1	2	1	0	26	5	25	13	6	5	66.42	0		3.107699
10	159	1	0	40	6	15	13	6	5	66.42	0		3.107699
10	180	3	0	34	0	20	7	5	8	129.84	0		18.534193
10	162	1	0	40	5	20	13	6	5	66.42	0		3.107699
10	178	3	0	35	12	8	7	5	8	129.84	0		18.534193
10	177	3	0	35	12	16	7	5	8	129.84	0		18.534193
10	176	3	0	41	0	20	7	5	8	129.84	0		18.534193
10	175	3	0	42	12	0	7	5	8	129.84	0		18.534193
10	174	3	0	42	17	0	7	5	8	129.84	0		18.534193
10	173	3	0	42	12	8	7	5	8	129.84	0		18.534193
10	169	2	0	28	12	24	15	3	4	20.27	1		1.996468
10	171	3	0	42	17	8	7	5	8	129.84	0		18.534193
10	170	3	0	42	12	16	7	5	8	129.84	0		18.534193
10	172	3	0	42	17	16	7	5	8	129.84	0		18.534193
10	168	2	0	42	22	0	15	3	4	20.27	1		1.996468
10	167	2	0	42	22	4	15	3	4	20.27	1		1.996468
10	166	2	0	42	22	8	15	3	4	20.27	1		1.996468
10	165	2	0	42	22	12	15	3	4	20.27	1		1.996468
10	164	2	0	42	22	16	15	3	4	20.27	1		1.996468
10	163	2	0	42	22	20	15	3	4	20.27	1		1.996468
1	1	1	0	39	5	25	13	6	5	66.42	0		3.107699
1	10	3	0	49	12	0	7	5	8	129.84	0		18.534193
1	9	3	0	49	17	0	7	5	8	129.84	0		18.534193
10	179	3	0	53	0	0	7	5	8	129.84	0		18.534193
1	11	3	0	49	12	8	7	5	8	129.84	0		18.534193
1	12	3	0	49	17	8	7	5	8	129.84	0		18.534193
1	13	3	0	49	12	16	7	5	8	129.84	0		18.534193
1	14	3	0	49	17	16	7	5	8	129.84	0		18.534193
1	15	3	0	53	5	0	7	5	8	129.84	0		18.534193
1	3	2	0	42	15	24	15	3	4	20.27	1		1.996468
1	4	2	0	42	18	24	15	3	4	20.27	1		1.996468
1	5	2	0	42	21	24	15	3	4	20.27	1		1.996468
1	6	2	0	43	12	24	15	3	4	20.27	1		1.996468
1	7	2	1	57	10	0	15	3	4	20.27	1		1.996468
1	8	2	1	57	10	4	15	3	4	20.27	1		1.996468


