Name:				302_n020_m400_bt3
Problem:			3L-VRPTW
Number_of_used_Vehicles:	4
Total_Travel_Distance:		423.80
Calculation_Time:		3429.60
Total_Iterations:		8149
ConstraintSet:			P1

-------------------------------------------------------------------------------------------------------------------
Tour_Id:			1
No_of_Customers:		5
No_of_Items:			98
Customer_Sequence:		20 7 11 13 5 

CustId	Id	TypeId	Rotated	x	y	z	Length	Width	Height	mass	Fragility	LoadBearingStrength
5	102	3	0	0	0	0	13	5	7	58.68	0		8.151522
5	101	3	0	0	5	0	13	5	7	58.68	0		8.151522
5	100	3	0	0	10	0	13	5	7	58.68	0		8.151522
5	99	3	0	0	15	0	13	5	7	58.68	0		8.151522
5	98	3	0	0	20	0	13	5	7	58.68	0		8.151522
5	97	3	0	0	0	7	13	5	7	58.68	0		8.151522
5	96	3	0	0	5	7	13	5	7	58.68	0		8.151522
5	86	1	0	0	10	7	13	3	8	43.16	0		2.237371
5	90	1	0	0	13	7	13	3	8	43.16	0		2.237371
5	89	1	0	0	16	7	13	3	8	43.16	0		2.237371
5	88	1	0	0	19	7	13	3	8	43.16	0		2.237371
5	87	1	0	0	22	7	13	3	8	43.16	0		2.237371
5	85	1	0	0	0	14	13	3	8	43.16	0		2.237371
5	93	2	0	0	3	14	15	3	7	38.32	1		2.707821
5	94	2	0	0	6	14	15	3	7	38.32	1		2.707821
5	95	2	0	0	10	15	15	3	7	38.32	1		2.707821
5	92	2	0	0	13	15	15	3	7	38.32	1		2.707821
5	91	2	0	0	16	15	15	3	7	38.32	1		2.707821
13	257	3	0	0	19	15	13	5	7	58.68	0		8.151522
13	256	3	0	0	19	22	13	5	7	58.68	0		8.151522
13	255	3	0	13	19	0	13	5	7	58.68	0		8.151522
13	254	3	0	13	19	7	13	5	7	58.68	0		8.151522
13	253	3	0	13	19	14	13	5	7	58.68	0		8.151522
13	252	3	0	13	19	21	13	5	7	58.68	0		8.151522
13	251	3	0	15	0	0	13	5	7	58.68	0		8.151522
13	250	3	0	15	5	0	13	5	7	58.68	0		8.151522
13	241	1	0	0	0	22	13	3	8	43.16	0		2.237371
13	245	1	0	13	0	7	13	3	8	43.16	0		2.237371
13	244	1	0	13	0	15	13	3	8	43.16	0		2.237371
13	243	1	0	15	10	0	13	3	8	43.16	0		2.237371
13	242	1	0	15	13	0	13	3	8	43.16	0		2.237371
13	240	1	0	15	16	0	13	3	8	43.16	0		2.237371
13	249	2	0	0	3	21	15	3	7	38.32	1		2.707821
13	248	2	0	0	6	21	15	3	7	38.32	1		2.707821
13	247	2	0	0	10	22	15	3	7	38.32	1		2.707821
7	125	1	0	15	3	7	13	3	8	43.16	0		2.237371
11	225	3	0	15	10	8	13	5	7	58.68	0		8.151522
11	224	3	0	15	10	15	13	5	7	58.68	0		8.151522
11	223	3	0	15	10	22	13	5	7	58.68	0		8.151522
11	222	3	0	26	19	0	13	5	7	58.68	0		8.151522
11	208	1	0	15	6	7	13	3	8	43.16	0		2.237371
11	214	1	0	15	15	8	13	3	8	43.16	0		2.237371
11	213	1	0	15	6	15	13	3	8	43.16	0		2.237371
11	212	1	0	15	15	16	13	3	8	43.16	0		2.237371
11	211	1	0	26	19	7	13	3	8	43.16	0		2.237371
11	210	1	0	26	19	15	13	3	8	43.16	0		2.237371
11	209	1	0	28	0	0	13	3	8	43.16	0		2.237371
11	207	1	0	26	0	8	13	3	8	43.16	0		2.237371
11	215	2	0	0	13	22	15	3	7	38.32	1		2.707821
11	216	2	0	0	16	22	15	3	7	38.32	1		2.707821
11	217	2	0	13	0	23	15	3	7	38.32	1		2.707821
11	218	2	0	15	6	23	15	3	7	38.32	1		2.707821
11	219	2	0	26	0	16	15	3	7	38.32	1		2.707821
11	220	2	0	26	19	23	15	3	7	38.32	1		2.707821
11	221	2	0	28	3	0	15	3	7	38.32	1		2.707821
7	143	3	0	28	9	0	13	5	7	58.68	0		8.151522
7	142	3	0	28	14	0	13	5	7	58.68	0		8.151522
7	141	3	0	28	9	7	13	5	7	58.68	0		8.151522
7	140	3	0	28	14	7	13	5	7	58.68	0		8.151522
7	139	3	0	28	9	14	13	5	7	58.68	0		8.151522
7	124	1	0	15	3	15	13	3	8	43.16	0		2.237371
7	129	1	0	28	14	14	13	3	8	43.16	0		2.237371
7	128	1	0	28	9	21	13	3	8	43.16	0		2.237371
7	127	1	0	28	14	22	13	3	8	43.16	0		2.237371
7	126	1	0	41	0	0	13	3	8	43.16	0		2.237371
13	246	2	0	28	6	0	15	3	7	38.32	1		2.707821
7	123	1	0	41	9	0	13	3	8	43.16	0		2.237371
7	130	2	0	15	3	23	15	3	7	38.32	1		2.707821
7	131	2	0	28	3	7	15	3	7	38.32	1		2.707821
7	132	2	0	28	3	14	15	3	7	38.32	1		2.707821
7	133	2	0	28	0	23	15	3	7	38.32	1		2.707821
7	134	2	0	30	3	21	15	3	7	38.32	1		2.707821
7	135	2	0	30	6	7	15	3	7	38.32	1		2.707821
7	136	2	0	30	6	14	15	3	7	38.32	1		2.707821
7	137	2	0	30	6	21	15	3	7	38.32	1		2.707821
7	138	2	0	41	12	0	15	3	7	38.32	1		2.707821
20	400	3	0	41	15	0	13	5	7	58.68	0		8.151522
20	399	3	0	41	20	0	13	5	7	58.68	0		8.151522
20	398	3	0	41	15	7	13	5	7	58.68	0		8.151522
20	397	3	0	41	20	7	13	5	7	58.68	0		8.151522
20	396	3	0	41	14	14	13	5	7	58.68	0		8.151522
20	380	1	0	41	9	8	13	3	8	43.16	0		2.237371
20	388	1	0	41	19	14	13	3	8	43.16	0		2.237371
20	387	1	0	41	22	14	13	3	8	43.16	0		2.237371
20	386	1	0	41	9	16	13	3	8	43.16	0		2.237371
20	385	1	0	41	14	21	13	3	8	43.16	0		2.237371
20	384	1	0	41	19	22	13	3	8	43.16	0		2.237371
20	383	1	0	41	22	22	13	3	8	43.16	0		2.237371
20	382	1	0	45	3	0	13	3	8	43.16	0		2.237371
20	381	1	0	45	6	0	13	3	8	43.16	0		2.237371
20	379	1	0	43	0	8	13	3	8	43.16	0		2.237371
20	389	2	0	43	0	16	15	3	7	38.32	1		2.707821
20	390	2	0	43	0	23	15	3	7	38.32	1		2.707821
20	391	2	0	45	3	8	15	3	7	38.32	1		2.707821
20	392	2	0	45	6	8	15	3	7	38.32	1		2.707821
20	393	2	0	45	3	15	15	3	7	38.32	1		2.707821
20	394	2	0	45	6	15	15	3	7	38.32	1		2.707821
20	395	2	0	45	3	22	15	3	7	38.32	1		2.707821


-------------------------------------------------------------------------------------------------------------------
Tour_Id:			2
No_of_Customers:		5
No_of_Items:			102
Customer_Sequence:		18 19 6 17 14 

CustId	Id	TypeId	Rotated	x	y	z	Length	Width	Height	mass	Fragility	LoadBearingStrength
14	275	3	0	0	0	0	13	5	7	58.68	0		8.151522
14	274	3	0	0	5	0	13	5	7	58.68	0		8.151522
14	273	3	0	0	10	0	13	5	7	58.68	0		8.151522
14	272	3	0	0	15	0	13	5	7	58.68	0		8.151522
14	271	3	0	0	20	0	13	5	7	58.68	0		8.151522
14	270	3	0	0	0	7	13	5	7	58.68	0		8.151522
14	269	3	0	0	5	7	13	5	7	58.68	0		8.151522
14	259	1	0	0	10	7	13	3	8	43.16	0		2.237371
14	261	1	0	0	13	7	13	3	8	43.16	0		2.237371
14	260	1	0	0	16	7	13	3	8	43.16	0		2.237371
14	258	1	0	0	19	7	13	3	8	43.16	0		2.237371
14	266	2	0	0	22	7	15	3	7	38.32	1		2.707821
14	267	2	0	0	0	14	15	3	7	38.32	1		2.707821
14	268	2	0	0	3	14	15	3	7	38.32	1		2.707821
14	265	2	0	0	6	14	15	3	7	38.32	1		2.707821
14	264	2	0	0	22	14	15	3	7	38.32	1		2.707821
14	263	2	0	0	10	15	15	3	7	38.32	1		2.707821
17	317	1	0	0	13	15	13	3	8	43.16	0		2.237371
17	336	3	0	0	16	15	13	5	7	58.68	0		8.151522
17	335	3	0	0	16	22	13	5	7	58.68	0		8.151522
17	334	3	0	13	13	0	13	5	7	58.68	0		8.151522
17	333	3	0	13	13	7	13	5	7	58.68	0		8.151522
17	332	3	0	13	13	14	13	5	7	58.68	0		8.151522
17	316	1	0	13	18	0	13	3	8	43.16	0		2.237371
17	320	1	0	13	18	8	13	3	8	43.16	0		2.237371
17	319	1	0	13	18	16	13	3	8	43.16	0		2.237371
17	318	1	0	13	13	21	13	3	8	43.16	0		2.237371
14	262	2	0	0	0	21	15	3	7	38.32	1		2.707821
17	315	1	0	15	21	0	13	3	8	43.16	0		2.237371
17	321	2	0	0	3	21	15	3	7	38.32	1		2.707821
17	322	2	0	0	6	21	15	3	7	38.32	1		2.707821
17	323	2	0	0	22	21	15	3	7	38.32	1		2.707821
17	324	2	0	0	10	22	15	3	7	38.32	1		2.707821
17	325	2	0	15	0	0	15	3	7	38.32	1		2.707821
17	326	2	0	15	3	0	15	3	7	38.32	1		2.707821
17	327	2	0	15	6	0	15	3	7	38.32	1		2.707821
17	328	2	0	15	9	0	15	3	7	38.32	1		2.707821
17	329	2	0	15	0	7	15	3	7	38.32	1		2.707821
17	330	2	0	15	3	7	15	3	7	38.32	1		2.707821
17	331	2	0	15	6	7	15	3	7	38.32	1		2.707821
6	122	3	0	26	12	0	13	5	7	58.68	0		8.151522
6	121	3	0	26	12	7	13	5	7	58.68	0		8.151522
6	120	3	0	26	12	14	13	5	7	58.68	0		8.151522
6	119	3	0	26	12	21	13	5	7	58.68	0		8.151522
6	118	3	0	30	0	0	13	5	7	58.68	0		8.151522
6	104	1	0	15	21	8	13	3	8	43.16	0		2.237371
6	106	1	0	15	21	16	13	3	8	43.16	0		2.237371
6	105	1	0	26	17	0	13	3	8	43.16	0		2.237371
6	103	1	0	26	17	8	13	3	8	43.16	0		2.237371
6	109	2	0	15	9	7	15	3	7	38.32	1		2.707821
6	110	2	0	15	0	14	15	3	7	38.32	1		2.707821
6	111	2	0	15	3	14	15	3	7	38.32	1		2.707821
6	112	2	0	15	6	14	15	3	7	38.32	1		2.707821
6	113	2	0	15	9	14	15	3	7	38.32	1		2.707821
6	114	2	0	15	0	21	15	3	7	38.32	1		2.707821
6	115	2	0	15	3	21	15	3	7	38.32	1		2.707821
6	116	2	0	15	6	21	15	3	7	38.32	1		2.707821
6	117	2	0	15	9	21	15	3	7	38.32	1		2.707821
6	108	2	0	26	17	16	15	3	7	38.32	1		2.707821
6	107	2	0	26	17	23	15	3	7	38.32	1		2.707821
19	378	3	0	30	5	0	13	5	7	58.68	0		8.151522
19	377	3	0	30	0	7	13	5	7	58.68	0		8.151522
19	376	3	0	30	5	7	13	5	7	58.68	0		8.151522
19	369	1	0	28	20	0	13	3	8	43.16	0		2.237371
19	359	1	0	28	20	8	13	3	8	43.16	0		2.237371
19	368	1	0	28	20	16	13	3	8	43.16	0		2.237371
19	367	1	0	30	0	14	13	3	8	43.16	0		2.237371
19	366	1	0	30	3	14	13	3	8	43.16	0		2.237371
19	365	1	0	30	6	14	13	3	8	43.16	0		2.237371
19	364	1	0	30	0	22	13	3	8	43.16	0		2.237371
19	363	1	0	30	3	22	13	3	8	43.16	0		2.237371
19	362	1	0	30	6	22	13	3	8	43.16	0		2.237371
19	361	1	0	39	10	0	13	3	8	43.16	0		2.237371
19	360	1	0	39	13	0	13	3	8	43.16	0		2.237371
19	370	2	0	39	10	8	15	3	7	38.32	1		2.707821
19	371	2	0	39	13	8	15	3	7	38.32	1		2.707821
19	372	2	0	39	10	15	15	3	7	38.32	1		2.707821
19	373	2	0	39	13	15	15	3	7	38.32	1		2.707821
19	374	2	0	39	10	22	15	3	7	38.32	1		2.707821
19	375	2	0	39	13	22	15	3	7	38.32	1		2.707821
18	358	3	0	41	16	0	13	5	7	58.68	0		8.151522
18	357	3	0	41	16	7	13	5	7	58.68	0		8.151522
18	356	3	0	41	16	14	13	5	7	58.68	0		8.151522
18	355	3	0	41	16	21	13	5	7	58.68	0		8.151522
18	354	3	0	43	0	0	13	5	7	58.68	0		8.151522
18	353	3	0	43	5	0	13	5	7	58.68	0		8.151522
18	348	1	0	41	21	0	13	3	8	43.16	0		2.237371
18	337	1	0	41	21	8	13	3	8	43.16	0		2.237371
18	347	1	0	41	21	16	13	3	8	43.16	0		2.237371
18	346	1	0	43	0	7	13	3	8	43.16	0		2.237371
18	345	1	0	43	3	7	13	3	8	43.16	0		2.237371
18	344	1	0	43	6	7	13	3	8	43.16	0		2.237371
18	343	1	0	43	0	15	13	3	8	43.16	0		2.237371
18	342	1	0	43	3	15	13	3	8	43.16	0		2.237371
18	341	1	0	43	6	15	13	3	8	43.16	0		2.237371
18	340	1	1	54	10	0	13	3	8	43.16	0		2.237371
18	339	1	1	54	9	8	13	3	8	43.16	0		2.237371
18	338	1	1	54	9	16	13	3	8	43.16	0		2.237371
18	349	2	0	43	0	23	15	3	7	38.32	1		2.707821
18	350	2	0	43	3	23	15	3	7	38.32	1		2.707821
18	351	2	0	43	6	23	15	3	7	38.32	1		2.707821
18	352	2	1	57	0	0	15	3	7	38.32	1		2.707821


-------------------------------------------------------------------------------------------------------------------
Tour_Id:			3
No_of_Customers:		5
No_of_Items:			98
Customer_Sequence:		9 10 12 15 1 

CustId	Id	TypeId	Rotated	x	y	z	Length	Width	Height	mass	Fragility	LoadBearingStrength
1	22	3	0	0	0	0	13	5	7	58.68	0		8.151522
1	21	3	0	0	5	0	13	5	7	58.68	0		8.151522
1	20	3	0	0	10	0	13	5	7	58.68	0		8.151522
1	19	3	0	0	15	0	13	5	7	58.68	0		8.151522
1	18	3	0	0	20	0	13	5	7	58.68	0		8.151522
1	17	3	0	0	0	7	13	5	7	58.68	0		8.151522
1	2	1	0	0	5	7	13	3	8	43.16	0		2.237371
1	7	1	0	0	8	7	13	3	8	43.16	0		2.237371
1	6	1	0	0	11	7	13	3	8	43.16	0		2.237371
1	5	1	0	0	14	7	13	3	8	43.16	0		2.237371
1	4	1	0	0	17	7	13	3	8	43.16	0		2.237371
1	3	1	0	0	20	7	13	3	8	43.16	0		2.237371
1	1	1	0	0	0	14	13	3	8	43.16	0		2.237371
1	8	2	0	0	5	15	15	3	7	38.32	1		2.707821
1	9	2	0	0	8	15	15	3	7	38.32	1		2.707821
1	10	2	0	0	11	15	15	3	7	38.32	1		2.707821
1	11	2	0	0	14	15	15	3	7	38.32	1		2.707821
15	276	1	0	0	17	15	13	3	8	43.16	0		2.237371
15	289	3	0	13	0	0	13	5	7	58.68	0		8.151522
1	14	2	0	0	20	15	15	3	7	38.32	1		2.707821
1	15	2	1	0	0	22	15	3	7	38.32	1		2.707821
1	13	2	0	0	20	22	15	3	7	38.32	1		2.707821
15	296	3	0	13	0	7	13	5	7	58.68	0		8.151522
15	295	3	0	13	0	14	13	5	7	58.68	0		8.151522
15	294	3	0	13	0	21	13	5	7	58.68	0		8.151522
15	293	3	0	15	5	0	13	5	7	58.68	0		8.151522
15	292	3	0	15	10	0	13	5	7	58.68	0		8.151522
15	291	3	0	15	15	0	13	5	7	58.68	0		8.151522
15	290	3	0	15	20	0	13	5	7	58.68	0		8.151522
1	16	2	1	3	0	22	15	3	7	38.32	1		2.707821
15	277	1	0	13	17	7	13	3	8	43.16	0		2.237371
15	281	1	0	13	17	15	13	3	8	43.16	0		2.237371
15	280	1	0	15	5	7	13	3	8	43.16	0		2.237371
15	279	1	0	15	8	7	13	3	8	43.16	0		2.237371
12	234	3	0	15	11	7	13	5	7	58.68	0		8.151522
1	12	2	1	6	0	22	15	3	7	38.32	1		2.707821
15	285	2	0	0	17	23	15	3	7	38.32	1		2.707821
15	286	2	1	9	0	22	15	3	7	38.32	1		2.707821
15	287	2	0	15	20	7	15	3	7	38.32	1		2.707821
15	288	2	0	15	20	14	15	3	7	38.32	1		2.707821
15	284	2	0	15	5	15	15	3	7	38.32	1		2.707821
15	283	2	0	15	8	15	15	3	7	38.32	1		2.707821
15	282	2	0	15	20	21	15	3	7	38.32	1		2.707821
15	278	1	0	26	0	0	13	3	8	43.16	0		2.237371
12	235	3	0	15	11	14	13	5	7	58.68	0		8.151522
12	236	3	0	15	11	21	13	5	7	58.68	0		8.151522
12	237	3	0	28	11	0	13	5	7	58.68	0		8.151522
12	238	3	0	28	11	7	13	5	7	58.68	0		8.151522
12	239	3	0	28	11	14	13	5	7	58.68	0		8.151522
12	226	1	0	26	0	8	13	3	8	43.16	0		2.237371
12	227	1	0	26	0	16	13	3	8	43.16	0		2.237371
12	228	1	0	28	16	0	13	3	8	43.16	0		2.237371
12	229	2	0	12	5	22	15	3	7	38.32	1		2.707821
12	230	2	0	12	8	22	15	3	7	38.32	1		2.707821
12	231	2	0	26	16	8	15	3	7	38.32	1		2.707821
12	232	2	0	26	16	15	15	3	7	38.32	1		2.707821
12	233	2	0	26	16	22	15	3	7	38.32	1		2.707821
10	206	3	0	28	11	21	13	5	7	58.68	0		8.151522
10	205	3	0	30	19	0	13	5	7	58.68	0		8.151522
10	204	3	0	30	19	7	13	5	7	58.68	0		8.151522
10	203	3	0	30	19	14	13	5	7	58.68	0		8.151522
10	202	3	0	30	3	0	13	5	7	58.68	0		8.151522
10	201	3	0	30	3	7	13	5	7	58.68	0		8.151522
10	190	1	0	30	8	0	13	3	8	43.16	0		2.237371
10	187	1	0	30	8	8	13	3	8	43.16	0		2.237371
10	192	1	0	30	3	14	13	3	8	43.16	0		2.237371
10	191	1	0	30	8	16	13	3	8	43.16	0		2.237371
10	200	3	0	30	19	21	13	5	7	58.68	0		8.151522
10	189	1	0	30	3	22	13	3	8	43.16	0		2.237371
10	188	1	0	39	0	0	13	3	8	43.16	0		2.237371
10	186	1	0	39	0	8	13	3	8	43.16	0		2.237371
10	194	2	0	39	0	16	15	3	7	38.32	1		2.707821
10	195	2	0	39	0	23	15	3	7	38.32	1		2.707821
10	196	2	0	41	11	0	15	3	7	38.32	1		2.707821
10	197	2	0	41	14	0	15	3	7	38.32	1		2.707821
10	198	2	0	41	11	7	15	3	7	38.32	1		2.707821
10	199	2	0	41	14	7	15	3	7	38.32	1		2.707821
10	193	2	0	41	11	14	15	3	7	38.32	1		2.707821
9	185	3	0	43	3	0	13	5	7	58.68	0		8.151522
9	184	3	0	43	17	0	13	5	7	58.68	0		8.151522
9	183	3	0	43	3	7	13	5	7	58.68	0		8.151522
9	182	3	0	43	17	7	13	5	7	58.68	0		8.151522
9	172	1	0	43	8	0	13	3	8	43.16	0		2.237371
9	180	3	0	43	3	14	13	5	7	58.68	0		8.151522
9	179	3	0	43	17	14	13	5	7	58.68	0		8.151522
9	167	1	0	43	22	0	13	3	8	43.16	0		2.237371
9	174	1	0	43	8	8	13	3	8	43.16	0		2.237371
9	173	1	0	43	22	8	13	3	8	43.16	0		2.237371
9	181	3	0	43	3	21	13	5	7	58.68	0		8.151522
9	171	1	0	43	8	16	13	3	8	43.16	0		2.237371
9	170	1	0	43	22	16	13	3	8	43.16	0		2.237371
9	169	1	0	43	17	21	13	3	8	43.16	0		2.237371
9	168	1	1	56	0	0	13	3	8	43.16	0		2.237371
9	166	1	1	56	0	8	13	3	8	43.16	0		2.237371
9	175	2	0	41	14	14	15	3	7	38.32	1		2.707821
9	176	2	0	41	11	21	15	3	7	38.32	1		2.707821
9	177	2	0	41	14	21	15	3	7	38.32	1		2.707821
9	178	2	1	56	0	16	15	3	7	38.32	1		2.707821


-------------------------------------------------------------------------------------------------------------------
Tour_Id:			4
No_of_Customers:		5
No_of_Items:			102
Customer_Sequence:		2 3 4 16 8 

CustId	Id	TypeId	Rotated	x	y	z	Length	Width	Height	mass	Fragility	LoadBearingStrength
8	165	3	0	0	0	0	13	5	7	58.68	0		8.151522
8	164	3	0	0	5	0	13	5	7	58.68	0		8.151522
8	163	3	0	0	10	0	13	5	7	58.68	0		8.151522
8	162	3	0	0	15	0	13	5	7	58.68	0		8.151522
8	161	3	0	0	20	0	13	5	7	58.68	0		8.151522
8	160	3	0	0	0	7	13	5	7	58.68	0		8.151522
8	159	3	0	0	5	7	13	5	7	58.68	0		8.151522
8	158	3	0	0	10	7	13	5	7	58.68	0		8.151522
8	145	1	0	0	15	7	13	3	8	43.16	0		2.237371
8	152	1	0	0	18	7	13	3	8	43.16	0		2.237371
8	151	1	0	0	21	7	13	3	8	43.16	0		2.237371
8	150	1	0	0	0	14	13	3	8	43.16	0		2.237371
8	149	1	0	0	3	14	13	3	8	43.16	0		2.237371
8	148	1	0	0	6	14	13	3	8	43.16	0		2.237371
8	147	1	0	0	9	14	13	3	8	43.16	0		2.237371
8	146	1	0	0	12	14	13	3	8	43.16	0		2.237371
8	144	1	0	0	15	15	13	3	8	43.16	0		2.237371
8	153	2	0	0	18	15	15	3	7	38.32	1		2.707821
8	154	2	0	0	21	15	15	3	7	38.32	1		2.707821
8	155	2	0	0	0	22	15	3	7	38.32	1		2.707821
8	156	2	0	0	3	22	15	3	7	38.32	1		2.707821
8	157	2	0	0	6	22	15	3	7	38.32	1		2.707821
16	314	3	0	0	9	22	13	5	7	58.68	0		8.151522
16	298	1	0	13	9	0	13	3	8	43.16	0		2.237371
16	313	3	0	13	12	0	13	5	7	58.68	0		8.151522
16	300	1	0	13	12	7	13	3	8	43.16	0		2.237371
16	299	1	0	13	9	8	13	3	8	43.16	0		2.237371
4	79	3	0	15	17	0	13	5	7	58.68	0		8.151522
16	301	2	0	0	18	22	15	3	7	38.32	1		2.707821
16	302	2	0	0	21	22	15	3	7	38.32	1		2.707821
16	303	2	0	0	15	23	15	3	7	38.32	1		2.707821
16	304	2	0	13	12	15	15	3	7	38.32	1		2.707821
16	305	2	0	13	9	16	15	3	7	38.32	1		2.707821
16	306	2	0	13	12	22	15	3	7	38.32	1		2.707821
16	307	2	0	13	9	23	15	3	7	38.32	1		2.707821
16	308	2	0	15	22	0	15	3	7	38.32	1		2.707821
16	309	2	0	15	22	7	15	3	7	38.32	1		2.707821
16	310	2	0	15	22	14	15	3	7	38.32	1		2.707821
16	311	2	0	15	22	21	15	3	7	38.32	1		2.707821
16	312	2	0	15	0	0	15	3	7	38.32	1		2.707821
4	68	1	0	15	3	0	13	3	8	43.16	0		2.237371
4	83	3	0	15	15	7	13	5	7	58.68	0		8.151522
4	82	3	0	15	15	14	13	5	7	58.68	0		8.151522
4	81	3	0	15	15	21	13	5	7	58.68	0		8.151522
4	80	3	0	28	3	0	13	5	7	58.68	0		8.151522
16	297	1	0	15	6	0	13	3	8	43.16	0		2.237371
4	78	3	0	15	3	8	13	5	7	58.68	0		8.151522
4	84	3	0	15	3	15	13	5	7	58.68	0		8.151522
4	71	1	0	15	3	22	13	3	8	43.16	0		2.237371
4	70	1	0	28	8	0	13	3	8	43.16	0		2.237371
4	69	1	0	28	11	0	13	3	8	43.16	0		2.237371
4	67	1	0	28	14	0	13	3	8	43.16	0		2.237371
4	75	2	0	15	0	7	15	3	7	38.32	1		2.707821
4	76	2	0	15	0	14	15	3	7	38.32	1		2.707821
3	50	1	0	28	17	0	13	3	8	43.16	0		2.237371
4	77	2	0	15	0	21	15	3	7	38.32	1		2.707821
4	73	2	0	28	3	7	15	3	7	38.32	1		2.707821
3	49	1	0	28	8	8	13	3	8	43.16	0		2.237371
3	57	3	0	28	11	8	13	5	7	58.68	0		8.151522
3	66	3	0	28	16	8	13	5	7	58.68	0		8.151522
3	65	3	0	28	11	15	13	5	7	58.68	0		8.151522
3	64	3	0	28	16	15	13	5	7	58.68	0		8.151522
3	63	3	0	28	11	22	13	5	7	58.68	0		8.151522
3	62	3	0	28	16	22	13	5	7	58.68	0		8.151522
3	61	3	0	41	6	0	13	5	7	58.68	0		8.151522
2	34	2	0	28	3	14	15	3	7	38.32	1		2.707821
3	59	3	0	41	11	0	13	5	7	58.68	0		8.151522
3	58	3	0	41	16	0	13	5	7	58.68	0		8.151522
3	47	1	0	28	8	16	13	3	8	43.16	0		2.237371
3	52	1	0	30	0	0	13	3	8	43.16	0		2.237371
3	51	1	0	30	21	0	13	3	8	43.16	0		2.237371
4	74	2	0	41	3	0	15	3	7	38.32	1		2.707821
4	72	2	0	43	3	7	15	3	7	38.32	1		2.707821
3	48	1	0	30	0	8	13	3	8	43.16	0		2.237371
3	56	2	0	30	21	8	15	3	7	38.32	1		2.707821
2	42	3	0	41	6	7	13	5	7	58.68	0		8.151522
3	54	2	0	30	21	15	15	3	7	38.32	1		2.707821
3	53	2	0	30	0	16	15	3	7	38.32	1		2.707821
2	46	3	0	41	11	7	13	5	7	58.68	0		8.151522
2	45	3	0	41	16	7	13	5	7	58.68	0		8.151522
2	44	3	0	41	6	14	13	5	7	58.68	0		8.151522
2	43	3	0	41	11	14	13	5	7	58.68	0		8.151522
3	55	2	0	30	21	22	15	3	7	38.32	1		2.707821
2	41	3	0	41	16	14	13	5	7	58.68	0		8.151522
2	40	3	0	41	6	21	13	5	7	58.68	0		8.151522
2	37	2	0	28	3	21	15	3	7	38.32	1		2.707821
2	24	1	0	41	11	21	13	3	8	43.16	0		2.237371
2	30	1	0	41	14	21	13	3	8	43.16	0		2.237371
2	29	1	0	41	17	21	13	3	8	43.16	0		2.237371
2	28	1	0	45	21	0	13	3	8	43.16	0		2.237371
2	27	1	0	45	21	8	13	3	8	43.16	0		2.237371
2	26	1	0	45	0	0	13	3	8	43.16	0		2.237371
2	25	1	0	45	0	8	13	3	8	43.16	0		2.237371
2	23	1	0	45	0	16	13	3	8	43.16	0		2.237371
2	32	2	0	30	0	23	15	3	7	38.32	1		2.707821
2	33	2	0	43	3	14	15	3	7	38.32	1		2.707821
3	60	3	1	54	6	0	13	5	7	58.68	0		8.151522
2	35	2	0	43	3	21	15	3	7	38.32	1		2.707821
2	36	2	0	45	21	16	15	3	7	38.32	1		2.707821
2	39	3	1	54	6	7	13	5	7	58.68	0		8.151522
2	38	2	0	45	21	23	15	3	7	38.32	1		2.707821
2	31	2	1	54	6	14	15	3	7	38.32	1		2.707821


