Name:				303_n020_m400_bt3
Problem:			3L-VRPTW
Number_of_used_Vehicles:	5
Total_Travel_Distance:		505.76
Calculation_Time:		13.92
Total_Iterations:		8009
ConstraintSet:			P1

-------------------------------------------------------------------------------------------------------------------
Tour_Id:			1
No_of_Customers:		5
No_of_Items:			93
Customer_Sequence:		7 19 4 11 5 

CustId	Id	TypeId	Rotated	x	y	z	Length	Width	Height	mass	Fragility	LoadBearingStrength
5	94	2	0	0	0	0	17	2	8	112.51	0		16.323659
5	93	2	0	0	2	0	17	2	8	112.51	0		16.323659
5	92	2	0	0	4	0	17	2	8	112.51	0		16.323659
5	91	2	0	0	6	0	17	2	8	112.51	0		16.323659
5	90	2	0	0	8	0	17	2	8	112.51	0		16.323659
5	84	1	0	0	10	0	12	5	3	69.37	0		4.807843
5	89	1	0	0	15	0	12	5	3	69.37	0		4.807843
5	88	1	0	0	20	0	12	5	3	69.37	0		4.807843
5	87	1	0	0	10	3	12	5	3	69.37	0		4.807843
5	86	1	0	0	15	3	12	5	3	69.37	0		4.807843
5	85	1	0	0	20	3	12	5	3	69.37	0		4.807843
5	83	1	0	0	10	6	12	5	3	69.37	0		4.807843
5	95	3	0	0	15	6	14	4	4	187.41	1		7.354499
5	96	3	0	0	19	6	14	4	4	187.41	1		7.354499
5	97	3	0	0	0	8	14	4	4	187.41	1		7.354499
5	98	3	0	0	4	8	14	4	4	187.41	1		7.354499
5	99	3	0	0	10	9	14	4	4	187.41	1		7.354499
11	210	2	0	0	8	8	17	2	8	112.51	0		16.323659
11	209	2	0	0	8	16	17	2	8	112.51	0		16.323659
11	208	2	0	14	10	0	17	2	8	112.51	0		16.323659
11	197	1	0	14	12	0	12	5	3	69.37	0		4.807843
11	207	1	0	14	17	0	12	5	3	69.37	0		4.807843
11	206	1	0	14	12	3	12	5	3	69.37	0		4.807843
11	205	1	0	14	17	3	12	5	3	69.37	0		4.807843
11	204	1	0	14	12	6	12	5	3	69.37	0		4.807843
11	203	1	0	14	17	6	12	5	3	69.37	0		4.807843
11	202	1	1	14	10	9	12	5	3	69.37	0		4.807843
11	201	1	1	14	10	12	12	5	3	69.37	0		4.807843
11	200	1	1	14	10	15	12	5	3	69.37	0		4.807843
11	199	1	1	14	10	18	12	5	3	69.37	0		4.807843
11	198	1	1	14	10	21	12	5	3	69.37	0		4.807843
11	196	1	1	14	10	24	12	5	3	69.37	0		4.807843
11	211	3	0	0	14	10	14	4	4	187.41	1		7.354499
11	212	3	0	0	18	10	14	4	4	187.41	1		7.354499
11	213	3	0	0	0	12	14	4	4	187.41	1		7.354499
11	214	3	0	0	4	12	14	4	4	187.41	1		7.354499
4	73	2	0	14	22	0	17	2	8	112.51	0		16.323659
4	72	2	0	14	22	8	17	2	8	112.51	0		16.323659
4	71	2	0	14	22	16	17	2	8	112.51	0		16.323659
4	70	2	0	17	0	0	17	2	8	112.51	0		16.323659
4	69	2	0	14	0	8	17	2	8	112.51	0		16.323659
4	67	2	0	14	0	16	17	2	8	112.51	0		16.323659
4	68	2	0	17	2	0	17	2	8	112.51	0		16.323659
4	62	1	1	14	10	27	12	5	3	69.37	0		4.807843
4	66	1	0	17	4	0	12	5	3	69.37	0		4.807843
4	65	1	0	17	4	3	12	5	3	69.37	0		4.807843
4	64	1	0	17	4	6	12	5	3	69.37	0		4.807843
4	63	1	0	17	4	9	12	5	3	69.37	0		4.807843
4	61	1	0	17	4	12	12	5	3	69.37	0		4.807843
4	74	3	0	0	0	16	14	4	4	187.41	1		7.354499
4	75	3	0	0	4	16	14	4	4	187.41	1		7.354499
4	76	3	0	0	0	20	14	4	4	187.41	1		7.354499
4	77	3	0	0	4	20	14	4	4	187.41	1		7.354499
4	78	3	0	0	0	24	14	4	4	187.41	1		7.354499
4	79	3	0	0	4	24	14	4	4	187.41	1		7.354499
4	80	3	0	14	4	15	14	4	4	187.41	1		7.354499
4	81	3	0	14	4	19	14	4	4	187.41	1		7.354499
4	82	3	0	14	4	23	14	4	4	187.41	1		7.354499
19	367	2	0	14	2	8	17	2	8	112.51	0		16.323659
19	368	2	0	14	2	16	17	2	8	112.51	0		16.323659
19	369	2	0	26	12	0	17	2	8	112.51	0		16.323659
19	370	2	0	26	14	0	17	2	8	112.51	0		16.323659
19	371	2	0	26	16	0	17	2	8	112.51	0		16.323659
19	362	1	1	19	9	9	12	5	3	69.37	0		4.807843
19	363	1	1	19	9	12	12	5	3	69.37	0		4.807843
19	364	1	1	19	8	15	12	5	3	69.37	0		4.807843
19	365	1	1	19	8	18	12	5	3	69.37	0		4.807843
19	366	1	1	19	8	21	12	5	3	69.37	0		4.807843
19	372	3	0	14	0	24	14	4	4	187.41	1		7.354499
19	373	3	1	19	8	24	14	4	4	187.41	1		7.354499
19	374	3	0	26	18	0	14	4	4	187.41	1		7.354499
19	375	3	0	26	18	4	14	4	4	187.41	1		7.354499
19	376	3	0	26	12	8	14	4	4	187.41	1		7.354499
19	377	3	0	26	16	8	14	4	4	187.41	1		7.354499
7	138	2	0	29	4	0	17	2	8	112.51	0		16.323659
7	137	2	0	29	6	0	17	2	8	112.51	0		16.323659
7	136	2	0	29	8	0	17	2	8	112.51	0		16.323659
7	135	2	0	29	4	8	17	2	8	112.51	0		16.323659
7	128	2	0	28	4	16	17	2	8	112.51	0		16.323659
7	129	2	0	29	6	8	17	2	8	112.51	0		16.323659
7	130	2	0	28	6	16	17	2	8	112.51	0		16.323659
7	131	2	0	29	8	8	17	2	8	112.51	0		16.323659
7	132	2	0	28	8	16	17	2	8	112.51	0		16.323659
7	133	2	0	31	10	0	17	2	8	112.51	0		16.323659
7	134	2	0	24	10	8	17	2	8	112.51	0		16.323659
7	124	1	0	28	4	24	12	5	3	69.37	0		4.807843
7	127	1	0	28	4	27	12	5	3	69.37	0		4.807843
7	126	1	0	40	18	0	12	5	3	69.37	0		4.807843
7	125	1	0	40	18	3	12	5	3	69.37	0		4.807843
7	123	1	0	40	18	6	12	5	3	69.37	0		4.807843
7	139	3	0	24	12	12	14	4	4	187.41	1		7.354499
7	140	3	0	24	16	12	14	4	4	187.41	1		7.354499
7	141	3	0	24	10	16	14	4	4	187.41	1		7.354499


-------------------------------------------------------------------------------------------------------------------
Tour_Id:			2
No_of_Customers:		5
No_of_Items:			92
Customer_Sequence:		12 1 8 2 10 

CustId	Id	TypeId	Rotated	x	y	z	Length	Width	Height	mass	Fragility	LoadBearingStrength
10	182	2	0	0	0	0	17	2	8	112.51	0		16.323659
10	183	2	0	0	2	0	17	2	8	112.51	0		16.323659
10	184	2	0	0	4	0	17	2	8	112.51	0		16.323659
10	185	2	0	0	6	0	17	2	8	112.51	0		16.323659
10	186	2	0	0	8	0	17	2	8	112.51	0		16.323659
10	180	1	0	0	10	0	12	5	3	69.37	0		4.807843
10	181	1	0	0	15	0	12	5	3	69.37	0		4.807843
10	179	1	0	0	20	0	12	5	3	69.37	0		4.807843
10	195	3	0	0	10	3	14	4	4	187.41	1		7.354499
10	194	3	0	0	14	3	14	4	4	187.41	1		7.354499
10	193	3	0	0	18	3	14	4	4	187.41	1		7.354499
10	192	3	0	0	10	7	14	4	4	187.41	1		7.354499
10	191	3	0	0	14	7	14	4	4	187.41	1		7.354499
10	190	3	0	0	18	7	14	4	4	187.41	1		7.354499
10	189	3	0	0	0	8	14	4	4	187.41	1		7.354499
10	188	3	0	0	4	8	14	4	4	187.41	1		7.354499
10	187	3	0	0	10	11	14	4	4	187.41	1		7.354499
2	32	2	0	0	8	8	17	2	8	112.51	0		16.323659
2	31	2	0	0	8	16	17	2	8	112.51	0		16.323659
2	30	2	0	14	10	0	17	2	8	112.51	0		16.323659
2	28	2	0	14	12	0	17	2	8	112.51	0		16.323659
2	29	2	0	14	14	0	17	2	8	112.51	0		16.323659
2	25	1	0	14	16	0	12	5	3	69.37	0		4.807843
2	27	1	0	14	16	3	12	5	3	69.37	0		4.807843
2	26	1	0	14	16	6	12	5	3	69.37	0		4.807843
2	24	1	0	14	10	8	12	5	3	69.37	0		4.807843
2	33	3	0	0	14	11	14	4	4	187.41	1		7.354499
2	34	3	0	0	18	11	14	4	4	187.41	1		7.354499
2	35	3	0	0	0	12	14	4	4	187.41	1		7.354499
2	36	3	0	0	4	12	14	4	4	187.41	1		7.354499
2	37	3	0	0	10	15	14	4	4	187.41	1		7.354499
2	38	3	0	0	14	15	14	4	4	187.41	1		7.354499
2	39	3	0	0	18	15	14	4	4	187.41	1		7.354499
2	40	3	0	0	0	16	14	4	4	187.41	1		7.354499
8	146	2	0	14	21	0	17	2	8	112.51	0		16.323659
8	147	2	0	12	23	0	17	2	8	112.51	0		16.323659
8	148	2	0	12	23	8	17	2	8	112.51	0		16.323659
8	149	2	0	12	23	16	17	2	8	112.51	0		16.323659
8	150	2	0	14	21	8	17	2	8	112.51	0		16.323659
8	142	1	0	14	15	9	12	5	3	69.37	0		4.807843
8	143	1	0	14	10	11	12	5	3	69.37	0		4.807843
8	144	1	0	14	15	12	12	5	3	69.37	0		4.807843
8	145	1	0	14	10	14	12	5	3	69.37	0		4.807843
8	151	3	0	0	4	16	14	4	4	187.41	1		7.354499
8	152	3	0	0	10	19	14	4	4	187.41	1		7.354499
8	153	3	0	0	14	19	14	4	4	187.41	1		7.354499
8	154	3	0	0	18	19	14	4	4	187.41	1		7.354499
8	155	3	0	0	0	20	14	4	4	187.41	1		7.354499
8	156	3	0	0	4	20	14	4	4	187.41	1		7.354499
8	157	3	0	0	10	23	14	4	4	187.41	1		7.354499
1	17	2	0	14	21	16	17	2	8	112.51	0		16.323659
1	16	2	0	17	0	0	17	2	8	112.51	0		16.323659
1	15	2	0	14	0	8	17	2	8	112.51	0		16.323659
1	14	2	0	14	0	16	17	2	8	112.51	0		16.323659
1	13	2	0	17	2	0	17	2	8	112.51	0		16.323659
1	12	2	0	14	2	8	17	2	8	112.51	0		16.323659
1	11	2	0	14	2	16	17	2	8	112.51	0		16.323659
1	2	1	0	14	15	15	12	5	3	69.37	0		4.807843
1	10	1	0	14	10	17	12	5	3	69.37	0		4.807843
1	9	1	0	14	15	18	12	5	3	69.37	0		4.807843
1	8	1	0	14	10	20	12	5	3	69.37	0		4.807843
1	7	1	0	14	15	21	12	5	3	69.37	0		4.807843
1	6	1	0	14	10	23	12	5	3	69.37	0		4.807843
1	5	1	0	14	0	24	12	5	3	69.37	0		4.807843
1	4	1	0	14	15	24	12	5	3	69.37	0		4.807843
1	3	1	0	14	20	24	12	5	3	69.37	0		4.807843
1	1	1	0	14	10	26	12	5	3	69.37	0		4.807843
1	18	3	0	0	14	23	14	4	4	187.41	1		7.354499
1	19	3	0	0	18	23	14	4	4	187.41	1		7.354499
1	20	3	0	0	0	24	14	4	4	187.41	1		7.354499
1	21	3	0	0	4	24	14	4	4	187.41	1		7.354499
1	22	3	0	17	4	0	14	4	4	187.41	1		7.354499
1	23	3	0	17	4	4	14	4	4	187.41	1		7.354499
12	228	2	0	17	8	0	17	2	8	112.51	0		16.323659
12	227	2	0	17	8	8	17	2	8	112.51	0		16.323659
12	226	2	0	17	8	16	17	2	8	112.51	0		16.323659
12	225	2	0	26	16	0	17	2	8	112.51	0		16.323659
12	220	2	0	26	18	0	17	2	8	112.51	0		16.323659
12	221	2	0	26	16	8	17	2	8	112.51	0		16.323659
12	222	2	0	26	18	8	17	2	8	112.51	0		16.323659
12	223	2	0	26	16	16	17	2	8	112.51	0		16.323659
12	224	2	0	26	18	16	17	2	8	112.51	0		16.323659
12	216	1	0	14	0	27	12	5	3	69.37	0		4.807843
12	219	1	0	14	15	27	12	5	3	69.37	0		4.807843
12	218	1	0	14	20	27	12	5	3	69.37	0		4.807843
12	217	1	0	26	15	24	12	5	3	69.37	0		4.807843
12	215	1	0	26	15	27	12	5	3	69.37	0		4.807843
12	229	3	0	31	4	0	14	4	4	187.41	1		7.354499
12	230	3	0	31	10	0	14	4	4	187.41	1		7.354499
12	231	3	0	31	20	0	14	4	4	187.41	1		7.354499
12	232	3	0	31	4	4	14	4	4	187.41	1		7.354499
12	233	3	0	31	10	4	14	4	4	187.41	1		7.354499


-------------------------------------------------------------------------------------------------------------------
Tour_Id:			3
No_of_Customers:		4
No_of_Items:			82
Customer_Sequence:		3 14 13 9 

CustId	Id	TypeId	Rotated	x	y	z	Length	Width	Height	mass	Fragility	LoadBearingStrength
9	174	2	0	0	0	0	17	2	8	112.51	0		16.323659
9	173	2	0	0	2	0	17	2	8	112.51	0		16.323659
9	172	2	0	0	4	0	17	2	8	112.51	0		16.323659
9	171	2	0	0	6	0	17	2	8	112.51	0		16.323659
9	170	2	0	0	8	0	17	2	8	112.51	0		16.323659
9	159	1	0	0	10	0	12	5	3	69.37	0		4.807843
9	169	1	0	0	15	0	12	5	3	69.37	0		4.807843
9	168	1	0	0	20	0	12	5	3	69.37	0		4.807843
9	167	1	0	0	10	3	12	5	3	69.37	0		4.807843
9	166	1	0	0	15	3	12	5	3	69.37	0		4.807843
9	165	1	0	0	20	3	12	5	3	69.37	0		4.807843
9	164	1	0	0	10	6	12	5	3	69.37	0		4.807843
9	163	1	0	0	15	6	12	5	3	69.37	0		4.807843
9	162	1	0	0	20	6	12	5	3	69.37	0		4.807843
9	161	1	0	0	0	8	12	5	3	69.37	0		4.807843
9	160	1	0	0	5	8	12	5	3	69.37	0		4.807843
9	158	1	0	0	10	9	12	5	3	69.37	0		4.807843
9	175	3	0	0	15	9	14	4	4	187.41	1		7.354499
9	176	3	0	0	19	9	14	4	4	187.41	1		7.354499
9	177	3	0	0	0	11	14	4	4	187.41	1		7.354499
9	178	3	0	0	4	11	14	4	4	187.41	1		7.354499
13	248	2	0	12	10	0	17	2	8	112.51	0		16.323659
13	247	2	0	12	12	0	17	2	8	112.51	0		16.323659
13	246	2	0	12	10	8	17	2	8	112.51	0		16.323659
13	245	2	0	12	12	8	17	2	8	112.51	0		16.323659
13	244	2	0	12	10	16	17	2	8	112.51	0		16.323659
13	243	2	0	12	12	16	17	2	8	112.51	0		16.323659
13	235	1	0	0	10	12	12	5	3	69.37	0		4.807843
13	242	1	0	0	10	15	12	5	3	69.37	0		4.807843
13	241	1	0	0	10	18	12	5	3	69.37	0		4.807843
13	240	1	0	0	10	21	12	5	3	69.37	0		4.807843
13	239	1	0	0	10	24	12	5	3	69.37	0		4.807843
13	238	1	0	0	10	27	12	5	3	69.37	0		4.807843
13	237	1	0	12	10	24	12	5	3	69.37	0		4.807843
13	236	1	0	12	10	27	12	5	3	69.37	0		4.807843
13	234	1	0	14	14	0	12	5	3	69.37	0		4.807843
13	249	3	0	0	15	13	14	4	4	187.41	1		7.354499
13	250	3	0	0	19	13	14	4	4	187.41	1		7.354499
13	251	3	0	0	0	15	14	4	4	187.41	1		7.354499
13	252	3	0	0	4	15	14	4	4	187.41	1		7.354499
13	253	3	0	0	15	17	14	4	4	187.41	1		7.354499
13	254	3	0	0	19	17	14	4	4	187.41	1		7.354499
13	255	3	0	0	0	19	14	4	4	187.41	1		7.354499
13	256	3	0	0	4	19	14	4	4	187.41	1		7.354499
14	268	2	0	14	19	0	17	2	8	112.51	0		16.323659
14	267	2	0	14	21	0	17	2	8	112.51	0		16.323659
14	266	2	0	12	23	0	17	2	8	112.51	0		16.323659
14	261	2	0	12	23	8	17	2	8	112.51	0		16.323659
14	262	2	0	12	23	16	17	2	8	112.51	0		16.323659
14	263	2	0	14	19	8	17	2	8	112.51	0		16.323659
14	264	2	0	14	21	8	17	2	8	112.51	0		16.323659
14	265	2	0	14	19	16	17	2	8	112.51	0		16.323659
14	258	1	0	17	0	0	12	5	3	69.37	0		4.807843
14	260	1	0	17	5	0	12	5	3	69.37	0		4.807843
14	259	1	0	17	0	3	12	5	3	69.37	0		4.807843
14	257	1	0	17	5	3	12	5	3	69.37	0		4.807843
14	269	3	0	0	15	21	14	4	4	187.41	1		7.354499
14	270	3	0	0	19	21	14	4	4	187.41	1		7.354499
14	271	3	0	0	0	23	14	4	4	187.41	1		7.354499
14	272	3	0	0	4	23	14	4	4	187.41	1		7.354499
14	273	3	0	0	15	25	14	4	4	187.41	1		7.354499
14	274	3	0	0	19	25	14	4	4	187.41	1		7.354499
3	53	2	0	14	21	16	17	2	8	112.51	0		16.323659
3	52	2	0	26	14	0	17	2	8	112.51	0		16.323659
3	51	2	0	26	16	0	17	2	8	112.51	0		16.323659
3	50	2	0	24	14	8	17	2	8	112.51	0		16.323659
3	49	2	0	24	16	8	17	2	8	112.51	0		16.323659
3	48	2	0	24	14	16	17	2	8	112.51	0		16.323659
3	42	1	0	14	19	24	12	5	3	69.37	0		4.807843
3	47	1	0	14	19	27	12	5	3	69.37	0		4.807843
3	46	1	0	17	0	6	12	5	3	69.37	0		4.807843
3	45	1	0	14	0	9	12	5	3	69.37	0		4.807843
3	44	1	0	14	0	12	12	5	3	69.37	0		4.807843
3	43	1	0	14	0	15	12	5	3	69.37	0		4.807843
3	41	1	0	14	0	18	12	5	3	69.37	0		4.807843
3	54	3	0	14	0	21	14	4	4	187.41	1		7.354499
3	55	3	0	14	0	25	14	4	4	187.41	1		7.354499
3	56	3	0	17	5	6	14	4	4	187.41	1		7.354499
3	57	3	0	14	5	10	14	4	4	187.41	1		7.354499
3	58	3	0	14	5	14	14	4	4	187.41	1		7.354499
3	59	3	0	14	5	18	14	4	4	187.41	1		7.354499
3	60	3	0	14	4	22	14	4	4	187.41	1		7.354499


-------------------------------------------------------------------------------------------------------------------
Tour_Id:			4
No_of_Customers:		4
No_of_Items:			87
Customer_Sequence:		17 15 18 20 

CustId	Id	TypeId	Rotated	x	y	z	Length	Width	Height	mass	Fragility	LoadBearingStrength
20	391	2	0	0	0	0	17	2	8	112.51	0		16.323659
20	390	2	0	0	2	0	17	2	8	112.51	0		16.323659
20	389	2	0	0	4	0	17	2	8	112.51	0		16.323659
20	388	2	0	0	6	0	17	2	8	112.51	0		16.323659
20	387	2	0	0	8	0	17	2	8	112.51	0		16.323659
20	386	2	0	0	10	0	17	2	8	112.51	0		16.323659
20	379	1	0	0	12	0	12	5	3	69.37	0		4.807843
20	385	1	0	0	17	0	12	5	3	69.37	0		4.807843
20	384	1	0	0	12	3	12	5	3	69.37	0		4.807843
20	383	1	0	0	17	3	12	5	3	69.37	0		4.807843
20	382	1	0	0	12	6	12	5	3	69.37	0		4.807843
20	381	1	0	0	17	6	12	5	3	69.37	0		4.807843
20	380	1	0	0	0	8	12	5	3	69.37	0		4.807843
20	378	1	0	0	5	8	12	5	3	69.37	0		4.807843
20	392	3	0	0	12	9	14	4	4	187.41	1		7.354499
20	393	3	0	0	16	9	14	4	4	187.41	1		7.354499
20	394	3	0	0	0	11	14	4	4	187.41	1		7.354499
20	395	3	0	0	4	11	14	4	4	187.41	1		7.354499
20	396	3	0	0	12	13	14	4	4	187.41	1		7.354499
20	397	3	0	0	16	13	14	4	4	187.41	1		7.354499
20	398	3	0	0	0	15	14	4	4	187.41	1		7.354499
20	399	3	0	0	4	15	14	4	4	187.41	1		7.354499
20	400	3	0	0	12	17	14	4	4	187.41	1		7.354499
18	353	2	0	0	22	0	17	2	8	112.51	0		16.323659
18	352	2	0	0	10	8	17	2	8	112.51	0		16.323659
18	351	2	0	0	22	8	17	2	8	112.51	0		16.323659
18	350	2	0	0	10	16	17	2	8	112.51	0		16.323659
18	342	2	0	0	22	16	17	2	8	112.51	0		16.323659
18	343	2	0	14	12	0	17	2	8	112.51	0		16.323659
18	344	2	0	14	14	0	17	2	8	112.51	0		16.323659
18	345	2	0	14	16	0	17	2	8	112.51	0		16.323659
18	346	2	0	14	18	0	17	2	8	112.51	0		16.323659
18	347	2	0	12	20	0	17	2	8	112.51	0		16.323659
18	348	2	0	12	20	8	17	2	8	112.51	0		16.323659
18	349	2	0	12	20	16	17	2	8	112.51	0		16.323659
18	338	1	0	14	12	8	12	5	3	69.37	0		4.807843
18	341	1	0	14	12	11	12	5	3	69.37	0		4.807843
18	340	1	0	14	12	14	12	5	3	69.37	0		4.807843
18	339	1	0	14	12	17	12	5	3	69.37	0		4.807843
18	337	1	0	14	12	20	12	5	3	69.37	0		4.807843
18	354	3	0	0	16	17	14	4	4	187.41	1		7.354499
18	355	3	0	0	0	19	14	4	4	187.41	1		7.354499
18	356	3	0	0	4	19	14	4	4	187.41	1		7.354499
18	357	3	0	0	12	21	14	4	4	187.41	1		7.354499
18	358	3	0	0	16	21	14	4	4	187.41	1		7.354499
18	359	3	0	0	0	23	14	4	4	187.41	1		7.354499
18	360	3	0	0	4	23	14	4	4	187.41	1		7.354499
18	361	3	0	0	12	25	14	4	4	187.41	1		7.354499
15	286	2	0	14	17	8	17	2	8	112.51	0		16.323659
15	285	2	0	14	17	16	17	2	8	112.51	0		16.323659
15	284	2	0	17	0	0	17	2	8	112.51	0		16.323659
15	279	2	0	14	0	8	17	2	8	112.51	0		16.323659
15	280	2	0	14	0	16	17	2	8	112.51	0		16.323659
15	281	2	0	17	2	0	17	2	8	112.51	0		16.323659
15	282	2	0	14	2	8	17	2	8	112.51	0		16.323659
15	283	2	0	14	2	16	17	2	8	112.51	0		16.323659
15	276	1	0	14	12	23	12	5	3	69.37	0		4.807843
15	278	1	0	14	0	24	12	5	3	69.37	0		4.807843
15	277	1	0	14	17	24	12	5	3	69.37	0		4.807843
15	275	1	0	14	12	26	12	5	3	69.37	0		4.807843
15	287	3	0	0	16	25	14	4	4	187.41	1		7.354499
15	288	3	0	17	4	0	14	4	4	187.41	1		7.354499
15	289	3	0	17	8	0	14	4	4	187.41	1		7.354499
15	290	3	0	17	4	4	14	4	4	187.41	1		7.354499
15	291	3	0	14	4	8	14	4	4	187.41	1		7.354499
15	292	3	0	14	4	12	14	4	4	187.41	1		7.354499
17	328	2	0	17	22	0	17	2	8	112.51	0		16.323659
17	327	2	0	17	22	8	17	2	8	112.51	0		16.323659
17	326	2	0	17	22	16	17	2	8	112.51	0		16.323659
17	317	1	0	14	0	27	12	5	3	69.37	0		4.807843
17	325	1	0	14	17	27	12	5	3	69.37	0		4.807843
17	324	1	0	31	4	0	12	5	3	69.37	0		4.807843
17	323	1	0	31	9	0	12	5	3	69.37	0		4.807843
17	322	1	0	31	14	0	12	5	3	69.37	0		4.807843
17	321	1	0	31	4	3	12	5	3	69.37	0		4.807843
17	320	1	0	31	9	3	12	5	3	69.37	0		4.807843
17	319	1	0	31	14	3	12	5	3	69.37	0		4.807843
17	318	1	0	31	4	6	12	5	3	69.37	0		4.807843
17	316	1	0	31	9	6	12	5	3	69.37	0		4.807843
17	329	3	0	14	5	16	14	4	4	187.41	1		7.354499
17	330	3	0	14	5	20	14	4	4	187.41	1		7.354499
17	331	3	0	14	5	24	14	4	4	187.41	1		7.354499
17	332	3	0	17	8	4	14	4	4	187.41	1		7.354499
17	333	3	0	17	8	8	14	4	4	187.41	1		7.354499
17	334	3	0	17	8	12	14	4	4	187.41	1		7.354499
17	335	3	0	28	4	9	14	4	4	187.41	1		7.354499
17	336	3	0	28	4	13	14	4	4	187.41	1		7.354499


-------------------------------------------------------------------------------------------------------------------
Tour_Id:			5
No_of_Customers:		2
No_of_Items:			46
Customer_Sequence:		16 6 

CustId	Id	TypeId	Rotated	x	y	z	Length	Width	Height	mass	Fragility	LoadBearingStrength
6	116	2	0	0	0	0	17	2	8	112.51	0		16.323659
6	115	2	0	0	2	0	17	2	8	112.51	0		16.323659
6	114	2	0	0	4	0	17	2	8	112.51	0		16.323659
6	113	2	0	0	6	0	17	2	8	112.51	0		16.323659
6	112	2	0	0	8	0	17	2	8	112.51	0		16.323659
6	111	2	0	0	10	0	17	2	8	112.51	0		16.323659
6	110	2	0	0	12	0	17	2	8	112.51	0		16.323659
6	108	2	0	0	14	0	17	2	8	112.51	0		16.323659
6	109	2	0	0	16	0	17	2	8	112.51	0		16.323659
6	101	1	0	0	18	0	12	5	3	69.37	0		4.807843
6	107	1	0	0	18	3	12	5	3	69.37	0		4.807843
6	106	1	0	0	18	6	12	5	3	69.37	0		4.807843
6	105	1	0	0	0	8	12	5	3	69.37	0		4.807843
6	104	1	0	0	5	8	12	5	3	69.37	0		4.807843
6	103	1	0	0	10	8	12	5	3	69.37	0		4.807843
6	102	1	0	0	18	9	12	5	3	69.37	0		4.807843
6	100	1	0	0	0	11	12	5	3	69.37	0		4.807843
6	117	3	0	0	5	11	14	4	4	187.41	1		7.354499
6	118	3	0	0	9	11	14	4	4	187.41	1		7.354499
6	119	3	0	0	18	12	14	4	4	187.41	1		7.354499
6	120	3	0	0	0	14	14	4	4	187.41	1		7.354499
6	121	3	0	0	4	15	14	4	4	187.41	1		7.354499
6	122	3	0	0	8	15	14	4	4	187.41	1		7.354499
16	307	2	0	0	23	0	17	2	8	112.51	0		16.323659
16	306	2	0	0	15	8	17	2	8	112.51	0		16.323659
16	305	2	0	0	23	8	17	2	8	112.51	0		16.323659
16	304	2	0	0	15	16	17	2	8	112.51	0		16.323659
16	303	2	0	0	23	16	17	2	8	112.51	0		16.323659
16	302	2	0	14	18	0	17	2	8	112.51	0		16.323659
16	301	2	0	14	20	0	17	2	8	112.51	0		16.323659
16	294	1	0	14	17	8	12	5	3	69.37	0		4.807843
16	300	1	0	14	17	11	12	5	3	69.37	0		4.807843
16	299	1	0	14	17	14	12	5	3	69.37	0		4.807843
16	298	1	0	14	17	17	12	5	3	69.37	0		4.807843
16	297	1	0	14	17	20	12	5	3	69.37	0		4.807843
16	296	1	0	14	17	23	12	5	3	69.37	0		4.807843
16	295	1	0	14	17	26	12	5	3	69.37	0		4.807843
16	293	1	0	17	0	0	12	5	3	69.37	0		4.807843
16	308	3	0	0	17	16	14	4	4	187.41	1		7.354499
16	309	3	0	0	0	18	14	4	4	187.41	1		7.354499
16	310	3	0	0	4	19	14	4	4	187.41	1		7.354499
16	311	3	0	0	8	19	14	4	4	187.41	1		7.354499
16	312	3	0	0	17	20	14	4	4	187.41	1		7.354499
16	313	3	0	0	0	22	14	4	4	187.41	1		7.354499
16	314	3	0	0	4	23	14	4	4	187.41	1		7.354499
16	315	3	0	0	8	23	14	4	4	187.41	1		7.354499


