Name:				304_n020_m400_bt3
Problem:			3L-VRPTW
Number_of_used_Vehicles:	4
Total_Travel_Distance:		388.65
Calculation_Time:		858.49
Total_Iterations:		8286
ConstraintSet:			P1

-------------------------------------------------------------------------------------------------------------------
Tour_Id:			1
No_of_Customers:		6
No_of_Items:			129
Customer_Sequence:		5 13 15 2 18 14 

CustId	Id	TypeId	Rotated	x	y	z	Length	Width	Height	mass	Fragility	LoadBearingStrength
14	270	2	0	0	0	0	10	3	7	70.29	0		11.706376
14	271	2	0	0	3	0	10	3	7	70.29	0		11.706376
14	272	2	0	0	6	0	10	3	7	70.29	0		11.706376
14	273	2	0	0	9	0	10	3	7	70.29	0		11.706376
14	274	2	0	0	12	0	10	3	7	70.29	0		11.706376
14	275	2	0	0	15	0	10	3	7	70.29	0		11.706376
14	276	2	0	0	18	0	10	3	7	70.29	0		11.706376
14	285	3	0	0	0	7	6	5	4	32.93	0		4.961138
14	284	3	0	0	5	7	6	5	4	32.93	0		4.961138
14	283	3	0	0	10	7	6	5	4	32.93	0		4.961138
14	282	3	0	0	15	7	6	5	4	32.93	0		4.961138
14	281	3	0	0	0	11	6	5	4	32.93	0		4.961138
14	280	3	0	0	5	11	6	5	4	32.93	0		4.961138
14	279	3	0	0	10	11	6	5	4	32.93	0		4.961138
14	278	3	0	0	15	11	6	5	4	32.93	0		4.961138
14	277	3	0	0	0	15	6	5	4	32.93	0		4.961138
14	269	1	1	0	5	15	13	5	5	76.10	1		1.546798
14	268	1	1	0	5	20	13	5	5	76.10	1		1.546798
14	267	1	1	0	5	25	13	5	5	76.10	1		1.546798
14	266	1	1	6	0	7	13	5	5	76.10	1		1.546798
14	265	1	1	6	0	12	13	5	5	76.10	1		1.546798
14	264	1	1	6	0	17	13	5	5	76.10	1		1.546798
14	263	1	1	5	0	22	13	5	5	76.10	1		1.546798
14	262	1	0	10	0	0	13	5	5	76.10	1		1.546798
18	345	2	0	0	21	0	10	3	7	70.29	0		11.706376
18	346	2	0	0	20	7	10	3	7	70.29	0		11.706376
18	347	2	0	0	20	14	10	3	7	70.29	0		11.706376
18	348	2	0	0	20	21	10	3	7	70.29	0		11.706376
18	349	2	0	10	13	0	10	3	7	70.29	0		11.706376
18	350	2	0	6	13	7	10	3	7	70.29	0		11.706376
18	351	2	0	6	13	14	10	3	7	70.29	0		11.706376
18	352	2	0	5	13	21	10	3	7	70.29	0		11.706376
18	353	2	0	10	16	0	10	3	7	70.29	0		11.706376
18	361	3	0	10	19	0	6	5	4	32.93	0		4.961138
18	360	3	0	10	19	4	6	5	4	32.93	0		4.961138
18	359	3	0	10	19	8	6	5	4	32.93	0		4.961138
18	358	3	0	10	20	12	6	5	4	32.93	0		4.961138
18	357	3	0	10	20	16	6	5	4	32.93	0		4.961138
18	356	3	0	10	20	20	6	5	4	32.93	0		4.961138
18	355	3	0	10	20	24	6	5	4	32.93	0		4.961138
18	354	3	0	16	19	0	6	5	4	32.93	0		4.961138
18	344	1	0	11	0	5	13	5	5	76.10	1		1.546798
18	343	1	0	11	5	0	13	5	5	76.10	1		1.546798
18	342	1	0	11	5	5	13	5	5	76.10	1		1.546798
18	341	1	0	11	0	10	13	5	5	76.10	1		1.546798
18	340	1	0	11	5	10	13	5	5	76.10	1		1.546798
2	26	2	0	6	16	7	10	3	7	70.29	0		11.706376
2	27	2	0	6	16	14	10	3	7	70.29	0		11.706376
2	28	2	0	5	16	21	10	3	7	70.29	0		11.706376
2	29	2	0	11	10	0	10	3	7	70.29	0		11.706376
2	30	2	0	11	10	7	10	3	7	70.29	0		11.706376
2	31	2	0	11	10	14	10	3	7	70.29	0		11.706376
2	32	2	0	11	10	21	10	3	7	70.29	0		11.706376
2	33	2	0	20	13	0	10	3	7	70.29	0		11.706376
2	41	3	0	16	19	4	6	5	4	32.93	0		4.961138
2	40	3	0	16	13	7	6	5	4	32.93	0		4.961138
2	39	3	0	16	18	8	6	5	4	32.93	0		4.961138
2	38	3	0	16	13	11	6	5	4	32.93	0		4.961138
2	37	3	0	16	18	12	6	5	4	32.93	0		4.961138
2	36	3	0	16	13	15	6	5	4	32.93	0		4.961138
2	35	3	0	16	18	16	6	5	4	32.93	0		4.961138
2	34	3	0	16	13	19	6	5	4	32.93	0		4.961138
2	25	1	0	11	0	15	13	5	5	76.10	1		1.546798
2	24	1	0	11	5	15	13	5	5	76.10	1		1.546798
2	23	1	0	11	0	20	13	5	5	76.10	1		1.546798
2	22	1	0	11	5	20	13	5	5	76.10	1		1.546798
2	21	1	0	10	0	25	13	5	5	76.10	1		1.546798
2	20	1	0	10	5	25	13	5	5	76.10	1		1.546798
15	290	2	0	21	10	0	10	3	7	70.29	0		11.706376
15	291	2	0	21	10	7	10	3	7	70.29	0		11.706376
15	292	2	0	21	10	14	10	3	7	70.29	0		11.706376
15	293	2	0	21	10	21	10	3	7	70.29	0		11.706376
15	294	2	0	22	16	0	10	3	7	70.29	0		11.706376
15	295	2	0	22	19	0	10	3	7	70.29	0		11.706376
15	296	2	0	22	22	0	10	3	7	70.29	0		11.706376
15	297	2	0	22	13	7	10	3	7	70.29	0		11.706376
15	306	3	0	16	18	20	6	5	4	32.93	0		4.961138
15	305	3	0	15	13	23	6	5	4	32.93	0		4.961138
15	304	3	0	16	18	24	6	5	4	32.93	0		4.961138
15	303	3	0	22	16	7	6	5	4	32.93	0		4.961138
15	302	3	0	22	16	11	6	5	4	32.93	0		4.961138
15	301	3	0	22	16	15	6	5	4	32.93	0		4.961138
15	300	3	0	22	16	19	6	5	4	32.93	0		4.961138
15	299	3	0	22	16	23	6	5	4	32.93	0		4.961138
15	298	3	0	24	0	0	6	5	4	32.93	0		4.961138
15	289	1	0	24	5	0	13	5	5	76.10	1		1.546798
15	288	1	0	24	5	5	13	5	5	76.10	1		1.546798
15	287	1	0	24	5	10	13	5	5	76.10	1		1.546798
15	286	1	0	24	5	15	13	5	5	76.10	1		1.546798
13	247	2	0	22	21	7	10	3	7	70.29	0		11.706376
13	248	2	0	22	13	14	10	3	7	70.29	0		11.706376
13	249	2	0	22	21	14	10	3	7	70.29	0		11.706376
13	250	2	0	22	13	21	10	3	7	70.29	0		11.706376
13	251	2	0	22	21	21	10	3	7	70.29	0		11.706376
13	252	2	0	30	0	0	10	3	7	70.29	0		11.706376
13	261	3	0	24	0	4	6	5	4	32.93	0		4.961138
13	260	3	0	24	0	8	6	5	4	32.93	0		4.961138
13	259	3	0	24	0	12	6	5	4	32.93	0		4.961138
13	258	3	0	24	0	16	6	5	4	32.93	0		4.961138
13	257	3	0	24	0	20	6	5	4	32.93	0		4.961138
13	256	3	0	24	0	24	6	5	4	32.93	0		4.961138
13	255	3	0	32	10	0	6	5	4	32.93	0		4.961138
13	254	3	0	32	15	0	6	5	4	32.93	0		4.961138
13	253	3	0	32	20	0	6	5	4	32.93	0		4.961138
13	246	1	0	24	5	20	13	5	5	76.10	1		1.546798
13	245	1	0	23	5	25	13	5	5	76.10	1		1.546798
13	244	1	1	32	10	4	13	5	5	76.10	1		1.546798
13	243	1	1	32	10	9	13	5	5	76.10	1		1.546798
13	242	1	1	32	10	14	13	5	5	76.10	1		1.546798
13	241	1	1	32	10	19	13	5	5	76.10	1		1.546798
13	240	1	1	32	10	24	13	5	5	76.10	1		1.546798
13	239	1	0	37	3	0	13	5	5	76.10	1		1.546798
5	83	2	0	30	0	7	10	3	7	70.29	0		11.706376
5	84	2	0	30	0	14	10	3	7	70.29	0		11.706376
5	85	2	0	30	0	21	10	3	7	70.29	0		11.706376
5	86	2	0	38	8	0	10	3	7	70.29	0		11.706376
5	87	2	0	38	11	0	10	3	7	70.29	0		11.706376
5	88	2	0	37	10	7	10	3	7	70.29	0		11.706376
5	89	2	0	37	10	14	10	3	7	70.29	0		11.706376
5	90	2	0	37	10	21	10	3	7	70.29	0		11.706376
5	91	2	0	38	14	0	10	3	7	70.29	0		11.706376
5	92	2	0	37	13	7	10	3	7	70.29	0		11.706376
5	93	2	0	37	13	14	10	3	7	70.29	0		11.706376
5	96	3	0	38	17	0	6	5	4	32.93	0		4.961138
5	95	3	0	37	17	4	6	5	4	32.93	0		4.961138
5	94	3	0	37	16	8	6	5	4	32.93	0		4.961138
5	82	1	0	37	3	5	13	5	5	76.10	1		1.546798
5	81	1	0	37	3	10	13	5	5	76.10	1		1.546798
5	80	1	0	37	3	15	13	5	5	76.10	1		1.546798


-------------------------------------------------------------------------------------------------------------------
Tour_Id:			2
No_of_Customers:		4
No_of_Items:			77
Customer_Sequence:		11 6 3 17 

CustId	Id	TypeId	Rotated	x	y	z	Length	Width	Height	mass	Fragility	LoadBearingStrength
17	335	2	0	0	0	0	10	3	7	70.29	0		11.706376
17	334	2	0	0	3	0	10	3	7	70.29	0		11.706376
17	329	2	0	0	6	0	10	3	7	70.29	0		11.706376
17	330	2	0	0	9	0	10	3	7	70.29	0		11.706376
17	331	2	0	0	12	0	10	3	7	70.29	0		11.706376
17	332	2	0	0	15	0	10	3	7	70.29	0		11.706376
17	333	2	0	0	18	0	10	3	7	70.29	0		11.706376
17	339	3	0	0	0	7	6	5	4	32.93	0		4.961138
17	338	3	0	0	5	7	6	5	4	32.93	0		4.961138
17	337	3	0	0	10	7	6	5	4	32.93	0		4.961138
17	336	3	0	0	15	7	6	5	4	32.93	0		4.961138
17	328	1	1	0	0	11	13	5	5	76.10	1		1.546798
17	327	1	1	0	0	16	13	5	5	76.10	1		1.546798
17	326	1	1	0	0	21	13	5	5	76.10	1		1.546798
17	325	1	1	6	0	7	13	5	5	76.10	1		1.546798
17	324	1	1	5	0	12	13	5	5	76.10	1		1.546798
17	323	1	1	5	0	17	13	5	5	76.10	1		1.546798
3	48	2	0	0	21	0	10	3	7	70.29	0		11.706376
3	49	2	0	0	20	7	10	3	7	70.29	0		11.706376
3	50	2	0	0	20	14	10	3	7	70.29	0		11.706376
3	51	2	0	0	20	21	10	3	7	70.29	0		11.706376
3	58	3	0	0	13	11	6	5	4	32.93	0		4.961138
3	57	3	0	0	13	15	6	5	4	32.93	0		4.961138
3	56	3	0	0	13	19	6	5	4	32.93	0		4.961138
3	55	3	0	0	13	23	6	5	4	32.93	0		4.961138
3	54	3	1	6	13	7	6	5	4	32.93	0		4.961138
3	53	3	0	6	13	11	6	5	4	32.93	0		4.961138
3	52	3	0	6	13	15	6	5	4	32.93	0		4.961138
3	47	1	1	5	0	22	13	5	5	76.10	1		1.546798
3	46	1	0	10	13	0	13	5	5	76.10	1		1.546798
3	45	1	0	10	18	0	13	5	5	76.10	1		1.546798
3	44	1	0	10	19	5	13	5	5	76.10	1		1.546798
3	43	1	0	10	19	10	13	5	5	76.10	1		1.546798
3	42	1	0	10	18	15	13	5	5	76.10	1		1.546798
6	112	2	0	11	0	0	10	3	7	70.29	0		11.706376
6	102	2	0	11	3	0	10	3	7	70.29	0		11.706376
6	103	2	0	11	6	0	10	3	7	70.29	0		11.706376
6	104	2	0	11	9	0	10	3	7	70.29	0		11.706376
6	105	2	0	11	0	7	10	3	7	70.29	0		11.706376
6	106	2	0	10	0	14	10	3	7	70.29	0		11.706376
6	107	2	0	10	0	21	10	3	7	70.29	0		11.706376
6	108	2	0	11	3	7	10	3	7	70.29	0		11.706376
6	109	2	0	10	3	14	10	3	7	70.29	0		11.706376
6	110	2	0	10	3	21	10	3	7	70.29	0		11.706376
6	111	2	0	11	6	7	10	3	7	70.29	0		11.706376
6	116	3	0	6	13	19	6	5	4	32.93	0		4.961138
6	115	3	0	6	13	23	6	5	4	32.93	0		4.961138
6	114	3	0	21	0	0	6	5	4	32.93	0		4.961138
6	113	3	0	21	5	0	6	5	4	32.93	0		4.961138
6	101	1	0	10	18	20	13	5	5	76.10	1		1.546798
6	100	1	0	10	18	25	13	5	5	76.10	1		1.546798
6	99	1	0	12	13	5	13	5	5	76.10	1		1.546798
6	98	1	0	12	13	10	13	5	5	76.10	1		1.546798
6	97	1	0	12	13	15	13	5	5	76.10	1		1.546798
11	198	2	0	10	6	14	10	3	7	70.29	0		11.706376
11	199	2	0	10	6	21	10	3	7	70.29	0		11.706376
11	200	2	0	11	9	7	10	3	7	70.29	0		11.706376
11	201	2	0	10	9	14	10	3	7	70.29	0		11.706376
11	202	2	0	10	9	21	10	3	7	70.29	0		11.706376
11	203	2	0	21	10	0	10	3	7	70.29	0		11.706376
11	214	3	0	21	0	4	6	5	4	32.93	0		4.961138
11	213	3	0	21	5	4	6	5	4	32.93	0		4.961138
11	212	3	0	21	0	8	6	5	4	32.93	0		4.961138
11	211	3	0	21	5	8	6	5	4	32.93	0		4.961138
11	210	3	0	21	0	12	6	5	4	32.93	0		4.961138
11	209	3	0	20	0	16	6	5	4	32.93	0		4.961138
11	208	3	0	20	0	20	6	5	4	32.93	0		4.961138
11	207	3	0	20	0	24	6	5	4	32.93	0		4.961138
11	206	3	0	21	5	12	6	5	4	32.93	0		4.961138
11	205	3	0	20	5	16	6	5	4	32.93	0		4.961138
11	204	3	0	20	5	20	6	5	4	32.93	0		4.961138
11	197	1	0	12	12	20	13	5	5	76.10	1		1.546798
11	196	1	0	12	12	25	13	5	5	76.10	1		1.546798
11	195	1	0	23	18	0	13	5	5	76.10	1		1.546798
11	194	1	0	23	18	5	13	5	5	76.10	1		1.546798
11	193	1	0	23	18	10	13	5	5	76.10	1		1.546798
11	192	1	0	23	18	15	13	5	5	76.10	1		1.546798


-------------------------------------------------------------------------------------------------------------------
Tour_Id:			3
No_of_Customers:		7
No_of_Items:			135
Customer_Sequence:		9 19 4 20 1 12 16 

CustId	Id	TypeId	Rotated	x	y	z	Length	Width	Height	mass	Fragility	LoadBearingStrength
16	313	2	0	0	0	0	10	3	7	70.29	0		11.706376
16	314	2	0	0	3	0	10	3	7	70.29	0		11.706376
16	315	2	0	0	6	0	10	3	7	70.29	0		11.706376
16	316	2	0	0	9	0	10	3	7	70.29	0		11.706376
16	317	2	0	0	12	0	10	3	7	70.29	0		11.706376
16	318	2	0	0	15	0	10	3	7	70.29	0		11.706376
16	319	3	0	0	18	0	6	5	4	32.93	0		4.961138
16	320	3	0	0	0	7	6	5	4	32.93	0		4.961138
16	321	3	0	0	18	4	6	5	4	32.93	0		4.961138
16	322	3	0	0	5	7	6	5	4	32.93	0		4.961138
16	307	1	0	0	10	7	13	5	5	76.10	1		1.546798
16	308	1	0	0	10	12	13	5	5	76.10	1		1.546798
16	309	1	0	0	10	17	13	5	5	76.10	1		1.546798
16	310	1	0	0	10	22	13	5	5	76.10	1		1.546798
16	311	1	0	6	18	0	13	5	5	76.10	1		1.546798
16	312	1	0	6	18	5	13	5	5	76.10	1		1.546798
12	220	2	0	0	15	7	10	3	7	70.29	0		11.706376
12	221	2	1	0	0	11	10	3	7	70.29	0		11.706376
12	222	2	0	0	15	14	10	3	7	70.29	0		11.706376
12	223	2	1	0	0	18	10	3	7	70.29	0		11.706376
12	224	2	0	0	15	21	10	3	7	70.29	0		11.706376
12	225	2	1	3	0	11	10	3	7	70.29	0		11.706376
12	227	3	1	6	0	7	6	5	4	32.93	0		4.961138
12	238	3	0	6	0	11	6	5	4	32.93	0		4.961138
12	237	3	0	6	0	15	6	5	4	32.93	0		4.961138
12	236	3	0	6	0	19	6	5	4	32.93	0		4.961138
12	235	3	0	6	0	23	6	5	4	32.93	0		4.961138
12	234	3	0	10	0	0	6	5	4	32.93	0		4.961138
12	233	3	0	10	5	0	6	5	4	32.93	0		4.961138
12	232	3	0	11	0	4	6	5	4	32.93	0		4.961138
12	231	3	0	11	5	4	6	5	4	32.93	0		4.961138
12	230	3	0	11	5	8	6	5	4	32.93	0		4.961138
12	229	3	0	11	5	12	6	5	4	32.93	0		4.961138
12	228	3	0	11	5	16	6	5	4	32.93	0		4.961138
12	226	3	0	11	5	20	6	5	4	32.93	0		4.961138
12	215	1	0	6	18	10	13	5	5	76.10	1		1.546798
12	219	1	0	6	18	15	13	5	5	76.10	1		1.546798
12	218	1	0	6	18	20	13	5	5	76.10	1		1.546798
12	217	1	0	6	18	25	13	5	5	76.10	1		1.546798
12	216	1	0	13	10	0	13	5	5	76.10	1		1.546798
1	5	2	0	10	15	0	10	3	7	70.29	0		11.706376
1	6	2	0	10	15	7	10	3	7	70.29	0		11.706376
1	7	2	0	10	15	14	10	3	7	70.29	0		11.706376
1	8	2	0	10	15	21	10	3	7	70.29	0		11.706376
1	9	2	0	17	0	0	10	3	7	70.29	0		11.706376
1	10	2	0	17	3	0	10	3	7	70.29	0		11.706376
1	19	3	0	11	5	24	6	5	4	32.93	0		4.961138
1	18	3	0	12	0	8	6	5	4	32.93	0		4.961138
1	17	3	0	12	0	12	6	5	4	32.93	0		4.961138
1	16	3	0	12	0	16	6	5	4	32.93	0		4.961138
1	15	3	0	12	0	20	6	5	4	32.93	0		4.961138
1	14	3	0	12	0	24	6	5	4	32.93	0		4.961138
1	13	3	0	18	0	7	6	5	4	32.93	0		4.961138
1	12	3	0	18	0	11	6	5	4	32.93	0		4.961138
1	11	3	0	18	0	15	6	5	4	32.93	0		4.961138
1	4	1	0	13	10	5	13	5	5	76.10	1		1.546798
1	3	1	0	13	10	10	13	5	5	76.10	1		1.546798
1	2	1	0	13	10	15	13	5	5	76.10	1		1.546798
1	1	1	0	13	10	20	13	5	5	76.10	1		1.546798
20	387	2	0	17	6	0	10	3	7	70.29	0		11.706376
20	388	2	0	17	5	7	10	3	7	70.29	0		11.706376
20	389	2	0	17	5	14	10	3	7	70.29	0		11.706376
20	390	2	0	17	5	21	10	3	7	70.29	0		11.706376
20	391	2	0	19	18	0	10	3	7	70.29	0		11.706376
20	392	2	0	19	21	0	10	3	7	70.29	0		11.706376
20	393	2	0	19	18	7	10	3	7	70.29	0		11.706376
20	400	3	0	18	0	19	6	5	4	32.93	0		4.961138
20	399	3	0	18	0	23	6	5	4	32.93	0		4.961138
20	398	3	0	26	9	0	6	5	4	32.93	0		4.961138
20	397	3	0	26	9	4	6	5	4	32.93	0		4.961138
20	396	3	0	26	8	8	6	5	4	32.93	0		4.961138
20	395	3	0	26	8	12	6	5	4	32.93	0		4.961138
20	394	3	0	26	8	16	6	5	4	32.93	0		4.961138
20	386	1	0	13	10	25	13	5	5	76.10	1		1.546798
20	385	1	0	27	0	0	13	5	5	76.10	1		1.546798
20	384	1	0	27	0	5	13	5	5	76.10	1		1.546798
20	383	1	0	24	0	10	13	5	5	76.10	1		1.546798
20	382	1	0	24	0	15	13	5	5	76.10	1		1.546798
4	74	2	0	19	21	7	10	3	7	70.29	0		11.706376
4	73	2	0	19	18	14	10	3	7	70.29	0		11.706376
4	72	2	0	19	21	14	10	3	7	70.29	0		11.706376
4	71	2	0	19	18	21	10	3	7	70.29	0		11.706376
4	70	2	0	19	21	21	10	3	7	70.29	0		11.706376
4	69	2	0	20	15	0	10	3	7	70.29	0		11.706376
4	79	3	0	26	8	20	6	5	4	32.93	0		4.961138
4	78	3	0	26	8	24	6	5	4	32.93	0		4.961138
4	77	3	0	29	18	0	6	5	4	32.93	0		4.961138
4	76	3	0	29	18	4	6	5	4	32.93	0		4.961138
4	75	3	0	29	18	8	6	5	4	32.93	0		4.961138
4	68	1	0	24	0	20	13	5	5	76.10	1		1.546798
4	67	1	0	24	0	25	13	5	5	76.10	1		1.546798
4	66	1	0	32	5	0	13	5	5	76.10	1		1.546798
4	65	1	0	32	10	0	13	5	5	76.10	1		1.546798
4	64	1	0	32	5	5	13	5	5	76.10	1		1.546798
4	63	1	0	32	10	5	13	5	5	76.10	1		1.546798
4	62	1	0	32	5	10	13	5	5	76.10	1		1.546798
4	61	1	0	32	10	10	13	5	5	76.10	1		1.546798
4	60	1	0	32	5	15	13	5	5	76.10	1		1.546798
4	59	1	0	32	10	15	13	5	5	76.10	1		1.546798
19	367	2	0	20	15	7	10	3	7	70.29	0		11.706376
19	368	2	0	20	15	14	10	3	7	70.29	0		11.706376
19	369	2	0	20	15	21	10	3	7	70.29	0		11.706376
19	370	2	0	30	15	0	10	3	7	70.29	0		11.706376
19	371	2	0	30	15	7	10	3	7	70.29	0		11.706376
19	372	2	0	30	15	14	10	3	7	70.29	0		11.706376
19	373	2	0	30	15	21	10	3	7	70.29	0		11.706376
19	381	3	0	29	18	12	6	5	4	32.93	0		4.961138
19	380	3	0	29	18	16	6	5	4	32.93	0		4.961138
19	379	3	0	29	18	20	6	5	4	32.93	0		4.961138
19	378	3	0	29	18	24	6	5	4	32.93	0		4.961138
19	377	3	0	35	18	0	6	5	4	32.93	0		4.961138
19	376	3	0	35	18	4	6	5	4	32.93	0		4.961138
19	375	3	0	35	18	8	6	5	4	32.93	0		4.961138
19	374	3	0	35	18	12	6	5	4	32.93	0		4.961138
19	366	1	0	32	5	20	13	5	5	76.10	1		1.546798
19	365	1	0	32	10	20	13	5	5	76.10	1		1.546798
19	364	1	0	32	5	25	13	5	5	76.10	1		1.546798
19	363	1	0	32	10	25	13	5	5	76.10	1		1.546798
19	362	1	0	40	0	0	13	5	5	76.10	1		1.546798
9	159	2	0	40	15	0	10	3	7	70.29	0		11.706376
9	160	2	0	40	15	7	10	3	7	70.29	0		11.706376
9	161	2	0	40	15	14	10	3	7	70.29	0		11.706376
9	162	2	0	40	15	21	10	3	7	70.29	0		11.706376
9	163	3	0	35	18	16	6	5	4	32.93	0		4.961138
9	164	3	0	35	18	20	6	5	4	32.93	0		4.961138
9	165	3	0	35	18	24	6	5	4	32.93	0		4.961138
9	166	3	0	41	18	0	6	5	4	32.93	0		4.961138
9	167	3	0	41	18	4	6	5	4	32.93	0		4.961138
9	168	3	0	41	18	8	6	5	4	32.93	0		4.961138
9	169	3	0	41	18	12	6	5	4	32.93	0		4.961138
9	170	3	0	41	18	16	6	5	4	32.93	0		4.961138
9	155	1	0	40	0	5	13	5	5	76.10	1		1.546798
9	156	1	0	37	0	10	13	5	5	76.10	1		1.546798
9	157	1	0	37	0	15	13	5	5	76.10	1		1.546798
9	158	1	0	37	0	20	13	5	5	76.10	1		1.546798


-------------------------------------------------------------------------------------------------------------------
Tour_Id:			4
No_of_Customers:		3
No_of_Items:			59
Customer_Sequence:		10 7 8 

CustId	Id	TypeId	Rotated	x	y	z	Length	Width	Height	mass	Fragility	LoadBearingStrength
8	144	2	0	0	0	0	10	3	7	70.29	0		11.706376
8	145	2	0	0	3	0	10	3	7	70.29	0		11.706376
8	146	3	0	0	6	0	6	5	4	32.93	0		4.961138
8	147	3	0	0	11	0	6	5	4	32.93	0		4.961138
8	148	3	0	0	16	0	6	5	4	32.93	0		4.961138
8	149	3	0	0	6	4	6	5	4	32.93	0		4.961138
8	150	3	0	0	11	4	6	5	4	32.93	0		4.961138
8	151	3	0	0	16	4	6	5	4	32.93	0		4.961138
8	152	3	0	0	0	7	6	5	4	32.93	0		4.961138
8	153	3	0	0	5	8	6	5	4	32.93	0		4.961138
8	154	3	0	0	10	8	6	5	4	32.93	0		4.961138
8	139	1	1	0	5	12	13	5	5	76.10	1		1.546798
8	140	1	1	0	5	17	13	5	5	76.10	1		1.546798
8	141	1	1	0	5	22	13	5	5	76.10	1		1.546798
8	142	1	0	6	6	0	13	5	5	76.10	1		1.546798
8	143	1	0	6	11	0	13	5	5	76.10	1		1.546798
7	123	2	0	0	21	0	10	3	7	70.29	0		11.706376
7	124	2	0	0	21	7	10	3	7	70.29	0		11.706376
7	125	2	0	0	21	14	10	3	7	70.29	0		11.706376
7	126	2	0	0	21	21	10	3	7	70.29	0		11.706376
7	127	2	0	6	16	0	10	3	7	70.29	0		11.706376
7	128	2	0	6	16	7	10	3	7	70.29	0		11.706376
7	129	2	0	5	16	14	10	3	7	70.29	0		11.706376
7	130	2	0	5	16	21	10	3	7	70.29	0		11.706376
7	131	2	0	10	0	0	10	3	7	70.29	0		11.706376
7	132	2	0	6	0	7	10	3	7	70.29	0		11.706376
7	138	3	0	0	0	11	6	5	4	32.93	0		4.961138
7	137	3	0	0	0	15	6	5	4	32.93	0		4.961138
7	136	3	0	0	0	19	6	5	4	32.93	0		4.961138
7	135	3	0	0	0	23	6	5	4	32.93	0		4.961138
7	134	3	0	16	16	0	6	5	4	32.93	0		4.961138
7	133	3	0	16	16	4	6	5	4	32.93	0		4.961138
7	122	1	0	6	6	5	13	5	5	76.10	1		1.546798
7	121	1	0	6	11	5	13	5	5	76.10	1		1.546798
7	120	1	0	6	6	10	13	5	5	76.10	1		1.546798
7	119	1	0	6	11	10	13	5	5	76.10	1		1.546798
7	118	1	0	5	6	15	13	5	5	76.10	1		1.546798
7	117	1	0	5	11	15	13	5	5	76.10	1		1.546798
10	175	2	0	6	0	14	10	3	7	70.29	0		11.706376
10	176	2	0	6	0	21	10	3	7	70.29	0		11.706376
10	177	2	0	10	3	0	10	3	7	70.29	0		11.706376
10	178	2	0	6	3	7	10	3	7	70.29	0		11.706376
10	179	2	0	6	3	14	10	3	7	70.29	0		11.706376
10	180	2	0	6	3	21	10	3	7	70.29	0		11.706376
10	181	2	0	10	21	0	10	3	7	70.29	0		11.706376
10	182	2	0	10	21	7	10	3	7	70.29	0		11.706376
10	183	2	0	10	21	14	10	3	7	70.29	0		11.706376
10	184	2	0	10	21	21	10	3	7	70.29	0		11.706376
10	191	3	1	16	0	7	6	5	4	32.93	0		4.961138
10	190	3	0	16	16	8	6	5	4	32.93	0		4.961138
10	189	3	0	16	0	11	6	5	4	32.93	0		4.961138
10	188	3	0	16	16	12	6	5	4	32.93	0		4.961138
10	187	3	0	15	16	16	6	5	4	32.93	0		4.961138
10	186	3	0	15	16	20	6	5	4	32.93	0		4.961138
10	185	3	0	15	16	24	6	5	4	32.93	0		4.961138
10	174	1	0	5	6	20	13	5	5	76.10	1		1.546798
10	173	1	0	5	11	20	13	5	5	76.10	1		1.546798
10	172	1	0	5	6	25	13	5	5	76.10	1		1.546798
10	171	1	0	5	11	25	13	5	5	76.10	1		1.546798


