Name:				305_n020_m400_bt3
Problem:			3L-VRPTW
Number_of_used_Vehicles:	3
Total_Travel_Distance:		397.86
Calculation_Time:		3600.00
Total_Iterations:		11843
ConstraintSet:			P1

-------------------------------------------------------------------------------------------------------------------
Tour_Id:			1
No_of_Customers:		6
No_of_Items:			126
Customer_Sequence:		8 15 1 13 12 7 

CustId	Id	TypeId	Rotated	x	y	z	Length	Width	Height	mass	Fragility	LoadBearingStrength
7	122	1	0	0	0	0	16	6	3	65.27	0		5.968407
7	123	1	0	0	6	0	16	6	3	65.27	0		5.968407
7	124	1	0	0	12	0	16	6	3	65.27	0		5.968407
7	125	1	0	0	18	0	16	6	3	65.27	0		5.968407
7	126	1	0	0	0	3	16	6	3	65.27	0		5.968407
7	127	1	0	0	6	3	16	6	3	65.27	0		5.968407
7	121	1	0	0	12	3	16	6	3	65.27	0		5.968407
7	140	3	0	0	18	3	8	4	6	58.44	0		9.124014
7	139	3	0	0	0	6	8	4	6	58.44	0		9.124014
7	138	3	0	0	4	6	8	4	6	58.44	0		9.124014
7	137	3	0	0	8	6	8	4	6	58.44	0		9.124014
7	132	2	0	0	12	6	17	3	3	63.19	1		1.961843
7	133	2	0	0	15	6	17	3	3	63.19	1		1.961843
7	134	2	0	0	12	9	17	3	3	63.19	1		1.961843
7	135	2	0	0	15	9	17	3	3	63.19	1		1.961843
7	136	2	1	0	0	12	17	3	3	63.19	1		1.961843
7	131	2	1	0	0	15	17	3	3	63.19	1		1.961843
7	130	2	1	0	0	18	17	3	3	63.19	1		1.961843
7	129	2	1	0	0	21	17	3	3	63.19	1		1.961843
7	128	2	1	0	0	24	17	3	3	63.19	1		1.961843
12	220	1	0	16	0	0	16	6	3	65.27	0		5.968407
12	219	1	0	16	6	0	16	6	3	65.27	0		5.968407
12	226	1	0	16	18	0	16	6	3	65.27	0		5.968407
12	225	1	0	8	18	3	16	6	3	65.27	0		5.968407
12	224	1	0	8	18	6	16	6	3	65.27	0		5.968407
12	223	1	0	0	18	9	16	6	3	65.27	0		5.968407
12	222	1	0	0	18	12	16	6	3	65.27	0		5.968407
12	221	1	0	0	17	15	16	6	3	65.27	0		5.968407
12	245	3	0	0	17	18	8	4	6	58.44	0		9.124014
12	244	3	0	0	17	24	8	4	6	58.44	0		9.124014
12	243	3	1	3	0	12	8	4	6	58.44	0		9.124014
12	242	3	1	3	0	18	8	4	6	58.44	0		9.124014
12	241	3	1	3	0	24	8	4	6	58.44	0		9.124014
12	240	3	0	8	0	6	8	4	6	58.44	0		9.124014
12	239	3	0	7	0	12	8	4	6	58.44	0		9.124014
12	238	3	0	7	0	18	8	4	6	58.44	0		9.124014
12	237	3	0	7	0	24	8	4	6	58.44	0		9.124014
12	236	3	0	8	4	6	8	4	6	58.44	0		9.124014
12	235	2	1	0	0	27	17	3	3	63.19	1		1.961843
12	234	2	0	16	0	3	17	3	3	63.19	1		1.961843
12	233	2	0	16	3	3	17	3	3	63.19	1		1.961843
12	232	2	0	16	6	3	17	3	3	63.19	1		1.961843
12	231	2	0	16	9	3	17	3	3	63.19	1		1.961843
12	230	2	0	8	8	6	17	3	3	63.19	1		1.961843
12	229	2	0	8	8	9	17	3	3	63.19	1		1.961843
12	228	2	0	3	8	12	17	3	3	63.19	1		1.961843
12	227	2	0	3	8	15	17	3	3	63.19	1		1.961843
13	247	1	0	17	12	0	16	6	3	65.27	0		5.968407
13	248	1	0	17	12	3	16	6	3	65.27	0		5.968407
13	249	1	0	17	12	6	16	6	3	65.27	0		5.968407
13	250	1	0	17	11	9	16	6	3	65.27	0		5.968407
13	251	1	0	17	11	12	16	6	3	65.27	0		5.968407
13	252	1	0	17	11	15	16	6	3	65.27	0		5.968407
13	246	1	0	17	11	18	16	6	3	65.27	0		5.968407
13	268	3	0	7	4	12	8	4	6	58.44	0		9.124014
13	267	3	0	7	4	18	8	4	6	58.44	0		9.124014
13	266	3	0	7	4	24	8	4	6	58.44	0		9.124014
13	265	3	0	8	17	18	8	4	6	58.44	0		9.124014
13	264	3	0	8	17	24	8	4	6	58.44	0		9.124014
13	263	3	0	16	18	9	8	4	6	58.44	0		9.124014
13	262	3	0	16	17	15	8	4	6	58.44	0		9.124014
13	261	3	0	16	17	21	8	4	6	58.44	0		9.124014
13	260	3	0	17	11	21	8	4	6	58.44	0		9.124014
13	259	2	0	3	8	18	17	3	3	63.19	1		1.961843
13	258	2	0	3	8	21	17	3	3	63.19	1		1.961843
13	257	2	0	3	8	24	17	3	3	63.19	1		1.961843
13	256	2	0	3	8	27	17	3	3	63.19	1		1.961843
13	255	2	0	16	0	6	17	3	3	63.19	1		1.961843
13	254	2	0	16	3	6	17	3	3	63.19	1		1.961843
13	253	2	0	16	0	9	17	3	3	63.19	1		1.961843
1	6	3	0	24	18	3	8	4	6	58.44	0		9.124014
1	7	3	0	24	17	9	8	4	6	58.44	0		9.124014
1	8	3	0	24	17	15	8	4	6	58.44	0		9.124014
1	9	3	0	24	15	21	8	4	6	58.44	0		9.124014
1	10	3	0	25	11	21	8	4	6	58.44	0		9.124014
1	11	3	0	32	18	0	8	4	6	58.44	0		9.124014
1	12	3	0	32	18	6	8	4	6	58.44	0		9.124014
1	13	3	0	32	17	12	8	4	6	58.44	0		9.124014
1	14	3	0	32	17	18	8	4	6	58.44	0		9.124014
1	15	3	0	32	17	24	8	4	6	58.44	0		9.124014
1	16	3	0	33	0	0	8	4	6	58.44	0		9.124014
1	1	2	0	15	0	12	17	3	3	63.19	1		1.961843
1	2	2	0	15	0	15	17	3	3	63.19	1		1.961843
1	3	2	0	15	0	18	17	3	3	63.19	1		1.961843
1	4	2	0	15	0	21	17	3	3	63.19	1		1.961843
1	5	2	0	15	0	24	17	3	3	63.19	1		1.961843
15	284	1	0	17	11	27	16	6	3	65.27	0		5.968407
15	285	1	0	33	4	0	16	6	3	65.27	0		5.968407
15	286	1	0	33	10	0	16	6	3	65.27	0		5.968407
15	283	1	0	33	4	3	16	6	3	65.27	0		5.968407
15	301	3	0	33	10	3	8	4	6	58.44	0		9.124014
15	300	3	0	33	0	6	8	4	6	58.44	0		9.124014
15	299	3	0	33	4	6	8	4	6	58.44	0		9.124014
15	298	3	0	33	10	9	8	4	6	58.44	0		9.124014
15	297	3	0	33	0	12	8	4	6	58.44	0		9.124014
15	296	3	0	32	0	18	8	4	6	58.44	0		9.124014
15	293	2	0	15	0	27	17	3	3	63.19	1		1.961843
15	294	2	0	16	3	9	17	3	3	63.19	1		1.961843
15	295	2	0	15	3	12	17	3	3	63.19	1		1.961843
15	292	2	0	15	3	15	17	3	3	63.19	1		1.961843
15	291	2	0	15	3	18	17	3	3	63.19	1		1.961843
15	290	2	0	15	3	21	17	3	3	63.19	1		1.961843
15	289	2	0	15	3	24	17	3	3	63.19	1		1.961843
15	288	2	0	15	3	27	17	3	3	63.19	1		1.961843
15	287	2	0	32	22	0	17	3	3	63.19	1		1.961843
8	142	1	1	49	0	0	16	6	3	65.27	0		5.968407
8	143	1	0	41	10	3	16	6	3	65.27	0		5.968407
8	144	1	0	40	16	0	16	6	3	65.27	0		5.968407
8	145	1	0	40	16	3	16	6	3	65.27	0		5.968407
8	146	1	0	40	14	6	16	6	3	65.27	0		5.968407
8	141	1	0	40	14	9	16	6	3	65.27	0		5.968407
8	161	3	0	32	0	24	8	4	6	58.44	0		9.124014
8	160	3	0	33	4	12	8	4	6	58.44	0		9.124014
8	159	3	0	32	4	18	8	4	6	58.44	0		9.124014
8	158	3	0	32	4	24	8	4	6	58.44	0		9.124014
8	157	3	0	33	10	15	8	4	6	58.44	0		9.124014
8	156	3	0	33	10	21	8	4	6	58.44	0		9.124014
8	153	2	0	24	22	3	17	3	3	63.19	1		1.961843
8	154	2	0	24	22	6	17	3	3	63.19	1		1.961843
8	155	2	0	16	22	9	17	3	3	63.19	1		1.961843
8	152	2	0	16	22	12	17	3	3	63.19	1		1.961843
8	151	2	0	16	21	15	17	3	3	63.19	1		1.961843
8	150	2	0	8	21	18	17	3	3	63.19	1		1.961843
8	149	2	0	8	21	21	17	3	3	63.19	1		1.961843
8	148	2	0	8	21	24	17	3	3	63.19	1		1.961843
8	147	2	0	8	21	27	17	3	3	63.19	1		1.961843


-------------------------------------------------------------------------------------------------------------------
Tour_Id:			2
No_of_Customers:		8
No_of_Items:			164
Customer_Sequence:		17 2 3 9 11 18 5 10 

CustId	Id	TypeId	Rotated	x	y	z	Length	Width	Height	mass	Fragility	LoadBearingStrength
10	184	1	0	0	0	0	16	6	3	65.27	0		5.968407
10	185	1	0	0	6	0	16	6	3	65.27	0		5.968407
10	186	1	0	0	12	0	16	6	3	65.27	0		5.968407
5	92	2	0	0	18	0	17	3	3	63.19	1		1.961843
10	188	1	0	0	0	3	16	6	3	65.27	0		5.968407
10	189	1	0	0	6	3	16	6	3	65.27	0		5.968407
10	190	1	0	0	12	3	16	6	3	65.27	0		5.968407
10	191	1	0	0	0	6	16	6	3	65.27	0		5.968407
10	192	1	0	0	6	6	16	6	3	65.27	0		5.968407
10	183	1	0	0	12	6	16	6	3	65.27	0		5.968407
10	203	3	0	0	21	0	8	4	6	58.44	0		9.124014
10	202	3	0	0	21	6	8	4	6	58.44	0		9.124014
10	201	3	0	0	0	9	8	4	6	58.44	0		9.124014
10	200	3	0	0	4	9	8	4	6	58.44	0		9.124014
10	199	3	0	0	8	9	8	4	6	58.44	0		9.124014
10	198	3	0	0	12	9	8	4	6	58.44	0		9.124014
10	197	3	0	0	21	12	8	4	6	58.44	0		9.124014
10	196	2	1	0	0	15	17	3	3	63.19	1		1.961843
10	195	2	1	0	0	18	17	3	3	63.19	1		1.961843
10	194	2	1	0	0	21	17	3	3	63.19	1		1.961843
10	193	2	1	0	0	24	17	3	3	63.19	1		1.961843
5	81	1	1	3	0	15	16	6	3	65.27	0		5.968407
5	82	1	1	3	0	18	16	6	3	65.27	0		5.968407
5	83	1	1	3	0	21	16	6	3	65.27	0		5.968407
5	84	1	1	3	0	24	16	6	3	65.27	0		5.968407
5	80	1	1	3	0	27	16	6	3	65.27	0		5.968407
5	100	3	0	0	21	18	8	4	6	58.44	0		9.124014
5	99	3	0	0	21	24	8	4	6	58.44	0		9.124014
5	98	3	0	8	21	0	8	4	6	58.44	0		9.124014
5	97	3	0	8	21	6	8	4	6	58.44	0		9.124014
5	96	3	0	8	0	9	8	4	6	58.44	0		9.124014
5	95	3	0	8	4	9	8	4	6	58.44	0		9.124014
5	94	3	0	8	8	9	8	4	6	58.44	0		9.124014
5	93	3	0	8	12	9	8	4	6	58.44	0		9.124014
10	187	1	0	16	0	0	16	6	3	65.27	0		5.968407
5	91	2	0	0	18	3	17	3	3	63.19	1		1.961843
5	90	2	0	0	18	6	17	3	3	63.19	1		1.961843
5	89	2	0	0	17	9	17	3	3	63.19	1		1.961843
5	88	2	0	0	17	12	17	3	3	63.19	1		1.961843
5	87	2	0	0	17	15	17	3	3	63.19	1		1.961843
5	86	2	0	0	17	18	17	3	3	63.19	1		1.961843
5	85	2	0	0	17	21	17	3	3	63.19	1		1.961843
18	348	1	1	9	0	15	16	6	3	65.27	0		5.968407
18	349	1	1	9	0	18	16	6	3	65.27	0		5.968407
18	350	1	1	9	0	21	16	6	3	65.27	0		5.968407
18	347	1	1	9	0	24	16	6	3	65.27	0		5.968407
18	367	3	0	8	20	12	8	4	6	58.44	0		9.124014
18	366	3	0	8	20	18	8	4	6	58.44	0		9.124014
18	365	3	0	8	20	24	8	4	6	58.44	0		9.124014
18	364	3	0	16	6	0	8	4	6	58.44	0		9.124014
18	363	3	0	16	10	0	8	4	6	58.44	0		9.124014
18	362	3	0	16	21	0	8	4	6	58.44	0		9.124014
18	361	3	0	16	0	3	8	4	6	58.44	0		9.124014
18	360	3	0	16	6	6	8	4	6	58.44	0		9.124014
18	359	2	0	0	17	24	17	3	3	63.19	1		1.961843
18	358	2	0	0	17	27	17	3	3	63.19	1		1.961843
18	357	2	1	9	0	27	17	3	3	63.19	1		1.961843
18	356	2	1	12	0	27	17	3	3	63.19	1		1.961843
18	355	2	0	16	14	0	17	3	3	63.19	1		1.961843
18	354	2	0	16	14	3	17	3	3	63.19	1		1.961843
18	353	2	0	16	14	6	17	3	3	63.19	1		1.961843
9	163	1	0	24	6	0	16	6	3	65.27	0		5.968407
18	351	2	0	16	14	9	17	3	3	63.19	1		1.961843
11	204	1	0	32	0	0	16	6	3	65.27	0		5.968407
11	205	1	0	24	0	3	16	6	3	65.27	0		5.968407
11	206	1	0	24	0	6	16	6	3	65.27	0		5.968407
11	207	1	0	16	0	9	16	6	3	65.27	0		5.968407
11	214	3	0	16	10	6	8	4	6	58.44	0		9.124014
11	215	3	0	16	21	6	8	4	6	58.44	0		9.124014
11	216	3	0	16	0	12	8	4	6	58.44	0		9.124014
11	217	3	0	15	0	18	8	4	6	58.44	0		9.124014
11	218	3	0	15	0	24	8	4	6	58.44	0		9.124014
11	208	2	0	16	14	12	17	3	3	63.19	1		1.961843
11	209	2	0	15	14	15	17	3	3	63.19	1		1.961843
11	210	2	0	15	14	18	17	3	3	63.19	1		1.961843
9	172	1	0	24	6	3	16	6	3	65.27	0		5.968407
11	212	2	0	15	14	21	17	3	3	63.19	1		1.961843
11	213	2	0	15	14	24	17	3	3	63.19	1		1.961843
18	352	2	0	17	17	0	17	3	3	63.19	1		1.961843
11	211	2	0	15	14	27	17	3	3	63.19	1		1.961843
9	171	1	0	24	6	6	16	6	3	65.27	0		5.968407
9	170	1	0	24	6	9	16	6	3	65.27	0		5.968407
3	47	2	0	16	4	12	17	3	3	63.19	1		1.961843
9	168	1	0	16	7	12	16	6	3	65.27	0		5.968407
9	167	1	0	15	7	15	16	6	3	65.27	0		5.968407
9	166	1	0	15	7	18	16	6	3	65.27	0		5.968407
9	165	1	0	15	7	21	16	6	3	65.27	0		5.968407
9	164	1	0	15	7	24	16	6	3	65.27	0		5.968407
9	162	1	0	15	7	27	16	6	3	65.27	0		5.968407
9	178	3	0	16	20	12	8	4	6	58.44	0		9.124014
9	179	3	0	16	20	18	8	4	6	58.44	0		9.124014
9	180	3	0	16	20	24	8	4	6	58.44	0		9.124014
9	181	3	0	24	20	0	8	4	6	58.44	0		9.124014
9	182	3	0	24	20	6	8	4	6	58.44	0		9.124014
9	173	2	0	17	17	3	17	3	3	63.19	1		1.961843
9	174	2	0	17	17	6	17	3	3	63.19	1		1.961843
9	175	2	0	17	17	9	17	3	3	63.19	1		1.961843
9	176	2	0	17	17	12	17	3	3	63.19	1		1.961843
9	177	2	0	17	17	15	17	3	3	63.19	1		1.961843
3	40	1	0	34	12	0	16	6	3	65.27	0		5.968407
3	41	1	0	34	18	0	16	6	3	65.27	0		5.968407
3	42	1	0	34	12	3	16	6	3	65.27	0		5.968407
3	51	3	0	24	0	12	8	4	6	58.44	0		9.124014
3	52	3	0	23	0	18	8	4	6	58.44	0		9.124014
3	53	3	0	23	0	24	8	4	6	58.44	0		9.124014
3	54	3	0	24	20	12	8	4	6	58.44	0		9.124014
3	55	3	0	24	20	18	8	4	6	58.44	0		9.124014
3	43	2	0	15	4	15	17	3	3	63.19	1		1.961843
3	44	2	0	15	4	18	17	3	3	63.19	1		1.961843
3	45	2	0	15	4	21	17	3	3	63.19	1		1.961843
3	46	2	0	15	4	24	17	3	3	63.19	1		1.961843
9	169	1	0	40	6	0	16	6	3	65.27	0		5.968407
3	48	2	0	15	4	27	17	3	3	63.19	1		1.961843
3	49	2	0	17	17	18	17	3	3	63.19	1		1.961843
3	50	2	0	17	17	21	17	3	3	63.19	1		1.961843
2	18	1	0	34	18	3	16	6	3	65.27	0		5.968407
2	19	1	0	34	12	6	16	6	3	65.27	0		5.968407
2	20	1	0	34	18	6	16	6	3	65.27	0		5.968407
2	21	1	0	34	12	9	16	6	3	65.27	0		5.968407
2	22	1	0	34	18	9	16	6	3	65.27	0		5.968407
2	23	1	0	34	12	12	16	6	3	65.27	0		5.968407
2	17	1	0	34	18	12	16	6	3	65.27	0		5.968407
2	39	3	0	24	20	24	8	4	6	58.44	0		9.124014
2	38	3	0	32	0	9	8	4	6	58.44	0		9.124014
2	37	3	0	32	7	12	8	4	6	58.44	0		9.124014
2	36	3	0	31	7	18	8	4	6	58.44	0		9.124014
2	35	3	0	31	7	24	8	4	6	58.44	0		9.124014
2	34	3	0	32	0	15	8	4	6	58.44	0		9.124014
2	33	3	0	31	0	21	8	4	6	58.44	0		9.124014
2	32	3	0	32	20	15	8	4	6	58.44	0		9.124014
2	31	3	0	32	20	21	8	4	6	58.44	0		9.124014
2	30	2	0	17	17	24	17	3	3	63.19	1		1.961843
2	29	2	0	17	17	27	17	3	3	63.19	1		1.961843
2	28	2	0	32	14	15	17	3	3	63.19	1		1.961843
2	27	2	0	32	14	18	17	3	3	63.19	1		1.961843
2	26	2	0	32	14	21	17	3	3	63.19	1		1.961843
2	25	2	0	32	14	24	17	3	3	63.19	1		1.961843
2	24	2	0	32	14	27	17	3	3	63.19	1		1.961843
17	322	1	0	40	6	3	16	6	3	65.27	0		5.968407
17	323	1	0	40	6	6	16	6	3	65.27	0		5.968407
17	324	1	0	40	6	9	16	6	3	65.27	0		5.968407
17	325	1	0	40	6	12	16	6	3	65.27	0		5.968407
17	326	1	0	40	6	15	16	6	3	65.27	0		5.968407
17	327	1	0	39	7	18	16	6	3	65.27	0		5.968407
17	328	1	0	39	7	21	16	6	3	65.27	0		5.968407
17	329	1	0	39	7	24	16	6	3	65.27	0		5.968407
17	321	1	0	39	7	27	16	6	3	65.27	0		5.968407
17	346	3	0	40	0	3	8	4	6	58.44	0		9.124014
17	345	3	0	40	0	9	8	4	6	58.44	0		9.124014
17	344	3	0	40	0	15	8	4	6	58.44	0		9.124014
17	343	3	0	39	0	21	8	4	6	58.44	0		9.124014
17	342	3	0	40	17	15	8	4	6	58.44	0		9.124014
17	341	3	0	40	21	15	8	4	6	58.44	0		9.124014
17	340	3	0	40	17	21	8	4	6	58.44	0		9.124014
17	337	2	0	31	0	27	17	3	3	63.19	1		1.961843
17	338	2	1	56	0	0	17	3	3	63.19	1		1.961843
17	339	2	1	56	0	3	17	3	3	63.19	1		1.961843
17	336	2	1	56	0	6	17	3	3	63.19	1		1.961843
17	335	2	1	56	0	9	17	3	3	63.19	1		1.961843
17	334	2	1	56	0	12	17	3	3	63.19	1		1.961843
17	333	2	1	56	0	15	17	3	3	63.19	1		1.961843
17	332	2	1	55	0	18	17	3	3	63.19	1		1.961843
17	331	2	1	55	0	21	17	3	3	63.19	1		1.961843
17	330	2	1	55	0	24	17	3	3	63.19	1		1.961843


-------------------------------------------------------------------------------------------------------------------
Tour_Id:			3
No_of_Customers:		6
No_of_Items:			110
Customer_Sequence:		4 19 14 6 20 16 

CustId	Id	TypeId	Rotated	x	y	z	Length	Width	Height	mass	Fragility	LoadBearingStrength
16	303	1	0	0	0	0	16	6	3	65.27	0		5.968407
16	304	1	0	0	6	0	16	6	3	65.27	0		5.968407
16	305	1	0	0	12	0	16	6	3	65.27	0		5.968407
16	306	1	0	0	18	0	16	6	3	65.27	0		5.968407
16	307	1	0	0	0	3	16	6	3	65.27	0		5.968407
16	308	1	0	0	6	3	16	6	3	65.27	0		5.968407
16	309	1	0	0	12	3	16	6	3	65.27	0		5.968407
16	302	1	0	0	18	3	16	6	3	65.27	0		5.968407
16	320	3	0	0	0	6	8	4	6	58.44	0		9.124014
16	319	3	0	0	4	6	8	4	6	58.44	0		9.124014
16	318	3	0	0	8	6	8	4	6	58.44	0		9.124014
16	317	3	0	0	12	6	8	4	6	58.44	0		9.124014
16	316	3	0	0	16	6	8	4	6	58.44	0		9.124014
16	315	3	0	0	20	6	8	4	6	58.44	0		9.124014
16	314	3	0	0	0	12	8	4	6	58.44	0		9.124014
16	313	2	1	0	4	12	17	3	3	63.19	1		1.961843
16	312	2	1	0	4	15	17	3	3	63.19	1		1.961843
16	311	2	1	0	0	18	17	3	3	63.19	1		1.961843
16	310	2	1	0	0	21	17	3	3	63.19	1		1.961843
20	385	1	1	3	4	12	16	6	3	65.27	0		5.968407
20	386	1	1	3	4	15	16	6	3	65.27	0		5.968407
20	387	1	1	3	0	18	16	6	3	65.27	0		5.968407
20	388	1	1	3	0	21	16	6	3	65.27	0		5.968407
20	384	1	1	3	0	24	16	6	3	65.27	0		5.968407
20	400	3	0	0	21	12	8	4	6	58.44	0		9.124014
20	399	3	0	0	21	18	8	4	6	58.44	0		9.124014
20	398	3	0	0	21	24	8	4	6	58.44	0		9.124014
20	397	3	0	3	16	18	8	4	6	58.44	0		9.124014
20	393	2	1	0	0	24	17	3	3	63.19	1		1.961843
20	394	2	1	0	0	27	17	3	3	63.19	1		1.961843
20	395	2	1	3	0	27	17	3	3	63.19	1		1.961843
20	396	2	1	8	0	6	17	3	3	63.19	1		1.961843
20	392	2	1	6	0	27	17	3	3	63.19	1		1.961843
20	391	2	1	11	0	6	17	3	3	63.19	1		1.961843
20	390	2	1	9	0	9	17	3	3	63.19	1		1.961843
20	389	2	1	9	0	12	17	3	3	63.19	1		1.961843
6	102	1	0	16	0	0	16	6	3	65.27	0		5.968407
6	103	1	0	16	6	0	16	6	3	65.27	0		5.968407
6	104	1	0	16	12	0	16	6	3	65.27	0		5.968407
6	105	1	0	16	18	0	16	6	3	65.27	0		5.968407
6	106	1	0	16	0	3	16	6	3	65.27	0		5.968407
6	101	1	0	14	0	6	16	6	3	65.27	0		5.968407
6	120	3	0	8	20	6	8	4	6	58.44	0		9.124014
6	119	3	0	8	20	12	8	4	6	58.44	0		9.124014
6	118	3	0	8	20	18	8	4	6	58.44	0		9.124014
6	117	3	0	8	21	24	8	4	6	58.44	0		9.124014
6	116	3	0	14	0	9	8	4	6	58.44	0		9.124014
6	112	2	0	16	6	3	17	3	3	63.19	1		1.961843
6	113	2	0	14	6	6	17	3	3	63.19	1		1.961843
6	114	2	0	12	4	9	17	3	3	63.19	1		1.961843
6	115	2	0	12	4	12	17	3	3	63.19	1		1.961843
6	111	2	0	9	4	15	17	3	3	63.19	1		1.961843
6	110	2	0	9	4	18	17	3	3	63.19	1		1.961843
6	109	2	0	9	4	21	17	3	3	63.19	1		1.961843
6	108	2	0	9	4	24	17	3	3	63.19	1		1.961843
6	107	2	0	9	4	27	17	3	3	63.19	1		1.961843
14	269	1	0	16	9	3	16	6	3	65.27	0		5.968407
14	270	1	0	14	9	6	16	6	3	65.27	0		5.968407
14	271	1	0	14	9	9	16	6	3	65.27	0		5.968407
14	272	1	0	12	9	12	16	6	3	65.27	0		5.968407
14	273	1	0	12	9	15	16	6	3	65.27	0		5.968407
14	276	3	0	12	9	18	8	4	6	58.44	0		9.124014
14	277	3	0	12	9	24	8	4	6	58.44	0		9.124014
14	278	3	0	12	0	15	8	4	6	58.44	0		9.124014
14	279	3	0	12	0	21	8	4	6	58.44	0		9.124014
14	280	3	0	16	15	3	8	4	6	58.44	0		9.124014
14	281	3	0	14	15	9	8	4	6	58.44	0		9.124014
14	282	3	0	12	15	15	8	4	6	58.44	0		9.124014
14	274	2	0	16	19	3	17	3	3	63.19	1		1.961843
14	275	2	0	16	19	6	17	3	3	63.19	1		1.961843
19	368	1	0	32	0	0	16	6	3	65.27	0		5.968407
19	369	1	0	32	9	0	16	6	3	65.27	0		5.968407
19	370	1	0	32	0	3	16	6	3	65.27	0		5.968407
19	371	1	0	30	0	6	16	6	3	65.27	0		5.968407
19	372	1	0	29	0	9	16	6	3	65.27	0		5.968407
19	373	1	0	29	0	12	16	6	3	65.27	0		5.968407
19	374	1	0	29	0	15	16	6	3	65.27	0		5.968407
19	379	3	0	11	15	21	8	4	6	58.44	0		9.124014
19	380	3	0	20	9	18	8	4	6	58.44	0		9.124014
19	381	3	0	20	9	24	8	4	6	58.44	0		9.124014
19	382	3	0	24	15	3	8	4	6	58.44	0		9.124014
19	383	3	0	22	15	9	8	4	6	58.44	0		9.124014
19	375	2	0	16	19	9	17	3	3	63.19	1		1.961843
19	376	2	0	16	19	12	17	3	3	63.19	1		1.961843
19	377	2	0	16	19	15	17	3	3	63.19	1		1.961843
19	378	2	0	16	19	18	17	3	3	63.19	1		1.961843
4	57	1	0	26	0	18	16	6	3	65.27	0		5.968407
4	58	1	0	26	0	21	16	6	3	65.27	0		5.968407
4	59	1	0	26	0	24	16	6	3	65.27	0		5.968407
4	60	1	0	26	0	27	16	6	3	65.27	0		5.968407
4	61	1	0	32	9	3	16	6	3	65.27	0		5.968407
4	62	1	0	30	9	6	16	6	3	65.27	0		5.968407
4	56	1	0	30	9	9	16	6	3	65.27	0		5.968407
4	79	3	0	20	15	15	8	4	6	58.44	0		9.124014
4	78	3	0	19	15	21	8	4	6	58.44	0		9.124014
4	77	3	0	28	9	12	8	4	6	58.44	0		9.124014
4	76	3	0	28	9	18	8	4	6	58.44	0		9.124014
4	75	3	0	28	9	24	8	4	6	58.44	0		9.124014
4	74	3	0	32	15	0	8	4	6	58.44	0		9.124014
4	69	2	0	9	15	27	17	3	3	63.19	1		1.961843
4	70	2	0	16	19	21	17	3	3	63.19	1		1.961843
4	71	2	0	16	19	24	17	3	3	63.19	1		1.961843
4	72	2	0	16	18	27	17	3	3	63.19	1		1.961843
4	73	2	0	33	6	0	17	3	3	63.19	1		1.961843
4	68	2	0	33	6	3	17	3	3	63.19	1		1.961843
4	67	2	0	31	6	6	17	3	3	63.19	1		1.961843
4	66	2	0	29	6	9	17	3	3	63.19	1		1.961843
4	65	2	0	29	6	12	17	3	3	63.19	1		1.961843
4	64	2	0	26	6	15	17	3	3	63.19	1		1.961843
4	63	2	0	26	6	18	17	3	3	63.19	1		1.961843


