Name:				306_n020_m400_bt10
Problem:			3L-VRPTW
Number_of_used_Vehicles:	6
Total_Travel_Distance:		526.82
Calculation_Time:		34.91
Total_Iterations:		8698
ConstraintSet:			P1

-------------------------------------------------------------------------------------------------------------------
Tour_Id:			1
No_of_Customers:		4
No_of_Items:			76
Customer_Sequence:		13 20 11 10 

CustId	Id	TypeId	Rotated	x	y	z	Length	Width	Height	mass	Fragility	LoadBearingStrength
10	182	1	0	0	0	0	11	6	8	130.18	0		16.862412
10	183	1	0	0	6	0	11	6	8	130.18	0		16.862412
10	181	1	0	0	12	0	11	6	8	130.18	0		16.862412
10	194	7	0	0	18	0	9	7	7	63.05	0		4.095607
10	193	7	0	0	0	8	9	7	7	63.05	0		4.095607
10	196	8	0	9	18	0	17	3	7	64.71	0		2.242977
10	195	8	0	0	18	7	17	3	7	64.71	0		2.242977
10	188	4	0	0	21	7	12	3	7	56.71	0		6.541043
10	189	4	0	0	7	8	12	3	7	56.71	0		6.541043
10	199	10	0	0	10	8	13	2	8	24.24	0		4.132605
10	197	9	0	0	18	14	7	7	4	55.19	0		11.631646
10	198	9	0	0	0	15	7	7	4	55.19	0		11.631646
10	192	6	0	0	12	8	13	3	5	19.52	0		5.222228
10	187	3	0	0	15	8	7	3	7	29.09	0		9.898698
10	186	3	0	0	12	13	7	3	7	29.09	0		9.898698
10	191	5	0	0	7	15	11	3	8	31.30	1		1.151345
10	190	5	0	7	18	14	11	3	8	31.30	1		1.151345
10	185	2	0	11	0	0	12	5	3	39.88	1		5.491507
10	184	2	0	11	5	0	12	5	3	39.88	1		5.491507
11	200	1	0	13	10	0	11	6	8	130.18	0		16.862412
11	210	7	0	0	0	19	9	7	7	63.05	0		4.095607
11	215	8	0	12	21	0	17	3	7	64.71	0		2.242977
11	214	8	0	12	21	7	17	3	7	64.71	0		2.242977
11	213	8	0	7	21	14	17	3	7	64.71	0		2.242977
11	211	8	0	7	21	21	17	3	7	64.71	0		2.242977
11	212	8	0	23	0	0	17	3	7	64.71	0		2.242977
11	204	4	0	13	10	8	12	3	7	56.71	0		6.541043
11	205	4	0	13	13	8	12	3	7	56.71	0		6.541043
11	218	10	0	0	10	16	13	2	8	24.24	0		4.132605
11	217	10	0	11	16	0	13	2	8	24.24	0		4.132605
11	216	10	0	7	16	8	13	2	8	24.24	0		4.132605
11	209	6	0	13	10	15	13	3	5	19.52	0		5.222228
11	203	3	0	0	15	15	7	3	7	29.09	0		9.898698
11	202	3	0	0	12	20	7	3	7	29.09	0		9.898698
11	208	5	0	7	18	22	11	3	8	31.30	1		1.151345
11	207	5	0	11	0	3	11	3	8	31.30	1		1.151345
11	206	5	0	9	0	11	11	3	8	31.30	1		1.151345
11	201	2	0	0	0	26	12	5	3	39.88	1		5.491507
20	382	1	0	23	3	0	11	6	8	130.18	0		16.862412
20	397	8	0	13	10	20	17	3	7	64.71	0		2.242977
20	396	8	0	22	0	7	17	3	7	64.71	0		2.242977
20	395	8	0	20	0	14	17	3	7	64.71	0		2.242977
20	385	4	0	13	13	15	12	3	7	56.71	0		6.541043
20	386	4	0	13	13	22	12	3	7	56.71	0		6.541043
20	400	10	0	7	16	16	13	2	8	24.24	0		4.132605
20	399	10	0	20	0	21	13	2	8	24.24	0		4.132605
20	398	9	0	23	3	8	7	7	4	55.19	0		11.631646
20	392	6	0	25	13	0	13	3	5	19.52	0		5.222228
20	393	6	0	25	13	5	13	3	5	19.52	0		5.222228
20	394	6	0	25	13	10	13	3	5	19.52	0		5.222228
20	384	3	0	0	15	22	7	3	7	29.09	0		9.898698
20	391	5	0	12	3	3	11	3	8	31.30	1		1.151345
20	390	5	0	12	6	3	11	3	8	31.30	1		1.151345
20	389	5	0	12	3	11	11	3	8	31.30	1		1.151345
20	388	5	0	12	6	11	11	3	8	31.30	1		1.151345
20	387	5	0	12	3	19	11	3	8	31.30	1		1.151345
20	383	2	0	34	3	0	12	5	3	39.88	1		5.491507
13	239	1	0	38	8	0	11	6	8	130.18	0		16.862412
13	238	1	0	38	14	0	11	6	8	130.18	0		16.862412
13	247	8	0	25	13	15	17	3	7	64.71	0		2.242977
13	248	8	0	25	13	22	17	3	7	64.71	0		2.242977
13	242	4	0	26	16	0	12	3	7	56.71	0		6.541043
13	243	4	0	18	18	7	12	3	7	56.71	0		6.541043
13	244	4	0	18	18	14	12	3	7	56.71	0		6.541043
13	251	10	0	18	18	21	13	2	8	24.24	0		4.132605
13	252	10	0	29	21	0	13	2	8	24.24	0		4.132605
13	253	10	0	29	23	0	13	2	8	24.24	0		4.132605
13	254	10	0	29	21	8	13	2	8	24.24	0		4.132605
13	255	10	0	29	23	8	13	2	8	24.24	0		4.132605
13	256	10	0	29	21	16	13	2	8	24.24	0		4.132605
13	249	9	0	23	3	12	7	7	4	55.19	0		11.631646
13	250	9	0	23	3	16	7	7	4	55.19	0		11.631646
13	245	6	0	38	8	8	13	3	5	19.52	0		5.222228
13	246	6	0	38	11	8	13	3	5	19.52	0		5.222228
13	241	3	0	23	3	20	7	3	7	29.09	0		9.898698
13	240	2	0	34	3	3	12	5	3	39.88	1		5.491507


-------------------------------------------------------------------------------------------------------------------
Tour_Id:			2
No_of_Customers:		4
No_of_Items:			87
Customer_Sequence:		14 16 6 1 

CustId	Id	TypeId	Rotated	x	y	z	Length	Width	Height	mass	Fragility	LoadBearingStrength
1	2	1	0	0	0	0	11	6	8	130.18	0		16.862412
1	1	1	0	0	6	0	11	6	8	130.18	0		16.862412
1	18	7	0	0	12	0	9	7	7	63.05	0		4.095607
1	8	4	0	0	19	0	12	3	7	56.71	0		6.541043
1	21	10	0	0	22	0	13	2	8	24.24	0		4.132605
1	20	10	0	0	19	7	13	2	8	24.24	0		4.132605
1	19	9	0	0	12	7	7	7	4	55.19	0		11.631646
1	15	6	0	0	0	8	13	3	5	19.52	0		5.222228
1	16	6	0	0	3	8	13	3	5	19.52	0		5.222228
1	17	6	0	0	6	8	13	3	5	19.52	0		5.222228
1	7	3	0	0	9	8	7	3	7	29.09	0		9.898698
1	6	3	0	0	12	11	7	3	7	29.09	0		9.898698
1	5	3	0	0	15	11	7	3	7	29.09	0		9.898698
1	4	3	0	0	0	13	7	3	7	29.09	0		9.898698
1	9	5	0	0	3	13	11	3	8	31.30	1		1.151345
1	10	5	0	0	6	13	11	3	8	31.30	1		1.151345
1	11	5	0	0	3	21	11	3	8	31.30	1		1.151345
1	12	5	0	0	6	21	11	3	8	31.30	1		1.151345
1	13	5	0	9	12	0	11	3	8	31.30	1		1.151345
1	14	5	0	7	12	8	11	3	8	31.30	1		1.151345
1	3	2	0	11	0	0	12	5	3	39.88	1		5.491507
6	104	1	0	13	15	0	11	6	8	130.18	0		16.862412
6	105	1	0	13	5	0	11	6	8	130.18	0		16.862412
6	103	1	0	13	5	8	11	6	8	130.18	0		16.862412
6	121	7	0	13	15	8	9	7	7	63.05	0		4.095607
6	122	8	0	13	21	0	17	3	7	64.71	0		2.242977
6	114	4	0	11	6	16	12	3	7	56.71	0		6.541043
6	113	4	0	11	6	23	12	3	7	56.71	0		6.541043
6	126	10	0	0	22	8	13	2	8	24.24	0		4.132605
6	123	9	0	0	12	18	7	7	4	55.19	0		11.631646
6	124	9	0	0	12	22	7	7	4	55.19	0		11.631646
6	125	9	0	0	12	26	7	7	4	55.19	0		11.631646
6	118	6	0	20	11	0	13	3	5	19.52	0		5.222228
6	119	6	0	20	11	5	13	3	5	19.52	0		5.222228
6	120	6	0	18	11	10	13	3	5	19.52	0		5.222228
6	111	3	0	0	9	15	7	3	7	29.09	0		9.898698
6	112	3	0	0	0	20	7	3	7	29.09	0		9.898698
6	110	3	0	0	9	22	7	3	7	29.09	0		9.898698
6	115	5	0	7	12	16	11	3	8	31.30	1		1.151345
6	116	5	0	13	0	3	11	3	8	31.30	1		1.151345
6	117	5	0	13	0	11	11	3	8	31.30	1		1.151345
6	109	2	0	13	15	15	12	5	3	39.88	1		5.491507
6	108	2	0	13	15	18	12	5	3	39.88	1		5.491507
6	107	2	0	13	15	21	12	5	3	39.88	1		5.491507
6	106	2	0	7	12	24	12	5	3	39.88	1		5.491507
16	301	1	0	24	0	0	11	6	8	130.18	0		16.862412
16	302	1	0	24	0	8	11	6	8	130.18	0		16.862412
16	300	1	0	24	0	16	11	6	8	130.18	0		16.862412
16	317	7	0	25	14	0	9	7	7	63.05	0		4.095607
16	319	8	0	24	6	0	17	3	7	64.71	0		2.242977
16	318	8	0	24	6	7	17	3	7	64.71	0		2.242977
16	310	4	0	24	6	14	12	3	7	56.71	0		6.541043
16	311	4	0	23	6	21	12	3	7	56.71	0		6.541043
16	309	4	0	25	14	7	12	3	7	56.71	0		6.541043
16	320	10	0	0	22	16	13	2	8	24.24	0		4.132605
16	314	6	0	19	11	15	13	3	5	19.52	0		5.222228
16	315	6	0	19	11	20	13	3	5	19.52	0		5.222228
16	316	6	0	19	11	25	13	3	5	19.52	0		5.222228
16	308	3	0	25	17	7	7	3	7	29.09	0		9.898698
16	307	3	0	24	20	7	7	3	7	29.09	0		9.898698
16	306	3	0	24	20	14	7	3	7	29.09	0		9.898698
16	305	3	0	24	20	21	7	3	7	29.09	0		9.898698
16	304	3	0	25	14	14	7	3	7	29.09	0		9.898698
16	312	5	0	13	0	19	11	3	8	31.30	1		1.151345
16	313	5	0	33	9	0	11	3	8	31.30	1		1.151345
16	303	2	0	7	12	27	12	5	3	39.88	1		5.491507
14	258	1	0	35	0	0	11	6	8	130.18	0		16.862412
14	259	1	0	35	0	8	11	6	8	130.18	0		16.862412
14	257	1	0	35	0	16	11	6	8	130.18	0		16.862412
14	271	7	0	37	12	0	9	7	7	63.05	0		4.095607
14	270	7	0	37	12	7	9	7	7	63.05	0		4.095607
14	274	8	0	32	14	14	17	3	7	64.71	0		2.242977
14	273	8	0	25	14	21	17	3	7	64.71	0		2.242977
14	272	8	0	34	19	0	17	3	7	64.71	0		2.242977
14	264	4	0	31	22	0	12	3	7	56.71	0		6.541043
14	265	4	0	31	20	7	12	3	7	56.71	0		6.541043
14	277	10	0	11	9	16	13	2	8	24.24	0		4.132605
14	275	9	0	35	0	24	7	7	4	55.19	0		11.631646
14	276	9	0	46	0	0	7	7	4	55.19	0		11.631646
14	269	6	0	31	20	14	13	3	5	19.52	0		5.222228
14	268	5	0	31	20	19	11	3	8	31.30	1		1.151345
14	267	5	0	33	9	8	11	3	8	31.30	1		1.151345
14	266	5	0	32	9	16	11	3	8	31.30	1		1.151345
14	263	2	0	44	7	0	12	5	3	39.88	1		5.491507
14	262	2	0	44	7	3	12	5	3	39.88	1		5.491507
14	261	2	0	44	6	6	12	5	3	39.88	1		5.491507
14	260	2	0	44	6	9	12	5	3	39.88	1		5.491507


-------------------------------------------------------------------------------------------------------------------
Tour_Id:			3
No_of_Customers:		5
No_of_Items:			93
Customer_Sequence:		9 3 4 18 7 

CustId	Id	TypeId	Rotated	x	y	z	Length	Width	Height	mass	Fragility	LoadBearingStrength
7	127	1	0	0	0	0	11	6	8	130.18	0		16.862412
7	137	7	0	0	6	0	9	7	7	63.05	0		4.095607
7	138	7	0	0	13	0	9	7	7	63.05	0		4.095607
7	139	7	0	0	6	7	9	7	7	63.05	0		4.095607
7	140	8	0	0	20	0	17	3	7	64.71	0		2.242977
7	129	4	0	0	13	7	12	3	7	56.71	0		6.541043
7	130	4	0	0	16	7	12	3	7	56.71	0		6.541043
7	131	4	0	0	19	7	12	3	7	56.71	0		6.541043
7	144	10	0	0	23	0	13	2	8	24.24	0		4.132605
7	143	10	0	0	0	8	13	2	8	24.24	0		4.132605
7	142	9	0	0	6	14	7	7	4	55.19	0		11.631646
7	141	9	0	0	13	14	7	7	4	55.19	0		11.631646
7	136	6	0	0	2	8	13	3	5	19.52	0		5.222228
7	135	6	0	0	2	13	13	3	5	19.52	0		5.222228
7	134	5	0	0	2	18	11	3	8	31.30	1		1.151345
7	133	5	1	0	5	18	11	3	8	31.30	1		1.151345
7	132	5	1	3	5	18	11	3	8	31.30	1		1.151345
7	128	2	0	0	2	26	12	5	3	39.88	1		5.491507
18	356	7	0	12	5	0	9	7	7	63.05	0		4.095607
18	358	8	0	12	12	0	17	3	7	64.71	0		2.242977
18	357	8	0	12	15	0	17	3	7	64.71	0		2.242977
18	346	4	1	7	7	14	12	3	7	56.71	0		6.541043
18	347	4	1	7	7	21	12	3	7	56.71	0		6.541043
18	348	4	0	9	7	7	12	3	7	56.71	0		6.541043
18	361	10	0	0	23	8	13	2	8	24.24	0		4.132605
18	360	10	0	0	20	14	13	2	8	24.24	0		4.132605
18	359	10	0	0	0	16	13	2	8	24.24	0		4.132605
18	353	6	0	10	7	14	13	3	5	19.52	0		5.222228
18	354	6	0	10	7	19	13	3	5	19.52	0		5.222228
18	355	6	0	10	7	24	13	3	5	19.52	0		5.222228
18	343	3	0	0	16	18	7	3	7	29.09	0		9.898698
18	344	3	0	12	10	7	7	3	7	29.09	0		9.898698
18	345	3	0	12	13	7	7	3	7	29.09	0		9.898698
18	351	5	0	10	13	14	11	3	8	31.30	1		1.151345
18	352	5	0	10	13	22	11	3	8	31.30	1		1.151345
18	350	5	0	13	0	0	11	3	8	31.30	1		1.151345
18	349	5	0	13	0	8	11	3	8	31.30	1		1.151345
18	341	2	1	0	7	26	12	5	3	39.88	1		5.491507
18	342	2	0	17	18	0	12	5	3	39.88	1		5.491507
4	62	1	0	23	3	0	11	6	8	130.18	0		16.862412
4	77	7	0	23	3	8	9	7	7	63.05	0		4.095607
4	76	7	0	23	3	15	9	7	7	63.05	0		4.095607
4	75	7	0	23	3	22	9	7	7	63.05	0		4.095607
4	79	8	0	23	9	0	17	3	7	64.71	0		2.242977
4	78	8	0	19	10	7	17	3	7	64.71	0		2.242977
4	71	4	0	10	10	14	12	3	7	56.71	0		6.541043
4	70	4	0	10	10	21	12	3	7	56.71	0		6.541043
4	69	4	0	22	10	14	12	3	7	56.71	0		6.541043
4	68	4	0	22	10	21	12	3	7	56.71	0		6.541043
4	67	3	0	21	13	7	7	3	7	29.09	0		9.898698
4	72	5	0	13	0	16	11	3	8	31.30	1		1.151345
4	73	5	0	17	18	3	11	3	8	31.30	1		1.151345
4	74	5	0	17	18	11	11	3	8	31.30	1		1.151345
4	66	2	0	29	12	0	12	5	3	39.88	1		5.491507
4	65	2	0	29	17	0	12	5	3	39.88	1		5.491507
4	64	2	0	28	18	3	12	5	3	39.88	1		5.491507
4	63	2	0	28	18	6	12	5	3	39.88	1		5.491507
3	39	1	0	34	0	0	11	6	8	130.18	0		16.862412
3	38	1	0	32	0	8	11	6	8	130.18	0		16.862412
3	59	8	0	34	6	0	17	3	7	64.71	0		2.242977
3	58	8	0	34	6	7	17	3	7	64.71	0		2.242977
3	57	8	0	32	6	14	17	3	7	64.71	0		2.242977
3	56	8	0	32	6	21	17	3	7	64.71	0		2.242977
3	42	4	0	32	0	16	12	3	7	56.71	0		6.541043
3	43	4	0	32	3	16	12	3	7	56.71	0		6.541043
3	44	4	0	32	0	23	12	3	7	56.71	0		6.541043
3	61	10	0	0	23	16	13	2	8	24.24	0		4.132605
3	60	10	0	0	20	22	13	2	8	24.24	0		4.132605
3	50	6	0	32	3	23	13	3	5	19.52	0		5.222228
3	51	6	0	40	9	0	13	3	5	19.52	0		5.222228
3	52	6	0	40	9	5	13	3	5	19.52	0		5.222228
3	53	6	0	40	9	10	13	3	5	19.52	0		5.222228
3	54	6	0	40	9	15	13	3	5	19.52	0		5.222228
3	55	6	0	40	9	20	13	3	5	19.52	0		5.222228
3	41	3	0	21	13	14	7	3	7	29.09	0		9.898698
3	40	3	0	21	13	21	7	3	7	29.09	0		9.898698
3	49	5	0	17	18	19	11	3	8	31.30	1		1.151345
3	48	5	0	28	18	9	11	3	8	31.30	1		1.151345
3	47	5	0	28	18	17	11	3	8	31.30	1		1.151345
3	46	5	0	41	12	0	11	3	8	31.30	1		1.151345
3	45	5	0	29	13	3	11	3	8	31.30	1		1.151345
9	177	7	0	41	15	0	9	7	7	63.05	0		4.095607
9	178	8	0	40	22	0	17	3	7	64.71	0		2.242977
9	179	8	0	40	22	7	17	3	7	64.71	0		2.242977
9	170	4	0	40	22	14	12	3	7	56.71	0		6.541043
9	180	9	0	40	15	7	7	7	4	55.19	0		11.631646
9	173	6	0	40	22	21	13	3	5	19.52	0		5.222228
9	174	6	0	40	9	25	13	3	5	19.52	0		5.222228
9	175	6	0	45	0	0	13	3	5	19.52	0		5.222228
9	176	6	0	45	3	0	13	3	5	19.52	0		5.222228
9	169	3	0	39	16	11	7	3	7	29.09	0		9.898698
9	171	5	0	28	13	11	11	3	8	31.30	1		1.151345
9	172	5	0	28	13	19	11	3	8	31.30	1		1.151345


-------------------------------------------------------------------------------------------------------------------
Tour_Id:			4
No_of_Customers:		2
No_of_Items:			40
Customer_Sequence:		8 2 

CustId	Id	TypeId	Rotated	x	y	z	Length	Width	Height	mass	Fragility	LoadBearingStrength
2	22	1	0	0	0	0	11	6	8	130.18	0		16.862412
2	23	1	0	0	6	0	11	6	8	130.18	0		16.862412
2	33	7	0	0	12	0	9	7	7	63.05	0		4.095607
2	34	7	0	0	12	7	9	7	7	63.05	0		4.095607
2	35	8	0	0	19	0	17	3	7	64.71	0		2.242977
2	28	4	0	0	22	0	12	3	7	56.71	0		6.541043
2	29	4	0	0	19	7	12	3	7	56.71	0		6.541043
2	36	9	0	0	0	8	7	7	4	55.19	0		11.631646
2	37	9	0	0	0	12	7	7	4	55.19	0		11.631646
2	31	6	0	0	22	7	13	3	5	19.52	0		5.222228
2	32	6	0	0	7	8	13	3	5	19.52	0		5.222228
2	26	3	0	0	22	12	7	3	7	29.09	0		9.898698
2	27	3	0	0	7	13	7	3	7	29.09	0		9.898698
2	30	5	0	0	12	14	11	3	8	31.30	1		1.151345
2	24	2	0	0	15	14	12	5	3	39.88	1		5.491507
2	25	2	0	0	15	17	12	5	3	39.88	1		5.491507
8	146	1	0	11	0	0	11	6	8	130.18	0		16.862412
8	145	1	0	7	0	8	11	6	8	130.18	0		16.862412
8	163	7	0	0	0	16	9	7	7	63.05	0		4.095607
8	162	7	0	0	0	23	9	7	7	63.05	0		4.095607
8	161	7	0	9	0	16	9	7	7	63.05	0		4.095607
8	165	8	0	11	10	0	17	3	7	64.71	0		2.242977
8	164	8	0	11	10	7	17	3	7	64.71	0		2.242977
8	149	4	0	9	0	23	12	3	7	56.71	0		6.541043
8	150	4	0	9	3	23	12	3	7	56.71	0		6.541043
8	151	4	0	11	10	14	12	3	7	56.71	0		6.541043
8	152	4	0	11	10	21	12	3	7	56.71	0		6.541043
8	168	10	0	0	20	14	13	2	8	24.24	0		4.132605
8	167	10	0	0	20	22	13	2	8	24.24	0		4.132605
8	166	10	0	11	13	0	13	2	8	24.24	0		4.132605
8	159	6	0	12	15	0	13	3	5	19.52	0		5.222228
8	160	6	0	12	15	5	13	3	5	19.52	0		5.222228
8	158	6	0	12	15	10	13	3	5	19.52	0		5.222228
8	148	3	0	0	22	19	7	3	7	29.09	0		9.898698
8	147	3	0	0	7	20	7	3	7	29.09	0		9.898698
8	157	5	0	0	15	20	11	3	8	31.30	1		1.151345
8	156	5	0	0	12	22	11	3	8	31.30	1		1.151345
8	155	5	0	12	15	15	11	3	8	31.30	1		1.151345
8	154	5	0	13	22	0	11	3	8	31.30	1		1.151345
8	153	5	0	13	6	0	11	3	8	31.30	1		1.151345


-------------------------------------------------------------------------------------------------------------------
Tour_Id:			5
No_of_Customers:		3
No_of_Items:			61
Customer_Sequence:		19 15 12 

CustId	Id	TypeId	Rotated	x	y	z	Length	Width	Height	mass	Fragility	LoadBearingStrength
12	220	1	0	0	0	0	11	6	8	130.18	0		16.862412
12	221	1	0	0	6	0	11	6	8	130.18	0		16.862412
12	222	1	0	0	12	0	11	6	8	130.18	0		16.862412
12	219	1	0	0	18	0	11	6	8	130.18	0		16.862412
12	231	7	0	0	0	8	9	7	7	63.05	0		4.095607
12	230	7	0	0	7	8	9	7	7	63.05	0		4.095607
12	232	8	1	0	0	15	17	3	7	64.71	0		2.242977
12	225	4	0	0	14	8	12	3	7	56.71	0		6.541043
12	226	4	0	0	17	8	12	3	7	56.71	0		6.541043
12	227	4	0	0	20	8	12	3	7	56.71	0		6.541043
12	237	10	0	0	17	15	13	2	8	24.24	0		4.132605
12	233	9	0	3	0	15	7	7	4	55.19	0		11.631646
12	234	9	0	3	7	15	7	7	4	55.19	0		11.631646
12	235	9	0	3	0	19	7	7	4	55.19	0		11.631646
12	236	9	0	3	7	19	7	7	4	55.19	0		11.631646
12	229	6	0	0	19	15	13	3	5	19.52	0		5.222228
12	224	3	0	0	19	20	7	3	7	29.09	0		9.898698
12	223	3	1	0	0	22	7	3	7	29.09	0		9.898698
12	228	5	0	3	14	15	11	3	8	31.30	1		1.151345
15	288	7	0	3	0	23	9	7	7	63.05	0		4.095607
15	289	7	0	3	7	23	9	7	7	63.05	0		4.095607
15	293	8	0	11	0	0	17	3	7	64.71	0		2.242977
15	292	8	0	11	3	0	17	3	7	64.71	0		2.242977
15	291	8	0	11	6	0	17	3	7	64.71	0		2.242977
15	290	8	0	11	9	0	17	3	7	64.71	0		2.242977
15	282	4	0	11	0	7	12	3	7	56.71	0		6.541043
15	283	4	0	10	0	14	12	3	7	56.71	0		6.541043
15	284	4	0	11	3	7	12	3	7	56.71	0		6.541043
15	299	10	0	10	3	14	13	2	8	24.24	0		4.132605
15	298	10	0	11	12	0	13	2	8	24.24	0		4.132605
15	297	10	0	11	6	7	13	2	8	24.24	0		4.132605
15	294	9	0	13	17	0	7	7	4	55.19	0		11.631646
15	295	9	0	13	17	4	7	7	4	55.19	0		11.631646
15	296	9	0	13	17	8	7	7	4	55.19	0		11.631646
15	287	6	0	11	8	7	13	3	5	19.52	0		5.222228
15	281	3	0	7	19	20	7	3	7	29.09	0		9.898698
15	280	3	0	10	8	12	7	3	7	29.09	0		9.898698
15	279	3	0	12	0	21	7	3	7	29.09	0		9.898698
15	286	5	0	14	14	0	11	3	8	31.30	1		1.151345
15	285	5	0	14	14	8	11	3	8	31.30	1		1.151345
15	278	2	0	0	14	23	12	5	3	39.88	1		5.491507
19	362	1	0	20	17	0	11	6	8	130.18	0		16.862412
19	376	7	0	20	17	8	9	7	7	63.05	0		4.095607
19	375	7	0	20	17	15	9	7	7	63.05	0		4.095607
19	374	7	0	20	17	22	9	7	7	63.05	0		4.095607
19	377	8	0	25	12	0	17	3	7	64.71	0		2.242977
19	368	4	0	25	12	7	12	3	7	56.71	0		6.541043
19	369	4	0	25	12	14	12	3	7	56.71	0		6.541043
19	370	4	0	25	12	21	12	3	7	56.71	0		6.541043
19	381	10	0	20	23	0	13	2	8	24.24	0		4.132605
19	380	10	0	25	15	0	13	2	8	24.24	0		4.132605
19	379	10	0	25	15	8	13	2	8	24.24	0		4.132605
19	378	10	0	25	15	16	13	2	8	24.24	0		4.132605
19	372	6	0	28	0	0	13	3	5	19.52	0		5.222228
19	373	6	0	28	3	0	13	3	5	19.52	0		5.222228
19	367	3	0	17	8	12	7	3	7	29.09	0		9.898698
19	371	5	0	14	14	16	11	3	8	31.30	1		1.151345
19	366	2	0	0	14	26	12	5	3	39.88	1		5.491507
19	365	2	0	28	6	0	12	5	3	39.88	1		5.491507
19	364	2	0	28	6	3	12	5	3	39.88	1		5.491507
19	363	2	0	28	0	5	12	5	3	39.88	1		5.491507


-------------------------------------------------------------------------------------------------------------------
Tour_Id:			6
No_of_Customers:		2
No_of_Items:			43
Customer_Sequence:		5 17 

CustId	Id	TypeId	Rotated	x	y	z	Length	Width	Height	mass	Fragility	LoadBearingStrength
17	322	1	0	0	0	0	11	6	8	130.18	0		16.862412
17	321	1	0	0	6	0	11	6	8	130.18	0		16.862412
17	331	7	0	0	12	0	9	7	7	63.05	0		4.095607
17	332	7	0	0	12	7	9	7	7	63.05	0		4.095607
17	330	7	0	0	0	8	9	7	7	63.05	0		4.095607
17	333	8	0	0	19	0	17	3	7	64.71	0		2.242977
17	334	8	0	0	22	0	17	3	7	64.71	0		2.242977
17	335	8	0	0	19	7	17	3	7	64.71	0		2.242977
17	326	4	0	0	22	7	12	3	7	56.71	0		6.541043
17	325	4	0	0	7	8	12	3	7	56.71	0		6.541043
17	338	10	0	0	10	8	13	2	8	24.24	0		4.132605
17	339	10	1	0	12	14	13	2	8	24.24	0		4.132605
17	340	10	0	0	7	15	13	2	8	24.24	0		4.132605
17	336	9	0	0	0	15	7	7	4	55.19	0		11.631646
17	337	9	0	0	0	19	7	7	4	55.19	0		11.631646
17	327	6	1	2	12	14	13	3	5	19.52	0		5.222228
17	328	6	1	2	9	19	13	3	5	19.52	0		5.222228
17	329	6	1	2	9	24	13	3	5	19.52	0		5.222228
17	324	3	0	0	0	23	7	3	7	29.09	0		9.898698
17	323	2	1	5	12	14	12	5	3	39.88	1		5.491507
5	81	1	0	10	12	0	11	6	8	130.18	0		16.862412
5	82	1	0	10	12	8	11	6	8	130.18	0		16.862412
5	80	1	0	10	12	16	11	6	8	130.18	0		16.862412
5	92	7	0	11	0	0	9	7	7	63.05	0		4.095607
5	93	7	0	11	0	7	9	7	7	63.05	0		4.095607
5	96	8	0	13	7	0	17	3	7	64.71	0		2.242977
5	94	8	0	13	7	7	17	3	7	64.71	0		2.242977
5	95	8	0	13	7	14	17	3	7	64.71	0		2.242977
5	86	4	0	9	0	14	12	3	7	56.71	0		6.541043
5	87	4	0	7	0	21	12	3	7	56.71	0		6.541043
5	88	4	0	9	3	14	12	3	7	56.71	0		6.541043
5	102	10	0	7	3	21	13	2	8	24.24	0		4.132605
5	101	10	0	13	10	0	13	2	8	24.24	0		4.132605
5	100	10	0	13	10	8	13	2	8	24.24	0		4.132605
5	99	10	0	5	10	16	13	2	8	24.24	0		4.132605
5	98	10	0	13	7	21	13	2	8	24.24	0		4.132605
5	97	9	0	10	12	24	7	7	4	55.19	0		11.631646
5	91	6	0	17	18	0	13	3	5	19.52	0		5.222228
5	90	6	0	17	21	0	13	3	5	19.52	0		5.222228
5	85	3	0	0	3	23	7	3	7	29.09	0		9.898698
5	84	3	0	0	6	23	7	3	7	29.09	0		9.898698
5	89	5	1	5	12	17	11	3	8	31.30	1		1.151345
5	83	2	0	17	18	5	12	5	3	39.88	1		5.491507


