Name:				311_n020_m400_bt100
Problem:			3L-VRPTW
Number_of_used_Vehicles:	7
Total_Travel_Distance:		655.59
Calculation_Time:		48.04
Total_Iterations:		8124
ConstraintSet:			P1

-------------------------------------------------------------------------------------------------------------------
Tour_Id:			1
No_of_Customers:		3
No_of_Items:			66
Customer_Sequence:		20 17 16 

CustId	Id	TypeId	Rotated	x	y	z	Length	Width	Height	mass	Fragility	LoadBearingStrength
16	320	100	0	0	0	0	17	7	8	79.60	0		5.967634
16	303	13	0	0	7	0	16	7	4	57.81	0		3.257592
16	301	5	0	0	14	0	13	5	6	58.36	0		9.471176
16	315	79	0	0	7	4	16	7	3	28.28	0		6.201587
16	316	80	0	0	19	0	9	5	7	33.11	0		2.138209
16	314	66	0	0	14	6	17	5	3	25.12	0		2.163321
16	312	44	0	0	7	7	14	2	8	35.95	0		6.920059
16	310	39	0	0	9	7	7	4	8	27.61	0		4.222981
16	313	49	0	0	19	7	12	3	6	28.52	0		3.217379
16	302	9	0	0	0	8	11	3	6	30.14	0		7.924320
16	308	34	0	0	13	9	13	5	3	21.99	0		3.820322
16	304	18	0	0	3	8	9	3	5	11.97	0		2.951643
16	306	31	0	0	13	12	9	3	3	13.83	0		4.069248
16	318	85	0	0	22	7	9	2	3	7.44	0		19.503483
16	317	82	0	12	19	0	14	6	8	100.62	1		1.070622
16	305	26	0	0	7	15	9	5	6	29.03	1		0.858277
16	307	33	0	13	14	0	17	3	5	34.98	1		4.462435
16	319	87	0	0	3	13	9	4	7	29.40	1		1.180381
16	309	36	0	0	19	13	6	4	8	31.07	1		3.212087
16	311	41	0	0	16	12	8	2	7	11.50	1		1.644835
17	343	83	0	16	7	0	16	5	8	89.05	0		4.601318
17	331	40	0	14	7	8	15	5	6	38.50	0		7.120272
17	342	81	0	17	0	0	17	6	4	66.53	0		28.581819
17	337	63	0	14	7	14	13	5	6	53.52	0		3.551905
17	332	43	0	14	7	20	17	3	7	30.64	0		3.799622
17	323	14	0	11	0	8	8	5	8	50.52	0		5.691061
17	335	55	0	19	0	4	13	3	8	25.64	0		1.492444
17	327	21	0	0	12	15	11	4	7	33.61	0		3.548362
17	333	45	0	0	0	14	11	3	8	21.88	0		13.603941
17	338	66	0	26	17	0	17	5	3	25.12	0		2.163321
17	341	77	0	11	0	16	7	6	6	24.09	0		20.539776
17	334	49	0	0	0	22	12	3	6	28.52	0		3.217379
17	329	27	0	17	3	4	16	3	4	26.11	0		3.140942
17	330	32	0	26	17	3	10	6	3	19.12	0		8.908316
17	321	2	0	26	17	6	9	6	3	26.10	0		23.111831
17	322	3	0	0	12	22	6	4	6	14.87	0		5.415645
17	324	17	0	14	10	20	17	2	4	22.85	0		5.080845
17	325	18	0	19	0	12	9	3	5	11.97	0		2.951643
17	326	18	0	19	3	8	9	3	5	11.97	0		2.951643
17	340	76	0	6	19	13	6	3	6	9.64	0		2.787481
17	336	59	0	14	10	24	11	2	4	7.77	0		3.655468
17	339	71	0	32	6	0	14	7	8	68.91	1		3.228868
17	328	26	0	0	7	21	9	5	6	29.03	1		0.858277
20	386	24	0	34	0	0	17	5	8	93.10	0		8.500991
20	398	83	0	32	0	8	16	5	8	89.05	0		4.601318
20	381	13	0	43	13	0	16	7	4	57.81	0		3.257592
20	397	79	0	43	13	4	16	7	3	28.28	0		6.201587
20	384	19	0	26	17	9	12	4	7	38.57	0		15.805229
20	385	19	0	26	17	16	12	4	7	38.57	0		15.805229
20	378	4	0	19	3	13	10	3	8	30.70	0		5.910448
20	400	99	0	18	0	17	11	3	7	29.15	0		3.426246
20	379	8	0	12	0	22	6	6	6	29.77	0		1.737675
20	392	48	0	26	17	23	7	5	6	23.40	0		2.707732
20	389	27	0	29	0	16	16	3	4	26.11	0		3.140942
20	395	65	0	18	0	24	7	4	6	24.58	0		6.704334
20	382	17	0	26	23	0	17	2	4	22.85	0		5.080845
20	383	18	0	29	0	20	9	3	5	11.97	0		2.951643
20	399	98	0	29	0	25	11	3	4	18.34	0		43.113609
20	394	61	0	6	19	19	6	3	7	19.69	0		12.369755
20	380	11	0	19	3	21	9	4	3	14.43	0		4.402871
20	393	59	0	18	4	24	11	2	4	7.77	0		3.655468
20	387	26	0	31	5	8	9	5	6	29.03	1		0.858277
20	388	26	0	31	5	14	9	5	6	29.03	1		0.858277
20	391	36	0	0	19	21	6	4	8	31.07	1		3.212087
20	390	29	0	17	14	5	10	3	5	18.70	1		1.328774
20	396	74	0	14	7	27	14	3	3	14.57	1		3.299696


-------------------------------------------------------------------------------------------------------------------
Tour_Id:			2
No_of_Customers:		2
No_of_Items:			39
Customer_Sequence:		3 19 

CustId	Id	TypeId	Rotated	x	y	z	Length	Width	Height	mass	Fragility	LoadBearingStrength
19	371	69	0	0	0	0	16	4	8	79.68	0		5.738149
19	361	1	0	0	4	0	14	4	8	41.12	0		4.618784
19	375	81	0	0	8	0	17	6	4	66.53	0		28.581819
19	362	5	0	0	14	0	13	5	6	58.36	0		9.471176
19	374	80	0	0	19	0	9	5	7	33.11	0		2.138209
19	364	21	0	0	8	4	11	4	7	33.61	0		3.548362
19	376	84	0	0	0	8	11	7	3	29.19	0		30.250909
19	367	44	0	0	12	4	14	2	8	35.95	0		6.920059
19	366	39	0	0	14	6	7	4	8	27.61	0		4.222981
19	363	8	0	0	18	7	6	6	6	29.77	0		1.737675
19	370	67	0	0	12	12	15	2	7	37.07	0		9.556582
19	377	92	0	0	0	11	6	5	6	16.93	0		9.640807
19	369	56	0	0	5	11	8	6	3	12.50	0		2.878584
19	368	46	0	0	18	13	6	6	3	13.76	0		9.330029
19	373	76	0	0	5	14	6	3	6	9.64	0		2.787481
19	365	35	0	0	12	19	17	2	3	15.59	0		12.850279
19	372	71	0	13	14	0	14	7	8	68.91	1		3.228868
3	63	100	0	16	0	0	17	7	8	79.60	0		5.967634
3	53	69	0	11	0	8	16	4	8	79.68	0		5.738149
3	49	38	0	17	7	0	17	7	4	42.43	0		1.263788
3	42	4	0	0	8	14	10	3	8	30.70	0		5.910448
3	51	57	0	17	7	4	13	6	3	21.12	0		3.291462
3	62	99	0	0	8	22	11	3	7	29.15	0		3.426246
3	43	9	0	11	4	8	11	3	6	30.14	0		7.924320
3	61	96	0	11	4	14	10	4	4	20.45	0		5.090948
3	45	18	0	0	14	14	9	3	5	11.97	0		2.951643
3	46	18	0	0	14	19	9	3	5	11.97	0		2.951643
3	60	95	0	11	0	16	11	4	3	11.26	0		2.662119
3	57	90	0	0	18	16	6	3	7	12.40	0		2.814148
3	58	90	0	0	21	16	6	3	7	12.40	0		2.814148
3	52	59	0	0	12	22	11	2	4	7.77	0		3.655468
3	47	28	0	13	14	8	15	5	8	52.81	1		3.661441
3	59	94	0	13	14	16	16	6	6	47.44	1		2.104022
3	56	89	0	13	14	22	13	6	7	93.95	1		2.108954
3	50	42	0	27	14	0	14	5	7	69.97	1		1.863123
3	44	15	0	17	7	7	11	6	6	32.86	1		0.657698
3	48	33	0	9	21	0	17	3	5	34.98	1		4.462435
3	55	78	0	9	21	5	16	4	3	16.92	1		2.746892
3	54	74	0	6	21	8	14	3	3	14.57	1		3.299696


-------------------------------------------------------------------------------------------------------------------
Tour_Id:			3
No_of_Customers:		2
No_of_Items:			39
Customer_Sequence:		7 14 

CustId	Id	TypeId	Rotated	x	y	z	Length	Width	Height	mass	Fragility	LoadBearingStrength
14	284	97	0	0	0	0	16	6	8	137.84	0		6.428096
14	280	86	0	0	6	0	16	4	8	91.76	0		13.387035
14	265	10	0	0	10	0	13	6	5	40.20	0		19.633171
14	264	4	0	0	16	0	10	3	8	30.70	0		5.910448
14	279	84	0	0	0	8	11	7	3	29.19	0		30.250909
14	285	99	0	0	19	0	11	3	7	29.15	0		3.426246
14	270	27	0	0	22	0	16	3	4	26.11	0		3.140942
14	273	54	0	0	10	5	12	3	5	19.09	0		3.566629
14	274	54	0	0	22	4	12	3	5	19.09	0		3.566629
14	275	54	0	0	13	5	12	3	5	19.09	0		3.566629
14	283	93	0	0	19	7	12	3	4	13.32	0		4.558814
14	269	22	0	0	7	8	8	3	6	24.32	0		3.715185
14	276	61	0	0	16	8	6	3	7	19.69	0		12.369755
14	277	61	0	0	22	9	6	3	7	19.69	0		12.369755
14	282	90	0	0	10	10	6	3	7	12.40	0		2.814148
14	278	62	0	0	0	11	7	4	4	15.78	0		5.331804
14	266	11	0	0	0	15	9	4	3	14.43	0		4.402871
14	268	20	0	0	13	10	6	3	6	14.61	0		7.530951
14	267	12	0	10	16	0	17	3	8	45.45	1		4.046891
14	271	33	0	6	16	8	17	3	5	34.98	1		4.462435
14	281	87	0	0	0	18	9	4	7	29.40	1		1.180381
14	272	41	0	0	4	11	8	2	7	11.50	1		1.644835
7	143	81	0	13	10	0	17	6	4	66.53	0		28.581819
7	142	81	0	13	10	4	17	6	4	66.53	0		28.581819
7	135	58	1	11	0	8	9	6	7	35.56	0		6.051148
7	144	88	0	12	9	8	13	6	4	30.50	0		8.277790
7	141	77	0	11	0	15	7	6	6	24.09	0		20.539776
7	129	4	0	0	19	11	10	3	8	30.70	0		5.910448
7	131	27	0	12	19	0	16	3	4	26.11	0		3.140942
7	132	27	0	12	19	4	16	3	4	26.11	0		3.140942
7	133	27	0	12	19	8	16	3	4	26.11	0		3.140942
7	137	73	0	0	7	14	9	3	7	33.91	0		6.039609
7	138	73	0	0	19	19	9	3	7	33.91	0		6.039609
7	139	73	0	0	7	21	9	3	7	33.91	0		6.039609
7	136	62	0	0	19	26	7	4	4	15.78	0		5.331804
7	130	11	0	9	0	21	9	4	3	14.43	0		4.402871
7	134	46	0	6	10	10	6	6	3	13.76	0		9.330029
7	140	76	0	0	16	15	6	3	6	9.64	0		2.787481
7	145	89	0	12	9	12	13	6	7	93.95	1		2.108954


-------------------------------------------------------------------------------------------------------------------
Tour_Id:			4
No_of_Customers:		3
No_of_Items:			63
Customer_Sequence:		1 5 9 

CustId	Id	TypeId	Rotated	x	y	z	Length	Width	Height	mass	Fragility	LoadBearingStrength
9	182	68	0	0	0	0	16	7	5	76.36	0		13.603608
9	183	69	0	0	7	0	16	4	8	79.68	0		5.738149
9	175	38	0	0	11	0	17	7	4	42.43	0		1.263788
9	179	66	0	0	18	0	17	5	3	25.12	0		2.163321
9	180	66	0	0	18	3	17	5	3	25.12	0		2.163321
9	185	72	0	0	11	4	10	3	8	33.40	0		4.901118
9	176	39	0	0	14	4	7	4	8	27.61	0		4.222981
9	181	67	0	0	23	0	15	2	7	37.07	0		9.556582
9	177	48	0	0	0	5	7	5	6	23.40	0		2.707732
9	186	73	0	0	18	6	9	3	7	33.91	0		6.039609
9	173	32	0	0	11	12	10	6	3	19.12	0		8.908316
9	169	2	0	0	11	15	9	6	3	26.10	0		23.111831
9	189	96	0	0	7	8	10	4	4	20.45	0		5.090948
9	170	18	0	0	0	11	9	3	5	11.97	0		2.951643
9	188	95	0	0	7	12	11	4	3	11.26	0		2.662119
9	187	90	0	0	18	13	6	3	7	12.40	0		2.814148
9	178	62	0	0	7	15	7	4	4	15.78	0		5.331804
9	172	31	0	0	0	16	9	3	3	13.83	0		4.069248
9	171	31	0	0	11	18	9	3	3	13.83	0		4.069248
9	184	71	0	16	0	0	14	7	8	68.91	1		3.228868
9	174	36	0	0	14	18	6	4	8	31.07	1		3.212087
5	104	100	0	17	7	0	17	7	8	79.60	0		5.967634
5	102	91	0	11	7	8	15	7	7	74.69	0		5.706666
5	101	86	0	7	7	15	16	4	8	91.76	0		13.387035
5	92	40	0	7	7	23	15	5	6	38.50	0		7.120272
5	95	51	0	17	14	0	17	6	4	57.60	0		9.649681
5	86	10	0	17	14	4	13	6	5	40.20	0		19.633171
5	93	43	0	9	11	15	17	3	7	30.64	0		3.799622
5	99	79	0	30	0	0	16	7	3	28.28	0		6.201587
5	100	80	0	17	20	0	9	5	7	33.11	0		2.138209
5	96	55	0	17	14	9	13	3	8	25.64	0		1.492444
5	98	77	0	9	17	6	7	6	6	24.09	0		20.539776
5	94	47	0	16	17	9	15	3	5	18.66	0		13.461300
5	91	39	0	0	0	19	7	4	8	27.61	0		4.222981
5	97	73	0	16	20	7	9	3	7	33.91	0		6.039609
5	85	2	0	16	17	14	9	6	3	26.10	0		23.111831
5	103	98	0	16	17	17	11	3	4	18.34	0		43.113609
5	89	28	0	16	0	8	15	5	8	52.81	1		3.661441
5	87	15	0	16	0	16	11	6	6	32.86	1		0.657698
5	90	33	0	17	14	17	17	3	5	34.98	1		4.462435
5	88	23	0	16	20	17	10	3	5	14.21	1		0.937348
1	21	97	0	31	0	3	16	6	8	137.84	0		6.428096
1	7	43	0	26	20	0	17	3	7	30.64	0		3.799622
1	8	43	0	26	20	7	17	3	7	30.64	0		3.799622
1	6	37	0	26	7	8	10	6	4	33.12	0		8.868440
1	18	84	0	26	6	12	11	7	3	29.19	0		30.250909
1	9	44	0	0	23	7	14	2	8	35.95	0		6.920059
1	10	48	0	23	6	15	7	5	6	23.40	0		2.707732
1	5	34	0	31	0	11	13	5	3	21.99	0		3.820322
1	14	65	0	23	6	21	7	4	6	24.58	0		6.704334
1	3	22	0	16	17	21	8	3	6	24.32	0		3.715185
1	22	98	0	26	20	14	11	3	4	18.34	0		43.113609
1	19	90	0	26	20	18	6	3	7	12.40	0		2.814148
1	13	62	0	30	5	15	7	4	4	15.78	0		5.331804
1	2	20	0	30	9	15	6	3	6	14.61	0		7.530951
1	16	76	0	30	5	19	6	3	6	9.64	0		2.787481
1	12	59	0	0	23	15	11	2	4	7.77	0		3.655468
1	11	59	0	0	23	19	11	2	4	7.77	0		3.655468
1	15	71	1	47	0	0	14	7	8	68.91	1		3.228868
1	17	82	0	16	0	22	14	6	8	100.62	1		1.070622
1	20	94	0	34	14	0	16	6	6	47.44	1		2.104022
1	1	12	0	17	14	22	17	3	8	45.45	1		4.046891
1	4	30	0	34	7	0	9	6	4	19.59	1		0.738427


-------------------------------------------------------------------------------------------------------------------
Tour_Id:			5
No_of_Customers:		3
No_of_Items:			52
Customer_Sequence:		18 15 11 

CustId	Id	TypeId	Rotated	x	y	z	Length	Width	Height	mass	Fragility	LoadBearingStrength
11	226	100	0	0	0	0	17	7	8	79.60	0		5.967634
11	225	100	0	0	7	0	17	7	8	79.60	0		5.967634
11	213	69	0	0	14	0	16	4	8	79.68	0		5.738149
11	217	75	0	0	18	0	17	5	5	67.78	0		8.150734
11	218	75	0	0	18	5	17	5	5	67.78	0		8.150734
11	216	75	0	0	0	8	17	5	5	67.78	0		8.150734
11	212	58	0	0	5	8	9	6	7	35.56	0		6.051148
11	219	79	0	0	11	8	16	7	3	28.28	0		6.201587
11	220	79	0	0	11	11	16	7	3	28.28	0		6.201587
11	211	55	0	0	18	10	13	3	8	25.64	0		1.492444
11	210	34	0	0	0	13	13	5	3	21.99	0		3.820322
11	224	93	0	0	11	14	12	3	4	13.32	0		4.558814
11	214	71	0	17	0	0	14	7	8	68.91	1		3.228868
11	222	89	0	0	0	16	13	6	7	93.95	1		2.108954
11	223	89	0	0	0	23	13	6	7	93.95	1		2.108954
11	207	15	0	9	5	8	11	6	6	32.86	1		0.657698
11	209	26	0	0	6	15	9	5	6	29.03	1		0.858277
11	221	87	0	0	14	14	9	4	7	29.40	1		1.180381
11	208	23	0	0	11	18	10	3	5	14.21	1		0.937348
11	215	74	0	0	18	18	14	3	3	14.57	1		3.299696
15	290	24	0	17	11	0	17	5	8	93.10	0		8.500991
15	293	63	0	16	11	8	13	5	6	53.52	0		3.551905
15	298	88	0	12	11	14	13	6	4	30.50	0		8.277790
15	297	77	0	10	11	18	7	6	6	24.09	0		20.539776
15	291	25	0	17	16	0	14	4	4	18.10	0		2.727102
15	286	8	0	10	11	24	6	6	6	29.77	0		1.737675
15	287	9	0	17	20	0	11	3	6	30.14	0		7.924320
15	292	50	0	17	16	4	9	3	7	26.35	0		8.139011
15	288	17	0	0	23	0	17	2	4	22.85	0		5.080845
15	289	18	0	17	20	6	9	3	5	11.97	0		2.951643
15	299	95	0	28	20	0	11	4	3	11.26	0		2.662119
15	300	98	0	17	20	11	11	3	4	18.34	0		43.113609
15	296	76	1	14	18	10	6	3	6	9.64	0		2.787481
15	294	64	0	0	17	21	14	4	6	44.66	1		1.407702
15	295	64	0	9	6	14	14	4	6	44.66	1		1.407702
18	344	1	0	28	20	3	14	4	8	41.12	0		4.618784
18	357	58	0	17	11	18	9	6	7	35.56	0		6.051148
18	355	43	0	23	7	0	17	3	7	30.64	0		3.799622
18	348	19	0	23	7	7	12	4	7	38.57	0		15.805229
18	349	19	0	23	6	14	12	4	7	38.57	0		15.805229
18	359	80	0	23	6	21	9	5	7	33.11	0		2.138209
18	356	45	0	17	20	15	11	3	8	21.88	0		13.603941
18	353	34	0	28	20	11	13	5	3	21.99	0		3.820322
18	351	27	0	28	20	14	16	3	4	26.11	0		3.140942
18	352	32	0	16	11	25	10	6	3	19.12	0		8.908316
18	345	2	0	31	0	0	9	6	3	26.10	0		23.111831
18	350	22	1	14	17	16	8	3	6	24.32	0		3.715185
18	360	90	1	14	17	22	6	3	7	12.40	0		2.814148
18	358	62	0	17	20	23	7	4	4	15.78	0		5.331804
18	354	35	0	28	23	14	17	2	3	15.59	0		12.850279
18	347	12	0	17	0	8	17	3	8	45.45	1		4.046891
18	346	12	0	13	0	16	17	3	8	45.45	1		4.046891


-------------------------------------------------------------------------------------------------------------------
Tour_Id:			6
No_of_Customers:		5
No_of_Items:			101
Customer_Sequence:		10 4 12 2 6 

CustId	Id	TypeId	Rotated	x	y	z	Length	Width	Height	mass	Fragility	LoadBearingStrength
6	120	53	0	0	0	0	15	7	8	132.57	0		7.691973
6	128	97	0	0	7	0	16	6	8	137.84	0		6.428096
6	127	81	0	0	13	0	17	6	4	66.53	0		28.581819
6	116	43	0	0	19	0	17	3	7	30.64	0		3.799622
6	109	19	0	0	13	4	12	4	7	38.57	0		15.805229
6	117	45	0	0	22	0	11	3	8	21.88	0		13.603941
6	124	66	0	0	0	8	17	5	3	25.12	0		2.163321
6	123	66	0	0	5	8	17	5	3	25.12	0		2.163321
6	105	4	0	0	19	7	10	3	8	30.70	0		5.910448
6	118	47	0	0	10	8	15	3	5	18.66	0		13.461300
6	119	47	0	0	0	11	15	3	5	18.66	0		13.461300
6	125	70	0	0	3	11	14	5	3	31.62	0		10.642739
6	106	9	0	0	22	8	11	3	6	30.14	0		7.924320
6	111	27	0	0	13	11	16	3	4	26.11	0		3.140942
6	112	32	0	0	3	14	10	6	3	19.12	0		8.908316
6	107	17	0	0	17	4	17	2	4	22.85	0		5.080845
6	108	18	0	0	10	13	9	3	5	11.97	0		2.951643
6	113	35	0	0	17	8	17	2	3	15.59	0		12.850279
6	121	59	0	0	16	11	11	2	4	7.77	0		3.655468
2	24	19	0	0	13	15	12	4	7	38.57	0		15.805229
6	126	71	0	17	0	0	14	7	8	68.91	1		3.228868
6	110	26	0	0	17	15	9	5	6	29.03	1		0.858277
6	115	41	0	0	22	14	8	2	7	11.50	1		1.644835
6	114	41	0	0	0	16	8	2	7	11.50	1		1.644835
2	41	97	0	17	7	0	16	6	8	137.84	0		6.428096
2	28	24	0	17	13	0	17	5	8	93.10	0		8.500991
2	36	68	0	17	18	0	16	7	5	76.36	0		13.603608
2	35	63	0	0	3	17	13	5	6	53.52	0		3.551905
6	122	59	0	0	10	18	11	2	4	7.77	0		3.655468
2	39	80	0	0	10	22	9	5	7	33.11	0		2.138209
2	34	57	0	0	2	23	13	6	3	21.12	0		3.291462
2	31	47	0	15	10	8	15	3	5	18.66	0		13.461300
2	32	50	0	8	0	16	9	3	7	26.35	0		8.139011
2	33	56	0	0	2	26	8	6	3	12.50	0		2.878584
2	26	22	0	10	19	7	8	3	6	24.32	0		3.715185
2	25	22	0	10	19	13	8	3	6	24.32	0		3.715185
2	40	95	0	16	13	8	11	4	3	11.26	0		2.662119
12	239	51	0	18	18	5	17	6	4	57.60	0		9.649681
2	30	42	0	17	0	8	14	5	7	69.97	1		1.863123
2	29	33	0	11	10	13	17	3	5	34.98	1		4.462435
12	241	59	0	0	15	22	11	2	4	7.77	0		3.655468
2	38	78	0	17	5	8	16	4	3	16.92	1		2.746892
2	27	23	0	0	17	21	10	3	5	14.21	1		0.937348
12	242	68	0	18	17	9	16	7	5	76.36	0		13.603608
12	244	75	0	18	17	14	17	5	5	67.78	0		8.150734
4	78	74	0	0	15	26	14	3	3	14.57	1		3.299696
12	228	5	0	10	17	19	13	5	6	58.36	0		9.471176
12	233	14	0	31	0	0	8	5	8	50.52	0		5.691061
12	227	4	0	16	13	11	10	3	8	30.70	0		5.910448
12	246	84	0	33	18	0	11	7	3	29.19	0		30.250909
12	245	84	0	33	5	0	11	7	3	29.19	0		30.250909
4	73	66	0	39	0	0	17	5	3	25.12	0		2.163321
12	231	9	0	16	13	19	11	3	6	30.14	0		7.924320
12	230	9	0	23	17	19	11	3	6	30.14	0		7.924320
12	243	73	0	27	13	8	9	3	7	33.91	0		6.039609
12	229	6	0	26	13	15	12	3	4	11.95	0		1.530195
12	240	59	0	8	0	23	11	2	4	7.77	0		3.655468
2	37	78	0	14	5	11	16	4	3	16.92	1		2.746892
12	234	28	0	13	5	14	15	5	8	52.81	1		3.661441
12	237	42	0	13	5	22	14	5	7	69.97	1		1.863123
12	232	12	0	11	10	18	17	3	8	45.45	1		4.046891
12	235	30	0	33	5	3	9	6	4	19.59	1		0.738427
12	236	36	0	0	20	21	6	4	8	31.07	1		3.212087
4	77	74	0	9	10	26	14	3	3	14.57	1		3.299696
4	68	38	1	44	5	0	17	7	4	42.43	0		1.263788
4	69	40	0	39	0	3	15	5	6	38.50	0		7.120272
12	238	47	0	44	22	0	15	3	5	18.66	0		13.461300
4	76	72	0	27	13	19	10	3	8	33.40	0		4.901118
4	70	48	0	31	0	8	7	5	6	23.40	0		2.707732
4	83	99	0	38	0	9	11	3	7	29.15	0		3.426246
4	65	3	0	31	0	14	6	4	6	14.87	0		5.415645
2	23	11	0	34	12	0	9	4	3	14.43	0		4.402871
4	71	50	0	35	18	3	9	3	7	26.35	0		8.139011
4	72	50	0	35	18	10	9	3	7	26.35	0		8.139011
4	82	96	0	16	13	25	10	4	4	20.45	0		5.090948
4	75	70	0	14	17	25	14	5	3	31.62	0		10.642739
4	64	3	0	31	0	20	6	4	6	14.87	0		5.415645
4	80	78	1	44	5	4	16	4	3	16.92	1		2.746892
4	66	28	0	33	5	7	15	5	8	52.81	1		3.661441
4	81	94	0	33	5	15	16	6	6	47.44	1		2.104022
4	74	69	1	48	5	4	16	4	8	79.68	0		5.738149
4	67	28	0	33	5	21	15	5	8	52.81	1		3.661441
4	84	99	0	35	18	17	11	3	7	29.15	0		3.426246
4	79	74	0	34	18	24	14	3	3	14.57	1		3.299696
10	206	100	1	52	5	0	17	7	8	79.60	0		5.967634
10	198	40	1	52	5	8	15	5	6	38.50	0		7.120272
10	199	44	0	18	22	14	14	2	8	35.95	0		6.920059
10	197	39	0	38	0	16	7	4	8	27.61	0		4.222981
10	202	67	0	18	22	22	15	2	7	37.07	0		9.556582
10	194	27	0	44	22	5	16	3	4	26.11	0		3.140942
10	203	73	0	44	22	9	9	3	7	33.91	0		6.039609
10	195	32	1	52	5	14	10	6	3	19.12	0		8.908316
10	190	6	0	44	22	16	12	3	4	11.95	0		1.530195
10	191	6	0	44	22	20	12	3	4	11.95	0		1.530195
10	200	56	0	52	5	17	8	6	3	12.50	0		2.878584
10	192	22	0	37	0	24	8	3	6	24.32	0		3.715185
10	193	22	0	44	22	24	8	3	6	24.32	0		3.715185
10	201	62	1	48	11	12	7	4	4	15.78	0		5.331804
10	205	76	1	48	11	16	6	3	6	9.64	0		2.787481
10	196	35	0	38	3	9	17	2	3	15.59	0		12.850279
10	204	74	0	34	18	27	14	3	3	14.57	1		3.299696


-------------------------------------------------------------------------------------------------------------------
Tour_Id:			7
No_of_Customers:		2
No_of_Items:			40
Customer_Sequence:		8 13 

CustId	Id	TypeId	Rotated	x	y	z	Length	Width	Height	mass	Fragility	LoadBearingStrength
13	248	13	0	0	0	0	16	7	4	57.81	0		3.257592
13	247	5	0	0	7	0	13	5	6	58.36	0		9.471176
13	249	14	0	0	12	0	8	5	8	50.52	0		5.691061
13	260	80	0	0	17	0	9	5	7	33.11	0		2.138209
13	255	49	0	0	22	0	12	3	6	28.52	0		3.217379
13	256	50	0	0	0	4	9	3	7	26.35	0		8.139011
13	258	73	0	0	3	4	9	3	7	33.91	0		6.039609
13	252	22	0	0	7	6	8	3	6	24.32	0		3.715185
13	250	17	0	0	10	6	17	2	4	22.85	0		5.080845
13	251	20	0	0	22	6	6	3	6	14.61	0		7.530951
13	254	35	0	0	10	10	17	2	3	15.59	0		12.850279
13	261	82	0	16	0	0	14	6	8	100.62	1		1.070622
13	262	82	0	16	0	8	14	6	8	100.62	1		1.070622
13	263	94	0	16	0	16	16	6	6	47.44	1		2.104022
13	259	78	0	8	12	0	16	4	3	16.92	1		2.746892
13	253	29	0	0	17	7	10	3	5	18.70	1		1.328774
13	257	60	0	0	17	12	13	2	3	9.83	1		1.343892
8	164	83	0	13	16	0	16	5	8	89.05	0		4.601318
8	165	86	0	12	21	0	16	4	8	91.76	0		13.387035
8	147	7	0	13	16	8	12	7	6	40.73	0		2.883543
8	157	40	0	13	16	14	15	5	6	38.50	0		7.120272
8	158	43	0	13	7	0	17	3	7	30.64	0		3.799622
8	159	45	0	13	7	7	11	3	8	21.88	0		13.603941
8	151	25	0	13	16	20	14	4	4	18.10	0		2.727102
8	156	39	0	0	12	8	7	4	8	27.61	0		4.222981
8	160	48	0	0	12	16	7	5	6	23.40	0		2.707732
8	146	6	0	13	7	15	12	3	4	11.95	0		1.530195
8	166	93	0	13	7	19	12	3	4	13.32	0		4.558814
8	168	98	0	13	7	23	11	3	4	18.34	0		43.113609
8	161	62	0	0	12	22	7	4	4	15.78	0		5.331804
8	148	11	0	0	12	26	9	4	3	14.43	0		4.402871
8	162	76	0	0	7	12	6	3	6	9.64	0		2.787481
8	155	35	0	0	10	13	17	2	3	15.59	0		12.850279
8	154	31	0	13	16	24	9	3	3	13.83	0		4.069248
8	152	28	0	16	0	22	15	5	8	52.81	1		3.661441
8	167	94	0	24	10	0	16	6	6	47.44	1		2.104022
8	149	12	0	24	10	6	17	3	8	45.45	1		4.046891
8	150	15	0	29	16	0	11	6	6	32.86	1		0.657698
8	153	30	0	29	13	6	9	6	4	19.59	1		0.738427
8	163	78	0	8	12	3	16	4	3	16.92	1		2.746892


