Name:				312_n020_m400_bt100
Problem:			3L-VRPTW
Number_of_used_Vehicles:	5
Total_Travel_Distance:		502.29
Calculation_Time:		3600.00
Total_Iterations:		8865
ConstraintSet:			P1

-------------------------------------------------------------------------------------------------------------------
Tour_Id:			1
No_of_Customers:		6
No_of_Items:			116
Customer_Sequence:		3 1 6 14 7 11 

CustId	Id	TypeId	Rotated	x	y	z	Length	Width	Height	mass	Fragility	LoadBearingStrength
11	201	5	0	0	0	0	15	5	6	30.97	0		2.426299
11	211	72	0	0	5	0	12	6	5	24.88	0		2.644089
11	203	12	0	0	11	0	13	6	4	19.88	0		2.903135
11	217	96	0	0	17	0	11	5	5	16.81	0		2.928208
7	138	75	0	0	22	0	9	3	8	32.75	1		4.086559
11	206	33	0	0	11	4	12	3	7	15.34	0		7.654787
11	210	47	0	0	5	5	11	6	3	19.95	0		3.551567
11	212	79	0	0	17	5	9	4	5	21.61	0		5.341970
11	213	81	0	0	5	8	6	6	5	27.19	0		7.343345
11	216	93	0	0	0	6	14	4	3	26.13	0		26.916353
11	204	13	0	0	0	9	9	4	4	19.39	0		3.942638
11	209	40	0	0	14	4	8	3	6	11.38	0		14.098775
11	202	6	0	0	14	10	6	6	4	14.55	0		4.577631
7	128	3	0	11	17	0	14	4	6	51.89	0		6.924844
11	214	87	0	0	11	11	9	3	5	10.27	0		3.622664
11	200	4	0	12	5	0	14	5	6	28.40	1		0.832216
11	207	37	0	11	4	6	14	4	6	31.30	1		1.729669
11	205	23	0	13	11	0	13	6	4	29.61	1		5.060548
11	218	97	0	8	14	4	14	3	3	9.25	1		0.886250
7	136	53	0	11	21	0	17	4	6	51.39	0		4.536723
7	127	1	1	0	0	13	11	5	7	30.28	0		1.391421
14	265	47	1	0	0	20	11	6	3	19.95	0		3.551567
14	266	49	0	9	17	6	13	6	8	62.56	0		2.360677
11	215	89	0	0	14	14	7	5	4	20.36	0		4.341855
7	140	91	0	15	0	0	10	4	6	25.92	0		4.735522
7	139	81	0	0	14	18	6	6	5	27.19	0		7.343345
7	137	65	0	0	11	16	9	2	7	13.02	0		3.189090
7	131	30	0	0	11	23	7	6	3	16.76	0		6.209673
7	129	4	0	11	4	12	14	5	6	28.40	1		0.832216
7	134	45	0	8	14	7	12	3	8	32.62	1		1.032132
14	256	9	0	9	0	9	6	3	8	20.79	0		12.279501
7	130	16	0	7	14	15	15	3	6	18.46	1		1.162294
11	208	39	0	26	5	0	14	4	5	42.83	0		2.585409
7	132	32	0	25	0	0	15	3	6	18.77	0		8.451694
14	253	1	1	0	0	23	11	5	7	30.28	0		1.391421
14	268	52	0	7	17	14	9	6	7	33.82	0		3.753359
14	254	8	0	15	0	6	15	3	8	22.08	0		1.695021
14	270	72	0	6	17	21	12	6	5	24.88	0		2.644089
14	257	15	0	15	0	14	11	4	8	49.20	0		4.592831
14	273	88	0	26	9	0	16	7	3	33.85	0		4.997477
14	267	51	0	6	17	26	13	6	4	48.64	0		5.735271
14	269	71	0	16	17	14	7	6	7	42.75	0		11.690589
14	262	39	0	15	0	22	14	4	5	42.83	0		2.585409
14	274	96	0	26	16	0	11	5	5	16.81	0		2.928208
14	261	38	0	26	9	3	13	7	3	19.90	0		2.038327
14	272	83	0	26	16	5	10	5	5	16.26	0		1.669865
14	260	29	0	26	5	5	15	4	4	28.03	0		4.029999
7	135	45	0	7	14	21	12	3	8	32.62	1		1.032132
14	271	79	0	26	9	6	9	4	5	21.61	0		5.341970
6	105	4	0	9	4	18	14	5	6	28.40	1		0.832216
6	106	14	0	26	5	9	13	4	5	29.29	0		5.043891
7	133	34	0	28	21	0	16	4	4	35.24	0		19.406910
6	112	56	0	26	16	10	7	5	7	27.94	0		3.795643
14	263	41	0	9	23	6	10	2	4	4.97	0		10.581246
6	125	91	0	26	9	11	10	4	6	25.92	0		4.735522
6	122	87	0	26	13	6	9	3	5	10.27	0		3.622664
14	264	45	0	12	11	4	12	3	8	32.62	1		1.032132
6	117	72	0	41	0	0	12	6	5	24.88	0		2.644089
6	126	95	0	9	23	10	13	2	8	23.57	0		3.378050
6	120	80	0	41	0	5	12	6	8	51.51	0		2.305198
6	121	82	0	9	23	18	12	2	7	19.61	0		4.225892
14	258	21	0	25	3	0	7	2	6	12.40	0		4.555577
6	118	73	0	9	4	24	6	6	6	30.54	1		1.709950
6	115	71	0	26	16	17	7	6	7	42.75	0		11.690589
6	108	39	0	26	5	14	14	4	5	42.83	0		2.585409
6	110	47	0	41	0	13	11	6	3	19.95	0		3.551567
6	114	68	0	26	13	11	11	2	8	16.12	0		10.488331
6	116	72	0	40	0	16	12	6	5	24.88	0		2.644089
6	109	40	0	26	9	17	8	3	6	11.38	0		14.098775
14	259	26	0	0	22	8	9	2	4	10.97	1		1.549699
1	17	87	0	26	9	23	9	3	5	10.27	0		3.622664
6	124	90	0	15	0	27	15	4	3	11.80	1		0.658870
6	107	30	0	26	16	24	7	6	3	16.76	0		6.209673
14	275	100	0	25	3	6	9	2	8	10.17	0		12.543266
1	14	74	0	37	16	0	13	5	6	60.75	0		15.394250
1	7	64	0	23	22	6	6	3	8	9.13	0		4.164650
3	45	33	0	29	22	4	12	3	7	15.34	0		7.654787
6	111	55	0	40	0	21	11	6	6	54.11	1		2.350845
1	11	72	0	36	15	6	12	6	5	24.88	0		2.644089
1	2	7	0	33	15	11	16	6	5	39.98	0		3.837654
1	6	57	0	33	15	16	11	6	5	29.40	0		2.071806
3	59	95	0	26	13	19	13	2	8	23.57	0		3.378050
1	5	52	0	33	15	21	9	6	7	33.82	0		3.753359
1	12	72	0	42	9	0	12	6	5	24.88	0		2.644089
1	15	80	0	39	9	5	12	6	8	51.51	0		2.305198
3	46	34	0	37	9	13	16	4	4	35.24	0		19.406910
1	1	5	1	54	0	0	15	5	6	30.97	0		2.426299
1	4	33	0	41	6	0	12	3	7	15.34	0		7.654787
1	10	70	0	50	15	0	10	4	6	26.75	0		5.653697
1	9	69	0	44	15	16	6	5	8	29.91	0		6.272207
1	18	100	0	41	6	7	9	2	8	10.17	0		12.543266
14	255	9	0	9	0	17	6	3	8	20.79	0		12.279501
1	16	85	0	0	11	26	8	3	4	14.27	0		8.178770
1	8	65	0	40	6	15	9	2	7	13.02	0		3.189090
3	51	51	1	53	0	6	13	6	4	48.64	0		5.735271
1	13	73	0	44	15	24	6	6	6	30.54	1		1.709950
6	123	87	0	26	5	19	9	3	5	10.27	0		3.622664
3	42	17	0	35	9	17	11	4	8	23.74	0		10.550141
3	50	48	0	46	8	17	7	5	6	25.72	1		5.019334
3	56	80	1	53	0	10	12	6	8	51.51	0		2.305198
3	44	32	0	29	22	11	15	3	6	18.77	0		8.451694
1	3	20	0	51	13	6	8	6	7	28.99	0		5.204159
6	119	75	0	12	11	12	9	3	8	32.75	1		4.086559
3	57	83	0	50	19	0	10	5	5	16.26	0		1.669865
3	54	77	0	50	19	5	8	6	5	19.52	0		5.236847
6	113	61	0	26	16	27	7	6	3	11.84	0		9.286772
3	49	47	1	53	0	18	11	6	3	19.95	0		3.551567
3	48	44	0	35	9	25	9	4	5	28.53	0		5.903965
3	41	6	0	50	19	10	6	6	4	14.55	0		4.577631
3	40	2	0	23	22	14	6	3	8	14.63	0		22.436935
3	58	87	0	29	22	17	9	3	5	10.27	0		3.622664
3	43	30	0	50	19	14	7	6	3	16.76	0		6.209673
3	55	78	0	40	0	27	11	7	3	31.07	1		1.428145
3	53	73	0	46	8	23	6	6	6	30.54	1		1.709950
3	52	57	1	53	0	21	11	6	5	29.40	0		2.071806
3	47	42	0	38	21	17	6	4	3	4.83	1		0.762327


-------------------------------------------------------------------------------------------------------------------
Tour_Id:			2
No_of_Customers:		2
No_of_Items:			41
Customer_Sequence:		9 15 

CustId	Id	TypeId	Rotated	x	y	z	Length	Width	Height	mass	Fragility	LoadBearingStrength
15	283	28	0	0	0	0	16	6	8	66.06	0		5.211768
15	276	7	0	0	6	0	16	6	5	39.98	0		3.837654
15	282	25	0	0	12	0	11	6	6	48.67	0		8.479645
15	287	52	0	0	18	0	9	6	7	33.82	0		3.753359
15	277	8	0	0	6	5	15	3	8	22.08	0		1.695021
15	292	72	0	0	12	6	12	6	5	24.88	0		2.644089
15	281	20	0	0	18	7	8	6	7	28.99	0		5.204159
15	278	11	0	0	0	8	17	6	3	25.92	0		7.013316
15	291	71	0	0	0	11	7	6	7	42.75	0		11.690589
15	285	39	0	0	12	11	14	4	5	42.83	0		2.585409
15	279	14	0	0	6	13	13	4	5	29.29	0		5.043891
15	284	34	0	0	12	16	16	4	4	35.24	0		19.406910
15	288	59	0	9	18	0	14	6	3	27.82	0		14.330615
15	286	47	1	0	0	18	11	6	3	19.95	0		3.551567
15	280	18	0	0	18	14	6	4	7	16.76	0		17.915191
15	294	100	0	0	9	5	9	2	8	10.17	0		12.543266
15	290	67	0	0	12	20	6	5	4	17.87	0		17.983719
15	293	90	0	9	18	3	15	4	3	11.80	1		0.658870
15	289	60	1	0	0	21	9	3	6	9.95	1		1.324985
9	167	28	0	16	6	0	16	6	8	66.06	0		5.211768
9	173	49	0	7	0	11	13	6	8	62.56	0		2.360677
9	163	19	0	6	0	19	10	6	8	61.87	0		11.671738
9	174	53	0	15	6	8	17	4	6	51.39	0		4.536723
9	177	74	0	15	6	14	13	5	6	60.75	0		15.394250
9	181	99	0	15	6	20	15	5	5	38.87	0		4.433637
9	161	12	0	15	6	25	13	6	4	19.88	0		2.903135
9	176	71	0	16	12	0	7	6	7	42.75	0		11.690589
9	171	39	0	17	0	0	14	4	5	42.83	0		2.585409
9	180	96	0	17	0	5	11	5	5	16.81	0		2.928208
9	168	29	0	23	12	0	15	4	4	28.03	0		4.029999
9	169	29	0	23	12	4	15	4	4	28.03	0		4.029999
9	179	91	0	6	12	20	10	4	6	25.92	0		4.735522
9	172	44	0	23	12	8	9	4	5	28.53	0		5.903965
9	178	81	0	0	12	24	6	6	5	27.19	0		7.343345
9	175	68	1	3	0	21	11	2	8	16.12	0		10.488331
9	162	13	0	6	12	26	9	4	4	19.39	0		3.942638
9	182	100	0	0	22	14	9	2	8	10.17	0		12.543266
9	170	37	0	9	18	6	14	4	6	31.30	1		1.729669
9	165	23	0	31	0	0	13	6	4	29.61	1		5.060548
9	164	23	0	31	0	4	13	6	4	29.61	1		5.060548
9	166	24	0	9	18	12	11	4	4	22.19	1		1.261742


-------------------------------------------------------------------------------------------------------------------
Tour_Id:			3
No_of_Customers:		2
No_of_Items:			38
Customer_Sequence:		4 18 

CustId	Id	TypeId	Rotated	x	y	z	Length	Width	Height	mass	Fragility	LoadBearingStrength
18	338	28	0	0	0	0	16	6	8	66.06	0		5.211768
18	349	74	0	0	6	0	13	5	6	60.75	0		15.394250
18	337	15	0	0	11	0	11	4	8	49.20	0		4.592831
18	344	38	0	0	15	0	13	7	3	19.90	0		2.038327
18	339	32	0	0	22	0	15	3	6	18.77	0		8.451694
18	341	34	0	0	15	3	16	4	4	35.24	0		19.406910
18	340	33	0	0	19	3	12	3	7	15.34	0		7.654787
18	354	95	0	0	6	6	13	2	8	23.57	0		3.378050
18	350	79	0	0	15	7	9	4	5	21.61	0		5.341970
18	353	93	0	0	0	8	14	4	3	26.13	0		26.916353
18	351	82	0	0	8	6	12	2	7	19.61	0		4.225892
18	348	67	0	0	0	11	6	5	4	17.87	0		17.983719
18	352	85	0	0	22	6	8	3	4	14.27	0		8.178770
18	342	35	0	13	6	0	14	7	6	43.88	1		0.828496
18	336	4	0	12	8	6	14	5	6	28.40	1		0.832216
18	343	37	0	0	19	10	14	4	6	31.30	1		1.729669
18	345	48	0	0	0	15	7	5	6	25.72	1		5.019334
18	346	60	0	0	11	8	9	3	6	9.95	1		1.324985
18	355	97	0	0	19	16	14	3	3	9.25	1		0.886250
18	347	63	0	0	15	12	6	3	6	7.42	1		0.730778
4	70	76	0	16	0	0	10	6	8	54.44	0		2.339811
4	65	54	0	14	0	8	13	5	6	30.94	0		8.464688
4	66	54	0	14	0	14	13	5	6	30.94	0		8.464688
4	67	58	0	14	19	0	16	3	8	29.93	0		25.772914
4	62	15	0	14	19	8	11	4	8	49.20	0		4.592831
4	60	12	0	14	0	20	13	6	4	19.88	0		2.903135
4	77	98	0	26	0	0	6	6	8	40.21	0		20.673586
4	76	98	0	27	6	0	6	6	8	40.21	0		20.673586
4	61	14	0	14	19	16	13	4	5	29.29	0		5.043891
4	74	91	0	14	19	21	10	4	6	25.92	0		4.735522
4	71	77	0	14	0	24	8	6	5	19.52	0		5.236847
4	72	82	0	0	8	13	12	2	7	19.61	0		4.225892
4	63	18	0	7	0	11	6	4	7	16.76	0		17.915191
4	73	87	0	9	15	7	9	3	5	10.27	0		3.622664
4	64	30	0	18	13	0	7	6	3	16.76	0		6.209673
4	69	66	0	6	14	12	7	4	4	16.49	0		3.603933
4	75	97	0	0	19	19	14	3	3	9.25	1		0.886250
4	68	63	0	0	11	14	6	3	6	7.42	1		0.730778


-------------------------------------------------------------------------------------------------------------------
Tour_Id:			4
No_of_Customers:		5
No_of_Items:			102
Customer_Sequence:		13 17 20 8 16 

CustId	Id	TypeId	Rotated	x	y	z	Length	Width	Height	mass	Fragility	LoadBearingStrength
16	296	5	0	0	0	0	15	5	6	30.97	0		2.426299
16	297	25	0	0	5	0	11	6	6	48.67	0		8.479645
16	307	72	0	0	11	0	12	6	5	24.88	0		2.644089
16	313	99	0	0	17	0	15	5	5	38.87	0		4.433637
16	311	88	0	0	11	5	16	7	3	33.85	0		4.997477
16	312	88	0	0	0	6	16	7	3	33.85	0		4.997477
16	295	3	0	0	18	5	14	4	6	51.89	0		6.924844
16	302	51	0	0	11	8	13	6	4	48.64	0		5.735271
16	308	79	0	0	7	6	9	4	5	21.61	0		5.341970
16	309	81	0	0	0	9	6	6	5	27.19	0		7.343345
16	299	27	0	0	22	0	14	2	6	20.28	0		7.937771
16	300	36	0	0	18	11	17	3	3	20.59	0		9.087089
16	301	36	0	0	11	12	17	3	3	20.59	0		9.087089
16	305	64	0	0	7	11	6	3	8	9.13	0		4.164650
16	306	65	0	0	22	6	9	2	7	13.02	0		3.189090
16	303	55	0	6	0	9	11	6	6	54.11	1		2.350845
16	304	55	0	6	0	15	11	6	6	54.11	1		2.350845
16	310	84	0	6	0	21	13	5	5	36.07	1		1.519321
16	298	26	0	0	14	12	9	2	4	10.97	1		1.549699
8	146	31	0	19	0	0	15	7	4	34.21	0		8.652019
8	144	22	0	17	7	0	13	7	4	42.42	0		3.413541
8	156	94	0	0	18	14	15	4	6	34.56	0		3.421870
8	160	98	0	17	14	0	6	6	8	40.21	0		20.673586
8	150	50	0	0	18	20	15	5	4	26.84	0		17.050565
8	151	50	0	0	18	24	15	5	4	26.84	0		17.050565
8	159	98	0	17	7	4	6	6	8	40.21	0		20.673586
8	158	96	0	17	20	0	11	5	5	16.81	0		2.928208
8	143	14	0	17	20	5	13	4	5	29.29	0		5.043891
8	152	59	0	19	0	4	14	6	3	27.82	0		14.330615
8	153	59	0	19	0	7	14	6	3	27.82	0		14.330615
8	154	59	0	19	0	10	14	6	3	27.82	0		14.330615
8	155	83	0	17	20	10	10	5	5	16.26	0		1.669865
8	145	29	0	19	0	13	15	4	4	28.03	0		4.029999
8	157	95	0	0	11	15	13	2	8	23.57	0		3.378050
8	149	43	0	23	7	4	7	7	4	21.38	0		8.599589
8	148	40	0	0	7	19	8	3	6	11.38	0		14.098775
8	141	6	0	17	14	8	6	6	4	14.55	0		4.577631
8	142	10	1	17	6	12	12	3	3	9.58	0		15.581198
20	389	77	0	23	14	0	8	6	5	19.52	0		5.236847
20	380	28	0	30	7	0	16	6	8	66.06	0		5.211768
20	377	5	0	19	0	17	15	5	6	30.97	0		2.426299
20	387	74	0	17	20	15	13	5	6	60.75	0		15.394250
20	400	99	0	17	20	21	15	5	5	38.87	0		4.433637
20	390	77	0	19	0	23	8	6	5	19.52	0		5.236847
20	382	32	0	23	7	8	15	3	6	18.77	0		8.451694
20	381	32	0	23	10	8	15	3	6	18.77	0		8.451694
20	392	83	0	23	14	5	10	5	5	16.26	0		1.669865
20	395	91	1	17	6	15	10	4	6	25.92	0		4.735522
8	147	35	0	34	0	0	14	7	6	43.88	1		0.828496
20	399	99	0	23	7	14	15	5	5	38.87	0		4.433637
20	386	69	1	17	6	21	6	5	8	29.91	0		6.272207
20	394	89	0	17	20	26	7	5	4	20.36	0		4.341855
17	323	31	0	33	13	0	15	7	4	34.21	0		8.652019
20	396	92	1	21	6	12	9	2	8	12.97	0		8.378328
20	398	93	0	23	7	19	14	4	3	26.13	0		26.916353
20	385	67	0	23	13	10	6	5	4	17.87	0		17.983719
20	393	87	0	0	7	25	9	3	5	10.27	0		3.622664
20	384	66	0	23	12	14	7	4	4	16.49	0		3.603933
20	376	4	0	23	7	22	14	5	6	28.40	1		0.832216
20	391	78	0	34	0	6	11	7	3	31.07	1		1.428145
20	388	75	0	23	12	18	9	3	8	32.75	1		4.086559
20	383	48	0	27	0	23	7	5	6	25.72	1		5.019334
17	317	7	0	33	13	4	16	6	5	39.98	0		3.837654
20	378	26	0	0	14	16	9	2	4	10.97	1		1.549699
20	379	26	0	0	14	20	9	2	4	10.97	1		1.549699
17	318	7	0	33	13	9	16	6	5	39.98	0		3.837654
17	329	62	0	32	20	0	15	4	8	44.12	0		4.360267
17	328	62	0	32	20	8	15	4	8	44.12	0		4.360267
20	397	92	0	38	7	8	9	2	8	12.97	0		8.378328
17	320	25	0	32	12	14	11	6	6	48.67	0		8.479645
17	335	94	0	32	20	16	15	4	6	34.56	0		3.421870
17	314	3	0	32	12	20	14	4	6	51.89	0		6.924844
17	324	34	0	32	20	22	16	4	4	35.24	0		19.406910
17	334	83	0	47	7	0	10	5	5	16.26	0		1.669865
13	241	32	1	57	0	0	15	3	6	18.77	0		8.451694
17	326	44	0	38	9	8	9	4	5	28.53	0		5.903965
17	333	81	0	43	12	14	6	6	5	27.19	0		7.343345
17	322	27	0	32	16	20	14	2	6	20.28	0		7.937771
17	325	40	0	38	9	13	8	3	6	11.38	0		14.098775
17	331	65	0	38	7	16	9	2	7	13.02	0		3.189090
13	251	85	0	24	20	26	8	3	4	14.27	0		8.178770
17	319	21	0	17	18	12	7	2	6	12.40	0		4.555577
17	316	4	0	34	0	9	14	5	6	28.40	1		0.832216
17	315	4	0	34	0	15	14	5	6	28.40	1		0.832216
17	330	63	0	34	0	21	6	3	6	7.42	1		0.730778
17	321	26	0	15	18	18	9	2	4	10.97	1		1.549699
13	248	76	0	48	19	0	10	6	8	54.44	0		2.339811
13	250	82	0	38	7	23	12	2	7	19.61	0		4.225892
13	240	20	0	48	0	0	8	6	7	28.99	0		5.204159
13	244	38	0	32	12	26	13	7	3	19.90	0		2.038327
17	327	56	0	47	7	5	7	5	7	27.94	0		3.795643
13	243	34	0	32	19	26	16	4	4	35.24	0		19.406910
13	246	55	0	48	19	8	11	6	6	54.11	1		2.350845
13	249	81	0	48	0	7	6	6	5	27.19	0		7.343345
13	238	8	1	57	0	6	15	3	8	22.08	0		1.695021
13	239	18	1	47	5	12	6	4	7	16.76	0		17.915191
13	237	2	0	37	9	19	6	3	8	14.63	0		22.436935
17	332	66	0	49	15	0	7	4	4	16.49	0		3.603933
13	252	85	1	47	5	19	8	3	4	14.27	0		8.178770
13	242	33	1	51	0	12	12	3	7	15.34	0		7.654787
13	245	48	0	40	0	21	7	5	6	25.72	1		5.019334
13	247	60	0	48	19	14	9	3	6	9.95	1		1.324985


-------------------------------------------------------------------------------------------------------------------
Tour_Id:			5
No_of_Customers:		5
No_of_Items:			103
Customer_Sequence:		10 19 2 12 5 

CustId	Id	TypeId	Rotated	x	y	z	Length	Width	Height	mass	Fragility	LoadBearingStrength
5	84	28	0	0	0	0	16	6	8	66.06	0		5.211768
5	101	80	0	0	6	0	12	6	8	51.51	0		2.305198
5	79	5	0	0	12	0	15	5	6	30.97	0		2.426299
5	91	53	0	0	17	0	17	4	6	51.39	0		4.536723
5	96	62	0	0	21	0	15	4	8	44.12	0		4.360267
5	80	7	0	0	12	6	16	6	5	39.98	0		3.837654
5	97	62	0	0	0	8	15	4	8	44.12	0		4.360267
5	92	53	0	0	4	8	17	4	6	51.39	0		4.536723
5	78	3	0	0	8	8	14	4	6	51.89	0		6.924844
5	90	50	0	0	12	11	15	5	4	26.84	0		17.050565
5	85	32	0	0	18	6	15	3	6	18.77	0		8.451694
5	102	86	0	0	4	14	7	5	7	15.44	0		20.874037
5	93	56	0	0	12	15	7	5	7	27.94	0		3.795643
12	227	59	0	17	0	0	14	6	3	27.82	0		14.330615
5	99	68	0	0	21	8	11	2	8	16.12	0		10.488331
5	82	13	0	0	17	12	9	4	4	19.39	0		3.942638
2	27	64	0	0	9	14	6	3	8	9.13	0		4.164650
5	103	87	0	0	0	16	9	3	5	10.27	0		3.622664
5	95	61	0	0	17	16	7	6	3	11.84	0		9.286772
5	83	21	0	0	23	8	7	2	6	12.40	0		4.555577
5	81	10	0	0	0	21	12	3	3	9.58	0		15.581198
5	98	67	0	0	17	19	6	5	4	17.87	0		17.983719
5	86	35	0	17	6	0	14	7	6	43.88	1		0.828496
5	89	45	0	15	21	0	12	3	8	32.62	1		1.032132
5	87	37	0	11	21	8	14	4	6	31.30	1		1.729669
5	94	60	0	0	4	21	9	3	6	9.95	1		1.324985
5	88	42	0	0	12	22	6	4	3	4.83	1		0.762327
12	220	7	0	17	13	0	16	6	5	39.98	0		3.837654
12	236	99	0	17	0	3	15	5	5	38.87	0		4.433637
2	33	89	0	0	17	23	7	5	4	20.36	0		4.341855
12	234	98	0	17	13	5	6	6	8	40.21	0		20.673586
12	235	98	0	17	0	8	6	6	8	40.21	0		20.673586
12	232	96	0	12	0	16	11	5	5	16.81	0		2.928208
12	225	32	0	0	0	24	15	3	6	18.77	0		8.451694
5	100	69	0	7	12	15	6	5	8	29.91	0		6.272207
12	229	69	0	15	0	21	6	5	8	29.91	0		6.272207
12	224	27	0	17	19	0	14	2	6	20.28	0		7.937771
12	226	36	0	27	21	0	17	3	3	20.59	0		9.087089
12	221	9	0	17	13	13	6	3	8	20.79	0		12.279501
12	228	66	0	7	12	23	7	4	4	16.49	0		3.603933
12	222	10	0	23	13	5	12	3	3	9.58	0		15.581198
12	223	21	0	0	23	14	7	2	6	12.40	0		4.555577
12	219	4	0	17	6	6	14	5	6	28.40	1		0.832216
12	231	90	0	11	21	14	15	4	3	11.80	1		0.658870
2	28	71	0	23	0	8	7	6	7	42.75	0		11.690589
2	29	80	0	31	5	0	12	6	8	51.51	0		2.305198
2	34	92	0	0	23	20	9	2	8	12.97	0		8.378328
2	21	22	0	31	5	8	13	7	4	42.42	0		3.413541
2	32	88	0	31	5	12	16	7	3	33.85	0		4.997477
12	233	97	0	11	21	17	14	3	3	9.25	1		0.886250
2	39	98	0	23	0	15	6	6	8	40.21	0		20.673586
2	37	96	0	31	5	15	11	5	5	16.81	0		2.928208
2	25	55	0	17	6	12	11	6	6	54.11	1		2.350845
2	35	93	0	27	21	3	14	4	3	26.13	0		26.916353
2	31	87	0	6	9	14	9	3	5	10.27	0		3.622664
2	19	1	0	31	5	20	11	5	7	30.28	0		1.391421
2	24	36	0	27	21	6	17	3	3	20.59	0		9.087089
5	104	92	0	0	7	21	9	2	8	12.97	0		8.378328
2	20	9	0	0	9	22	6	3	8	20.79	0		12.279501
12	230	74	0	32	0	0	13	5	6	60.75	0		15.394250
19	360	33	0	23	13	8	12	3	7	15.34	0		7.654787
2	36	95	0	15	19	6	13	2	8	23.57	0		3.378050
2	23	27	0	15	19	14	14	2	6	20.28	0		7.937771
2	30	84	0	17	6	18	13	5	5	36.07	1		1.519321
2	22	24	0	11	21	20	11	4	4	22.19	1		1.261742
2	38	97	0	11	21	24	14	3	3	9.25	1		0.886250
19	370	76	0	35	12	0	10	6	8	54.44	0		2.339811
19	364	53	0	27	21	9	17	4	6	51.39	0		4.536723
19	365	54	0	32	0	6	13	5	6	30.94	0		8.464688
19	375	99	0	30	0	12	15	5	5	38.87	0		4.433637
19	357	10	0	23	16	5	12	3	3	9.58	0		15.581198
19	372	96	0	29	0	17	11	5	5	16.81	0		2.928208
19	358	14	0	26	21	15	13	4	5	29.29	0		5.043891
19	361	34	0	26	21	20	16	4	4	35.24	0		19.406910
19	366	59	0	44	18	0	14	6	3	27.82	0		14.330615
2	26	55	0	17	6	23	11	6	6	54.11	1		2.350845
19	371	86	0	23	0	23	7	5	7	15.44	0		20.874037
19	367	70	0	23	12	15	10	4	6	26.75	0		5.653697
19	368	70	0	17	13	21	10	4	6	26.75	0		5.653697
19	356	9	0	17	16	13	6	3	8	20.79	0		12.279501
19	373	96	0	30	0	22	11	5	5	16.81	0		2.928208
19	359	21	0	15	19	20	7	2	6	12.40	0		4.555577
19	362	35	0	44	18	3	14	7	6	43.88	1		0.828496
10	195	52	0	35	12	8	9	6	7	33.82	0		3.753359
19	363	46	0	23	16	8	12	3	4	17.58	1		1.306343
10	184	17	0	33	10	15	11	4	8	23.74	0		10.550141
19	369	73	0	44	18	9	6	6	6	30.54	1		1.709950
10	199	94	0	25	21	24	15	4	6	34.56	0		3.421870
19	374	97	0	11	21	27	14	3	3	9.25	1		0.886250
10	197	88	1	47	0	0	16	7	3	33.85	0		4.997477
10	186	20	0	47	0	3	8	6	7	28.99	0		5.204159
10	193	38	0	30	0	27	13	7	3	19.90	0		2.038327
10	188	32	1	55	0	0	15	3	6	18.77	0		8.451694
10	189	33	0	33	14	15	12	3	7	15.34	0		7.654787
10	187	27	0	33	14	22	14	2	6	20.28	0		7.937771
10	185	18	0	27	12	21	6	4	7	16.76	0		17.915191
10	190	36	1	55	0	6	17	3	3	20.59	0		9.087089
10	183	13	0	33	10	23	9	4	4	19.39	0		3.942638
10	198	92	0	22	19	20	9	2	8	12.97	0		8.378328
10	196	67	0	42	5	15	6	5	4	17.87	0		17.983719
10	191	37	1	55	0	9	14	4	6	31.30	1		1.729669
10	192	37	1	55	0	15	14	4	6	31.30	1		1.729669
10	194	46	1	47	6	3	12	3	4	17.58	1		1.306343


