Name:				316_n020_m400_bt3
Problem:			3L-VRPTW
Number_of_used_Vehicles:	5
Total_Travel_Distance:		521.35
Calculation_Time:		11.09
Total_Iterations:		8020
ConstraintSet:			P1

-------------------------------------------------------------------------------------------------------------------
Tour_Id:			1
No_of_Customers:		4
No_of_Items:			79
Customer_Sequence:		17 6 5 1 

CustId	Id	TypeId	Rotated	x	y	z	Length	Width	Height	mass	Fragility	LoadBearingStrength
1	16	2	0	0	0	0	14	7	6	193.83	0		31.674814
1	15	2	0	0	7	0	14	7	6	193.83	0		31.674814
1	14	2	0	0	14	0	14	7	6	193.83	0		31.674814
1	13	2	0	0	0	6	14	7	6	193.83	0		31.674814
1	12	2	0	0	7	6	14	7	6	193.83	0		31.674814
1	2	1	0	0	14	6	8	6	7	121.10	0		8.636178
1	11	1	0	0	0	12	8	6	7	121.10	0		8.636178
1	10	1	0	0	6	12	8	6	7	121.10	0		8.636178
1	9	1	0	0	14	13	8	6	7	121.10	0		8.636178
1	8	1	0	0	0	19	8	6	7	121.10	0		8.636178
1	7	1	0	0	6	19	8	6	7	121.10	0		8.636178
1	6	1	0	0	14	20	8	6	7	121.10	0		8.636178
1	5	1	0	8	14	6	8	6	7	121.10	0		8.636178
1	4	1	0	8	0	12	8	6	7	121.10	0		8.636178
1	3	1	0	8	6	12	8	6	7	121.10	0		8.636178
1	1	1	0	8	14	13	8	6	7	121.10	0		8.636178
1	17	3	0	0	21	0	7	3	4	38.82	1		2.340428
1	18	3	0	0	21	4	7	3	4	38.82	1		2.340428
1	19	3	0	0	21	8	7	3	4	38.82	1		2.340428
5	88	2	1	8	0	19	14	7	6	193.83	0		31.674814
5	89	2	0	16	0	0	14	7	6	193.83	0		31.674814
5	90	2	0	16	7	0	14	7	6	193.83	0		31.674814
5	85	1	0	8	14	20	8	6	7	121.10	0		8.636178
5	86	1	0	16	14	0	8	6	7	121.10	0		8.636178
5	87	1	0	16	0	6	8	6	7	121.10	0		8.636178
5	91	3	0	0	21	12	7	3	4	38.82	1		2.340428
5	92	3	0	0	21	16	7	3	4	38.82	1		2.340428
5	93	3	0	0	21	20	7	3	4	38.82	1		2.340428
5	94	3	0	0	0	26	7	3	4	38.82	1		2.340428
5	95	3	0	0	21	24	7	3	4	38.82	1		2.340428
5	96	3	0	0	3	26	7	3	4	38.82	1		2.340428
5	97	3	0	0	6	26	7	3	4	38.82	1		2.340428
5	98	3	0	0	9	26	7	3	4	38.82	1		2.340428
5	99	3	0	7	21	0	7	3	4	38.82	1		2.340428
5	100	3	0	7	21	4	7	3	4	38.82	1		2.340428
6	114	2	0	16	6	6	14	7	6	193.83	0		31.674814
6	113	2	0	16	6	12	14	7	6	193.83	0		31.674814
6	112	2	0	16	6	18	14	7	6	193.83	0		31.674814
6	111	2	0	15	6	24	14	7	6	193.83	0		31.674814
6	110	2	0	24	14	0	14	7	6	193.83	0		31.674814
6	102	1	0	16	13	7	8	6	7	121.10	0		8.636178
6	109	1	0	16	0	13	8	6	7	121.10	0		8.636178
6	108	1	0	16	13	14	8	6	7	121.10	0		8.636178
6	107	1	0	15	0	20	8	6	7	121.10	0		8.636178
6	106	1	0	16	13	21	8	6	7	121.10	0		8.636178
6	105	1	0	24	0	6	8	6	7	121.10	0		8.636178
6	104	1	0	24	13	6	8	6	7	121.10	0		8.636178
6	103	1	0	24	0	13	8	6	7	121.10	0		8.636178
6	101	1	0	23	0	20	8	6	7	121.10	0		8.636178
6	115	3	0	7	21	8	7	3	4	38.82	1		2.340428
6	116	3	0	7	21	12	7	3	4	38.82	1		2.340428
6	117	3	0	7	21	16	7	3	4	38.82	1		2.340428
6	118	3	0	7	21	20	7	3	4	38.82	1		2.340428
6	119	3	0	7	21	24	7	3	4	38.82	1		2.340428
17	329	2	0	30	6	0	14	7	6	193.83	0		31.674814
17	328	2	0	30	6	6	14	7	6	193.83	0		31.674814
17	327	2	0	30	6	12	14	7	6	193.83	0		31.674814
17	326	2	0	30	6	18	14	7	6	193.83	0		31.674814
17	320	2	0	29	6	24	14	7	6	193.83	0		31.674814
17	321	2	0	38	13	0	14	7	6	193.83	0		31.674814
17	322	2	0	32	13	6	14	7	6	193.83	0		31.674814
17	323	2	0	32	13	12	14	7	6	193.83	0		31.674814
17	324	2	0	30	13	18	14	7	6	193.83	0		31.674814
17	325	2	0	29	13	24	14	7	6	193.83	0		31.674814
17	316	1	1	24	13	13	8	6	7	121.10	0		8.636178
17	319	1	0	32	0	0	8	6	7	121.10	0		8.636178
17	318	1	0	32	0	7	8	6	7	121.10	0		8.636178
17	317	1	0	32	0	14	8	6	7	121.10	0		8.636178
17	315	1	0	31	0	21	8	6	7	121.10	0		8.636178
17	330	3	0	14	21	0	7	3	4	38.82	1		2.340428
17	331	3	0	14	21	4	7	3	4	38.82	1		2.340428
17	332	3	0	14	21	8	7	3	4	38.82	1		2.340428
17	333	3	0	14	21	12	7	3	4	38.82	1		2.340428
17	334	3	0	14	21	16	7	3	4	38.82	1		2.340428
17	335	3	0	14	21	20	7	3	4	38.82	1		2.340428
17	336	3	0	14	21	24	7	3	4	38.82	1		2.340428
17	337	3	0	21	21	0	7	3	4	38.82	1		2.340428
17	338	3	0	21	21	4	7	3	4	38.82	1		2.340428
17	339	3	0	21	21	8	7	3	4	38.82	1		2.340428


-------------------------------------------------------------------------------------------------------------------
Tour_Id:			2
No_of_Customers:		5
No_of_Items:			93
Customer_Sequence:		11 2 7 9 18 

CustId	Id	TypeId	Rotated	x	y	z	Length	Width	Height	mass	Fragility	LoadBearingStrength
18	353	2	0	0	0	0	14	7	6	193.83	0		31.674814
18	352	2	0	0	7	0	14	7	6	193.83	0		31.674814
18	351	2	0	0	14	0	14	7	6	193.83	0		31.674814
18	350	2	0	0	0	6	14	7	6	193.83	0		31.674814
18	349	2	0	0	7	6	14	7	6	193.83	0		31.674814
18	341	1	0	0	14	6	8	6	7	121.10	0		8.636178
18	348	1	0	0	0	12	8	6	7	121.10	0		8.636178
18	347	1	0	0	6	12	8	6	7	121.10	0		8.636178
18	346	1	0	0	14	13	8	6	7	121.10	0		8.636178
18	345	1	0	0	0	19	8	6	7	121.10	0		8.636178
18	344	1	0	0	6	19	8	6	7	121.10	0		8.636178
18	343	1	0	0	14	20	8	6	7	121.10	0		8.636178
18	342	1	0	8	14	6	8	6	7	121.10	0		8.636178
18	340	1	0	8	0	12	8	6	7	121.10	0		8.636178
18	354	3	0	0	21	0	7	3	4	38.82	1		2.340428
18	355	3	0	0	21	4	7	3	4	38.82	1		2.340428
18	356	3	0	0	21	8	7	3	4	38.82	1		2.340428
9	163	2	0	14	6	0	14	7	6	193.83	0		31.674814
9	162	2	0	14	6	6	14	7	6	193.83	0		31.674814
9	161	2	0	8	6	12	14	7	6	193.83	0		31.674814
9	160	2	0	8	6	18	14	7	6	193.83	0		31.674814
9	154	1	0	8	13	13	8	6	7	121.10	0		8.636178
9	159	1	0	8	0	19	8	6	7	121.10	0		8.636178
9	158	1	0	8	13	20	8	6	7	121.10	0		8.636178
9	157	1	0	16	13	0	8	6	7	121.10	0		8.636178
9	156	1	0	16	19	0	8	6	7	121.10	0		8.636178
9	155	1	0	16	13	7	8	6	7	121.10	0		8.636178
9	153	1	0	16	19	7	8	6	7	121.10	0		8.636178
9	164	3	0	0	21	12	7	3	4	38.82	1		2.340428
9	165	3	0	0	21	16	7	3	4	38.82	1		2.340428
9	166	3	0	0	21	20	7	3	4	38.82	1		2.340428
9	167	3	0	0	0	26	7	3	4	38.82	1		2.340428
9	168	3	0	0	21	24	7	3	4	38.82	1		2.340428
9	169	3	0	0	3	26	7	3	4	38.82	1		2.340428
9	170	3	0	0	6	26	7	3	4	38.82	1		2.340428
9	171	3	0	0	9	26	7	3	4	38.82	1		2.340428
7	128	2	0	8	6	24	14	7	6	193.83	0		31.674814
7	129	2	0	24	13	0	14	7	6	193.83	0		31.674814
7	130	2	0	24	13	6	14	7	6	193.83	0		31.674814
7	131	2	0	24	13	12	14	7	6	193.83	0		31.674814
7	120	1	0	16	0	0	8	6	7	121.10	0		8.636178
7	121	1	0	16	0	7	8	6	7	121.10	0		8.636178
7	122	1	0	16	0	14	8	6	7	121.10	0		8.636178
7	123	1	0	16	13	14	8	6	7	121.10	0		8.636178
7	124	1	0	16	19	14	8	6	7	121.10	0		8.636178
7	125	1	0	16	0	21	8	6	7	121.10	0		8.636178
7	126	1	0	16	13	21	8	6	7	121.10	0		8.636178
7	127	1	0	16	19	21	8	6	7	121.10	0		8.636178
7	132	3	0	7	0	26	7	3	4	38.82	1		2.340428
7	133	3	0	7	3	26	7	3	4	38.82	1		2.340428
2	32	2	0	24	13	18	14	7	6	193.83	0		31.674814
2	31	2	0	24	13	24	14	7	6	193.83	0		31.674814
2	30	2	0	28	0	0	14	7	6	193.83	0		31.674814
2	24	2	0	28	0	6	14	7	6	193.83	0		31.674814
2	25	2	0	24	0	12	14	7	6	193.83	0		31.674814
2	26	2	0	24	0	18	14	7	6	193.83	0		31.674814
2	27	2	0	24	0	24	14	7	6	193.83	0		31.674814
2	28	2	0	38	7	0	14	7	6	193.83	0		31.674814
2	29	2	0	38	14	0	14	7	6	193.83	0		31.674814
2	21	1	0	22	7	12	8	6	7	121.10	0		8.636178
2	23	1	0	22	7	19	8	6	7	121.10	0		8.636178
2	22	1	0	28	7	0	8	6	7	121.10	0		8.636178
2	20	1	0	30	7	7	8	6	7	121.10	0		8.636178
2	33	3	0	22	7	26	7	3	4	38.82	1		2.340428
2	34	3	0	22	10	26	7	3	4	38.82	1		2.340428
2	35	3	0	24	20	0	7	3	4	38.82	1		2.340428
2	36	3	0	24	20	4	7	3	4	38.82	1		2.340428
2	37	3	0	24	20	8	7	3	4	38.82	1		2.340428
2	38	3	0	24	20	12	7	3	4	38.82	1		2.340428
2	39	3	0	24	20	16	7	3	4	38.82	1		2.340428
2	40	3	0	24	20	20	7	3	4	38.82	1		2.340428
2	41	3	0	24	20	24	7	3	4	38.82	1		2.340428
2	42	3	0	30	7	14	7	3	4	38.82	1		2.340428
11	204	2	0	38	7	6	14	7	6	193.83	0		31.674814
11	203	2	0	38	14	6	14	7	6	193.83	0		31.674814
11	202	2	1	38	0	12	14	7	6	193.83	0		31.674814
11	201	2	0	38	14	12	14	7	6	193.83	0		31.674814
11	200	2	1	38	0	18	14	7	6	193.83	0		31.674814
11	193	1	0	38	14	18	8	6	7	121.10	0		8.636178
11	199	1	0	42	0	0	8	6	7	121.10	0		8.636178
11	198	1	0	46	14	18	8	6	7	121.10	0		8.636178
11	197	1	0	50	0	0	8	6	7	121.10	0		8.636178
11	196	1	0	45	0	7	8	6	7	121.10	0		8.636178
11	195	1	0	45	0	14	8	6	7	121.10	0		8.636178
11	194	1	1	45	6	12	8	6	7	121.10	0		8.636178
11	192	1	0	45	6	19	8	6	7	121.10	0		8.636178
11	205	3	0	30	10	14	7	3	4	38.82	1		2.340428
11	206	3	0	30	7	18	7	3	4	38.82	1		2.340428
11	207	3	0	30	10	18	7	3	4	38.82	1		2.340428
11	208	3	0	30	7	22	7	3	4	38.82	1		2.340428
11	209	3	0	29	7	26	7	3	4	38.82	1		2.340428
11	210	3	0	30	10	22	7	3	4	38.82	1		2.340428
11	211	3	0	29	10	26	7	3	4	38.82	1		2.340428


-------------------------------------------------------------------------------------------------------------------
Tour_Id:			3
No_of_Customers:		5
No_of_Items:			106
Customer_Sequence:		19 20 10 13 14 

CustId	Id	TypeId	Rotated	x	y	z	Length	Width	Height	mass	Fragility	LoadBearingStrength
14	267	2	0	0	0	0	14	7	6	193.83	0		31.674814
14	266	2	0	0	7	0	14	7	6	193.83	0		31.674814
14	265	2	0	0	14	0	14	7	6	193.83	0		31.674814
14	264	2	0	0	0	6	14	7	6	193.83	0		31.674814
14	259	2	0	0	7	6	14	7	6	193.83	0		31.674814
14	260	2	0	0	14	6	14	7	6	193.83	0		31.674814
14	261	2	0	0	0	12	14	7	6	193.83	0		31.674814
14	262	2	0	0	7	12	14	7	6	193.83	0		31.674814
14	263	2	0	0	14	12	14	7	6	193.83	0		31.674814
14	255	1	0	0	0	18	8	6	7	121.10	0		8.636178
14	258	1	0	0	6	18	8	6	7	121.10	0		8.636178
14	257	1	0	0	12	18	8	6	7	121.10	0		8.636178
14	256	1	0	8	0	18	8	6	7	121.10	0		8.636178
14	254	1	0	8	6	18	8	6	7	121.10	0		8.636178
14	268	3	0	0	21	0	7	3	4	38.82	1		2.340428
14	269	3	0	0	21	4	7	3	4	38.82	1		2.340428
14	270	3	0	0	21	8	7	3	4	38.82	1		2.340428
14	271	3	0	0	21	12	7	3	4	38.82	1		2.340428
14	272	3	0	0	21	16	7	3	4	38.82	1		2.340428
14	273	3	0	0	18	18	7	3	4	38.82	1		2.340428
14	274	3	0	0	21	20	7	3	4	38.82	1		2.340428
14	275	3	0	0	18	22	7	3	4	38.82	1		2.340428
14	276	3	0	0	21	24	7	3	4	38.82	1		2.340428
13	241	2	0	14	12	0	14	7	6	193.83	0		31.674814
13	242	2	0	14	12	6	14	7	6	193.83	0		31.674814
13	243	2	0	14	12	12	14	7	6	193.83	0		31.674814
13	236	1	0	8	12	18	8	6	7	121.10	0		8.636178
13	237	1	0	14	19	0	8	6	7	121.10	0		8.636178
13	238	1	0	14	19	7	8	6	7	121.10	0		8.636178
13	239	1	0	14	19	14	8	6	7	121.10	0		8.636178
13	240	1	0	14	19	21	8	6	7	121.10	0		8.636178
13	235	1	0	16	0	0	8	6	7	121.10	0		8.636178
13	253	3	0	0	0	25	7	3	4	38.82	1		2.340428
13	252	3	0	0	3	25	7	3	4	38.82	1		2.340428
13	251	3	0	0	6	25	7	3	4	38.82	1		2.340428
13	250	3	0	0	9	25	7	3	4	38.82	1		2.340428
13	249	3	0	0	12	25	7	3	4	38.82	1		2.340428
13	248	3	0	0	15	25	7	3	4	38.82	1		2.340428
13	247	3	0	0	18	26	7	3	4	38.82	1		2.340428
13	246	3	0	7	21	0	7	3	4	38.82	1		2.340428
13	245	3	0	7	21	4	7	3	4	38.82	1		2.340428
13	244	3	0	7	21	8	7	3	4	38.82	1		2.340428
10	185	2	0	16	12	18	14	7	6	193.83	0		31.674814
10	184	2	0	16	12	24	14	7	6	193.83	0		31.674814
10	183	2	0	24	0	0	14	7	6	193.83	0		31.674814
10	182	2	0	24	0	6	14	7	6	193.83	0		31.674814
10	173	1	0	16	6	0	8	6	7	121.10	0		8.636178
10	181	1	0	16	0	7	8	6	7	121.10	0		8.636178
10	180	1	0	16	6	7	8	6	7	121.10	0		8.636178
10	179	1	0	16	0	14	8	6	7	121.10	0		8.636178
10	178	1	0	16	6	14	8	6	7	121.10	0		8.636178
10	177	1	0	16	0	21	8	6	7	121.10	0		8.636178
10	176	1	0	16	6	21	8	6	7	121.10	0		8.636178
10	175	1	0	22	19	0	8	6	7	121.10	0		8.636178
10	174	1	0	22	19	7	8	6	7	121.10	0		8.636178
10	172	1	0	22	19	14	8	6	7	121.10	0		8.636178
10	186	3	0	7	0	25	7	3	4	38.82	1		2.340428
10	187	3	0	7	3	25	7	3	4	38.82	1		2.340428
10	188	3	0	7	6	25	7	3	4	38.82	1		2.340428
10	189	3	0	7	9	25	7	3	4	38.82	1		2.340428
10	190	3	0	7	12	25	7	3	4	38.82	1		2.340428
10	191	3	0	7	15	25	7	3	4	38.82	1		2.340428
20	394	2	0	24	0	12	14	7	6	193.83	0		31.674814
20	393	2	0	24	0	18	14	7	6	193.83	0		31.674814
20	392	2	0	24	0	24	14	7	6	193.83	0		31.674814
20	391	2	0	30	7	0	14	7	6	193.83	0		31.674814
20	379	1	0	22	19	21	8	6	7	121.10	0		8.636178
20	390	1	0	30	14	0	8	6	7	121.10	0		8.636178
20	389	1	0	30	7	6	8	6	7	121.10	0		8.636178
20	388	1	0	30	13	7	8	6	7	121.10	0		8.636178
20	387	1	0	30	7	13	8	6	7	121.10	0		8.636178
20	386	1	0	30	13	14	8	6	7	121.10	0		8.636178
20	385	1	0	30	7	20	8	6	7	121.10	0		8.636178
20	384	1	0	30	13	21	8	6	7	121.10	0		8.636178
20	383	1	0	38	0	0	8	6	7	121.10	0		8.636178
20	382	1	0	38	14	0	8	6	7	121.10	0		8.636178
20	381	1	0	38	7	6	8	6	7	121.10	0		8.636178
20	380	1	0	38	0	7	8	6	7	121.10	0		8.636178
20	378	1	0	38	13	7	8	6	7	121.10	0		8.636178
20	395	3	0	30	20	0	7	3	4	38.82	1		2.340428
20	396	3	0	30	20	4	7	3	4	38.82	1		2.340428
20	397	3	0	30	20	8	7	3	4	38.82	1		2.340428
20	398	3	0	30	20	12	7	3	4	38.82	1		2.340428
20	399	3	0	30	20	16	7	3	4	38.82	1		2.340428
20	400	3	0	30	20	20	7	3	4	38.82	1		2.340428
19	372	2	0	46	0	0	14	7	6	193.83	0		31.674814
19	371	2	0	46	7	0	14	7	6	193.83	0		31.674814
19	370	2	0	46	14	0	14	7	6	193.83	0		31.674814
19	369	2	0	46	0	6	14	7	6	193.83	0		31.674814
19	368	2	0	46	7	6	14	7	6	193.83	0		31.674814
19	367	2	0	46	14	6	14	7	6	193.83	0		31.674814
19	366	2	0	46	0	12	14	7	6	193.83	0		31.674814
19	365	2	0	46	7	12	14	7	6	193.83	0		31.674814
19	358	1	0	38	6	13	8	6	7	121.10	0		8.636178
19	364	1	0	38	0	14	8	6	7	121.10	0		8.636178
19	363	1	0	38	12	14	8	6	7	121.10	0		8.636178
19	362	1	0	38	6	20	8	6	7	121.10	0		8.636178
19	361	1	0	38	0	21	8	6	7	121.10	0		8.636178
19	360	1	0	38	12	21	8	6	7	121.10	0		8.636178
19	359	1	0	46	14	12	8	6	7	121.10	0		8.636178
19	357	1	0	46	0	18	8	6	7	121.10	0		8.636178
19	373	3	0	30	20	24	7	3	4	38.82	1		2.340428
19	374	3	0	37	20	0	7	3	4	38.82	1		2.340428
19	375	3	0	37	20	4	7	3	4	38.82	1		2.340428
19	376	3	0	37	20	8	7	3	4	38.82	1		2.340428
19	377	3	0	37	20	12	7	3	4	38.82	1		2.340428


-------------------------------------------------------------------------------------------------------------------
Tour_Id:			4
No_of_Customers:		3
No_of_Items:			60
Customer_Sequence:		15 12 8 

CustId	Id	TypeId	Rotated	x	y	z	Length	Width	Height	mass	Fragility	LoadBearingStrength
8	148	2	0	0	0	0	14	7	6	193.83	0		31.674814
8	147	2	0	0	7	0	14	7	6	193.83	0		31.674814
8	146	2	0	0	14	0	14	7	6	193.83	0		31.674814
8	145	2	0	0	0	6	14	7	6	193.83	0		31.674814
8	135	1	0	0	7	6	8	6	7	121.10	0		8.636178
8	144	1	0	0	13	6	8	6	7	121.10	0		8.636178
8	143	1	0	0	0	12	8	6	7	121.10	0		8.636178
8	142	1	0	0	6	13	8	6	7	121.10	0		8.636178
8	141	1	0	0	12	13	8	6	7	121.10	0		8.636178
8	140	1	0	0	0	19	8	6	7	121.10	0		8.636178
8	139	1	0	0	6	20	8	6	7	121.10	0		8.636178
8	138	1	0	0	12	20	8	6	7	121.10	0		8.636178
8	137	1	0	8	7	6	8	6	7	121.10	0		8.636178
8	136	1	0	8	13	6	8	6	7	121.10	0		8.636178
8	134	1	0	8	0	12	8	6	7	121.10	0		8.636178
8	149	3	0	0	21	0	7	3	4	38.82	1		2.340428
8	150	3	0	0	21	4	7	3	4	38.82	1		2.340428
8	151	3	0	0	21	8	7	3	4	38.82	1		2.340428
8	152	3	0	0	21	12	7	3	4	38.82	1		2.340428
12	229	2	1	8	6	13	14	7	6	193.83	0		31.674814
12	228	2	1	8	0	19	14	7	6	193.83	0		31.674814
12	227	2	0	16	0	0	14	7	6	193.83	0		31.674814
12	226	2	0	16	7	0	14	7	6	193.83	0		31.674814
12	225	2	0	16	14	0	14	7	6	193.83	0		31.674814
12	224	2	0	16	0	6	14	7	6	193.83	0		31.674814
12	219	2	0	16	7	6	14	7	6	193.83	0		31.674814
12	220	2	0	16	14	6	14	7	6	193.83	0		31.674814
12	221	2	0	16	0	12	14	7	6	193.83	0		31.674814
12	222	2	0	16	7	12	14	7	6	193.83	0		31.674814
12	223	2	0	16	14	12	14	7	6	193.83	0		31.674814
12	213	1	0	8	14	19	8	6	7	121.10	0		8.636178
12	218	1	0	16	0	18	8	6	7	121.10	0		8.636178
12	217	1	0	15	6	18	8	6	7	121.10	0		8.636178
12	216	1	0	16	12	18	8	6	7	121.10	0		8.636178
12	215	1	0	23	6	18	8	6	7	121.10	0		8.636178
12	214	1	0	24	0	18	8	6	7	121.10	0		8.636178
12	212	1	0	24	12	18	8	6	7	121.10	0		8.636178
12	230	3	0	0	21	16	7	3	4	38.82	1		2.340428
12	231	3	0	0	21	20	7	3	4	38.82	1		2.340428
12	232	3	0	0	0	26	7	3	4	38.82	1		2.340428
12	233	3	0	0	21	24	7	3	4	38.82	1		2.340428
12	234	3	0	0	3	26	7	3	4	38.82	1		2.340428
15	287	2	0	32	0	0	14	7	6	193.83	0		31.674814
15	286	2	0	32	7	0	14	7	6	193.83	0		31.674814
15	285	2	0	32	14	0	14	7	6	193.83	0		31.674814
15	281	2	0	32	0	6	14	7	6	193.83	0		31.674814
15	282	2	0	32	7	6	14	7	6	193.83	0		31.674814
15	283	2	0	32	14	6	14	7	6	193.83	0		31.674814
15	284	2	0	32	0	12	14	7	6	193.83	0		31.674814
15	278	1	0	32	7	12	8	6	7	121.10	0		8.636178
15	280	1	0	32	13	12	8	6	7	121.10	0		8.636178
15	279	1	0	32	0	18	8	6	7	121.10	0		8.636178
15	277	1	0	32	6	19	8	6	7	121.10	0		8.636178
15	288	3	0	7	21	0	7	3	4	38.82	1		2.340428
15	289	3	0	7	21	4	7	3	4	38.82	1		2.340428
15	290	3	0	7	21	8	7	3	4	38.82	1		2.340428
15	291	3	0	7	21	12	7	3	4	38.82	1		2.340428
15	292	3	0	7	21	16	7	3	4	38.82	1		2.340428
15	293	3	0	7	21	20	7	3	4	38.82	1		2.340428
15	294	3	0	7	21	24	7	3	4	38.82	1		2.340428


-------------------------------------------------------------------------------------------------------------------
Tour_Id:			5
No_of_Customers:		3
No_of_Items:			62
Customer_Sequence:		16 4 3 

CustId	Id	TypeId	Rotated	x	y	z	Length	Width	Height	mass	Fragility	LoadBearingStrength
3	57	2	0	0	0	0	14	7	6	193.83	0		31.674814
3	56	2	0	0	7	0	14	7	6	193.83	0		31.674814
3	55	2	0	0	14	0	14	7	6	193.83	0		31.674814
3	54	2	0	0	0	6	14	7	6	193.83	0		31.674814
3	53	2	0	0	7	6	14	7	6	193.83	0		31.674814
3	52	2	0	0	14	6	14	7	6	193.83	0		31.674814
3	44	1	0	0	0	12	8	6	7	121.10	0		8.636178
3	51	1	0	0	6	12	8	6	7	121.10	0		8.636178
3	50	1	0	0	12	12	8	6	7	121.10	0		8.636178
3	49	1	0	0	0	19	8	6	7	121.10	0		8.636178
3	48	1	0	0	6	19	8	6	7	121.10	0		8.636178
3	47	1	0	0	12	19	8	6	7	121.10	0		8.636178
3	46	1	0	8	0	12	8	6	7	121.10	0		8.636178
3	45	1	0	8	6	12	8	6	7	121.10	0		8.636178
3	43	1	0	8	12	12	8	6	7	121.10	0		8.636178
3	58	3	0	0	21	0	7	3	4	38.82	1		2.340428
3	59	3	0	0	21	4	7	3	4	38.82	1		2.340428
3	60	3	0	0	21	8	7	3	4	38.82	1		2.340428
3	61	3	0	0	18	12	7	3	4	38.82	1		2.340428
3	62	3	0	0	21	12	7	3	4	38.82	1		2.340428
3	63	3	0	0	18	16	7	3	4	38.82	1		2.340428
4	78	2	1	8	0	19	14	7	6	193.83	0		31.674814
4	77	2	0	16	0	0	14	7	6	193.83	0		31.674814
4	76	2	0	16	7	0	14	7	6	193.83	0		31.674814
4	75	2	0	16	14	0	14	7	6	193.83	0		31.674814
4	74	2	0	16	0	6	14	7	6	193.83	0		31.674814
4	70	2	0	16	7	6	14	7	6	193.83	0		31.674814
4	71	2	0	16	14	6	14	7	6	193.83	0		31.674814
4	72	2	0	16	0	12	14	7	6	193.83	0		31.674814
4	73	2	0	16	7	12	14	7	6	193.83	0		31.674814
4	65	1	0	16	14	12	8	6	7	121.10	0		8.636178
4	69	1	0	16	0	18	8	6	7	121.10	0		8.636178
4	68	1	0	16	6	18	8	6	7	121.10	0		8.636178
4	67	1	0	16	14	19	8	6	7	121.10	0		8.636178
4	66	1	0	24	14	12	8	6	7	121.10	0		8.636178
4	64	1	0	24	0	18	8	6	7	121.10	0		8.636178
4	79	3	0	0	21	16	7	3	4	38.82	1		2.340428
4	80	3	0	0	18	20	7	3	4	38.82	1		2.340428
4	81	3	0	0	21	20	7	3	4	38.82	1		2.340428
4	82	3	0	0	18	24	7	3	4	38.82	1		2.340428
4	83	3	0	0	21	24	7	3	4	38.82	1		2.340428
4	84	3	0	0	0	26	7	3	4	38.82	1		2.340428
16	310	2	0	30	6	0	14	7	6	193.83	0		31.674814
16	309	2	0	30	6	6	14	7	6	193.83	0		31.674814
16	308	2	0	30	6	12	14	7	6	193.83	0		31.674814
16	307	2	0	24	6	18	14	7	6	193.83	0		31.674814
16	306	2	0	24	6	24	14	7	6	193.83	0		31.674814
16	296	1	0	24	13	19	8	6	7	121.10	0		8.636178
16	305	1	0	32	13	0	8	6	7	121.10	0		8.636178
16	304	1	0	32	19	0	8	6	7	121.10	0		8.636178
16	303	1	0	32	13	7	8	6	7	121.10	0		8.636178
16	302	1	0	32	19	7	8	6	7	121.10	0		8.636178
16	301	1	0	32	13	14	8	6	7	121.10	0		8.636178
16	300	1	0	32	19	14	8	6	7	121.10	0		8.636178
16	299	1	0	32	0	0	8	6	7	121.10	0		8.636178
16	298	1	0	32	0	7	8	6	7	121.10	0		8.636178
16	297	1	0	32	0	14	8	6	7	121.10	0		8.636178
16	295	1	0	32	0	21	8	6	7	121.10	0		8.636178
16	311	3	0	0	3	26	7	3	4	38.82	1		2.340428
16	312	3	0	0	6	26	7	3	4	38.82	1		2.340428
16	313	3	0	0	9	26	7	3	4	38.82	1		2.340428
16	314	3	0	0	12	26	7	3	4	38.82	1		2.340428


