Name:				319_n020_m400_bt3
Problem:			3L-VRPTW
Number_of_used_Vehicles:	7
Total_Travel_Distance:		582.98
Calculation_Time:		29.49
Total_Iterations:		8067
ConstraintSet:			P1

-------------------------------------------------------------------------------------------------------------------
Tour_Id:			1
No_of_Customers:		3
No_of_Items:			55
Customer_Sequence:		16 20 9 

CustId	Id	TypeId	Rotated	x	y	z	Length	Width	Height	mass	Fragility	LoadBearingStrength
9	182	3	0	0	0	0	17	7	6	213.16	0		5.715135
9	183	3	0	0	7	0	17	7	6	213.16	0		5.715135
9	184	3	0	0	14	0	17	7	6	213.16	0		5.715135
9	185	3	0	0	0	6	17	7	6	213.16	0		5.715135
9	186	3	0	0	7	6	17	7	6	213.16	0		5.715135
9	187	3	0	0	14	6	17	7	6	213.16	0		5.715135
9	177	2	0	0	21	0	14	4	6	94.69	0		12.062437
9	178	2	0	0	21	6	14	4	6	94.69	0		12.062437
9	179	2	0	0	0	12	14	4	6	94.69	0		12.062437
9	180	2	0	0	4	12	14	4	6	94.69	0		12.062437
9	181	2	0	0	8	12	14	4	6	94.69	0		12.062437
9	173	1	0	0	12	12	16	6	6	68.97	1		1.368140
9	174	1	0	0	18	12	16	6	6	68.97	1		1.368140
9	175	1	0	0	0	18	16	6	6	68.97	1		1.368140
9	176	1	0	0	6	18	16	6	6	68.97	1		1.368140
20	390	3	0	17	0	0	17	7	6	213.16	0		5.715135
20	400	3	0	17	7	0	17	7	6	213.16	0		5.715135
20	399	3	0	17	14	0	17	7	6	213.16	0		5.715135
20	398	3	0	17	0	6	17	7	6	213.16	0		5.715135
20	397	3	0	16	0	12	17	7	6	213.16	0		5.715135
20	396	3	0	16	0	18	17	7	6	213.16	0		5.715135
20	395	3	0	16	0	24	17	7	6	213.16	0		5.715135
20	394	3	0	17	7	6	17	7	6	213.16	0		5.715135
20	393	3	0	16	7	12	17	7	6	213.16	0		5.715135
20	392	3	0	16	7	18	17	7	6	213.16	0		5.715135
20	391	3	0	16	7	24	17	7	6	213.16	0		5.715135
20	389	2	0	16	21	0	14	4	6	94.69	0		12.062437
20	388	2	0	16	21	6	14	4	6	94.69	0		12.062437
20	387	2	0	16	21	12	14	4	6	94.69	0		12.062437
20	386	2	0	16	21	18	14	4	6	94.69	0		12.062437
20	385	2	0	16	21	24	14	4	6	94.69	0		12.062437
20	379	1	0	0	12	18	16	6	6	68.97	1		1.368140
20	384	1	0	0	18	18	16	6	6	68.97	1		1.368140
20	383	1	0	0	0	24	16	6	6	68.97	1		1.368140
20	382	1	0	0	6	24	16	6	6	68.97	1		1.368140
20	381	1	0	0	12	24	16	6	6	68.97	1		1.368140
20	380	1	0	0	18	24	16	6	6	68.97	1		1.368140
16	322	3	0	17	14	6	17	7	6	213.16	0		5.715135
16	321	3	0	16	14	12	17	7	6	213.16	0		5.715135
16	320	3	0	16	14	18	17	7	6	213.16	0		5.715135
16	319	3	0	16	14	24	17	7	6	213.16	0		5.715135
16	314	2	0	30	21	0	14	4	6	94.69	0		12.062437
16	318	2	0	30	21	6	14	4	6	94.69	0		12.062437
16	317	2	0	30	21	12	14	4	6	94.69	0		12.062437
16	316	2	0	30	21	18	14	4	6	94.69	0		12.062437
16	315	2	0	30	21	24	14	4	6	94.69	0		12.062437
16	313	2	0	34	0	0	14	4	6	94.69	0		12.062437
16	312	2	0	34	4	0	14	4	6	94.69	0		12.062437
16	305	1	0	34	8	0	16	6	6	68.97	1		1.368140
16	311	1	0	34	14	0	16	6	6	68.97	1		1.368140
16	310	1	0	34	0	6	16	6	6	68.97	1		1.368140
16	309	1	0	33	0	12	16	6	6	68.97	1		1.368140
16	308	1	0	33	0	18	16	6	6	68.97	1		1.368140
16	307	1	0	33	0	24	16	6	6	68.97	1		1.368140
16	306	1	0	34	6	6	16	6	6	68.97	1		1.368140


-------------------------------------------------------------------------------------------------------------------
Tour_Id:			2
No_of_Customers:		3
No_of_Items:			68
Customer_Sequence:		5 8 14 

CustId	Id	TypeId	Rotated	x	y	z	Length	Width	Height	mass	Fragility	LoadBearingStrength
14	286	3	0	0	0	0	17	7	6	213.16	0		5.715135
14	285	3	0	0	7	0	17	7	6	213.16	0		5.715135
14	284	3	0	0	14	0	17	7	6	213.16	0		5.715135
14	283	3	0	0	0	6	17	7	6	213.16	0		5.715135
14	282	3	0	0	7	6	17	7	6	213.16	0		5.715135
14	270	1	0	0	14	6	16	6	6	68.97	1		1.368140
14	271	1	0	0	0	12	16	6	6	68.97	1		1.368140
14	279	3	0	0	6	12	17	7	6	213.16	0		5.715135
14	278	2	0	0	21	0	14	4	6	94.69	0		12.062437
14	277	2	0	0	20	6	14	4	6	94.69	0		12.062437
14	276	2	0	0	20	12	14	4	6	94.69	0		12.062437
14	275	2	0	0	6	18	14	4	6	94.69	0		12.062437
14	274	2	0	0	10	18	14	4	6	94.69	0		12.062437
14	273	2	0	0	20	18	14	4	6	94.69	0		12.062437
8	165	2	0	0	6	24	14	4	6	94.69	0		12.062437
8	172	3	0	17	0	0	17	7	6	213.16	0		5.715135
14	280	3	0	17	7	0	17	7	6	213.16	0		5.715135
14	281	3	0	17	14	0	17	7	6	213.16	0		5.715135
14	272	1	0	0	14	12	16	6	6	68.97	1		1.368140
8	171	3	0	16	14	6	17	7	6	213.16	0		5.715135
8	170	3	0	16	13	12	17	7	6	213.16	0		5.715135
8	169	3	0	16	13	18	17	7	6	213.16	0		5.715135
8	155	1	0	0	0	18	16	6	6	68.97	1		1.368140
8	153	1	0	0	14	18	16	6	6	68.97	1		1.368140
8	166	3	0	16	13	24	17	7	6	213.16	0		5.715135
8	160	2	0	0	10	24	14	4	6	94.69	0		12.062437
14	269	1	0	17	7	6	16	6	6	68.97	1		1.368140
8	164	2	0	0	20	24	14	4	6	94.69	0		12.062437
8	163	2	0	14	21	0	14	4	6	94.69	0		12.062437
8	162	2	0	14	21	6	14	4	6	94.69	0		12.062437
8	161	2	0	14	20	12	14	4	6	94.69	0		12.062437
8	159	2	0	14	20	18	14	4	6	94.69	0		12.062437
8	149	1	0	0	0	24	16	6	6	68.97	1		1.368140
5	106	3	0	17	0	6	17	7	6	213.16	0		5.715135
5	102	3	0	17	0	12	17	7	6	213.16	0		5.715135
8	147	1	0	0	14	24	16	6	6	68.97	1		1.368140
8	168	3	0	34	0	0	17	7	6	213.16	0		5.715135
8	154	1	0	17	7	12	16	6	6	68.97	1		1.368140
5	95	2	0	14	20	24	14	4	6	94.69	0		12.062437
8	152	1	0	17	7	18	16	6	6	68.97	1		1.368140
8	151	1	0	17	7	24	16	6	6	68.97	1		1.368140
8	150	1	0	34	7	0	16	6	6	68.97	1		1.368140
8	158	2	0	28	21	0	14	4	6	94.69	0		12.062437
8	148	1	0	33	7	6	16	6	6	68.97	1		1.368140
8	157	2	0	28	21	6	14	4	6	94.69	0		12.062437
5	105	3	0	16	0	18	17	7	6	213.16	0		5.715135
5	104	3	0	16	0	24	17	7	6	213.16	0		5.715135
5	96	2	0	28	20	12	14	4	6	94.69	0		12.062437
8	156	2	0	34	13	0	14	4	6	94.69	0		12.062437
5	101	3	0	34	0	6	17	7	6	213.16	0		5.715135
5	84	1	0	33	7	12	16	6	6	68.97	1		1.368140
5	100	2	0	28	20	18	14	4	6	94.69	0		12.062437
5	99	2	0	28	20	24	14	4	6	94.69	0		12.062437
5	98	2	0	33	13	6	14	4	6	94.69	0		12.062437
5	97	2	0	33	13	12	14	4	6	94.69	0		12.062437
5	103	3	0	34	0	12	17	7	6	213.16	0		5.715135
5	94	2	0	33	0	18	14	4	6	94.69	0		12.062437
5	93	2	0	33	13	18	14	4	6	94.69	0		12.062437
5	92	2	0	33	0	24	14	4	6	94.69	0		12.062437
5	91	2	0	33	13	24	14	4	6	94.69	0		12.062437
5	83	1	0	33	4	18	16	6	6	68.97	1		1.368140
5	90	1	0	33	4	24	16	6	6	68.97	1		1.368140
5	89	1	0	42	17	0	16	6	6	68.97	1		1.368140
5	88	1	0	42	17	6	16	6	6	68.97	1		1.368140
5	87	1	0	42	17	12	16	6	6	68.97	1		1.368140
5	86	1	0	42	17	18	16	6	6	68.97	1		1.368140
5	85	1	0	42	17	24	16	6	6	68.97	1		1.368140
8	167	3	1	51	0	0	17	7	6	213.16	0		5.715135


-------------------------------------------------------------------------------------------------------------------
Tour_Id:			3
No_of_Customers:		3
No_of_Items:			51
Customer_Sequence:		13 1 15 

CustId	Id	TypeId	Rotated	x	y	z	Length	Width	Height	mass	Fragility	LoadBearingStrength
15	304	3	0	0	0	0	17	7	6	213.16	0		5.715135
15	303	3	0	0	7	0	17	7	6	213.16	0		5.715135
15	302	3	0	0	14	0	17	7	6	213.16	0		5.715135
15	301	3	0	0	0	6	17	7	6	213.16	0		5.715135
15	300	3	0	0	7	6	17	7	6	213.16	0		5.715135
15	299	3	0	0	14	6	17	7	6	213.16	0		5.715135
15	298	3	0	0	0	12	17	7	6	213.16	0		5.715135
15	297	3	0	0	7	12	17	7	6	213.16	0		5.715135
15	296	2	0	0	21	0	14	4	6	94.69	0		12.062437
15	295	2	0	0	21	6	14	4	6	94.69	0		12.062437
15	294	2	0	0	14	12	14	4	6	94.69	0		12.062437
15	293	2	0	0	18	12	14	4	6	94.69	0		12.062437
15	292	2	0	0	0	18	14	4	6	94.69	0		12.062437
15	291	2	0	0	4	18	14	4	6	94.69	0		12.062437
15	287	1	0	0	8	18	16	6	6	68.97	1		1.368140
15	290	1	0	0	14	18	16	6	6	68.97	1		1.368140
15	289	1	0	0	0	24	16	6	6	68.97	1		1.368140
15	288	1	0	0	6	24	16	6	6	68.97	1		1.368140
1	13	3	0	17	0	0	17	7	6	213.16	0		5.715135
1	14	3	0	17	7	0	17	7	6	213.16	0		5.715135
1	15	3	0	17	14	0	17	7	6	213.16	0		5.715135
1	16	3	0	17	0	6	17	7	6	213.16	0		5.715135
1	5	2	0	14	21	0	14	4	6	94.69	0		12.062437
1	6	2	0	14	21	6	14	4	6	94.69	0		12.062437
1	7	2	0	14	20	12	14	4	6	94.69	0		12.062437
1	8	2	0	14	20	18	14	4	6	94.69	0		12.062437
1	9	2	0	14	20	24	14	4	6	94.69	0		12.062437
1	10	2	0	17	7	6	14	4	6	94.69	0		12.062437
1	11	2	0	17	11	6	14	4	6	94.69	0		12.062437
1	12	2	0	17	15	6	14	4	6	94.69	0		12.062437
1	1	1	0	0	12	24	16	6	6	68.97	1		1.368140
1	2	1	0	16	14	12	16	6	6	68.97	1		1.368140
1	3	1	0	16	14	18	16	6	6	68.97	1		1.368140
1	4	1	0	16	14	24	16	6	6	68.97	1		1.368140
13	260	3	0	17	0	12	17	7	6	213.16	0		5.715135
13	268	3	0	16	0	18	17	7	6	213.16	0		5.715135
13	267	3	0	16	0	24	17	7	6	213.16	0		5.715135
13	266	3	0	17	7	12	17	7	6	213.16	0		5.715135
13	265	3	0	16	7	18	17	7	6	213.16	0		5.715135
13	264	3	0	16	7	24	17	7	6	213.16	0		5.715135
13	263	3	0	34	0	0	17	7	6	213.16	0		5.715135
13	262	3	0	34	7	0	17	7	6	213.16	0		5.715135
13	261	3	0	31	7	6	17	7	6	213.16	0		5.715135
13	259	3	0	34	14	0	17	7	6	213.16	0		5.715135
13	258	2	0	28	21	0	14	4	6	94.69	0		12.062437
13	257	2	0	28	20	6	14	4	6	94.69	0		12.062437
13	256	2	0	28	20	12	14	4	6	94.69	0		12.062437
13	252	1	0	34	0	6	16	6	6	68.97	1		1.368140
13	255	1	0	34	0	12	16	6	6	68.97	1		1.368140
13	254	1	0	33	0	18	16	6	6	68.97	1		1.368140
13	253	1	0	33	0	24	16	6	6	68.97	1		1.368140


-------------------------------------------------------------------------------------------------------------------
Tour_Id:			4
No_of_Customers:		3
No_of_Items:			58
Customer_Sequence:		12 4 17 

CustId	Id	TypeId	Rotated	x	y	z	Length	Width	Height	mass	Fragility	LoadBearingStrength
17	331	3	0	0	0	0	17	7	6	213.16	0		5.715135
17	332	3	0	0	7	0	17	7	6	213.16	0		5.715135
17	333	3	0	0	14	0	17	7	6	213.16	0		5.715135
17	334	3	0	0	0	6	17	7	6	213.16	0		5.715135
17	335	3	0	0	7	6	17	7	6	213.16	0		5.715135
17	336	3	0	0	14	6	17	7	6	213.16	0		5.715135
17	337	3	0	0	0	12	17	7	6	213.16	0		5.715135
17	338	3	0	0	7	12	17	7	6	213.16	0		5.715135
17	329	2	0	0	21	0	14	4	6	94.69	0		12.062437
17	330	2	0	0	21	6	14	4	6	94.69	0		12.062437
17	323	1	0	0	14	12	16	6	6	68.97	1		1.368140
17	324	1	0	0	0	18	16	6	6	68.97	1		1.368140
17	325	1	0	0	6	18	16	6	6	68.97	1		1.368140
17	326	1	0	0	12	18	16	6	6	68.97	1		1.368140
17	327	1	0	0	0	24	16	6	6	68.97	1		1.368140
17	328	1	0	0	6	24	16	6	6	68.97	1		1.368140
4	82	3	0	17	0	0	17	7	6	213.16	0		5.715135
4	81	3	0	17	7	0	17	7	6	213.16	0		5.715135
4	80	3	0	17	14	0	17	7	6	213.16	0		5.715135
4	79	3	0	17	0	6	17	7	6	213.16	0		5.715135
4	78	3	0	17	7	6	17	7	6	213.16	0		5.715135
4	77	3	0	17	14	6	17	7	6	213.16	0		5.715135
4	76	3	0	16	14	12	17	7	6	213.16	0		5.715135
4	75	3	0	16	14	18	17	7	6	213.16	0		5.715135
4	74	3	0	16	14	24	17	7	6	213.16	0		5.715135
4	72	2	0	0	20	12	14	4	6	94.69	0		12.062437
4	73	2	0	0	20	18	14	4	6	94.69	0		12.062437
4	71	2	0	0	20	24	14	4	6	94.69	0		12.062437
4	70	2	0	14	21	0	14	4	6	94.69	0		12.062437
4	69	2	0	14	21	6	14	4	6	94.69	0		12.062437
4	68	2	0	14	21	12	14	4	6	94.69	0		12.062437
4	67	2	0	14	21	18	14	4	6	94.69	0		12.062437
4	66	2	0	14	21	24	14	4	6	94.69	0		12.062437
4	65	2	0	17	0	12	14	4	6	94.69	0		12.062437
4	64	2	0	16	0	18	14	4	6	94.69	0		12.062437
4	62	1	0	0	12	24	16	6	6	68.97	1		1.368140
4	63	1	0	17	4	12	16	6	6	68.97	1		1.368140
12	251	3	0	34	0	0	17	7	6	213.16	0		5.715135
12	250	3	0	34	7	0	17	7	6	213.16	0		5.715135
12	249	3	0	34	14	0	17	7	6	213.16	0		5.715135
12	248	3	0	34	0	6	17	7	6	213.16	0		5.715135
12	247	3	0	33	0	12	17	7	6	213.16	0		5.715135
12	246	3	0	33	0	18	17	7	6	213.16	0		5.715135
12	245	3	0	33	0	24	17	7	6	213.16	0		5.715135
12	241	2	0	16	0	24	14	4	6	94.69	0		12.062437
12	244	2	0	17	10	12	14	4	6	94.69	0		12.062437
12	243	2	0	17	10	18	14	4	6	94.69	0		12.062437
12	242	2	0	17	10	24	14	4	6	94.69	0		12.062437
12	240	2	0	28	21	0	14	4	6	94.69	0		12.062437
12	239	2	0	28	21	6	14	4	6	94.69	0		12.062437
12	238	2	0	28	21	12	14	4	6	94.69	0		12.062437
12	231	1	0	16	4	18	16	6	6	68.97	1		1.368140
12	237	1	0	16	4	24	16	6	6	68.97	1		1.368140
12	236	1	0	34	7	6	16	6	6	68.97	1		1.368140
12	235	1	0	33	7	12	16	6	6	68.97	1		1.368140
12	234	1	0	32	7	18	16	6	6	68.97	1		1.368140
12	233	1	0	32	7	24	16	6	6	68.97	1		1.368140
12	232	1	0	34	13	6	16	6	6	68.97	1		1.368140


-------------------------------------------------------------------------------------------------------------------
Tour_Id:			5
No_of_Customers:		3
No_of_Items:			66
Customer_Sequence:		10 18 2 

CustId	Id	TypeId	Rotated	x	y	z	Length	Width	Height	mass	Fragility	LoadBearingStrength
2	40	3	0	0	0	0	17	7	6	213.16	0		5.715135
2	39	3	0	0	7	0	17	7	6	213.16	0		5.715135
2	38	3	0	0	14	0	17	7	6	213.16	0		5.715135
2	37	3	0	0	0	6	17	7	6	213.16	0		5.715135
2	36	3	0	0	7	6	17	7	6	213.16	0		5.715135
2	35	3	0	0	14	6	17	7	6	213.16	0		5.715135
2	34	3	0	0	0	12	17	7	6	213.16	0		5.715135
2	29	2	0	0	21	0	14	4	6	94.69	0		12.062437
2	33	2	0	0	21	6	14	4	6	94.69	0		12.062437
2	32	2	0	0	7	12	14	4	6	94.69	0		12.062437
2	31	2	0	0	11	12	14	4	6	94.69	0		12.062437
2	30	2	0	0	15	12	14	4	6	94.69	0		12.062437
2	28	2	0	0	19	12	14	4	6	94.69	0		12.062437
2	27	2	0	0	0	18	14	4	6	94.69	0		12.062437
2	26	2	0	0	4	18	14	4	6	94.69	0		12.062437
2	25	2	0	0	8	18	14	4	6	94.69	0		12.062437
2	24	2	0	0	12	18	14	4	6	94.69	0		12.062437
2	23	2	0	0	16	18	14	4	6	94.69	0		12.062437
2	22	2	0	0	20	18	14	4	6	94.69	0		12.062437
2	21	2	0	0	0	24	14	4	6	94.69	0		12.062437
2	20	2	0	0	4	24	14	4	6	94.69	0		12.062437
2	17	1	0	0	8	24	16	6	6	68.97	1		1.368140
2	19	1	0	0	14	24	16	6	6	68.97	1		1.368140
2	18	1	0	17	0	0	16	6	6	68.97	1		1.368140
18	357	3	0	17	6	0	17	7	6	213.16	0		5.715135
18	356	3	0	17	13	0	17	7	6	213.16	0		5.715135
18	355	3	0	17	6	6	17	7	6	213.16	0		5.715135
18	354	3	0	16	7	12	17	7	6	213.16	0		5.715135
18	353	3	0	16	7	18	17	7	6	213.16	0		5.715135
18	352	3	0	16	7	24	17	7	6	213.16	0		5.715135
18	348	2	0	0	20	24	14	4	6	94.69	0		12.062437
18	351	2	0	14	21	0	14	4	6	94.69	0		12.062437
18	350	2	0	14	21	6	14	4	6	94.69	0		12.062437
18	349	2	0	14	20	12	14	4	6	94.69	0		12.062437
18	347	2	0	14	20	18	14	4	6	94.69	0		12.062437
18	339	1	0	17	14	6	16	6	6	68.97	1		1.368140
18	346	1	0	16	14	12	16	6	6	68.97	1		1.368140
18	345	1	0	16	14	18	16	6	6	68.97	1		1.368140
18	344	1	0	16	14	24	16	6	6	68.97	1		1.368140
18	343	1	0	33	0	0	16	6	6	68.97	1		1.368140
18	342	1	0	17	0	6	16	6	6	68.97	1		1.368140
18	341	1	0	17	0	12	16	6	6	68.97	1		1.368140
18	340	1	0	14	0	18	16	6	6	68.97	1		1.368140
10	199	3	0	34	6	0	17	7	6	213.16	0		5.715135
10	210	3	0	34	13	0	17	7	6	213.16	0		5.715135
10	209	3	0	33	13	6	17	7	6	213.16	0		5.715135
10	208	3	0	33	13	12	17	7	6	213.16	0		5.715135
10	207	3	0	32	14	18	17	7	6	213.16	0		5.715135
10	206	3	0	32	14	24	17	7	6	213.16	0		5.715135
10	205	3	0	34	6	6	17	7	6	213.16	0		5.715135
10	204	3	0	34	6	12	17	7	6	213.16	0		5.715135
10	203	3	0	33	7	18	17	7	6	213.16	0		5.715135
10	202	3	0	33	7	24	17	7	6	213.16	0		5.715135
10	201	3	1	51	0	0	17	7	6	213.16	0		5.715135
10	200	3	1	51	0	6	17	7	6	213.16	0		5.715135
10	198	3	1	51	0	12	17	7	6	213.16	0		5.715135
10	197	2	0	14	20	24	14	4	6	94.69	0		12.062437
10	196	2	0	28	20	0	14	4	6	94.69	0		12.062437
10	195	2	0	28	20	6	14	4	6	94.69	0		12.062437
10	194	2	0	28	20	12	14	4	6	94.69	0		12.062437
10	193	2	0	42	20	0	14	4	6	94.69	0		12.062437
10	188	1	0	14	0	24	16	6	6	68.97	1		1.368140
10	192	1	0	33	0	6	16	6	6	68.97	1		1.368140
10	191	1	0	33	0	12	16	6	6	68.97	1		1.368140
10	190	1	0	30	0	18	16	6	6	68.97	1		1.368140
10	189	1	0	30	0	24	16	6	6	68.97	1		1.368140


-------------------------------------------------------------------------------------------------------------------
Tour_Id:			6
No_of_Customers:		2
No_of_Items:			43
Customer_Sequence:		6 3 

CustId	Id	TypeId	Rotated	x	y	z	Length	Width	Height	mass	Fragility	LoadBearingStrength
3	61	3	0	0	0	0	17	7	6	213.16	0		5.715135
3	60	3	0	0	7	0	17	7	6	213.16	0		5.715135
3	59	3	0	0	14	0	17	7	6	213.16	0		5.715135
3	58	3	0	0	0	6	17	7	6	213.16	0		5.715135
3	57	3	0	0	7	6	17	7	6	213.16	0		5.715135
3	56	3	0	0	14	6	17	7	6	213.16	0		5.715135
3	55	3	0	0	0	12	17	7	6	213.16	0		5.715135
3	51	2	0	0	21	0	14	4	6	94.69	0		12.062437
3	54	2	0	0	21	6	14	4	6	94.69	0		12.062437
3	53	2	0	0	7	12	14	4	6	94.69	0		12.062437
3	52	2	0	0	11	12	14	4	6	94.69	0		12.062437
3	50	2	0	0	15	12	14	4	6	94.69	0		12.062437
3	49	2	0	0	19	12	14	4	6	94.69	0		12.062437
3	48	2	0	0	0	18	14	4	6	94.69	0		12.062437
3	41	1	0	0	4	18	16	6	6	68.97	1		1.368140
3	47	1	0	0	10	18	16	6	6	68.97	1		1.368140
3	46	1	0	0	16	18	16	6	6	68.97	1		1.368140
3	45	1	0	0	0	24	16	6	6	68.97	1		1.368140
3	44	1	0	0	6	24	16	6	6	68.97	1		1.368140
3	43	1	0	0	12	24	16	6	6	68.97	1		1.368140
3	42	1	0	17	0	0	16	6	6	68.97	1		1.368140
6	128	3	0	17	6	0	17	7	6	213.16	0		5.715135
6	127	3	0	17	13	0	17	7	6	213.16	0		5.715135
6	126	3	0	17	6	6	17	7	6	213.16	0		5.715135
6	125	3	0	16	7	12	17	7	6	213.16	0		5.715135
6	124	3	0	16	7	18	17	7	6	213.16	0		5.715135
6	123	3	0	16	6	24	17	7	6	213.16	0		5.715135
6	122	3	0	17	13	6	17	7	6	213.16	0		5.715135
6	121	3	0	16	14	12	17	7	6	213.16	0		5.715135
6	120	3	0	16	14	18	17	7	6	213.16	0		5.715135
6	119	3	0	16	13	24	17	7	6	213.16	0		5.715135
6	118	2	0	16	21	0	14	4	6	94.69	0		12.062437
6	117	2	0	16	21	6	14	4	6	94.69	0		12.062437
6	116	2	0	16	21	12	14	4	6	94.69	0		12.062437
6	115	2	0	16	21	18	14	4	6	94.69	0		12.062437
6	107	1	0	33	0	0	16	6	6	68.97	1		1.368140
6	114	1	0	17	0	6	16	6	6	68.97	1		1.368140
6	113	1	0	17	0	12	16	6	6	68.97	1		1.368140
6	112	1	0	16	0	18	16	6	6	68.97	1		1.368140
6	111	1	0	16	0	24	16	6	6	68.97	1		1.368140
6	110	1	0	33	0	6	16	6	6	68.97	1		1.368140
6	109	1	0	33	0	12	16	6	6	68.97	1		1.368140
6	108	1	0	32	0	18	16	6	6	68.97	1		1.368140


-------------------------------------------------------------------------------------------------------------------
Tour_Id:			7
No_of_Customers:		3
No_of_Items:			59
Customer_Sequence:		19 11 7 

CustId	Id	TypeId	Rotated	x	y	z	Length	Width	Height	mass	Fragility	LoadBearingStrength
7	146	3	0	0	0	0	17	7	6	213.16	0		5.715135
7	145	3	0	0	7	0	17	7	6	213.16	0		5.715135
7	144	3	0	0	14	0	17	7	6	213.16	0		5.715135
7	143	3	0	0	0	6	17	7	6	213.16	0		5.715135
7	142	3	0	0	7	6	17	7	6	213.16	0		5.715135
7	141	3	0	0	14	6	17	7	6	213.16	0		5.715135
7	140	3	0	0	0	12	17	7	6	213.16	0		5.715135
7	138	2	0	0	21	0	14	4	6	94.69	0		12.062437
7	139	2	0	0	21	6	14	4	6	94.69	0		12.062437
7	137	2	0	0	7	12	14	4	6	94.69	0		12.062437
7	136	2	0	0	11	12	14	4	6	94.69	0		12.062437
7	135	2	0	0	15	12	14	4	6	94.69	0		12.062437
7	134	2	0	0	19	12	14	4	6	94.69	0		12.062437
7	129	1	0	0	0	18	16	6	6	68.97	1		1.368140
7	133	1	0	0	6	18	16	6	6	68.97	1		1.368140
7	132	1	0	0	12	18	16	6	6	68.97	1		1.368140
7	131	1	0	0	0	24	16	6	6	68.97	1		1.368140
7	130	1	0	0	6	24	16	6	6	68.97	1		1.368140
11	230	3	0	17	0	0	17	7	6	213.16	0		5.715135
11	229	3	0	17	7	0	17	7	6	213.16	0		5.715135
11	221	2	0	0	18	18	14	4	6	94.69	0		12.062437
11	228	2	0	0	18	24	14	4	6	94.69	0		12.062437
11	227	2	0	14	21	0	14	4	6	94.69	0		12.062437
11	226	2	0	14	21	6	14	4	6	94.69	0		12.062437
11	225	2	0	14	21	12	14	4	6	94.69	0		12.062437
11	224	2	0	14	21	18	14	4	6	94.69	0		12.062437
11	223	2	0	14	21	24	14	4	6	94.69	0		12.062437
11	222	2	0	17	14	0	14	4	6	94.69	0		12.062437
11	220	2	0	17	0	6	14	4	6	94.69	0		12.062437
11	219	2	0	17	4	6	14	4	6	94.69	0		12.062437
11	218	2	0	17	8	6	14	4	6	94.69	0		12.062437
11	211	1	0	0	12	24	16	6	6	68.97	1		1.368140
11	217	1	0	16	7	12	16	6	6	68.97	1		1.368140
11	216	1	0	16	6	18	16	6	6	68.97	1		1.368140
11	215	1	0	16	6	24	16	6	6	68.97	1		1.368140
11	214	1	0	17	12	6	16	6	6	68.97	1		1.368140
11	213	1	0	16	13	12	16	6	6	68.97	1		1.368140
11	212	1	0	16	12	18	16	6	6	68.97	1		1.368140
19	378	3	0	34	0	0	17	7	6	213.16	0		5.715135
19	377	3	0	32	0	6	17	7	6	213.16	0		5.715135
19	376	3	0	32	0	12	17	7	6	213.16	0		5.715135
19	375	3	0	32	0	18	17	7	6	213.16	0		5.715135
19	368	2	0	17	0	12	14	4	6	94.69	0		12.062437
19	374	2	0	16	0	18	14	4	6	94.69	0		12.062437
19	373	2	0	16	0	24	14	4	6	94.69	0		12.062437
19	372	2	0	28	21	0	14	4	6	94.69	0		12.062437
19	371	2	0	28	21	6	14	4	6	94.69	0		12.062437
19	370	2	0	28	21	12	14	4	6	94.69	0		12.062437
19	369	2	0	28	21	18	14	4	6	94.69	0		12.062437
19	367	2	0	28	21	24	14	4	6	94.69	0		12.062437
19	366	2	0	30	0	24	14	4	6	94.69	0		12.062437
19	365	2	0	34	7	0	14	4	6	94.69	0		12.062437
19	358	1	0	16	12	24	16	6	6	68.97	1		1.368140
19	364	1	0	34	11	0	16	6	6	68.97	1		1.368140
19	363	1	0	33	7	6	16	6	6	68.97	1		1.368140
19	362	1	0	32	7	12	16	6	6	68.97	1		1.368140
19	361	1	0	32	7	18	16	6	6	68.97	1		1.368140
19	360	1	0	32	4	24	16	6	6	68.97	1		1.368140
19	359	1	1	50	7	0	16	6	6	68.97	1		1.368140


