Name:				321_n020_m400_bt10
Problem:			3L-VRPTW
Number_of_used_Vehicles:	5
Total_Travel_Distance:		467.42
Calculation_Time:		3600.00
Total_Iterations:		442
ConstraintSet:			P1

-------------------------------------------------------------------------------------------------------------------
Tour_Id:			1
No_of_Customers:		3
No_of_Items:			54
Customer_Sequence:		19 14 8 

CustId	Id	TypeId	Rotated	x	y	z	Length	Width	Height	mass	Fragility	LoadBearingStrength
8	146	2	0	0	0	0	16	7	8	98.64	0		9.874351
8	161	8	0	0	7	0	10	5	7	43.04	0		3.398651
8	158	6	0	0	12	0	11	4	7	38.82	0		4.681858
8	157	6	0	0	16	0	11	4	7	38.82	0		4.681858
8	156	6	0	0	20	0	11	4	7	38.82	0		4.681858
8	155	5	0	0	7	7	10	6	5	32.44	0		13.767275
8	154	5	0	0	13	7	10	6	5	32.44	0		13.767275
8	153	5	0	0	19	7	10	6	5	32.44	0		13.767275
8	152	5	0	0	0	8	10	6	5	32.44	0		13.767275
8	162	10	0	0	7	12	10	4	6	42.10	0		4.910823
8	163	10	0	0	11	12	10	4	6	42.10	0		4.910823
8	164	10	0	0	15	12	10	4	6	42.10	0		4.910823
8	165	10	0	0	19	12	10	4	6	42.10	0		4.910823
8	151	4	0	0	0	13	10	5	4	20.03	0		10.906988
8	150	4	0	0	0	17	10	5	4	20.03	0		10.906988
8	159	7	0	0	23	12	7	2	8	21.35	0		16.824741
8	160	7	0	0	7	18	7	2	8	21.35	0		16.824741
8	145	1	0	0	9	18	7	4	3	11.03	0		2.473601
8	149	3	0	11	7	0	16	6	8	74.44	1		0.981683
8	148	3	1	10	0	8	16	6	8	74.44	1		0.981683
8	147	3	1	10	0	16	16	6	8	74.44	1		0.981683
14	267	2	0	11	16	0	16	7	8	98.64	0		9.874351
14	266	2	0	10	16	8	16	7	8	98.64	0		9.874351
14	279	8	0	10	16	16	10	5	7	43.04	0		3.398651
14	278	8	0	10	16	23	10	5	7	43.04	0		3.398651
14	277	8	0	16	0	0	10	5	7	43.04	0		3.398651
14	276	8	0	16	0	7	10	5	7	43.04	0		3.398651
14	270	6	0	16	0	14	11	4	7	38.82	0		4.681858
14	271	6	0	16	0	21	11	4	7	38.82	0		4.681858
14	272	6	0	26	0	0	11	4	7	38.82	0		4.681858
14	269	5	0	27	7	0	10	6	5	32.44	0		13.767275
14	282	10	0	0	19	18	10	4	6	42.10	0		4.910823
14	268	4	0	0	19	24	10	5	4	20.03	0		10.906988
14	275	7	0	10	21	16	7	2	8	21.35	0		16.824741
14	274	7	0	11	23	0	7	2	8	21.35	0		16.824741
14	273	7	0	10	23	8	7	2	8	21.35	0		16.824741
14	280	9	0	26	4	0	11	3	8	42.72	1		4.036976
14	281	9	0	26	4	8	11	3	8	42.72	1		4.036976
19	377	8	0	27	13	0	10	5	7	43.04	0		3.398651
19	373	5	0	27	18	0	10	6	5	32.44	0		13.767275
19	374	5	0	27	7	5	10	6	5	32.44	0		13.767275
19	375	5	0	27	18	5	10	6	5	32.44	0		13.767275
19	381	10	0	26	7	10	10	4	6	42.10	0		4.910823
19	371	4	0	26	7	16	10	5	4	20.03	0		10.906988
19	372	4	0	26	7	20	10	5	4	20.03	0		10.906988
19	376	7	0	10	23	16	7	2	8	21.35	0		16.824741
19	366	1	0	10	21	24	7	4	3	11.03	0		2.473601
19	367	1	0	10	21	27	7	4	3	11.03	0		2.473601
19	368	3	0	37	0	0	16	6	8	74.44	1		0.981683
19	369	3	0	37	6	0	16	6	8	74.44	1		0.981683
19	370	3	0	37	12	0	16	6	8	74.44	1		0.981683
19	378	9	0	26	4	16	11	3	8	42.72	1		4.036976
19	379	9	0	27	18	10	11	3	8	42.72	1		4.036976
19	380	9	0	26	21	10	11	3	8	42.72	1		4.036976


-------------------------------------------------------------------------------------------------------------------
Tour_Id:			2
No_of_Customers:		4
No_of_Items:			90
Customer_Sequence:		10 2 18 1 

CustId	Id	TypeId	Rotated	x	y	z	Length	Width	Height	mass	Fragility	LoadBearingStrength
1	3	2	0	0	0	0	16	7	8	98.64	0		9.874351
1	7	3	0	0	7	0	16	6	8	74.44	1		0.981683
1	5	2	0	0	13	0	16	7	8	98.64	0		9.874351
1	6	2	0	0	0	8	16	7	8	98.64	0		9.874351
1	20	8	0	0	20	0	10	5	7	43.04	0		3.398651
1	19	8	0	0	20	7	10	5	7	43.04	0		3.398651
1	15	6	0	0	13	8	11	4	7	38.82	0		4.681858
1	13	6	0	0	20	14	11	4	7	38.82	0		4.681858
1	14	6	0	0	13	15	11	4	7	38.82	0		4.681858
1	10	5	0	0	0	16	10	6	5	32.44	0		13.767275
1	16	7	0	0	17	8	7	2	8	21.35	0		16.824741
1	12	5	0	0	0	21	10	6	5	32.44	0		13.767275
1	22	10	0	0	20	21	10	4	6	42.10	0		4.910823
1	11	5	0	16	0	0	10	6	5	32.44	0		13.767275
1	9	4	0	0	13	22	10	5	4	20.03	0		10.906988
1	8	4	0	0	0	26	10	5	4	20.03	0		10.906988
1	21	10	0	10	20	0	10	4	6	42.10	0		4.910823
1	17	7	0	7	17	8	7	2	8	21.35	0		16.824741
1	18	7	0	10	20	6	7	2	8	21.35	0		16.824741
1	2	1	0	0	13	26	7	4	3	11.03	0		2.473601
1	1	1	0	0	20	27	7	4	3	11.03	0		2.473601
1	4	2	0	16	6	0	16	7	8	98.64	0		9.874351
18	349	2	0	16	13	0	16	7	8	98.64	0		9.874351
18	358	8	0	16	0	5	10	5	7	43.04	0		3.398651
2	32	6	0	11	13	8	11	4	7	38.82	0		4.681858
18	354	5	0	16	6	8	10	6	5	32.44	0		13.767275
18	365	10	0	16	0	12	10	4	6	42.10	0		4.910823
18	352	4	0	16	6	13	10	5	4	20.03	0		10.906988
18	353	4	0	16	6	17	10	5	4	20.03	0		10.906988
18	355	7	1	10	0	16	7	2	8	21.35	0		16.824741
18	357	7	0	11	20	14	7	2	8	21.35	0		16.824741
2	25	3	0	26	0	0	16	6	8	74.44	1		0.981683
18	344	1	1	12	0	16	7	4	3	11.03	0		2.473601
18	348	1	1	12	0	19	7	4	3	11.03	0		2.473601
18	347	1	1	12	0	22	7	4	3	11.03	0		2.473601
18	356	7	0	11	22	6	7	2	8	21.35	0		16.824741
18	345	1	1	12	0	25	7	4	3	11.03	0		2.473601
18	351	3	0	0	7	8	16	6	8	74.44	1		0.981683
18	359	9	0	0	7	16	11	3	8	42.72	1		4.036976
18	360	9	0	0	10	16	11	3	8	42.72	1		4.036976
18	361	9	0	14	17	8	11	3	8	42.72	1		4.036976
18	346	1	0	16	0	18	7	4	3	11.03	0		2.473601
18	363	9	0	10	17	16	11	3	8	42.72	1		4.036976
18	364	9	1	16	0	21	11	3	8	42.72	1		4.036976
18	362	9	1	19	0	21	11	3	8	42.72	1		4.036976
2	29	4	0	20	20	0	10	5	4	20.03	0		10.906988
2	35	8	0	20	20	4	10	5	7	43.04	0		3.398651
18	350	2	0	32	6	0	16	7	8	98.64	0		9.874351
2	31	5	0	25	12	8	10	6	5	32.44	0		13.767275
2	43	10	0	11	13	15	10	4	6	42.10	0		4.910823
2	42	10	0	11	13	21	10	4	6	42.10	0		4.910823
2	41	10	0	18	20	11	10	4	6	42.10	0		4.910823
2	30	4	0	18	20	17	10	5	4	20.03	0		10.906988
2	36	8	0	18	20	21	10	5	7	43.04	0		3.398651
2	28	3	0	26	0	8	16	6	8	74.44	1		0.981683
10	192	4	0	25	11	13	10	5	4	20.03	0		10.906988
2	23	1	0	11	13	27	7	4	3	11.03	0		2.473601
2	34	7	0	11	22	14	7	2	8	21.35	0		16.824741
2	27	3	0	26	0	16	16	6	8	74.44	1		0.981683
2	26	3	0	42	0	0	16	6	8	74.44	1		0.981683
2	24	2	0	32	13	0	16	7	8	98.64	0		9.874351
2	37	9	0	26	6	8	11	3	8	42.72	1		4.036976
2	38	9	0	26	6	16	11	3	8	42.72	1		4.036976
2	39	9	0	30	20	0	11	3	8	42.72	1		4.036976
2	40	9	0	30	18	8	11	3	8	42.72	1		4.036976
10	184	2	1	41	6	8	16	7	8	98.64	0		9.874351
10	185	2	1	41	6	16	16	7	8	98.64	0		9.874351
10	186	2	1	48	6	0	16	7	8	98.64	0		9.874351
10	187	2	1	48	6	8	16	7	8	98.64	0		9.874351
10	188	2	1	48	6	16	16	7	8	98.64	0		9.874351
10	202	8	0	25	11	17	10	5	7	43.04	0		3.398651
10	201	8	1	55	6	0	10	5	7	43.04	0		3.398651
10	200	8	1	55	6	7	10	5	7	43.04	0		3.398651
10	199	8	1	55	6	14	10	5	7	43.04	0		3.398651
10	198	8	1	55	6	21	10	5	7	43.04	0		3.398651
10	196	6	1	37	6	8	11	4	7	38.82	0		4.681858
10	195	5	0	25	11	24	10	6	5	32.44	0		13.767275
10	194	5	0	41	6	24	10	6	5	32.44	0		13.767275
10	206	10	1	37	6	15	10	4	6	42.10	0		4.910823
10	207	10	1	37	6	21	10	4	6	42.10	0		4.910823
10	193	4	0	41	12	24	10	5	4	20.03	0		10.906988
2	33	7	0	10	20	22	7	2	8	21.35	0		16.824741
10	191	4	0	41	17	24	10	5	4	20.03	0		10.906988
10	197	7	0	25	16	13	7	2	8	21.35	0		16.824741
10	183	1	1	37	6	27	7	4	3	11.03	0		2.473601
10	190	3	0	42	0	8	16	6	8	74.44	1		0.981683
10	189	3	0	42	0	16	16	6	8	74.44	1		0.981683
10	203	9	0	30	18	16	11	3	8	42.72	1		4.036976
10	204	9	0	41	22	0	11	3	8	42.72	1		4.036976
10	205	9	0	41	22	8	11	3	8	42.72	1		4.036976


-------------------------------------------------------------------------------------------------------------------
Tour_Id:			3
No_of_Customers:		4
No_of_Items:			85
Customer_Sequence:		6 4 9 12 

CustId	Id	TypeId	Rotated	x	y	z	Length	Width	Height	mass	Fragility	LoadBearingStrength
12	227	2	0	0	0	0	16	7	8	98.64	0		9.874351
12	245	8	0	0	7	0	10	5	7	43.04	0		3.398651
12	244	8	0	0	12	0	10	5	7	43.04	0		3.398651
12	241	6	0	0	17	0	11	4	7	38.82	0		4.681858
12	240	6	0	0	21	0	11	4	7	38.82	0		4.681858
12	239	5	0	0	7	7	10	6	5	32.44	0		13.767275
12	238	5	0	0	13	7	10	6	5	32.44	0		13.767275
12	251	10	0	0	19	7	10	4	6	42.10	0		4.910823
12	250	10	0	0	0	8	10	4	6	42.10	0		4.910823
12	235	4	0	0	7	12	10	5	4	20.03	0		10.906988
12	236	4	0	0	12	12	10	5	4	20.03	0		10.906988
12	237	4	0	0	19	13	10	5	4	20.03	0		10.906988
12	233	4	0	0	0	14	10	5	4	20.03	0		10.906988
12	232	4	0	0	7	16	10	5	4	20.03	0		10.906988
12	234	4	0	0	12	16	10	5	4	20.03	0		10.906988
4	61	2	0	10	7	0	16	7	8	98.64	0		9.874351
12	242	7	0	0	5	8	7	2	8	21.35	0		16.824741
12	226	1	0	0	19	17	7	4	3	11.03	0		2.473601
12	225	1	0	0	0	18	7	4	3	11.03	0		2.473601
12	230	3	1	0	7	20	16	6	8	74.44	1		0.981683
12	231	3	0	11	17	0	16	6	8	74.44	1		0.981683
12	229	3	0	11	17	8	16	6	8	74.44	1		0.981683
12	228	3	0	11	17	16	16	6	8	74.44	1		0.981683
12	246	9	1	6	7	20	11	3	8	42.72	1		4.036976
12	247	9	0	10	14	0	11	3	8	42.72	1		4.036976
12	248	9	0	10	14	8	11	3	8	42.72	1		4.036976
12	249	9	0	10	14	16	11	3	8	42.72	1		4.036976
9	167	2	0	16	0	0	16	7	8	98.64	0		9.874351
9	177	8	0	10	0	8	10	5	7	43.04	0		3.398651
9	176	8	0	10	0	15	10	5	7	43.04	0		3.398651
9	175	6	0	10	0	22	11	4	7	38.82	0		4.681858
9	174	5	0	20	0	8	10	6	5	32.44	0		13.767275
9	173	5	0	20	0	13	10	6	5	32.44	0		13.767275
9	172	5	0	27	17	0	10	6	5	32.44	0		13.767275
9	171	5	0	27	17	5	10	6	5	32.44	0		13.767275
9	170	5	0	27	17	10	10	6	5	32.44	0		13.767275
9	180	10	0	27	17	15	10	4	6	42.10	0		4.910823
9	181	10	0	27	17	21	10	4	6	42.10	0		4.910823
9	182	10	0	32	0	0	10	4	6	42.10	0		4.910823
9	169	4	0	20	0	18	10	5	4	20.03	0		10.906988
9	166	1	0	0	0	21	7	4	3	11.03	0		2.473601
9	168	3	0	37	17	0	16	6	8	74.44	1		0.981683
9	178	9	0	21	14	0	11	3	8	42.72	1		4.036976
9	179	9	0	21	14	8	11	3	8	42.72	1		4.036976
12	243	7	0	0	17	12	7	2	8	21.35	0		16.824741
4	60	2	0	10	6	8	16	7	8	98.64	0		9.874351
4	70	8	0	10	6	16	10	5	7	43.04	0		3.398651
4	72	8	0	10	6	23	10	5	7	43.04	0		3.398651
4	71	8	0	21	0	22	10	5	7	43.04	0		3.398651
4	66	6	0	26	7	0	11	4	7	38.82	0		4.681858
4	67	6	0	26	7	7	11	4	7	38.82	0		4.681858
4	76	10	0	26	6	14	10	4	6	42.10	0		4.910823
4	77	10	0	26	6	20	10	4	6	42.10	0		4.910823
4	78	10	0	32	0	6	10	4	6	42.10	0		4.910823
4	79	10	0	30	0	12	10	4	6	42.10	0		4.910823
4	80	10	0	37	4	0	10	4	6	42.10	0		4.910823
4	65	4	0	26	6	26	10	5	4	20.03	0		10.906988
4	68	7	0	10	11	16	7	2	8	21.35	0		16.824741
4	69	7	0	11	23	0	7	2	8	21.35	0		16.824741
4	64	3	0	37	8	0	16	6	8	74.44	1		0.981683
4	63	3	0	37	8	8	16	6	8	74.44	1		0.981683
4	62	3	0	37	17	8	16	6	8	74.44	1		0.981683
4	73	9	1	21	6	16	11	3	8	42.72	1		4.036976
4	74	9	0	26	11	0	11	3	8	42.72	1		4.036976
4	75	9	0	26	11	8	11	3	8	42.72	1		4.036976
6	104	2	1	53	0	0	16	7	8	98.64	0		9.874351
6	105	2	1	53	0	8	16	7	8	98.64	0		9.874351
6	112	6	0	37	4	6	11	4	7	38.82	0		4.681858
6	111	5	1	53	0	16	10	6	5	32.44	0		13.767275
6	110	5	1	53	0	21	10	6	5	32.44	0		13.767275
6	121	10	0	37	4	13	10	4	6	42.10	0		4.910823
6	120	10	0	37	4	19	10	4	6	42.10	0		4.910823
6	119	10	0	42	0	0	10	4	6	42.10	0		4.910823
6	118	10	0	42	0	6	10	4	6	42.10	0		4.910823
6	109	4	0	37	4	25	10	5	4	20.03	0		10.906988
6	108	4	1	53	0	26	10	5	4	20.03	0		10.906988
6	113	7	0	10	23	8	7	2	8	21.35	0		16.824741
6	114	7	0	10	23	16	7	2	8	21.35	0		16.824741
6	115	7	0	18	23	0	7	2	8	21.35	0		16.824741
6	103	1	0	27	17	27	7	4	3	11.03	0		2.473601
6	102	1	0	40	0	12	7	4	3	11.03	0		2.473601
6	107	3	0	37	8	16	16	6	8	74.44	1		0.981683
6	106	3	0	37	17	16	16	6	8	74.44	1		0.981683
6	116	9	0	24	11	16	11	3	8	42.72	1		4.036976
6	117	9	0	32	14	0	11	3	8	42.72	1		4.036976


-------------------------------------------------------------------------------------------------------------------
Tour_Id:			4
No_of_Customers:		5
No_of_Items:			92
Customer_Sequence:		16 13 15 17 11 

CustId	Id	TypeId	Rotated	x	y	z	Length	Width	Height	mass	Fragility	LoadBearingStrength
11	209	2	0	0	0	0	16	7	8	98.64	0		9.874351
15	288	5	0	0	7	0	10	6	5	32.44	0		13.767275
11	220	5	0	0	13	0	10	6	5	32.44	0		13.767275
11	219	5	0	0	19	0	10	6	5	32.44	0		13.767275
11	218	5	0	0	13	5	10	6	5	32.44	0		13.767275
11	217	5	0	0	19	5	10	6	5	32.44	0		13.767275
11	224	10	0	0	0	8	10	4	6	42.10	0		4.910823
11	215	4	0	0	13	10	10	5	4	20.03	0		10.906988
11	216	4	0	0	18	10	10	5	4	20.03	0		10.906988
11	214	4	0	0	0	14	10	5	4	20.03	0		10.906988
11	221	7	0	0	5	8	7	2	8	21.35	0		16.824741
11	208	1	0	0	13	14	7	4	3	11.03	0		2.473601
11	213	3	0	10	13	0	16	6	8	74.44	1		0.981683
11	212	3	0	10	19	0	16	6	8	74.44	1		0.981683
11	211	3	0	10	13	8	16	6	8	74.44	1		0.981683
11	210	3	0	10	19	8	16	6	8	74.44	1		0.981683
11	223	9	0	0	0	18	11	3	8	42.72	1		4.036976
17	330	2	0	16	0	0	16	7	8	98.64	0		9.874351
17	331	2	0	11	0	8	16	7	8	98.64	0		9.874351
17	338	8	0	11	0	16	10	5	7	43.04	0		3.398651
17	337	8	0	11	0	23	10	5	7	43.04	0		3.398651
17	333	5	0	26	13	0	10	6	5	32.44	0		13.767275
15	285	2	0	32	0	0	16	7	8	98.64	0		9.874351
17	343	10	0	26	19	0	10	4	6	42.10	0		4.910823
17	342	10	0	26	13	5	10	4	6	42.10	0		4.910823
17	341	10	0	26	19	6	10	4	6	42.10	0		4.910823
17	335	7	0	0	5	16	7	2	8	21.35	0		16.824741
17	336	7	0	0	13	17	7	2	8	21.35	0		16.824741
17	326	1	0	21	0	16	7	4	3	11.03	0		2.473601
13	255	2	0	28	0	8	16	7	8	98.64	0		9.874351
17	328	1	0	21	0	19	7	4	3	11.03	0		2.473601
17	327	1	0	21	0	22	7	4	3	11.03	0		2.473601
17	332	3	0	10	13	16	16	6	8	74.44	1		0.981683
17	339	9	0	10	19	16	11	3	8	42.72	1		4.036976
11	222	8	0	0	17	14	10	5	7	43.04	0		3.398651
15	284	2	0	36	7	0	16	7	8	98.64	0		9.874351
15	297	8	0	0	7	5	10	5	7	43.04	0		3.398651
15	286	2	0	36	14	0	16	7	8	98.64	0		9.874351
15	287	2	0	36	7	8	16	7	8	98.64	0		9.874351
15	298	8	0	0	7	12	10	5	7	43.04	0		3.398651
17	334	5	0	0	17	21	10	6	5	32.44	0		13.767275
15	296	8	0	0	7	19	10	5	7	43.04	0		3.398651
16	318	7	0	10	5	16	7	2	8	21.35	0		16.824741
15	290	6	0	10	7	0	11	4	7	38.82	0		4.681858
15	291	6	0	10	7	7	11	4	7	38.82	0		4.681858
15	292	6	0	10	7	14	11	4	7	38.82	0		4.681858
13	262	8	0	10	7	21	10	5	7	43.04	0		3.398651
15	289	6	0	21	7	0	11	4	7	38.82	0		4.681858
15	294	7	0	10	11	0	7	2	8	21.35	0		16.824741
15	295	7	0	10	11	8	7	2	8	21.35	0		16.824741
15	283	1	0	0	7	26	7	4	3	11.03	0		2.473601
13	261	8	0	26	19	12	10	5	7	43.04	0		3.398651
15	302	10	0	21	7	7	10	4	6	42.10	0		4.910823
15	299	9	0	10	22	16	11	3	8	42.72	1		4.036976
15	300	9	0	21	7	13	11	3	8	42.72	1		4.036976
13	253	2	0	36	14	8	16	7	8	98.64	0		9.874351
13	254	2	0	36	7	16	16	7	8	98.64	0		9.874351
17	329	1	0	0	17	26	7	4	3	11.03	0		2.473601
16	317	7	0	17	5	16	7	2	8	21.35	0		16.824741
17	340	9	0	36	21	0	11	3	8	42.72	1		4.036976
13	259	5	0	26	19	19	10	6	5	32.44	0		13.767275
13	263	10	0	26	19	24	10	4	6	42.10	0		4.910823
16	310	3	0	28	0	16	16	6	8	74.44	1		0.981683
16	308	2	0	36	14	16	16	7	8	98.64	0		9.874351
13	256	4	0	36	7	24	10	5	4	20.03	0		10.906988
13	257	4	0	48	0	0	10	5	4	20.03	0		10.906988
13	258	4	0	48	0	4	10	5	4	20.03	0		10.906988
13	260	7	0	44	0	8	7	2	8	21.35	0		16.824741
16	323	10	0	36	12	24	10	4	6	42.10	0		4.910823
16	307	2	1	52	7	0	16	7	8	98.64	0		9.874351
13	265	10	0	44	2	8	10	4	6	42.10	0		4.910823
16	309	2	1	52	7	8	16	7	8	98.64	0		9.874351
16	319	8	0	44	2	14	10	5	7	43.04	0		3.398651
16	312	6	0	44	2	21	11	4	7	38.82	0		4.681858
16	313	6	1	52	7	16	11	4	7	38.82	0		4.681858
16	325	10	0	36	16	24	10	4	6	42.10	0		4.910823
16	311	5	1	46	6	24	10	6	5	32.44	0		13.767275
16	324	10	1	52	6	23	10	4	6	42.10	0		4.910823
13	252	1	0	21	0	25	7	4	3	11.03	0		2.473601
16	314	7	0	47	23	0	7	2	8	21.35	0		16.824741
15	301	10	0	26	13	11	10	4	6	42.10	0		4.910823
15	293	7	0	17	11	0	7	2	8	21.35	0		16.824741
16	316	7	0	47	23	8	7	2	8	21.35	0		16.824741
16	315	7	0	47	23	16	7	2	8	21.35	0		16.824741
16	303	1	0	46	16	24	7	4	3	11.03	0		2.473601
16	306	1	0	46	16	27	7	4	3	11.03	0		2.473601
16	305	1	0	52	18	16	7	4	3	11.03	0		2.473601
16	304	1	0	52	18	19	7	4	3	11.03	0		2.473601
13	264	10	0	26	13	17	10	4	6	42.10	0		4.910823
16	320	9	0	36	21	8	11	3	8	42.72	1		4.036976
16	321	9	0	36	21	16	11	3	8	42.72	1		4.036976
16	322	9	1	56	7	16	11	3	8	42.72	1		4.036976


-------------------------------------------------------------------------------------------------------------------
Tour_Id:			5
No_of_Customers:		4
No_of_Items:			79
Customer_Sequence:		3 20 5 7 

CustId	Id	TypeId	Rotated	x	y	z	Length	Width	Height	mass	Fragility	LoadBearingStrength
7	124	2	0	0	0	0	16	7	8	98.64	0		9.874351
7	125	2	0	0	7	0	16	7	8	98.64	0		9.874351
7	143	10	0	0	14	0	10	4	6	42.10	0		4.910823
7	129	3	0	0	18	0	16	6	8	74.44	1		0.981683
5	83	1	0	0	14	6	7	4	3	11.03	0		2.473601
7	139	8	0	0	0	8	10	5	7	43.04	0		3.398651
7	136	6	0	0	5	8	11	4	7	38.82	0		4.681858
7	135	6	0	0	9	8	11	4	7	38.82	0		4.681858
7	134	5	0	0	0	15	10	6	5	32.44	0		13.767275
7	133	5	0	0	6	15	10	6	5	32.44	0		13.767275
7	144	10	0	0	0	20	10	4	6	42.10	0		4.910823
7	126	2	0	16	0	0	16	7	8	98.64	0		9.874351
7	132	4	0	0	4	20	10	5	4	20.03	0		10.906988
7	131	4	0	0	4	24	10	5	4	20.03	0		10.906988
7	130	4	0	10	0	8	10	5	4	20.03	0		10.906988
7	137	7	0	0	9	20	7	2	8	21.35	0		16.824741
7	138	7	0	10	0	12	7	2	8	21.35	0		16.824741
7	123	1	0	0	0	26	7	4	3	11.03	0		2.473601
7	122	1	0	10	14	0	7	4	3	11.03	0		2.473601
7	141	8	0	16	7	0	10	5	7	43.04	0		3.398651
7	128	3	0	0	18	8	16	6	8	74.44	1		0.981683
7	127	3	0	0	18	16	16	6	8	74.44	1		0.981683
7	142	9	0	10	2	12	11	3	8	42.72	1		4.036976
5	84	2	0	16	18	0	16	7	8	98.64	0		9.874351
5	85	2	0	16	18	8	16	7	8	98.64	0		9.874351
5	86	2	0	16	18	16	16	7	8	98.64	0		9.874351
5	96	8	1	11	5	8	10	5	7	43.04	0		3.398651
5	95	8	1	10	5	15	10	5	7	43.04	0		3.398651
5	93	6	1	10	5	22	11	4	7	38.82	0		4.681858
5	91	6	0	16	7	7	11	4	7	38.82	0		4.681858
5	92	6	0	16	7	14	11	4	7	38.82	0		4.681858
5	89	5	0	16	18	24	10	6	5	32.44	0		13.767275
5	90	5	0	21	0	8	10	6	5	32.44	0		13.767275
5	101	10	0	16	7	21	10	4	6	42.10	0		4.910823
5	100	10	0	17	14	0	10	4	6	42.10	0		4.910823
5	88	4	0	21	0	13	10	5	4	20.03	0		10.906988
5	94	7	0	0	14	9	7	2	8	21.35	0		16.824741
7	140	8	0	26	7	0	10	5	7	43.04	0		3.398651
5	82	1	0	10	14	3	7	4	3	11.03	0		2.473601
5	81	1	0	16	7	27	7	4	3	11.03	0		2.473601
5	87	3	0	32	0	0	16	6	8	74.44	1		0.981683
5	97	9	0	10	0	20	11	3	8	42.72	1		4.036976
5	98	9	0	17	14	6	11	3	8	42.72	1		4.036976
5	99	9	0	17	14	14	11	3	8	42.72	1		4.036976
20	383	2	0	32	18	0	16	7	8	98.64	0		9.874351
20	384	2	0	32	18	8	16	7	8	98.64	0		9.874351
20	396	8	0	21	0	17	10	5	7	43.04	0		3.398651
20	395	6	0	27	7	7	11	4	7	38.82	0		4.681858
20	391	5	0	21	0	24	10	6	5	32.44	0		13.767275
20	394	5	0	28	12	0	10	6	5	32.44	0		13.767275
20	393	5	0	28	12	5	10	6	5	32.44	0		13.767275
3	49	3	0	31	0	8	16	6	8	74.44	1		0.981683
20	400	10	0	27	7	14	10	4	6	42.10	0		4.910823
20	390	4	0	27	6	20	10	5	4	20.03	0		10.906988
20	385	3	0	32	18	16	16	6	8	74.44	1		0.981683
20	388	4	0	26	6	24	10	5	4	20.03	0		10.906988
20	382	1	1	26	18	24	7	4	3	11.03	0		2.473601
20	387	3	0	38	6	0	16	6	8	74.44	1		0.981683
20	386	3	0	38	12	0	16	6	8	74.44	1		0.981683
20	389	4	0	28	11	10	10	5	4	20.03	0		10.906988
20	397	9	0	17	14	22	11	3	8	42.72	1		4.036976
20	398	9	0	27	11	14	11	3	8	42.72	1		4.036976
20	399	9	0	27	11	22	11	3	8	42.72	1		4.036976
3	58	8	0	48	0	0	10	5	7	43.04	0		3.398651
3	59	8	0	48	18	0	10	5	7	43.04	0		3.398651
3	55	6	0	48	0	7	11	4	7	38.82	0		4.681858
3	53	5	0	48	18	7	10	6	5	32.44	0		13.767275
3	54	5	0	48	18	12	10	6	5	32.44	0		13.767275
3	51	4	0	48	0	14	10	5	4	20.03	0		10.906988
3	52	4	0	48	18	17	10	5	4	20.03	0		10.906988
3	47	3	0	31	0	16	16	6	8	74.44	1		0.981683
3	57	7	0	28	14	14	7	2	8	21.35	0		16.824741
3	44	1	1	26	18	27	7	4	3	11.03	0		2.473601
3	45	3	0	38	6	8	16	6	8	74.44	1		0.981683
3	46	3	0	38	12	8	16	6	8	74.44	1		0.981683
3	56	7	0	28	16	10	7	2	8	21.35	0		16.824741
3	48	3	0	38	6	16	16	6	8	74.44	1		0.981683
20	392	5	1	54	5	0	10	6	5	32.44	0		13.767275
3	50	3	0	38	12	16	16	6	8	74.44	1		0.981683


