Name:				322_n020_m400_bt10
Problem:			3L-VRPTW
Number_of_used_Vehicles:	5
Total_Travel_Distance:		496.02
Calculation_Time:		1140.24
Total_Iterations:		14308
ConstraintSet:			P1

-------------------------------------------------------------------------------------------------------------------
Tour_Id:			1
No_of_Customers:		4
No_of_Items:			74
Customer_Sequence:		9 20 15 3 

CustId	Id	TypeId	Rotated	x	y	z	Length	Width	Height	mass	Fragility	LoadBearingStrength
3	55	7	0	0	0	0	10	5	8	103.85	0		58.302198
3	54	7	0	0	5	0	10	5	8	103.85	0		58.302198
3	53	6	0	0	10	0	8	7	6	47.43	0		1.611206
3	50	6	0	0	17	0	8	7	6	47.43	0		1.611206
3	51	6	0	0	10	6	8	7	6	47.43	0		1.611206
3	52	6	0	0	17	6	8	7	6	47.43	0		1.611206
3	44	3	1	0	10	12	14	3	7	124.57	0		15.578344
3	45	3	1	0	10	19	14	3	7	124.57	0		15.578344
3	42	2	1	3	10	12	14	6	3	28.69	0		4.736554
3	43	2	1	3	10	15	14	6	3	28.69	0		4.736554
3	41	1	0	0	0	8	8	5	6	24.58	0		2.881869
3	40	1	0	0	5	8	8	5	6	24.58	0		2.881869
3	48	5	0	0	0	14	6	3	7	46.40	0		17.327053
3	49	5	0	0	3	14	6	3	7	46.40	0		17.327053
3	47	4	0	8	10	0	17	4	4	51.76	1		2.522212
3	46	4	0	8	14	0	17	4	4	51.76	1		2.522212
3	56	9	1	0	10	26	13	4	4	88.58	1		3.150181
15	298	6	0	10	0	0	8	7	6	47.43	0		1.611206
15	299	6	0	10	0	6	8	7	6	47.43	0		1.611206
15	300	6	0	8	0	12	8	7	6	47.43	0		1.611206
15	292	3	0	10	7	0	14	3	7	124.57	0		15.578344
15	293	3	0	10	7	7	14	3	7	124.57	0		15.578344
15	289	2	0	18	0	0	14	6	3	28.69	0		4.736554
15	290	2	0	18	0	3	14	6	3	28.69	0		4.736554
15	291	2	0	18	0	6	14	6	3	28.69	0		4.736554
15	288	1	0	0	0	21	8	5	6	24.58	0		2.881869
15	302	8	0	0	7	14	14	2	5	19.44	0		1.513286
15	301	8	0	0	7	19	14	2	5	19.44	0		1.513286
15	306	10	0	0	7	24	11	2	5	25.26	0		11.611214
15	305	10	0	14	7	14	11	2	5	25.26	0		11.611214
15	297	4	0	9	10	4	17	4	4	51.76	1		2.522212
15	296	4	0	9	14	4	17	4	4	51.76	1		2.522212
15	295	4	0	9	18	0	17	4	4	51.76	1		2.522212
15	294	4	0	9	18	4	17	4	4	51.76	1		2.522212
15	303	9	0	9	10	8	13	4	4	88.58	1		3.150181
15	304	9	0	9	14	8	13	4	4	88.58	1		3.150181
20	398	7	0	8	0	18	10	5	8	103.85	0		58.302198
20	393	6	0	18	0	9	8	7	6	47.43	0		1.611206
20	394	6	0	18	0	15	8	7	6	47.43	0		1.611206
20	395	6	0	18	0	21	8	7	6	47.43	0		1.611206
20	396	6	0	26	6	0	8	7	6	47.43	0		1.611206
20	397	6	0	26	13	0	8	7	6	47.43	0		1.611206
20	388	3	0	9	22	0	14	3	7	124.57	0		15.578344
20	389	3	0	9	22	7	14	3	7	124.57	0		15.578344
20	385	2	1	26	6	6	14	6	3	28.69	0		4.736554
20	386	2	1	26	0	9	14	6	3	28.69	0		4.736554
20	387	2	1	26	0	12	14	6	3	28.69	0		4.736554
20	384	1	0	26	20	0	8	5	6	24.58	0		2.881869
20	383	1	0	26	20	6	8	5	6	24.58	0		2.881869
20	399	8	0	9	22	14	14	2	5	19.44	0		1.513286
20	392	5	0	26	14	9	6	3	7	46.40	0		17.327053
20	391	5	0	26	17	9	6	3	7	46.40	0		17.327053
20	390	4	0	9	18	8	17	4	4	51.76	1		2.522212
20	400	9	0	9	10	12	13	4	4	88.58	1		3.150181
9	167	7	0	26	20	12	10	5	8	103.85	0		58.302198
9	166	7	1	26	0	15	10	5	8	103.85	0		58.302198
9	165	7	0	26	20	20	10	5	8	103.85	0		58.302198
9	164	7	0	32	0	0	10	5	8	103.85	0		58.302198
9	163	6	0	34	6	0	8	7	6	47.43	0		1.611206
9	156	3	1	32	5	6	14	3	7	124.57	0		15.578344
9	157	3	1	32	5	13	14	3	7	124.57	0		15.578344
9	158	3	1	32	5	20	14	3	7	124.57	0		15.578344
9	159	3	0	34	20	0	14	3	7	124.57	0		15.578344
9	154	2	0	34	13	0	14	6	3	28.69	0		4.736554
9	155	2	0	34	13	3	14	6	3	28.69	0		4.736554
9	150	1	1	26	0	23	8	5	6	24.58	0		2.881869
9	153	1	0	32	0	8	8	5	6	24.58	0		2.881869
9	152	1	0	32	0	14	8	5	6	24.58	0		2.881869
9	151	1	0	31	0	20	8	5	6	24.58	0		2.881869
9	149	1	1	35	5	6	8	5	6	24.58	0		2.881869
9	161	5	0	26	10	15	6	3	7	46.40	0		17.327053
9	162	5	0	26	14	16	6	3	7	46.40	0		17.327053
9	168	10	0	9	22	19	11	2	5	25.26	0		11.611214
9	160	4	0	9	10	16	17	4	4	51.76	1		2.522212


-------------------------------------------------------------------------------------------------------------------
Tour_Id:			2
No_of_Customers:		5
No_of_Items:			88
Customer_Sequence:		16 6 4 7 1 

CustId	Id	TypeId	Rotated	x	y	z	Length	Width	Height	mass	Fragility	LoadBearingStrength
1	15	7	0	0	0	0	10	5	8	103.85	0		58.302198
1	14	7	0	0	5	0	10	5	8	103.85	0		58.302198
1	6	3	0	0	10	0	14	3	7	124.57	0		15.578344
1	7	3	0	0	13	0	14	3	7	124.57	0		15.578344
1	8	3	0	0	16	0	14	3	7	124.57	0		15.578344
1	9	3	0	0	19	0	14	3	7	124.57	0		15.578344
1	5	2	0	0	10	7	14	6	3	28.69	0		4.736554
1	2	1	0	0	16	7	8	5	6	24.58	0		2.881869
1	3	1	0	0	0	8	8	5	6	24.58	0		2.881869
1	4	1	0	0	5	8	8	5	6	24.58	0		2.881869
1	1	1	0	0	10	10	8	5	6	24.58	0		2.881869
1	16	8	0	0	22	0	14	2	5	19.44	0		1.513286
1	18	10	0	0	22	5	11	2	5	25.26	0		11.611214
1	17	10	0	0	22	10	11	2	5	25.26	0		11.611214
1	13	4	0	10	0	0	17	4	4	51.76	1		2.522212
1	12	4	0	10	4	0	17	4	4	51.76	1		2.522212
1	11	4	0	10	0	4	17	4	4	51.76	1		2.522212
1	10	4	0	8	0	8	17	4	4	51.76	1		2.522212
7	117	7	0	0	16	13	10	5	8	103.85	0		58.302198
7	118	7	0	0	0	14	10	5	8	103.85	0		58.302198
7	119	7	0	0	5	14	10	5	8	103.85	0		58.302198
7	115	6	0	0	0	22	8	7	6	47.43	0		1.611206
7	116	6	0	14	10	0	8	7	6	47.43	0		1.611206
7	112	3	0	14	17	0	14	3	7	124.57	0		15.578344
7	113	3	0	10	16	7	14	3	7	124.57	0		15.578344
7	114	3	0	10	16	14	14	3	7	124.57	0		15.578344
7	110	2	0	22	8	0	14	6	3	28.69	0		4.736554
7	111	2	0	22	8	3	14	6	3	28.69	0		4.736554
7	109	1	0	0	10	16	8	5	6	24.58	0		2.881869
7	120	8	0	0	22	15	14	2	5	19.44	0		1.513286
7	121	9	0	0	16	21	13	4	4	88.58	1		3.150181
7	122	9	0	0	16	25	13	4	4	88.58	1		3.150181
7	123	9	0	10	4	4	13	4	4	88.58	1		3.150181
4	71	7	0	0	7	22	10	5	8	103.85	0		58.302198
4	70	7	0	14	20	0	10	5	8	103.85	0		58.302198
4	69	6	0	22	8	6	8	7	6	47.43	0		1.611206
4	62	3	0	13	16	21	14	3	7	124.57	0		15.578344
4	60	2	0	27	0	0	14	6	3	28.69	0		4.736554
4	61	2	0	27	0	3	14	6	3	28.69	0		4.736554
4	58	1	0	8	10	10	8	5	6	24.58	0		2.881869
4	59	1	0	8	10	16	8	5	6	24.58	0		2.881869
4	57	1	0	14	20	8	8	5	6	24.58	0		2.881869
4	72	8	0	0	22	20	14	2	5	19.44	0		1.513286
4	66	5	0	0	12	22	6	3	7	46.40	0		17.327053
4	68	5	0	6	12	22	6	3	7	46.40	0		17.327053
4	67	5	1	14	19	14	6	3	7	46.40	0		17.327053
4	74	10	0	0	22	25	11	2	5	25.26	0		11.611214
4	65	4	0	10	4	8	17	4	4	51.76	1		2.522212
4	64	4	0	10	0	12	17	4	4	51.76	1		2.522212
4	63	4	0	10	4	12	17	4	4	51.76	1		2.522212
4	73	9	0	10	0	16	13	4	4	88.58	1		3.150181
6	104	7	0	22	8	12	10	5	8	103.85	0		58.302198
6	105	7	0	22	8	20	10	5	8	103.85	0		58.302198
6	106	7	0	24	20	0	10	5	8	103.85	0		58.302198
6	102	6	0	27	0	6	8	7	6	47.43	0		1.611206
6	103	6	0	27	0	12	8	7	6	47.43	0		1.611206
6	96	3	0	22	20	8	14	3	7	124.57	0		15.578344
6	97	3	0	22	20	15	14	3	7	124.57	0		15.578344
6	98	3	0	22	20	22	14	3	7	124.57	0		15.578344
6	99	3	0	28	17	0	14	3	7	124.57	0		15.578344
6	95	2	0	36	6	0	14	6	3	28.69	0		4.736554
6	93	1	0	27	0	18	8	5	6	24.58	0		2.881869
6	94	1	0	27	0	24	8	5	6	24.58	0		2.881869
6	107	8	0	22	23	8	14	2	5	19.44	0		1.513286
6	108	8	0	22	23	13	14	2	5	19.44	0		1.513286
6	100	4	0	10	4	16	17	4	4	51.76	1		2.522212
6	101	4	0	10	0	20	17	4	4	51.76	1		2.522212
16	318	6	0	36	6	3	8	7	6	47.43	0		1.611206
16	319	6	0	36	6	9	8	7	6	47.43	0		1.611206
16	311	3	0	28	17	7	14	3	7	124.57	0		15.578344
16	312	3	0	28	17	14	14	3	7	124.57	0		15.578344
16	308	2	0	41	0	0	14	6	3	28.69	0		4.736554
16	309	2	0	41	0	3	14	6	3	28.69	0		4.736554
16	310	2	0	35	0	6	14	6	3	28.69	0		4.736554
16	307	1	0	35	0	9	8	5	6	24.58	0		2.881869
16	323	8	0	22	23	18	14	2	5	19.44	0		1.513286
16	322	8	0	22	23	23	14	2	5	19.44	0		1.513286
16	321	8	0	28	17	21	14	2	5	19.44	0		1.513286
16	320	8	0	34	14	0	14	2	5	19.44	0		1.513286
16	317	5	0	35	0	15	6	3	7	46.40	0		17.327053
16	316	5	0	35	0	22	6	3	7	46.40	0		17.327053
16	315	5	0	36	20	0	6	3	7	46.40	0		17.327053
16	327	10	0	34	14	5	11	2	5	25.26	0		11.611214
16	314	4	0	42	16	0	17	4	4	51.76	1		2.522212
16	313	4	0	42	20	0	17	4	4	51.76	1		2.522212
16	324	9	0	42	16	4	13	4	4	88.58	1		3.150181
16	325	9	0	42	20	4	13	4	4	88.58	1		3.150181
16	326	9	0	42	16	8	13	4	4	88.58	1		3.150181


-------------------------------------------------------------------------------------------------------------------
Tour_Id:			3
No_of_Customers:		2
No_of_Items:			39
Customer_Sequence:		2 5 

CustId	Id	TypeId	Rotated	x	y	z	Length	Width	Height	mass	Fragility	LoadBearingStrength
5	89	7	0	0	0	0	10	5	8	103.85	0		58.302198
5	88	6	0	0	5	0	8	7	6	47.43	0		1.611206
5	87	6	0	0	12	0	8	7	6	47.43	0		1.611206
5	85	6	0	0	5	6	8	7	6	47.43	0		1.611206
5	86	6	0	0	12	6	8	7	6	47.43	0		1.611206
5	78	3	0	0	19	0	14	3	7	124.57	0		15.578344
5	79	3	0	0	22	0	14	3	7	124.57	0		15.578344
5	77	2	0	0	19	7	14	6	3	28.69	0		4.736554
5	76	1	0	0	0	8	8	5	6	24.58	0		2.881869
5	75	1	0	0	19	10	8	5	6	24.58	0		2.881869
5	90	8	1	0	5	12	14	2	5	19.44	0		1.513286
5	84	5	0	0	0	14	6	3	7	46.40	0		17.327053
5	91	10	1	0	5	17	11	2	5	25.26	0		11.611214
5	92	10	1	0	5	22	11	2	5	25.26	0		11.611214
5	83	4	0	8	5	0	17	4	4	51.76	1		2.522212
5	82	4	0	8	9	0	17	4	4	51.76	1		2.522212
5	81	4	0	8	13	0	17	4	4	51.76	1		2.522212
5	80	4	0	8	5	4	17	4	4	51.76	1		2.522212
2	33	7	0	0	19	16	10	5	8	103.85	0		58.302198
2	32	7	1	2	5	12	10	5	8	103.85	0		58.302198
2	31	6	0	25	0	0	8	7	6	47.43	0		1.611206
2	30	6	0	25	7	0	8	7	6	47.43	0		1.611206
2	29	6	0	25	14	0	8	7	6	47.43	0		1.611206
2	22	3	0	10	0	0	14	3	7	124.57	0		15.578344
2	23	3	0	10	0	7	14	3	7	124.57	0		15.578344
2	20	2	1	25	0	6	14	6	3	28.69	0		4.736554
2	21	2	1	24	0	9	14	6	3	28.69	0		4.736554
2	19	1	0	0	19	24	8	5	6	24.58	0		2.881869
2	34	8	0	6	0	14	14	2	5	19.44	0		1.513286
2	35	8	0	6	0	19	14	2	5	19.44	0		1.513286
2	36	8	0	6	0	24	14	2	5	19.44	0		1.513286
2	27	5	0	0	0	21	6	3	7	46.40	0		17.327053
2	28	5	0	2	15	12	6	3	7	46.40	0		17.327053
2	39	10	1	2	3	20	11	2	5	25.26	0		11.611214
2	26	4	0	8	9	4	17	4	4	51.76	1		2.522212
2	25	4	0	8	13	4	17	4	4	51.76	1		2.522212
2	24	4	0	14	21	0	17	4	4	51.76	1		2.522212
2	37	9	0	8	5	8	13	4	4	88.58	1		3.150181
2	38	9	0	7	5	12	13	4	4	88.58	1		3.150181


-------------------------------------------------------------------------------------------------------------------
Tour_Id:			4
No_of_Customers:		6
No_of_Items:			144
Customer_Sequence:		13 17 14 8 11 19 

CustId	Id	TypeId	Rotated	x	y	z	Length	Width	Height	mass	Fragility	LoadBearingStrength
19	377	6	0	0	0	0	8	7	6	47.43	0		1.611206
19	376	6	0	0	7	0	8	7	6	47.43	0		1.611206
19	370	3	0	0	14	0	14	3	7	124.57	0		15.578344
19	371	3	0	0	17	0	14	3	7	124.57	0		15.578344
19	365	2	1	0	0	6	14	6	3	28.69	0		4.736554
19	366	2	0	0	14	7	14	6	3	28.69	0		4.736554
19	367	2	1	0	0	9	14	6	3	28.69	0		4.736554
11	203	7	0	0	20	0	10	5	8	103.85	0		58.302198
19	369	2	0	0	14	10	14	6	3	28.69	0		4.736554
19	364	1	0	0	0	12	8	5	6	24.58	0		2.881869
19	380	8	0	0	14	13	14	2	5	19.44	0		1.513286
19	363	1	0	0	5	12	8	5	6	24.58	0		2.881869
19	378	8	0	0	16	13	14	2	5	19.44	0		1.513286
19	379	8	0	0	18	13	14	2	5	19.44	0		1.513286
19	375	5	0	0	10	12	6	3	7	46.40	0		17.327053
19	381	10	0	0	14	18	11	2	5	25.26	0		11.611214
19	382	10	0	0	16	18	11	2	5	25.26	0		11.611214
19	374	4	0	8	0	0	17	4	4	51.76	1		2.522212
19	373	4	0	8	4	0	17	4	4	51.76	1		2.522212
19	372	4	0	8	8	0	17	4	4	51.76	1		2.522212
11	204	7	0	0	20	8	10	5	8	103.85	0		58.302198
19	368	2	0	14	14	0	14	6	3	28.69	0		4.736554
11	202	7	0	0	20	16	10	5	8	103.85	0		58.302198
11	201	6	0	0	0	18	8	7	6	47.43	0		1.611206
11	191	3	0	0	14	23	14	3	7	124.57	0		15.578344
11	192	3	0	10	20	0	14	3	7	124.57	0		15.578344
11	193	3	0	10	20	7	14	3	7	124.57	0		15.578344
8	137	7	0	14	14	3	10	5	8	103.85	0		58.302198
11	189	1	0	0	0	24	8	5	6	24.58	0		2.881869
11	190	1	0	0	20	24	8	5	6	24.58	0		2.881869
11	195	4	0	8	0	4	17	4	4	51.76	1		2.522212
11	209	8	0	0	18	18	14	2	5	19.44	0		1.513286
11	208	8	0	0	17	23	14	2	5	19.44	0		1.513286
8	148	10	0	8	12	0	11	2	5	25.26	0		11.611214
14	272	5	0	0	7	18	6	3	7	46.40	0		17.327053
11	215	10	0	10	23	0	11	2	5	25.26	0		11.611214
11	198	5	0	0	10	19	6	3	7	46.40	0		17.327053
11	200	5	0	10	20	14	6	3	7	46.40	0		17.327053
11	199	5	0	10	20	21	6	3	7	46.40	0		17.327053
11	188	1	0	24	20	0	8	5	6	24.58	0		2.881869
11	205	8	0	10	23	5	14	2	5	19.44	0		1.513286
8	138	7	0	14	14	11	10	5	8	103.85	0		58.302198
11	214	10	0	10	23	10	11	2	5	25.26	0		11.611214
11	196	4	0	8	4	4	17	4	4	51.76	1		2.522212
11	197	4	0	8	8	4	17	4	4	51.76	1		2.522212
11	210	9	0	8	0	8	13	4	4	88.58	1		3.150181
11	211	9	0	8	4	8	13	4	4	88.58	1		3.150181
11	212	9	0	8	8	8	13	4	4	88.58	1		3.150181
11	213	9	0	8	0	12	13	4	4	88.58	1		3.150181
8	142	7	0	14	14	19	10	5	8	103.85	0		58.302198
8	141	7	0	24	20	6	10	5	8	103.85	0		58.302198
8	140	7	0	24	20	14	10	5	8	103.85	0		58.302198
8	139	7	0	24	20	22	10	5	8	103.85	0		58.302198
11	216	10	0	10	23	15	11	2	5	25.26	0		11.611214
11	194	3	0	25	0	0	14	3	7	124.57	0		15.578344
8	136	6	0	25	3	0	8	7	6	47.43	0		1.611206
8	129	3	0	25	0	7	14	3	7	124.57	0		15.578344
8	128	2	0	28	14	0	14	6	3	28.69	0		4.736554
8	147	10	0	8	12	5	11	2	5	25.26	0		11.611214
8	127	1	1	24	12	3	8	5	6	24.58	0		2.881869
8	132	4	0	8	4	12	17	4	4	51.76	1		2.522212
8	124	1	1	24	12	9	8	5	6	24.58	0		2.881869
8	143	8	0	6	12	10	14	2	5	19.44	0		1.513286
8	144	8	0	6	12	15	14	2	5	19.44	0		1.513286
17	334	6	0	25	3	6	8	7	6	47.43	0		1.611206
8	134	5	0	16	20	14	6	3	7	46.40	0		17.327053
8	135	5	0	16	20	21	6	3	7	46.40	0		17.327053
8	130	4	0	8	8	12	17	4	4	51.76	1		2.522212
8	125	1	1	24	12	15	8	5	6	24.58	0		2.881869
14	265	1	1	24	12	21	8	5	6	24.58	0		2.881869
8	126	1	1	29	12	3	8	5	6	24.58	0		2.881869
14	276	7	1	29	10	9	10	5	8	103.85	0		58.302198
8	133	5	0	25	0	14	6	3	7	46.40	0		17.327053
8	146	9	0	8	0	16	13	4	4	88.58	1		3.150181
14	262	1	1	29	10	17	8	5	6	24.58	0		2.881869
14	278	7	0	42	14	0	10	5	8	103.85	0		58.302198
14	263	1	1	29	10	23	8	5	6	24.58	0		2.881869
8	131	4	0	8	0	20	17	4	4	51.76	1		2.522212
14	275	6	0	33	3	0	8	7	6	47.43	0		1.611206
14	270	3	0	39	0	0	14	3	7	124.57	0		15.578344
14	267	2	0	14	14	27	14	6	3	28.69	0		4.736554
14	266	1	1	34	12	3	8	5	6	24.58	0		2.881869
14	273	5	0	25	0	21	6	3	7	46.40	0		17.327053
14	277	7	0	34	20	0	10	5	8	103.85	0		58.302198
14	268	2	0	41	3	0	14	6	3	28.69	0		4.736554
11	207	8	0	10	23	20	14	2	5	19.44	0		1.513286
14	264	1	0	34	20	8	8	5	6	24.58	0		2.881869
17	337	7	0	25	3	12	10	5	8	103.85	0		58.302198
14	280	8	0	25	10	0	14	2	5	19.44	0		1.513286
14	282	9	0	8	4	16	13	4	4	88.58	1		3.150181
11	206	8	0	8	23	25	14	2	5	19.44	0		1.513286
14	269	2	0	41	3	3	14	6	3	28.69	0		4.736554
14	274	5	0	31	0	14	6	3	7	46.40	0		17.327053
14	271	5	0	31	0	21	6	3	7	46.40	0		17.327053
14	279	7	1	34	10	9	10	5	8	103.85	0		58.302198
17	336	7	0	25	3	20	10	5	8	103.85	0		58.302198
14	281	8	0	39	10	0	14	2	5	19.44	0		1.513286
14	283	9	0	8	8	16	13	4	4	88.58	1		3.150181
14	284	9	0	6	7	20	13	4	4	88.58	1		3.150181
14	285	9	0	6	7	24	13	4	4	88.58	1		3.150181
14	287	10	0	29	18	17	11	2	5	25.26	0		11.611214
14	286	10	0	29	18	22	11	2	5	25.26	0		11.611214
8	145	8	0	6	12	20	14	2	5	19.44	0		1.513286
17	335	6	0	33	3	6	8	7	6	47.43	0		1.611206
17	346	10	0	25	8	12	11	2	5	25.26	0		11.611214
17	333	3	0	39	0	7	14	3	7	124.57	0		15.578344
17	331	2	0	41	3	6	14	6	3	28.69	0		4.736554
17	329	1	0	34	20	14	8	5	6	24.58	0		2.881869
17	330	1	1	34	10	17	8	5	6	24.58	0		2.881869
17	328	1	0	34	20	20	8	5	6	24.58	0		2.881869
17	332	3	0	37	0	14	14	3	7	124.57	0		15.578344
17	343	8	0	25	8	17	14	2	5	19.44	0		1.513286
17	342	8	0	25	8	22	14	2	5	19.44	0		1.513286
17	349	10	0	37	0	21	11	2	5	25.26	0		11.611214
17	340	8	0	39	12	0	14	2	5	19.44	0		1.513286
17	338	8	0	39	10	5	14	2	5	19.44	0		1.513286
17	339	8	0	39	12	5	14	2	5	19.44	0		1.513286
17	347	10	0	39	10	10	11	2	5	25.26	0		11.611214
17	348	10	0	39	12	10	11	2	5	25.26	0		11.611214
17	341	8	0	39	10	15	14	2	5	19.44	0		1.513286
17	344	9	0	39	14	8	13	4	4	88.58	1		3.150181
13	244	2	0	41	3	9	14	6	3	28.69	0		4.736554
13	254	5	0	34	10	23	6	3	7	46.40	0		17.327053
13	256	6	0	39	3	12	8	7	6	47.43	0		1.611206
13	255	6	0	39	3	18	8	7	6	47.43	0		1.611206
13	243	2	0	44	19	0	14	6	3	28.69	0		4.736554
13	246	3	0	44	19	3	14	3	7	124.57	0		15.578344
13	242	1	0	39	2	24	8	5	6	24.58	0		2.881869
13	258	8	0	39	12	15	14	2	5	19.44	0		1.513286
13	252	5	0	34	13	23	6	3	7	46.40	0		17.327053
13	241	1	0	40	10	20	8	5	6	24.58	0		2.881869
13	240	1	0	47	3	12	8	5	6	24.58	0		2.881869
13	247	3	0	44	22	3	14	3	7	124.57	0		15.578344
13	260	8	0	44	19	10	14	2	5	19.44	0		1.513286
13	259	8	0	42	21	10	14	2	5	19.44	0		1.513286
13	245	3	0	44	19	15	14	3	7	124.57	0		15.578344
13	261	10	0	42	23	10	11	2	5	25.26	0		11.611214
13	253	5	0	42	22	15	6	3	7	46.40	0		17.327053
17	345	9	0	39	14	12	13	4	4	88.58	1		3.150181
13	257	7	0	44	19	22	10	5	8	103.85	0		58.302198
13	251	4	1	55	0	0	17	4	4	51.76	1		2.522212
13	250	4	1	55	0	4	17	4	4	51.76	1		2.522212
13	249	4	1	55	0	8	17	4	4	51.76	1		2.522212
13	248	4	1	55	0	12	17	4	4	51.76	1		2.522212


-------------------------------------------------------------------------------------------------------------------
Tour_Id:			5
No_of_Customers:		3
No_of_Items:			55
Customer_Sequence:		12 18 10 

CustId	Id	TypeId	Rotated	x	y	z	Length	Width	Height	mass	Fragility	LoadBearingStrength
10	182	7	0	0	0	0	10	5	8	103.85	0		58.302198
10	181	6	0	0	5	0	8	7	6	47.43	0		1.611206
10	179	6	0	0	12	0	8	7	6	47.43	0		1.611206
10	180	6	0	0	5	6	8	7	6	47.43	0		1.611206
10	173	3	0	0	19	0	14	3	7	124.57	0		15.578344
10	174	3	0	0	22	0	14	3	7	124.57	0		15.578344
10	175	3	0	0	19	7	14	3	7	124.57	0		15.578344
10	170	2	0	8	5	0	14	6	3	28.69	0		4.736554
10	171	2	0	8	11	0	14	6	3	28.69	0		4.736554
10	172	2	0	8	5	3	14	6	3	28.69	0		4.736554
10	169	1	0	0	12	6	8	5	6	24.58	0		2.881869
10	178	5	0	0	22	7	6	3	7	46.40	0		17.327053
10	187	10	0	0	0	8	11	2	5	25.26	0		11.611214
10	177	4	0	8	11	3	17	4	4	51.76	1		2.522212
10	176	4	0	8	5	6	17	4	4	51.76	1		2.522212
10	183	9	1	0	5	12	13	4	4	88.58	1		3.150181
10	184	9	0	0	19	14	13	4	4	88.58	1		3.150181
10	185	9	1	0	5	16	13	4	4	88.58	1		3.150181
10	186	9	0	0	19	18	13	4	4	88.58	1		3.150181
18	358	6	0	25	0	0	8	7	6	47.43	0		1.611206
18	359	6	0	25	7	0	8	7	6	47.43	0		1.611206
18	352	3	1	4	2	12	14	3	7	124.57	0		15.578344
18	353	3	1	4	0	19	14	3	7	124.57	0		15.578344
18	350	2	0	14	19	0	14	6	3	28.69	0		4.736554
18	351	2	0	14	19	3	14	6	3	28.69	0		4.736554
18	360	8	0	0	0	13	14	2	5	19.44	0		1.513286
18	356	5	0	11	0	0	6	3	7	46.40	0		17.327053
18	357	5	0	14	19	6	6	3	7	46.40	0		17.327053
18	354	4	0	0	19	22	17	4	4	51.76	1		2.522212
18	355	4	0	0	19	26	17	4	4	51.76	1		2.522212
18	361	9	1	0	5	20	13	4	4	88.58	1		3.150181
18	362	9	1	0	5	24	13	4	4	88.58	1		3.150181
12	235	7	0	20	19	6	10	5	8	103.85	0		58.302198
12	234	6	0	25	0	6	8	7	6	47.43	0		1.611206
12	233	6	0	25	7	6	8	7	6	47.43	0		1.611206
12	221	3	0	25	14	0	14	3	7	124.57	0		15.578344
12	222	3	0	25	14	7	14	3	7	124.57	0		15.578344
12	223	3	1	25	0	12	14	3	7	124.57	0		15.578344
12	218	2	0	28	19	0	14	6	3	28.69	0		4.736554
12	219	2	0	28	19	3	14	6	3	28.69	0		4.736554
12	220	2	1	28	0	12	14	6	3	28.69	0		4.736554
12	217	1	0	20	19	14	8	5	6	24.58	0		2.881869
12	236	8	0	8	17	0	14	2	5	19.44	0		1.513286
12	228	5	0	20	19	20	6	3	7	46.40	0		17.327053
12	232	5	0	25	14	14	6	3	7	46.40	0		17.327053
12	231	5	1	25	0	19	6	3	7	46.40	0		17.327053
12	230	5	1	25	6	19	6	3	7	46.40	0		17.327053
12	229	5	0	25	14	21	6	3	7	46.40	0		17.327053
12	227	5	0	28	0	15	6	3	7	46.40	0		17.327053
12	237	10	0	8	17	5	11	2	5	25.26	0		11.611214
12	238	10	0	8	9	6	11	2	5	25.26	0		11.611214
12	239	10	0	8	17	10	11	2	5	25.26	0		11.611214
12	226	4	0	8	11	7	17	4	4	51.76	1		2.522212
12	225	4	0	8	5	10	17	4	4	51.76	1		2.522212
12	224	4	0	8	9	11	17	4	4	51.76	1		2.522212


