Name:				323_n020_m400_bt10
Problem:			3L-VRPTW
Number_of_used_Vehicles:	4
Total_Travel_Distance:		420.09
Calculation_Time:		1482.48
Total_Iterations:		8066
ConstraintSet:			P1

-------------------------------------------------------------------------------------------------------------------
Tour_Id:			1
No_of_Customers:		5
No_of_Items:			95
Customer_Sequence:		12 7 16 2 6 

CustId	Id	TypeId	Rotated	x	y	z	Length	Width	Height	mass	Fragility	LoadBearingStrength
6	116	9	0	0	0	0	10	6	8	75.41	0		9.878887
6	100	3	0	0	6	0	17	3	8	73.86	0		15.244119
6	101	3	0	0	9	0	17	3	8	73.86	0		15.244119
6	102	3	0	0	12	0	17	3	8	73.86	0		15.244119
6	103	3	0	0	15	0	17	3	8	73.86	0		15.244119
6	99	1	0	0	18	0	16	6	4	43.96	0		1.841948
6	109	5	1	0	0	8	15	3	7	62.14	0		3.521530
6	110	5	0	0	18	4	15	3	7	62.14	0		3.521530
6	108	5	0	0	21	4	15	3	7	62.14	0		3.521530
6	111	6	0	0	15	8	12	3	6	22.14	0		1.350256
6	112	8	0	0	18	11	10	3	4	24.13	0		5.359215
6	113	8	0	0	21	11	10	3	4	24.13	0		5.359215
6	114	8	0	0	15	14	10	3	4	24.13	0		5.359215
6	115	8	1	0	0	15	10	3	4	24.13	0		5.359215
6	107	4	0	0	18	15	8	4	4	14.41	1		0.983760
6	106	4	1	0	0	19	8	4	4	14.41	1		0.983760
6	105	4	0	0	18	19	8	4	4	14.41	1		0.983760
6	104	4	1	0	0	23	8	4	4	14.41	1		0.983760
6	117	10	0	0	15	18	12	3	3	14.08	1		2.090604
6	118	10	0	0	15	21	12	3	3	14.08	1		2.090604
2	37	9	1	4	0	8	10	6	8	75.41	0		9.878887
2	36	9	1	4	0	16	10	6	8	75.41	0		9.878887
2	25	3	0	3	10	8	17	3	8	73.86	0		15.244119
2	26	3	0	0	10	16	17	3	8	73.86	0		15.244119
2	20	1	0	10	0	0	16	6	4	43.96	0		1.841948
2	29	5	0	10	0	4	15	3	7	62.14	0		3.521530
2	28	5	0	10	3	4	15	3	7	62.14	0		3.521530
2	21	2	0	4	0	24	7	6	6	38.79	0		18.405239
2	24	2	0	4	6	24	7	6	6	38.79	0		18.405239
2	23	2	0	10	0	11	7	6	6	38.79	0		18.405239
2	22	2	0	10	0	17	7	6	6	38.79	0		18.405239
2	30	6	0	16	18	0	12	3	6	22.14	0		1.350256
2	31	6	0	16	21	0	12	3	6	22.14	0		1.350256
2	32	6	0	15	18	6	12	3	6	22.14	0		1.350256
2	33	7	0	0	22	15	13	2	5	21.70	0		6.637098
2	34	8	0	15	21	6	10	3	4	24.13	0		5.359215
2	35	8	0	15	18	12	10	3	4	24.13	0		5.359215
2	27	4	0	0	18	23	8	4	4	14.41	1		0.983760
2	38	10	0	0	15	24	12	3	3	14.08	1		2.090604
16	315	9	0	17	0	11	10	6	8	75.41	0		9.878887
16	314	9	0	17	0	19	10	6	8	75.41	0		9.878887
16	313	9	0	20	6	0	10	6	8	75.41	0		9.878887
16	304	5	0	17	13	0	15	3	7	62.14	0		3.521530
16	305	5	0	17	13	7	15	3	7	62.14	0		3.521530
16	299	2	1	11	0	23	7	6	6	38.79	0		18.405239
16	298	2	0	20	6	8	7	6	6	38.79	0		18.405239
16	307	6	0	15	21	10	12	3	6	22.14	0		1.350256
16	309	6	0	15	18	16	12	3	6	22.14	0		1.350256
16	308	6	0	13	21	16	12	3	6	22.14	0		1.350256
16	306	6	0	13	21	22	12	3	6	22.14	0		1.350256
16	310	7	0	0	22	20	13	2	5	21.70	0		6.637098
16	311	7	0	0	22	25	13	2	5	21.70	0		6.637098
16	312	8	0	15	18	22	10	3	4	24.13	0		5.359215
16	303	4	0	17	13	14	8	4	4	14.41	1		0.983760
16	302	4	0	17	13	18	8	4	4	14.41	1		0.983760
16	301	4	0	11	6	8	8	4	4	14.41	1		0.983760
16	300	4	0	11	6	12	8	4	4	14.41	1		0.983760
16	316	10	0	0	15	27	12	3	3	14.08	1		2.090604
7	137	9	0	27	0	0	10	6	8	75.41	0		9.878887
7	136	9	0	27	0	8	10	6	8	75.41	0		9.878887
7	135	9	0	27	0	16	10	6	8	75.41	0		9.878887
7	125	3	0	28	16	0	17	3	8	73.86	0		15.244119
7	120	1	0	28	19	0	16	6	4	43.96	0		1.841948
7	121	1	0	28	19	4	16	6	4	43.96	0		1.841948
7	122	1	0	27	16	8	16	6	4	43.96	0		1.841948
7	119	1	0	27	16	12	16	6	4	43.96	0		1.841948
7	130	5	0	27	22	8	15	3	7	62.14	0		3.521530
7	129	5	0	27	22	15	15	3	7	62.14	0		3.521530
7	128	5	0	27	16	16	15	3	7	62.14	0		3.521530
7	124	2	0	20	6	14	7	6	6	38.79	0		18.405239
7	123	2	0	20	6	20	7	6	6	38.79	0		18.405239
7	131	6	0	27	19	16	12	3	6	22.14	0		1.350256
7	132	8	0	15	18	26	10	3	4	24.13	0		5.359215
7	133	8	0	25	19	22	10	3	4	24.13	0		5.359215
7	134	8	0	25	22	22	10	3	4	24.13	0		5.359215
7	127	4	0	17	13	22	8	4	4	14.41	1		0.983760
7	126	4	0	17	13	26	8	4	4	14.41	1		0.983760
7	138	10	0	17	0	27	12	3	3	14.08	1		2.090604
7	139	10	0	17	3	27	12	3	3	14.08	1		2.090604
7	140	10	0	25	19	26	12	3	3	14.08	1		2.090604
12	231	9	0	30	6	0	10	6	8	75.41	0		9.878887
12	232	9	0	27	6	8	10	6	8	75.41	0		9.878887
12	221	3	0	32	12	0	17	3	8	73.86	0		15.244119
12	222	3	0	32	12	8	17	3	8	73.86	0		15.244119
12	219	1	0	37	0	0	16	6	4	43.96	0		1.841948
12	224	5	0	25	16	23	15	3	7	62.14	0		3.521530
12	225	5	0	32	12	16	15	3	7	62.14	0		3.521530
12	220	2	0	27	6	16	7	6	6	38.79	0		18.405239
12	226	6	0	32	12	23	12	3	6	22.14	0		1.350256
12	227	6	0	37	0	4	12	3	6	22.14	0		1.350256
12	228	7	0	37	3	4	13	2	5	21.70	0		6.637098
12	229	7	0	37	3	9	13	2	5	21.70	0		6.637098
12	230	8	0	25	22	26	10	3	4	24.13	0		5.359215
12	223	4	0	20	6	26	8	4	4	14.41	1		0.983760
12	233	10	0	37	0	10	12	3	3	14.08	1		2.090604


-------------------------------------------------------------------------------------------------------------------
Tour_Id:			2
No_of_Customers:		5
No_of_Items:			101
Customer_Sequence:		1 18 9 15 11 

CustId	Id	TypeId	Rotated	x	y	z	Length	Width	Height	mass	Fragility	LoadBearingStrength
11	216	9	0	0	0	0	10	6	8	75.41	0		9.878887
11	215	9	0	0	6	0	10	6	8	75.41	0		9.878887
11	214	9	0	0	12	0	10	6	8	75.41	0		9.878887
11	213	9	0	0	18	0	10	6	8	75.41	0		9.878887
11	201	3	1	0	0	8	17	3	8	73.86	0		15.244119
11	202	3	1	0	0	16	17	3	8	73.86	0		15.244119
11	203	3	1	3	0	8	17	3	8	73.86	0		15.244119
11	198	1	0	10	0	0	16	6	4	43.96	0		1.841948
11	199	1	0	10	6	0	16	6	4	43.96	0		1.841948
11	197	1	0	10	12	0	16	6	4	43.96	0		1.841948
11	205	5	1	3	0	16	15	3	7	62.14	0		3.521530
11	200	2	0	0	17	8	7	6	6	38.79	0		18.405239
11	206	6	1	0	0	24	12	3	6	22.14	0		1.350256
11	208	7	1	3	0	23	13	2	5	21.70	0		6.637098
11	207	7	1	6	0	8	13	2	5	21.70	0		6.637098
11	211	8	0	10	18	0	10	3	4	24.13	0		5.359215
11	212	8	0	10	21	0	10	3	4	24.13	0		5.359215
11	210	8	0	10	0	4	10	3	4	24.13	0		5.359215
11	209	8	0	8	0	8	10	3	4	24.13	0		5.359215
11	204	4	0	0	17	14	8	4	4	14.41	1		0.983760
11	217	10	0	8	0	12	12	3	3	14.08	1		2.090604
11	218	10	0	6	0	15	12	3	3	14.08	1		2.090604
15	293	9	0	10	3	4	10	6	8	75.41	0		9.878887
15	292	9	0	8	3	12	10	6	8	75.41	0		9.878887
15	281	3	0	10	9	4	17	3	8	73.86	0		15.244119
15	279	1	0	10	12	4	16	6	4	43.96	0		1.841948
15	278	1	0	8	12	8	16	6	4	43.96	0		1.841948
15	283	5	0	8	9	12	15	3	7	62.14	0		3.521530
15	284	5	0	8	12	12	15	3	7	62.14	0		3.521530
15	285	5	0	8	15	12	15	3	7	62.14	0		3.521530
15	286	5	0	6	9	19	15	3	7	62.14	0		3.521530
15	280	2	0	8	12	19	7	6	6	38.79	0		18.405239
15	287	6	0	6	3	20	12	3	6	22.14	0		1.350256
15	288	8	0	6	6	20	10	3	4	24.13	0		5.359215
15	291	8	0	5	6	24	10	3	4	24.13	0		5.359215
15	290	8	0	5	3	26	10	3	4	24.13	0		5.359215
15	289	8	0	5	9	26	10	3	4	24.13	0		5.359215
15	282	4	0	0	17	18	8	4	4	14.41	1		0.983760
15	294	10	0	6	0	18	12	3	3	14.08	1		2.090604
15	295	10	0	6	0	21	12	3	3	14.08	1		2.090604
15	296	10	0	5	0	24	12	3	3	14.08	1		2.090604
15	297	10	0	5	0	27	12	3	3	14.08	1		2.090604
9	169	9	0	10	18	4	10	6	8	75.41	0		9.878887
9	162	3	0	20	18	0	17	3	8	73.86	0		15.244119
9	163	3	0	20	21	0	17	3	8	73.86	0		15.244119
9	159	1	0	20	18	8	16	6	4	43.96	0		1.841948
9	160	1	0	8	18	12	16	6	4	43.96	0		1.841948
9	158	1	0	8	18	16	16	6	4	43.96	0		1.841948
9	164	5	0	8	18	20	15	3	7	62.14	0		3.521530
9	165	5	0	8	21	20	15	3	7	62.14	0		3.521530
9	166	5	0	24	18	12	15	3	7	62.14	0		3.521530
9	161	2	0	15	12	19	7	6	6	38.79	0		18.405239
9	167	6	0	24	21	12	12	3	6	22.14	0		1.350256
9	168	6	0	24	21	18	12	3	6	22.14	0		1.350256
9	170	10	0	5	12	25	12	3	3	14.08	1		2.090604
9	171	10	0	5	15	25	12	3	3	14.08	1		2.090604
9	172	10	0	8	18	27	12	3	3	14.08	1		2.090604
9	173	10	0	8	21	27	12	3	3	14.08	1		2.090604
9	174	10	0	24	18	19	12	3	3	14.08	1		2.090604
9	175	10	0	23	18	22	12	3	3	14.08	1		2.090604
9	176	10	0	23	18	25	12	3	3	14.08	1		2.090604
18	352	9	0	26	0	0	10	6	8	75.41	0		9.878887
18	351	9	0	26	12	0	10	6	8	75.41	0		9.878887
18	344	3	0	26	6	0	17	3	8	73.86	0		15.244119
18	343	3	0	26	6	8	17	3	8	73.86	0		15.244119
18	342	3	0	26	6	16	17	3	8	73.86	0		15.244119
18	340	3	0	27	9	0	17	3	8	73.86	0		15.244119
18	341	3	0	27	9	8	17	3	8	73.86	0		15.244119
18	335	1	0	24	12	8	16	6	4	43.96	0		1.841948
18	338	1	0	23	12	12	16	6	4	43.96	0		1.841948
18	337	1	0	23	9	16	16	6	4	43.96	0		1.841948
18	336	1	0	22	9	20	16	6	4	43.96	0		1.841948
18	334	1	0	22	9	24	16	6	4	43.96	0		1.841948
18	346	5	0	23	15	16	15	3	7	62.14	0		3.521530
18	347	5	0	22	15	23	15	3	7	62.14	0		3.521530
18	339	2	1	20	0	4	7	6	6	38.79	0		18.405239
18	348	6	0	23	21	24	12	3	6	22.14	0		1.350256
18	349	6	0	26	0	8	12	3	6	22.14	0		1.350256
18	350	7	0	26	3	8	13	2	5	21.70	0		6.637098
18	345	4	1	20	0	10	8	4	4	14.41	1		0.983760
18	353	10	0	20	0	14	12	3	3	14.08	1		2.090604
18	354	10	0	18	0	17	12	3	3	14.08	1		2.090604
1	18	9	0	39	18	0	10	6	8	75.41	0		9.878887
1	17	9	0	39	18	8	10	6	8	75.41	0		9.878887
1	2	1	0	40	12	0	16	6	4	43.96	0		1.841948
1	1	1	0	40	12	4	16	6	4	43.96	0		1.841948
1	10	5	0	38	0	0	15	3	7	62.14	0		3.521530
1	9	5	0	38	0	7	15	3	7	62.14	0		3.521530
1	8	5	0	32	0	14	15	3	7	62.14	0		3.521530
1	3	2	0	39	18	16	7	6	6	38.79	0		18.405239
1	11	6	0	26	6	24	12	3	6	22.14	0		1.350256
1	12	6	0	32	0	21	12	3	6	22.14	0		1.350256
1	13	6	0	39	3	0	12	3	6	22.14	0		1.350256
1	14	6	0	39	3	6	12	3	6	22.14	0		1.350256
1	15	7	0	24	3	13	13	2	5	21.70	0		6.637098
1	16	7	0	24	3	18	13	2	5	21.70	0		6.637098
1	7	4	0	39	18	22	8	4	4	14.41	1		0.983760
1	6	4	0	39	18	26	8	4	4	14.41	1		0.983760
1	5	4	0	40	12	8	8	4	4	14.41	1		0.983760
1	4	4	0	39	12	12	8	4	4	14.41	1		0.983760
1	19	10	0	18	0	20	12	3	3	14.08	1		2.090604


-------------------------------------------------------------------------------------------------------------------
Tour_Id:			3
No_of_Customers:		6
No_of_Items:			116
Customer_Sequence:		19 20 17 8 5 4 

CustId	Id	TypeId	Rotated	x	y	z	Length	Width	Height	mass	Fragility	LoadBearingStrength
4	76	6	0	0	0	0	12	3	6	22.14	0		1.350256
4	79	9	0	0	3	0	10	6	8	75.41	0		9.878887
4	64	3	0	0	9	0	17	3	8	73.86	0		15.244119
4	65	3	0	0	12	0	17	3	8	73.86	0		15.244119
4	66	3	0	0	15	0	17	3	8	73.86	0		15.244119
4	67	3	0	0	18	0	17	3	8	73.86	0		15.244119
4	63	1	1	0	0	8	16	6	4	43.96	0		1.841948
4	73	5	0	0	21	0	15	3	7	62.14	0		3.521530
4	74	5	0	0	21	7	15	3	7	62.14	0		3.521530
4	77	6	0	0	16	8	12	3	6	22.14	0		1.350256
4	75	6	1	0	0	12	12	3	6	22.14	0		1.350256
4	80	9	0	10	3	0	10	6	8	75.41	0		9.878887
4	78	7	0	0	19	8	13	2	5	21.70	0		6.637098
4	72	4	0	0	12	12	8	4	4	14.41	1		0.983760
4	71	4	0	0	16	14	8	4	4	14.41	1		0.983760
4	70	4	0	0	20	14	8	4	4	14.41	1		0.983760
20	390	6	1	0	0	18	12	3	6	22.14	0		1.350256
4	68	4	0	0	12	16	8	4	4	14.41	1		0.983760
4	81	10	1	3	0	12	12	3	3	14.08	1		2.090604
5	98	9	0	6	3	8	10	6	8	75.41	0		9.878887
5	97	9	0	17	9	0	10	6	8	75.41	0		9.878887
5	88	3	0	6	9	8	17	3	8	73.86	0		15.244119
5	87	3	0	8	12	8	17	3	8	73.86	0		15.244119
5	83	1	0	17	15	0	16	6	4	43.96	0		1.841948
5	84	1	0	17	15	4	16	6	4	43.96	0		1.841948
5	82	1	0	13	15	8	16	6	4	43.96	0		1.841948
5	86	2	0	13	15	12	7	6	6	38.79	0		18.405239
5	85	2	0	13	15	18	7	6	6	38.79	0		18.405239
5	90	6	0	8	12	16	12	3	6	22.14	0		1.350256
5	91	6	0	8	12	22	12	3	6	22.14	0		1.350256
5	92	6	0	12	0	0	12	3	6	22.14	0		1.350256
5	93	6	0	6	0	6	12	3	6	22.14	0		1.350256
5	94	6	0	6	0	12	12	3	6	22.14	0		1.350256
5	95	8	0	15	21	0	10	3	4	24.13	0		5.359215
5	96	8	0	15	21	4	10	3	4	24.13	0		5.359215
5	89	4	0	0	16	18	8	4	4	14.41	1		0.983760
8	155	9	0	20	3	0	10	6	8	75.41	0		9.878887
8	154	9	0	16	3	8	10	6	8	75.41	0		9.878887
8	147	4	0	0	21	18	8	4	4	14.41	1		0.983760
8	144	3	0	24	0	0	17	3	8	73.86	0		15.244119
8	145	3	0	24	0	8	17	3	8	73.86	0		15.244119
8	146	3	0	25	21	0	17	3	8	73.86	0		15.244119
8	143	3	0	15	21	8	17	3	8	73.86	0		15.244119
8	141	1	0	27	9	0	16	6	4	43.96	0		1.841948
8	156	10	0	15	21	16	12	3	3	14.08	1		2.090604
8	150	5	0	27	9	4	15	3	7	62.14	0		3.521530
8	148	5	0	27	12	4	15	3	7	62.14	0		3.521530
17	332	10	0	15	21	19	12	3	3	14.08	1		2.090604
8	152	8	0	20	15	12	10	3	4	24.13	0		5.359215
8	153	8	0	20	18	12	10	3	4	24.13	0		5.359215
8	142	1	0	25	9	11	16	6	4	43.96	0		1.841948
20	386	4	0	0	21	22	8	4	4	14.41	1		0.983760
8	157	10	0	20	15	16	12	3	3	14.08	1		2.090604
17	330	9	0	30	3	0	10	6	8	75.41	0		9.878887
17	329	9	0	26	3	8	10	6	8	75.41	0		9.878887
17	328	9	0	33	15	0	10	6	8	75.41	0		9.878887
17	318	1	0	40	3	0	16	6	4	43.96	0		1.841948
17	317	1	0	40	3	4	16	6	4	43.96	0		1.841948
17	319	2	0	13	15	24	7	6	6	38.79	0		18.405239
17	320	2	0	32	15	8	7	6	6	38.79	0		18.405239
17	321	2	0	32	15	14	7	6	6	38.79	0		18.405239
17	324	6	0	20	18	16	12	3	6	22.14	0		1.350256
17	325	7	0	20	18	22	13	2	5	21.70	0		6.637098
17	327	8	0	32	21	8	10	3	4	24.13	0		5.359215
17	326	8	0	32	21	12	10	3	4	24.13	0		5.359215
17	323	4	0	27	21	16	8	4	4	14.41	1		0.983760
17	322	4	0	36	3	8	8	4	4	14.41	1		0.983760
17	331	10	0	20	15	19	12	3	3	14.08	1		2.090604
8	151	6	0	41	0	0	12	3	6	22.14	0		1.350256
17	333	10	0	20	15	22	12	3	3	14.08	1		2.090604
20	397	9	0	6	3	16	10	6	8	75.41	0		9.878887
20	396	9	0	16	3	16	10	6	8	75.41	0		9.878887
20	391	7	0	3	0	18	13	2	5	21.70	0		6.637098
19	375	9	0	25	9	15	10	6	8	75.41	0		9.878887
20	384	3	0	3	9	16	17	3	8	73.86	0		15.244119
20	385	3	0	24	0	16	17	3	8	73.86	0		15.244119
20	379	1	0	0	3	24	16	6	4	43.96	0		1.841948
20	381	2	0	16	3	24	7	6	6	38.79	0		18.405239
20	398	10	0	0	9	24	12	3	3	14.08	1		2.090604
20	388	5	0	41	0	6	15	3	7	62.14	0		3.521530
20	400	10	0	0	9	27	12	3	3	14.08	1		2.090604
20	378	1	0	43	9	0	16	6	4	43.96	0		1.841948
19	368	4	0	0	21	26	8	4	4	14.41	1		0.983760
4	69	4	0	0	12	20	8	4	4	14.41	1		0.983760
20	395	8	0	12	9	24	10	3	4	24.13	0		5.359215
20	392	7	0	3	0	23	13	2	5	21.70	0		6.637098
20	393	8	0	23	0	24	10	3	4	24.13	0		5.359215
20	394	8	0	26	3	16	10	3	4	24.13	0		5.359215
20	382	3	0	41	0	13	17	3	8	73.86	0		15.244119
8	149	5	0	42	21	0	15	3	7	62.14	0		3.521530
20	387	5	0	41	0	21	15	3	7	62.14	0		3.521530
20	399	10	0	15	21	22	12	3	3	14.08	1		2.090604
20	380	2	0	42	9	4	7	6	6	38.79	0		18.405239
19	376	9	0	43	15	0	10	6	8	75.41	0		9.878887
20	383	3	0	42	21	7	17	3	8	73.86	0		15.244119
20	389	6	0	26	6	16	12	3	6	22.14	0		1.350256
19	366	3	0	39	15	8	17	3	8	73.86	0		15.244119
19	365	3	0	39	18	8	17	3	8	73.86	0		15.244119
19	364	3	0	39	15	16	17	3	8	73.86	0		15.244119
19	363	3	0	39	18	16	17	3	8	73.86	0		15.244119
19	356	1	0	39	15	24	16	6	4	43.96	0		1.841948
19	359	1	0	44	3	8	16	6	4	43.96	0		1.841948
19	358	1	0	44	3	12	16	6	4	43.96	0		1.841948
19	357	1	0	44	3	16	16	6	4	43.96	0		1.841948
19	355	1	0	44	3	20	16	6	4	43.96	0		1.841948
19	369	5	0	26	6	22	15	3	7	62.14	0		3.521530
19	362	2	0	25	9	23	7	6	6	38.79	0		18.405239
19	361	2	0	35	9	15	7	6	6	38.79	0		18.405239
19	360	2	0	35	9	21	7	6	6	38.79	0		18.405239
19	370	6	0	26	3	20	12	3	6	22.14	0		1.350256
19	371	6	0	42	21	15	12	3	6	22.14	0		1.350256
19	372	8	0	26	3	26	10	3	4	24.13	0		5.359215
19	373	8	0	42	21	21	10	3	4	24.13	0		5.359215
19	367	4	0	15	21	25	8	4	4	14.41	1		0.983760
19	374	9	0	49	9	4	10	6	8	75.41	0		9.878887
19	377	10	0	20	15	25	12	3	3	14.08	1		2.090604


-------------------------------------------------------------------------------------------------------------------
Tour_Id:			4
No_of_Customers:		4
No_of_Items:			88
Customer_Sequence:		13 10 14 3 

CustId	Id	TypeId	Rotated	x	y	z	Length	Width	Height	mass	Fragility	LoadBearingStrength
3	61	9	0	0	0	0	10	6	8	75.41	0		9.878887
3	42	3	0	0	6	0	17	3	8	73.86	0		15.244119
3	43	3	0	0	9	0	17	3	8	73.86	0		15.244119
3	44	3	0	0	12	0	17	3	8	73.86	0		15.244119
3	45	3	0	0	15	0	17	3	8	73.86	0		15.244119
3	40	1	0	0	18	0	16	6	4	43.96	0		1.841948
3	41	1	1	0	0	8	16	6	4	43.96	0		1.841948
3	39	1	0	0	18	4	16	6	4	43.96	0		1.841948
3	53	5	0	0	16	8	15	3	7	62.14	0		3.521530
3	55	6	0	0	19	8	12	3	6	22.14	0		1.350256
3	54	6	1	0	0	12	12	3	6	22.14	0		1.350256
3	56	6	0	0	19	14	12	3	6	22.14	0		1.350256
3	57	6	0	0	16	15	12	3	6	22.14	0		1.350256
3	58	7	0	0	22	8	13	2	5	21.70	0		6.637098
3	59	8	1	0	0	18	10	3	4	24.13	0		5.359215
3	60	8	0	0	19	20	10	3	4	24.13	0		5.359215
3	51	4	0	0	12	12	8	4	4	14.41	1		0.983760
3	52	4	0	0	12	16	8	4	4	14.41	1		0.983760
3	50	4	0	0	12	20	8	4	4	14.41	1		0.983760
3	49	4	1	0	0	22	8	4	4	14.41	1		0.983760
3	48	4	0	0	12	24	8	4	4	14.41	1		0.983760
3	47	4	0	0	19	24	8	4	4	14.41	1		0.983760
3	46	4	1	0	0	26	8	4	4	14.41	1		0.983760
3	62	10	0	0	16	21	12	3	3	14.08	1		2.090604
14	275	9	1	6	0	8	10	6	8	75.41	0		9.878887
14	274	9	1	6	0	16	10	6	8	75.41	0		9.878887
14	273	9	0	10	0	0	10	6	8	75.41	0		9.878887
14	263	3	0	16	18	0	17	3	8	73.86	0		15.244119
14	264	3	0	16	21	0	17	3	8	73.86	0		15.244119
14	265	3	0	12	19	8	17	3	8	73.86	0		15.244119
14	259	1	1	12	0	8	16	6	4	43.96	0		1.841948
14	260	1	1	12	0	12	16	6	4	43.96	0		1.841948
14	258	1	1	12	0	16	16	6	4	43.96	0		1.841948
14	261	2	0	6	0	24	7	6	6	38.79	0		18.405239
14	262	2	1	13	0	20	7	6	6	38.79	0		18.405239
14	271	6	0	12	19	16	12	3	6	22.14	0		1.350256
14	272	8	0	10	19	22	10	3	4	24.13	0		5.359215
14	268	4	0	4	6	24	8	4	4	14.41	1		0.983760
14	270	4	0	10	19	26	8	4	4	14.41	1		0.983760
14	269	4	0	12	7	20	8	4	4	14.41	1		0.983760
14	267	4	0	12	11	20	8	4	4	14.41	1		0.983760
14	266	4	0	12	7	24	8	4	4	14.41	1		0.983760
14	276	10	0	0	16	24	12	3	3	14.08	1		2.090604
14	277	10	0	0	16	27	12	3	3	14.08	1		2.090604
10	192	9	0	20	0	0	10	6	8	75.41	0		9.878887
10	191	9	0	19	0	8	10	6	8	75.41	0		9.878887
10	190	9	0	19	0	16	10	6	8	75.41	0		9.878887
10	178	3	0	20	6	0	17	3	8	73.86	0		15.244119
10	179	3	0	20	9	0	17	3	8	73.86	0		15.244119
10	180	3	0	20	12	0	17	3	8	73.86	0		15.244119
10	183	5	0	18	15	0	15	3	7	62.14	0		3.521530
10	177	2	0	19	0	24	7	6	6	38.79	0		18.405239
10	184	6	0	18	15	7	12	3	6	22.14	0		1.350256
10	187	7	0	18	15	13	13	2	5	21.70	0		6.637098
10	186	7	0	18	15	18	13	2	5	21.70	0		6.637098
10	185	7	0	18	15	23	13	2	5	21.70	0		6.637098
10	188	8	0	20	6	8	10	3	4	24.13	0		5.359215
10	189	8	0	20	9	8	10	3	4	24.13	0		5.359215
10	182	4	0	12	11	24	8	4	4	14.41	1		0.983760
10	181	4	0	20	6	12	8	4	4	14.41	1		0.983760
10	193	10	0	20	12	8	12	3	3	14.08	1		2.090604
10	194	10	0	20	12	11	12	3	3	14.08	1		2.090604
10	195	10	0	20	12	14	12	3	3	14.08	1		2.090604
10	196	10	0	20	12	17	12	3	3	14.08	1		2.090604
13	247	3	0	30	0	0	17	3	8	73.86	0		15.244119
13	246	3	0	29	0	8	17	3	8	73.86	0		15.244119
13	245	3	0	29	0	16	17	3	8	73.86	0		15.244119
13	244	3	0	30	3	0	17	3	8	73.86	0		15.244119
13	243	3	0	29	3	8	17	3	8	73.86	0		15.244119
13	242	3	0	29	3	16	17	3	8	73.86	0		15.244119
13	241	3	0	33	15	0	17	3	8	73.86	0		15.244119
13	235	1	0	26	0	24	16	6	4	43.96	0		1.841948
13	237	1	0	33	18	0	16	6	4	43.96	0		1.841948
13	236	1	0	33	18	4	16	6	4	43.96	0		1.841948
13	234	1	0	29	18	8	16	6	4	43.96	0		1.841948
13	251	5	0	29	18	12	15	3	7	62.14	0		3.521530
13	240	2	0	30	6	8	7	6	6	38.79	0		18.405239
13	239	2	0	30	6	14	7	6	6	38.79	0		18.405239
13	238	2	0	30	6	20	7	6	6	38.79	0		18.405239
13	252	6	0	29	21	12	12	3	6	22.14	0		1.350256
13	253	7	0	29	21	18	13	2	5	21.70	0		6.637098
13	254	7	0	29	18	19	13	2	5	21.70	0		6.637098
13	255	8	0	31	15	8	10	3	4	24.13	0		5.359215
13	256	8	0	31	15	12	10	3	4	24.13	0		5.359215
13	248	4	0	20	6	16	8	4	4	14.41	1		0.983760
13	249	4	0	20	6	20	8	4	4	14.41	1		0.983760
13	250	4	0	20	11	20	8	4	4	14.41	1		0.983760
13	257	10	0	31	15	16	12	3	3	14.08	1		2.090604


