Name:				330_n020_m400_bt100
Problem:			3L-VRPTW
Number_of_used_Vehicles:	6
Total_Travel_Distance:		529.14
Calculation_Time:		309.52
Total_Iterations:		8005
ConstraintSet:			P1

-------------------------------------------------------------------------------------------------------------------
Tour_Id:			1
No_of_Customers:		5
No_of_Items:			89
Customer_Sequence:		18 12 15 11 9 

CustId	Id	TypeId	Rotated	x	y	z	Length	Width	Height	mass	Fragility	LoadBearingStrength
9	181	79	0	0	0	0	12	6	7	64.26	0		2.446076
9	184	93	0	0	6	0	6	3	5	13.89	0		51.353377
9	170	22	0	0	9	0	10	6	7	34.26	0		2.031774
9	185	98	0	0	15	0	6	5	4	13.83	0		6.823738
9	177	54	0	0	20	0	15	4	4	16.86	0		9.312461
9	178	55	0	0	0	7	12	6	4	27.53	0		1.630926
9	171	35	0	0	9	7	11	7	3	20.09	0		3.099437
9	172	36	0	0	16	4	7	6	5	21.34	0		11.805820
9	174	48	0	0	9	10	10	5	4	30.25	0		4.922998
9	175	48	0	0	0	11	10	5	4	30.25	0		4.922998
9	180	77	0	0	6	5	7	3	7	23.67	0		11.997780
9	183	92	0	0	9	14	10	5	7	32.58	0		11.728567
9	179	70	0	0	0	15	11	6	7	40.95	1		5.392387
9	168	5	0	10	6	0	17	7	4	74.79	0		3.044867
9	169	10	0	0	9	21	11	3	3	12.57	0		4.899538
9	182	80	0	0	0	22	12	3	7	18.69	1		0.667764
9	176	50	0	0	3	22	13	3	6	32.19	1		1.244451
9	173	40	0	10	13	0	14	4	4	16	1		1.208944
11	221	88	0	11	6	4	16	5	8	103.51	0		7.074976
11	220	87	0	11	6	12	15	5	7	59.36	0		3.001713
11	209	9	0	11	6	19	11	6	7	40.95	0		2.742704
11	211	22	0	13	0	0	10	6	7	34.26	0		2.031774
11	225	97	0	13	0	7	13	6	5	63.83	0		8.337564
11	224	97	0	13	0	12	13	6	5	63.83	0		8.337564
11	219	85	0	0	16	9	7	7	7	25.36	0		6.917316
11	223	91	0	7	17	0	16	3	7	35.37	0		6.696842
11	222	89	0	7	16	7	14	4	6	47.21	0		3.272751
11	213	38	0	11	6	26	12	6	4	23.38	0		1.450597
11	227	100	0	7	20	4	10	4	7	33.51	0		19.828211
12	228	5	0	23	17	0	17	7	4	74.79	0		3.044867
11	215	54	0	7	16	13	15	4	4	16.86	0		9.312461
11	214	53	0	7	20	11	12	4	4	24.70	0		5.680207
11	206	1	0	0	16	16	7	6	8	29.07	1		3.574879
11	217	64	0	0	9	24	11	3	5	27.63	0		6.318847
11	216	64	0	7	20	15	11	3	5	27.63	0		6.318847
15	296	77	0	7	16	17	7	3	7	23.67	0		11.997780
11	207	6	0	13	0	17	15	6	7	47.34	1		0.439926
11	218	70	0	26	0	0	11	6	7	40.95	1		5.392387
11	212	26	0	0	14	10	13	2	7	29.43	0		11.146537
15	291	20	0	27	6	0	12	5	6	58.20	0		7.985263
11	208	8	0	13	12	4	13	4	6	52.75	1		1.105949
15	289	12	0	27	11	0	9	5	7	40.72	0		4.072862
15	290	12	0	26	11	7	9	5	7	40.72	0		4.072862
15	294	38	0	36	11	0	12	6	4	23.38	0		1.450597
15	293	28	0	27	6	6	15	4	3	23.32	0		4.870078
12	233	34	0	0	14	17	10	2	6	14.82	0		12.585714
11	210	18	0	37	0	0	6	6	3	12.65	0		14.909700
15	292	26	0	0	12	21	13	2	7	29.43	0		11.146537
15	298	82	0	7	20	20	10	2	8	21.54	1		1.797510
12	234	37	0	23	17	4	13	4	8	53.54	0		10.686260
15	297	82	0	13	12	10	10	2	8	21.54	1		1.797510
11	226	100	0	43	0	0	10	4	7	33.51	0		19.828211
12	241	62	0	23	21	4	17	4	7	80.79	0		24.060359
12	240	62	0	19	21	11	17	4	7	80.79	0		24.060359
12	229	14	0	26	11	14	12	5	7	47.97	0		3.024111
15	299	93	0	7	16	24	6	3	5	13.89	0		51.353377
12	238	58	0	19	21	18	16	3	8	28.03	0		9.614823
12	246	92	0	26	11	21	10	5	7	32.58	0		11.728567
12	245	85	0	36	11	4	7	7	7	25.36	0		6.917316
12	235	42	0	40	17	0	14	7	3	26.33	0		2.346025
12	243	81	0	27	6	9	14	5	8	61.27	1		6.699826
12	231	21	0	23	17	12	12	4	6	48.55	0		3.270805
12	242	76	0	43	4	0	8	5	6	28.60	0		1.814266
12	236	48	0	42	4	6	10	5	4	30.25	0		4.922998
12	237	55	0	48	11	0	12	6	4	27.53	0		1.630926
12	230	19	0	19	21	26	15	3	3	17.70	0		2.173748
15	295	64	0	43	0	7	11	3	5	27.63	0		6.318847
12	232	25	0	14	16	17	8	3	7	24.46	0		30.513190
12	247	93	0	13	16	24	6	3	5	13.89	0		51.353377
12	239	60	0	23	17	18	10	3	3	15.19	0		7.274776
12	244	82	0	13	12	18	10	2	8	21.54	1		1.797510
18	356	68	0	43	11	4	17	7	8	85.52	0		22.969159
18	352	24	0	40	18	3	15	6	7	60.76	0		1.935785
18	358	79	0	40	18	10	12	6	7	64.26	0		2.446076
18	354	49	0	40	18	17	13	6	6	41.01	0		4.197510
18	346	9	0	40	18	23	11	6	7	40.95	0		2.742704
18	347	9	0	42	4	10	11	6	7	40.95	0		2.742704
18	351	22	0	42	4	17	10	6	7	34.26	0		2.031774
18	361	97	0	42	4	24	13	6	5	63.83	0		8.337564
18	357	71	0	43	11	12	15	3	8	58.51	0		12.220909
18	360	91	0	43	14	12	16	3	7	35.37	0		6.696842
18	349	12	1	54	0	0	9	5	7	40.72	0		4.072862
18	362	99	0	43	0	12	14	3	7	34.04	0		6.860985
18	355	61	1	55	18	0	6	5	8	31.75	0		11.482856
18	353	45	1	54	0	7	9	5	4	26.40	0		6.133371
18	348	11	0	23	17	21	13	2	3	11.83	0		5.652776
18	359	81	0	26	6	17	14	5	8	61.27	1		6.699826
18	350	13	0	13	0	24	14	5	3	34.75	1		1.381065
18	345	4	0	26	6	25	7	4	5	10.96	1		0.575243


-------------------------------------------------------------------------------------------------------------------
Tour_Id:			2
No_of_Customers:		3
No_of_Items:			62
Customer_Sequence:		20 5 2 

CustId	Id	TypeId	Rotated	x	y	z	Length	Width	Height	mass	Fragility	LoadBearingStrength
2	22	23	0	0	0	0	15	6	8	56.45	0		3.494426
2	37	79	0	0	6	0	12	6	7	64.26	0		2.446076
2	40	91	0	0	12	0	16	3	7	35.37	0		6.696842
2	25	31	0	0	15	0	16	5	4	24.18	0		1.585839
2	27	38	0	0	15	4	12	6	4	23.38	0		1.450597
2	29	44	0	0	6	7	9	7	4	42.22	0		8.256953
2	33	61	0	0	0	8	6	5	8	31.75	0		11.482856
2	24	28	0	0	20	0	15	4	3	23.32	0		4.870078
2	34	75	0	0	15	8	10	6	3	30.12	0		16.722001
2	30	56	0	0	21	3	10	3	5	12.04	0		6.205670
2	35	77	0	0	21	8	7	3	7	23.67	0		11.997780
2	26	34	0	0	13	7	10	2	6	14.82	0		12.585714
2	32	60	0	0	6	11	10	3	3	15.19	0		7.274776
2	23	27	0	0	9	11	6	2	6	6.88	0		2.188211
2	39	81	0	12	6	0	14	5	8	61.27	1		6.699826
2	36	78	0	0	15	11	12	4	7	34.34	1		0.707675
2	19	1	0	6	0	8	7	6	8	29.07	1		3.574879
2	20	1	0	0	0	16	7	6	8	29.07	1		3.574879
2	38	80	0	0	6	14	12	3	7	18.69	1		0.667764
2	28	40	0	0	15	18	14	4	4	16	1		1.208944
2	31	57	0	0	15	22	13	4	3	11.45	1		0.558847
2	21	4	0	0	21	15	7	4	5	10.96	1		0.575243
5	97	68	0	16	12	0	17	7	8	85.52	0		22.969159
5	89	33	0	15	0	0	13	6	7	65.58	0		6.374142
5	90	33	0	15	0	7	13	6	7	65.58	0		6.374142
5	84	5	0	16	12	8	17	7	4	74.79	0		3.044867
5	91	46	0	13	0	14	13	5	6	53.73	0		5.880629
5	94	58	0	13	0	20	16	3	8	28.03	0		9.614823
5	98	89	0	15	20	0	14	4	6	47.21	0		3.272751
5	96	67	0	15	20	6	14	3	8	40.96	0		12.007577
5	95	61	0	16	12	12	6	5	8	31.75	0		11.482856
5	87	26	0	0	19	11	13	2	7	29.43	0		11.146537
5	92	47	0	15	20	14	7	3	6	9.86	0		5.244791
5	93	47	0	15	20	20	7	3	6	9.86	0		5.244791
5	99	93	0	16	12	20	6	3	5	13.89	0		51.353377
5	86	17	0	12	6	8	15	6	7	97.90	1		2.571324
5	82	1	0	12	6	15	7	6	8	29.07	1		3.574879
5	85	8	0	22	12	12	13	4	6	52.75	1		1.105949
5	88	32	0	0	0	24	7	5	4	14.77	1		1.991371
5	83	4	0	0	21	20	7	4	5	10.96	1		0.575243
20	396	87	0	27	6	0	15	5	7	59.36	0		3.001713
20	380	5	0	42	0	0	17	7	4	74.79	0		3.044867
20	398	92	0	27	6	7	10	5	7	32.58	0		11.728567
20	395	85	0	42	7	0	7	7	7	25.36	0		6.917316
20	385	31	0	29	19	0	16	5	4	24.18	0		1.585839
20	386	31	0	29	19	4	16	5	4	24.18	0		1.585839
20	383	12	0	27	6	14	9	5	7	40.72	0		4.072862
20	388	38	0	29	0	0	12	6	4	23.38	0		1.450597
20	399	94	0	29	0	4	16	3	5	17.05	0		6.379384
20	389	52	0	27	6	21	12	5	4	19.15	0		13.257860
20	400	98	0	27	6	25	6	5	4	13.83	0		6.823738
20	382	11	0	12	3	20	13	2	3	11.83	0		5.652776
20	384	27	0	12	3	23	6	2	6	6.88	0		2.188211
20	381	6	0	29	19	8	15	6	7	47.34	1		0.439926
20	393	81	0	29	19	15	14	5	8	61.27	1		6.699826
20	394	81	0	35	14	0	14	5	8	61.27	1		6.699826
20	390	70	0	29	19	23	11	6	7	40.95	1		5.392387
20	391	70	0	37	6	7	11	6	7	40.95	1		5.392387
20	392	73	0	22	11	18	10	5	8	65.73	1		2.558301
20	379	3	0	19	5	15	8	5	8	33.06	1		2.009189
20	387	32	0	0	15	25	7	5	4	14.77	1		1.991371
20	397	90	0	12	5	23	8	5	3	13.81	1		0.938923


-------------------------------------------------------------------------------------------------------------------
Tour_Id:			3
No_of_Customers:		5
No_of_Items:			102
Customer_Sequence:		16 14 19 1 8 

CustId	Id	TypeId	Rotated	x	y	z	Length	Width	Height	mass	Fragility	LoadBearingStrength
8	166	88	0	0	0	0	16	5	8	103.51	0		7.074976
8	165	87	0	0	5	0	15	5	7	59.36	0		3.001713
8	161	79	0	0	10	0	12	6	7	64.26	0		2.446076
8	160	71	0	0	16	0	15	3	8	58.51	0		12.220909
1	2	16	0	0	19	0	7	6	7	37.85	0		2.576375
8	151	12	0	0	5	7	9	5	7	40.72	0		4.072862
8	167	100	0	0	10	7	10	4	7	33.51	0		19.828211
8	152	12	0	0	0	8	9	5	7	40.72	0		4.072862
8	159	66	0	0	5	14	8	4	8	37.54	0		3.002481
8	158	59	0	0	16	8	17	2	7	21.08	0		9.741394
8	156	53	0	0	9	14	12	4	4	24.70	0		5.680207
8	155	47	0	0	0	15	7	3	6	9.86	0		5.244791
8	150	11	0	0	14	7	13	2	3	11.83	0		5.652776
8	149	11	0	0	14	10	13	2	3	11.83	0		5.652776
8	153	27	0	0	14	13	6	2	6	6.88	0		2.188211
8	148	1	0	9	0	8	7	6	8	29.07	1		3.574879
8	154	40	0	0	9	18	14	4	4	16	1		1.208944
19	377	91	0	7	19	0	16	3	7	35.37	0		6.696842
8	163	82	0	0	16	15	10	2	8	21.54	1		1.797510
8	157	57	0	0	9	22	13	4	3	11.45	1		0.558847
1	10	62	0	16	0	0	17	4	7	80.79	0		24.060359
1	14	89	0	16	4	0	14	4	6	47.21	0		3.272751
1	11	67	0	7	22	0	14	3	8	40.96	0		12.007577
1	18	99	0	7	22	8	14	3	7	34.04	0		6.860985
14	279	57	0	0	9	25	13	4	3	11.45	1		0.558847
8	164	85	0	15	8	0	7	7	7	25.36	0		6.917316
1	9	54	0	16	4	6	15	4	4	16.86	0		9.312461
1	4	27	0	0	19	7	6	2	6	6.88	0		2.188211
1	5	28	0	16	0	7	15	4	3	23.32	0		4.870078
1	7	45	0	15	8	7	9	5	4	26.40	0		6.133371
1	8	47	0	0	21	7	7	3	6	9.86	0		5.244791
1	16	95	0	0	21	13	7	4	4	10.61	0		7.772232
1	6	28	0	16	0	10	15	4	3	23.32	0		4.870078
1	3	17	0	24	8	0	15	6	7	97.90	1		2.571324
1	12	73	0	15	8	11	10	5	8	65.73	1		2.558301
1	17	99	0	7	22	15	14	3	7	34.04	0		6.860985
1	13	84	0	0	0	21	8	3	6	17.65	1		1.163320
1	15	90	0	8	0	16	8	5	3	13.81	1		0.938923
19	376	86	0	23	14	0	13	6	6	55.63	0		4.811816
8	162	82	0	0	5	22	10	2	8	21.54	1		1.797510
19	364	16	0	23	14	6	7	6	7	37.85	0		2.576375
19	374	66	0	16	4	10	8	4	8	37.54	0		3.002481
19	369	54	0	16	0	13	15	4	4	16.86	0		9.312461
19	375	76	0	23	20	0	8	5	6	28.60	0		1.814266
19	373	59	0	6	19	7	17	2	7	21.08	0		9.741394
19	366	36	0	23	14	13	7	6	5	21.34	0		11.805820
19	368	51	0	6	19	14	13	2	8	24.93	0		10.113869
19	363	8	0	15	8	19	13	4	6	52.75	1		1.105949
19	378	93	0	7	22	22	6	3	5	13.89	0		51.353377
19	367	41	0	23	14	18	8	6	3	17.16	0		5.836054
19	370	57	0	16	0	17	13	4	3	11.45	1		0.558847
19	371	57	0	16	0	20	13	4	3	11.45	1		0.558847
19	372	57	0	16	0	23	13	4	3	11.45	1		0.558847
19	365	32	0	8	0	19	7	5	4	14.77	1		1.991371
14	270	23	0	33	0	0	15	6	8	56.45	0		3.494426
14	269	9	0	31	0	8	11	6	7	40.95	0		2.742704
14	286	97	0	31	0	15	13	6	5	63.83	0		8.337564
14	274	38	0	29	0	20	12	6	4	23.38	0		1.450597
14	281	67	0	31	20	0	14	3	8	40.96	0		12.007577
14	287	99	0	31	20	8	14	3	7	34.04	0		6.860985
14	288	100	0	16	4	18	10	4	7	33.51	0		19.828211
14	278	55	0	29	0	24	12	6	4	27.53	0		1.630926
14	284	89	0	31	20	15	14	4	6	47.21	0		3.272751
14	277	54	0	31	20	21	15	4	4	16.86	0		9.312461
14	280	59	0	6	19	22	17	2	7	21.08	0		9.741394
14	273	36	0	23	14	21	7	6	5	21.34	0		11.805820
14	276	51	0	31	6	0	13	2	8	24.93	0		10.113869
14	275	51	0	31	23	0	13	2	8	24.93	0		10.113869
14	282	75	0	36	14	0	10	6	3	30.12	0		16.722001
14	272	34	0	13	22	22	10	2	6	14.82	0		12.585714
16	325	95	0	23	14	26	7	4	4	10.61	0		7.772232
1	1	4	0	0	21	17	7	4	5	10.96	1		0.575243
14	283	84	0	23	20	6	8	3	6	17.65	1		1.163320
14	285	90	0	15	8	25	8	5	3	13.81	1		0.938923
16	304	23	0	39	8	0	15	6	8	56.45	0		3.494426
16	319	74	0	46	14	0	13	7	7	103.57	0		17.682545
16	320	79	0	39	8	8	12	6	7	64.26	0		2.446076
16	322	86	0	39	8	15	13	6	6	55.63	0		4.811816
16	321	83	0	46	14	7	9	7	6	39.50	0		2.948315
16	315	63	0	36	14	3	7	5	7	32.76	0		3.587397
16	307	31	0	31	20	25	16	5	4	24.18	0		1.585839
16	327	99	0	39	8	21	14	3	7	34.04	0		6.860985
16	324	92	0	45	14	13	10	5	7	32.58	0		11.728567
16	310	52	0	45	14	20	12	5	4	19.15	0		13.257860
16	313	59	0	31	6	8	17	2	7	21.08	0		9.741394
14	271	27	0	23	23	6	6	2	6	6.88	0		2.188211
16	301	15	0	36	14	10	7	6	5	29	0		6.202490
16	302	18	0	36	14	15	6	6	3	12.65	0		14.909700
16	305	28	0	45	14	24	15	4	3	23.32	0		4.870078
16	316	64	0	39	11	21	11	3	5	27.63	0		6.318847
16	317	65	0	36	14	18	7	3	4	11.98	0		6.514565
16	312	59	0	31	6	15	17	2	7	21.08	0		9.741394
16	326	95	0	36	14	22	7	4	4	10.61	0		7.772232
16	303	18	0	48	0	0	6	6	3	12.65	0		14.909700
16	306	28	0	45	14	27	15	4	3	23.32	0		4.870078
16	314	60	0	39	11	26	10	3	3	15.19	0		7.274776
16	309	47	0	46	21	0	7	3	6	9.86	0		5.244791
16	318	72	1	31	14	6	6	4	3	8.40	0		6.883065
16	308	40	1	54	0	0	14	4	4	16	1		1.208944
16	300	13	1	54	0	4	14	5	3	34.75	1		1.381065
16	311	57	1	54	0	7	13	4	3	11.45	1		0.558847
16	323	90	0	28	8	7	8	5	3	13.81	1		0.938923


-------------------------------------------------------------------------------------------------------------------
Tour_Id:			4
No_of_Customers:		1
No_of_Items:			0
Customer_Sequence:		13 

-------------------------------------------------------------------------------------------------------------------
Tour_Id:			5
No_of_Customers:		3
No_of_Items:			68
Customer_Sequence:		6 7 10 

CustId	Id	TypeId	Rotated	x	y	z	Length	Width	Height	mass	Fragility	LoadBearingStrength
10	192	24	0	0	0	0	15	6	7	60.76	0		1.935785
10	200	79	0	0	6	0	12	6	7	64.26	0		2.446076
10	199	62	0	0	12	0	17	4	7	80.79	0		24.060359
10	190	14	0	0	16	0	12	5	7	47.97	0		3.024111
10	205	92	0	0	0	7	10	5	7	32.58	0		11.728567
10	204	92	0	0	5	7	10	5	7	32.58	0		11.728567
10	203	89	0	0	21	0	14	4	6	47.21	0		3.272751
10	189	12	0	0	10	7	9	5	7	40.72	0		4.072862
10	193	38	0	0	15	7	12	6	4	23.38	0		1.450597
10	197	55	0	0	15	11	12	6	4	27.53	0		1.630926
10	195	44	0	0	0	14	9	7	4	42.22	0		8.256953
10	198	59	0	0	21	6	17	2	7	21.08	0		9.741394
10	196	53	0	0	7	14	12	4	4	24.70	0		5.680207
10	191	18	0	0	15	15	6	6	3	12.65	0		14.909700
10	187	6	0	12	6	0	15	6	7	47.34	1		0.439926
10	188	8	1	0	0	18	13	4	6	52.75	1		1.105949
10	194	40	1	0	0	24	14	4	4	16	1		1.208944
10	201	84	1	0	13	18	8	3	6	17.65	1		1.163320
10	202	84	1	0	14	24	8	3	6	17.65	1		1.163320
10	186	4	1	4	0	18	7	4	5	10.96	1		0.575243
7	130	5	0	17	12	0	17	7	4	74.79	0		3.044867
7	142	49	0	15	0	0	13	6	6	41.01	0		4.197510
7	132	9	0	15	0	6	11	6	7	40.95	0		2.742704
7	135	22	0	15	0	13	10	6	7	34.26	0		2.031774
7	136	22	0	15	0	20	10	6	7	34.26	0		2.031774
7	137	22	0	17	19	0	10	6	7	34.26	0		2.031774
7	144	71	0	17	12	4	15	3	8	58.51	0		12.220909
7	146	89	0	17	15	4	14	4	6	47.21	0		3.272751
7	138	30	0	17	15	10	14	4	5	37.58	0		9.299413
7	147	100	0	4	7	18	10	4	7	33.51	0		19.828211
7	143	63	0	6	15	15	7	5	7	32.76	0		3.587397
7	145	76	0	6	15	22	8	5	6	28.60	0		1.814266
7	141	43	0	17	19	7	11	3	7	20.41	0		5.744663
7	139	36	0	27	6	0	7	6	5	21.34	0		11.805820
7	140	36	0	27	19	0	7	6	5	21.34	0		11.805820
7	134	15	0	27	6	5	7	6	5	29	0		6.202490
7	133	11	0	0	23	6	13	2	3	11.83	0		5.652776
7	129	3	0	12	6	7	8	5	8	33.06	1		2.009189
7	131	8	0	17	15	15	13	4	6	52.75	1		1.105949
6	110	29	0	28	0	0	16	5	7	76.43	0		6.689337
6	105	14	0	26	0	7	12	5	7	47.97	0		3.024111
6	107	22	0	25	0	14	10	6	7	34.26	0		2.031774
6	100	2	0	34	6	0	17	6	4	47.42	0		4.509061
6	117	58	0	17	12	12	16	3	8	28.03	0		9.614823
6	125	92	0	25	0	21	10	5	7	32.58	0		11.728567
6	114	42	0	34	12	0	14	7	3	26.33	0		2.346025
6	106	21	0	34	19	0	12	4	6	48.55	0		3.270805
6	111	30	0	34	12	3	14	4	5	37.58	0		9.299413
6	118	63	0	27	6	10	7	5	7	32.76	0		3.587397
6	126	94	0	17	12	20	16	3	5	17.05	0		6.379384
6	115	52	0	34	6	4	12	5	4	19.15	0		13.257860
6	113	36	0	27	6	17	7	6	5	21.34	0		11.805820
6	109	28	0	32	12	8	15	4	3	23.32	0		4.870078
6	108	25	0	17	22	7	8	3	7	24.46	0		30.513190
6	119	64	0	4	7	25	11	3	5	27.63	0		6.318847
6	112	34	0	0	23	9	10	2	6	14.82	0		12.585714
6	127	95	0	17	19	14	7	4	4	10.61	0		7.772232
6	120	65	0	17	19	18	7	3	4	11.98	0		6.514565
6	121	65	0	17	19	22	7	3	4	11.98	0		6.514565
6	122	70	0	34	6	8	11	6	7	40.95	1		5.392387
6	123	70	0	34	6	15	11	6	7	40.95	1		5.392387
6	124	78	0	17	15	21	12	4	7	34.34	1		0.707675
6	101	3	0	27	6	22	8	5	8	33.06	1		2.009189
6	128	96	0	33	12	11	7	4	7	29.34	1		1.754776
6	116	57	0	34	19	6	13	4	3	11.45	1		0.558847
6	104	4	0	33	12	18	7	4	5	10.96	1		0.575243
6	103	4	0	33	11	23	7	4	5	10.96	1		0.575243
6	102	4	0	34	19	9	7	4	5	10.96	1		0.575243


-------------------------------------------------------------------------------------------------------------------
Tour_Id:			6
No_of_Customers:		3
No_of_Items:			58
Customer_Sequence:		17 3 4 

CustId	Id	TypeId	Rotated	x	y	z	Length	Width	Height	mass	Fragility	LoadBearingStrength
4	71	33	0	0	0	0	13	6	7	65.58	0		6.374142
4	64	5	0	0	6	0	17	7	4	74.79	0		3.044867
4	68	22	0	0	13	0	10	6	7	34.26	0		2.031774
4	80	97	0	0	19	0	13	6	5	63.83	0		8.337564
4	78	91	0	0	6	4	16	3	7	35.37	0		6.696842
4	70	31	0	0	19	5	16	5	4	24.18	0		1.585839
4	81	100	0	0	9	4	10	4	7	33.51	0		19.828211
4	72	35	0	0	6	11	11	7	3	20.09	0		3.099437
4	73	35	0	0	6	14	11	7	3	20.09	0		3.099437
4	74	43	0	0	0	7	11	3	7	20.41	0		5.744663
4	69	28	0	0	19	9	15	4	3	23.32	0		4.870078
4	67	11	0	0	3	7	13	2	3	11.83	0		5.652776
4	66	11	0	0	13	7	13	2	3	11.83	0		5.652776
4	75	72	0	0	15	7	6	4	3	8.40	0		6.883065
4	65	6	0	13	0	0	15	6	7	47.34	1		0.439926
4	63	1	0	0	13	10	7	6	8	29.07	1		3.574879
4	79	96	0	0	19	12	7	4	7	29.34	1		1.754776
4	76	90	0	0	6	17	8	5	3	13.81	1		0.938923
4	77	90	0	0	13	18	8	5	3	13.81	1		0.938923
3	44	23	0	13	13	0	15	6	8	56.45	0		3.494426
3	46	29	0	13	13	8	16	5	7	76.43	0		6.689337
3	53	58	0	13	13	15	16	3	8	28.03	0		9.614823
3	52	58	0	17	6	0	16	3	8	28.03	0		9.614823
3	59	92	0	28	0	0	10	5	7	32.58	0		11.728567
3	58	85	0	28	13	0	7	7	7	25.36	0		6.917316
3	50	55	0	33	6	0	12	6	4	27.53	0		1.630926
3	62	100	0	0	0	14	10	4	7	33.51	0		19.828211
3	54	69	0	28	0	7	8	6	5	19.65	0		5.024770
3	55	69	0	28	0	12	8	6	5	19.65	0		5.024770
3	47	36	0	28	0	17	7	6	5	21.34	0		11.805820
3	48	48	0	0	0	21	10	5	4	30.25	0		4.922998
3	49	53	0	0	0	25	12	4	4	24.70	0		5.680207
3	61	98	0	7	19	12	6	5	4	13.83	0		6.823738
3	42	10	0	13	13	23	11	3	3	12.57	0		4.899538
3	45	27	0	0	11	17	6	2	6	6.88	0		2.188211
3	56	70	0	13	0	7	11	6	7	40.95	1		5.392387
3	43	13	0	10	0	14	14	5	3	34.75	1		1.381065
3	60	96	0	0	19	19	7	4	7	29.34	1		1.754776
3	51	57	0	10	0	17	13	4	3	11.45	1		0.558847
3	57	84	0	0	6	20	8	3	6	17.65	1		1.163320
3	41	4	0	0	13	21	7	4	5	10.96	1		0.575243
17	339	68	0	35	13	0	17	7	8	85.52	0		22.969159
17	328	23	0	33	6	4	15	6	8	56.45	0		3.494426
17	342	85	0	28	0	22	7	7	7	25.36	0		6.917316
17	343	99	0	16	20	0	14	3	7	34.04	0		6.860985
17	344	100	0	16	20	7	10	4	7	33.51	0		19.828211
17	336	52	0	30	20	0	12	5	4	19.15	0		13.257860
17	332	35	0	33	6	12	11	7	3	20.09	0		3.099437
17	331	35	0	33	6	15	11	7	3	20.09	0		3.099437
17	329	28	0	17	6	8	15	4	3	23.32	0		4.870078
17	334	45	0	16	20	14	9	5	4	26.40	0		6.133371
17	335	45	0	16	20	18	9	5	4	26.40	0		6.133371
17	333	41	0	33	6	18	8	6	3	17.16	0		5.836054
17	338	65	0	7	19	16	7	3	4	11.98	0		6.514565
17	340	81	0	17	6	11	14	5	8	61.27	1		6.699826
17	341	81	0	30	20	4	14	5	8	61.27	1		6.699826
17	337	57	0	30	20	12	13	4	3	11.45	1		0.558847
17	330	32	0	0	13	26	7	5	4	14.77	1		1.991371


