Name:				331_n020_m400_bt3
Problem:			3L-VRPTW
Number_of_used_Vehicles:	3
Total_Travel_Distance:		406.19
Calculation_Time:		2144.46
Total_Iterations:		8033
ConstraintSet:			P1

-------------------------------------------------------------------------------------------------------------------
Tour_Id:			1
No_of_Customers:		9
No_of_Items:			186
Customer_Sequence:		5 7 2 10 1 3 8 13 14 

CustId	Id	TypeId	Rotated	x	y	z	Length	Width	Height	mass	Fragility	LoadBearingStrength
14	276	2	0	0	0	0	7	6	5	24.63	0		18.124739
14	277	2	0	0	6	0	7	6	5	24.63	0		18.124739
14	278	2	0	0	12	0	7	6	5	24.63	0		18.124739
14	279	2	0	0	18	0	7	6	5	24.63	0		18.124739
14	280	3	0	0	0	5	6	6	5	128.48	0		17.830253
14	288	3	0	0	6	5	6	6	5	128.48	0		17.830253
14	287	3	0	0	12	5	6	6	5	128.48	0		17.830253
14	286	3	0	0	18	5	6	6	5	128.48	0		17.830253
14	285	3	0	0	0	10	6	6	5	128.48	0		17.830253
14	284	3	0	0	6	10	6	6	5	128.48	0		17.830253
14	283	3	0	0	12	10	6	6	5	128.48	0		17.830253
14	282	3	0	0	18	10	6	6	5	128.48	0		17.830253
14	281	3	0	0	0	15	6	6	5	128.48	0		17.830253
14	271	1	0	0	6	15	6	6	5	26.52	1		0.769020
14	275	1	0	0	12	15	6	6	5	26.52	1		0.769020
14	274	1	0	0	18	15	6	6	5	26.52	1		0.769020
14	273	1	0	0	0	20	6	6	5	26.52	1		0.769020
14	272	1	0	0	6	20	6	6	5	26.52	1		0.769020
13	265	2	0	7	0	0	7	6	5	24.63	0		18.124739
13	264	2	0	6	0	5	7	6	5	24.63	0		18.124739
13	263	2	0	6	0	10	7	6	5	24.63	0		18.124739
13	262	2	0	6	0	15	7	6	5	24.63	0		18.124739
13	261	2	0	6	0	20	7	6	5	24.63	0		18.124739
13	260	2	0	6	0	25	7	6	5	24.63	0		18.124739
13	257	2	0	7	6	0	7	6	5	24.63	0		18.124739
13	258	2	0	6	6	5	7	6	5	24.63	0		18.124739
13	259	2	0	6	6	10	7	6	5	24.63	0		18.124739
13	270	3	0	6	6	15	6	6	5	128.48	0		17.830253
13	269	3	0	6	6	20	6	6	5	128.48	0		17.830253
13	268	3	0	6	6	25	6	6	5	128.48	0		17.830253
13	267	3	0	7	12	0	6	6	5	128.48	0		17.830253
13	266	3	0	6	12	5	6	6	5	128.48	0		17.830253
13	256	1	0	0	12	20	6	6	5	26.52	1		0.769020
13	255	1	0	0	18	20	6	6	5	26.52	1		0.769020
13	254	1	0	0	0	25	6	6	5	26.52	1		0.769020
13	253	1	0	0	6	25	6	6	5	26.52	1		0.769020
13	252	1	0	0	12	25	6	6	5	26.52	1		0.769020
13	251	1	0	0	18	25	6	6	5	26.52	1		0.769020
13	250	1	0	6	12	10	6	6	5	26.52	1		0.769020
13	249	1	0	6	12	15	6	6	5	26.52	1		0.769020
13	248	1	0	6	12	20	6	6	5	26.52	1		0.769020
13	247	1	0	6	12	25	6	6	5	26.52	1		0.769020
13	246	1	0	7	18	0	6	6	5	26.52	1		0.769020
8	153	2	0	13	12	0	7	6	5	24.63	0		18.124739
8	154	2	0	12	12	5	7	6	5	24.63	0		18.124739
8	155	2	0	12	12	10	7	6	5	24.63	0		18.124739
8	156	2	0	12	12	15	7	6	5	24.63	0		18.124739
8	157	2	0	12	12	20	7	6	5	24.63	0		18.124739
8	158	2	0	12	12	25	7	6	5	24.63	0		18.124739
8	165	3	0	13	18	0	6	6	5	128.48	0		17.830253
8	164	3	0	13	18	5	6	6	5	128.48	0		17.830253
8	163	3	0	12	18	10	6	6	5	128.48	0		17.830253
8	162	3	0	12	18	15	6	6	5	128.48	0		17.830253
8	161	3	0	12	18	20	6	6	5	128.48	0		17.830253
8	160	3	0	12	18	25	6	6	5	128.48	0		17.830253
8	159	3	0	14	0	0	6	6	5	128.48	0		17.830253
8	152	1	0	6	18	5	6	6	5	26.52	1		0.769020
8	151	1	0	6	18	10	6	6	5	26.52	1		0.769020
8	150	1	0	6	18	15	6	6	5	26.52	1		0.769020
8	149	1	0	6	18	20	6	6	5	26.52	1		0.769020
8	148	1	0	6	18	25	6	6	5	26.52	1		0.769020
8	147	1	0	13	0	5	6	6	5	26.52	1		0.769020
3	57	2	0	14	6	0	7	6	5	24.63	0		18.124739
3	56	2	0	13	6	5	7	6	5	24.63	0		18.124739
3	51	2	0	13	6	10	7	6	5	24.63	0		18.124739
3	52	2	0	12	6	15	7	6	5	24.63	0		18.124739
3	53	2	0	12	6	20	7	6	5	24.63	0		18.124739
3	54	2	0	12	6	25	7	6	5	24.63	0		18.124739
3	55	2	0	19	18	0	7	6	5	24.63	0		18.124739
3	64	3	0	19	18	5	6	6	5	128.48	0		17.830253
3	63	3	0	18	18	10	6	6	5	128.48	0		17.830253
3	62	3	0	18	18	15	6	6	5	128.48	0		17.830253
3	61	3	0	18	18	20	6	6	5	128.48	0		17.830253
3	60	3	0	18	18	25	6	6	5	128.48	0		17.830253
3	59	3	0	20	0	0	6	6	5	128.48	0		17.830253
3	58	3	0	19	0	5	6	6	5	128.48	0		17.830253
3	50	1	0	13	0	10	6	6	5	26.52	1		0.769020
3	49	1	0	13	0	15	6	6	5	26.52	1		0.769020
3	48	1	0	13	0	20	6	6	5	26.52	1		0.769020
3	47	1	0	13	0	25	6	6	5	26.52	1		0.769020
3	46	1	0	19	0	10	6	6	5	26.52	1		0.769020
3	45	1	0	19	0	15	6	6	5	26.52	1		0.769020
3	44	1	0	19	0	20	6	6	5	26.52	1		0.769020
3	43	1	0	19	0	25	6	6	5	26.52	1		0.769020
3	42	1	0	20	12	0	6	6	5	26.52	1		0.769020
1	8	2	0	21	6	0	7	6	5	24.63	0		18.124739
1	9	2	0	20	6	5	7	6	5	24.63	0		18.124739
1	10	2	0	20	6	10	7	6	5	24.63	0		18.124739
1	11	2	0	19	6	15	7	6	5	24.63	0		18.124739
1	12	2	0	19	6	20	7	6	5	24.63	0		18.124739
1	23	3	0	19	6	25	6	6	5	128.48	0		17.830253
1	22	3	0	26	0	0	6	6	5	128.48	0		17.830253
1	21	3	0	25	0	5	6	6	5	128.48	0		17.830253
1	20	3	0	25	0	10	6	6	5	128.48	0		17.830253
1	19	3	0	25	0	15	6	6	5	128.48	0		17.830253
1	18	3	0	25	0	20	6	6	5	128.48	0		17.830253
1	17	3	0	25	0	25	6	6	5	128.48	0		17.830253
1	16	3	0	26	12	0	6	6	5	128.48	0		17.830253
1	15	3	0	26	18	0	6	6	5	128.48	0		17.830253
1	14	3	0	25	18	5	6	6	5	128.48	0		17.830253
1	13	3	0	24	18	10	6	6	5	128.48	0		17.830253
1	7	1	0	19	12	5	6	6	5	26.52	1		0.769020
1	6	1	0	19	12	10	6	6	5	26.52	1		0.769020
1	5	1	0	19	12	15	6	6	5	26.52	1		0.769020
1	4	1	0	19	12	20	6	6	5	26.52	1		0.769020
1	3	1	0	19	12	25	6	6	5	26.52	1		0.769020
1	2	1	0	24	18	15	6	6	5	26.52	1		0.769020
1	1	1	0	24	18	20	6	6	5	26.52	1		0.769020
10	201	2	0	26	12	5	7	6	5	24.63	0		18.124739
10	200	2	0	25	12	10	7	6	5	24.63	0		18.124739
10	194	2	0	25	12	15	7	6	5	24.63	0		18.124739
10	195	2	0	25	12	20	7	6	5	24.63	0		18.124739
10	196	2	0	25	12	25	7	6	5	24.63	0		18.124739
10	197	2	0	28	6	0	7	6	5	24.63	0		18.124739
10	198	2	0	27	6	5	7	6	5	24.63	0		18.124739
10	199	2	0	27	6	10	7	6	5	24.63	0		18.124739
10	207	3	0	26	6	15	6	6	5	128.48	0		17.830253
10	206	3	0	26	6	20	6	6	5	128.48	0		17.830253
10	205	3	0	25	6	25	6	6	5	128.48	0		17.830253
10	204	3	0	32	0	0	6	6	5	128.48	0		17.830253
10	203	3	0	31	0	5	6	6	5	128.48	0		17.830253
10	202	3	0	31	0	10	6	6	5	128.48	0		17.830253
10	193	1	0	24	18	25	6	6	5	26.52	1		0.769020
10	192	1	0	31	0	15	6	6	5	26.52	1		0.769020
10	191	1	0	31	0	20	6	6	5	26.52	1		0.769020
10	190	1	0	31	0	25	6	6	5	26.52	1		0.769020
10	189	1	0	32	18	0	6	6	5	26.52	1		0.769020
10	188	1	0	31	18	5	6	6	5	26.52	1		0.769020
10	187	1	0	30	18	10	6	6	5	26.52	1		0.769020
10	186	1	0	30	18	15	6	6	5	26.52	1		0.769020
2	30	2	0	33	12	0	7	6	5	24.63	0		18.124739
2	31	2	0	33	12	5	7	6	5	24.63	0		18.124739
2	32	2	0	32	12	10	7	6	5	24.63	0		18.124739
2	33	2	0	32	12	15	7	6	5	24.63	0		18.124739
2	41	3	0	32	12	20	6	6	5	128.48	0		17.830253
2	40	3	0	32	12	25	6	6	5	128.48	0		17.830253
2	39	3	0	35	6	0	6	6	5	128.48	0		17.830253
2	38	3	0	34	6	5	6	6	5	128.48	0		17.830253
2	37	3	0	34	6	10	6	6	5	128.48	0		17.830253
2	36	3	0	32	6	15	6	6	5	128.48	0		17.830253
2	35	3	0	32	6	20	6	6	5	128.48	0		17.830253
2	34	3	0	31	6	25	6	6	5	128.48	0		17.830253
2	29	1	0	30	18	20	6	6	5	26.52	1		0.769020
2	28	1	0	30	18	25	6	6	5	26.52	1		0.769020
2	27	1	0	38	0	0	6	6	5	26.52	1		0.769020
2	26	1	0	37	0	5	6	6	5	26.52	1		0.769020
2	25	1	0	37	0	10	6	6	5	26.52	1		0.769020
2	24	1	0	37	0	15	6	6	5	26.52	1		0.769020
7	141	2	0	38	18	0	7	6	5	24.63	0		18.124739
7	140	2	0	38	18	5	7	6	5	24.63	0		18.124739
7	146	3	0	37	18	10	6	6	5	128.48	0		17.830253
7	145	3	0	36	18	15	6	6	5	128.48	0		17.830253
7	144	3	0	36	18	20	6	6	5	128.48	0		17.830253
7	143	3	0	36	18	25	6	6	5	128.48	0		17.830253
7	142	3	0	40	12	0	6	6	5	128.48	0		17.830253
7	136	1	0	37	0	20	6	6	5	26.52	1		0.769020
7	139	1	0	37	0	25	6	6	5	26.52	1		0.769020
7	138	1	0	40	12	5	6	6	5	26.52	1		0.769020
7	137	1	0	39	12	10	6	6	5	26.52	1		0.769020
7	126	1	0	39	12	15	6	6	5	26.52	1		0.769020
7	135	1	0	38	12	20	6	6	5	26.52	1		0.769020
7	134	1	0	38	12	25	6	6	5	26.52	1		0.769020
7	133	1	0	41	6	0	6	6	5	26.52	1		0.769020
7	132	1	0	40	6	5	6	6	5	26.52	1		0.769020
7	131	1	0	40	6	10	6	6	5	26.52	1		0.769020
7	130	1	0	38	6	15	6	6	5	26.52	1		0.769020
7	129	1	0	38	6	20	6	6	5	26.52	1		0.769020
7	128	1	0	37	6	25	6	6	5	26.52	1		0.769020
7	127	1	0	44	0	0	6	6	5	26.52	1		0.769020
5	90	2	0	45	18	0	7	6	5	24.63	0		18.124739
5	91	2	0	45	18	5	7	6	5	24.63	0		18.124739
5	92	2	0	43	18	10	7	6	5	24.63	0		18.124739
5	93	2	0	42	18	15	7	6	5	24.63	0		18.124739
5	94	2	0	42	18	20	7	6	5	24.63	0		18.124739
5	95	2	0	42	18	25	7	6	5	24.63	0		18.124739
5	96	2	0	46	12	0	7	6	5	24.63	0		18.124739
5	103	3	0	46	12	5	6	6	5	128.48	0		17.830253
5	102	3	0	46	12	10	6	6	5	128.48	0		17.830253
5	101	3	0	45	12	15	6	6	5	128.48	0		17.830253
5	100	3	0	45	12	20	6	6	5	128.48	0		17.830253
5	99	3	0	44	12	25	6	6	5	128.48	0		17.830253
5	98	3	0	47	6	0	6	6	5	128.48	0		17.830253
5	97	3	0	47	6	5	6	6	5	128.48	0		17.830253
5	89	1	0	43	0	5	6	6	5	26.52	1		0.769020
5	88	1	0	43	0	10	6	6	5	26.52	1		0.769020
5	87	1	0	43	0	15	6	6	5	26.52	1		0.769020


-------------------------------------------------------------------------------------------------------------------
Tour_Id:			2
No_of_Customers:		8
No_of_Items:			154
Customer_Sequence:		16 4 11 6 19 15 20 17 

CustId	Id	TypeId	Rotated	x	y	z	Length	Width	Height	mass	Fragility	LoadBearingStrength
17	333	2	0	0	0	0	7	6	5	24.63	0		18.124739
17	334	2	0	0	6	0	7	6	5	24.63	0		18.124739
17	335	2	0	0	12	0	7	6	5	24.63	0		18.124739
17	336	2	0	0	18	0	7	6	5	24.63	0		18.124739
17	337	3	0	0	0	5	6	6	5	128.48	0		17.830253
17	338	3	0	0	6	5	6	6	5	128.48	0		17.830253
17	339	3	0	0	12	5	6	6	5	128.48	0		17.830253
17	340	3	0	0	18	5	6	6	5	128.48	0		17.830253
17	341	3	0	0	0	10	6	6	5	128.48	0		17.830253
17	342	3	0	0	6	10	6	6	5	128.48	0		17.830253
17	328	1	0	0	12	10	6	6	5	26.52	1		0.769020
17	329	1	0	0	18	10	6	6	5	26.52	1		0.769020
17	330	1	0	0	0	15	6	6	5	26.52	1		0.769020
17	331	1	0	0	6	15	6	6	5	26.52	1		0.769020
17	332	1	0	0	12	15	6	6	5	26.52	1		0.769020
20	393	2	0	7	0	0	7	6	5	24.63	0		18.124739
20	394	2	0	6	0	5	7	6	5	24.63	0		18.124739
20	395	2	0	6	0	10	7	6	5	24.63	0		18.124739
20	396	2	0	6	0	15	7	6	5	24.63	0		18.124739
20	397	3	0	6	0	20	6	6	5	128.48	0		17.830253
20	398	3	0	6	0	25	6	6	5	128.48	0		17.830253
20	399	3	0	7	6	0	6	6	5	128.48	0		17.830253
20	400	3	0	6	6	5	6	6	5	128.48	0		17.830253
20	385	1	0	0	18	15	6	6	5	26.52	1		0.769020
20	386	1	0	0	0	20	6	6	5	26.52	1		0.769020
20	387	1	0	0	6	20	6	6	5	26.52	1		0.769020
20	388	1	0	0	12	20	6	6	5	26.52	1		0.769020
20	389	1	0	0	18	20	6	6	5	26.52	1		0.769020
20	390	1	0	0	0	25	6	6	5	26.52	1		0.769020
20	391	1	0	0	6	25	6	6	5	26.52	1		0.769020
20	392	1	0	0	12	25	6	6	5	26.52	1		0.769020
15	302	2	0	6	6	10	7	6	5	24.63	0		18.124739
15	295	2	0	6	6	15	7	6	5	24.63	0		18.124739
15	296	2	0	6	6	20	7	6	5	24.63	0		18.124739
15	297	2	0	6	6	25	7	6	5	24.63	0		18.124739
15	298	2	0	7	12	0	7	6	5	24.63	0		18.124739
15	299	2	0	6	12	5	7	6	5	24.63	0		18.124739
15	300	2	0	6	12	10	7	6	5	24.63	0		18.124739
15	301	2	0	6	12	15	7	6	5	24.63	0		18.124739
15	307	3	0	6	12	20	6	6	5	128.48	0		17.830253
15	306	3	0	6	12	25	6	6	5	128.48	0		17.830253
15	305	3	0	7	18	0	6	6	5	128.48	0		17.830253
15	304	3	0	6	18	5	6	6	5	128.48	0		17.830253
15	303	3	0	6	18	10	6	6	5	128.48	0		17.830253
15	294	1	0	0	18	25	6	6	5	26.52	1		0.769020
15	293	1	0	6	18	15	6	6	5	26.52	1		0.769020
15	292	1	0	6	18	20	6	6	5	26.52	1		0.769020
15	291	1	0	6	18	25	6	6	5	26.52	1		0.769020
15	290	1	0	13	6	0	6	6	5	26.52	1		0.769020
15	289	1	0	13	18	0	6	6	5	26.52	1		0.769020
19	371	2	0	14	0	0	7	6	5	24.63	0		18.124739
19	372	2	0	13	0	5	7	6	5	24.63	0		18.124739
19	374	3	0	13	0	10	6	6	5	128.48	0		17.830253
19	384	3	0	13	0	15	6	6	5	128.48	0		17.830253
19	383	3	0	12	0	20	6	6	5	128.48	0		17.830253
19	382	3	0	12	0	25	6	6	5	128.48	0		17.830253
19	381	3	0	14	12	0	6	6	5	128.48	0		17.830253
19	380	3	0	13	12	5	6	6	5	128.48	0		17.830253
19	379	3	0	13	12	10	6	6	5	128.48	0		17.830253
19	378	3	0	13	12	15	6	6	5	128.48	0		17.830253
19	377	3	0	12	12	20	6	6	5	128.48	0		17.830253
19	376	3	0	12	12	25	6	6	5	128.48	0		17.830253
19	375	3	0	19	6	0	6	6	5	128.48	0		17.830253
19	373	3	0	19	18	0	6	6	5	128.48	0		17.830253
19	364	1	0	12	18	5	6	6	5	26.52	1		0.769020
19	370	1	0	12	18	10	6	6	5	26.52	1		0.769020
19	369	1	0	12	18	15	6	6	5	26.52	1		0.769020
19	368	1	0	12	18	20	6	6	5	26.52	1		0.769020
19	367	1	0	12	18	25	6	6	5	26.52	1		0.769020
19	366	1	0	13	6	5	6	6	5	26.52	1		0.769020
19	365	1	0	13	6	10	6	6	5	26.52	1		0.769020
6	111	2	0	19	6	5	7	6	5	24.63	0		18.124739
6	112	2	0	19	18	5	7	6	5	24.63	0		18.124739
6	113	2	0	18	18	10	7	6	5	24.63	0		18.124739
6	114	2	0	18	18	15	7	6	5	24.63	0		18.124739
6	115	2	0	18	18	20	7	6	5	24.63	0		18.124739
6	125	3	0	18	18	25	6	6	5	128.48	0		17.830253
6	124	3	0	19	6	10	6	6	5	128.48	0		17.830253
6	123	3	0	19	6	15	6	6	5	128.48	0		17.830253
6	122	3	0	19	6	20	6	6	5	128.48	0		17.830253
6	121	3	0	19	6	25	6	6	5	128.48	0		17.830253
6	120	3	0	20	12	0	6	6	5	128.48	0		17.830253
6	119	3	0	19	12	5	6	6	5	128.48	0		17.830253
6	118	3	0	19	12	10	6	6	5	128.48	0		17.830253
6	117	3	0	19	12	15	6	6	5	128.48	0		17.830253
6	116	3	0	18	12	20	6	6	5	128.48	0		17.830253
6	110	1	0	13	6	15	6	6	5	26.52	1		0.769020
6	109	1	0	13	6	20	6	6	5	26.52	1		0.769020
6	108	1	0	13	6	25	6	6	5	26.52	1		0.769020
6	107	1	0	18	12	25	6	6	5	26.52	1		0.769020
6	106	1	0	21	0	0	6	6	5	26.52	1		0.769020
6	105	1	0	20	0	5	6	6	5	26.52	1		0.769020
6	104	1	0	19	0	10	6	6	5	26.52	1		0.769020
11	214	2	0	26	6	0	7	6	5	24.63	0		18.124739
11	215	2	0	26	12	0	7	6	5	24.63	0		18.124739
11	216	2	0	25	12	5	7	6	5	24.63	0		18.124739
11	217	2	0	25	12	10	7	6	5	24.63	0		18.124739
11	226	3	0	25	12	15	6	6	5	128.48	0		17.830253
11	225	3	0	24	12	20	6	6	5	128.48	0		17.830253
11	224	3	0	24	12	25	6	6	5	128.48	0		17.830253
11	223	3	0	26	18	0	6	6	5	128.48	0		17.830253
11	222	3	0	26	6	5	6	6	5	128.48	0		17.830253
11	221	3	0	25	6	10	6	6	5	128.48	0		17.830253
11	220	3	0	25	6	15	6	6	5	128.48	0		17.830253
11	219	3	0	25	6	20	6	6	5	128.48	0		17.830253
11	218	3	0	25	6	25	6	6	5	128.48	0		17.830253
11	213	1	0	19	0	15	6	6	5	26.52	1		0.769020
11	212	1	0	18	0	20	6	6	5	26.52	1		0.769020
11	211	1	0	18	0	25	6	6	5	26.52	1		0.769020
11	210	1	0	26	18	5	6	6	5	26.52	1		0.769020
11	209	1	0	25	18	10	6	6	5	26.52	1		0.769020
11	208	1	0	25	18	15	6	6	5	26.52	1		0.769020
4	79	2	0	27	0	0	7	6	5	24.63	0		18.124739
4	78	2	0	27	0	5	7	6	5	24.63	0		18.124739
4	74	2	0	26	0	10	7	6	5	24.63	0		18.124739
4	75	2	0	25	0	15	7	6	5	24.63	0		18.124739
4	76	2	0	25	0	20	7	6	5	24.63	0		18.124739
4	77	2	0	24	0	25	7	6	5	24.63	0		18.124739
4	86	3	0	32	18	0	6	6	5	128.48	0		17.830253
4	85	3	0	32	18	5	6	6	5	128.48	0		17.830253
4	84	3	0	32	18	10	6	6	5	128.48	0		17.830253
4	83	3	0	31	18	15	6	6	5	128.48	0		17.830253
4	82	3	0	31	18	20	6	6	5	128.48	0		17.830253
4	81	3	0	31	18	25	6	6	5	128.48	0		17.830253
4	80	3	0	33	6	0	6	6	5	128.48	0		17.830253
4	73	1	0	25	18	20	6	6	5	26.52	1		0.769020
4	72	1	0	24	18	25	6	6	5	26.52	1		0.769020
4	71	1	0	32	6	5	6	6	5	26.52	1		0.769020
4	70	1	0	31	6	10	6	6	5	26.52	1		0.769020
4	69	1	0	31	6	15	6	6	5	26.52	1		0.769020
4	68	1	0	31	6	20	6	6	5	26.52	1		0.769020
4	67	1	0	31	6	25	6	6	5	26.52	1		0.769020
4	66	1	0	33	12	0	6	6	5	26.52	1		0.769020
4	65	1	0	32	12	5	6	6	5	26.52	1		0.769020
16	321	2	0	34	0	0	7	6	5	24.63	0		18.124739
16	320	2	0	34	0	5	7	6	5	24.63	0		18.124739
16	327	3	0	33	0	10	6	6	5	128.48	0		17.830253
16	326	3	0	32	0	15	6	6	5	128.48	0		17.830253
16	325	3	0	32	0	20	6	6	5	128.48	0		17.830253
16	324	3	0	31	0	25	6	6	5	128.48	0		17.830253
16	323	3	0	38	18	0	6	6	5	128.48	0		17.830253
16	322	3	0	38	18	5	6	6	5	128.48	0		17.830253
16	318	1	0	32	12	10	6	6	5	26.52	1		0.769020
16	319	1	0	31	12	15	6	6	5	26.52	1		0.769020
16	308	1	0	30	12	20	6	6	5	26.52	1		0.769020
16	317	1	0	30	12	25	6	6	5	26.52	1		0.769020
16	316	1	0	38	18	10	6	6	5	26.52	1		0.769020
16	315	1	0	37	18	15	6	6	5	26.52	1		0.769020
16	314	1	0	37	18	20	6	6	5	26.52	1		0.769020
16	313	1	0	37	18	25	6	6	5	26.52	1		0.769020
16	312	1	0	39	6	0	6	6	5	26.52	1		0.769020
16	311	1	0	38	6	5	6	6	5	26.52	1		0.769020
16	310	1	0	37	6	10	6	6	5	26.52	1		0.769020
16	309	1	0	37	6	15	6	6	5	26.52	1		0.769020


-------------------------------------------------------------------------------------------------------------------
Tour_Id:			3
No_of_Customers:		3
No_of_Items:			60
Customer_Sequence:		9 18 12 

CustId	Id	TypeId	Rotated	x	y	z	Length	Width	Height	mass	Fragility	LoadBearingStrength
12	244	2	0	0	0	0	7	6	5	24.63	0		18.124739
12	243	2	0	0	6	0	7	6	5	24.63	0		18.124739
12	242	2	0	0	12	0	7	6	5	24.63	0		18.124739
12	241	2	0	0	18	0	7	6	5	24.63	0		18.124739
12	240	2	0	0	0	5	7	6	5	24.63	0		18.124739
12	239	2	0	0	6	5	7	6	5	24.63	0		18.124739
12	238	2	0	0	12	5	7	6	5	24.63	0		18.124739
12	237	2	0	0	18	5	7	6	5	24.63	0		18.124739
12	236	2	0	0	0	10	7	6	5	24.63	0		18.124739
12	245	3	0	0	6	10	6	6	5	128.48	0		17.830253
12	235	1	0	0	12	10	6	6	5	26.52	1		0.769020
12	234	1	0	0	18	10	6	6	5	26.52	1		0.769020
12	233	1	0	0	0	15	6	6	5	26.52	1		0.769020
12	232	1	0	0	6	15	6	6	5	26.52	1		0.769020
12	231	1	0	0	12	15	6	6	5	26.52	1		0.769020
12	230	1	0	0	18	15	6	6	5	26.52	1		0.769020
12	229	1	0	0	0	20	6	6	5	26.52	1		0.769020
12	228	1	0	0	6	20	6	6	5	26.52	1		0.769020
12	227	1	0	0	12	20	6	6	5	26.52	1		0.769020
18	349	2	0	7	0	0	7	6	5	24.63	0		18.124739
18	350	2	0	7	6	0	7	6	5	24.63	0		18.124739
18	351	2	0	7	12	0	7	6	5	24.63	0		18.124739
18	352	2	0	7	18	0	7	6	5	24.63	0		18.124739
18	353	2	0	7	0	5	7	6	5	24.63	0		18.124739
18	354	2	0	7	6	5	7	6	5	24.63	0		18.124739
18	355	2	0	6	6	10	7	6	5	24.63	0		18.124739
18	356	2	0	6	6	15	7	6	5	24.63	0		18.124739
18	363	3	0	6	6	20	6	6	5	128.48	0		17.830253
18	362	3	0	6	6	25	6	6	5	128.48	0		17.830253
18	361	3	0	7	12	5	6	6	5	128.48	0		17.830253
18	360	3	0	6	12	10	6	6	5	128.48	0		17.830253
18	359	3	0	6	12	15	6	6	5	128.48	0		17.830253
18	358	3	0	6	12	20	6	6	5	128.48	0		17.830253
18	357	3	0	6	12	25	6	6	5	128.48	0		17.830253
18	348	1	0	0	18	20	6	6	5	26.52	1		0.769020
18	347	1	0	0	0	25	6	6	5	26.52	1		0.769020
18	346	1	0	0	6	25	6	6	5	26.52	1		0.769020
18	345	1	0	0	12	25	6	6	5	26.52	1		0.769020
18	344	1	0	0	18	25	6	6	5	26.52	1		0.769020
18	343	1	0	7	18	5	6	6	5	26.52	1		0.769020
9	170	2	0	7	0	10	7	6	5	24.63	0		18.124739
9	171	2	0	6	0	15	7	6	5	24.63	0		18.124739
9	172	2	0	6	0	20	7	6	5	24.63	0		18.124739
9	173	2	0	6	0	25	7	6	5	24.63	0		18.124739
9	174	2	0	14	0	0	7	6	5	24.63	0		18.124739
9	175	2	0	14	6	0	7	6	5	24.63	0		18.124739
9	176	2	0	14	12	0	7	6	5	24.63	0		18.124739
9	177	2	0	13	12	5	7	6	5	24.63	0		18.124739
9	178	2	0	12	12	10	7	6	5	24.63	0		18.124739
9	179	2	0	12	12	15	7	6	5	24.63	0		18.124739
9	185	3	0	12	12	20	6	6	5	128.48	0		17.830253
9	184	3	0	12	12	25	6	6	5	128.48	0		17.830253
9	183	3	0	14	18	0	6	6	5	128.48	0		17.830253
9	182	3	0	13	18	5	6	6	5	128.48	0		17.830253
9	181	3	0	13	18	10	6	6	5	128.48	0		17.830253
9	180	3	0	12	18	15	6	6	5	128.48	0		17.830253
9	169	1	0	6	18	10	6	6	5	26.52	1		0.769020
9	168	1	0	6	18	15	6	6	5	26.52	1		0.769020
9	167	1	0	6	18	20	6	6	5	26.52	1		0.769020
9	166	1	0	6	18	25	6	6	5	26.52	1		0.769020


