Name:				333_n020_m400_bt3
Problem:			3L-VRPTW
Number_of_used_Vehicles:	3
Total_Travel_Distance:		399.23
Calculation_Time:		3600.00
Total_Iterations:		64
ConstraintSet:			P1

-------------------------------------------------------------------------------------------------------------------
Tour_Id:			1
No_of_Customers:		6
No_of_Items:			116
Customer_Sequence:		16 9 3 10 6 12 

CustId	Id	TypeId	Rotated	x	y	z	Length	Width	Height	mass	Fragility	LoadBearingStrength
12	253	3	0	0	0	0	8	2	6	35.95	0		11.227156
12	252	3	0	0	2	0	8	2	6	35.95	0		11.227156
12	251	3	0	0	4	0	8	2	6	35.95	0		11.227156
12	250	3	0	0	6	0	8	2	6	35.95	0		11.227156
12	249	3	0	0	8	0	8	2	6	35.95	0		11.227156
12	238	1	0	0	10	0	6	3	3	17.96	0		4.951209
12	241	1	0	0	13	0	6	3	3	17.96	0		4.951209
12	240	1	0	0	16	0	6	3	3	17.96	0		4.951209
12	239	1	0	0	19	0	6	3	3	17.96	0		4.951209
10	208	3	0	0	22	0	8	2	6	35.95	0		11.227156
12	243	2	1	0	10	3	12	6	8	149.60	1		2.796351
12	244	2	1	0	10	11	12	6	8	149.60	1		2.796351
12	245	2	1	0	10	19	12	6	8	149.60	1		2.796351
12	246	2	0	6	10	0	12	6	8	149.60	1		2.796351
12	247	2	0	6	16	0	12	6	8	149.60	1		2.796351
12	248	2	0	6	10	8	12	6	8	149.60	1		2.796351
12	242	2	0	6	16	8	12	6	8	149.60	1		2.796351
6	118	3	0	0	0	6	8	2	6	35.95	0		11.227156
6	119	3	0	0	2	6	8	2	6	35.95	0		11.227156
6	120	3	0	0	4	6	8	2	6	35.95	0		11.227156
6	121	3	0	0	6	6	8	2	6	35.95	0		11.227156
6	122	3	0	0	8	6	8	2	6	35.95	0		11.227156
6	123	3	0	0	0	12	8	2	6	35.95	0		11.227156
6	108	1	0	0	2	12	6	3	3	17.96	0		4.951209
6	109	1	0	0	5	12	6	3	3	17.96	0		4.951209
6	110	1	0	0	2	15	6	3	3	17.96	0		4.951209
6	111	1	0	0	5	15	6	3	3	17.96	0		4.951209
3	46	1	0	0	0	18	6	3	3	17.96	0		4.951209
6	113	2	0	6	10	16	12	6	8	149.60	1		2.796351
6	114	2	0	6	16	16	12	6	8	149.60	1		2.796351
6	115	2	0	8	0	0	12	6	8	149.60	1		2.796351
6	116	2	0	8	0	8	12	6	8	149.60	1		2.796351
6	117	2	0	18	6	0	12	6	8	149.60	1		2.796351
12	237	1	0	8	6	0	6	3	3	17.96	0		4.951209
10	207	3	0	0	22	6	8	2	6	35.95	0		11.227156
10	206	3	0	0	8	12	8	2	6	35.95	0		11.227156
10	205	3	0	0	22	12	8	2	6	35.95	0		11.227156
10	204	3	0	0	3	18	8	2	6	35.95	0		11.227156
10	203	3	0	0	5	18	8	2	6	35.95	0		11.227156
10	192	1	0	0	7	18	6	3	3	17.96	0		4.951209
10	196	1	0	0	7	21	6	3	3	17.96	0		4.951209
10	195	1	0	0	3	24	6	3	3	17.96	0		4.951209
10	194	1	0	0	6	24	6	3	3	17.96	0		4.951209
10	193	1	0	0	3	27	6	3	3	17.96	0		4.951209
10	191	1	0	0	6	27	6	3	3	17.96	0		4.951209
10	198	2	0	18	12	0	12	6	8	149.60	1		2.796351
10	199	2	0	18	18	0	12	6	8	149.60	1		2.796351
10	200	2	0	18	6	8	12	6	8	149.60	1		2.796351
10	201	2	0	18	12	8	12	6	8	149.60	1		2.796351
10	202	2	0	18	18	8	12	6	8	149.60	1		2.796351
10	197	2	0	18	6	16	12	6	8	149.60	1		2.796351
3	70	3	0	0	22	18	8	2	6	35.95	0		11.227156
3	69	3	0	0	0	21	8	2	6	35.95	0		11.227156
3	68	3	0	0	22	24	8	2	6	35.95	0		11.227156
3	67	3	0	20	0	0	8	2	6	35.95	0		11.227156
3	45	1	0	20	2	0	6	3	3	17.96	0		4.951209
3	55	1	0	20	2	3	6	3	3	17.96	0		4.951209
3	54	1	0	20	0	6	6	3	3	17.96	0		4.951209
3	53	1	0	20	0	9	6	3	3	17.96	0		4.951209
9	178	2	0	8	0	16	12	6	8	149.60	1		2.796351
3	44	1	0	20	0	12	6	3	3	17.96	0		4.951209
6	112	2	0	30	5	0	12	6	8	149.60	1		2.796351
3	47	1	0	26	2	0	6	3	3	17.96	0		4.951209
3	48	1	0	26	2	3	6	3	3	17.96	0		4.951209
3	49	1	0	26	2	6	6	3	3	17.96	0		4.951209
3	50	1	0	26	2	9	6	3	3	17.96	0		4.951209
3	52	1	0	26	2	12	6	3	3	17.96	0		4.951209
3	57	2	0	18	12	16	12	6	8	149.60	1		2.796351
3	58	2	0	18	18	16	12	6	8	149.60	1		2.796351
3	59	2	0	30	11	0	12	6	8	149.60	1		2.796351
3	60	2	0	30	17	0	12	6	8	149.60	1		2.796351
3	61	2	0	30	5	8	12	6	8	149.60	1		2.796351
3	62	2	0	30	11	8	12	6	8	149.60	1		2.796351
3	63	2	0	30	17	8	12	6	8	149.60	1		2.796351
3	64	2	0	30	6	16	12	6	8	149.60	1		2.796351
3	65	2	0	30	12	16	12	6	8	149.60	1		2.796351
3	66	2	0	30	18	16	12	6	8	149.60	1		2.796351
3	56	2	0	42	0	0	12	6	8	149.60	1		2.796351
9	190	3	0	20	0	15	8	2	6	35.95	0		11.227156
9	189	3	0	20	0	21	8	2	6	35.95	0		11.227156
9	188	3	0	26	2	15	8	2	6	35.95	0		11.227156
9	187	3	0	26	2	21	8	2	6	35.95	0		11.227156
9	186	3	0	42	6	0	8	2	6	35.95	0		11.227156
9	185	3	0	42	8	0	8	2	6	35.95	0		11.227156
9	184	3	0	42	10	0	8	2	6	35.95	0		11.227156
9	170	1	0	42	12	0	6	3	3	17.96	0		4.951209
9	177	1	0	42	15	0	6	3	3	17.96	0		4.951209
9	176	1	0	42	18	0	6	3	3	17.96	0		4.951209
9	175	1	0	42	21	0	6	3	3	17.96	0		4.951209
9	183	2	1	42	12	3	12	6	8	149.60	1		2.796351
9	173	1	0	42	6	6	6	3	3	17.96	0		4.951209
9	172	1	0	42	9	6	6	3	3	17.96	0		4.951209
9	171	1	0	42	6	9	6	3	3	17.96	0		4.951209
9	169	1	0	42	9	9	6	3	3	17.96	0		4.951209
3	51	1	0	32	0	0	6	3	3	17.96	0		4.951209
9	179	2	0	42	0	8	12	6	8	149.60	1		2.796351
9	180	2	1	42	12	11	12	6	8	149.60	1		2.796351
9	181	2	0	42	0	16	12	6	8	149.60	1		2.796351
9	182	2	1	42	12	19	12	6	8	149.60	1		2.796351
9	174	1	0	42	6	12	6	3	3	17.96	0		4.951209
16	318	3	0	42	9	12	8	2	6	35.95	0		11.227156
16	319	3	0	42	6	15	8	2	6	35.95	0		11.227156
16	320	3	0	42	9	18	8	2	6	35.95	0		11.227156
16	305	1	0	48	12	0	6	3	3	17.96	0		4.951209
16	306	1	0	48	15	0	6	3	3	17.96	0		4.951209
16	307	1	0	48	18	0	6	3	3	17.96	0		4.951209
16	308	1	0	48	21	0	6	3	3	17.96	0		4.951209
16	309	1	0	48	12	3	6	3	3	17.96	0		4.951209
16	310	1	0	48	15	3	6	3	3	17.96	0		4.951209
16	311	1	0	48	18	3	6	3	3	17.96	0		4.951209
16	312	2	1	48	11	6	12	6	8	149.60	1		2.796351
16	313	2	1	48	11	14	12	6	8	149.60	1		2.796351
16	314	2	1	48	11	22	12	6	8	149.60	1		2.796351
16	315	2	1	54	0	0	12	6	8	149.60	1		2.796351
16	316	2	1	54	12	0	12	6	8	149.60	1		2.796351
16	317	2	1	54	0	8	12	6	8	149.60	1		2.796351


-------------------------------------------------------------------------------------------------------------------
Tour_Id:			2
No_of_Customers:		7
No_of_Items:			149
Customer_Sequence:		17 1 7 20 4 8 5 

CustId	Id	TypeId	Rotated	x	y	z	Length	Width	Height	mass	Fragility	LoadBearingStrength
5	105	3	0	0	0	0	8	2	6	35.95	0		11.227156
5	106	3	0	0	2	0	8	2	6	35.95	0		11.227156
5	107	3	0	0	4	0	8	2	6	35.95	0		11.227156
5	92	1	0	0	6	0	6	3	3	17.96	0		4.951209
5	93	1	0	0	9	0	6	3	3	17.96	0		4.951209
5	94	1	0	0	12	0	6	3	3	17.96	0		4.951209
5	95	1	0	0	15	0	6	3	3	17.96	0		4.951209
5	96	1	0	0	18	0	6	3	3	17.96	0		4.951209
5	97	1	0	0	21	0	6	3	3	17.96	0		4.951209
5	98	1	0	0	6	3	6	3	3	17.96	0		4.951209
5	99	1	0	0	9	3	6	3	3	17.96	0		4.951209
5	100	1	0	0	12	3	6	3	3	17.96	0		4.951209
5	101	1	0	0	15	3	6	3	3	17.96	0		4.951209
5	102	2	1	0	0	6	12	6	8	149.60	1		2.796351
5	103	2	1	0	0	14	12	6	8	149.60	1		2.796351
5	104	2	1	0	0	22	12	6	8	149.60	1		2.796351
8	168	3	0	0	18	3	8	2	6	35.95	0		11.227156
8	167	3	0	0	20	3	8	2	6	35.95	0		11.227156
8	166	3	0	0	22	3	8	2	6	35.95	0		11.227156
8	165	3	0	0	12	6	8	2	6	35.95	0		11.227156
8	164	3	0	0	14	6	8	2	6	35.95	0		11.227156
8	163	3	0	0	16	6	8	2	6	35.95	0		11.227156
8	162	3	0	0	18	9	8	2	6	35.95	0		11.227156
8	161	3	0	0	20	9	8	2	6	35.95	0		11.227156
8	160	3	0	0	22	9	8	2	6	35.95	0		11.227156
8	146	1	0	0	12	12	6	3	3	17.96	0		4.951209
8	151	1	0	0	15	12	6	3	3	17.96	0		4.951209
8	150	1	0	0	12	15	6	3	3	17.96	0		4.951209
8	149	1	0	0	15	15	6	3	3	17.96	0		4.951209
8	148	1	0	0	18	15	6	3	3	17.96	0		4.951209
8	147	1	0	0	21	15	6	3	3	17.96	0		4.951209
8	145	1	0	0	12	18	6	3	3	17.96	0		4.951209
4	86	3	0	0	15	18	8	2	6	35.95	0		11.227156
8	156	2	0	6	6	0	12	6	8	149.60	1		2.796351
8	157	2	0	6	6	8	12	6	8	149.60	1		2.796351
8	158	2	0	6	6	16	12	6	8	149.60	1		2.796351
8	159	2	0	8	0	0	12	6	8	149.60	1		2.796351
8	154	2	0	6	0	8	12	6	8	149.60	1		2.796351
8	153	2	0	6	0	16	12	6	8	149.60	1		2.796351
8	152	2	0	8	12	0	12	6	8	149.60	1		2.796351
20	396	2	0	8	18	0	12	6	8	149.60	1		2.796351
4	90	3	0	0	17	18	8	2	6	35.95	0		11.227156
20	391	1	0	0	19	18	6	3	3	17.96	0		4.951209
4	88	3	0	0	22	18	8	2	6	35.95	0		11.227156
4	87	3	0	0	12	21	8	2	6	35.95	0		11.227156
8	155	2	0	8	12	8	12	6	8	149.60	1		2.796351
4	85	3	0	0	15	24	8	2	6	35.95	0		11.227156
4	84	3	0	0	17	24	8	2	6	35.95	0		11.227156
4	72	1	0	18	6	0	6	3	3	17.96	0		4.951209
4	78	1	0	18	9	0	6	3	3	17.96	0		4.951209
4	77	1	0	18	6	3	6	3	3	17.96	0		4.951209
4	76	1	0	18	9	3	6	3	3	17.96	0		4.951209
4	75	1	0	18	6	6	6	3	3	17.96	0		4.951209
4	74	1	0	18	9	6	6	3	3	17.96	0		4.951209
4	73	1	0	18	6	9	6	3	3	17.96	0		4.951209
4	71	1	0	18	9	9	6	3	3	17.96	0		4.951209
4	80	2	0	8	12	16	12	6	8	149.60	1		2.796351
20	394	1	0	0	19	21	6	3	3	17.96	0		4.951209
4	82	2	0	20	0	0	12	6	8	149.60	1		2.796351
4	83	2	0	18	0	8	12	6	8	149.60	1		2.796351
4	79	2	0	18	0	16	12	6	8	149.60	1		2.796351
20	400	3	0	0	19	24	8	2	6	35.95	0		11.227156
4	89	3	0	0	22	24	8	2	6	35.95	0		11.227156
4	81	2	0	20	12	0	12	6	8	149.60	1		2.796351
20	393	1	0	18	6	12	6	3	3	17.96	0		4.951209
20	392	1	0	18	9	12	6	3	3	17.96	0		4.951209
20	382	1	0	18	6	15	6	3	3	17.96	0		4.951209
20	390	1	0	18	9	15	6	3	3	17.96	0		4.951209
20	389	1	0	18	6	18	6	3	3	17.96	0		4.951209
20	388	1	0	18	9	18	6	3	3	17.96	0		4.951209
20	387	1	0	18	6	21	6	3	3	17.96	0		4.951209
20	386	1	0	18	9	21	6	3	3	17.96	0		4.951209
20	385	1	0	18	6	24	6	3	3	17.96	0		4.951209
20	384	1	0	18	9	24	6	3	3	17.96	0		4.951209
20	383	1	0	18	6	27	6	3	3	17.96	0		4.951209
20	395	2	0	8	18	8	12	6	8	149.60	1		2.796351
4	91	3	0	24	6	0	8	2	6	35.95	0		11.227156
20	397	2	0	8	18	16	12	6	8	149.60	1		2.796351
20	398	2	0	20	18	0	12	6	8	149.60	1		2.796351
20	399	2	0	20	12	8	12	6	8	149.60	1		2.796351
7	144	3	0	24	8	0	8	2	6	35.95	0		11.227156
7	143	3	0	24	10	0	8	2	6	35.95	0		11.227156
7	142	3	0	24	6	6	8	2	6	35.95	0		11.227156
7	141	3	0	24	8	6	8	2	6	35.95	0		11.227156
7	140	3	0	24	10	6	8	2	6	35.95	0		11.227156
7	125	1	0	18	9	27	6	3	3	17.96	0		4.951209
7	131	1	0	24	6	12	6	3	3	17.96	0		4.951209
7	130	1	0	24	9	12	6	3	3	17.96	0		4.951209
1	22	3	0	24	6	15	8	2	6	35.95	0		11.227156
7	128	1	0	24	8	15	6	3	3	17.96	0		4.951209
7	127	1	0	24	8	18	6	3	3	17.96	0		4.951209
7	126	1	0	24	8	21	6	3	3	17.96	0		4.951209
7	124	1	0	24	8	24	6	3	3	17.96	0		4.951209
7	132	2	0	20	18	8	12	6	8	149.60	1		2.796351
7	133	2	0	20	12	16	12	6	8	149.60	1		2.796351
7	134	2	0	20	18	16	12	6	8	149.60	1		2.796351
7	135	2	0	32	0	0	12	6	8	149.60	1		2.796351
7	136	2	0	30	0	8	12	6	8	149.60	1		2.796351
7	137	2	0	30	0	16	12	6	8	149.60	1		2.796351
7	138	2	0	32	6	0	12	6	8	149.60	1		2.796351
7	139	2	0	32	12	0	12	6	8	149.60	1		2.796351
1	26	3	0	24	6	21	8	2	6	35.95	0		11.227156
1	12	1	0	24	6	27	6	3	3	17.96	0		4.951209
1	24	3	0	32	18	0	8	2	6	35.95	0		11.227156
1	23	3	0	32	20	0	8	2	6	35.95	0		11.227156
7	129	1	0	32	22	0	6	3	3	17.96	0		4.951209
1	2	1	0	32	22	3	6	3	3	17.96	0		4.951209
1	25	3	0	32	18	6	8	2	6	35.95	0		11.227156
1	11	1	0	32	20	6	6	3	3	17.96	0		4.951209
1	10	1	0	32	20	9	6	3	3	17.96	0		4.951209
1	8	1	0	32	18	12	6	3	3	17.96	0		4.951209
1	1	1	0	32	18	15	6	3	3	17.96	0		4.951209
1	3	1	0	32	18	18	6	3	3	17.96	0		4.951209
1	4	1	0	32	18	21	6	3	3	17.96	0		4.951209
1	5	1	0	32	18	24	6	3	3	17.96	0		4.951209
1	6	1	0	32	18	27	6	3	3	17.96	0		4.951209
1	7	1	0	38	22	0	6	3	3	17.96	0		4.951209
1	9	1	0	38	22	3	6	3	3	17.96	0		4.951209
1	16	2	0	32	6	8	12	6	8	149.60	1		2.796351
1	17	2	0	32	12	8	12	6	8	149.60	1		2.796351
1	18	2	0	32	6	16	12	6	8	149.60	1		2.796351
1	19	2	0	32	12	16	12	6	8	149.60	1		2.796351
1	20	2	0	44	0	0	12	6	8	149.60	1		2.796351
1	21	2	0	42	0	8	12	6	8	149.60	1		2.796351
1	15	2	0	42	0	16	12	6	8	149.60	1		2.796351
1	14	2	0	44	6	0	12	6	8	149.60	1		2.796351
1	13	2	0	44	12	0	12	6	8	149.60	1		2.796351
17	342	3	0	32	23	6	8	2	6	35.95	0		11.227156
17	341	3	0	32	21	12	8	2	6	35.95	0		11.227156
17	340	3	0	32	23	12	8	2	6	35.95	0		11.227156
17	331	2	0	44	18	0	12	6	8	149.60	1		2.796351
17	338	3	0	32	21	18	8	2	6	35.95	0		11.227156
17	337	3	0	32	23	18	8	2	6	35.95	0		11.227156
17	336	3	0	32	21	24	8	2	6	35.95	0		11.227156
17	335	3	0	32	23	24	8	2	6	35.95	0		11.227156
17	334	3	1	56	0	0	8	2	6	35.95	0		11.227156
17	322	1	1	56	8	0	6	3	3	17.96	0		4.951209
17	326	1	1	56	14	0	6	3	3	17.96	0		4.951209
17	325	1	1	56	8	3	6	3	3	17.96	0		4.951209
17	324	1	1	56	14	3	6	3	3	17.96	0		4.951209
17	323	1	1	56	8	6	6	3	3	17.96	0		4.951209
17	321	1	1	56	14	6	6	3	3	17.96	0		4.951209
17	339	3	1	56	0	6	8	2	6	35.95	0		11.227156
17	332	2	0	44	6	8	12	6	8	149.60	1		2.796351
17	333	2	0	44	12	8	12	6	8	149.60	1		2.796351
17	330	2	0	44	18	8	12	6	8	149.60	1		2.796351
17	329	2	0	44	6	16	12	6	8	149.60	1		2.796351
17	328	2	0	44	12	16	12	6	8	149.60	1		2.796351
17	327	2	0	44	18	16	12	6	8	149.60	1		2.796351


-------------------------------------------------------------------------------------------------------------------
Tour_Id:			3
No_of_Customers:		7
No_of_Items:			135
Customer_Sequence:		18 15 11 13 14 2 19 

CustId	Id	TypeId	Rotated	x	y	z	Length	Width	Height	mass	Fragility	LoadBearingStrength
19	381	3	0	0	0	0	8	2	6	35.95	0		11.227156
19	380	3	0	0	2	0	8	2	6	35.95	0		11.227156
19	379	3	0	0	4	0	8	2	6	35.95	0		11.227156
19	378	3	0	0	6	0	8	2	6	35.95	0		11.227156
19	364	1	0	0	8	0	6	3	3	17.96	0		4.951209
19	370	1	0	0	11	0	6	3	3	17.96	0		4.951209
19	369	1	0	0	14	0	6	3	3	17.96	0		4.951209
19	368	1	0	0	17	0	6	3	3	17.96	0		4.951209
19	367	1	0	0	20	0	6	3	3	17.96	0		4.951209
19	366	1	0	0	8	3	6	3	3	17.96	0		4.951209
19	365	1	0	0	11	3	6	3	3	17.96	0		4.951209
19	363	1	0	0	14	3	6	3	3	17.96	0		4.951209
19	371	2	1	0	0	6	12	6	8	149.60	1		2.796351
19	372	2	1	0	0	14	12	6	8	149.60	1		2.796351
19	373	2	1	0	0	22	12	6	8	149.60	1		2.796351
19	374	2	0	6	8	0	12	6	8	149.60	1		2.796351
19	375	2	0	6	14	0	12	6	8	149.60	1		2.796351
19	376	2	0	6	8	8	12	6	8	149.60	1		2.796351
19	377	2	0	6	14	8	12	6	8	149.60	1		2.796351
2	43	3	0	0	23	0	8	2	6	35.95	0		11.227156
2	42	3	0	0	20	3	8	2	6	35.95	0		11.227156
2	41	3	0	0	23	6	8	2	6	35.95	0		11.227156
2	40	3	0	0	20	9	8	2	6	35.95	0		11.227156
2	39	3	0	0	23	12	8	2	6	35.95	0		11.227156
2	38	3	0	0	20	15	8	2	6	35.95	0		11.227156
2	37	3	0	0	23	18	8	2	6	35.95	0		11.227156
2	28	1	0	6	20	0	6	3	3	17.96	0		4.951209
2	32	1	0	8	0	0	6	3	3	17.96	0		4.951209
2	31	1	0	8	3	0	6	3	3	17.96	0		4.951209
2	30	1	0	8	0	3	6	3	3	17.96	0		4.951209
2	29	1	0	6	0	6	6	3	3	17.96	0		4.951209
2	27	1	0	6	0	9	6	3	3	17.96	0		4.951209
2	35	2	0	6	8	16	12	6	8	149.60	1		2.796351
2	36	2	0	6	14	16	12	6	8	149.60	1		2.796351
2	34	2	0	14	0	0	12	6	8	149.60	1		2.796351
2	33	2	0	12	0	8	12	6	8	149.60	1		2.796351
14	281	3	0	0	20	21	8	2	6	35.95	0		11.227156
14	282	3	0	0	23	24	8	2	6	35.95	0		11.227156
14	283	3	0	8	6	0	8	2	6	35.95	0		11.227156
14	284	3	0	8	23	0	8	2	6	35.95	0		11.227156
14	285	3	0	6	6	6	8	2	6	35.95	0		11.227156
14	286	3	0	6	6	12	8	2	6	35.95	0		11.227156
14	272	1	0	12	20	0	6	3	3	17.96	0		4.951209
14	273	1	0	8	20	3	6	3	3	17.96	0		4.951209
14	274	1	0	8	20	6	6	3	3	17.96	0		4.951209
14	275	1	0	8	20	9	6	3	3	17.96	0		4.951209
14	276	2	0	12	0	16	12	6	8	149.60	1		2.796351
14	277	2	0	18	6	0	12	6	8	149.60	1		2.796351
14	278	2	0	18	12	0	12	6	8	149.60	1		2.796351
14	279	2	0	18	18	0	12	6	8	149.60	1		2.796351
14	280	2	0	18	6	8	12	6	8	149.60	1		2.796351
13	271	3	0	6	6	18	8	2	6	35.95	0		11.227156
13	270	3	0	6	6	24	8	2	6	35.95	0		11.227156
13	269	3	0	8	20	12	8	2	6	35.95	0		11.227156
13	268	3	0	8	20	18	8	2	6	35.95	0		11.227156
13	267	3	0	8	20	24	8	2	6	35.95	0		11.227156
13	255	1	0	26	0	0	6	3	3	17.96	0		4.951209
13	261	1	0	26	3	0	6	3	3	17.96	0		4.951209
13	260	1	0	26	0	3	6	3	3	17.96	0		4.951209
13	259	1	0	26	3	3	6	3	3	17.96	0		4.951209
13	258	1	0	26	0	6	6	3	3	17.96	0		4.951209
13	257	1	0	26	3	6	6	3	3	17.96	0		4.951209
13	256	1	0	26	0	9	6	3	3	17.96	0		4.951209
13	254	1	0	26	3	9	6	3	3	17.96	0		4.951209
13	262	2	0	18	12	8	12	6	8	149.60	1		2.796351
13	263	2	0	18	18	8	12	6	8	149.60	1		2.796351
13	264	2	0	18	6	16	12	6	8	149.60	1		2.796351
13	265	2	0	18	12	16	12	6	8	149.60	1		2.796351
13	266	2	0	18	18	16	12	6	8	149.60	1		2.796351
11	236	3	0	24	0	12	8	2	6	35.95	0		11.227156
11	235	3	0	24	2	12	8	2	6	35.95	0		11.227156
11	234	3	0	24	4	12	8	2	6	35.95	0		11.227156
11	233	3	0	24	0	18	8	2	6	35.95	0		11.227156
11	232	3	0	24	2	18	8	2	6	35.95	0		11.227156
11	231	3	0	24	4	18	8	2	6	35.95	0		11.227156
11	230	3	0	24	0	24	8	2	6	35.95	0		11.227156
11	229	3	0	24	2	24	8	2	6	35.95	0		11.227156
11	210	1	0	30	6	0	6	3	3	17.96	0		4.951209
11	219	1	0	30	9	0	6	3	3	17.96	0		4.951209
11	209	1	0	30	12	0	6	3	3	17.96	0		4.951209
11	211	1	0	30	15	0	6	3	3	17.96	0		4.951209
11	212	1	0	30	18	0	6	3	3	17.96	0		4.951209
11	213	1	0	30	21	0	6	3	3	17.96	0		4.951209
11	214	1	0	30	6	3	6	3	3	17.96	0		4.951209
11	215	1	0	30	9	3	6	3	3	17.96	0		4.951209
11	216	1	0	30	12	3	6	3	3	17.96	0		4.951209
11	217	1	0	30	15	3	6	3	3	17.96	0		4.951209
11	218	1	0	30	18	3	6	3	3	17.96	0		4.951209
11	228	2	1	30	6	6	12	6	8	149.60	1		2.796351
11	227	2	1	30	6	14	12	6	8	149.60	1		2.796351
11	226	2	1	30	6	22	12	6	8	149.60	1		2.796351
11	225	2	0	32	0	0	12	6	8	149.60	1		2.796351
11	224	2	0	32	0	8	12	6	8	149.60	1		2.796351
11	223	2	0	32	0	16	12	6	8	149.60	1		2.796351
11	222	2	0	36	6	0	12	6	8	149.60	1		2.796351
11	221	2	0	36	12	0	12	6	8	149.60	1		2.796351
11	220	2	0	36	18	0	12	6	8	149.60	1		2.796351
15	304	3	0	24	4	24	8	2	6	35.95	0		11.227156
15	303	3	0	44	0	0	8	2	6	35.95	0		11.227156
15	302	3	0	44	2	0	8	2	6	35.95	0		11.227156
15	301	3	0	44	4	0	8	2	6	35.95	0		11.227156
15	300	3	0	44	0	6	8	2	6	35.95	0		11.227156
15	299	3	0	44	2	6	8	2	6	35.95	0		11.227156
15	298	3	0	44	4	6	8	2	6	35.95	0		11.227156
15	288	1	0	44	0	12	6	3	3	17.96	0		4.951209
15	289	1	0	44	3	12	6	3	3	17.96	0		4.951209
15	287	1	0	44	0	15	6	3	3	17.96	0		4.951209
15	295	2	0	36	6	8	12	6	8	149.60	1		2.796351
15	296	2	0	36	12	8	12	6	8	149.60	1		2.796351
15	297	2	0	36	18	8	12	6	8	149.60	1		2.796351
15	294	2	0	36	6	16	12	6	8	149.60	1		2.796351
15	293	2	0	36	12	16	12	6	8	149.60	1		2.796351
15	292	2	0	36	18	16	12	6	8	149.60	1		2.796351
15	291	2	0	48	6	0	12	6	8	149.60	1		2.796351
15	290	2	0	48	12	0	12	6	8	149.60	1		2.796351
18	362	3	0	44	3	15	8	2	6	35.95	0		11.227156
18	361	3	0	44	0	18	8	2	6	35.95	0		11.227156
18	360	3	0	44	3	21	8	2	6	35.95	0		11.227156
18	359	3	0	44	0	24	8	2	6	35.95	0		11.227156
18	358	3	0	48	18	0	8	2	6	35.95	0		11.227156
18	357	3	0	48	20	0	8	2	6	35.95	0		11.227156
18	356	3	0	48	22	0	8	2	6	35.95	0		11.227156
18	344	1	0	48	18	6	6	3	3	17.96	0		4.951209
18	351	1	0	48	21	6	6	3	3	17.96	0		4.951209
18	350	1	0	48	18	9	6	3	3	17.96	0		4.951209
18	349	1	0	48	21	9	6	3	3	17.96	0		4.951209
18	348	1	0	48	18	12	6	3	3	17.96	0		4.951209
18	347	1	0	48	21	12	6	3	3	17.96	0		4.951209
18	346	1	0	48	18	15	6	3	3	17.96	0		4.951209
18	345	1	0	48	21	15	6	3	3	17.96	0		4.951209
18	343	1	0	48	18	18	6	3	3	17.96	0		4.951209
18	352	2	0	48	6	8	12	6	8	149.60	1		2.796351
18	353	2	0	48	12	8	12	6	8	149.60	1		2.796351
18	354	2	0	48	5	16	12	6	8	149.60	1		2.796351
18	355	2	0	48	11	16	12	6	8	149.60	1		2.796351


