Name:				335_n020_m400_bt3
Problem:			3L-VRPTW
Number_of_used_Vehicles:	4
Total_Travel_Distance:		481.72
Calculation_Time:		3600.00
Total_Iterations:		1717
ConstraintSet:			P1

-------------------------------------------------------------------------------------------------------------------
Tour_Id:			1
No_of_Customers:		3
No_of_Items:			62
Customer_Sequence:		9 1 4 

CustId	Id	TypeId	Rotated	x	y	z	Length	Width	Height	mass	Fragility	LoadBearingStrength
4	67	1	0	0	0	0	16	4	5	97.66	0		4.494740
4	68	1	0	0	4	0	16	4	5	97.66	0		4.494740
4	66	1	0	0	8	0	16	4	5	97.66	0		4.494740
4	69	2	0	0	12	0	13	2	7	57.81	0		10.969272
4	70	2	0	0	14	0	13	2	7	57.81	0		10.969272
4	71	2	0	0	16	0	13	2	7	57.81	0		10.969272
4	72	2	0	0	18	0	13	2	7	57.81	0		10.969272
4	73	2	0	0	20	0	13	2	7	57.81	0		10.969272
4	85	3	0	0	0	5	11	5	4	95.49	1		2.780246
4	84	3	0	0	5	5	11	5	4	95.49	1		2.780246
4	83	3	0	0	12	7	11	5	4	95.49	1		2.780246
4	82	3	0	0	17	7	11	5	4	95.49	1		2.780246
4	81	3	0	0	0	9	11	5	4	95.49	1		2.780246
4	80	3	0	0	5	9	11	5	4	95.49	1		2.780246
4	79	3	0	0	12	11	11	5	4	95.49	1		2.780246
4	78	3	0	0	17	11	11	5	4	95.49	1		2.780246
4	77	3	0	0	0	13	11	5	4	95.49	1		2.780246
4	76	3	0	0	5	13	11	5	4	95.49	1		2.780246
4	75	3	0	0	12	15	11	5	4	95.49	1		2.780246
4	74	3	0	0	17	15	11	5	4	95.49	1		2.780246
1	2	1	0	13	12	0	16	4	5	97.66	0		4.494740
1	3	1	0	13	16	0	16	4	5	97.66	0		4.494740
1	4	1	0	13	20	0	16	4	5	97.66	0		4.494740
1	5	1	0	13	12	5	16	4	5	97.66	0		4.494740
1	6	1	0	11	12	10	16	4	5	97.66	0		4.494740
1	7	1	0	11	12	15	16	4	5	97.66	0		4.494740
1	8	1	0	11	12	20	16	4	5	97.66	0		4.494740
1	1	1	0	11	12	25	16	4	5	97.66	0		4.494740
1	12	2	0	0	22	0	13	2	7	57.81	0		10.969272
1	15	2	0	0	10	5	13	2	7	57.81	0		10.969272
1	14	2	0	0	22	7	13	2	7	57.81	0		10.969272
1	13	2	0	0	10	12	13	2	7	57.81	0		10.969272
1	11	2	0	0	22	14	13	2	7	57.81	0		10.969272
1	10	2	0	0	10	19	13	2	7	57.81	0		10.969272
1	9	2	0	0	22	21	13	2	7	57.81	0		10.969272
1	16	3	0	0	0	17	11	5	4	95.49	1		2.780246
1	17	3	0	0	5	17	11	5	4	95.49	1		2.780246
1	18	3	0	0	12	19	11	5	4	95.49	1		2.780246
1	19	3	0	0	17	19	11	5	4	95.49	1		2.780246
1	20	3	0	0	0	21	11	5	4	95.49	1		2.780246
1	21	3	0	0	5	21	11	5	4	95.49	1		2.780246
1	22	3	0	0	12	23	11	5	4	95.49	1		2.780246
9	159	1	0	13	16	5	16	4	5	97.66	0		4.494740
9	160	1	0	11	16	10	16	4	5	97.66	0		4.494740
9	161	1	0	11	16	15	16	4	5	97.66	0		4.494740
9	162	1	0	11	16	20	16	4	5	97.66	0		4.494740
9	158	1	0	11	16	25	16	4	5	97.66	0		4.494740
9	168	2	0	13	20	5	13	2	7	57.81	0		10.969272
9	170	2	0	11	20	12	13	2	7	57.81	0		10.969272
9	169	2	0	11	20	19	13	2	7	57.81	0		10.969272
9	167	2	0	13	22	5	13	2	7	57.81	0		10.969272
9	166	2	0	13	22	12	13	2	7	57.81	0		10.969272
9	165	2	0	13	22	19	13	2	7	57.81	0		10.969272
9	164	2	0	16	0	0	13	2	7	57.81	0		10.969272
9	163	2	0	16	2	0	13	2	7	57.81	0		10.969272
9	171	3	0	0	17	23	11	5	4	95.49	1		2.780246
9	172	3	0	0	0	25	11	5	4	95.49	1		2.780246
9	173	3	0	0	5	25	11	5	4	95.49	1		2.780246
9	174	3	0	16	4	0	11	5	4	95.49	1		2.780246
9	175	3	0	16	4	4	11	5	4	95.49	1		2.780246
9	176	3	0	16	4	8	11	5	4	95.49	1		2.780246
9	177	3	0	16	4	12	11	5	4	95.49	1		2.780246


-------------------------------------------------------------------------------------------------------------------
Tour_Id:			2
No_of_Customers:		5
No_of_Items:			91
Customer_Sequence:		12 19 2 7 18 

CustId	Id	TypeId	Rotated	x	y	z	Length	Width	Height	mass	Fragility	LoadBearingStrength
18	347	1	0	0	0	0	16	4	5	97.66	0		4.494740
18	348	1	0	0	4	0	16	4	5	97.66	0		4.494740
18	349	1	0	0	8	0	16	4	5	97.66	0		4.494740
18	350	2	0	0	12	0	13	2	7	57.81	0		10.969272
18	351	2	0	0	14	0	13	2	7	57.81	0		10.969272
18	352	2	0	0	16	0	13	2	7	57.81	0		10.969272
18	353	2	0	0	18	0	13	2	7	57.81	0		10.969272
18	354	2	0	0	20	0	13	2	7	57.81	0		10.969272
18	355	2	0	0	22	0	13	2	7	57.81	0		10.969272
18	356	2	0	0	0	5	13	2	7	57.81	0		10.969272
18	357	3	0	0	2	5	11	5	4	95.49	1		2.780246
18	358	3	0	0	7	5	11	5	4	95.49	1		2.780246
18	359	3	0	0	12	7	11	5	4	95.49	1		2.780246
18	360	3	0	0	17	7	11	5	4	95.49	1		2.780246
18	361	3	0	0	2	9	11	5	4	95.49	1		2.780246
18	362	3	0	0	7	9	11	5	4	95.49	1		2.780246
7	125	1	0	13	12	0	16	4	5	97.66	0		4.494740
7	126	1	0	13	16	0	16	4	5	97.66	0		4.494740
7	127	1	0	13	20	0	16	4	5	97.66	0		4.494740
7	128	1	1	13	0	5	16	4	5	97.66	0		4.494740
7	124	1	0	13	16	5	16	4	5	97.66	0		4.494740
7	132	2	0	0	22	7	13	2	7	57.81	0		10.969272
7	134	2	0	0	0	12	13	2	7	57.81	0		10.969272
7	133	2	0	0	22	14	13	2	7	57.81	0		10.969272
7	131	2	0	0	0	19	13	2	7	57.81	0		10.969272
7	130	2	0	0	22	21	13	2	7	57.81	0		10.969272
7	129	2	0	13	20	5	13	2	7	57.81	0		10.969272
7	135	3	0	0	12	11	11	5	4	95.49	1		2.780246
7	136	3	0	0	17	11	11	5	4	95.49	1		2.780246
7	137	3	0	0	2	13	11	5	4	95.49	1		2.780246
7	138	3	0	0	7	13	11	5	4	95.49	1		2.780246
7	139	3	0	0	12	15	11	5	4	95.49	1		2.780246
7	140	3	0	0	17	15	11	5	4	95.49	1		2.780246
2	24	1	1	13	0	10	16	4	5	97.66	0		4.494740
2	25	1	0	11	16	10	16	4	5	97.66	0		4.494740
2	26	1	0	11	16	15	16	4	5	97.66	0		4.494740
2	27	1	0	11	16	20	16	4	5	97.66	0		4.494740
2	28	1	0	11	16	25	16	4	5	97.66	0		4.494740
2	29	1	1	13	0	15	16	4	5	97.66	0		4.494740
2	23	1	1	13	0	20	16	4	5	97.66	0		4.494740
2	31	2	0	11	20	12	13	2	7	57.81	0		10.969272
2	34	2	0	11	20	19	13	2	7	57.81	0		10.969272
2	33	2	0	13	22	5	13	2	7	57.81	0		10.969272
2	32	2	0	13	22	12	13	2	7	57.81	0		10.969272
2	30	2	0	13	22	19	13	2	7	57.81	0		10.969272
2	35	3	0	0	2	17	11	5	4	95.49	1		2.780246
2	36	3	0	0	7	17	11	5	4	95.49	1		2.780246
2	37	3	0	0	12	19	11	5	4	95.49	1		2.780246
2	38	3	0	0	17	19	11	5	4	95.49	1		2.780246
2	39	3	0	0	2	21	11	5	4	95.49	1		2.780246
19	364	1	1	13	0	25	16	4	5	97.66	0		4.494740
19	365	1	0	17	0	0	16	4	5	97.66	0		4.494740
19	366	1	0	17	4	0	16	4	5	97.66	0		4.494740
19	367	1	0	17	8	0	16	4	5	97.66	0		4.494740
19	363	1	0	17	0	5	16	4	5	97.66	0		4.494740
19	373	2	0	17	4	5	13	2	7	57.81	0		10.969272
19	376	2	0	17	6	5	13	2	7	57.81	0		10.969272
19	375	2	0	17	8	5	13	2	7	57.81	0		10.969272
19	374	2	0	17	10	5	13	2	7	57.81	0		10.969272
19	372	2	0	17	12	5	13	2	7	57.81	0		10.969272
19	371	2	0	17	14	5	13	2	7	57.81	0		10.969272
19	370	2	0	17	0	10	13	2	7	57.81	0		10.969272
19	369	2	0	17	2	10	13	2	7	57.81	0		10.969272
19	368	2	0	17	4	12	13	2	7	57.81	0		10.969272
19	377	3	0	0	2	25	11	5	4	95.49	1		2.780246
19	378	3	0	17	6	12	11	5	4	95.49	1		2.780246
19	379	3	0	17	11	12	11	5	4	95.49	1		2.780246
19	380	3	0	17	6	16	11	5	4	95.49	1		2.780246
19	381	3	0	17	11	16	11	5	4	95.49	1		2.780246
19	382	3	0	17	6	20	11	5	4	95.49	1		2.780246
19	383	3	0	17	11	20	11	5	4	95.49	1		2.780246
12	218	1	0	17	0	17	16	4	5	97.66	0		4.494740
12	219	1	0	17	0	22	16	4	5	97.66	0		4.494740
12	220	1	0	29	16	0	16	4	5	97.66	0		4.494740
12	217	1	0	29	20	0	16	4	5	97.66	0		4.494740
12	227	2	0	17	4	19	13	2	7	57.81	0		10.969272
12	229	2	0	26	20	5	13	2	7	57.81	0		10.969272
12	228	2	0	24	20	12	13	2	7	57.81	0		10.969272
12	226	2	0	24	20	19	13	2	7	57.81	0		10.969272
12	225	2	0	26	22	5	13	2	7	57.81	0		10.969272
12	224	2	0	26	22	12	13	2	7	57.81	0		10.969272
12	223	2	0	26	22	19	13	2	7	57.81	0		10.969272
12	222	2	1	28	6	12	13	2	7	57.81	0		10.969272
12	221	2	1	28	6	19	13	2	7	57.81	0		10.969272
12	230	3	0	17	6	24	11	5	4	95.49	1		2.780246
12	231	3	0	17	11	24	11	5	4	95.49	1		2.780246
12	232	3	0	13	20	26	11	5	4	95.49	1		2.780246
12	233	3	0	24	20	26	11	5	4	95.49	1		2.780246
12	234	3	0	33	0	0	11	5	4	95.49	1		2.780246
12	235	3	0	33	5	0	11	5	4	95.49	1		2.780246
12	236	3	0	33	10	0	11	5	4	95.49	1		2.780246


-------------------------------------------------------------------------------------------------------------------
Tour_Id:			3
No_of_Customers:		6
No_of_Items:			126
Customer_Sequence:		13 8 11 15 17 3 

CustId	Id	TypeId	Rotated	x	y	z	Length	Width	Height	mass	Fragility	LoadBearingStrength
3	41	1	0	0	0	0	16	4	5	97.66	0		4.494740
3	42	1	0	0	4	0	16	4	5	97.66	0		4.494740
3	43	1	0	0	8	0	16	4	5	97.66	0		4.494740
3	44	1	0	0	12	0	16	4	5	97.66	0		4.494740
3	45	1	0	0	16	0	16	4	5	97.66	0		4.494740
3	46	1	0	0	20	0	16	4	5	97.66	0		4.494740
3	47	1	0	0	0	5	16	4	5	97.66	0		4.494740
3	48	1	0	0	4	5	16	4	5	97.66	0		4.494740
3	49	1	0	0	8	5	16	4	5	97.66	0		4.494740
3	50	1	0	0	12	5	16	4	5	97.66	0		4.494740
3	51	1	0	0	16	5	16	4	5	97.66	0		4.494740
3	40	1	0	0	20	5	16	4	5	97.66	0		4.494740
3	53	2	0	0	0	10	13	2	7	57.81	0		10.969272
3	57	2	0	0	2	10	13	2	7	57.81	0		10.969272
3	56	2	0	0	4	10	13	2	7	57.81	0		10.969272
3	55	2	0	0	6	10	13	2	7	57.81	0		10.969272
3	54	2	0	0	8	10	13	2	7	57.81	0		10.969272
3	52	2	0	0	10	10	13	2	7	57.81	0		10.969272
3	58	3	0	0	12	10	11	5	4	95.49	1		2.780246
3	59	3	0	0	17	10	11	5	4	95.49	1		2.780246
3	60	3	0	0	12	14	11	5	4	95.49	1		2.780246
3	61	3	0	0	17	14	11	5	4	95.49	1		2.780246
3	62	3	0	0	0	17	11	5	4	95.49	1		2.780246
3	63	3	0	0	5	17	11	5	4	95.49	1		2.780246
3	64	3	0	0	12	18	11	5	4	95.49	1		2.780246
3	65	3	0	0	17	18	11	5	4	95.49	1		2.780246
17	326	1	1	13	0	10	16	4	5	97.66	0		4.494740
17	327	1	1	13	0	15	16	4	5	97.66	0		4.494740
17	328	1	1	13	0	20	16	4	5	97.66	0		4.494740
17	329	1	1	13	0	25	16	4	5	97.66	0		4.494740
17	330	1	0	16	0	0	16	4	5	97.66	0		4.494740
17	331	1	0	16	4	0	16	4	5	97.66	0		4.494740
17	332	1	0	16	8	0	16	4	5	97.66	0		4.494740
17	333	1	0	16	12	0	16	4	5	97.66	0		4.494740
17	334	1	0	16	16	0	16	4	5	97.66	0		4.494740
17	325	1	0	16	20	0	16	4	5	97.66	0		4.494740
17	336	2	0	0	22	10	13	2	7	57.81	0		10.969272
17	341	2	0	0	10	17	13	2	7	57.81	0		10.969272
17	340	2	0	0	22	17	13	2	7	57.81	0		10.969272
17	339	2	0	16	16	5	13	2	7	57.81	0		10.969272
17	338	2	0	16	18	5	13	2	7	57.81	0		10.969272
17	337	2	0	16	20	5	13	2	7	57.81	0		10.969272
17	335	2	0	16	22	5	13	2	7	57.81	0		10.969272
17	342	3	0	0	0	21	11	5	4	95.49	1		2.780246
17	343	3	0	0	5	21	11	5	4	95.49	1		2.780246
17	344	3	0	0	12	22	11	5	4	95.49	1		2.780246
17	345	3	0	0	17	22	11	5	4	95.49	1		2.780246
17	346	3	0	0	0	25	11	5	4	95.49	1		2.780246
15	277	1	0	16	16	12	16	4	5	97.66	0		4.494740
15	278	1	0	13	20	12	16	4	5	97.66	0		4.494740
15	279	1	0	13	16	17	16	4	5	97.66	0		4.494740
15	280	1	0	11	16	22	16	4	5	97.66	0		4.494740
15	281	1	0	13	20	17	16	4	5	97.66	0		4.494740
15	282	1	0	13	20	22	16	4	5	97.66	0		4.494740
15	283	1	0	17	0	5	16	4	5	97.66	0		4.494740
15	276	1	0	17	4	5	16	4	5	97.66	0		4.494740
15	289	2	0	17	8	5	13	2	7	57.81	0		10.969272
15	293	2	0	17	10	5	13	2	7	57.81	0		10.969272
15	292	2	0	17	12	5	13	2	7	57.81	0		10.969272
15	291	2	0	17	14	5	13	2	7	57.81	0		10.969272
15	290	2	0	17	0	10	13	2	7	57.81	0		10.969272
15	288	2	0	17	2	10	13	2	7	57.81	0		10.969272
15	287	2	0	17	4	10	13	2	7	57.81	0		10.969272
15	286	2	0	17	6	10	13	2	7	57.81	0		10.969272
15	285	2	0	17	8	12	13	2	7	57.81	0		10.969272
15	284	2	0	17	10	12	13	2	7	57.81	0		10.969272
15	294	3	0	0	16	26	11	5	4	95.49	1		2.780246
15	295	3	0	17	0	17	11	5	4	95.49	1		2.780246
15	296	3	0	17	8	19	11	5	4	95.49	1		2.780246
15	297	3	0	17	0	21	11	5	4	95.49	1		2.780246
15	298	3	0	17	8	23	11	5	4	95.49	1		2.780246
15	299	3	0	17	0	25	11	5	4	95.49	1		2.780246
15	300	3	0	32	0	0	11	5	4	95.49	1		2.780246
15	301	3	0	32	5	0	11	5	4	95.49	1		2.780246
11	200	1	0	32	10	0	16	4	5	97.66	0		4.494740
11	201	1	0	30	10	5	16	4	5	97.66	0		4.494740
11	202	1	0	30	10	10	16	4	5	97.66	0		4.494740
11	203	1	0	30	10	15	16	4	5	97.66	0		4.494740
11	199	1	0	28	10	20	16	4	5	97.66	0		4.494740
11	208	2	0	17	13	12	13	2	7	57.81	0		10.969272
11	210	2	0	17	5	17	13	2	7	57.81	0		10.969272
11	209	2	0	32	14	0	13	2	7	57.81	0		10.969272
11	207	2	0	30	14	7	13	2	7	57.81	0		10.969272
11	206	2	0	30	14	14	13	2	7	57.81	0		10.969272
11	205	2	0	30	14	21	13	2	7	57.81	0		10.969272
11	204	2	0	32	16	0	13	2	7	57.81	0		10.969272
11	211	3	0	32	18	0	11	5	4	95.49	1		2.780246
11	212	3	0	32	18	4	11	5	4	95.49	1		2.780246
11	213	3	0	32	18	8	11	5	4	95.49	1		2.780246
11	214	3	0	32	18	12	11	5	4	95.49	1		2.780246
11	215	3	0	32	18	16	11	5	4	95.49	1		2.780246
11	216	3	0	32	18	20	11	5	4	95.49	1		2.780246
8	142	1	0	28	10	25	16	4	5	97.66	0		4.494740
8	149	1	0	43	0	0	16	4	5	97.66	0		4.494740
8	148	1	0	43	4	0	16	4	5	97.66	0		4.494740
8	147	1	0	43	18	0	16	4	5	97.66	0		4.494740
8	146	1	0	43	0	5	16	4	5	97.66	0		4.494740
8	145	1	0	43	4	5	16	4	5	97.66	0		4.494740
8	144	1	0	43	18	5	16	4	5	97.66	0		4.494740
8	143	1	0	43	0	10	16	4	5	97.66	0		4.494740
8	141	1	0	43	4	10	16	4	5	97.66	0		4.494740
8	150	2	0	32	23	0	13	2	7	57.81	0		10.969272
8	151	2	0	32	16	7	13	2	7	57.81	0		10.969272
8	152	2	0	29	23	7	13	2	7	57.81	0		10.969272
8	153	2	0	29	23	14	13	2	7	57.81	0		10.969272
8	154	2	0	29	23	21	13	2	7	57.81	0		10.969272
8	155	3	0	32	18	24	11	5	4	95.49	1		2.780246
8	156	3	0	43	18	10	11	5	4	95.49	1		2.780246
8	157	3	0	43	18	14	11	5	4	95.49	1		2.780246
13	238	1	0	43	0	15	16	4	5	97.66	0		4.494740
13	239	1	0	43	4	15	16	4	5	97.66	0		4.494740
13	240	1	0	43	0	20	16	4	5	97.66	0		4.494740
13	237	1	0	43	4	20	16	4	5	97.66	0		4.494740
13	245	2	0	32	16	14	13	2	7	57.81	0		10.969272
13	251	2	0	29	16	21	13	2	7	57.81	0		10.969272
13	250	2	0	43	8	0	13	2	7	57.81	0		10.969272
13	249	2	0	43	8	7	13	2	7	57.81	0		10.969272
13	248	2	0	43	8	14	13	2	7	57.81	0		10.969272
13	247	2	0	43	8	21	13	2	7	57.81	0		10.969272
13	246	2	0	45	14	0	13	2	7	57.81	0		10.969272
13	244	2	0	43	14	7	13	2	7	57.81	0		10.969272
13	243	2	0	43	14	14	13	2	7	57.81	0		10.969272
13	242	2	0	43	14	21	13	2	7	57.81	0		10.969272
13	241	2	0	45	16	0	13	2	7	57.81	0		10.969272
13	252	3	0	43	18	18	11	5	4	95.49	1		2.780246
13	253	3	0	43	18	22	11	5	4	95.49	1		2.780246


-------------------------------------------------------------------------------------------------------------------
Tour_Id:			4
No_of_Customers:		6
No_of_Items:			121
Customer_Sequence:		20 14 10 5 16 6 

CustId	Id	TypeId	Rotated	x	y	z	Length	Width	Height	mass	Fragility	LoadBearingStrength
6	107	1	0	0	0	0	16	4	5	97.66	0		4.494740
6	108	1	0	0	4	0	16	4	5	97.66	0		4.494740
6	109	1	0	0	8	0	16	4	5	97.66	0		4.494740
6	110	1	0	0	12	0	16	4	5	97.66	0		4.494740
6	111	1	0	0	16	0	16	4	5	97.66	0		4.494740
6	112	1	0	0	20	0	16	4	5	97.66	0		4.494740
6	106	1	0	0	0	5	16	4	5	97.66	0		4.494740
6	115	2	0	0	4	5	13	2	7	57.81	0		10.969272
6	118	2	0	0	6	5	13	2	7	57.81	0		10.969272
6	117	2	0	0	8	5	13	2	7	57.81	0		10.969272
6	116	2	0	0	10	5	13	2	7	57.81	0		10.969272
6	114	2	0	0	12	5	13	2	7	57.81	0		10.969272
6	113	2	0	0	14	5	13	2	7	57.81	0		10.969272
6	119	3	0	0	16	5	11	5	4	95.49	1		2.780246
6	120	3	0	0	16	9	11	5	4	95.49	1		2.780246
6	121	3	0	0	4	12	11	5	4	95.49	1		2.780246
6	122	3	0	0	9	12	11	5	4	95.49	1		2.780246
6	123	3	0	0	16	13	11	5	4	95.49	1		2.780246
16	303	1	0	0	21	5	16	4	5	97.66	0		4.494740
16	314	1	0	0	0	10	16	4	5	97.66	0		4.494740
16	313	1	0	0	21	10	16	4	5	97.66	0		4.494740
16	312	1	0	0	0	15	16	4	5	97.66	0		4.494740
16	311	1	0	0	21	15	16	4	5	97.66	0		4.494740
16	310	1	0	0	0	20	16	4	5	97.66	0		4.494740
16	309	1	0	0	21	20	16	4	5	97.66	0		4.494740
16	308	1	0	0	0	25	16	4	5	97.66	0		4.494740
16	307	1	0	0	21	25	16	4	5	97.66	0		4.494740
16	306	1	1	13	4	5	16	4	5	97.66	0		4.494740
16	305	1	1	13	4	10	16	4	5	97.66	0		4.494740
16	304	1	1	13	4	15	16	4	5	97.66	0		4.494740
16	302	1	1	13	4	20	16	4	5	97.66	0		4.494740
16	315	2	0	0	14	12	13	2	7	57.81	0		10.969272
16	316	2	0	0	14	19	13	2	7	57.81	0		10.969272
16	317	2	0	16	0	0	13	2	7	57.81	0		10.969272
16	318	2	0	16	2	0	13	2	7	57.81	0		10.969272
16	319	2	0	16	20	0	13	2	7	57.81	0		10.969272
16	320	3	0	0	4	16	11	5	4	95.49	1		2.780246
16	321	3	0	0	9	16	11	5	4	95.49	1		2.780246
16	322	3	0	0	16	17	11	5	4	95.49	1		2.780246
16	323	3	0	0	4	20	11	5	4	95.49	1		2.780246
16	324	3	0	0	9	20	11	5	4	95.49	1		2.780246
5	87	1	1	13	4	25	16	4	5	97.66	0		4.494740
5	88	1	0	16	0	7	16	4	5	97.66	0		4.494740
5	89	1	0	16	0	12	16	4	5	97.66	0		4.494740
5	90	1	0	16	0	17	16	4	5	97.66	0		4.494740
5	91	1	0	16	0	22	16	4	5	97.66	0		4.494740
5	92	1	0	17	4	0	16	4	5	97.66	0		4.494740
5	93	1	0	17	8	0	16	4	5	97.66	0		4.494740
5	94	1	0	17	12	0	16	4	5	97.66	0		4.494740
5	86	1	0	17	16	0	16	4	5	97.66	0		4.494740
5	96	2	0	16	22	0	13	2	7	57.81	0		10.969272
5	99	2	0	16	20	7	13	2	7	57.81	0		10.969272
5	98	2	0	16	22	7	13	2	7	57.81	0		10.969272
5	97	2	0	16	20	14	13	2	7	57.81	0		10.969272
5	95	2	0	16	22	14	13	2	7	57.81	0		10.969272
5	100	3	0	16	20	21	11	5	4	95.49	1		2.780246
5	101	3	0	16	20	25	11	5	4	95.49	1		2.780246
5	102	3	0	17	4	5	11	5	4	95.49	1		2.780246
5	103	3	0	17	9	5	11	5	4	95.49	1		2.780246
5	104	3	0	17	14	5	11	5	4	95.49	1		2.780246
5	105	3	0	17	4	9	11	5	4	95.49	1		2.780246
10	179	1	1	28	4	5	16	4	5	97.66	0		4.494740
10	180	1	1	28	4	10	16	4	5	97.66	0		4.494740
10	181	1	1	28	4	15	16	4	5	97.66	0		4.494740
10	182	1	1	28	4	20	16	4	5	97.66	0		4.494740
10	178	1	1	28	4	25	16	4	5	97.66	0		4.494740
10	188	2	0	29	20	0	13	2	7	57.81	0		10.969272
10	192	2	0	29	22	0	13	2	7	57.81	0		10.969272
10	191	2	0	29	20	7	13	2	7	57.81	0		10.969272
10	190	2	0	29	22	7	13	2	7	57.81	0		10.969272
10	189	2	0	29	20	14	13	2	7	57.81	0		10.969272
10	187	2	0	27	20	21	13	2	7	57.81	0		10.969272
10	186	2	0	29	22	14	13	2	7	57.81	0		10.969272
10	185	2	0	27	22	21	13	2	7	57.81	0		10.969272
10	184	2	0	32	0	0	13	2	7	57.81	0		10.969272
10	183	2	0	32	2	0	13	2	7	57.81	0		10.969272
10	193	3	0	17	9	9	11	5	4	95.49	1		2.780246
10	194	3	0	17	14	9	11	5	4	95.49	1		2.780246
10	195	3	0	17	4	13	11	5	4	95.49	1		2.780246
10	196	3	0	17	9	13	11	5	4	95.49	1		2.780246
10	197	3	0	17	14	13	11	5	4	95.49	1		2.780246
10	198	3	0	17	4	17	11	5	4	95.49	1		2.780246
14	255	1	0	32	0	7	16	4	5	97.66	0		4.494740
14	256	1	0	32	0	12	16	4	5	97.66	0		4.494740
14	257	1	0	32	0	17	16	4	5	97.66	0		4.494740
14	258	1	0	32	0	22	16	4	5	97.66	0		4.494740
14	259	1	0	33	4	0	16	4	5	97.66	0		4.494740
14	254	1	0	32	4	5	16	4	5	97.66	0		4.494740
14	265	2	0	32	4	10	13	2	7	57.81	0		10.969272
14	268	2	0	32	6	10	13	2	7	57.81	0		10.969272
14	267	2	0	32	4	17	13	2	7	57.81	0		10.969272
14	266	2	0	32	6	17	13	2	7	57.81	0		10.969272
14	264	2	0	33	8	0	13	2	7	57.81	0		10.969272
14	263	2	0	32	8	7	13	2	7	57.81	0		10.969272
14	262	2	0	32	8	14	13	2	7	57.81	0		10.969272
14	261	2	0	32	8	21	13	2	7	57.81	0		10.969272
14	260	2	0	33	10	0	13	2	7	57.81	0		10.969272
14	269	3	0	33	12	0	11	5	4	95.49	1		2.780246
14	270	3	0	33	12	4	11	5	4	95.49	1		2.780246
14	271	3	0	32	12	8	11	5	4	95.49	1		2.780246
14	272	3	0	32	12	12	11	5	4	95.49	1		2.780246
14	273	3	0	32	12	16	11	5	4	95.49	1		2.780246
14	274	3	0	32	12	20	11	5	4	95.49	1		2.780246
14	275	3	0	32	12	24	11	5	4	95.49	1		2.780246
20	385	1	0	32	4	24	16	4	5	97.66	0		4.494740
20	386	1	0	42	17	0	16	4	5	97.66	0		4.494740
20	387	1	0	42	21	0	16	4	5	97.66	0		4.494740
20	388	1	0	42	17	5	16	4	5	97.66	0		4.494740
20	389	1	0	42	21	5	16	4	5	97.66	0		4.494740
20	384	1	0	42	17	10	16	4	5	97.66	0		4.494740
20	392	2	0	32	10	7	13	2	7	57.81	0		10.969272
20	396	2	0	32	10	14	13	2	7	57.81	0		10.969272
20	395	2	0	32	10	21	13	2	7	57.81	0		10.969272
20	394	2	0	42	21	10	13	2	7	57.81	0		10.969272
20	393	2	0	42	23	10	13	2	7	57.81	0		10.969272
20	391	2	0	42	17	15	13	2	7	57.81	0		10.969272
20	390	2	0	42	19	15	13	2	7	57.81	0		10.969272
20	397	3	0	42	17	22	11	5	4	95.49	1		2.780246
20	398	3	0	40	17	26	11	5	4	95.49	1		2.780246
20	399	3	0	44	12	0	11	5	4	95.49	1		2.780246
20	400	3	0	44	12	4	11	5	4	95.49	1		2.780246


