Name:				340_n020_m400_bt10
Problem:			3L-VRPTW
Number_of_used_Vehicles:	5
Total_Travel_Distance:		518.06
Calculation_Time:		3600.00
Total_Iterations:		372
ConstraintSet:			P1

-------------------------------------------------------------------------------------------------------------------
Tour_Id:			1
No_of_Customers:		5
No_of_Items:			95
Customer_Sequence:		4 5 16 8 3 

CustId	Id	TypeId	Rotated	x	y	z	Length	Width	Height	mass	Fragility	LoadBearingStrength
3	59	6	0	0	0	0	17	5	8	82.50	0		9.892342
3	58	6	0	0	5	0	17	5	8	82.50	0		9.892342
3	49	2	0	0	10	0	10	5	7	36.16	1		1.337100
3	52	4	0	0	15	0	11	6	8	82.94	0		16.194101
3	53	4	0	0	0	8	11	6	8	82.94	0		16.194101
3	54	4	0	0	15	8	11	6	8	82.94	0		16.194101
3	55	4	0	0	0	16	11	6	8	82.94	0		16.194101
3	63	8	0	0	21	0	13	4	6	60.94	0		3.730744
3	51	3	0	0	15	16	9	6	5	27.23	0		9.026001
3	65	10	0	0	15	21	7	6	6	46.98	0		5.634454
3	60	7	0	0	21	6	9	4	6	22.59	0		4.899972
3	57	5	0	0	6	8	11	3	7	38.45	0		2.971555
3	56	5	0	0	21	12	11	3	7	38.45	0		2.971555
3	46	1	0	0	10	7	10	4	3	30.32	1		3.978754
3	62	7	0	0	6	15	9	4	6	22.59	0		4.899972
3	50	2	0	0	10	10	10	5	7	36.16	1		1.337100
3	64	9	0	11	10	0	15	6	7	84.49	0		7.981485
3	61	7	0	0	21	19	9	4	6	22.59	0		4.899972
3	48	1	0	0	10	17	10	4	3	30.32	1		3.978754
3	47	1	0	0	10	20	10	4	3	30.32	1		3.978754
8	155	6	0	10	10	7	17	5	8	82.50	0		9.892342
8	154	6	0	10	10	15	17	5	8	82.50	0		9.892342
8	152	6	0	11	16	0	17	5	8	82.50	0		9.892342
8	153	6	0	11	15	8	17	5	8	82.50	0		9.892342
8	150	4	0	9	15	16	11	6	8	82.94	0		16.194101
8	151	4	0	17	0	0	11	6	8	82.94	0		16.194101
8	147	3	0	0	0	24	9	6	5	27.23	0		9.026001
8	156	7	0	0	6	21	9	4	6	22.59	0		4.899972
8	149	3	0	9	15	24	9	6	5	27.23	0		9.026001
8	158	7	0	10	10	23	9	4	6	22.59	0		4.899972
8	157	7	0	11	0	8	9	4	6	22.59	0		4.899972
8	148	3	0	11	4	8	9	6	5	27.23	0		9.026001
16	308	9	0	28	0	0	15	6	7	84.49	0		7.981485
8	145	1	0	0	10	23	10	4	3	30.32	1		3.978754
8	144	1	0	0	21	25	10	4	3	30.32	1		3.978754
8	143	1	0	0	10	26	10	4	3	30.32	1		3.978754
8	142	1	0	0	6	27	10	4	3	30.32	1		3.978754
8	146	1	0	11	4	13	10	4	3	30.32	1		3.978754
16	299	4	0	28	6	0	11	6	8	82.94	0		16.194101
16	305	8	0	13	21	0	13	4	6	60.94	0		3.730744
16	306	8	0	13	21	6	13	4	6	60.94	0		3.730744
16	307	8	0	11	21	12	13	4	6	60.94	0		3.730744
16	298	3	0	21	0	8	9	6	5	27.23	0		9.026001
16	312	10	0	20	15	16	7	6	6	46.98	0		5.634454
16	311	10	0	20	15	22	7	6	6	46.98	0		5.634454
16	310	10	0	21	0	13	7	6	6	46.98	0		5.634454
16	309	10	0	21	0	19	7	6	6	46.98	0		5.634454
16	300	5	0	11	21	18	11	3	7	38.45	0		2.971555
16	301	5	0	26	21	0	11	3	7	38.45	0		2.971555
16	304	7	0	11	0	14	9	4	6	22.59	0		4.899972
16	303	7	0	11	0	20	9	4	6	22.59	0		4.899972
16	302	7	0	19	10	23	9	4	6	22.59	0		4.899972
16	296	2	0	11	4	16	10	5	7	36.16	1		1.337100
16	297	2	0	11	4	23	10	5	7	36.16	1		1.337100
5	99	6	0	28	12	0	17	5	8	82.50	0		9.892342
5	100	6	0	28	12	8	17	5	8	82.50	0		9.892342
4	75	3	0	21	0	25	9	6	5	27.23	0		9.026001
5	104	9	0	28	12	16	15	6	7	84.49	0		7.981485
5	95	4	0	28	6	8	11	6	8	82.94	0		16.194101
5	96	4	0	28	6	16	11	6	8	82.94	0		16.194101
5	102	8	0	28	17	0	13	4	6	60.94	0		3.730744
5	94	3	0	28	12	23	9	6	5	27.23	0		9.026001
5	103	9	0	30	0	7	15	6	7	84.49	0		7.981485
5	106	10	0	28	6	24	7	6	6	46.98	0		5.634454
4	69	1	0	9	0	26	10	4	3	30.32	1		3.978754
5	98	5	0	26	21	7	11	3	7	38.45	0		2.971555
5	97	5	0	24	21	14	11	3	7	38.45	0		2.971555
5	93	2	0	28	0	14	10	5	7	36.16	1		1.337100
4	80	6	0	39	6	0	17	5	8	82.50	0		9.892342
4	79	6	0	39	6	8	17	5	8	82.50	0		9.892342
4	89	9	0	39	6	16	15	6	7	84.49	0		7.981485
4	88	9	0	39	6	23	15	6	7	84.49	0		7.981485
4	78	4	0	45	0	0	11	6	8	82.94	0		16.194101
4	76	3	0	38	0	14	9	6	5	27.23	0		9.026001
4	86	8	0	37	21	0	13	4	6	60.94	0		3.730744
4	87	8	0	37	21	6	13	4	6	60.94	0		3.730744
4	91	10	0	37	12	23	7	6	6	46.98	0		5.634454
4	77	3	0	38	0	19	9	6	5	27.23	0		9.026001
4	85	8	0	37	21	12	13	4	6	60.94	0		3.730744
5	105	10	0	45	12	0	7	6	6	46.98	0		5.634454
4	73	3	0	38	0	24	9	6	5	27.23	0		9.026001
4	72	3	0	45	12	6	9	6	5	27.23	0		9.026001
4	92	10	0	45	0	8	7	6	6	46.98	0		5.634454
4	90	10	0	45	12	11	7	6	6	46.98	0		5.634454
4	74	3	0	43	12	17	9	6	5	27.23	0		9.026001
4	83	7	0	24	21	21	9	4	6	22.59	0		4.899972
4	84	7	0	37	21	18	9	4	6	22.59	0		4.899972
4	82	7	0	37	21	24	9	4	6	22.59	0		4.899972
4	81	7	0	50	21	0	9	4	6	22.59	0		4.899972
4	71	2	1	54	11	0	10	5	7	36.16	1		1.337100
4	70	1	0	11	21	25	10	4	3	30.32	1		3.978754
5	101	7	0	28	17	6	9	4	6	22.59	0		4.899972
4	68	1	0	24	21	27	10	4	3	30.32	1		3.978754
4	67	1	0	28	0	21	10	4	3	30.32	1		3.978754
4	66	1	0	50	21	6	10	4	3	30.32	1		3.978754


-------------------------------------------------------------------------------------------------------------------
Tour_Id:			2
No_of_Customers:		3
No_of_Items:			52
Customer_Sequence:		6 10 18 

CustId	Id	TypeId	Rotated	x	y	z	Length	Width	Height	mass	Fragility	LoadBearingStrength
18	348	6	0	0	0	0	17	5	8	82.50	0		9.892342
18	349	6	0	0	5	0	17	5	8	82.50	0		9.892342
18	358	9	0	0	10	0	15	6	7	84.49	0		7.981485
18	357	9	0	0	16	0	15	6	7	84.49	0		7.981485
18	343	4	0	0	10	7	11	6	8	82.94	0		16.194101
18	344	4	0	0	16	7	11	6	8	82.94	0		16.194101
18	356	8	0	0	0	8	13	4	6	60.94	0		3.730744
18	355	8	0	0	4	8	13	4	6	60.94	0		3.730744
18	342	3	0	0	0	14	9	6	5	27.23	0		9.026001
18	359	10	0	0	10	15	7	6	6	46.98	0		5.634454
18	347	5	0	0	22	0	11	3	7	38.45	0		2.971555
18	346	5	0	0	22	7	11	3	7	38.45	0		2.971555
18	345	5	0	0	22	14	11	3	7	38.45	0		2.971555
18	351	7	0	0	16	15	9	4	6	22.59	0		4.899972
18	352	7	0	0	0	19	9	4	6	22.59	0		4.899972
18	353	7	0	0	10	21	9	4	6	22.59	0		4.899972
18	354	7	0	0	14	21	9	4	6	22.59	0		4.899972
18	350	7	1	9	0	14	9	4	6	22.59	0		4.899972
18	341	1	0	0	0	25	10	4	3	30.32	1		3.978754
10	190	6	0	15	10	0	17	5	8	82.50	0		9.892342
10	189	6	0	15	15	0	17	5	8	82.50	0		9.892342
10	197	9	0	15	10	8	15	6	7	84.49	0		7.981485
10	196	8	1	11	10	7	13	4	6	60.94	0		3.730744
10	195	8	1	11	9	13	13	4	6	60.94	0		3.730744
10	183	3	0	15	10	15	9	6	5	27.23	0		9.026001
10	186	3	0	15	10	20	9	6	5	27.23	0		9.026001
10	185	3	0	15	10	25	9	6	5	27.23	0		9.026001
10	184	3	0	17	0	0	9	6	5	27.23	0		9.026001
10	198	10	0	17	0	5	7	6	6	46.98	0		5.634454
10	188	5	0	0	22	21	11	3	7	38.45	0		2.971555
10	187	5	1	10	0	20	11	3	7	38.45	0		2.971555
10	191	7	1	13	0	8	9	4	6	22.59	0		4.899972
10	192	7	1	13	0	14	9	4	6	22.59	0		4.899972
10	193	7	1	13	0	20	9	4	6	22.59	0		4.899972
10	194	7	0	15	20	0	9	4	6	22.59	0		4.899972
10	182	2	0	15	16	8	10	5	7	36.16	1		1.337100
6	116	4	0	26	0	0	11	6	8	82.94	0		16.194101
6	117	4	0	24	0	8	11	6	8	82.94	0		16.194101
6	119	8	0	17	6	0	13	4	6	60.94	0		3.730744
6	120	8	0	17	6	6	13	4	6	60.94	0		3.730744
6	111	3	0	24	0	16	9	6	5	27.23	0		9.026001
6	112	3	0	24	0	21	9	6	5	27.23	0		9.026001
6	113	3	0	32	10	0	9	6	5	27.23	0		9.026001
6	114	3	0	32	16	0	9	6	5	27.23	0		9.026001
6	115	3	0	32	10	5	9	6	5	27.23	0		9.026001
6	121	10	0	17	0	11	7	6	6	46.98	0		5.634454
6	122	10	0	17	0	17	7	6	6	46.98	0		5.634454
6	118	7	0	15	21	6	9	4	6	22.59	0		4.899972
6	110	2	0	15	16	15	10	5	7	36.16	1		1.337100
6	107	1	1	10	0	27	10	4	3	30.32	1		3.978754
6	108	1	0	15	21	12	10	4	3	30.32	1		3.978754
6	109	1	0	15	21	15	10	4	3	30.32	1		3.978754


-------------------------------------------------------------------------------------------------------------------
Tour_Id:			3
No_of_Customers:		4
No_of_Items:			79
Customer_Sequence:		2 9 19 15 

CustId	Id	TypeId	Rotated	x	y	z	Length	Width	Height	mass	Fragility	LoadBearingStrength
15	293	9	0	0	0	0	15	6	7	84.49	0		7.981485
15	292	8	0	0	6	0	13	4	6	60.94	0		3.730744
15	288	7	0	0	10	0	9	4	6	22.59	0		4.899972
15	290	8	0	0	14	0	13	4	6	60.94	0		3.730744
15	291	8	0	0	18	0	13	4	6	60.94	0		3.730744
15	282	3	0	0	6	6	9	6	5	27.23	0		9.026001
19	371	5	0	0	22	0	11	3	7	38.45	0		2.971555
15	295	10	0	0	12	6	7	6	6	46.98	0		5.634454
15	294	10	0	0	0	7	7	6	6	46.98	0		5.634454
15	284	5	0	0	18	6	11	3	7	38.45	0		2.971555
15	285	5	0	0	6	11	11	3	7	38.45	0		2.971555
15	286	5	0	0	9	11	11	3	7	38.45	0		2.971555
15	287	7	0	0	12	12	9	4	6	22.59	0		4.899972
15	289	8	0	0	6	18	13	4	6	60.94	0		3.730744
15	279	1	0	0	18	13	10	4	3	30.32	1		3.978754
15	281	1	0	0	18	16	10	4	3	30.32	1		3.978754
15	280	1	0	0	10	18	10	4	3	30.32	1		3.978754
19	374	6	0	13	6	0	17	5	8	82.50	0		9.892342
19	373	6	0	13	11	0	17	5	8	82.50	0		9.892342
19	376	9	0	13	16	0	15	6	7	84.49	0		7.981485
19	366	4	0	11	16	7	11	6	8	82.94	0		16.194101
19	367	4	0	11	16	15	11	6	8	82.94	0		16.194101
19	368	4	0	13	6	8	11	6	8	82.94	0		16.194101
19	375	8	0	0	6	24	13	4	6	60.94	0		3.730744
19	365	3	0	0	0	13	9	6	5	27.23	0		9.026001
19	378	10	0	0	0	18	7	6	6	46.98	0		5.634454
19	377	10	0	0	0	24	7	6	6	46.98	0		5.634454
19	369	5	0	0	22	7	11	3	7	38.45	0		2.971555
19	372	5	0	0	22	14	11	3	7	38.45	0		2.971555
15	283	3	0	7	0	7	9	6	5	27.23	0		9.026001
19	370	5	0	0	22	21	11	3	7	38.45	0		2.971555
19	364	2	0	0	10	21	10	5	7	36.16	1		1.337100
19	363	2	0	11	16	23	10	5	7	36.16	1		1.337100
19	360	1	0	0	18	19	10	4	3	30.32	1		3.978754
19	362	1	0	0	18	22	10	4	3	30.32	1		3.978754
19	361	1	0	0	18	25	10	4	3	30.32	1		3.978754
9	168	6	0	16	0	0	17	5	8	82.50	0		9.892342
9	177	9	0	16	0	8	15	6	7	84.49	0		7.981485
9	176	9	0	16	0	15	15	6	7	84.49	0		7.981485
9	175	9	0	16	0	22	15	6	7	84.49	0		7.981485
9	174	9	0	28	16	0	15	6	7	84.49	0		7.981485
9	173	9	0	22	16	7	15	6	7	84.49	0		7.981485
9	161	4	0	13	6	16	11	6	8	82.94	0		16.194101
9	162	4	0	22	16	14	11	6	8	82.94	0		16.194101
9	163	4	0	22	16	22	11	6	8	82.94	0		16.194101
9	164	4	0	30	6	0	11	6	8	82.94	0		16.194101
9	170	8	0	10	12	8	13	4	6	60.94	0		3.730744
9	171	8	0	10	12	14	13	4	6	60.94	0		3.730744
9	172	8	0	10	12	20	13	4	6	60.94	0		3.730744
9	160	3	0	13	6	24	9	6	5	27.23	0		9.026001
9	178	10	0	24	6	8	7	6	6	46.98	0		5.634454
9	179	10	0	24	6	14	7	6	6	46.98	0		5.634454
9	180	10	0	24	6	20	7	6	6	46.98	0		5.634454
9	181	10	0	31	6	8	7	6	6	46.98	0		5.634454
9	167	5	0	11	22	0	11	3	7	38.45	0		2.971555
9	166	5	0	11	22	7	11	3	7	38.45	0		2.971555
9	165	5	0	11	22	14	11	3	7	38.45	0		2.971555
9	169	7	0	23	12	8	9	4	6	22.59	0		4.899972
9	159	1	0	10	12	26	10	4	3	30.32	1		3.978754
2	35	6	0	33	0	0	17	5	8	82.50	0		9.892342
2	36	6	0	31	0	8	17	5	8	82.50	0		9.892342
2	37	6	0	31	0	16	17	5	8	82.50	0		9.892342
2	38	6	0	41	6	0	17	5	8	82.50	0		9.892342
2	43	9	0	38	5	8	15	6	7	84.49	0		7.981485
2	32	4	0	38	5	15	11	6	8	82.94	0		16.194101
2	39	8	0	31	0	24	13	4	6	60.94	0		3.730744
2	34	4	0	43	16	0	11	6	8	82.94	0		16.194101
2	42	8	0	32	12	0	13	4	6	60.94	0		3.730744
2	33	4	0	43	16	8	11	6	8	82.94	0		16.194101
2	40	8	0	32	12	6	13	4	6	60.94	0		3.730744
2	41	8	0	32	12	12	13	4	6	60.94	0		3.730744
2	30	3	0	38	5	23	9	6	5	27.23	0		9.026001
2	31	3	0	43	16	16	9	6	5	27.23	0		9.026001
2	45	10	0	31	6	14	7	6	6	46.98	0		5.634454
2	44	10	0	31	5	20	7	6	6	46.98	0		5.634454
2	29	2	0	43	16	21	10	5	7	36.16	1		1.337100
2	28	2	0	45	11	0	10	5	7	36.16	1		1.337100
2	27	1	0	22	6	26	10	4	3	30.32	1		3.978754
2	26	1	0	32	12	18	10	4	3	30.32	1		3.978754


-------------------------------------------------------------------------------------------------------------------
Tour_Id:			4
No_of_Customers:		4
No_of_Items:			83
Customer_Sequence:		11 17 20 13 

CustId	Id	TypeId	Rotated	x	y	z	Length	Width	Height	mass	Fragility	LoadBearingStrength
13	248	6	0	0	0	0	17	5	8	82.50	0		9.892342
13	247	6	0	0	5	0	17	5	8	82.50	0		9.892342
13	244	4	0	0	10	0	11	6	8	82.94	0		16.194101
13	238	2	0	0	16	0	10	5	7	36.16	1		1.337100
13	246	4	0	0	0	8	11	6	8	82.94	0		16.194101
13	251	8	0	0	21	0	13	4	6	60.94	0		3.730744
13	250	8	0	0	21	6	13	4	6	60.94	0		3.730744
13	240	3	0	0	6	8	9	6	5	27.23	0		9.026001
13	241	3	0	0	6	13	9	6	5	27.23	0		9.026001
13	242	3	0	0	0	16	9	6	5	27.23	0		9.026001
13	243	3	0	0	6	18	9	6	5	27.23	0		9.026001
13	252	10	0	0	0	21	7	6	6	46.98	0		5.634454
13	249	7	0	0	12	8	9	4	6	22.59	0		4.899972
13	239	2	0	0	16	7	10	5	7	36.16	1		1.337100
13	245	4	0	11	10	0	11	6	8	82.94	0		16.194101
13	237	1	0	0	21	12	10	4	3	30.32	1		3.978754
13	236	1	0	0	12	14	10	4	3	30.32	1		3.978754
20	393	6	0	10	16	0	17	5	8	82.50	0		9.892342
20	392	6	0	10	16	8	17	5	8	82.50	0		9.892342
17	320	4	0	9	6	8	11	6	8	82.94	0		16.194101
20	397	9	0	10	16	16	15	6	7	84.49	0		7.981485
20	396	9	0	10	16	23	15	6	7	84.49	0		7.981485
20	395	9	0	17	0	0	15	6	7	84.49	0		7.981485
20	385	4	0	17	0	7	11	6	8	82.94	0		16.194101
20	386	4	0	17	0	15	11	6	8	82.94	0		16.194101
20	387	4	0	22	10	0	11	6	8	82.94	0		16.194101
20	383	3	0	0	6	23	9	6	5	27.23	0		9.026001
20	384	3	0	17	0	23	9	6	5	27.23	0		9.026001
17	326	6	0	27	16	0	17	5	8	82.50	0		9.892342
20	399	10	0	32	0	0	7	6	6	46.98	0		5.634454
20	390	5	0	13	21	0	11	3	7	38.45	0		2.971555
20	391	5	0	13	21	7	11	3	7	38.45	0		2.971555
20	389	5	0	17	6	0	11	3	7	38.45	0		2.971555
20	388	5	0	24	21	0	11	3	7	38.45	0		2.971555
20	394	7	0	24	21	7	9	4	6	22.59	0		4.899972
20	379	1	0	0	16	14	10	4	3	30.32	1		3.978754
20	382	1	0	0	21	15	10	4	3	30.32	1		3.978754
20	381	1	0	0	12	17	10	4	3	30.32	1		3.978754
20	380	1	0	0	16	17	10	4	3	30.32	1		3.978754
17	327	6	0	27	16	8	17	5	8	82.50	0		9.892342
20	400	10	0	32	0	6	7	6	6	46.98	0		5.634454
17	337	9	0	25	16	16	15	6	7	84.49	0		7.981485
17	336	9	0	25	16	23	15	6	7	84.49	0		7.981485
17	335	9	0	33	10	0	15	6	7	84.49	0		7.981485
17	318	4	0	9	6	16	11	6	8	82.94	0		16.194101
17	319	4	0	22	10	8	11	6	8	82.94	0		16.194101
20	398	9	0	39	0	0	15	6	7	84.49	0		7.981485
17	321	4	0	22	10	16	11	6	8	82.94	0		16.194101
17	330	8	0	9	6	24	13	4	6	60.94	0		3.730744
17	325	5	0	10	12	8	11	3	7	38.45	0		2.971555
17	317	2	0	33	10	7	10	5	7	36.16	1		1.337100
17	332	8	0	22	10	24	13	4	6	60.94	0		3.730744
17	333	8	0	28	6	0	13	4	6	60.94	0		3.730744
17	334	8	0	28	6	6	13	4	6	60.94	0		3.730744
17	329	8	0	28	6	12	13	4	6	60.94	0		3.730744
17	339	10	0	32	0	12	7	6	6	46.98	0		5.634454
17	340	10	0	32	0	18	7	6	6	46.98	0		5.634454
17	338	10	0	32	0	24	7	6	6	46.98	0		5.634454
17	324	5	0	10	12	15	11	3	7	38.45	0		2.971555
17	323	5	0	10	12	22	11	3	7	38.45	0		2.971555
17	322	5	0	24	22	13	11	3	7	38.45	0		2.971555
17	328	7	0	28	6	18	9	4	6	22.59	0		4.899972
17	331	8	0	35	21	0	13	4	6	60.94	0		3.730744
17	316	2	0	33	10	14	10	5	7	36.16	1		1.337100
17	315	1	0	0	12	20	10	4	3	30.32	1		3.978754
17	314	1	0	0	12	23	10	4	3	30.32	1		3.978754
17	313	1	0	0	12	26	10	4	3	30.32	1		3.978754
11	206	6	0	39	0	7	17	5	8	82.50	0		9.892342
11	207	6	0	39	0	15	17	5	8	82.50	0		9.892342
11	213	9	0	39	0	23	15	6	7	84.49	0		7.981485
11	202	4	0	48	6	0	11	6	8	82.94	0		16.194101
11	203	4	0	48	12	0	11	6	8	82.94	0		16.194101
11	204	4	0	48	18	0	11	6	8	82.94	0		16.194101
11	209	8	1	48	12	8	13	4	6	60.94	0		3.730744
11	210	8	1	48	12	14	13	4	6	60.94	0		3.730744
11	211	8	1	48	12	20	13	4	6	60.94	0		3.730744
11	212	8	1	52	6	8	13	4	6	60.94	0		3.730744
11	214	10	0	52	19	8	7	6	6	46.98	0		5.634454
11	205	5	0	24	22	20	11	3	7	38.45	0		2.971555
11	208	7	0	28	6	24	9	4	6	22.59	0		4.899972
11	200	2	1	52	6	14	10	5	7	36.16	1		1.337100
11	201	2	1	52	6	21	10	5	7	36.16	1		1.337100
11	199	1	1	48	12	26	10	4	3	30.32	1		3.978754


-------------------------------------------------------------------------------------------------------------------
Tour_Id:			5
No_of_Customers:		4
No_of_Items:			91
Customer_Sequence:		12 7 1 14 

CustId	Id	TypeId	Rotated	x	y	z	Length	Width	Height	mass	Fragility	LoadBearingStrength
14	264	6	0	0	0	0	17	5	8	82.50	0		9.892342
14	263	6	0	0	5	0	17	5	8	82.50	0		9.892342
1	11	4	0	0	10	0	11	6	8	82.94	0		16.194101
14	259	6	0	0	16	0	17	5	8	82.50	0		9.892342
14	260	6	0	0	0	8	17	5	8	82.50	0		9.892342
14	261	6	0	0	5	8	17	5	8	82.50	0		9.892342
14	273	9	0	0	16	8	15	6	7	84.49	0		7.981485
14	272	9	0	0	16	15	15	6	7	84.49	0		7.981485
14	274	9	0	0	0	16	15	6	7	84.49	0		7.981485
14	258	4	0	0	16	22	11	6	8	82.94	0		16.194101
14	268	8	0	0	21	0	13	4	6	60.94	0		3.730744
14	269	8	0	0	6	16	13	4	6	60.94	0		3.730744
14	270	8	0	0	6	22	13	4	6	60.94	0		3.730744
14	271	8	0	0	0	23	13	4	6	60.94	0		3.730744
14	257	3	0	17	0	0	9	6	5	27.23	0		9.026001
14	256	3	0	17	16	0	9	6	5	27.23	0		9.026001
14	276	10	0	17	0	5	7	6	6	46.98	0		5.634454
14	275	10	0	17	16	5	7	6	6	46.98	0		5.634454
14	277	10	0	17	0	11	7	6	6	46.98	0		5.634454
14	278	10	0	17	16	11	7	6	6	46.98	0		5.634454
14	266	7	0	15	0	17	9	4	6	22.59	0		4.899972
14	267	7	0	13	0	23	9	4	6	22.59	0		4.899972
14	265	7	0	17	6	0	9	4	6	22.59	0		4.899972
14	255	2	0	26	0	0	10	5	7	36.16	1		1.337100
14	254	2	0	24	0	7	10	5	7	36.16	1		1.337100
14	253	1	0	17	6	6	10	4	3	30.32	1		3.978754
1	17	6	0	11	10	0	17	5	8	82.50	0		9.892342
1	16	6	0	0	10	8	17	5	8	82.50	0		9.892342
1	15	6	0	0	10	16	17	5	8	82.50	0		9.892342
1	23	9	0	26	16	0	15	6	7	84.49	0		7.981485
1	22	9	0	26	16	7	15	6	7	84.49	0		7.981485
1	10	4	0	17	10	8	11	6	8	82.94	0		16.194101
14	262	6	0	27	5	0	17	5	8	82.50	0		9.892342
1	12	4	0	17	10	16	11	6	8	82.94	0		16.194101
1	21	8	0	0	10	24	13	4	6	60.94	0		3.730744
1	20	8	0	13	10	24	13	4	6	60.94	0		3.730744
1	8	3	0	17	16	17	9	6	5	27.23	0		9.026001
1	9	3	0	11	16	22	9	6	5	27.23	0		9.026001
1	25	10	0	20	16	22	7	6	6	46.98	0		5.634454
1	2	1	0	17	6	9	10	4	3	30.32	1		3.978754
1	13	5	0	0	22	6	11	3	7	38.45	0		2.971555
1	14	5	0	0	22	13	11	3	7	38.45	0		2.971555
1	18	7	0	26	16	14	9	4	6	22.59	0		4.899972
1	19	7	0	27	5	8	9	4	6	22.59	0		4.899972
1	7	2	0	24	0	14	10	5	7	36.16	1		1.337100
1	6	2	0	24	0	21	10	5	7	36.16	1		1.337100
1	5	2	0	28	10	0	10	5	7	36.16	1		1.337100
1	4	2	0	28	10	7	10	5	7	36.16	1		1.337100
1	1	1	0	17	6	12	10	4	3	30.32	1		3.978754
1	3	1	0	17	6	15	10	4	3	30.32	1		3.978754
1	24	10	0	35	16	14	7	6	6	46.98	0		5.634454
7	133	6	0	36	0	0	17	5	8	82.50	0		9.892342
7	132	6	0	34	0	8	17	5	8	82.50	0		9.892342
7	140	9	0	34	0	16	15	6	7	84.49	0		7.981485
7	139	9	0	34	0	23	15	6	7	84.49	0		7.981485
7	130	4	0	38	10	0	11	6	8	82.94	0		16.194101
7	127	3	0	35	16	20	9	6	5	27.23	0		9.026001
7	128	3	0	35	16	25	9	6	5	27.23	0		9.026001
7	123	1	0	17	6	18	10	4	3	30.32	1		3.978754
7	141	10	0	38	6	8	7	6	6	46.98	0		5.634454
7	131	5	0	0	22	20	11	3	7	38.45	0		2.971555
7	134	7	0	27	6	14	9	4	6	22.59	0		4.899972
7	135	7	0	27	6	20	9	4	6	22.59	0		4.899972
7	136	7	0	36	6	14	9	4	6	22.59	0		4.899972
7	137	7	0	36	6	20	9	4	6	22.59	0		4.899972
7	138	7	0	38	12	8	9	4	6	22.59	0		4.899972
7	129	3	0	44	16	0	9	6	5	27.23	0		9.026001
7	125	1	0	17	6	21	10	4	3	30.32	1		3.978754
7	124	1	0	17	6	24	10	4	3	30.32	1		3.978754
7	126	2	0	28	10	14	10	5	7	36.16	1		1.337100
12	218	1	0	17	6	27	10	4	3	30.32	1		3.978754
12	233	9	1	53	0	0	15	6	7	84.49	0		7.981485
12	232	9	1	53	0	7	15	6	7	84.49	0		7.981485
12	231	9	1	53	0	14	15	6	7	84.49	0		7.981485
12	221	4	0	38	10	14	11	6	8	82.94	0		16.194101
12	220	3	0	38	10	22	9	6	5	27.23	0		9.026001
12	235	10	0	44	16	5	7	6	6	46.98	0		5.634454
12	234	10	0	44	16	11	7	6	6	46.98	0		5.634454
12	225	5	0	13	22	0	11	3	7	38.45	0		2.971555
12	224	5	0	11	22	7	11	3	7	38.45	0		2.971555
12	223	5	0	11	22	14	11	3	7	38.45	0		2.971555
12	222	5	0	11	22	21	11	3	7	38.45	0		2.971555
12	227	7	0	44	16	17	9	4	6	22.59	0		4.899972
12	228	7	0	44	16	23	9	4	6	22.59	0		4.899972
12	229	7	1	49	5	0	9	4	6	22.59	0		4.899972
12	230	7	1	49	5	6	9	4	6	22.59	0		4.899972
12	219	2	0	28	10	21	10	5	7	36.16	1		1.337100
12	215	1	0	27	6	26	10	4	3	30.32	1		3.978754
12	226	6	1	53	0	21	17	5	8	82.50	0		9.892342
12	217	1	0	37	6	26	10	4	3	30.32	1		3.978754
12	216	1	0	38	10	27	10	4	3	30.32	1		3.978754


