Name:				347_n020_m400_bt3
Problem:			3L-VRPTW
Number_of_used_Vehicles:	3
Total_Travel_Distance:		388.15
Calculation_Time:		3600.00
Total_Iterations:		1939
ConstraintSet:			P1

-------------------------------------------------------------------------------------------------------------------
Tour_Id:			1
No_of_Customers:		7
No_of_Items:			143
Customer_Sequence:		10 12 4 14 3 16 20 

CustId	Id	TypeId	Rotated	x	y	z	Length	Width	Height	mass	Fragility	LoadBearingStrength
20	400	3	0	0	0	0	14	7	4	146.04	0		7.445492
20	399	3	0	0	7	0	14	7	4	146.04	0		7.445492
20	398	3	0	0	14	0	14	7	4	146.04	0		7.445492
20	397	3	0	0	0	4	14	7	4	146.04	0		7.445492
20	396	3	0	0	7	4	14	7	4	146.04	0		7.445492
20	395	3	0	0	14	4	14	7	4	146.04	0		7.445492
20	394	3	0	0	0	8	14	7	4	146.04	0		7.445492
20	393	3	0	0	7	8	14	7	4	146.04	0		7.445492
20	381	1	0	0	21	0	16	4	4	66.52	0		3.842796
20	383	1	0	0	21	4	16	4	4	66.52	0		3.842796
20	382	1	0	0	14	8	16	4	4	66.52	0		3.842796
20	380	1	0	0	18	8	16	4	4	66.52	0		3.842796
20	389	2	0	0	22	8	6	2	3	14.10	1		1.986463
20	390	2	0	0	0	12	6	2	3	14.10	1		1.986463
20	391	2	0	0	22	11	6	2	3	14.10	1		1.986463
20	392	2	0	0	2	12	6	2	3	14.10	1		1.986463
20	388	2	0	0	4	12	6	2	3	14.10	1		1.986463
20	387	2	0	0	6	12	6	2	3	14.10	1		1.986463
20	386	2	0	0	8	12	6	2	3	14.10	1		1.986463
20	385	2	0	0	10	12	6	2	3	14.10	1		1.986463
20	384	2	0	0	12	12	6	2	3	14.10	1		1.986463
16	318	3	0	0	14	12	14	7	4	146.04	0		7.445492
16	317	3	0	0	14	16	14	7	4	146.04	0		7.445492
16	316	3	0	0	14	20	14	7	4	146.04	0		7.445492
16	315	3	0	0	14	24	14	7	4	146.04	0		7.445492
16	314	3	1	6	0	12	14	7	4	146.04	0		7.445492
16	313	3	1	6	0	16	14	7	4	146.04	0		7.445492
16	312	3	1	6	0	20	14	7	4	146.04	0		7.445492
16	311	3	1	6	0	24	14	7	4	146.04	0		7.445492
16	299	1	0	14	0	0	16	4	4	66.52	0		3.842796
16	304	1	0	14	4	0	16	4	4	66.52	0		3.842796
16	303	1	0	14	8	0	16	4	4	66.52	0		3.842796
16	302	1	0	14	0	4	16	4	4	66.52	0		3.842796
16	301	1	0	14	4	4	16	4	4	66.52	0		3.842796
16	300	1	0	14	8	4	16	4	4	66.52	0		3.842796
16	298	1	0	14	0	8	16	4	4	66.52	0		3.842796
16	307	2	0	0	22	14	6	2	3	14.10	1		1.986463
16	308	2	0	0	0	15	6	2	3	14.10	1		1.986463
16	309	2	0	0	2	15	6	2	3	14.10	1		1.986463
16	310	2	0	0	4	15	6	2	3	14.10	1		1.986463
16	306	2	0	0	6	15	6	2	3	14.10	1		1.986463
16	305	2	0	0	8	15	6	2	3	14.10	1		1.986463
3	61	3	0	14	4	8	14	7	4	146.04	0		7.445492
3	60	3	0	13	0	12	14	7	4	146.04	0		7.445492
3	59	3	0	13	0	16	14	7	4	146.04	0		7.445492
3	58	3	0	13	0	20	14	7	4	146.04	0		7.445492
3	57	3	0	13	0	24	14	7	4	146.04	0		7.445492
3	56	3	0	16	12	0	14	7	4	146.04	0		7.445492
3	55	3	0	16	12	4	14	7	4	146.04	0		7.445492
3	54	3	0	16	11	8	14	7	4	146.04	0		7.445492
3	53	3	0	13	7	12	14	7	4	146.04	0		7.445492
3	43	1	0	13	7	16	16	4	4	66.52	0		3.842796
3	49	1	0	13	7	20	16	4	4	66.52	0		3.842796
3	48	1	0	13	7	24	16	4	4	66.52	0		3.842796
3	47	1	0	14	14	12	16	4	4	66.52	0		3.842796
3	46	1	0	14	11	16	16	4	4	66.52	0		3.842796
3	45	1	0	14	15	16	16	4	4	66.52	0		3.842796
3	44	1	0	14	11	20	16	4	4	66.52	0		3.842796
3	42	1	0	14	15	20	16	4	4	66.52	0		3.842796
3	52	2	0	0	22	17	6	2	3	14.10	1		1.986463
3	51	2	0	0	22	20	6	2	3	14.10	1		1.986463
3	50	2	0	0	22	23	6	2	3	14.10	1		1.986463
14	280	3	0	14	11	24	14	7	4	146.04	0		7.445492
14	279	3	0	30	0	0	14	7	4	146.04	0		7.445492
14	278	3	0	30	7	0	14	7	4	146.04	0		7.445492
14	277	3	0	30	14	0	14	7	4	146.04	0		7.445492
14	276	3	0	30	0	4	14	7	4	146.04	0		7.445492
14	258	1	0	16	21	0	16	4	4	66.52	0		3.842796
14	264	1	0	16	21	4	16	4	4	66.52	0		3.842796
14	257	1	0	16	21	8	16	4	4	66.52	0		3.842796
14	259	1	0	16	21	12	16	4	4	66.52	0		3.842796
14	260	1	0	16	21	16	16	4	4	66.52	0		3.842796
14	261	1	0	16	21	20	16	4	4	66.52	0		3.842796
14	262	1	0	16	21	24	16	4	4	66.52	0		3.842796
14	263	1	0	30	7	4	16	4	4	66.52	0		3.842796
14	272	2	0	0	22	26	6	2	3	14.10	1		1.986463
14	275	2	0	6	22	8	6	2	3	14.10	1		1.986463
14	274	2	0	6	22	11	6	2	3	14.10	1		1.986463
14	273	2	0	6	22	14	6	2	3	14.10	1		1.986463
14	271	2	0	6	22	17	6	2	3	14.10	1		1.986463
14	270	2	0	6	22	20	6	2	3	14.10	1		1.986463
14	269	2	0	6	22	23	6	2	3	14.10	1		1.986463
14	268	2	0	6	22	26	6	2	3	14.10	1		1.986463
14	267	2	0	16	19	0	6	2	3	14.10	1		1.986463
14	266	2	0	16	19	3	6	2	3	14.10	1		1.986463
14	265	2	0	16	19	6	6	2	3	14.10	1		1.986463
4	81	3	0	30	11	4	14	7	4	146.04	0		7.445492
4	80	3	0	30	0	8	14	7	4	146.04	0		7.445492
4	79	3	0	27	0	12	14	7	4	146.04	0		7.445492
4	78	3	0	27	0	16	14	7	4	146.04	0		7.445492
4	77	3	0	27	0	20	14	7	4	146.04	0		7.445492
4	76	3	0	27	0	24	14	7	4	146.04	0		7.445492
4	75	3	0	30	7	8	14	7	4	146.04	0		7.445492
4	74	3	0	30	7	12	14	7	4	146.04	0		7.445492
4	73	3	0	30	7	16	14	7	4	146.04	0		7.445492
4	63	1	0	29	7	20	16	4	4	66.52	0		3.842796
4	67	1	0	29	7	24	16	4	4	66.52	0		3.842796
4	66	1	0	30	14	8	16	4	4	66.52	0		3.842796
4	65	1	0	30	14	12	16	4	4	66.52	0		3.842796
4	64	1	0	30	14	16	16	4	4	66.52	0		3.842796
4	62	1	0	30	11	20	16	4	4	66.52	0		3.842796
4	72	2	0	16	19	9	6	2	3	14.10	1		1.986463
10	198	3	0	44	0	0	14	7	4	146.04	0		7.445492
4	70	2	0	14	19	12	6	2	3	14.10	1		1.986463
4	69	2	0	14	19	15	6	2	3	14.10	1		1.986463
4	68	2	0	14	19	18	6	2	3	14.10	1		1.986463
12	239	3	0	46	7	0	14	7	4	146.04	0		7.445492
12	238	3	0	46	14	0	14	7	4	146.04	0		7.445492
12	237	3	0	46	7	4	14	7	4	146.04	0		7.445492
12	236	3	0	46	14	4	14	7	4	146.04	0		7.445492
12	235	3	0	46	7	8	14	7	4	146.04	0		7.445492
12	234	3	0	46	14	8	14	7	4	146.04	0		7.445492
12	222	1	0	28	11	24	16	4	4	66.52	0		3.842796
12	226	1	0	30	15	20	16	4	4	66.52	0		3.842796
12	225	1	0	28	15	24	16	4	4	66.52	0		3.842796
12	224	1	0	32	21	0	16	4	4	66.52	0		3.842796
12	223	1	0	32	21	4	16	4	4	66.52	0		3.842796
12	221	1	0	32	21	8	16	4	4	66.52	0		3.842796
12	228	2	0	14	19	21	6	2	3	14.10	1		1.986463
12	229	2	0	14	18	24	6	2	3	14.10	1		1.986463
12	230	2	0	14	18	27	6	2	3	14.10	1		1.986463
12	231	2	0	30	18	4	6	2	3	14.10	1		1.986463
12	232	2	0	30	18	7	6	2	3	14.10	1		1.986463
12	233	2	0	30	18	10	6	2	3	14.10	1		1.986463
12	227	2	0	30	18	13	6	2	3	14.10	1		1.986463
10	191	3	0	44	0	4	14	7	4	146.04	0		7.445492
10	199	3	0	44	0	8	14	7	4	146.04	0		7.445492
4	71	2	1	41	0	12	6	2	3	14.10	1		1.986463
10	197	3	0	43	0	12	14	7	4	146.04	0		7.445492
10	196	3	0	41	0	16	14	7	4	146.04	0		7.445492
10	195	3	0	41	0	20	14	7	4	146.04	0		7.445492
10	194	3	0	41	0	24	14	7	4	146.04	0		7.445492
10	193	3	0	46	7	12	14	7	4	146.04	0		7.445492
10	192	3	0	46	14	12	14	7	4	146.04	0		7.445492
10	182	1	0	32	21	12	16	4	4	66.52	0		3.842796
10	185	1	0	32	20	16	16	4	4	66.52	0		3.842796
10	184	1	0	32	19	20	16	4	4	66.52	0		3.842796
10	183	1	0	32	19	24	16	4	4	66.52	0		3.842796
10	190	2	1	44	11	24	6	2	3	14.10	1		1.986463
10	189	2	1	44	11	27	6	2	3	14.10	1		1.986463
10	188	2	0	45	7	16	6	2	3	14.10	1		1.986463
10	187	2	0	45	9	16	6	2	3	14.10	1		1.986463
10	186	2	0	45	7	19	6	2	3	14.10	1		1.986463


-------------------------------------------------------------------------------------------------------------------
Tour_Id:			2
No_of_Customers:		7
No_of_Items:			139
Customer_Sequence:		2 18 11 19 15 6 5 

CustId	Id	TypeId	Rotated	x	y	z	Length	Width	Height	mass	Fragility	LoadBearingStrength
5	103	3	0	0	0	0	14	7	4	146.04	0		7.445492
5	102	3	0	0	7	0	14	7	4	146.04	0		7.445492
5	101	3	0	0	14	0	14	7	4	146.04	0		7.445492
5	100	3	0	0	0	4	14	7	4	146.04	0		7.445492
5	99	3	0	0	7	4	14	7	4	146.04	0		7.445492
5	98	3	0	0	14	4	14	7	4	146.04	0		7.445492
5	97	3	0	0	0	8	14	7	4	146.04	0		7.445492
5	96	3	0	0	7	8	14	7	4	146.04	0		7.445492
5	95	3	0	0	14	8	14	7	4	146.04	0		7.445492
5	94	3	0	0	0	12	14	7	4	146.04	0		7.445492
15	296	3	0	0	7	12	14	7	4	146.04	0		7.445492
5	85	1	0	0	21	0	16	4	4	66.52	0		3.842796
5	84	1	0	0	21	4	16	4	4	66.52	0		3.842796
5	82	1	0	0	21	8	16	4	4	66.52	0		3.842796
5	93	2	0	0	14	12	6	2	3	14.10	1		1.986463
5	92	2	0	0	16	12	6	2	3	14.10	1		1.986463
5	91	2	0	0	18	12	6	2	3	14.10	1		1.986463
5	90	2	0	0	20	12	6	2	3	14.10	1		1.986463
5	89	2	0	0	22	12	6	2	3	14.10	1		1.986463
6	114	3	0	0	0	16	14	7	4	146.04	0		7.445492
5	87	2	0	0	14	15	6	2	3	14.10	1		1.986463
5	86	2	0	0	16	15	6	2	3	14.10	1		1.986463
5	88	2	0	0	18	15	6	2	3	14.10	1		1.986463
6	123	3	0	0	0	20	14	7	4	146.04	0		7.445492
6	122	3	0	0	0	24	14	7	4	146.04	0		7.445492
6	121	3	0	14	0	0	14	7	4	146.04	0		7.445492
6	120	3	0	14	7	0	14	7	4	146.04	0		7.445492
19	370	2	0	0	20	15	6	2	3	14.10	1		1.986463
6	118	3	0	14	14	0	14	7	4	146.04	0		7.445492
6	117	3	0	14	0	4	14	7	4	146.04	0		7.445492
6	116	3	0	14	7	4	14	7	4	146.04	0		7.445492
6	115	3	0	14	14	4	14	7	4	146.04	0		7.445492
6	113	3	0	14	0	8	14	7	4	146.04	0		7.445492
6	104	1	0	14	7	8	16	4	4	66.52	0		3.842796
6	106	1	0	14	11	8	16	4	4	66.52	0		3.842796
6	105	1	0	14	15	8	16	4	4	66.52	0		3.842796
6	112	2	0	0	22	15	6	2	3	14.10	1		1.986463
6	111	2	0	0	14	18	6	2	3	14.10	1		1.986463
6	110	2	0	0	16	18	6	2	3	14.10	1		1.986463
6	109	2	0	0	18	18	6	2	3	14.10	1		1.986463
15	295	3	0	0	7	16	14	7	4	146.04	0		7.445492
6	107	2	0	0	22	18	6	2	3	14.10	1		1.986463
15	297	3	0	0	7	20	14	7	4	146.04	0		7.445492
5	83	1	0	16	21	0	16	4	4	66.52	0		3.842796
6	108	2	0	0	14	21	6	2	3	14.10	1		1.986463
15	294	3	0	0	7	24	14	7	4	146.04	0		7.445492
15	293	3	0	14	0	12	14	7	4	146.04	0		7.445492
15	292	3	0	14	7	12	14	7	4	146.04	0		7.445492
15	291	3	0	14	0	16	14	7	4	146.04	0		7.445492
15	282	1	0	6	14	12	16	4	4	66.52	0		3.842796
11	216	3	0	14	7	16	14	7	4	146.04	0		7.445492
15	284	1	0	6	14	16	16	4	4	66.52	0		3.842796
15	283	1	0	6	14	20	16	4	4	66.52	0		3.842796
15	281	1	0	6	14	24	16	4	4	66.52	0		3.842796
15	289	2	0	0	16	21	6	2	3	14.10	1		1.986463
15	290	2	0	0	18	21	6	2	3	14.10	1		1.986463
15	288	2	0	0	22	21	6	2	3	14.10	1		1.986463
15	287	2	0	0	14	24	6	2	3	14.10	1		1.986463
15	286	2	0	0	16	24	6	2	3	14.10	1		1.986463
19	379	3	0	14	0	20	14	7	4	146.04	0		7.445492
19	378	3	0	14	0	24	14	7	4	146.04	0		7.445492
19	377	3	0	28	0	0	14	7	4	146.04	0		7.445492
19	376	3	0	28	0	4	14	7	4	146.04	0		7.445492
19	375	3	0	28	0	8	14	7	4	146.04	0		7.445492
19	374	3	0	28	0	12	14	7	4	146.04	0		7.445492
19	373	3	0	28	0	16	14	7	4	146.04	0		7.445492
19	362	1	0	16	21	4	16	4	4	66.52	0		3.842796
19	367	1	0	16	19	8	16	4	4	66.52	0		3.842796
19	366	1	0	6	18	12	16	4	4	66.52	0		3.842796
19	365	1	0	6	18	16	16	4	4	66.52	0		3.842796
19	364	1	0	6	18	20	16	4	4	66.52	0		3.842796
19	363	1	0	6	18	24	16	4	4	66.52	0		3.842796
19	361	1	0	28	0	20	16	4	4	66.52	0		3.842796
19	369	2	0	0	20	18	6	2	3	14.10	1		1.986463
6	119	3	0	28	7	0	14	7	4	146.04	0		7.445492
19	371	2	0	0	20	21	6	2	3	14.10	1		1.986463
19	372	2	0	0	18	24	6	2	3	14.10	1		1.986463
19	368	2	0	0	20	24	6	2	3	14.10	1		1.986463
11	220	3	0	14	7	20	14	7	4	146.04	0		7.445492
11	219	3	0	14	7	24	14	7	4	146.04	0		7.445492
11	218	3	0	30	7	4	14	7	4	146.04	0		7.445492
11	217	3	0	30	7	8	14	7	4	146.04	0		7.445492
15	285	1	0	30	14	0	16	4	4	66.52	0		3.842796
11	215	3	0	28	7	12	14	7	4	146.04	0		7.445492
11	214	3	0	28	7	16	14	7	4	146.04	0		7.445492
11	213	3	0	28	4	20	14	7	4	146.04	0		7.445492
11	201	1	0	28	0	24	16	4	4	66.52	0		3.842796
11	204	1	0	28	4	24	16	4	4	66.52	0		3.842796
11	203	1	0	30	14	4	16	4	4	66.52	0		3.842796
11	202	1	0	30	14	8	16	4	4	66.52	0		3.842796
11	200	1	0	22	14	12	16	4	4	66.52	0		3.842796
11	209	2	0	0	22	24	6	2	3	14.10	1		1.986463
11	210	2	0	0	22	27	6	2	3	14.10	1		1.986463
11	211	2	0	6	22	12	6	2	3	14.10	1		1.986463
11	212	2	0	6	22	15	6	2	3	14.10	1		1.986463
11	208	2	0	6	22	18	6	2	3	14.10	1		1.986463
11	207	2	0	6	22	21	6	2	3	14.10	1		1.986463
11	206	2	0	6	22	24	6	2	3	14.10	1		1.986463
11	205	2	0	6	22	27	6	2	3	14.10	1		1.986463
18	360	3	0	44	0	0	14	7	4	146.04	0		7.445492
18	359	3	0	44	7	0	14	7	4	146.04	0		7.445492
18	358	3	0	44	0	4	14	7	4	146.04	0		7.445492
18	357	3	0	44	7	4	14	7	4	146.04	0		7.445492
18	356	3	0	44	0	8	14	7	4	146.04	0		7.445492
18	341	1	0	22	14	16	16	4	4	66.52	0		3.842796
18	355	3	0	28	11	20	14	7	4	146.04	0		7.445492
18	345	1	0	28	8	24	16	4	4	66.52	0		3.842796
18	344	1	0	28	12	24	16	4	4	66.52	0		3.842796
18	343	1	0	32	18	0	16	4	4	66.52	0		3.842796
18	342	1	0	32	18	4	16	4	4	66.52	0		3.842796
18	340	1	0	32	18	8	16	4	4	66.52	0		3.842796
18	347	2	0	12	22	12	6	2	3	14.10	1		1.986463
18	348	2	0	12	22	15	6	2	3	14.10	1		1.986463
18	349	2	0	12	22	18	6	2	3	14.10	1		1.986463
18	350	2	0	12	22	21	6	2	3	14.10	1		1.986463
2	36	3	0	44	7	8	14	7	4	146.04	0		7.445492
18	352	2	0	12	22	24	6	2	3	14.10	1		1.986463
18	353	2	0	12	22	27	6	2	3	14.10	1		1.986463
18	354	2	0	16	23	8	6	2	3	14.10	1		1.986463
18	346	2	0	22	23	8	6	2	3	14.10	1		1.986463
2	41	3	0	44	0	12	14	7	4	146.04	0		7.445492
2	40	3	0	44	7	12	14	7	4	146.04	0		7.445492
2	39	3	0	44	0	16	14	7	4	146.04	0		7.445492
2	38	3	0	44	7	16	14	7	4	146.04	0		7.445492
2	37	3	0	44	0	20	14	7	4	146.04	0		7.445492
18	351	2	0	22	18	12	6	2	3	14.10	1		1.986463
2	35	3	0	44	7	20	14	7	4	146.04	0		7.445492
2	24	1	0	28	18	12	16	4	4	66.52	0		3.842796
2	27	1	0	28	18	16	16	4	4	66.52	0		3.842796
2	26	1	0	28	18	20	16	4	4	66.52	0		3.842796
2	25	1	0	28	16	24	16	4	4	66.52	0		3.842796
2	23	1	0	44	0	24	16	4	4	66.52	0		3.842796
2	31	2	0	18	23	11	6	2	3	14.10	1		1.986463
2	32	2	0	18	23	14	6	2	3	14.10	1		1.986463
2	33	2	0	18	23	17	6	2	3	14.10	1		1.986463
2	34	2	0	18	23	20	6	2	3	14.10	1		1.986463
2	30	2	0	18	23	23	6	2	3	14.10	1		1.986463
2	29	2	0	18	23	26	6	2	3	14.10	1		1.986463
2	28	2	0	22	20	12	6	2	3	14.10	1		1.986463


-------------------------------------------------------------------------------------------------------------------
Tour_Id:			3
No_of_Customers:		6
No_of_Items:			118
Customer_Sequence:		13 9 7 17 1 8 

CustId	Id	TypeId	Rotated	x	y	z	Length	Width	Height	mass	Fragility	LoadBearingStrength
8	152	3	0	0	0	0	14	7	4	146.04	0		7.445492
8	161	3	0	0	7	0	14	7	4	146.04	0		7.445492
8	160	3	0	0	14	0	14	7	4	146.04	0		7.445492
8	159	3	0	0	0	4	14	7	4	146.04	0		7.445492
8	158	3	0	0	7	4	14	7	4	146.04	0		7.445492
8	157	3	0	0	14	4	14	7	4	146.04	0		7.445492
8	156	3	0	0	0	8	14	7	4	146.04	0		7.445492
8	155	3	0	0	7	8	14	7	4	146.04	0		7.445492
8	154	3	0	0	14	8	14	7	4	146.04	0		7.445492
8	153	3	0	0	0	12	14	7	4	146.04	0		7.445492
8	143	1	0	0	21	0	16	4	4	66.52	0		3.842796
8	147	1	0	0	21	4	16	4	4	66.52	0		3.842796
8	146	1	0	0	21	8	16	4	4	66.52	0		3.842796
8	145	1	0	0	7	12	16	4	4	66.52	0		3.842796
8	144	1	0	0	11	12	16	4	4	66.52	0		3.842796
8	151	2	0	0	15	12	6	2	3	14.10	1		1.986463
8	150	2	0	0	17	12	6	2	3	14.10	1		1.986463
8	149	2	0	0	19	12	6	2	3	14.10	1		1.986463
8	148	2	0	0	21	12	6	2	3	14.10	1		1.986463
1	22	3	0	0	0	16	14	7	4	146.04	0		7.445492
1	21	3	0	0	7	16	14	7	4	146.04	0		7.445492
1	20	3	0	0	0	20	14	7	4	146.04	0		7.445492
7	132	2	0	0	23	12	6	2	3	14.10	1		1.986463
1	18	3	0	0	7	20	14	7	4	146.04	0		7.445492
1	17	3	0	0	0	24	14	7	4	146.04	0		7.445492
1	16	3	0	0	7	24	14	7	4	146.04	0		7.445492
1	15	3	0	14	0	0	14	7	4	146.04	0		7.445492
1	14	3	0	14	0	4	14	7	4	146.04	0		7.445492
1	2	1	0	14	0	8	16	4	4	66.52	0		3.842796
17	330	2	0	0	15	15	6	2	3	14.10	1		1.986463
1	6	1	0	14	0	12	16	4	4	66.52	0		3.842796
1	5	1	0	14	0	16	16	4	4	66.52	0		3.842796
1	4	1	0	14	0	20	16	4	4	66.52	0		3.842796
1	3	1	0	14	0	24	16	4	4	66.52	0		3.842796
1	1	1	0	16	7	0	16	4	4	66.52	0		3.842796
1	11	2	0	0	17	15	6	2	3	14.10	1		1.986463
1	12	2	0	0	19	15	6	2	3	14.10	1		1.986463
1	13	2	0	0	21	15	6	2	3	14.10	1		1.986463
1	10	2	0	0	17	18	6	2	3	14.10	1		1.986463
1	9	2	0	0	19	18	6	2	3	14.10	1		1.986463
1	8	2	0	0	21	18	6	2	3	14.10	1		1.986463
17	339	3	0	16	11	0	14	7	4	146.04	0		7.445492
17	338	3	0	16	18	0	14	7	4	146.04	0		7.445492
17	337	3	0	16	7	4	14	7	4	146.04	0		7.445492
17	336	3	0	16	14	4	14	7	4	146.04	0		7.445492
13	246	2	0	0	23	15	6	2	3	14.10	1		1.986463
17	334	3	0	16	4	8	14	7	4	146.04	0		7.445492
17	333	3	0	16	11	8	14	7	4	146.04	0		7.445492
17	332	3	0	16	4	12	14	7	4	146.04	0		7.445492
17	320	1	0	6	15	12	16	4	4	66.52	0		3.842796
17	326	1	0	6	14	16	16	4	4	66.52	0		3.842796
17	325	1	0	6	14	20	16	4	4	66.52	0		3.842796
7	133	2	0	0	18	21	6	2	3	14.10	1		1.986463
17	323	1	0	6	14	24	16	4	4	66.52	0		3.842796
17	322	1	0	14	4	16	16	4	4	66.52	0		3.842796
17	321	1	0	14	8	16	16	4	4	66.52	0		3.842796
17	319	1	0	14	4	20	16	4	4	66.52	0		3.842796
17	328	2	0	0	15	18	6	2	3	14.10	1		1.986463
17	329	2	0	0	15	21	6	2	3	14.10	1		1.986463
1	7	1	0	28	0	0	16	4	4	66.52	0		3.842796
17	331	2	0	0	20	21	6	2	3	14.10	1		1.986463
17	327	2	0	0	15	24	6	2	3	14.10	1		1.986463
7	142	3	0	30	11	0	14	7	4	146.04	0		7.445492
7	141	3	0	30	18	0	14	7	4	146.04	0		7.445492
7	140	3	1	30	7	4	14	7	4	146.04	0		7.445492
7	131	2	0	0	18	24	6	2	3	14.10	1		1.986463
7	138	3	1	30	4	8	14	7	4	146.04	0		7.445492
7	125	1	0	14	8	20	16	4	4	66.52	0		3.842796
7	129	1	0	14	4	24	16	4	4	66.52	0		3.842796
7	128	1	0	14	8	24	16	4	4	66.52	0		3.842796
7	127	1	0	16	21	4	16	4	4	66.52	0		3.842796
9	171	2	0	0	20	24	6	2	3	14.10	1		1.986463
7	134	2	0	0	18	27	6	2	3	14.10	1		1.986463
7	130	2	0	6	19	12	6	2	3	14.10	1		1.986463
7	139	3	0	22	12	12	14	7	4	146.04	0		7.445492
7	137	2	0	6	21	12	6	2	3	14.10	1		1.986463
17	324	1	0	30	0	4	16	4	4	66.52	0		3.842796
7	124	1	0	16	19	8	16	4	4	66.52	0		3.842796
7	135	2	0	6	23	12	6	2	3	14.10	1		1.986463
7	136	2	0	6	19	15	6	2	3	14.10	1		1.986463
1	19	3	0	44	0	0	14	7	4	146.04	0		7.445492
9	181	3	0	22	12	16	14	7	4	146.04	0		7.445492
9	180	3	0	22	12	20	14	7	4	146.04	0		7.445492
9	179	3	0	22	12	24	14	7	4	146.04	0		7.445492
9	178	3	0	44	7	0	14	7	4	146.04	0		7.445492
9	177	3	0	44	14	0	14	7	4	146.04	0		7.445492
9	176	3	0	44	7	4	14	7	4	146.04	0		7.445492
9	175	3	0	37	14	4	14	7	4	146.04	0		7.445492
9	163	1	0	12	19	12	16	4	4	66.52	0		3.842796
9	166	1	0	12	19	16	16	4	4	66.52	0		3.842796
9	165	1	0	12	19	20	16	4	4	66.52	0		3.842796
9	172	2	0	0	20	27	6	2	3	14.10	1		1.986463
9	162	1	0	12	19	24	16	4	4	66.52	0		3.842796
9	170	2	0	6	21	15	6	2	3	14.10	1		1.986463
13	252	3	0	37	14	8	14	7	4	146.04	0		7.445492
13	253	3	0	36	14	12	14	7	4	146.04	0		7.445492
9	173	2	0	6	19	18	6	2	3	14.10	1		1.986463
9	174	2	0	6	21	18	6	2	3	14.10	1		1.986463
13	256	3	0	36	14	16	14	7	4	146.04	0		7.445492
9	168	2	0	6	19	21	6	2	3	14.10	1		1.986463
9	167	2	0	6	21	21	6	2	3	14.10	1		1.986463
9	169	2	0	6	19	24	6	2	3	14.10	1		1.986463
13	255	3	0	36	14	20	14	7	4	146.04	0		7.445492
13	254	3	0	36	14	24	14	7	4	146.04	0		7.445492
9	164	1	0	30	0	8	16	4	4	66.52	0		3.842796
13	250	3	0	30	0	12	14	7	4	146.04	0		7.445492
13	251	3	0	30	0	16	14	7	4	146.04	0		7.445492
7	126	1	0	32	21	4	16	4	4	66.52	0		3.842796
13	245	1	0	30	0	20	16	4	4	66.52	0		3.842796
13	241	1	0	30	0	24	16	4	4	66.52	0		3.842796
13	249	3	0	44	7	8	14	7	4	146.04	0		7.445492
13	244	1	0	32	21	8	16	4	4	66.52	0		3.842796
13	243	1	0	28	21	12	16	4	4	66.52	0		3.842796
13	242	1	0	28	21	16	16	4	4	66.52	0		3.842796
13	240	1	0	28	21	20	16	4	4	66.52	0		3.842796
13	248	2	0	0	23	18	6	2	3	14.10	1		1.986463
13	247	2	0	0	23	21	6	2	3	14.10	1		1.986463
17	335	3	0	46	0	4	14	7	4	146.04	0		7.445492


