Name:				351_n020_m400_bt10
Problem:			3L-VRPTW
Number_of_used_Vehicles:	4
Total_Travel_Distance:		396.86
Calculation_Time:		3600.00
Total_Iterations:		87
ConstraintSet:			P1

-------------------------------------------------------------------------------------------------------------------
Tour_Id:			1
No_of_Customers:		6
No_of_Items:			118
Customer_Sequence:		1 16 10 8 4 19 

CustId	Id	TypeId	Rotated	x	y	z	Length	Width	Height	mass	Fragility	LoadBearingStrength
19	360	2	0	0	0	0	17	4	8	45.43	0		5.792571
19	361	2	0	0	4	0	17	4	8	45.43	0		5.792571
19	362	2	0	0	8	0	17	4	8	45.43	0		5.792571
19	363	2	0	0	12	0	17	4	8	45.43	0		5.792571
19	364	2	0	0	16	0	17	4	8	45.43	0		5.792571
19	369	6	0	0	0	8	12	7	6	48.22	0		6.897513
19	359	1	0	0	7	8	12	6	7	35.74	0		1.428933
19	358	1	0	0	13	8	12	6	7	35.74	0		1.428933
19	375	9	0	0	20	0	15	4	4	37.59	0		20.537726
19	376	9	0	0	20	4	15	4	4	37.59	0		20.537726
19	377	9	0	0	19	8	15	4	4	37.59	0		20.537726
19	378	9	0	0	19	12	15	4	4	37.59	0		20.537726
19	379	10	0	0	0	14	9	3	7	18.66	0		4.056756
19	380	10	0	0	3	14	9	3	7	18.66	0		4.056756
19	370	7	0	0	7	15	9	3	6	14.05	0		2.095318
19	371	7	0	0	10	15	9	3	6	14.05	0		2.095318
19	372	7	0	0	13	15	9	3	6	14.05	0		2.095318
19	368	5	0	0	16	15	12	3	4	11.91	0		2.122379
19	365	3	0	0	19	16	6	4	5	19.33	0		17.116971
19	366	3	0	0	0	21	6	4	5	19.33	0		17.116971
19	373	8	1	0	4	21	10	5	6	38.74	1		1.147328
19	374	8	1	12	0	8	10	5	6	38.74	1		1.147328
19	367	4	0	0	16	19	15	2	3	11.40	1		0.718396
4	67	6	0	17	0	0	12	7	6	48.22	0		6.897513
4	66	6	0	17	7	0	12	7	6	48.22	0		6.897513
4	65	6	0	17	14	0	12	7	6	48.22	0		6.897513
4	64	6	0	17	0	6	12	7	6	48.22	0		6.897513
4	59	1	0	17	7	6	12	6	7	35.74	0		1.428933
4	58	1	0	17	13	6	12	6	7	35.74	0		1.428933
4	71	9	0	15	21	0	15	4	4	37.59	0		20.537726
4	72	9	0	15	21	4	15	4	4	37.59	0		20.537726
4	73	9	0	15	21	8	15	4	4	37.59	0		20.537726
4	74	9	0	15	21	12	15	4	4	37.59	0		20.537726
4	63	5	1	5	4	21	12	3	4	11.91	0		2.122379
4	60	3	0	0	19	21	6	4	5	19.33	0		17.116971
4	68	8	0	6	19	16	10	5	6	38.74	1		1.147328
4	69	8	0	6	16	22	10	5	6	38.74	1		1.147328
4	70	8	0	9	0	14	10	5	6	38.74	1		1.147328
4	62	4	0	17	19	6	15	2	3	11.40	1		0.718396
4	61	4	0	15	19	9	15	2	3	11.40	1		0.718396
8	135	2	0	29	0	0	17	4	8	45.43	0		5.792571
8	144	6	0	17	7	13	12	7	6	48.22	0		6.897513
8	143	6	0	17	7	19	12	7	6	48.22	0		6.897513
8	132	1	0	16	14	13	12	6	7	35.74	0		1.428933
8	133	1	0	16	14	20	12	6	7	35.74	0		1.428933
8	134	1	0	19	0	12	12	6	7	35.74	0		1.428933
8	131	1	0	19	0	19	12	6	7	35.74	0		1.428933
8	153	10	1	9	7	15	9	3	7	18.66	0		4.056756
8	152	10	1	9	7	22	9	3	7	18.66	0		4.056756
8	151	10	0	29	4	0	9	3	7	18.66	0		4.056756
8	150	10	0	29	7	0	9	3	7	18.66	0		4.056756
8	145	7	0	29	10	0	9	3	6	14.05	0		2.095318
8	146	7	0	29	13	0	9	3	6	14.05	0		2.095318
10	180	4	0	16	14	27	15	2	3	11.40	1		0.718396
8	142	5	1	5	4	25	12	3	4	11.91	0		2.122379
8	140	5	0	17	7	25	12	3	4	11.91	0		2.122379
8	136	3	0	17	10	25	6	4	5	19.33	0		17.116971
8	147	8	0	9	0	20	10	5	6	38.74	1		1.147328
8	148	8	0	29	10	6	10	5	6	38.74	1		1.147328
8	149	8	0	29	10	12	10	5	6	38.74	1		1.147328
8	139	4	0	0	0	26	15	2	3	11.40	1		0.718396
8	138	4	0	0	2	26	15	2	3	11.40	1		0.718396
8	137	4	0	15	0	26	15	2	3	11.40	1		0.718396
10	178	2	0	30	21	0	17	4	8	45.43	0		5.792571
10	179	2	0	30	21	8	17	4	8	45.43	0		5.792571
10	186	6	0	39	4	0	12	7	6	48.22	0		6.897513
10	177	1	0	39	11	0	12	6	7	35.74	0		1.428933
10	176	1	0	39	4	6	12	6	7	35.74	0		1.428933
10	191	9	0	16	20	16	15	4	4	37.59	0		20.537726
10	192	9	0	16	20	20	15	4	4	37.59	0		20.537726
10	193	10	0	29	6	7	9	3	7	18.66	0		4.056756
10	194	10	0	29	6	14	9	3	7	18.66	0		4.056756
10	195	10	0	29	6	21	9	3	7	18.66	0		4.056756
10	187	7	0	16	20	24	9	3	6	14.05	0		2.095318
16	308	7	0	31	0	8	9	3	6	14.05	0		2.095318
10	189	7	0	29	16	0	9	3	6	14.05	0		2.095318
10	183	5	0	39	17	0	12	3	4	11.91	0		2.122379
10	184	5	0	38	17	4	12	3	4	11.91	0		2.122379
10	185	5	0	38	17	8	12	3	4	11.91	0		2.122379
10	190	8	0	29	9	18	10	5	6	38.74	1		1.147328
8	141	5	0	46	0	0	12	3	4	11.91	0		2.122379
10	181	4	0	15	2	26	15	2	3	11.40	1		0.718396
10	182	4	0	12	4	26	15	2	3	11.40	1		0.718396
16	300	2	1	51	4	0	17	4	8	45.43	0		5.792571
16	307	6	0	39	3	13	12	7	6	48.22	0		6.897513
16	297	1	0	39	11	7	12	6	7	35.74	0		1.428933
16	312	10	0	31	0	14	9	3	7	18.66	0		4.056756
16	311	8	0	29	9	24	10	5	6	38.74	1		1.147328
16	298	1	0	39	10	14	12	6	7	35.74	0		1.428933
1	2	2	1	51	0	8	17	4	8	45.43	0		5.792571
16	309	7	0	31	0	21	9	3	6	14.05	0		2.095318
16	303	5	0	38	17	12	12	3	4	11.91	0		2.122379
1	18	10	0	38	17	16	9	3	7	18.66	0		4.056756
16	305	5	0	39	3	19	12	3	4	11.91	0		2.122379
16	306	5	0	39	6	19	12	3	4	11.91	0		2.122379
16	310	8	0	31	20	16	10	5	6	38.74	1		1.147328
16	299	1	0	38	3	23	12	6	7	35.74	0		1.428933
16	301	4	0	16	16	27	15	2	3	11.40	1		0.718396
16	302	4	0	16	18	27	15	2	3	11.40	1		0.718396
10	188	7	0	29	15	6	9	3	6	14.05	0		2.095318
1	1	2	1	51	0	16	17	4	8	45.43	0		5.792571
1	9	6	0	39	10	21	12	7	6	48.22	0		6.897513
1	19	10	0	38	17	23	9	3	7	18.66	0		4.056756
16	304	5	0	46	0	4	12	3	4	11.91	0		2.122379
1	17	10	0	40	0	8	9	3	7	18.66	0		4.056756
1	16	10	0	40	0	15	9	3	7	18.66	0		4.056756
1	10	7	0	40	0	22	9	3	6	14.05	0		2.095318
1	11	7	0	47	21	0	9	3	6	14.05	0		2.095318
1	12	7	0	47	21	6	9	3	6	14.05	0		2.095318
1	8	5	0	47	21	12	12	3	4	11.91	0		2.122379
1	7	5	0	47	21	16	12	3	4	11.91	0		2.122379
1	6	5	0	47	21	20	12	3	4	11.91	0		2.122379
1	13	8	0	31	20	22	10	5	6	38.74	1		1.147328
1	14	8	1	50	0	24	10	5	6	38.74	1		1.147328
1	15	8	1	55	3	0	10	5	6	38.74	1		1.147328
1	5	4	0	39	10	27	15	2	3	11.40	1		0.718396
1	4	4	0	39	12	27	15	2	3	11.40	1		0.718396
1	3	4	0	39	14	27	15	2	3	11.40	1		0.718396


-------------------------------------------------------------------------------------------------------------------
Tour_Id:			2
No_of_Customers:		6
No_of_Items:			119
Customer_Sequence:		20 6 13 11 14 15 

CustId	Id	TypeId	Rotated	x	y	z	Length	Width	Height	mass	Fragility	LoadBearingStrength
15	273	2	0	0	0	0	17	4	8	45.43	0		5.792571
11	207	6	0	0	4	0	12	7	6	48.22	0		6.897513
15	281	4	0	0	11	0	15	2	3	11.40	1		0.718396
15	276	2	0	0	13	0	17	4	8	45.43	0		5.792571
15	288	6	0	0	17	0	12	7	6	48.22	0		6.897513
15	287	6	0	0	17	6	12	7	6	48.22	0		6.897513
15	286	6	0	0	17	12	12	7	6	48.22	0		6.897513
15	285	6	0	0	17	18	12	7	6	48.22	0		6.897513
15	272	1	0	12	17	0	12	6	7	35.74	0		1.428933
15	294	9	0	0	0	8	15	4	4	37.59	0		20.537726
15	296	10	0	0	13	8	9	3	7	18.66	0		4.056756
15	295	10	0	0	0	12	9	3	7	18.66	0		4.056756
15	289	7	0	0	13	15	9	3	6	14.05	0		2.095318
15	290	7	0	0	0	19	9	3	6	14.05	0		2.095318
15	291	7	0	0	13	21	9	3	6	14.05	0		2.095318
15	292	7	0	0	17	24	9	3	6	14.05	0		2.095318
15	293	7	0	0	20	24	9	3	6	14.05	0		2.095318
15	284	5	0	0	0	25	12	3	4	11.91	0		2.122379
15	280	3	0	9	13	8	6	4	5	19.33	0		17.116971
15	279	3	0	9	0	12	6	4	5	19.33	0		17.116971
15	278	3	0	9	13	13	6	4	5	19.33	0		17.116971
15	277	3	0	9	0	17	6	4	5	19.33	0		17.116971
15	283	4	0	0	11	3	15	2	3	11.40	1		0.718396
15	282	4	0	0	11	6	15	2	3	11.40	1		0.718396
15	275	2	0	17	0	0	17	4	8	45.43	0		5.792571
14	259	2	0	15	0	8	17	4	8	45.43	0		5.792571
14	260	2	0	15	0	16	17	4	8	45.43	0		5.792571
14	268	6	0	12	17	7	12	7	6	48.22	0		6.897513
14	257	1	0	12	17	13	12	6	7	35.74	0		1.428933
14	258	1	0	12	17	20	12	6	7	35.74	0		1.428933
14	270	10	0	17	13	0	9	3	7	18.66	0		4.056756
14	271	10	0	17	13	7	9	3	7	18.66	0		4.056756
11	206	6	0	0	4	6	12	7	6	48.22	0		6.897513
14	267	5	0	15	0	24	12	3	4	11.91	0		2.122379
14	261	3	0	9	13	18	6	4	5	19.33	0		17.116971
14	262	3	0	9	13	23	6	4	5	19.33	0		17.116971
14	263	3	0	17	13	14	6	4	5	19.33	0		17.116971
14	269	8	0	24	17	0	10	5	6	38.74	1		1.147328
11	203	5	0	0	4	12	12	3	4	11.91	0		2.122379
14	265	4	0	0	11	9	15	2	3	11.40	1		0.718396
11	197	2	0	12	4	0	17	4	8	45.43	0		5.792571
11	196	2	0	12	4	8	17	4	8	45.43	0		5.792571
15	274	2	0	34	0	0	17	4	8	45.43	0		5.792571
14	266	5	0	24	22	0	12	3	4	11.91	0		2.122379
11	210	9	0	0	4	16	15	4	4	37.59	0		20.537726
11	214	10	0	0	8	12	9	3	7	18.66	0		4.056756
11	213	10	0	0	8	19	9	3	7	18.66	0		4.056756
11	212	10	0	0	4	20	9	3	7	18.66	0		4.056756
11	211	10	0	12	8	0	9	3	7	18.66	0		4.056756
11	208	7	0	12	8	7	9	3	6	14.05	0		2.095318
11	205	5	0	0	8	26	12	3	4	11.91	0		2.122379
11	204	5	0	9	8	13	12	3	4	11.91	0		2.122379
14	264	4	0	0	11	12	15	2	3	11.40	1		0.718396
11	202	5	0	9	8	17	12	3	4	11.91	0		2.122379
11	199	3	0	9	4	20	6	4	5	19.33	0		17.116971
11	198	3	0	9	8	21	6	4	5	19.33	0		17.116971
11	209	8	0	21	8	0	10	5	6	38.74	1		1.147328
11	201	4	0	0	11	15	15	2	3	11.40	1		0.718396
11	200	4	0	12	17	27	15	2	3	11.40	1		0.718396
13	240	2	0	15	4	16	17	4	8	45.43	0		5.792571
13	241	2	0	26	13	0	17	4	8	45.43	0		5.792571
13	250	6	0	31	4	0	12	7	6	48.22	0		6.897513
13	249	6	0	31	4	6	12	7	6	48.22	0		6.897513
13	248	6	0	43	4	0	12	7	6	48.22	0		6.897513
13	238	1	0	43	11	0	12	6	7	35.74	0		1.428933
13	239	1	0	36	17	0	12	6	7	35.74	0		1.428933
13	237	1	0	36	17	7	12	6	7	35.74	0		1.428933
13	256	10	0	24	22	4	9	3	7	18.66	0		4.056756
13	255	10	0	24	22	11	9	3	7	18.66	0		4.056756
13	251	7	0	15	3	24	9	3	6	14.05	0		2.095318
13	252	7	0	24	22	18	9	3	6	14.05	0		2.095318
13	247	5	0	24	22	24	12	3	4	11.91	0		2.122379
13	244	3	0	9	3	25	6	4	5	19.33	0		17.116971
13	243	3	0	15	8	21	6	4	5	19.33	0		17.116971
13	242	3	0	17	13	19	6	4	5	19.33	0		17.116971
13	253	8	0	21	8	6	10	5	6	38.74	1		1.147328
13	254	8	0	21	8	12	10	5	6	38.74	1		1.147328
13	246	4	0	9	19	27	15	2	3	11.40	1		0.718396
13	245	4	0	9	21	27	15	2	3	11.40	1		0.718396
6	95	2	0	26	13	8	17	4	8	45.43	0		5.792571
6	100	6	0	36	17	14	12	7	6	48.22	0		6.897513
6	101	6	0	36	17	20	12	7	6	48.22	0		6.897513
6	94	1	0	43	4	6	12	6	7	35.74	0		1.428933
6	93	1	0	43	11	7	12	6	7	35.74	0		1.428933
6	108	9	0	23	13	16	15	4	4	37.59	0		20.537726
6	107	9	0	23	13	20	15	4	4	37.59	0		20.537726
6	106	9	0	17	13	24	15	4	4	37.59	0		20.537726
6	112	10	0	31	8	12	9	3	7	18.66	0		4.056756
6	111	10	0	31	8	19	9	3	7	18.66	0		4.056756
6	110	10	0	32	0	8	9	3	7	18.66	0		4.056756
6	109	10	0	32	0	15	9	3	7	18.66	0		4.056756
6	102	7	0	24	3	24	9	3	6	14.05	0		2.095318
6	99	5	0	12	8	26	12	3	4	11.91	0		2.122379
6	98	5	0	31	8	26	12	3	4	11.91	0		2.122379
6	96	3	0	32	13	24	6	4	5	19.33	0		17.116971
6	105	8	0	21	8	18	10	5	6	38.74	1		1.147328
6	104	8	0	33	3	12	10	5	6	38.74	1		1.147328
6	103	8	0	33	3	18	10	5	6	38.74	1		1.147328
6	97	4	0	15	6	24	15	2	3	11.40	1		0.718396
20	388	6	0	43	4	13	12	7	6	48.22	0		6.897513
20	389	6	0	43	4	19	12	7	6	48.22	0		6.897513
20	390	6	0	48	17	0	12	7	6	48.22	0		6.897513
20	382	1	0	43	11	14	12	6	7	35.74	0		1.428933
20	383	1	0	43	11	21	12	6	7	35.74	0		1.428933
20	381	1	0	48	17	6	12	6	7	35.74	0		1.428933
20	397	9	0	36	17	26	15	4	4	37.59	0		20.537726
20	396	9	0	43	4	25	15	4	4	37.59	0		20.537726
20	395	9	1	55	0	0	15	4	4	37.59	0		20.537726
20	400	10	0	32	0	22	9	3	7	18.66	0		4.056756
20	399	10	0	41	0	8	9	3	7	18.66	0		4.056756
20	398	10	0	41	0	15	9	3	7	18.66	0		4.056756
20	393	7	0	41	0	22	9	3	6	14.05	0		2.095318
20	392	7	0	48	17	13	9	3	6	14.05	0		2.095318
20	391	7	0	48	20	13	9	3	6	14.05	0		2.095318
20	387	5	0	36	21	26	12	3	4	11.91	0		2.122379
20	385	3	0	48	17	19	6	4	5	19.33	0		17.116971
20	384	3	1	54	17	19	6	4	5	19.33	0		17.116971
20	394	8	0	33	3	24	10	5	6	38.74	1		1.147328
20	386	4	0	15	6	27	15	2	3	11.40	1		0.718396


-------------------------------------------------------------------------------------------------------------------
Tour_Id:			3
No_of_Customers:		5
No_of_Items:			99
Customer_Sequence:		7 3 9 2 18 

CustId	Id	TypeId	Rotated	x	y	z	Length	Width	Height	mass	Fragility	LoadBearingStrength
18	339	2	0	0	0	0	17	4	8	45.43	0		5.792571
18	340	2	0	0	4	0	17	4	8	45.43	0		5.792571
18	347	6	0	0	8	0	12	7	6	48.22	0		6.897513
18	338	1	0	0	15	0	12	6	7	35.74	0		1.428933
18	357	10	0	0	21	0	9	3	7	18.66	0		4.056756
18	353	9	0	0	8	6	15	4	4	37.59	0		20.537726
18	337	1	0	0	15	7	12	6	7	35.74	0		1.428933
18	356	10	0	0	12	6	9	3	7	18.66	0		4.056756
18	355	10	0	0	21	7	9	3	7	18.66	0		4.056756
18	354	10	0	0	0	8	9	3	7	18.66	0		4.056756
18	349	7	0	0	3	8	9	3	6	14.05	0		2.095318
18	348	7	0	0	8	10	9	3	6	14.05	0		2.095318
18	346	5	0	0	12	13	12	3	4	11.91	0		2.122379
18	345	5	0	0	3	14	12	3	4	11.91	0		2.122379
18	344	5	0	0	15	14	12	3	4	11.91	0		2.122379
18	341	3	0	0	18	14	6	4	5	19.33	0		17.116971
18	343	3	0	0	8	16	6	4	5	19.33	0		17.116971
18	342	3	0	0	3	18	6	4	5	19.33	0		17.116971
18	350	8	0	12	12	0	10	5	6	38.74	1		1.147328
18	351	8	0	12	17	0	10	5	6	38.74	1		1.147328
18	352	8	0	12	12	6	10	5	6	38.74	1		1.147328
2	30	6	0	17	0	0	12	7	6	48.22	0		6.897513
2	21	1	0	17	0	6	12	6	7	35.74	0		1.428933
2	20	1	0	17	0	13	12	6	7	35.74	0		1.428933
2	35	9	0	15	8	0	15	4	4	37.59	0		20.537726
2	34	9	0	15	8	4	15	4	4	37.59	0		20.537726
2	36	10	0	0	0	15	9	3	7	18.66	0		4.056756
2	31	7	0	0	12	17	9	3	6	14.05	0		2.095318
2	28	5	0	0	15	18	12	3	4	11.91	0		2.122379
2	29	5	0	0	0	22	12	3	4	11.91	0		2.122379
2	22	3	0	0	18	19	6	4	5	19.33	0		17.116971
2	32	8	0	12	17	6	10	5	6	38.74	1		1.147328
2	33	8	0	12	12	12	10	5	6	38.74	1		1.147328
2	26	4	0	0	15	22	15	2	3	11.40	1		0.718396
2	27	4	0	0	15	25	15	2	3	11.40	1		0.718396
2	25	4	0	0	0	26	15	2	3	11.40	1		0.718396
2	24	4	0	9	22	0	15	2	3	11.40	1		0.718396
2	23	4	0	9	22	3	15	2	3	11.40	1		0.718396
9	160	2	0	15	8	8	17	4	8	45.43	0		5.792571
9	159	2	0	15	8	16	17	4	8	45.43	0		5.792571
9	165	6	0	17	0	20	12	7	6	48.22	0		6.897513
9	164	6	0	22	12	0	12	7	6	48.22	0		6.897513
9	155	1	0	22	12	6	12	6	7	35.74	0		1.428933
9	157	1	0	22	12	13	12	6	7	35.74	0		1.428933
9	158	1	0	22	12	20	12	6	7	35.74	0		1.428933
9	156	1	0	29	0	0	12	6	7	35.74	0		1.428933
9	154	1	0	29	0	7	12	6	7	35.74	0		1.428933
9	172	9	0	15	8	24	15	4	4	37.59	0		20.537726
3	49	6	0	29	0	14	12	7	6	48.22	0		6.897513
9	175	10	0	0	12	23	9	3	7	18.66	0		4.056756
9	174	10	0	22	19	0	9	3	7	18.66	0		4.056756
9	173	10	0	22	19	7	9	3	7	18.66	0		4.056756
9	167	7	0	22	19	14	9	3	6	14.05	0		2.095318
9	166	7	0	22	19	20	9	3	6	14.05	0		2.095318
9	163	5	0	15	0	26	12	3	4	11.91	0		2.122379
9	168	8	0	12	17	12	10	5	6	38.74	1		1.147328
9	169	8	0	12	17	18	10	5	6	38.74	1		1.147328
9	170	8	0	12	17	24	10	5	6	38.74	1		1.147328
9	162	4	0	9	22	6	15	2	3	11.40	1		0.718396
9	161	4	0	9	22	9	15	2	3	11.40	1		0.718396
3	40	2	0	31	19	0	17	4	8	45.43	0		5.792571
3	41	2	0	31	18	8	17	4	8	45.43	0		5.792571
3	52	6	0	29	0	20	12	7	6	48.22	0		6.897513
3	51	6	0	34	12	0	12	7	6	48.22	0		6.897513
3	50	6	0	41	0	0	12	7	6	48.22	0		6.897513
9	171	9	0	30	7	0	15	4	4	37.59	0		20.537726
3	38	1	0	34	12	6	12	6	7	35.74	0		1.428933
3	39	1	0	34	12	13	12	6	7	35.74	0		1.428933
3	37	1	0	34	12	20	12	6	7	35.74	0		1.428933
3	57	10	0	31	18	16	9	3	7	18.66	0		4.056756
3	53	7	0	31	18	23	9	3	6	14.05	0		2.095318
3	54	7	0	40	18	16	9	3	6	14.05	0		2.095318
3	47	5	0	15	3	26	12	3	4	11.91	0		2.122379
3	48	5	0	27	0	26	12	3	4	11.91	0		2.122379
3	46	4	0	9	22	12	15	2	3	11.40	1		0.718396
3	55	8	0	41	0	6	10	5	6	38.74	1		1.147328
3	56	8	0	41	0	12	10	5	6	38.74	1		1.147328
3	42	3	0	40	18	22	6	4	5	19.33	0		17.116971
3	45	4	0	9	22	15	15	2	3	11.40	1		0.718396
3	44	4	0	9	22	18	15	2	3	11.40	1		0.718396
3	43	4	0	9	22	21	15	2	3	11.40	1		0.718396
7	115	2	1	49	7	0	17	4	8	45.43	0		5.792571
7	116	2	1	49	7	8	17	4	8	45.43	0		5.792571
7	117	2	1	49	5	16	17	4	8	45.43	0		5.792571
7	114	1	1	53	0	0	12	6	7	35.74	0		1.428933
7	113	1	1	53	12	0	12	6	7	35.74	0		1.428933
7	130	10	1	46	7	0	9	3	7	18.66	0		4.056756
7	129	10	1	46	5	7	9	3	7	18.66	0		4.056756
7	128	10	1	46	5	14	9	3	7	18.66	0		4.056756
7	123	7	1	46	5	21	9	3	6	14.05	0		2.095318
7	122	5	0	27	3	26	12	3	4	11.91	0		2.122379
7	118	3	1	49	5	24	6	4	5	19.33	0		17.116971
7	124	8	0	41	0	18	10	5	6	38.74	1		1.147328
7	125	8	0	41	0	24	10	5	6	38.74	1		1.147328
7	126	8	1	49	11	24	10	5	6	38.74	1		1.147328
7	127	8	1	53	0	7	10	5	6	38.74	1		1.147328
7	121	4	0	9	22	24	15	2	3	11.40	1		0.718396
7	120	4	0	9	22	27	15	2	3	11.40	1		0.718396
7	119	4	0	22	12	27	15	2	3	11.40	1		0.718396


-------------------------------------------------------------------------------------------------------------------
Tour_Id:			4
No_of_Customers:		3
No_of_Items:			64
Customer_Sequence:		17 5 12 

CustId	Id	TypeId	Rotated	x	y	z	Length	Width	Height	mass	Fragility	LoadBearingStrength
12	219	2	0	0	0	0	17	4	8	45.43	0		5.792571
12	220	2	0	0	4	0	17	4	8	45.43	0		5.792571
12	221	2	0	0	8	0	17	4	8	45.43	0		5.792571
12	222	2	0	0	12	0	17	4	8	45.43	0		5.792571
12	230	6	0	0	16	0	12	7	6	48.22	0		6.897513
12	229	6	0	0	16	6	12	7	6	48.22	0		6.897513
12	216	1	0	0	0	8	12	6	7	35.74	0		1.428933
12	217	1	0	0	6	8	12	6	7	35.74	0		1.428933
12	218	1	0	0	16	12	12	6	7	35.74	0		1.428933
12	215	1	0	0	0	15	12	6	7	35.74	0		1.428933
12	235	9	0	0	12	8	15	4	4	37.59	0		20.537726
12	234	9	0	0	12	12	15	4	4	37.59	0		20.537726
12	233	9	0	0	6	15	15	4	4	37.59	0		20.537726
12	236	10	0	0	12	16	9	3	7	18.66	0		4.056756
12	231	7	0	0	6	19	9	3	6	14.05	0		2.095318
12	228	5	0	0	16	19	12	3	4	11.91	0		2.122379
12	227	5	0	0	19	19	12	3	4	11.91	0		2.122379
12	226	5	0	0	0	22	12	3	4	11.91	0		2.122379
12	225	5	0	0	3	22	12	3	4	11.91	0		2.122379
12	223	3	0	0	12	23	6	4	5	19.33	0		17.116971
12	232	8	0	0	16	23	10	5	6	38.74	1		1.147328
12	224	4	0	0	23	0	15	2	3	11.40	1		0.718396
5	77	2	0	12	16	0	17	4	8	45.43	0		5.792571
5	80	6	0	17	0	0	12	7	6	48.22	0		6.897513
5	81	6	0	17	7	0	12	7	6	48.22	0		6.897513
5	82	6	0	17	0	6	12	7	6	48.22	0		6.897513
5	76	1	0	17	7	6	12	6	7	35.74	0		1.428933
5	75	1	0	17	0	12	12	6	7	35.74	0		1.428933
5	90	9	0	0	0	26	15	4	4	37.59	0		20.537726
5	89	9	0	12	16	8	15	4	4	37.59	0		20.537726
5	88	9	0	12	16	12	15	4	4	37.59	0		20.537726
5	92	10	0	12	20	0	9	3	7	18.66	0		4.056756
5	91	10	0	12	20	7	9	3	7	18.66	0		4.056756
5	85	7	0	12	20	14	9	3	6	14.05	0		2.095318
5	84	7	1	12	10	16	9	3	6	14.05	0		2.095318
5	83	7	0	12	20	20	9	3	6	14.05	0		2.095318
5	79	3	0	0	6	25	6	4	5	19.33	0		17.116971
5	78	3	0	9	6	19	6	4	5	19.33	0		17.116971
5	86	8	0	17	7	13	10	5	6	38.74	1		1.147328
5	87	8	0	15	0	19	10	5	6	38.74	1		1.147328
17	316	2	0	21	20	0	17	4	8	45.43	0		5.792571
17	325	6	0	29	0	0	12	7	6	48.22	0		6.897513
17	324	6	0	29	7	0	12	7	6	48.22	0		6.897513
17	314	1	0	29	14	0	12	6	7	35.74	0		1.428933
17	315	1	0	29	0	6	12	6	7	35.74	0		1.428933
17	313	1	0	29	6	6	12	6	7	35.74	0		1.428933
17	332	9	0	21	20	8	15	4	4	37.59	0		20.537726
17	331	9	0	21	20	12	15	4	4	37.59	0		20.537726
17	336	10	1	12	10	22	9	3	7	18.66	0		4.056756
17	335	10	0	21	20	16	9	3	7	18.66	0		4.056756
17	334	10	0	21	20	23	9	3	7	18.66	0		4.056756
17	333	10	0	27	6	13	9	3	7	18.66	0		4.056756
17	327	7	0	27	9	13	9	3	6	14.05	0		2.095318
17	329	7	0	27	9	19	9	3	6	14.05	0		2.095318
17	328	7	0	27	6	20	9	3	6	14.05	0		2.095318
17	326	7	0	29	14	7	9	3	6	14.05	0		2.095318
17	323	5	0	27	9	25	12	3	4	11.91	0		2.122379
17	322	5	0	27	6	26	12	3	4	11.91	0		2.122379
17	321	5	0	29	17	7	12	3	4	11.91	0		2.122379
17	330	8	0	17	7	19	10	5	6	38.74	1		1.147328
17	317	4	0	0	23	3	15	2	3	11.40	1		0.718396
17	320	4	0	0	23	6	15	2	3	11.40	1		0.718396
17	319	4	0	0	23	9	15	2	3	11.40	1		0.718396
17	318	4	0	0	23	12	15	2	3	11.40	1		0.718396


