Name:				358_n020_m400_bt100
Problem:			3L-VRPTW
Number_of_used_Vehicles:	5
Total_Travel_Distance:		433.86
Calculation_Time:		3600.00
Total_Iterations:		97
ConstraintSet:			P1

-------------------------------------------------------------------------------------------------------------------
Tour_Id:			1
No_of_Customers:		5
No_of_Items:			97
Customer_Sequence:		2 13 1 3 14 

CustId	Id	TypeId	Rotated	x	y	z	Length	Width	Height	mass	Fragility	LoadBearingStrength
3	47	24	0	0	0	0	14	5	4	17.31	0		1.597123
14	267	28	0	0	5	0	16	5	5	24.13	0		5.001157
14	268	28	0	0	10	0	16	5	5	24.13	0		5.001157
14	261	8	0	0	15	0	11	4	8	33.77	0		1.387817
14	263	13	0	0	19	0	11	5	6	30.48	0		8.920096
14	279	100	0	0	5	5	12	3	8	22.24	0		4.700702
14	276	84	0	0	8	5	15	3	5	13.73	0		2.426760
14	269	30	0	0	19	6	9	6	4	20.74	0		3.041997
14	262	12	0	11	15	0	14	5	3	18.55	0		11.853411
3	53	54	0	16	0	0	12	7	7	38.87	0		1.814958
14	277	96	0	0	11	5	7	2	5	2.22	0		3.972524
14	278	99	0	0	15	8	10	4	4	9.98	0		2.834932
14	271	34	0	0	8	10	6	5	3	4.74	0		3.222844
14	275	82	0	0	13	5	10	2	5	7.51	0		11.892455
14	274	73	0	16	7	0	17	6	6	40.15	1		0.728749
14	265	22	0	15	7	6	17	7	4	46.65	1		0.681895
14	272	47	0	0	19	10	8	6	8	46.02	1		4.648654
3	57	75	0	0	5	13	6	6	4	13	0		10.754569
13	244	6	0	11	20	0	10	5	7	18.72	0		3.101212
3	52	43	0	28	0	0	17	6	8	29.89	0		1.622903
14	273	65	0	0	15	12	9	3	6	20.23	1		1.052638
14	270	32	0	11	15	3	8	4	6	18.84	0		9.501544
3	48	33	0	12	0	7	16	7	5	19.85	0		1.347143
3	44	8	0	0	0	4	11	4	8	33.77	0		1.387817
3	45	11	0	0	0	12	14	3	7	15.30	0		11.571547
3	61	100	0	0	0	19	12	3	8	22.24	0		4.700702
14	266	26	0	33	7	0	10	7	7	16.33	0		1.729190
3	59	90	0	14	0	12	10	5	5	12.38	0		2.724764
3	58	84	0	25	14	0	15	3	5	13.73	0		2.426760
3	51	42	0	14	0	17	13	4	4	10.10	0		0.847099
3	54	55	0	6	8	10	15	6	8	42.70	1		2.087618
3	50	40	1	0	5	17	8	6	3	11.78	0		3.223527
3	56	75	0	0	4	20	6	6	4	13	0		10.754569
3	55	57	0	28	0	8	14	7	8	30.66	0		1.630817
1	5	15	0	0	15	18	8	4	8	11.66	1		0.433372
3	60	93	0	12	0	21	13	4	4	22.33	0		8.696546
3	46	21	0	6	8	18	11	7	3	20.97	1		0.761067
1	11	43	0	28	0	16	17	6	8	29.89	0		1.622903
1	1	2	0	28	0	24	10	6	6	42.67	0		4.953455
1	14	51	0	25	14	5	12	4	7	37.97	0		3.901533
1	4	13	0	25	14	12	11	5	6	30.48	0		8.920096
1	19	74	0	25	14	18	11	5	6	14.43	0		0.966428
1	3	11	0	40	14	0	14	3	7	15.30	0		11.571547
1	8	25	0	12	0	25	16	3	5	12.62	0		1.847734
1	7	25	0	25	17	0	16	3	5	12.62	0		1.847734
13	250	43	0	41	17	0	17	6	8	29.89	0		1.622903
1	16	56	0	0	19	18	9	3	8	24	1		2.429327
1	20	78	0	0	4	24	6	3	3	6.35	0		2.809528
1	17	62	0	11	15	9	7	4	6	7.29	0		6.054767
1	2	5	0	25	14	24	10	5	3	15.93	0		3.497817
1	10	40	0	0	0	27	8	6	3	11.78	0		3.223527
13	254	59	0	21	20	0	15	4	8	31.77	0		16.392204
2	41	69	0	0	7	24	7	3	5	7.83	0		3.775476
1	9	37	0	25	18	5	14	2	3	5.30	0		4.321192
13	260	100	0	21	20	8	12	3	8	22.24	0		4.700702
3	49	34	0	19	14	3	6	5	3	4.74	0		3.222844
1	15	53	0	40	14	7	17	2	8	24.06	0		3.513180
1	18	64	0	0	15	26	9	6	3	19.33	1		6.666330
1	6	16	0	0	22	18	9	3	4	11.18	1		6.302923
1	13	46	0	40	14	15	14	2	8	16.77	0		10.293633
1	21	79	0	25	18	8	16	2	4	10.90	0		2.226891
13	247	18	0	21	20	16	15	3	8	38.06	0		10.961501
2	33	46	0	41	23	0	14	2	8	16.77	0		10.293633
13	246	16	0	0	22	22	9	3	4	11.18	1		6.302923
13	255	80	0	11	20	7	10	5	7	13.89	0		1.471130
14	264	16	0	43	7	0	9	3	4	11.18	1		6.302923
13	256	81	0	33	7	7	8	7	4	6.88	0		1.631686
2	31	28	0	41	16	8	16	5	5	24.13	0		5.001157
13	251	45	0	11	20	14	8	3	8	13.67	0		3.277446
13	249	21	0	21	7	10	11	7	3	20.97	1		0.761067
2	36	53	0	41	21	8	17	2	8	24.06	0		3.513180
13	252	48	0	11	20	22	9	3	5	11.07	0		3.318910
13	253	58	0	21	20	24	8	4	5	15.26	0		12.523709
13	245	9	0	21	7	13	11	6	3	14.20	1		0.587053
13	258	88	0	0	21	26	9	4	3	10.64	1		1.221266
1	12	45	0	9	15	15	8	3	8	13.67	0		3.277446
2	34	50	0	45	0	0	13	6	7	35.50	0		10.600698
2	29	26	0	33	7	11	10	7	7	16.33	0		1.729190
13	259	93	0	43	10	0	13	4	4	22.33	0		8.696546
2	28	18	0	41	16	13	15	3	8	38.06	0		10.961501
2	43	89	0	33	7	18	9	4	4	14	0		3.210523
2	27	13	0	45	0	7	11	5	6	30.48	0		8.920096
2	40	66	0	45	0	13	13	5	5	10.33	0		1.037790
2	26	12	0	45	0	18	14	5	3	18.55	0		11.853411
13	248	20	0	43	10	4	17	3	7	22.05	0		3.436860
2	25	12	0	45	0	21	14	5	3	18.55	0		11.853411
13	257	85	0	52	7	0	7	3	7	18.67	0		6.316224
2	37	58	0	33	7	22	8	4	5	15.26	0		12.523709
2	35	51	0	41	16	21	12	4	7	37.97	0		3.901533
2	30	27	0	29	20	24	8	3	6	7.92	0		2.763872
2	24	10	0	33	11	18	9	3	4	13.58	0		4.037741
2	23	10	0	33	11	22	9	3	4	13.58	0		4.037741
1	22	91	0	9	15	23	10	3	3	6.25	0		3.683751
2	42	73	0	38	0	24	17	6	6	40.15	1		0.728749
2	32	41	0	43	10	11	17	4	7	20.51	1		1.051649
2	38	64	0	21	6	16	9	6	3	19.33	1		6.666330
2	39	65	0	21	6	19	9	3	6	20.23	1		1.052638


-------------------------------------------------------------------------------------------------------------------
Tour_Id:			2
No_of_Customers:		1
No_of_Items:			0
Customer_Sequence:		11 

-------------------------------------------------------------------------------------------------------------------
Tour_Id:			3
No_of_Customers:		5
No_of_Items:			96
Customer_Sequence:		7 15 6 19 18 

CustId	Id	TypeId	Rotated	x	y	z	Length	Width	Height	mass	Fragility	LoadBearingStrength
18	358	98	0	0	0	0	12	6	8	61.89	0		9.796705
18	352	71	0	0	6	0	16	6	5	17.85	0		1.970317
18	353	71	0	0	12	0	16	6	5	17.85	0		1.970317
18	350	63	0	0	18	0	9	7	7	52.82	0		6.388592
18	356	83	0	0	6	5	13	4	7	32.49	0		2.231403
18	344	6	0	0	10	5	10	5	7	18.72	0		3.101212
18	355	80	0	0	18	7	10	5	7	13.89	0		1.471130
18	357	90	0	0	0	8	10	5	5	12.38	0		2.724764
18	346	12	0	0	6	12	14	5	3	18.55	0		11.853411
18	347	23	0	0	15	5	16	2	6	16.65	0		4.020616
18	349	56	0	0	11	12	9	3	8	24	1		2.429327
19	366	33	0	10	18	0	16	7	5	19.85	0		1.347143
18	348	34	0	0	0	13	6	5	3	4.74	0		3.222844
18	354	78	0	0	18	14	6	3	3	6.35	0		2.809528
18	359	99	0	0	6	15	10	4	4	9.98	0		2.834932
18	345	9	0	12	0	0	11	6	3	14.20	1		0.587053
18	351	69	0	0	0	16	7	3	5	7.83	0		3.775476
19	367	33	0	10	18	5	16	7	5	19.85	0		1.347143
19	373	63	0	10	17	10	9	7	7	52.82	0		6.388592
19	374	68	0	16	6	0	15	5	5	19.15	0		1.910476
19	377	83	0	0	6	19	13	4	7	32.49	0		2.231403
19	376	77	0	16	11	0	17	4	5	26.90	0		3.908582
19	364	31	0	10	11	5	13	3	8	31.71	0		2.525970
19	378	86	0	16	6	5	15	4	5	9.04	0		1.249322
19	372	53	0	0	15	11	17	2	8	24.06	0		3.513180
19	370	46	0	0	15	19	14	2	8	16.77	0		10.293633
19	379	95	0	10	11	13	11	4	5	20.32	0		2.060547
19	371	52	0	0	18	17	17	3	4	10.03	0		3.722656
19	365	32	0	0	17	21	8	4	6	18.84	0		9.501544
19	380	99	0	0	6	26	10	4	4	9.98	0		2.834932
19	360	1	0	10	11	18	10	3	5	15.22	0		5.828312
19	368	40	0	0	15	27	8	6	3	11.78	0		3.223527
19	363	14	1	19	17	10	8	6	3	12.12	0		15.693633
19	362	10	0	0	0	21	9	3	4	13.58	0		4.037741
19	369	41	0	16	6	10	17	4	7	20.51	1		1.051649
19	375	76	0	12	0	3	13	6	5	46.66	1		1.343628
19	361	7	0	0	23	7	7	2	7	4.48	1		0.681017
6	107	17	0	25	0	0	14	6	6	49.82	0		4.274066
6	109	26	0	26	18	0	10	7	7	16.33	0		1.729190
6	121	92	0	25	0	6	14	5	6	24.24	0		1.887511
6	108	20	0	25	0	12	17	3	7	22.05	0		3.436860
6	119	80	1	19	15	13	10	5	7	13.89	0		1.471130
6	115	53	0	17	15	0	17	2	8	24.06	0		3.513180
6	112	46	0	25	3	12	14	2	8	16.77	0		10.293633
6	113	46	0	25	0	19	14	2	8	16.77	0		10.293633
6	116	58	0	0	0	25	8	4	5	15.26	0		12.523709
6	106	5	1	19	15	20	10	5	3	15.93	0		3.497817
6	117	69	0	10	11	23	7	3	5	7.83	0		3.775476
6	111	34	0	19	15	23	6	5	3	4.74	0		3.222844
6	118	76	0	10	0	8	13	6	5	46.66	1		1.343628
6	114	47	0	9	0	13	8	6	8	46.02	1		4.648654
6	110	29	0	16	6	17	16	2	8	13.08	1		3.176094
6	120	87	0	9	0	21	7	6	3	8.52	1		0.740495
15	304	100	0	23	11	5	12	3	8	22.24	0		4.700702
15	288	43	0	35	6	0	17	6	8	29.89	0		1.622903
15	297	72	0	35	12	0	16	5	7	57.93	0		6.434376
15	296	67	0	35	12	7	15	6	5	49.74	0		4.203464
15	295	63	0	26	18	7	9	7	7	52.82	0		6.388592
15	299	83	0	21	10	13	13	4	7	32.49	0		2.231403
15	284	20	0	21	10	20	17	3	7	22.05	0		3.436860
15	289	43	0	35	5	8	17	6	8	29.89	0		1.622903
15	292	53	0	25	3	20	17	2	8	24.06	0		3.513180
15	283	19	0	26	18	14	9	3	7	11.23	0		1.860813
15	291	52	0	34	5	16	17	3	4	10.03	0		3.722656
15	294	62	0	26	21	14	7	4	6	7.29	0		6.054767
15	303	99	0	34	5	20	10	4	4	9.98	0		2.834932
15	293	58	0	24	21	20	8	4	5	15.26	0		12.523709
15	280	5	0	34	5	24	10	5	3	15.93	0		3.497817
15	287	40	0	34	5	27	8	6	3	11.78	0		3.223527
15	300	88	0	24	21	25	9	4	3	10.64	1		1.221266
15	301	91	0	26	18	21	10	3	3	6.25	0		3.683751
15	286	34	0	19	15	26	6	5	3	4.74	0		3.222844
15	285	34	0	35	12	12	6	5	3	4.74	0		3.222844
15	302	97	0	36	18	0	12	7	6	46.36	1		1.923969
15	290	47	0	36	18	6	8	6	8	46.02	1		4.648654
15	282	9	0	41	12	12	11	6	3	14.20	1		0.587053
15	298	75	0	35	12	15	6	6	4	13	0		10.754569
15	281	7	0	16	8	17	7	2	7	4.48	1		0.681017
7	134	59	0	42	0	0	15	4	8	31.77	0		16.392204
7	122	3	0	42	0	8	15	3	8	14.52	0		1.612125
7	135	60	1	52	6	0	16	6	3	13.61	0		1.413758
7	136	60	1	52	4	3	16	6	3	13.61	0		1.413758
7	124	10	0	26	18	24	9	3	4	13.58	0		4.037741
7	129	24	1	52	4	6	14	5	4	17.31	0		1.597123
7	138	93	0	42	0	16	13	4	4	22.33	0		8.696546
7	128	23	0	42	0	20	16	2	6	16.65	0		4.020616
7	127	19	0	44	5	20	9	3	7	11.23	0		1.860813
7	132	58	0	44	8	16	8	4	5	15.26	0		12.523709
7	137	87	0	36	18	14	7	6	3	8.52	1		0.740495
7	139	100	0	48	22	0	12	3	8	22.24	0		4.700702
7	125	10	0	44	8	21	9	3	4	13.58	0		4.037741
7	130	37	0	25	0	27	14	2	3	5.30	0		4.321192
7	131	41	1	52	4	10	17	4	7	20.51	1		1.051649
7	126	15	0	36	18	17	8	4	8	11.66	1		0.433372
7	123	9	0	41	12	15	11	6	3	14.20	1		0.587053
7	133	58	0	44	8	25	8	4	5	15.26	0		12.523709


-------------------------------------------------------------------------------------------------------------------
Tour_Id:			4
No_of_Customers:		4
No_of_Items:			84
Customer_Sequence:		10 8 5 17 

CustId	Id	TypeId	Rotated	x	y	z	Length	Width	Height	mass	Fragility	LoadBearingStrength
17	342	98	0	0	0	0	12	6	8	61.89	0		9.796705
17	334	72	0	0	6	0	16	5	7	57.93	0		6.434376
17	327	26	0	0	11	0	10	7	7	16.33	0		1.729190
17	324	3	0	0	18	0	15	3	8	14.52	0		1.612125
17	323	3	0	0	21	0	15	3	8	14.52	0		1.612125
17	335	74	0	0	6	7	11	5	6	14.43	0		0.966428
5	104	94	0	0	11	7	10	3	5	5.38	0		4.885422
17	328	36	0	0	0	8	13	6	4	17.53	0		4.625141
17	343	100	0	0	14	7	12	3	8	22.24	0		4.700702
17	338	81	0	0	18	8	8	7	4	6.88	0		1.631686
17	341	95	0	0	0	12	11	4	5	20.32	0		2.060547
17	330	42	0	0	6	13	13	4	4	10.10	0		0.847099
17	332	58	0	0	17	12	8	4	5	15.26	0		12.523709
17	339	89	0	0	21	12	9	4	4	14	0		3.210523
17	336	75	0	8	17	8	6	6	4	13	0		10.754569
17	325	10	0	0	14	15	9	3	4	13.58	0		4.037741
17	340	91	0	0	21	16	10	3	3	6.25	0		3.683751
17	337	78	0	0	0	17	6	3	3	6.35	0		2.809528
17	326	22	0	10	11	0	17	7	4	46.65	1		0.681895
17	329	41	0	0	6	17	17	4	7	20.51	1		1.051649
17	331	56	0	0	17	17	9	3	8	24	1		2.429327
5	96	49	0	15	18	0	16	7	7	76.04	0		5.961384
5	91	33	0	15	18	7	16	7	5	19.85	0		1.347143
5	100	71	0	10	17	12	16	6	5	17.85	0		1.970317
8	140	3	0	9	17	17	15	3	8	14.52	0		1.612125
5	90	28	0	13	0	0	16	5	5	24.13	0		5.001157
5	87	18	0	13	0	5	15	3	8	38.06	0		10.961501
5	102	80	0	27	11	0	10	5	7	13.89	0		1.471130
5	105	100	0	0	11	12	12	3	8	22.24	0		4.700702
5	88	24	0	29	0	0	14	5	4	17.31	0		1.597123
5	89	25	0	0	11	20	16	3	5	12.62	0		1.847734
5	95	46	0	0	4	12	14	2	8	16.77	0		10.293633
5	83	5	0	27	11	7	10	5	3	15.93	0		3.497817
17	333	66	0	16	5	0	13	5	5	10.33	0		1.037790
5	103	85	0	0	14	19	7	3	7	18.67	0		6.316224
5	86	10	0	0	21	19	9	3	4	13.58	0		4.037741
5	92	34	0	0	0	20	6	5	3	4.74	0		3.222844
8	146	38	0	13	0	13	14	4	7	23.01	0		1.999282
5	101	76	0	12	11	4	13	6	5	46.66	1		1.343628
5	93	39	0	0	6	24	14	5	3	6.62	1		0.202571
5	99	64	0	0	6	27	9	6	3	19.33	1		6.666330
5	98	64	0	12	10	9	9	6	3	19.33	1		6.666330
5	85	7	0	0	0	23	7	2	7	4.48	1		0.681017
5	84	7	0	0	2	23	7	2	7	4.48	1		0.681017
8	147	43	0	29	5	0	17	6	8	29.89	0		1.622903
8	154	76	0	29	5	8	13	6	5	46.66	1		1.343628
8	150	50	0	31	18	0	13	6	7	35.50	0		10.600698
8	152	63	0	31	18	7	9	7	7	52.82	0		6.388592
8	144	38	0	13	0	20	14	4	7	23.01	0		1.999282
8	145	38	0	29	0	4	14	4	7	23.01	0		1.999282
5	94	44	0	0	21	23	9	2	3	4.84	0		2.320268
10	201	70	0	29	0	11	14	5	6	28.28	0		7.110398
5	97	59	0	37	11	0	15	4	8	31.77	0		16.392204
8	151	60	0	44	18	0	16	6	3	13.61	0		1.413758
8	156	84	0	9	17	25	15	3	5	13.73	0		2.426760
8	158	94	0	14	3	5	10	3	5	5.38	0		4.885422
8	157	89	0	27	11	10	9	4	4	14	0		3.210523
8	153	69	1	24	3	5	7	3	5	7.83	0		3.775476
8	141	4	0	13	0	27	8	4	3	4.62	0		1.450037
10	188	26	0	31	18	14	10	7	7	16.33	0		1.729190
8	149	49	0	44	18	3	16	7	7	76.04	0		5.961384
8	148	44	0	0	12	25	9	2	3	4.84	0		2.320268
8	142	9	0	29	5	13	11	6	3	14.20	1		0.587053
8	143	16	0	0	17	25	9	3	4	11.18	1		6.302923
10	190	33	0	44	18	10	16	7	5	19.85	0		1.347143
8	159	96	0	6	4	20	7	2	5	2.22	0		3.972524
10	199	67	0	29	0	17	15	6	5	49.74	0		4.203464
10	195	63	0	29	0	22	9	7	7	52.82	0		6.388592
10	196	63	0	31	18	21	9	7	7	52.82	0		6.388592
8	155	83	0	37	11	8	13	4	7	32.49	0		2.231403
10	200	70	0	43	0	0	14	5	6	28.28	0		7.110398
10	186	8	0	37	11	15	11	4	8	33.77	0		1.387817
10	193	51	0	37	11	23	12	4	7	37.97	0		3.901533
10	198	66	0	43	0	6	13	5	5	10.33	0		1.037790
10	189	31	0	37	15	0	13	3	8	31.71	0		2.525970
10	205	95	0	43	0	11	11	4	5	20.32	0		2.060547
10	192	45	0	37	15	8	8	3	8	13.67	0		3.277446
10	202	75	0	38	0	22	6	6	4	13	0		10.754569
10	187	10	0	0	14	26	9	3	4	13.58	0		4.037741
10	204	91	0	37	15	16	10	3	3	6.25	0		3.683751
10	194	55	0	44	18	15	15	6	8	42.70	1		2.087618
10	203	76	0	44	18	23	13	6	5	46.66	1		1.343628
10	191	39	0	26	6	16	14	5	3	6.62	1		0.202571
10	197	65	0	37	15	19	9	3	6	20.23	1		1.052638


-------------------------------------------------------------------------------------------------------------------
Tour_Id:			5
No_of_Customers:		5
No_of_Items:			107
Customer_Sequence:		12 16 20 9 4 

CustId	Id	TypeId	Rotated	x	y	z	Length	Width	Height	mass	Fragility	LoadBearingStrength
4	63	15	0	0	0	0	8	4	8	11.66	1		0.433372
4	65	33	0	0	4	0	16	7	5	19.85	0		1.347143
4	71	63	0	0	11	0	9	7	7	52.82	0		6.388592
4	80	92	0	0	18	0	14	5	6	24.24	0		1.887511
4	64	20	0	0	4	5	17	3	7	22.05	0		3.436860
4	67	51	0	0	7	5	12	4	7	37.97	0		3.901533
4	68	51	0	0	18	6	12	4	7	37.97	0		3.901533
4	76	74	0	0	11	7	11	5	6	14.43	0		0.966428
4	75	74	0	0	4	12	11	5	6	14.43	0		0.966428
4	74	74	0	0	11	13	11	5	6	14.43	0		0.966428
4	79	86	0	0	18	13	15	4	5	9.04	0		1.249322
4	62	11	0	0	4	18	14	3	7	15.30	0		11.571547
4	81	95	0	0	18	18	11	4	5	20.32	0		2.060547
4	70	58	0	0	11	19	8	4	5	15.26	0		12.523709
4	78	82	0	0	23	0	10	2	5	7.51	0		11.892455
4	82	96	0	0	23	5	7	2	5	2.22	0		3.972524
12	225	5	0	0	18	23	10	5	3	15.93	0		3.497817
9	185	92	0	11	11	0	14	5	6	24.24	0		1.887511
4	66	39	0	14	18	0	14	5	3	6.62	1		0.202571
20	386	46	0	0	9	12	14	2	8	16.77	0		10.293633
16	320	96	0	0	16	7	7	2	5	2.22	0		3.972524
9	174	33	0	17	0	0	16	7	5	19.85	0		1.347143
4	69	57	0	28	18	0	14	7	8	30.66	0		1.630817
9	170	28	0	11	11	6	16	5	5	24.13	0		5.001157
9	160	2	0	17	0	5	10	6	6	42.67	0		4.953455
9	180	38	0	11	11	11	14	4	7	23.01	0		1.999282
9	163	9	0	17	0	11	11	6	3	14.20	1		0.587053
9	171	30	0	25	11	0	9	6	4	20.74	0		3.041997
9	173	32	0	0	11	24	8	4	6	18.84	0		9.501544
9	169	27	0	8	0	0	8	3	6	7.92	0		2.763872
9	175	34	0	11	11	18	6	5	3	4.74	0		3.222844
9	182	48	0	0	4	25	9	3	5	11.07	0		3.318910
9	164	10	0	8	0	6	9	3	4	13.58	0		4.037741
9	172	32	0	8	0	10	8	4	6	18.84	0		9.501544
9	176	34	0	11	11	21	6	5	3	4.74	0		3.222844
9	179	37	0	0	7	18	14	2	3	5.30	0		4.321192
9	177	35	0	17	0	14	12	7	3	29.14	1		1.243245
4	72	64	0	14	18	3	9	6	3	19.33	1		6.666330
9	181	47	0	17	0	17	8	6	8	46.02	1		4.648654
9	168	21	0	28	18	8	11	7	3	20.97	1		0.761067
9	178	36	0	33	0	0	13	6	4	17.53	0		4.625141
9	183	87	0	17	0	25	7	6	3	8.52	1		0.740495
4	73	65	0	12	18	6	9	3	6	20.23	1		1.052638
12	224	5	0	0	18	26	10	5	3	15.93	0		3.497817
9	161	7	0	0	0	8	7	2	7	4.48	1		0.681017
9	162	7	0	0	2	8	7	2	7	4.48	1		0.681017
20	391	67	0	33	0	4	15	6	5	49.74	0		4.203464
20	387	50	0	33	0	9	13	6	7	35.50	0		10.600698
20	395	77	0	16	7	0	17	4	5	26.90	0		3.908582
20	392	70	0	33	6	0	14	5	6	28.28	0		7.110398
20	388	51	0	14	7	5	12	4	7	37.97	0		3.901533
9	184	88	0	8	0	16	9	4	3	10.64	1		1.221266
20	390	66	0	33	6	6	13	5	5	10.33	0		1.037790
20	396	86	0	14	7	12	15	4	5	9.04	0		1.249322
20	385	42	0	14	7	17	13	4	4	10.10	0		0.847099
9	165	15	0	0	0	15	8	4	8	11.66	1		0.433372
9	166	16	0	0	0	23	9	3	4	11.18	1		6.302923
20	397	93	0	14	7	21	13	4	4	22.33	0		8.696546
20	389	62	0	11	11	24	7	4	6	7.29	0		6.054767
20	398	93	0	14	7	25	13	4	4	22.33	0		8.696546
20	400	99	0	17	11	18	10	4	4	9.98	0		2.834932
20	381	14	0	27	11	4	8	6	3	12.12	0		15.693633
20	393	73	0	29	0	16	17	6	6	40.15	1		0.728749
20	384	34	0	27	11	7	6	5	3	4.74	0		3.222844
20	383	34	0	27	11	10	6	5	3	4.74	0		3.222844
20	399	96	0	0	9	20	7	2	5	2.22	0		3.972524
20	394	75	0	27	11	13	6	6	4	13	0		10.754569
16	317	71	0	35	11	0	16	6	5	17.85	0		1.970317
16	306	8	0	33	6	11	11	4	8	33.77	0		1.387817
16	311	51	0	33	6	19	12	4	7	37.97	0		3.901533
16	305	6	1	27	7	17	10	5	7	18.72	0		3.101212
16	308	13	1	27	7	24	11	5	6	30.48	0		8.920096
16	322	100	0	35	11	5	12	3	8	22.24	0		4.700702
16	321	100	0	33	11	13	12	3	8	22.24	0		4.700702
16	318	84	0	33	11	21	15	3	5	13.73	0		2.426760
16	319	93	0	33	6	26	13	4	4	22.33	0		8.696546
16	312	52	0	33	11	26	17	3	4	10.03	0		3.722656
16	313	52	0	35	14	5	17	3	4	10.03	0		3.722656
16	315	62	0	35	14	9	7	4	6	7.29	0		6.054767
16	307	10	0	33	14	15	9	3	4	13.58	0		4.037741
9	167	16	0	8	0	19	9	3	4	11.18	1		6.302923
16	309	41	0	25	0	22	17	4	7	20.51	1		1.051649
16	310	47	0	28	18	11	8	6	8	46.02	1		4.648654
20	382	24	0	42	18	0	14	5	4	17.31	0		1.597123
16	316	64	0	28	18	19	9	6	3	19.33	1		6.666330
12	240	72	0	42	18	4	16	5	7	57.93	0		6.434376
12	239	72	0	42	18	11	16	5	7	57.93	0		6.434376
12	238	70	0	42	18	18	14	5	6	28.28	0		7.110398
12	228	12	0	42	18	24	14	5	3	18.55	0		11.853411
12	229	20	1	52	0	0	17	3	7	22.05	0		3.436860
12	227	8	1	48	0	0	11	4	8	33.77	0		1.387817
12	241	80	1	48	0	8	10	5	7	13.89	0		1.471130
12	226	6	1	48	0	15	10	5	7	18.72	0		3.101212
12	232	31	0	42	14	9	13	3	8	31.71	0		2.525970
12	236	53	0	42	23	0	17	2	8	24.06	0		3.513180
12	235	38	1	55	0	0	14	4	7	23.01	0		1.999282
4	77	78	1	8	11	19	6	3	3	6.35	0		2.809528
16	314	56	0	32	14	19	9	3	8	24	1		2.429327
12	243	93	0	42	14	17	13	4	4	22.33	0		8.696546
12	233	32	0	41	14	21	8	4	6	18.84	0		9.501544
12	222	1	1	48	0	22	10	3	5	15.22	0		5.828312
12	237	69	1	39	18	8	7	3	5	7.83	0		3.775476
12	223	4	0	41	14	27	8	4	3	4.62	0		1.450037
12	234	34	0	41	18	27	6	5	3	4.74	0		3.222844
12	242	91	0	47	18	27	10	3	3	6.25	0		3.683751
12	231	29	0	25	4	22	16	2	8	13.08	1		3.176094
12	230	21	1	53	0	7	11	7	3	20.97	1		0.761067


