Name:				362_n060_m400_bt3
Problem:			3L-VRPTW
Number_of_used_Vehicles:	23
Total_Travel_Distance:		1774.68
Calculation_Time:		3600.00
Total_Iterations:		14900
ConstraintSet:			P1

-------------------------------------------------------------------------------------------------------------------
Tour_Id:			1
No_of_Customers:		3
No_of_Items:			19
Customer_Sequence:		46 53 58 

CustId	Id	TypeId	Rotated	x	y	z	Length	Width	Height	mass	Fragility	LoadBearingStrength
58	384	2	0	0	0	0	26	7	13	461.27	0		34.361319
58	385	3	0	0	7	0	19	5	13	360.87	0		19.818104
58	386	3	0	0	12	0	19	5	13	360.87	0		19.818104
53	356	2	0	0	17	0	26	7	13	461.27	0		34.361319
58	387	3	0	0	0	13	19	5	13	360.87	0		19.818104
53	357	3	0	0	5	13	19	5	13	360.87	0		19.818104
53	358	3	0	0	10	13	19	5	13	360.87	0		19.818104
53	359	3	0	0	15	13	19	5	13	360.87	0		19.818104
53	354	1	0	19	7	0	29	5	12	278.35	1		1.478713
53	355	1	0	19	12	0	29	5	12	278.35	1		1.478713
46	301	2	0	26	0	0	26	7	13	461.27	0		34.361319
46	302	2	0	19	0	13	26	7	13	461.27	0		34.361319
46	303	2	0	26	17	0	26	7	13	461.27	0		34.361319
46	304	3	0	0	20	13	19	5	13	360.87	0		19.818104
46	305	3	0	19	20	13	19	5	13	360.87	0		19.818104
46	306	3	1	52	0	0	19	5	13	360.87	0		19.818104
46	307	3	1	52	0	13	19	5	13	360.87	0		19.818104
46	299	1	0	19	7	12	29	5	12	278.35	1		1.478713
46	300	1	0	19	12	12	29	5	12	278.35	1		1.478713


-------------------------------------------------------------------------------------------------------------------
Tour_Id:			2
No_of_Customers:		2
No_of_Items:			14
Customer_Sequence:		52 34 

CustId	Id	TypeId	Rotated	x	y	z	Length	Width	Height	mass	Fragility	LoadBearingStrength
34	229	2	0	0	0	0	26	7	13	461.27	0		34.361319
34	230	3	0	0	7	0	19	5	13	360.87	0		19.818104
34	231	3	0	0	12	0	19	5	13	360.87	0		19.818104
34	232	3	0	0	17	0	19	5	13	360.87	0		19.818104
34	228	1	0	0	0	13	29	5	12	278.35	1		1.478713
52	348	2	0	0	5	13	26	7	13	461.27	0		34.361319
52	349	2	0	19	7	0	26	7	13	461.27	0		34.361319
52	350	3	0	0	12	13	19	5	13	360.87	0		19.818104
52	351	3	0	0	17	13	19	5	13	360.87	0		19.818104
52	352	3	0	19	14	0	19	5	13	360.87	0		19.818104
52	353	3	0	19	19	0	19	5	13	360.87	0		19.818104
52	345	1	0	19	12	13	29	5	12	278.35	1		1.478713
52	346	1	0	29	0	0	29	5	12	278.35	1		1.478713
52	347	1	0	29	0	12	29	5	12	278.35	1		1.478713


-------------------------------------------------------------------------------------------------------------------
Tour_Id:			3
No_of_Customers:		3
No_of_Items:			20
Customer_Sequence:		47 56 6 

CustId	Id	TypeId	Rotated	x	y	z	Length	Width	Height	mass	Fragility	LoadBearingStrength
56	372	1	0	0	0	0	29	5	12	278.35	1		1.478713
6	36	2	0	0	5	0	26	7	13	461.27	0		34.361319
6	37	3	0	0	12	0	19	5	13	360.87	0		19.818104
56	374	2	0	0	17	0	26	7	13	461.27	0		34.361319
6	33	1	0	0	5	13	29	5	12	278.35	1		1.478713
56	371	1	0	0	0	12	29	5	12	278.35	1		1.478713
6	38	3	0	0	10	13	19	5	13	360.87	0		19.818104
56	375	3	0	0	15	13	19	5	13	360.87	0		19.818104
56	376	3	0	0	20	13	19	5	13	360.87	0		19.818104
47	311	2	0	26	17	0	26	7	13	461.27	0		34.361319
56	378	3	0	19	12	0	19	5	13	360.87	0		19.818104
6	35	2	0	26	5	0	26	7	13	461.27	0		34.361319
6	34	1	0	29	5	13	29	5	12	278.35	1		1.478713
47	312	3	0	19	10	13	19	5	13	360.87	0		19.818104
56	373	1	0	29	0	0	29	5	12	278.35	1		1.478713
56	377	3	0	38	12	0	19	5	13	360.87	0		19.818104
47	309	1	0	19	15	13	29	5	12	278.35	1		1.478713
47	308	1	0	19	20	13	29	5	12	278.35	1		1.478713
47	313	3	0	38	10	13	19	5	13	360.87	0		19.818104
47	310	1	0	29	0	12	29	5	12	278.35	1		1.478713


-------------------------------------------------------------------------------------------------------------------
Tour_Id:			4
No_of_Customers:		3
No_of_Items:			15
Customer_Sequence:		55 4 5 

CustId	Id	TypeId	Rotated	x	y	z	Length	Width	Height	mass	Fragility	LoadBearingStrength
5	29	2	0	0	0	0	26	7	13	461.27	0		34.361319
55	369	2	0	0	7	0	26	7	13	461.27	0		34.361319
5	31	3	0	0	14	0	19	5	13	360.87	0		19.818104
5	32	3	0	0	19	0	19	5	13	360.87	0		19.818104
5	26	1	0	0	0	13	29	5	12	278.35	1		1.478713
5	27	1	0	19	14	0	29	5	12	278.35	1		1.478713
5	28	1	0	19	19	0	29	5	12	278.35	1		1.478713
4	25	2	0	29	0	0	26	7	13	461.27	0		34.361319
4	23	1	0	19	14	12	29	5	12	278.35	1		1.478713
4	24	1	0	19	19	12	29	5	12	278.35	1		1.478713
5	30	3	0	0	14	13	19	5	13	360.87	0		19.818104
55	370	3	0	0	5	13	19	5	13	360.87	0		19.818104
55	366	1	0	26	7	0	29	5	12	278.35	1		1.478713
55	367	1	0	26	7	12	29	5	12	278.35	1		1.478713
55	368	1	0	29	0	13	29	5	12	278.35	1		1.478713


-------------------------------------------------------------------------------------------------------------------
Tour_Id:			5
No_of_Customers:		3
No_of_Items:			20
Customer_Sequence:		16 26 54 

CustId	Id	TypeId	Rotated	x	y	z	Length	Width	Height	mass	Fragility	LoadBearingStrength
54	362	2	0	0	0	0	26	7	13	461.27	0		34.361319
54	360	1	0	0	7	0	29	5	12	278.35	1		1.478713
16	105	2	0	0	12	0	26	7	13	461.27	0		34.361319
54	365	3	0	0	19	0	19	5	13	360.87	0		19.818104
26	179	2	0	0	0	13	26	7	13	461.27	0		34.361319
26	181	3	0	0	19	13	19	5	13	360.87	0		19.818104
26	178	2	0	26	0	0	26	7	13	461.27	0		34.361319
54	363	3	0	19	19	0	19	5	13	360.87	0		19.818104
26	180	3	0	19	19	13	19	5	13	360.87	0		19.818104
54	361	1	0	0	7	12	29	5	12	278.35	1		1.478713
26	177	1	0	26	0	13	29	5	12	278.35	1		1.478713
26	182	3	0	29	7	0	19	5	13	360.87	0		19.818104
16	104	1	0	0	12	13	29	5	12	278.35	1		1.478713
16	106	2	0	26	12	0	26	7	13	461.27	0		34.361319
16	107	2	0	29	5	13	26	7	13	461.27	0		34.361319
16	108	2	0	29	12	13	26	7	13	461.27	0		34.361319
54	364	3	0	38	19	0	19	5	13	360.87	0		19.818104
16	110	3	0	38	19	13	19	5	13	360.87	0		19.818104
16	111	3	1	55	0	0	19	5	13	360.87	0		19.818104
16	109	3	1	55	0	13	19	5	13	360.87	0		19.818104


-------------------------------------------------------------------------------------------------------------------
Tour_Id:			6
No_of_Customers:		2
No_of_Items:			15
Customer_Sequence:		41 15 

CustId	Id	TypeId	Rotated	x	y	z	Length	Width	Height	mass	Fragility	LoadBearingStrength
15	98	2	0	0	0	0	26	7	13	461.27	0		34.361319
15	99	2	0	0	7	0	26	7	13	461.27	0		34.361319
15	96	1	0	0	14	0	29	5	12	278.35	1		1.478713
15	101	3	0	0	19	0	19	5	13	360.87	0		19.818104
41	270	2	0	0	0	13	26	7	13	461.27	0		34.361319
41	272	3	0	0	7	13	19	5	13	360.87	0		19.818104
15	100	2	0	26	0	0	26	7	13	461.27	0		34.361319
15	97	1	0	0	14	12	29	5	12	278.35	1		1.478713
15	103	3	0	0	19	13	19	5	13	360.87	0		19.818104
41	269	2	0	26	7	0	26	7	13	461.27	0		34.361319
15	102	3	0	19	19	0	19	5	13	360.87	0		19.818104
41	271	2	0	19	7	13	26	7	13	461.27	0		34.361319
41	268	2	0	26	0	13	26	7	13	461.27	0		34.361319
41	266	1	0	29	14	0	29	5	12	278.35	1		1.478713
41	267	1	0	29	14	12	29	5	12	278.35	1		1.478713


-------------------------------------------------------------------------------------------------------------------
Tour_Id:			7
No_of_Customers:		3
No_of_Items:			18
Customer_Sequence:		37 39 27 

CustId	Id	TypeId	Rotated	x	y	z	Length	Width	Height	mass	Fragility	LoadBearingStrength
27	188	2	0	0	0	0	26	7	13	461.27	0		34.361319
39	257	2	0	0	7	0	26	7	13	461.27	0		34.361319
27	190	3	0	0	14	0	19	5	13	360.87	0		19.818104
27	191	3	0	0	19	0	19	5	13	360.87	0		19.818104
27	183	1	0	0	0	13	29	5	12	278.35	1		1.478713
27	189	3	0	0	14	13	19	5	13	360.87	0		19.818104
27	185	1	0	19	14	0	29	5	12	278.35	1		1.478713
27	186	1	0	19	19	0	29	5	12	278.35	1		1.478713
27	187	1	0	19	14	12	29	5	12	278.35	1		1.478713
39	256	2	0	0	5	13	26	7	13	461.27	0		34.361319
39	254	1	0	19	19	12	29	5	12	278.35	1		1.478713
39	258	2	0	26	5	0	26	7	13	461.27	0		34.361319
39	259	3	0	0	19	13	19	5	13	360.87	0		19.818104
27	184	1	0	29	0	0	29	5	12	278.35	1		1.478713
39	255	1	0	26	5	13	29	5	12	278.35	1		1.478713
37	247	3	1	55	5	0	19	5	13	360.87	0		19.818104
37	248	3	1	55	5	13	19	5	13	360.87	0		19.818104
37	246	1	0	29	0	12	29	5	12	278.35	1		1.478713


-------------------------------------------------------------------------------------------------------------------
Tour_Id:			8
No_of_Customers:		2
No_of_Items:			16
Customer_Sequence:		13 3 

CustId	Id	TypeId	Rotated	x	y	z	Length	Width	Height	mass	Fragility	LoadBearingStrength
13	85	2	0	0	0	0	26	7	13	461.27	0		34.361319
3	19	2	0	0	7	0	26	7	13	461.27	0		34.361319
3	20	2	0	0	14	0	26	7	13	461.27	0		34.361319
3	15	1	0	0	7	13	29	5	12	278.35	1		1.478713
3	21	2	0	0	12	13	26	7	13	461.27	0		34.361319
3	18	2	0	26	7	0	26	7	13	461.27	0		34.361319
3	16	1	0	26	14	0	29	5	12	278.35	1		1.478713
3	17	1	0	26	19	0	29	5	12	278.35	1		1.478713
3	22	3	0	29	7	13	19	5	13	360.87	0		19.818104
13	84	2	0	0	0	13	26	7	13	461.27	0		34.361319
13	86	2	0	26	0	0	26	7	13	461.27	0		34.361319
13	87	2	0	26	0	13	26	7	13	461.27	0		34.361319
13	88	3	1	55	0	0	19	5	13	360.87	0		19.818104
13	89	3	1	55	0	13	19	5	13	360.87	0		19.818104
13	82	1	0	26	14	12	29	5	12	278.35	1		1.478713
13	83	1	0	26	19	12	29	5	12	278.35	1		1.478713


-------------------------------------------------------------------------------------------------------------------
Tour_Id:			9
No_of_Customers:		2
No_of_Items:			17
Customer_Sequence:		17 7 

CustId	Id	TypeId	Rotated	x	y	z	Length	Width	Height	mass	Fragility	LoadBearingStrength
7	40	2	0	0	0	0	26	7	13	461.27	0		34.361319
7	41	2	0	0	7	0	26	7	13	461.27	0		34.361319
7	42	3	0	0	14	0	19	5	13	360.87	0		19.818104
7	43	3	0	0	19	0	19	5	13	360.87	0		19.818104
7	44	3	0	0	0	13	19	5	13	360.87	0		19.818104
7	45	3	0	0	5	13	19	5	13	360.87	0		19.818104
7	46	3	0	0	10	13	19	5	13	360.87	0		19.818104
7	39	1	0	19	14	0	29	5	12	278.35	1		1.478713
17	117	2	0	26	0	0	26	7	13	461.27	0		34.361319
17	118	2	0	19	0	13	26	7	13	461.27	0		34.361319
17	119	3	0	0	15	13	19	5	13	360.87	0		19.818104
17	120	3	0	0	20	13	19	5	13	360.87	0		19.818104
17	112	1	0	19	19	0	29	5	12	278.35	1		1.478713
17	113	1	0	19	14	12	29	5	12	278.35	1		1.478713
17	114	1	0	19	19	12	29	5	12	278.35	1		1.478713
17	115	1	0	26	7	0	29	5	12	278.35	1		1.478713
17	116	1	0	26	7	12	29	5	12	278.35	1		1.478713


-------------------------------------------------------------------------------------------------------------------
Tour_Id:			10
No_of_Customers:		3
No_of_Items:			16
Customer_Sequence:		60 36 32 

CustId	Id	TypeId	Rotated	x	y	z	Length	Width	Height	mass	Fragility	LoadBearingStrength
32	218	2	0	0	0	0	26	7	13	461.27	0		34.361319
32	219	2	0	0	7	0	26	7	13	461.27	0		34.361319
32	220	3	0	0	14	0	19	5	13	360.87	0		19.818104
32	217	1	0	0	19	0	29	5	12	278.35	1		1.478713
36	243	2	0	0	0	13	26	7	13	461.27	0		34.361319
36	244	2	0	0	7	13	26	7	13	461.27	0		34.361319
36	245	3	0	0	14	13	19	5	13	360.87	0		19.818104
36	241	1	0	0	19	12	29	5	12	278.35	1		1.478713
36	242	1	0	19	14	0	29	5	12	278.35	1		1.478713
60	396	2	0	26	0	0	26	7	13	461.27	0		34.361319
60	397	2	0	26	7	0	26	7	13	461.27	0		34.361319
60	398	3	0	26	0	13	19	5	13	360.87	0		19.818104
60	399	3	0	26	5	13	19	5	13	360.87	0		19.818104
60	400	3	0	26	10	13	19	5	13	360.87	0		19.818104
60	394	1	0	29	19	0	29	5	12	278.35	1		1.478713
60	395	1	0	29	19	12	29	5	12	278.35	1		1.478713


-------------------------------------------------------------------------------------------------------------------
Tour_Id:			11
No_of_Customers:		3
No_of_Items:			19
Customer_Sequence:		43 29 40 

CustId	Id	TypeId	Rotated	x	y	z	Length	Width	Height	mass	Fragility	LoadBearingStrength
40	262	2	0	0	0	0	26	7	13	461.27	0		34.361319
29	198	1	0	0	7	0	29	5	12	278.35	1		1.478713
40	264	2	0	0	12	0	26	7	13	461.27	0		34.361319
40	265	3	0	0	19	0	19	5	13	360.87	0		19.818104
40	260	1	0	0	0	13	29	5	12	278.35	1		1.478713
40	261	1	0	0	12	13	29	5	12	278.35	1		1.478713
29	199	2	0	0	17	13	26	7	13	461.27	0		34.361319
29	201	3	0	19	19	0	19	5	13	360.87	0		19.818104
29	200	2	0	29	0	0	26	7	13	461.27	0		34.361319
40	263	2	0	26	12	0	26	7	13	461.27	0		34.361319
43	281	2	0	29	0	13	26	7	13	461.27	0		34.361319
43	282	2	0	29	12	13	26	7	13	461.27	0		34.361319
43	283	3	0	29	7	0	19	5	13	360.87	0		19.818104
43	284	3	0	29	7	13	19	5	13	360.87	0		19.818104
43	285	3	0	38	19	0	19	5	13	360.87	0		19.818104
43	286	3	0	26	19	13	19	5	13	360.87	0		19.818104
43	287	3	1	55	0	0	19	5	13	360.87	0		19.818104
43	288	3	1	55	0	13	19	5	13	360.87	0		19.818104
43	280	1	0	0	7	12	29	5	12	278.35	1		1.478713


-------------------------------------------------------------------------------------------------------------------
Tour_Id:			12
No_of_Customers:		3
No_of_Items:			19
Customer_Sequence:		38 42 50 

CustId	Id	TypeId	Rotated	x	y	z	Length	Width	Height	mass	Fragility	LoadBearingStrength
50	332	2	0	0	0	0	26	7	13	461.27	0		34.361319
50	333	2	0	0	7	0	26	7	13	461.27	0		34.361319
50	334	3	0	0	14	0	19	5	13	360.87	0		19.818104
50	335	3	0	0	19	0	19	5	13	360.87	0		19.818104
50	329	1	0	0	0	13	29	5	12	278.35	1		1.478713
50	330	1	0	0	5	13	29	5	12	278.35	1		1.478713
50	331	1	0	0	10	13	29	5	12	278.35	1		1.478713
42	275	2	0	29	0	0	26	7	13	461.27	0		34.361319
42	278	3	0	0	15	13	19	5	13	360.87	0		19.818104
42	273	1	0	19	15	0	29	5	12	278.35	1		1.478713
42	277	2	0	29	7	0	26	7	13	461.27	0		34.361319
42	279	3	0	0	20	13	19	5	13	360.87	0		19.818104
42	276	2	0	29	0	13	26	7	13	461.27	0		34.361319
42	274	1	0	19	20	0	29	5	12	278.35	1		1.478713
38	251	2	0	29	7	13	26	7	13	461.27	0		34.361319
38	252	3	1	55	0	0	19	5	13	360.87	0		19.818104
38	253	3	1	55	0	13	19	5	13	360.87	0		19.818104
38	249	1	0	19	15	12	29	5	12	278.35	1		1.478713
38	250	1	0	19	20	12	29	5	12	278.35	1		1.478713


-------------------------------------------------------------------------------------------------------------------
Tour_Id:			13
No_of_Customers:		3
No_of_Items:			19
Customer_Sequence:		19 28 57 

CustId	Id	TypeId	Rotated	x	y	z	Length	Width	Height	mass	Fragility	LoadBearingStrength
28	196	3	0	0	0	0	19	5	13	360.87	0		19.818104
57	380	2	0	0	5	0	26	7	13	461.27	0		34.361319
57	381	2	0	0	12	0	26	7	13	461.27	0		34.361319
28	195	2	0	0	0	13	26	7	13	461.27	0		34.361319
28	193	2	0	0	7	13	26	7	13	461.27	0		34.361319
57	382	3	0	0	19	0	19	5	13	360.87	0		19.818104
19	130	3	0	0	14	13	19	5	13	360.87	0		19.818104
57	383	3	0	0	19	13	19	5	13	360.87	0		19.818104
57	379	2	0	26	5	0	26	7	13	461.27	0		34.361319
28	197	3	0	19	0	0	19	5	13	360.87	0		19.818104
28	192	1	0	19	19	0	29	5	12	278.35	1		1.478713
19	127	1	0	19	19	12	29	5	12	278.35	1		1.478713
28	194	2	0	26	12	0	26	7	13	461.27	0		34.361319
19	129	2	0	26	5	13	26	7	13	461.27	0		34.361319
19	128	1	0	19	14	13	29	5	12	278.35	1		1.478713
19	133	3	0	38	0	0	19	5	13	360.87	0		19.818104
19	126	1	0	26	0	13	29	5	12	278.35	1		1.478713
19	131	3	1	52	5	0	19	5	13	360.87	0		19.818104
19	132	3	1	52	5	13	19	5	13	360.87	0		19.818104


-------------------------------------------------------------------------------------------------------------------
Tour_Id:			14
No_of_Customers:		3
No_of_Items:			18
Customer_Sequence:		9 12 45 

CustId	Id	TypeId	Rotated	x	y	z	Length	Width	Height	mass	Fragility	LoadBearingStrength
12	80	2	0	0	0	0	26	7	13	461.27	0		34.361319
45	297	2	0	0	7	0	26	7	13	461.27	0		34.361319
45	298	3	0	0	14	0	19	5	13	360.87	0		19.818104
45	295	1	0	0	19	0	29	5	12	278.35	1		1.478713
9	60	2	0	0	0	13	26	7	13	461.27	0		34.361319
45	296	2	0	0	7	13	26	7	13	461.27	0		34.361319
9	58	2	0	26	0	0	26	7	13	461.27	0		34.361319
12	75	1	0	0	19	12	29	5	12	278.35	1		1.478713
12	77	1	0	19	14	0	29	5	12	278.35	1		1.478713
12	79	2	0	26	7	0	26	7	13	461.27	0		34.361319
12	81	3	0	0	14	13	19	5	13	360.87	0		19.818104
9	59	2	0	26	0	13	26	7	13	461.27	0		34.361319
9	56	1	0	19	14	12	29	5	12	278.35	1		1.478713
12	78	1	0	26	7	13	29	5	12	278.35	1		1.478713
12	76	1	0	29	19	0	29	5	12	278.35	1		1.478713
9	62	3	1	55	0	0	19	5	13	360.87	0		19.818104
9	61	3	1	55	0	13	19	5	13	360.87	0		19.818104
9	57	1	0	29	19	12	29	5	12	278.35	1		1.478713


-------------------------------------------------------------------------------------------------------------------
Tour_Id:			15
No_of_Customers:		2
No_of_Items:			16
Customer_Sequence:		23 22 

CustId	Id	TypeId	Rotated	x	y	z	Length	Width	Height	mass	Fragility	LoadBearingStrength
22	151	2	0	0	0	0	26	7	13	461.27	0		34.361319
22	150	1	0	0	7	0	29	5	12	278.35	1		1.478713
22	149	1	0	0	12	0	29	5	12	278.35	1		1.478713
22	154	2	0	0	17	0	26	7	13	461.27	0		34.361319
22	146	1	0	0	7	12	29	5	12	278.35	1		1.478713
22	147	1	0	0	12	12	29	5	12	278.35	1		1.478713
22	148	1	0	0	0	13	29	5	12	278.35	1		1.478713
23	157	2	0	0	17	13	26	7	13	461.27	0		34.361319
22	152	2	0	26	0	0	26	7	13	461.27	0		34.361319
23	155	2	0	26	17	0	26	7	13	461.27	0		34.361319
23	156	2	0	26	17	13	26	7	13	461.27	0		34.361319
22	153	2	0	29	7	0	26	7	13	461.27	0		34.361319
23	158	2	0	29	0	13	26	7	13	461.27	0		34.361319
23	159	2	0	29	7	13	26	7	13	461.27	0		34.361319
23	160	3	1	55	0	0	19	5	13	360.87	0		19.818104
23	161	3	1	55	0	13	19	5	13	360.87	0		19.818104


-------------------------------------------------------------------------------------------------------------------
Tour_Id:			16
No_of_Customers:		3
No_of_Items:			18
Customer_Sequence:		35 21 30 

CustId	Id	TypeId	Rotated	x	y	z	Length	Width	Height	mass	Fragility	LoadBearingStrength
30	204	3	0	0	0	0	19	5	13	360.87	0		19.818104
30	203	2	0	0	5	0	26	7	13	461.27	0		34.361319
35	233	2	0	0	12	0	26	7	13	461.27	0		34.361319
35	236	2	0	0	0	13	26	7	13	461.27	0		34.361319
30	207	3	0	0	19	0	19	5	13	360.87	0		19.818104
30	202	1	0	0	7	13	29	5	12	278.35	1		1.478713
30	208	3	0	0	19	13	19	5	13	360.87	0		19.818104
21	145	2	0	26	0	0	26	7	13	461.27	0		34.361319
35	237	2	0	0	12	13	26	7	13	461.27	0		34.361319
21	144	1	0	19	19	0	29	5	12	278.35	1		1.478713
30	205	3	0	26	7	0	19	5	13	360.87	0		19.818104
35	234	2	0	26	12	0	26	7	13	461.27	0		34.361319
35	235	2	0	26	0	13	26	7	13	461.27	0		34.361319
30	206	3	0	29	7	13	19	5	13	360.87	0		19.818104
21	143	1	0	19	19	12	29	5	12	278.35	1		1.478713
35	238	3	0	26	12	13	19	5	13	360.87	0		19.818104
35	239	3	1	52	0	0	19	5	13	360.87	0		19.818104
35	240	3	1	52	0	13	19	5	13	360.87	0		19.818104


-------------------------------------------------------------------------------------------------------------------
Tour_Id:			17
No_of_Customers:		2
No_of_Items:			18
Customer_Sequence:		48 51 

CustId	Id	TypeId	Rotated	x	y	z	Length	Width	Height	mass	Fragility	LoadBearingStrength
51	337	2	0	0	0	0	26	7	13	461.27	0		34.361319
51	344	3	0	0	7	0	19	5	13	360.87	0		19.818104
51	339	2	0	0	12	0	26	7	13	461.27	0		34.361319
51	340	2	0	0	0	13	26	7	13	461.27	0		34.361319
51	343	3	0	0	19	0	19	5	13	360.87	0		19.818104
51	342	3	0	0	7	13	19	5	13	360.87	0		19.818104
48	318	2	0	0	12	13	26	7	13	461.27	0		34.361319
51	338	2	0	26	0	0	26	7	13	461.27	0		34.361319
51	336	1	0	19	7	0	29	5	12	278.35	1		1.478713
48	317	2	0	26	12	0	26	7	13	461.27	0		34.361319
51	341	2	0	26	0	13	26	7	13	461.27	0		34.361319
48	321	3	0	0	19	13	19	5	13	360.87	0		19.818104
48	314	1	0	19	19	0	29	5	12	278.35	1		1.478713
48	319	2	0	26	12	13	26	7	13	461.27	0		34.361319
48	322	3	1	52	0	0	19	5	13	360.87	0		19.818104
48	320	3	1	52	0	13	19	5	13	360.87	0		19.818104
48	315	1	0	19	7	12	29	5	12	278.35	1		1.478713
48	316	1	0	19	19	12	29	5	12	278.35	1		1.478713


-------------------------------------------------------------------------------------------------------------------
Tour_Id:			18
No_of_Customers:		3
No_of_Items:			19
Customer_Sequence:		49 44 2 

CustId	Id	TypeId	Rotated	x	y	z	Length	Width	Height	mass	Fragility	LoadBearingStrength
2	9	2	0	0	0	0	26	7	13	461.27	0		34.361319
2	10	2	0	0	7	0	26	7	13	461.27	0		34.361319
44	292	3	0	0	14	0	19	5	13	360.87	0		19.818104
2	12	3	0	0	19	0	19	5	13	360.87	0		19.818104
2	13	3	0	0	0	13	19	5	13	360.87	0		19.818104
2	14	3	0	0	5	13	19	5	13	360.87	0		19.818104
2	8	1	0	19	19	0	29	5	12	278.35	1		1.478713
2	11	2	0	26	0	0	26	7	13	461.27	0		34.361319
44	289	1	0	0	10	13	29	5	12	278.35	1		1.478713
44	293	3	0	0	15	13	19	5	13	360.87	0		19.818104
44	294	3	0	0	20	13	19	5	13	360.87	0		19.818104
44	291	2	0	19	0	13	26	7	13	461.27	0		34.361319
44	290	1	0	19	14	0	29	5	12	278.35	1		1.478713
49	325	2	0	29	7	0	26	7	13	461.27	0		34.361319
49	326	2	0	29	7	13	26	7	13	461.27	0		34.361319
49	327	3	1	55	0	0	19	5	13	360.87	0		19.818104
49	328	3	1	55	0	13	19	5	13	360.87	0		19.818104
49	323	1	0	19	15	12	29	5	12	278.35	1		1.478713
49	324	1	0	19	20	12	29	5	12	278.35	1		1.478713


-------------------------------------------------------------------------------------------------------------------
Tour_Id:			19
No_of_Customers:		2
No_of_Items:			17
Customer_Sequence:		31 24 

CustId	Id	TypeId	Rotated	x	y	z	Length	Width	Height	mass	Fragility	LoadBearingStrength
24	167	2	0	0	0	0	26	7	13	461.27	0		34.361319
24	165	1	0	0	7	0	29	5	12	278.35	1		1.478713
24	169	2	0	0	12	0	26	7	13	461.27	0		34.361319
24	170	3	0	0	19	0	19	5	13	360.87	0		19.818104
24	162	1	0	0	7	12	29	5	12	278.35	1		1.478713
24	163	1	0	0	0	13	29	5	12	278.35	1		1.478713
24	164	1	0	0	12	13	29	5	12	278.35	1		1.478713
24	168	2	0	0	17	13	26	7	13	461.27	0		34.361319
24	166	1	0	19	19	0	29	5	12	278.35	1		1.478713
31	210	2	0	29	0	0	26	7	13	461.27	0		34.361319
31	211	2	0	29	7	0	26	7	13	461.27	0		34.361319
31	212	2	0	29	0	13	26	7	13	461.27	0		34.361319
31	213	2	0	29	7	13	26	7	13	461.27	0		34.361319
31	214	3	0	29	14	0	19	5	13	360.87	0		19.818104
31	215	3	0	29	14	13	19	5	13	360.87	0		19.818104
31	216	3	1	55	0	0	19	5	13	360.87	0		19.818104
31	209	1	0	26	19	12	29	5	12	278.35	1		1.478713


-------------------------------------------------------------------------------------------------------------------
Tour_Id:			20
No_of_Customers:		2
No_of_Items:			16
Customer_Sequence:		1 8 

CustId	Id	TypeId	Rotated	x	y	z	Length	Width	Height	mass	Fragility	LoadBearingStrength
8	52	2	0	0	0	0	26	7	13	461.27	0		34.361319
8	53	2	0	0	7	0	26	7	13	461.27	0		34.361319
8	54	3	0	0	14	0	19	5	13	360.87	0		19.818104
8	55	3	0	0	19	0	19	5	13	360.87	0		19.818104
8	47	1	0	0	0	13	29	5	12	278.35	1		1.478713
8	48	1	0	0	5	13	29	5	12	278.35	1		1.478713
8	49	1	0	0	10	13	29	5	12	278.35	1		1.478713
8	50	1	0	19	14	0	29	5	12	278.35	1		1.478713
8	51	1	0	19	19	0	29	5	12	278.35	1		1.478713
1	3	2	0	29	0	0	26	7	13	461.27	0		34.361319
1	4	2	0	29	7	0	26	7	13	461.27	0		34.361319
1	5	2	0	29	0	13	26	7	13	461.27	0		34.361319
1	6	2	0	29	7	13	26	7	13	461.27	0		34.361319
1	7	3	0	0	15	13	19	5	13	360.87	0		19.818104
1	1	1	0	19	15	12	29	5	12	278.35	1		1.478713
1	2	1	0	19	20	12	29	5	12	278.35	1		1.478713


-------------------------------------------------------------------------------------------------------------------
Tour_Id:			21
No_of_Customers:		2
No_of_Items:			16
Customer_Sequence:		11 20 

CustId	Id	TypeId	Rotated	x	y	z	Length	Width	Height	mass	Fragility	LoadBearingStrength
20	136	2	0	0	0	0	26	7	13	461.27	0		34.361319
20	137	2	0	0	7	0	26	7	13	461.27	0		34.361319
20	138	3	0	0	14	0	19	5	13	360.87	0		19.818104
20	139	3	0	0	19	0	19	5	13	360.87	0		19.818104
20	140	3	0	0	0	13	19	5	13	360.87	0		19.818104
20	141	3	0	0	5	13	19	5	13	360.87	0		19.818104
20	142	3	0	0	10	13	19	5	13	360.87	0		19.818104
20	134	1	0	19	14	0	29	5	12	278.35	1		1.478713
20	135	1	0	19	19	0	29	5	12	278.35	1		1.478713
11	71	2	0	26	0	0	26	7	13	461.27	0		34.361319
11	72	3	0	0	15	13	19	5	13	360.87	0		19.818104
11	73	3	0	0	20	13	19	5	13	360.87	0		19.818104
11	74	3	0	19	0	13	19	5	13	360.87	0		19.818104
11	68	1	0	19	14	12	29	5	12	278.35	1		1.478713
11	69	1	0	19	19	12	29	5	12	278.35	1		1.478713
11	70	1	0	26	7	0	29	5	12	278.35	1		1.478713


-------------------------------------------------------------------------------------------------------------------
Tour_Id:			22
No_of_Customers:		3
No_of_Items:			18
Customer_Sequence:		25 33 18 

CustId	Id	TypeId	Rotated	x	y	z	Length	Width	Height	mass	Fragility	LoadBearingStrength
18	124	2	0	0	0	0	26	7	13	461.27	0		34.361319
18	125	3	0	0	7	0	19	5	13	360.87	0		19.818104
33	224	2	0	0	12	0	26	7	13	461.27	0		34.361319
18	121	1	0	0	19	0	29	5	12	278.35	1		1.478713
18	123	1	0	0	19	12	29	5	12	278.35	1		1.478713
33	223	1	0	0	0	13	29	5	12	278.35	1		1.478713
33	225	2	0	0	5	13	26	7	13	461.27	0		34.361319
33	226	2	0	0	12	13	26	7	13	461.27	0		34.361319
33	227	2	0	26	0	0	26	7	13	461.27	0		34.361319
33	221	1	0	19	7	0	29	5	12	278.35	1		1.478713
33	222	1	0	26	12	0	29	5	12	278.35	1		1.478713
25	174	2	0	29	0	13	26	7	13	461.27	0		34.361319
18	122	1	0	29	19	0	29	5	12	278.35	1		1.478713
25	175	3	1	55	0	0	19	5	13	360.87	0		19.818104
25	176	3	1	55	0	13	19	5	13	360.87	0		19.818104
25	171	1	0	26	7	12	29	5	12	278.35	1		1.478713
25	172	1	0	26	12	12	29	5	12	278.35	1		1.478713
25	173	1	0	29	19	12	29	5	12	278.35	1		1.478713


-------------------------------------------------------------------------------------------------------------------
Tour_Id:			23
No_of_Customers:		3
No_of_Items:			17
Customer_Sequence:		10 14 59 

CustId	Id	TypeId	Rotated	x	y	z	Length	Width	Height	mass	Fragility	LoadBearingStrength
59	389	2	0	0	0	0	26	7	13	461.27	0		34.361319
59	388	1	0	0	7	0	29	5	12	278.35	1		1.478713
59	391	2	0	0	12	0	26	7	13	461.27	0		34.361319
59	392	2	0	0	0	13	26	7	13	461.27	0		34.361319
59	393	3	0	0	19	0	19	5	13	360.87	0		19.818104
59	390	2	0	0	12	13	26	7	13	461.27	0		34.361319
14	93	2	0	26	0	0	26	7	13	461.27	0		34.361319
14	94	2	0	26	12	0	26	7	13	461.27	0		34.361319
14	95	2	0	26	0	13	26	7	13	461.27	0		34.361319
14	90	1	0	0	7	12	29	5	12	278.35	1		1.478713
14	91	1	0	19	19	0	29	5	12	278.35	1		1.478713
14	92	1	0	19	19	12	29	5	12	278.35	1		1.478713
10	63	2	0	26	12	13	26	7	13	461.27	0		34.361319
10	64	3	0	29	7	0	19	5	13	360.87	0		19.818104
10	65	3	0	29	7	13	19	5	13	360.87	0		19.818104
10	66	3	1	52	0	0	19	5	13	360.87	0		19.818104
10	67	3	1	52	0	13	19	5	13	360.87	0		19.818104


