Name:				363_n060_m400_bt3
Problem:			3L-VRPTW
Number_of_used_Vehicles:	41
Total_Travel_Distance:		2719.85
Calculation_Time:		972.64
Total_Iterations:		8469
ConstraintSet:			P1

-------------------------------------------------------------------------------------------------------------------
Tour_Id:			1
No_of_Customers:		1
No_of_Items:			0
Customer_Sequence:		46 

-------------------------------------------------------------------------------------------------------------------
Tour_Id:			2
No_of_Customers:		1
No_of_Items:			0
Customer_Sequence:		50 

-------------------------------------------------------------------------------------------------------------------
Tour_Id:			3
No_of_Customers:		1
No_of_Items:			0
Customer_Sequence:		19 

-------------------------------------------------------------------------------------------------------------------
Tour_Id:			4
No_of_Customers:		2
No_of_Items:			12
Customer_Sequence:		38 33 

CustId	Id	TypeId	Rotated	x	y	z	Length	Width	Height	mass	Fragility	LoadBearingStrength
33	208	1	0	0	0	0	25	12	14	575.64	0		7.409310
33	209	1	0	0	12	0	25	12	14	575.64	0		7.409310
33	210	1	0	0	0	14	25	12	14	575.64	0		7.409310
38	240	1	0	0	12	14	25	12	14	575.64	0		7.409310
33	213	3	0	25	0	0	18	11	9	359.99	1		2.301769
33	212	2	0	25	11	0	19	14	11	620.12	0		16.596498
33	214	3	0	25	0	9	18	11	9	359.99	1		2.301769
33	215	3	0	25	0	18	18	11	9	359.99	1		2.301769
33	211	2	1	44	0	0	19	14	11	620.12	0		16.596498
38	241	2	0	25	11	11	19	14	11	620.12	0		16.596498
38	242	3	1	44	0	11	18	11	9	359.99	1		2.301769
38	243	3	1	44	0	20	18	11	9	359.99	1		2.301769


-------------------------------------------------------------------------------------------------------------------
Tour_Id:			5
No_of_Customers:		1
No_of_Items:			0
Customer_Sequence:		57 

-------------------------------------------------------------------------------------------------------------------
Tour_Id:			6
No_of_Customers:		1
No_of_Items:			0
Customer_Sequence:		12 

-------------------------------------------------------------------------------------------------------------------
Tour_Id:			7
No_of_Customers:		1
No_of_Items:			0
Customer_Sequence:		53 

-------------------------------------------------------------------------------------------------------------------
Tour_Id:			8
No_of_Customers:		2
No_of_Items:			12
Customer_Sequence:		43 34 

CustId	Id	TypeId	Rotated	x	y	z	Length	Width	Height	mass	Fragility	LoadBearingStrength
34	216	1	0	0	0	0	25	12	14	575.64	0		7.409310
34	217	2	0	0	0	14	19	14	11	620.12	0		16.596498
34	218	2	0	25	0	0	19	14	11	620.12	0		16.596498
34	219	2	0	25	0	11	19	14	11	620.12	0		16.596498
34	220	3	0	0	12	0	18	11	9	359.99	1		2.301769
43	271	1	1	44	0	0	25	12	14	575.64	0		7.409310
43	272	2	1	44	0	14	19	14	11	620.12	0		16.596498
43	273	3	0	25	14	0	18	11	9	359.99	1		2.301769
43	274	3	0	0	14	9	18	11	9	359.99	1		2.301769
43	275	3	0	0	14	18	18	11	9	359.99	1		2.301769
43	276	3	0	25	14	9	18	11	9	359.99	1		2.301769
43	277	3	0	25	14	18	18	11	9	359.99	1		2.301769


-------------------------------------------------------------------------------------------------------------------
Tour_Id:			9
No_of_Customers:		2
No_of_Items:			12
Customer_Sequence:		21 29 

CustId	Id	TypeId	Rotated	x	y	z	Length	Width	Height	mass	Fragility	LoadBearingStrength
29	181	2	0	0	0	0	19	14	11	620.12	0		16.596498
29	180	2	0	0	0	11	19	14	11	620.12	0		16.596498
29	184	3	0	0	14	0	18	11	9	359.99	1		2.301769
29	182	3	0	0	14	9	18	11	9	359.99	1		2.301769
29	179	1	0	19	0	0	25	12	14	575.64	0		7.409310
29	183	3	0	0	14	18	18	11	9	359.99	1		2.301769
21	136	1	0	19	12	0	25	12	14	575.64	0		7.409310
21	137	1	0	19	0	14	25	12	14	575.64	0		7.409310
21	138	1	0	19	12	14	25	12	14	575.64	0		7.409310
21	139	3	1	44	0	0	18	11	9	359.99	1		2.301769
21	140	3	1	44	0	9	18	11	9	359.99	1		2.301769
21	141	3	1	44	0	18	18	11	9	359.99	1		2.301769


-------------------------------------------------------------------------------------------------------------------
Tour_Id:			10
No_of_Customers:		2
No_of_Items:			12
Customer_Sequence:		56 10 

CustId	Id	TypeId	Rotated	x	y	z	Length	Width	Height	mass	Fragility	LoadBearingStrength
10	67	2	0	0	0	0	19	14	11	620.12	0		16.596498
10	69	2	0	0	0	11	19	14	11	620.12	0		16.596498
10	66	1	0	19	0	0	25	12	14	575.64	0		7.409310
10	64	1	0	19	12	0	25	12	14	575.64	0		7.409310
10	68	2	0	19	0	14	19	14	11	620.12	0		16.596498
10	65	1	1	44	0	0	25	12	14	575.64	0		7.409310
10	70	3	0	0	14	0	18	11	9	359.99	1		2.301769
10	71	3	0	0	14	9	18	11	9	359.99	1		2.301769
56	369	2	0	38	0	14	19	14	11	620.12	0		16.596498
56	370	3	0	0	14	18	18	11	9	359.99	1		2.301769
56	371	3	0	18	14	14	18	11	9	359.99	1		2.301769
56	372	3	0	36	14	14	18	11	9	359.99	1		2.301769


-------------------------------------------------------------------------------------------------------------------
Tour_Id:			11
No_of_Customers:		1
No_of_Items:			0
Customer_Sequence:		8 

-------------------------------------------------------------------------------------------------------------------
Tour_Id:			12
No_of_Customers:		2
No_of_Items:			12
Customer_Sequence:		27 42 

CustId	Id	TypeId	Rotated	x	y	z	Length	Width	Height	mass	Fragility	LoadBearingStrength
42	265	1	0	0	0	0	25	12	14	575.64	0		7.409310
42	266	1	0	0	12	0	25	12	14	575.64	0		7.409310
42	267	1	0	0	0	14	25	12	14	575.64	0		7.409310
27	167	1	0	0	12	14	25	12	14	575.64	0		7.409310
42	269	3	0	25	0	0	18	11	9	359.99	1		2.301769
42	270	3	0	25	11	0	18	11	9	359.99	1		2.301769
42	268	3	0	25	0	9	18	11	9	359.99	1		2.301769
27	168	2	1	43	0	0	19	14	11	620.12	0		16.596498
27	169	2	1	43	0	11	19	14	11	620.12	0		16.596498
27	170	3	0	25	11	9	18	11	9	359.99	1		2.301769
27	171	3	0	25	0	18	18	11	9	359.99	1		2.301769
27	172	3	0	25	11	18	18	11	9	359.99	1		2.301769


-------------------------------------------------------------------------------------------------------------------
Tour_Id:			13
No_of_Customers:		1
No_of_Items:			0
Customer_Sequence:		15 

-------------------------------------------------------------------------------------------------------------------
Tour_Id:			14
No_of_Customers:		1
No_of_Items:			0
Customer_Sequence:		5 

-------------------------------------------------------------------------------------------------------------------
Tour_Id:			15
No_of_Customers:		2
No_of_Items:			11
Customer_Sequence:		16 48 

CustId	Id	TypeId	Rotated	x	y	z	Length	Width	Height	mass	Fragility	LoadBearingStrength
48	311	1	0	0	0	0	25	12	14	575.64	0		7.409310
48	312	1	0	0	12	0	25	12	14	575.64	0		7.409310
48	313	2	0	0	0	14	19	14	11	620.12	0		16.596498
48	314	2	0	25	0	0	19	14	11	620.12	0		16.596498
48	315	2	0	25	0	11	19	14	11	620.12	0		16.596498
48	316	3	0	0	14	14	18	11	9	359.99	1		2.301769
48	317	3	0	25	14	0	18	11	9	359.99	1		2.301769
48	318	3	0	25	14	9	18	11	9	359.99	1		2.301769
16	110	1	1	44	0	0	25	12	14	575.64	0		7.409310
16	111	2	1	44	0	14	19	14	11	620.12	0		16.596498
16	112	3	0	25	14	18	18	11	9	359.99	1		2.301769


-------------------------------------------------------------------------------------------------------------------
Tour_Id:			16
No_of_Customers:		2
No_of_Items:			12
Customer_Sequence:		18 30 

CustId	Id	TypeId	Rotated	x	y	z	Length	Width	Height	mass	Fragility	LoadBearingStrength
30	185	1	0	0	0	0	25	12	14	575.64	0		7.409310
30	186	1	0	0	12	0	25	12	14	575.64	0		7.409310
30	187	1	0	0	0	14	25	12	14	575.64	0		7.409310
30	188	2	0	25	0	0	19	14	11	620.12	0		16.596498
30	189	3	0	0	12	14	18	11	9	359.99	1		2.301769
30	190	3	0	25	14	0	18	11	9	359.99	1		2.301769
30	191	3	0	25	14	9	18	11	9	359.99	1		2.301769
30	192	3	0	25	0	11	18	11	9	359.99	1		2.301769
30	193	3	0	25	14	18	18	11	9	359.99	1		2.301769
18	119	1	1	44	0	0	25	12	14	575.64	0		7.409310
18	120	2	1	43	0	14	19	14	11	620.12	0		16.596498
18	121	3	0	25	0	20	18	11	9	359.99	1		2.301769


-------------------------------------------------------------------------------------------------------------------
Tour_Id:			17
No_of_Customers:		1
No_of_Items:			0
Customer_Sequence:		44 

-------------------------------------------------------------------------------------------------------------------
Tour_Id:			18
No_of_Customers:		2
No_of_Items:			10
Customer_Sequence:		49 17 

CustId	Id	TypeId	Rotated	x	y	z	Length	Width	Height	mass	Fragility	LoadBearingStrength
17	113	1	0	0	0	0	25	12	14	575.64	0		7.409310
17	114	1	0	0	12	0	25	12	14	575.64	0		7.409310
17	115	1	0	0	0	14	25	12	14	575.64	0		7.409310
17	116	1	0	0	12	14	25	12	14	575.64	0		7.409310
17	117	2	0	25	0	0	19	14	11	620.12	0		16.596498
49	321	2	0	25	0	11	19	14	11	620.12	0		16.596498
49	319	1	1	44	0	0	25	12	14	575.64	0		7.409310
49	320	1	1	44	0	14	25	12	14	575.64	0		7.409310
17	118	3	0	25	14	0	18	11	9	359.99	1		2.301769
49	322	3	0	25	14	9	18	11	9	359.99	1		2.301769


-------------------------------------------------------------------------------------------------------------------
Tour_Id:			19
No_of_Customers:		1
No_of_Items:			0
Customer_Sequence:		11 

-------------------------------------------------------------------------------------------------------------------
Tour_Id:			20
No_of_Customers:		2
No_of_Items:			12
Customer_Sequence:		52 22 

CustId	Id	TypeId	Rotated	x	y	z	Length	Width	Height	mass	Fragility	LoadBearingStrength
22	143	2	0	0	0	0	19	14	11	620.12	0		16.596498
52	343	3	0	0	14	0	18	11	9	359.99	1		2.301769
22	144	3	0	0	0	11	18	11	9	359.99	1		2.301769
22	142	1	0	19	0	0	25	12	14	575.64	0		7.409310
52	342	3	0	0	14	9	18	11	9	359.99	1		2.301769
52	339	1	0	18	0	14	25	12	14	575.64	0		7.409310
52	340	2	1	44	0	0	19	14	11	620.12	0		16.596498
52	341	2	1	44	0	11	19	14	11	620.12	0		16.596498
52	338	1	0	19	12	0	25	12	14	575.64	0		7.409310
52	337	1	0	18	12	14	25	12	14	575.64	0		7.409310
52	344	3	0	0	14	18	18	11	9	359.99	1		2.301769
52	345	3	0	0	0	20	18	11	9	359.99	1		2.301769


-------------------------------------------------------------------------------------------------------------------
Tour_Id:			21
No_of_Customers:		2
No_of_Items:			12
Customer_Sequence:		6 25 

CustId	Id	TypeId	Rotated	x	y	z	Length	Width	Height	mass	Fragility	LoadBearingStrength
25	154	1	0	0	0	0	25	12	14	575.64	0		7.409310
25	155	1	0	0	12	0	25	12	14	575.64	0		7.409310
25	156	2	0	0	0	14	19	14	11	620.12	0		16.596498
25	157	2	0	25	0	0	19	14	11	620.12	0		16.596498
25	158	3	0	0	14	14	18	11	9	359.99	1		2.301769
6	39	3	0	25	14	0	18	11	9	359.99	1		2.301769
6	41	3	0	25	14	9	18	11	9	359.99	1		2.301769
6	42	3	0	25	0	11	18	11	9	359.99	1		2.301769
6	40	3	0	25	14	18	18	11	9	359.99	1		2.301769
6	38	2	1	44	0	0	19	14	11	620.12	0		16.596498
6	37	1	1	44	0	11	25	12	14	575.64	0		7.409310
6	43	3	0	25	0	20	18	11	9	359.99	1		2.301769


-------------------------------------------------------------------------------------------------------------------
Tour_Id:			22
No_of_Customers:		1
No_of_Items:			0
Customer_Sequence:		40 

-------------------------------------------------------------------------------------------------------------------
Tour_Id:			23
No_of_Customers:		2
No_of_Items:			11
Customer_Sequence:		39 51 

CustId	Id	TypeId	Rotated	x	y	z	Length	Width	Height	mass	Fragility	LoadBearingStrength
51	332	1	0	0	0	0	25	12	14	575.64	0		7.409310
51	333	2	0	0	0	14	19	14	11	620.12	0		16.596498
51	334	3	0	0	12	0	18	11	9	359.99	1		2.301769
39	244	2	0	25	0	0	19	14	11	620.12	0		16.596498
51	336	3	0	18	14	0	18	11	9	359.99	1		2.301769
51	335	3	0	0	14	9	18	11	9	359.99	1		2.301769
39	245	2	0	25	0	11	19	14	11	620.12	0		16.596498
39	246	2	1	44	0	0	19	14	11	620.12	0		16.596498
39	247	2	1	44	0	11	19	14	11	620.12	0		16.596498
39	248	3	0	0	14	18	18	11	9	359.99	1		2.301769
39	249	3	0	18	14	9	18	11	9	359.99	1		2.301769


-------------------------------------------------------------------------------------------------------------------
Tour_Id:			24
No_of_Customers:		2
No_of_Items:			11
Customer_Sequence:		4 23 

CustId	Id	TypeId	Rotated	x	y	z	Length	Width	Height	mass	Fragility	LoadBearingStrength
23	148	2	0	0	0	0	19	14	11	620.12	0		16.596498
23	147	2	0	0	0	11	19	14	11	620.12	0		16.596498
23	146	1	0	19	0	0	25	12	14	575.64	0		7.409310
4	24	1	0	19	12	0	25	12	14	575.64	0		7.409310
23	145	1	0	19	0	14	25	12	14	575.64	0		7.409310
4	22	1	0	19	12	14	25	12	14	575.64	0		7.409310
4	23	1	1	44	0	0	25	12	14	575.64	0		7.409310
23	149	3	0	0	14	0	18	11	9	359.99	1		2.301769
4	25	1	1	44	0	14	25	12	14	575.64	0		7.409310
4	26	3	0	0	14	9	18	11	9	359.99	1		2.301769
4	27	3	0	0	14	18	18	11	9	359.99	1		2.301769


-------------------------------------------------------------------------------------------------------------------
Tour_Id:			25
No_of_Customers:		2
No_of_Items:			12
Customer_Sequence:		55 14 

CustId	Id	TypeId	Rotated	x	y	z	Length	Width	Height	mass	Fragility	LoadBearingStrength
55	364	1	0	0	0	0	25	12	14	575.64	0		7.409310
14	97	1	0	0	12	0	25	12	14	575.64	0		7.409310
14	96	1	0	0	12	14	25	12	14	575.64	0		7.409310
55	366	2	0	25	0	0	19	14	11	620.12	0		16.596498
14	99	3	0	25	14	0	18	11	9	359.99	1		2.301769
55	362	1	0	0	0	14	25	12	14	575.64	0		7.409310
14	100	3	0	25	14	9	18	11	9	359.99	1		2.301769
55	367	3	0	25	0	11	18	11	9	359.99	1		2.301769
55	365	2	1	44	0	0	19	14	11	620.12	0		16.596498
14	98	3	0	25	14	18	18	11	9	359.99	1		2.301769
55	363	1	1	44	0	11	25	12	14	575.64	0		7.409310
55	368	3	0	25	0	20	18	11	9	359.99	1		2.301769


-------------------------------------------------------------------------------------------------------------------
Tour_Id:			26
No_of_Customers:		1
No_of_Items:			0
Customer_Sequence:		1 

-------------------------------------------------------------------------------------------------------------------
Tour_Id:			27
No_of_Customers:		1
No_of_Items:			0
Customer_Sequence:		2 

-------------------------------------------------------------------------------------------------------------------
Tour_Id:			28
No_of_Customers:		2
No_of_Items:			12
Customer_Sequence:		20 36 

CustId	Id	TypeId	Rotated	x	y	z	Length	Width	Height	mass	Fragility	LoadBearingStrength
36	229	1	0	0	0	0	25	12	14	575.64	0		7.409310
36	230	2	0	0	0	14	19	14	11	620.12	0		16.596498
36	231	2	0	25	0	0	19	14	11	620.12	0		16.596498
36	232	2	0	25	0	11	19	14	11	620.12	0		16.596498
36	233	3	0	0	12	0	18	11	9	359.99	1		2.301769
36	234	3	0	25	14	0	18	11	9	359.99	1		2.301769
20	130	1	1	44	0	0	25	12	14	575.64	0		7.409310
20	131	1	1	44	0	14	25	12	14	575.64	0		7.409310
20	132	3	0	0	14	9	18	11	9	359.99	1		2.301769
20	133	3	0	0	14	18	18	11	9	359.99	1		2.301769
20	134	3	0	25	14	9	18	11	9	359.99	1		2.301769
20	135	3	0	25	14	18	18	11	9	359.99	1		2.301769


-------------------------------------------------------------------------------------------------------------------
Tour_Id:			29
No_of_Customers:		1
No_of_Items:			0
Customer_Sequence:		31 

-------------------------------------------------------------------------------------------------------------------
Tour_Id:			30
No_of_Customers:		1
No_of_Items:			0
Customer_Sequence:		26 

-------------------------------------------------------------------------------------------------------------------
Tour_Id:			31
No_of_Customers:		2
No_of_Items:			10
Customer_Sequence:		7 3 

CustId	Id	TypeId	Rotated	x	y	z	Length	Width	Height	mass	Fragility	LoadBearingStrength
3	17	1	0	0	0	0	25	12	14	575.64	0		7.409310
3	18	1	0	0	12	0	25	12	14	575.64	0		7.409310
3	19	1	0	0	0	14	25	12	14	575.64	0		7.409310
7	46	2	0	25	0	0	19	14	11	620.12	0		16.596498
3	20	1	0	0	12	14	25	12	14	575.64	0		7.409310
7	45	2	0	25	0	11	19	14	11	620.12	0		16.596498
7	44	1	1	44	0	0	25	12	14	575.64	0		7.409310
3	21	3	0	25	14	0	18	11	9	359.99	1		2.301769
7	47	2	1	44	0	14	19	14	11	620.12	0		16.596498
7	48	3	0	25	14	9	18	11	9	359.99	1		2.301769


-------------------------------------------------------------------------------------------------------------------
Tour_Id:			32
No_of_Customers:		2
No_of_Items:			12
Customer_Sequence:		58 54 

CustId	Id	TypeId	Rotated	x	y	z	Length	Width	Height	mass	Fragility	LoadBearingStrength
54	358	2	0	0	0	0	19	14	11	620.12	0		16.596498
54	357	2	0	0	0	11	19	14	11	620.12	0		16.596498
54	355	1	0	19	0	0	25	12	14	575.64	0		7.409310
54	356	1	0	19	12	0	25	12	14	575.64	0		7.409310
58	384	2	0	19	0	14	19	14	11	620.12	0		16.596498
54	359	3	0	0	14	0	18	11	9	359.99	1		2.301769
54	361	3	0	0	14	9	18	11	9	359.99	1		2.301769
58	382	1	1	44	0	0	25	12	14	575.64	0		7.409310
58	383	2	0	38	0	14	19	14	11	620.12	0		16.596498
54	360	3	0	0	14	18	18	11	9	359.99	1		2.301769
58	385	3	0	18	14	14	18	11	9	359.99	1		2.301769
58	386	3	0	36	14	14	18	11	9	359.99	1		2.301769


-------------------------------------------------------------------------------------------------------------------
Tour_Id:			33
No_of_Customers:		1
No_of_Items:			0
Customer_Sequence:		47 

-------------------------------------------------------------------------------------------------------------------
Tour_Id:			34
No_of_Customers:		2
No_of_Items:			13
Customer_Sequence:		35 37 

CustId	Id	TypeId	Rotated	x	y	z	Length	Width	Height	mass	Fragility	LoadBearingStrength
37	237	3	0	0	0	0	18	11	9	359.99	1		2.301769
37	236	2	0	0	11	0	19	14	11	620.12	0		16.596498
37	239	3	0	0	0	9	18	11	9	359.99	1		2.301769
37	238	3	0	0	11	11	18	11	9	359.99	1		2.301769
37	235	1	0	19	0	0	25	12	14	575.64	0		7.409310
35	223	2	0	18	0	14	19	14	11	620.12	0		16.596498
35	222	1	0	19	12	0	25	12	14	575.64	0		7.409310
35	221	1	1	44	0	0	25	12	14	575.64	0		7.409310
35	226	3	0	0	0	18	18	11	9	359.99	1		2.301769
35	225	3	0	0	11	20	18	11	9	359.99	1		2.301769
35	224	2	0	37	0	14	19	14	11	620.12	0		16.596498
35	227	3	0	18	14	14	18	11	9	359.99	1		2.301769
35	228	3	0	36	14	14	18	11	9	359.99	1		2.301769


-------------------------------------------------------------------------------------------------------------------
Tour_Id:			35
No_of_Customers:		1
No_of_Items:			0
Customer_Sequence:		45 

-------------------------------------------------------------------------------------------------------------------
Tour_Id:			36
No_of_Customers:		1
No_of_Items:			0
Customer_Sequence:		59 

-------------------------------------------------------------------------------------------------------------------
Tour_Id:			37
No_of_Customers:		1
No_of_Items:			0
Customer_Sequence:		32 

-------------------------------------------------------------------------------------------------------------------
Tour_Id:			38
No_of_Customers:		2
No_of_Items:			11
Customer_Sequence:		60 9 

CustId	Id	TypeId	Rotated	x	y	z	Length	Width	Height	mass	Fragility	LoadBearingStrength
9	58	1	0	0	0	0	25	12	14	575.64	0		7.409310
9	59	3	0	0	12	0	18	11	9	359.99	1		2.301769
60	396	1	0	0	0	14	25	12	14	575.64	0		7.409310
9	61	3	0	0	12	9	18	11	9	359.99	1		2.301769
9	62	3	0	0	12	18	18	11	9	359.99	1		2.301769
9	63	3	0	18	12	0	18	11	9	359.99	1		2.301769
9	60	3	0	18	12	9	18	11	9	359.99	1		2.301769
60	397	2	0	36	0	0	19	14	11	620.12	0		16.596498
60	398	2	0	36	0	11	19	14	11	620.12	0		16.596498
60	399	3	0	18	12	18	18	11	9	359.99	1		2.301769
60	400	3	0	36	14	0	18	11	9	359.99	1		2.301769


-------------------------------------------------------------------------------------------------------------------
Tour_Id:			39
No_of_Customers:		1
No_of_Items:			0
Customer_Sequence:		13 

-------------------------------------------------------------------------------------------------------------------
Tour_Id:			40
No_of_Customers:		2
No_of_Items:			10
Customer_Sequence:		28 24 

CustId	Id	TypeId	Rotated	x	y	z	Length	Width	Height	mass	Fragility	LoadBearingStrength
24	150	1	0	0	0	0	25	12	14	575.64	0		7.409310
24	151	1	0	0	12	0	25	12	14	575.64	0		7.409310
28	175	1	0	0	0	14	25	12	14	575.64	0		7.409310
28	173	1	0	0	12	14	25	12	14	575.64	0		7.409310
24	152	2	0	25	0	0	19	14	11	620.12	0		16.596498
24	153	3	0	25	14	0	18	11	9	359.99	1		2.301769
28	177	2	0	25	0	11	19	14	11	620.12	0		16.596498
28	176	2	1	44	0	0	19	14	11	620.12	0		16.596498
28	174	1	1	44	0	11	25	12	14	575.64	0		7.409310
28	178	3	0	25	14	9	18	11	9	359.99	1		2.301769


-------------------------------------------------------------------------------------------------------------------
Tour_Id:			41
No_of_Customers:		1
No_of_Items:			0
Customer_Sequence:		41 

