Name:				366_n060_m400_bt10
Problem:			3L-VRPTW
Number_of_used_Vehicles:	22
Total_Travel_Distance:		1692.04
Calculation_Time:		3600.00
Total_Iterations:		13816
ConstraintSet:			P1

-------------------------------------------------------------------------------------------------------------------
Tour_Id:			1
No_of_Customers:		3
No_of_Items:			21
Customer_Sequence:		3 22 25 

CustId	Id	TypeId	Rotated	x	y	z	Length	Width	Height	mass	Fragility	LoadBearingStrength
25	169	1	0	0	0	0	13	13	11	466.34	0		11.143288
22	151	1	0	0	0	11	13	13	11	466.34	0		11.143288
25	171	1	0	13	0	0	13	13	11	466.34	0		11.143288
25	174	7	0	0	13	0	34	6	10	429.42	1		10.110698
25	170	1	0	26	0	0	13	13	11	466.34	0		11.143288
25	175	8	0	0	19	0	24	6	8	231.31	0		9.517686
25	172	2	0	0	19	8	24	5	11	214.76	0		19.465250
22	155	7	0	0	13	10	34	6	10	429.42	1		10.110698
22	154	6	0	0	19	19	28	5	11	313.99	0		5.291625
3	21	7	0	0	13	20	34	6	10	429.42	1		10.110698
22	153	2	0	13	0	11	24	5	11	214.76	0		19.465250
25	173	4	0	39	0	0	14	13	6	242.44	0		8.395331
3	16	2	0	13	5	11	24	5	11	214.76	0		19.465250
3	15	1	0	39	0	6	13	13	11	466.34	0		11.143288
3	23	9	0	0	0	22	35	12	8	468.33	0		7.928466
3	19	5	0	34	13	0	14	7	13	239.70	0		6.237301
3	20	5	0	34	13	13	14	7	13	239.70	0		6.237301
3	22	8	1	53	0	0	24	6	8	231.31	0		9.517686
3	17	4	0	37	0	17	14	13	6	242.44	0		8.395331
3	18	4	0	35	0	23	14	13	6	242.44	0		8.395331
22	152	2	0	28	20	0	24	5	11	214.76	0		19.465250


-------------------------------------------------------------------------------------------------------------------
Tour_Id:			2
No_of_Customers:		2
No_of_Items:			17
Customer_Sequence:		2 40 

CustId	Id	TypeId	Rotated	x	y	z	Length	Width	Height	mass	Fragility	LoadBearingStrength
40	263	8	0	0	0	0	24	6	8	231.31	0		9.517686
40	264	8	0	0	6	0	24	6	8	231.31	0		9.517686
40	267	9	0	0	12	0	35	12	8	468.33	0		7.928466
40	268	10	0	0	0	8	19	13	9	357.13	0		11.874716
40	265	9	0	0	13	8	35	12	8	468.33	0		7.928466
2	14	9	0	0	13	16	35	12	8	468.33	0		7.928466
40	261	4	0	0	0	17	14	13	6	242.44	0		8.395331
40	266	9	0	24	0	0	35	12	8	468.33	0		7.928466
40	262	5	0	19	0	8	14	7	13	239.70	0		6.237301
2	6	1	0	33	0	8	13	13	11	466.34	0		11.143288
2	7	1	0	33	0	19	13	13	11	466.34	0		11.143288
2	12	5	0	46	0	8	14	7	13	239.70	0		6.237301
2	13	8	0	35	12	0	24	6	8	231.31	0		9.517686
2	9	4	0	0	0	23	14	13	6	242.44	0		8.395331
2	10	4	0	46	7	8	14	13	6	242.44	0		8.395331
2	11	4	0	46	7	14	14	13	6	242.44	0		8.395331
2	8	3	0	0	13	24	22	9	6	190.01	1		5.035315


-------------------------------------------------------------------------------------------------------------------
Tour_Id:			3
No_of_Customers:		2
No_of_Items:			16
Customer_Sequence:		13 6 

CustId	Id	TypeId	Rotated	x	y	z	Length	Width	Height	mass	Fragility	LoadBearingStrength
6	41	9	0	0	0	0	35	12	8	468.33	0		7.928466
6	42	9	0	0	12	0	35	12	8	468.33	0		7.928466
6	39	6	0	0	0	8	28	5	11	313.99	0		5.291625
6	40	6	0	0	5	8	28	5	11	313.99	0		5.291625
6	34	2	0	0	10	8	24	5	11	214.76	0		19.465250
13	95	9	0	0	0	19	35	12	8	468.33	0		7.928466
6	38	5	0	0	15	8	14	7	13	239.70	0		6.237301
6	36	3	0	14	15	8	22	9	6	190.01	1		5.035315
6	35	2	0	35	0	0	24	5	11	214.76	0		19.465250
6	37	3	0	14	15	14	22	9	6	190.01	1		5.035315
13	96	10	0	36	5	0	19	13	9	357.13	0		11.874716
13	97	10	0	36	5	9	19	13	9	357.13	0		11.874716
13	94	8	0	36	18	0	24	6	8	231.31	0		9.517686
13	92	4	0	36	5	18	14	13	6	242.44	0		8.395331
13	93	4	0	36	5	24	14	13	6	242.44	0		8.395331
13	91	3	0	14	15	20	22	9	6	190.01	1		5.035315


-------------------------------------------------------------------------------------------------------------------
Tour_Id:			4
No_of_Customers:		3
No_of_Items:			17
Customer_Sequence:		28 50 26 

CustId	Id	TypeId	Rotated	x	y	z	Length	Width	Height	mass	Fragility	LoadBearingStrength
26	179	8	0	0	0	0	24	6	8	231.31	0		9.517686
50	328	8	0	0	6	0	24	6	8	231.31	0		9.517686
26	180	10	0	0	12	0	19	13	9	357.13	0		11.874716
26	176	2	0	0	0	8	24	5	11	214.76	0		19.465250
26	177	5	0	0	12	9	14	7	13	239.70	0		6.237301
50	330	8	0	0	5	8	24	6	8	231.31	0		9.517686
50	325	5	0	0	5	16	14	7	13	239.70	0		6.237301
26	181	10	0	19	12	0	19	13	9	357.13	0		11.874716
26	178	5	0	14	12	9	14	7	13	239.70	0		6.237301
50	326	7	0	0	19	9	34	6	10	429.42	1		10.110698
50	329	8	0	0	12	22	24	6	8	231.31	0		9.517686
50	327	7	0	0	19	19	34	6	10	429.42	1		10.110698
28	192	9	0	24	0	0	35	12	8	468.33	0		7.928466
28	188	1	0	38	12	0	13	13	11	466.34	0		11.143288
28	189	1	0	38	12	11	13	13	11	466.34	0		11.143288
28	190	2	0	0	0	19	24	5	11	214.76	0		19.465250
28	191	4	0	38	12	22	14	13	6	242.44	0		8.395331


-------------------------------------------------------------------------------------------------------------------
Tour_Id:			5
No_of_Customers:		2
No_of_Items:			16
Customer_Sequence:		11 7 

CustId	Id	TypeId	Rotated	x	y	z	Length	Width	Height	mass	Fragility	LoadBearingStrength
11	81	7	0	0	0	0	34	6	10	429.42	1		10.110698
7	43	1	0	0	6	0	13	13	11	466.34	0		11.143288
7	49	10	0	13	6	0	19	13	9	357.13	0		11.874716
7	48	8	0	0	19	0	24	6	8	231.31	0		9.517686
11	82	10	0	13	6	9	19	13	9	357.13	0		11.874716
7	45	4	1	0	6	11	14	13	6	242.44	0		8.395331
7	46	4	1	0	6	17	14	13	6	242.44	0		8.395331
11	78	1	0	13	6	18	13	13	11	466.34	0		11.143288
11	77	1	0	32	6	0	13	13	11	466.34	0		11.143288
11	84	10	1	45	0	0	19	13	9	357.13	0		11.874716
11	80	5	0	32	6	11	14	7	13	239.70	0		6.237301
11	83	10	1	46	0	9	19	13	9	357.13	0		11.874716
11	85	10	1	46	0	18	19	13	9	357.13	0		11.874716
11	79	5	0	32	13	11	14	7	13	239.70	0		6.237301
7	44	4	1	0	6	23	14	13	6	242.44	0		8.395331
7	47	8	0	24	19	0	24	6	8	231.31	0		9.517686


-------------------------------------------------------------------------------------------------------------------
Tour_Id:			6
No_of_Customers:		3
No_of_Items:			17
Customer_Sequence:		55 12 29 

CustId	Id	TypeId	Rotated	x	y	z	Length	Width	Height	mass	Fragility	LoadBearingStrength
29	193	1	0	0	0	0	13	13	11	466.34	0		11.143288
29	194	3	0	0	13	0	22	9	6	190.01	1		5.035315
12	90	9	0	13	0	0	35	12	8	468.33	0		7.928466
29	197	6	0	22	13	0	28	5	11	313.99	0		5.291625
29	195	4	1	0	0	11	14	13	6	242.44	0		8.395331
29	196	4	1	0	0	17	14	13	6	242.44	0		8.395331
12	86	1	0	13	0	8	13	13	11	466.34	0		11.143288
12	89	5	0	22	18	0	14	7	13	239.70	0		6.237301
12	88	4	0	0	0	23	14	13	6	242.44	0		8.395331
55	362	6	0	22	13	11	28	5	11	313.99	0		5.291625
55	364	10	0	26	0	8	19	13	9	357.13	0		11.874716
55	358	1	0	14	0	19	13	13	11	466.34	0		11.143288
12	87	3	1	50	0	0	22	9	6	190.01	1		5.035315
55	363	8	0	22	13	22	24	6	8	231.31	0		9.517686
55	360	4	0	27	0	17	14	13	6	242.44	0		8.395331
55	361	4	0	27	0	23	14	13	6	242.44	0		8.395331
55	359	3	1	50	0	6	22	9	6	190.01	1		5.035315


-------------------------------------------------------------------------------------------------------------------
Tour_Id:			7
No_of_Customers:		4
No_of_Items:			20
Customer_Sequence:		57 39 30 48 

CustId	Id	TypeId	Rotated	x	y	z	Length	Width	Height	mass	Fragility	LoadBearingStrength
48	317	9	0	0	0	0	35	12	8	468.33	0		7.928466
48	318	10	0	0	12	0	19	13	9	357.13	0		11.874716
48	316	6	0	0	0	8	28	5	11	313.99	0		5.291625
48	313	2	0	0	5	8	24	5	11	214.76	0		19.465250
48	314	3	0	0	12	9	22	9	6	190.01	1		5.035315
48	315	5	0	22	12	0	14	7	13	239.70	0		6.237301
30	198	1	0	0	0	19	13	13	11	466.34	0		11.143288
30	200	6	0	22	19	0	28	5	11	313.99	0		5.291625
39	257	3	0	0	13	15	22	9	6	190.01	1		5.035315
30	201	8	0	35	0	0	24	6	8	231.31	0		9.517686
30	202	8	0	28	0	8	24	6	8	231.31	0		9.517686
39	255	2	0	22	19	11	24	5	11	214.76	0		19.465250
39	256	2	0	28	0	16	24	5	11	214.76	0		19.465250
39	259	8	0	22	19	22	24	6	8	231.31	0		9.517686
39	260	8	0	35	6	0	24	6	8	231.31	0		9.517686
39	258	7	0	24	6	8	34	6	10	429.42	1		10.110698
30	199	2	0	36	12	0	24	5	11	214.76	0		19.465250
57	374	5	0	22	12	13	14	7	13	239.70	0		6.237301
57	376	8	0	36	12	11	24	6	8	231.31	0		9.517686
57	375	7	0	24	5	18	34	6	10	429.42	1		10.110698


-------------------------------------------------------------------------------------------------------------------
Tour_Id:			8
No_of_Customers:		2
No_of_Items:			16
Customer_Sequence:		21 52 

CustId	Id	TypeId	Rotated	x	y	z	Length	Width	Height	mass	Fragility	LoadBearingStrength
52	336	5	0	0	0	0	14	7	13	239.70	0		6.237301
52	338	7	0	0	7	0	34	6	10	429.42	1		10.110698
52	341	8	0	0	13	0	24	6	8	231.31	0		9.517686
52	340	8	0	0	19	0	24	6	8	231.31	0		9.517686
21	149	9	0	24	13	0	35	12	8	468.33	0		7.928466
52	337	6	0	14	0	0	28	5	11	313.99	0		5.291625
52	335	1	0	42	0	0	13	13	11	466.34	0		11.143288
52	339	7	0	0	7	10	34	6	10	429.42	1		10.110698
21	150	9	0	0	13	8	35	12	8	468.33	0		7.928466
21	142	1	0	42	0	11	13	13	11	466.34	0		11.143288
21	147	6	0	0	13	16	28	5	11	313.99	0		5.291625
21	143	2	0	0	18	16	24	5	11	214.76	0		19.465250
21	145	5	0	0	0	13	14	7	13	239.70	0		6.237301
21	146	5	0	24	18	16	14	7	13	239.70	0		6.237301
21	148	8	0	14	0	11	24	6	8	231.31	0		9.517686
21	144	3	0	35	13	8	22	9	6	190.01	1		5.035315


-------------------------------------------------------------------------------------------------------------------
Tour_Id:			9
No_of_Customers:		3
No_of_Items:			22
Customer_Sequence:		53 56 20 

CustId	Id	TypeId	Rotated	x	y	z	Length	Width	Height	mass	Fragility	LoadBearingStrength
20	136	1	0	0	0	0	13	13	11	466.34	0		11.143288
20	138	7	0	0	13	0	34	6	10	429.42	1		10.110698
20	141	9	0	13	0	0	35	12	8	468.33	0		7.928466
20	140	8	0	0	19	0	24	6	8	231.31	0		9.517686
56	368	4	0	0	0	11	14	13	6	242.44	0		8.395331
20	139	7	0	0	13	10	34	6	10	429.42	1		10.110698
20	137	2	0	0	19	8	24	5	11	214.76	0		19.465250
56	371	6	0	0	19	19	28	5	11	313.99	0		5.291625
56	373	9	0	14	0	8	35	12	8	468.33	0		7.928466
56	372	6	0	14	0	16	28	5	11	313.99	0		5.291625
56	369	5	0	0	0	17	14	7	13	239.70	0		6.237301
56	370	5	0	14	5	16	14	7	13	239.70	0		6.237301
56	366	4	0	34	12	0	14	13	6	242.44	0		8.395331
53	347	5	0	28	5	16	14	7	13	239.70	0		6.237301
56	365	2	1	49	0	0	24	5	11	214.76	0		19.465250
53	342	2	1	49	0	11	24	5	11	214.76	0		19.465250
53	343	2	1	54	0	0	24	5	11	214.76	0		19.465250
53	344	2	1	54	0	11	24	5	11	214.76	0		19.465250
53	346	5	1	42	0	16	14	7	13	239.70	0		6.237301
56	367	4	0	34	12	6	14	13	6	242.44	0		8.395331
53	348	7	0	0	13	20	34	6	10	429.42	1		10.110698
53	345	3	1	49	0	22	22	9	6	190.01	1		5.035315


-------------------------------------------------------------------------------------------------------------------
Tour_Id:			10
No_of_Customers:		3
No_of_Items:			17
Customer_Sequence:		5 4 60 

CustId	Id	TypeId	Rotated	x	y	z	Length	Width	Height	mass	Fragility	LoadBearingStrength
60	398	5	0	0	0	0	14	7	13	239.70	0		6.237301
60	399	5	0	0	7	0	14	7	13	239.70	0		6.237301
60	400	9	0	14	0	0	35	12	8	468.33	0		7.928466
60	397	4	0	0	0	13	14	13	6	242.44	0		8.395331
60	394	1	0	0	0	19	13	13	11	466.34	0		11.143288
60	395	3	0	0	14	0	22	9	6	190.01	1		5.035315
60	396	3	0	0	14	6	22	9	6	190.01	1		5.035315
4	27	10	0	14	0	8	19	13	9	357.13	0		11.874716
4	24	4	0	14	0	17	14	13	6	242.44	0		8.395331
4	26	8	0	22	12	0	24	6	8	231.31	0		9.517686
4	25	7	0	22	18	0	34	6	10	429.42	1		10.110698
5	33	10	0	33	0	8	19	13	9	357.13	0		11.874716
5	28	1	0	28	0	17	13	13	11	466.34	0		11.143288
5	30	6	0	22	13	8	28	5	11	313.99	0		5.291625
5	29	5	0	41	0	17	14	7	13	239.70	0		6.237301
5	31	7	0	22	18	10	34	6	10	429.42	1		10.110698
5	32	7	0	22	18	20	34	6	10	429.42	1		10.110698


-------------------------------------------------------------------------------------------------------------------
Tour_Id:			11
No_of_Customers:		3
No_of_Items:			15
Customer_Sequence:		24 37 17 

CustId	Id	TypeId	Rotated	x	y	z	Length	Width	Height	mass	Fragility	LoadBearingStrength
17	117	1	0	0	0	0	13	13	11	466.34	0		11.143288
37	247	2	0	0	13	0	24	5	11	214.76	0		19.465250
37	245	1	0	0	0	11	13	13	11	466.34	0		11.143288
37	248	9	0	13	0	0	35	12	8	468.33	0		7.928466
17	118	5	0	0	18	0	14	7	13	239.70	0		6.237301
37	246	2	0	0	13	11	24	5	11	214.76	0		19.465250
17	119	7	0	14	18	0	34	6	10	429.42	1		10.110698
24	167	9	0	13	0	8	35	12	8	468.33	0		7.928466
24	168	9	0	13	0	16	35	12	8	468.33	0		7.928466
24	163	6	0	24	12	0	28	5	11	313.99	0		5.291625
24	164	6	0	24	12	11	28	5	11	313.99	0		5.291625
24	165	7	0	14	18	10	34	6	10	429.42	1		10.110698
24	166	7	0	14	18	20	34	6	10	429.42	1		10.110698
24	161	3	1	0	0	22	22	9	6	190.01	1		5.035315
24	162	3	0	13	0	24	22	9	6	190.01	1		5.035315


-------------------------------------------------------------------------------------------------------------------
Tour_Id:			12
No_of_Customers:		3
No_of_Items:			22
Customer_Sequence:		19 44 42 

CustId	Id	TypeId	Rotated	x	y	z	Length	Width	Height	mass	Fragility	LoadBearingStrength
42	281	9	0	0	0	0	35	12	8	468.33	0		7.928466
42	275	1	0	0	12	0	13	13	11	466.34	0		11.143288
42	280	8	0	0	0	8	24	6	8	231.31	0		9.517686
42	276	1	0	0	12	11	13	13	11	466.34	0		11.143288
42	277	5	0	0	0	16	14	7	13	239.70	0		6.237301
19	132	6	0	0	7	8	28	5	11	313.99	0		5.291625
42	278	6	0	13	12	0	28	5	11	313.99	0		5.291625
44	292	6	0	13	17	0	28	5	11	313.99	0		5.291625
44	293	6	0	13	12	11	28	5	11	313.99	0		5.291625
42	279	8	0	35	0	0	24	6	8	231.31	0		9.517686
19	135	10	0	41	12	0	19	13	9	357.13	0		11.874716
44	289	2	0	13	17	11	24	5	11	214.76	0		19.465250
44	290	3	0	0	12	22	22	9	6	190.01	1		5.035315
19	134	10	0	41	12	9	19	13	9	357.13	0		11.874716
44	291	5	0	24	0	8	14	7	13	239.70	0		6.237301
19	127	1	0	41	12	18	13	13	11	466.34	0		11.143288
44	294	8	0	35	6	0	24	6	8	231.31	0		9.517686
19	130	4	0	22	12	22	14	13	6	242.44	0		8.395331
19	128	2	0	0	7	19	24	5	11	214.76	0		19.465250
19	131	5	0	38	0	8	14	7	13	239.70	0		6.237301
19	133	6	0	28	7	8	28	5	11	313.99	0		5.291625
19	129	3	0	24	0	21	22	9	6	190.01	1		5.035315


-------------------------------------------------------------------------------------------------------------------
Tour_Id:			13
No_of_Customers:		3
No_of_Items:			22
Customer_Sequence:		35 43 15 

CustId	Id	TypeId	Rotated	x	y	z	Length	Width	Height	mass	Fragility	LoadBearingStrength
15	110	10	0	0	0	0	19	13	9	357.13	0		11.874716
15	109	10	0	0	0	9	19	13	9	357.13	0		11.874716
15	108	9	0	0	13	0	35	12	8	468.33	0		7.928466
15	111	10	0	0	0	18	19	13	9	357.13	0		11.874716
15	103	1	0	19	0	0	13	13	11	466.34	0		11.143288
43	286	6	0	0	13	8	28	5	11	313.99	0		5.291625
15	105	4	0	19	0	11	14	13	6	242.44	0		8.395331
15	106	4	0	19	0	17	14	13	6	242.44	0		8.395331
15	107	7	0	0	18	8	34	6	10	429.42	1		10.110698
43	285	5	0	33	0	0	14	7	13	239.70	0		6.237301
35	233	1	0	47	0	0	13	13	11	466.34	0		11.143288
43	284	5	0	33	0	13	14	7	13	239.70	0		6.237301
43	282	2	0	0	13	19	24	5	11	214.76	0		19.465250
43	288	8	0	35	13	0	24	6	8	231.31	0		9.517686
43	283	4	0	19	0	23	14	13	6	242.44	0		8.395331
43	287	7	0	0	18	18	34	6	10	429.42	1		10.110698
35	232	1	0	47	0	11	13	13	11	466.34	0		11.143288
15	104	2	0	35	19	0	24	5	11	214.76	0		19.465250
35	236	6	0	28	13	8	28	5	11	313.99	0		5.291625
35	237	8	0	35	19	11	24	6	8	231.31	0		9.517686
35	235	4	1	47	0	22	14	13	6	242.44	0		8.395331
35	234	3	0	34	14	19	22	9	6	190.01	1		5.035315


-------------------------------------------------------------------------------------------------------------------
Tour_Id:			14
No_of_Customers:		3
No_of_Items:			20
Customer_Sequence:		10 36 51 

CustId	Id	TypeId	Rotated	x	y	z	Length	Width	Height	mass	Fragility	LoadBearingStrength
51	334	10	0	0	0	0	19	13	9	357.13	0		11.874716
51	333	6	0	0	13	0	28	5	11	313.99	0		5.291625
51	331	2	0	0	18	0	24	5	11	214.76	0		19.465250
51	332	2	0	0	0	9	24	5	11	214.76	0		19.465250
36	244	9	0	24	0	0	35	12	8	468.33	0		7.928466
36	242	6	0	0	13	11	28	5	11	313.99	0		5.291625
36	243	8	0	0	5	9	24	6	8	231.31	0		9.517686
10	72	5	0	0	5	17	14	7	13	239.70	0		6.237301
36	241	6	0	0	18	11	28	5	11	313.99	0		5.291625
36	238	1	0	28	12	0	13	13	11	466.34	0		11.143288
36	239	1	0	28	12	11	13	13	11	466.34	0		11.143288
10	73	6	0	24	0	8	28	5	11	313.99	0		5.291625
10	74	6	0	24	5	8	28	5	11	313.99	0		5.291625
36	240	1	0	41	12	0	13	13	11	466.34	0		11.143288
10	76	8	0	0	12	22	24	6	8	231.31	0		9.517686
10	68	4	0	24	12	22	14	13	6	242.44	0		8.395331
10	69	4	0	41	10	11	14	13	6	242.44	0		8.395331
10	70	4	0	41	10	17	14	13	6	242.44	0		8.395331
10	71	4	0	41	10	23	14	13	6	242.44	0		8.395331
10	75	7	0	24	0	19	34	6	10	429.42	1		10.110698


-------------------------------------------------------------------------------------------------------------------
Tour_Id:			15
No_of_Customers:		3
No_of_Items:			20
Customer_Sequence:		58 1 38 

CustId	Id	TypeId	Rotated	x	y	z	Length	Width	Height	mass	Fragility	LoadBearingStrength
1	3	5	0	0	0	0	14	7	13	239.70	0		6.237301
38	251	5	0	0	7	0	14	7	13	239.70	0		6.237301
38	252	5	0	0	14	0	14	7	13	239.70	0		6.237301
38	254	9	0	14	7	0	35	12	8	468.33	0		7.928466
38	253	8	0	14	19	0	24	6	8	231.31	0		9.517686
38	249	1	0	0	7	13	13	13	11	466.34	0		11.143288
1	2	4	0	0	7	24	14	13	6	242.44	0		8.395331
38	250	1	0	14	7	8	13	13	11	466.34	0		11.143288
1	4	5	0	0	0	13	14	7	13	239.70	0		6.237301
1	1	2	0	14	0	0	24	5	11	214.76	0		19.465250
58	385	10	0	27	7	8	19	13	9	357.13	0		11.874716
58	384	8	0	14	0	11	24	6	8	231.31	0		9.517686
58	383	6	0	14	20	8	28	5	11	313.99	0		5.291625
58	381	6	0	14	0	19	28	5	11	313.99	0		5.291625
58	382	6	0	14	20	19	28	5	11	313.99	0		5.291625
1	5	8	1	49	0	0	24	6	8	231.31	0		9.517686
58	378	2	0	27	7	17	24	5	11	214.76	0		19.465250
58	380	5	0	27	12	17	14	7	13	239.70	0		6.237301
58	377	1	0	14	5	19	13	13	11	466.34	0		11.143288
58	379	3	1	46	0	8	22	9	6	190.01	1		5.035315


-------------------------------------------------------------------------------------------------------------------
Tour_Id:			16
No_of_Customers:		2
No_of_Items:			14
Customer_Sequence:		34 41 

CustId	Id	TypeId	Rotated	x	y	z	Length	Width	Height	mass	Fragility	LoadBearingStrength
41	273	10	0	0	0	0	19	13	9	357.13	0		11.874716
41	272	9	0	0	13	0	35	12	8	468.33	0		7.928466
34	227	7	0	0	13	8	34	6	10	429.42	1		10.110698
41	274	10	0	0	0	9	19	13	9	357.13	0		11.874716
41	269	2	0	0	19	8	24	5	11	214.76	0		19.465250
41	271	9	0	19	0	0	35	12	8	468.33	0		7.928466
34	229	9	0	19	0	8	35	12	8	468.33	0		7.928466
34	230	9	0	19	0	16	35	12	8	468.33	0		7.928466
34	231	10	0	0	0	18	19	13	9	357.13	0		11.874716
41	270	3	0	35	13	0	22	9	6	190.01	1		5.035315
34	225	4	0	19	0	24	14	13	6	242.44	0		8.395331
34	226	7	0	0	13	18	34	6	10	429.42	1		10.110698
34	228	8	0	0	19	19	24	6	8	231.31	0		9.517686
34	224	3	0	33	0	24	22	9	6	190.01	1		5.035315


-------------------------------------------------------------------------------------------------------------------
Tour_Id:			17
No_of_Customers:		3
No_of_Items:			17
Customer_Sequence:		47 23 46 

CustId	Id	TypeId	Rotated	x	y	z	Length	Width	Height	mass	Fragility	LoadBearingStrength
46	303	8	0	0	0	0	24	6	8	231.31	0		9.517686
46	305	9	0	0	6	0	35	12	8	468.33	0		7.928466
46	301	5	0	0	18	0	14	7	13	239.70	0		6.237301
46	304	9	0	0	0	8	35	12	8	468.33	0		7.928466
23	160	9	0	0	0	16	35	12	8	468.33	0		7.928466
46	302	7	0	0	12	8	34	6	10	429.42	1		10.110698
23	156	1	0	35	0	0	13	13	11	466.34	0		11.143288
47	311	6	0	14	18	0	28	5	11	313.99	0		5.291625
23	158	5	0	0	18	13	14	7	13	239.70	0		6.237301
23	159	7	0	0	12	18	34	6	10	429.42	1		10.110698
47	306	1	0	35	0	11	13	13	11	466.34	0		11.143288
23	157	2	0	35	13	0	24	5	11	214.76	0		19.465250
47	307	2	0	14	18	11	24	5	11	214.76	0		19.465250
47	308	2	0	34	13	11	24	5	11	214.76	0		19.465250
47	310	5	0	42	18	0	14	7	13	239.70	0		6.237301
47	312	8	0	14	18	22	24	6	8	231.31	0		9.517686
47	309	4	0	35	0	22	14	13	6	242.44	0		8.395331


-------------------------------------------------------------------------------------------------------------------
Tour_Id:			18
No_of_Customers:		3
No_of_Items:			21
Customer_Sequence:		32 9 16 

CustId	Id	TypeId	Rotated	x	y	z	Length	Width	Height	mass	Fragility	LoadBearingStrength
16	116	10	0	0	0	0	19	13	9	357.13	0		11.874716
16	114	8	0	0	13	0	24	6	8	231.31	0		9.517686
16	113	6	0	0	19	0	28	5	11	313.99	0		5.291625
9	64	6	0	0	13	8	28	5	11	313.99	0		5.291625
16	112	3	0	0	0	9	22	9	6	190.01	1		5.035315
9	66	9	0	22	0	0	35	12	8	468.33	0		7.928466
9	67	9	0	22	0	8	35	12	8	468.33	0		7.928466
16	115	8	0	0	19	11	24	6	8	231.31	0		9.517686
32	212	5	0	22	0	16	14	7	13	239.70	0		6.237301
9	65	8	0	0	13	19	24	6	8	231.31	0		9.517686
32	214	6	0	0	19	19	28	5	11	313.99	0		5.291625
9	61	4	0	28	12	0	14	13	6	242.44	0		8.395331
9	62	4	0	28	12	6	14	13	6	242.44	0		8.395331
9	63	4	0	28	12	12	14	13	6	242.44	0		8.395331
32	210	1	0	28	12	18	13	13	11	466.34	0		11.143288
9	60	4	0	42	12	0	14	13	6	242.44	0		8.395331
9	59	1	0	42	12	6	13	13	11	466.34	0		11.143288
32	215	8	0	36	0	16	24	6	8	231.31	0		9.517686
32	213	5	0	42	12	17	14	7	13	239.70	0		6.237301
32	216	8	0	36	6	16	24	6	8	231.31	0		9.517686
32	211	3	0	36	0	24	22	9	6	190.01	1		5.035315


-------------------------------------------------------------------------------------------------------------------
Tour_Id:			19
No_of_Customers:		2
No_of_Items:			13
Customer_Sequence:		45 31 

CustId	Id	TypeId	Rotated	x	y	z	Length	Width	Height	mass	Fragility	LoadBearingStrength
31	209	9	0	0	0	0	35	12	8	468.33	0		7.928466
31	203	6	0	0	12	0	28	5	11	313.99	0		5.291625
31	208	7	0	0	17	0	34	6	10	429.42	1		10.110698
31	205	6	0	0	0	8	28	5	11	313.99	0		5.291625
31	206	7	0	0	5	8	34	6	10	429.42	1		10.110698
31	207	7	0	0	17	10	34	6	10	429.42	1		10.110698
45	296	1	0	34	12	0	13	13	11	466.34	0		11.143288
45	300	10	1	47	0	0	19	13	9	357.13	0		11.874716
45	295	1	0	34	12	11	13	13	11	466.34	0		11.143288
31	204	6	0	0	12	11	28	5	11	313.99	0		5.291625
45	298	6	0	0	0	19	28	5	11	313.99	0		5.291625
45	299	7	0	0	5	18	34	6	10	429.42	1		10.110698
45	297	3	1	47	0	9	22	9	6	190.01	1		5.035315


-------------------------------------------------------------------------------------------------------------------
Tour_Id:			20
No_of_Customers:		3
No_of_Items:			24
Customer_Sequence:		8 59 33 

CustId	Id	TypeId	Rotated	x	y	z	Length	Width	Height	mass	Fragility	LoadBearingStrength
33	221	3	0	0	0	0	22	9	6	190.01	1		5.035315
33	222	8	0	0	9	0	24	6	8	231.31	0		9.517686
33	218	2	0	0	15	0	24	5	11	214.76	0		19.465250
33	223	8	0	0	9	8	24	6	8	231.31	0		9.517686
33	219	3	0	0	0	6	22	9	6	190.01	1		5.035315
33	217	1	0	24	0	0	13	13	11	466.34	0		11.143288
33	220	3	0	0	0	12	22	9	6	190.01	1		5.035315
59	388	3	0	0	0	18	22	9	6	190.01	1		5.035315
59	392	6	0	0	20	0	28	5	11	313.99	0		5.291625
59	390	5	0	0	15	11	14	7	13	239.70	0		6.237301
59	391	5	0	14	15	11	14	7	13	239.70	0		6.237301
59	393	10	0	37	0	0	19	13	9	357.13	0		11.874716
59	389	4	0	24	0	11	14	13	6	242.44	0		8.395331
59	387	3	0	0	0	24	22	9	6	190.01	1		5.035315
59	386	2	0	0	9	16	24	5	11	214.76	0		19.465250
8	50	1	0	24	0	17	13	13	11	466.34	0		11.143288
8	55	8	0	28	13	0	24	6	8	231.31	0		9.517686
8	54	6	0	28	19	0	28	5	11	313.99	0		5.291625
8	53	6	0	28	13	8	28	5	11	313.99	0		5.291625
8	56	8	0	28	19	11	24	6	8	231.31	0		9.517686
8	57	8	0	28	13	19	24	6	8	231.31	0		9.517686
8	58	8	0	28	19	19	24	6	8	231.31	0		9.517686
8	52	4	0	38	0	9	14	13	6	242.44	0		8.395331
8	51	3	0	0	15	24	22	9	6	190.01	1		5.035315


-------------------------------------------------------------------------------------------------------------------
Tour_Id:			21
No_of_Customers:		2
No_of_Items:			12
Customer_Sequence:		18 14 

CustId	Id	TypeId	Rotated	x	y	z	Length	Width	Height	mass	Fragility	LoadBearingStrength
14	100	5	0	0	0	0	14	7	13	239.70	0		6.237301
14	101	7	0	0	7	0	34	6	10	429.42	1		10.110698
14	99	4	0	34	0	0	14	13	6	242.44	0		8.395331
14	98	3	0	0	13	0	22	9	6	190.01	1		5.035315
14	102	9	0	22	13	0	35	12	8	468.33	0		7.928466
18	126	9	0	22	13	8	35	12	8	468.33	0		7.928466
18	120	1	0	34	0	6	13	13	11	466.34	0		11.143288
18	123	5	0	0	0	13	14	7	13	239.70	0		6.237301
18	121	4	0	34	0	17	14	13	6	242.44	0		8.395331
18	122	4	0	34	0	23	14	13	6	242.44	0		8.395331
18	124	7	0	0	7	10	34	6	10	429.42	1		10.110698
18	125	7	0	0	7	20	34	6	10	429.42	1		10.110698


-------------------------------------------------------------------------------------------------------------------
Tour_Id:			22
No_of_Customers:		3
No_of_Items:			21
Customer_Sequence:		54 27 49 

CustId	Id	TypeId	Rotated	x	y	z	Length	Width	Height	mass	Fragility	LoadBearingStrength
49	323	10	0	0	0	0	19	13	9	357.13	0		11.874716
49	324	10	0	0	0	9	19	13	9	357.13	0		11.874716
49	320	8	0	0	13	0	24	6	8	231.31	0		9.517686
49	321	8	0	0	19	0	24	6	8	231.31	0		9.517686
49	322	8	0	0	13	8	24	6	8	231.31	0		9.517686
49	319	3	0	0	0	18	22	9	6	190.01	1		5.035315
27	184	4	0	22	0	0	14	13	6	242.44	0		8.395331
27	182	1	0	22	0	6	13	13	11	466.34	0		11.143288
27	185	5	0	0	13	16	14	7	13	239.70	0		6.237301
27	186	8	0	0	19	8	24	6	8	231.31	0		9.517686
27	183	2	0	0	20	16	24	5	11	214.76	0		19.465250
27	187	10	0	36	0	0	19	13	9	357.13	0		11.874716
54	356	9	0	24	13	0	35	12	8	468.33	0		7.928466
54	357	10	0	35	0	9	19	13	9	357.13	0		11.874716
54	349	1	0	22	0	17	13	13	11	466.34	0		11.143288
54	350	2	0	24	13	8	24	5	11	214.76	0		19.465250
54	352	4	0	35	0	18	14	13	6	242.44	0		8.395331
54	355	8	0	24	18	8	24	6	8	231.31	0		9.517686
54	354	5	0	24	18	16	14	7	13	239.70	0		6.237301
54	353	4	0	35	0	24	14	13	6	242.44	0		8.395331
54	351	3	0	0	0	24	22	9	6	190.01	1		5.035315


