Name:				367_n060_m400_bt10
Problem:			3L-VRPTW
Number_of_used_Vehicles:	31
Total_Travel_Distance:		2137.26
Calculation_Time:		3600.00
Total_Iterations:		11888
ConstraintSet:			P1

-------------------------------------------------------------------------------------------------------------------
Tour_Id:			1
No_of_Customers:		2
No_of_Items:			15
Customer_Sequence:		29 57 

CustId	Id	TypeId	Rotated	x	y	z	Length	Width	Height	mass	Fragility	LoadBearingStrength
57	374	1	0	0	0	0	24	7	12	315.21	0		15.495558
57	377	6	0	0	7	0	16	13	7	161.96	0		2.440661
57	378	6	0	0	7	7	16	13	7	161.96	0		2.440661
57	376	5	0	0	0	12	23	6	6	180.62	0		20.862752
29	189	6	0	0	7	14	16	13	7	161.96	0		2.440661
57	375	5	0	0	0	18	23	6	6	180.62	0		20.862752
57	379	6	0	16	7	0	16	13	7	161.96	0		2.440661
29	191	7	0	32	0	0	22	14	12	457.90	1		5.154240
29	194	10	0	32	14	0	23	11	14	1242.39	0		18.501620
29	187	5	0	0	0	24	23	6	6	180.62	0		20.862752
57	380	8	0	0	20	0	26	5	8	123.37	0		3.136750
29	190	7	0	32	0	12	22	14	12	457.90	1		5.154240
29	192	8	0	0	20	8	26	5	8	123.37	0		3.136750
29	188	6	0	0	7	21	16	13	7	161.96	0		2.440661
29	193	10	0	32	14	14	23	11	14	1242.39	0		18.501620


-------------------------------------------------------------------------------------------------------------------
Tour_Id:			2
No_of_Customers:		2
No_of_Items:			10
Customer_Sequence:		24 4 

CustId	Id	TypeId	Rotated	x	y	z	Length	Width	Height	mass	Fragility	LoadBearingStrength
4	21	4	0	0	0	0	31	12	11	594.85	0		12.789095
4	22	4	0	0	12	0	31	12	11	594.85	0		12.789095
4	23	6	0	0	0	11	16	13	7	161.96	0		2.440661
24	163	4	0	0	13	11	31	12	11	594.85	0		12.789095
4	24	10	0	31	0	0	23	11	14	1242.39	0		18.501620
4	20	1	0	31	0	14	24	7	12	315.21	0		15.495558
24	166	10	0	31	11	0	23	11	14	1242.39	0		18.501620
24	162	2	0	0	13	22	30	7	6	323.77	0		20.551227
24	164	8	0	0	20	22	26	5	8	123.37	0		3.136750
24	165	9	0	31	7	14	22	13	14	556.25	1		2.005322


-------------------------------------------------------------------------------------------------------------------
Tour_Id:			3
No_of_Customers:		1
No_of_Items:			0
Customer_Sequence:		51 

-------------------------------------------------------------------------------------------------------------------
Tour_Id:			4
No_of_Customers:		2
No_of_Items:			11
Customer_Sequence:		59 49 

CustId	Id	TypeId	Rotated	x	y	z	Length	Width	Height	mass	Fragility	LoadBearingStrength
49	322	7	0	0	0	0	22	14	12	457.90	1		5.154240
59	389	4	0	22	0	0	31	12	11	594.85	0		12.789095
59	392	7	0	0	0	12	22	14	12	457.90	1		5.154240
49	324	10	0	0	14	0	23	11	14	1242.39	0		18.501620
59	391	4	0	22	0	11	31	12	11	594.85	0		12.789095
49	323	8	0	0	14	14	26	5	8	123.37	0		3.136750
49	320	2	0	23	12	0	30	7	6	323.77	0		20.551227
59	393	8	0	0	19	14	26	5	8	123.37	0		3.136750
49	321	5	0	23	19	0	23	6	6	180.62	0		20.862752
59	394	8	0	0	14	22	26	5	8	123.37	0		3.136750
59	390	4	0	26	12	6	31	12	11	594.85	0		12.789095


-------------------------------------------------------------------------------------------------------------------
Tour_Id:			5
No_of_Customers:		2
No_of_Items:			15
Customer_Sequence:		45 16 

CustId	Id	TypeId	Rotated	x	y	z	Length	Width	Height	mass	Fragility	LoadBearingStrength
16	102	3	0	0	0	0	31	7	14	304.32	0		16.843407
16	109	10	0	0	7	0	23	11	14	1242.39	0		18.501620
45	296	3	0	0	18	0	31	7	14	304.32	0		16.843407
16	108	10	0	0	0	14	23	11	14	1242.39	0		18.501620
45	298	3	0	0	18	14	31	7	14	304.32	0		16.843407
16	107	8	0	0	11	14	26	5	8	123.37	0		3.136750
16	104	6	0	31	0	0	16	13	7	161.96	0		2.440661
16	103	5	0	0	11	22	23	6	6	180.62	0		20.862752
16	106	6	0	31	0	7	16	13	7	161.96	0		2.440661
45	297	3	0	23	0	14	31	7	14	304.32	0		16.843407
16	105	6	1	47	0	0	16	13	7	161.96	0		2.440661
45	300	6	1	47	0	7	16	13	7	161.96	0		2.440661
45	302	8	0	31	16	0	26	5	8	123.37	0		3.136750
45	299	5	0	31	16	8	23	6	6	180.62	0		20.862752
45	301	7	0	31	7	14	22	14	12	457.90	1		5.154240


-------------------------------------------------------------------------------------------------------------------
Tour_Id:			6
No_of_Customers:		2
No_of_Items:			17
Customer_Sequence:		20 8 

CustId	Id	TypeId	Rotated	x	y	z	Length	Width	Height	mass	Fragility	LoadBearingStrength
8	46	2	0	0	0	0	30	7	6	323.77	0		20.551227
8	47	3	0	0	7	0	31	7	14	304.32	0		16.843407
8	51	8	0	0	14	0	26	5	8	123.37	0		3.136750
8	53	10	0	26	14	0	23	11	14	1242.39	0		18.501620
8	49	6	0	31	0	0	16	13	7	161.96	0		2.440661
8	50	6	0	31	0	7	16	13	7	161.96	0		2.440661
8	52	8	0	0	19	0	26	5	8	123.37	0		3.136750
20	137	7	1	31	0	14	22	14	12	457.90	1		5.154240
20	140	10	1	49	0	0	23	11	14	1242.39	0		18.501620
8	48	3	0	0	0	6	31	7	14	304.32	0		16.843407
8	45	1	0	0	14	8	24	7	12	315.21	0		15.495558
20	138	8	0	0	7	14	26	5	8	123.37	0		3.136750
20	135	2	0	0	0	20	30	7	6	323.77	0		20.551227
20	136	2	0	0	14	20	30	7	6	323.77	0		20.551227
20	134	1	1	45	0	14	24	7	12	315.21	0		15.495558
20	139	8	0	0	7	22	26	5	8	123.37	0		3.136750
20	133	1	1	52	0	14	24	7	12	315.21	0		15.495558


-------------------------------------------------------------------------------------------------------------------
Tour_Id:			7
No_of_Customers:		3
No_of_Items:			15
Customer_Sequence:		21 2 34 

CustId	Id	TypeId	Rotated	x	y	z	Length	Width	Height	mass	Fragility	LoadBearingStrength
34	218	4	0	0	0	0	31	12	11	594.85	0		12.789095
34	219	6	0	0	12	0	16	13	7	161.96	0		2.440661
34	220	8	0	0	0	11	26	5	8	123.37	0		3.136750
2	14	10	0	16	12	0	23	11	14	1242.39	0		18.501620
2	9	3	0	0	5	11	31	7	14	304.32	0		16.843407
2	10	6	0	0	12	7	16	13	7	161.96	0		2.440661
2	12	8	0	0	12	14	26	5	8	123.37	0		3.136750
2	13	8	0	0	17	14	26	5	8	123.37	0		3.136750
2	11	7	1	39	0	0	22	14	12	457.90	1		5.154240
21	141	1	1	53	0	0	24	7	12	315.21	0		15.495558
21	142	1	1	53	0	12	24	7	12	315.21	0		15.495558
21	144	6	0	0	12	22	16	13	7	161.96	0		2.440661
21	145	8	0	0	0	19	26	5	8	123.37	0		3.136750
21	143	5	1	53	0	24	23	6	6	180.62	0		20.862752
21	146	9	1	39	0	12	22	13	14	556.25	1		2.005322


-------------------------------------------------------------------------------------------------------------------
Tour_Id:			8
No_of_Customers:		2
No_of_Items:			17
Customer_Sequence:		1 22 

CustId	Id	TypeId	Rotated	x	y	z	Length	Width	Height	mass	Fragility	LoadBearingStrength
22	155	10	0	0	0	0	23	11	14	1242.39	0		18.501620
22	152	6	0	0	11	0	16	13	7	161.96	0		2.440661
22	154	8	0	0	0	14	26	5	8	123.37	0		3.136750
22	149	3	0	16	11	0	31	7	14	304.32	0		16.843407
22	147	2	0	16	18	0	30	7	6	323.77	0		20.551227
22	148	2	0	16	18	6	30	7	6	323.77	0		20.551227
22	151	6	0	0	11	7	16	13	7	161.96	0		2.440661
22	150	5	0	0	5	14	23	6	6	180.62	0		20.862752
22	153	7	0	0	11	14	22	14	12	457.90	1		5.154240
1	5	3	0	22	11	14	31	7	14	304.32	0		16.843407
1	4	3	0	22	18	12	31	7	14	304.32	0		16.843407
1	8	10	0	26	0	0	23	11	14	1242.39	0		18.501620
1	1	1	0	26	0	14	24	7	12	315.21	0		15.495558
1	2	1	1	53	0	0	24	7	12	315.21	0		15.495558
1	3	1	1	53	0	12	24	7	12	315.21	0		15.495558
1	6	5	0	0	5	20	23	6	6	180.62	0		20.862752
1	7	5	1	53	0	24	23	6	6	180.62	0		20.862752


-------------------------------------------------------------------------------------------------------------------
Tour_Id:			9
No_of_Customers:		2
No_of_Items:			13
Customer_Sequence:		3 44 

CustId	Id	TypeId	Rotated	x	y	z	Length	Width	Height	mass	Fragility	LoadBearingStrength
44	288	2	0	0	0	0	30	7	6	323.77	0		20.551227
44	290	5	0	0	7	0	23	6	6	180.62	0		20.862752
44	295	10	0	0	13	0	23	11	14	1242.39	0		18.501620
44	289	4	0	0	0	6	31	12	11	594.85	0		12.789095
44	294	9	0	31	0	0	22	13	14	556.25	1		2.005322
44	293	8	0	0	13	14	26	5	8	123.37	0		3.136750
44	291	6	0	0	0	17	16	13	7	161.96	0		2.440661
44	292	6	0	16	0	17	16	13	7	161.96	0		2.440661
3	18	4	0	26	13	0	31	12	11	594.85	0		12.789095
3	17	3	0	26	13	11	31	7	14	304.32	0		16.843407
3	15	1	0	0	18	14	24	7	12	315.21	0		15.495558
3	16	2	0	0	0	24	30	7	6	323.77	0		20.551227
3	19	8	0	0	13	22	26	5	8	123.37	0		3.136750


-------------------------------------------------------------------------------------------------------------------
Tour_Id:			10
No_of_Customers:		2
No_of_Items:			14
Customer_Sequence:		28 36 

CustId	Id	TypeId	Rotated	x	y	z	Length	Width	Height	mass	Fragility	LoadBearingStrength
36	228	1	0	0	0	0	24	7	12	315.21	0		15.495558
36	229	3	0	0	7	0	31	7	14	304.32	0		16.843407
36	234	10	0	0	14	0	23	11	14	1242.39	0		18.501620
28	181	3	0	0	0	12	31	7	14	304.32	0		16.843407
36	233	8	0	0	7	14	26	5	8	123.37	0		3.136750
36	231	6	0	0	12	14	16	13	7	161.96	0		2.440661
36	232	7	0	31	0	0	22	14	12	457.90	1		5.154240
28	180	3	0	23	14	0	31	7	14	304.32	0		16.843407
36	230	5	0	0	7	22	23	6	6	180.62	0		20.862752
28	182	3	0	23	14	14	31	7	14	304.32	0		16.843407
28	183	5	1	54	0	0	23	6	6	180.62	0		20.862752
28	184	5	1	54	0	6	23	6	6	180.62	0		20.862752
28	185	5	1	54	0	12	23	6	6	180.62	0		20.862752
28	186	9	0	31	0	12	22	13	14	556.25	1		2.005322


-------------------------------------------------------------------------------------------------------------------
Tour_Id:			11
No_of_Customers:		3
No_of_Items:			16
Customer_Sequence:		46 19 26 

CustId	Id	TypeId	Rotated	x	y	z	Length	Width	Height	mass	Fragility	LoadBearingStrength
26	173	4	0	0	0	0	31	12	11	594.85	0		12.789095
19	132	9	0	0	12	0	22	13	14	556.25	1		2.005322
26	172	3	0	0	0	11	31	7	14	304.32	0		16.843407
26	171	1	0	31	0	0	24	7	12	315.21	0		15.495558
19	128	4	0	22	12	0	31	12	11	594.85	0		12.789095
19	126	1	0	22	12	11	24	7	12	315.21	0		15.495558
46	306	5	0	22	19	11	23	6	6	180.62	0		20.862752
19	127	1	0	31	0	12	24	7	12	315.21	0		15.495558
19	129	5	0	22	12	23	23	6	6	180.62	0		20.862752
19	130	8	0	0	7	11	26	5	8	123.37	0		3.136750
46	305	5	0	22	19	17	23	6	6	180.62	0		20.862752
46	303	2	0	22	18	23	30	7	6	323.77	0		20.551227
46	307	8	0	0	7	19	26	5	8	123.37	0		3.136750
26	174	8	0	31	7	0	26	5	8	123.37	0		3.136750
46	304	5	0	31	0	24	23	6	6	180.62	0		20.862752
19	131	9	0	0	12	14	22	13	14	556.25	1		2.005322


-------------------------------------------------------------------------------------------------------------------
Tour_Id:			12
No_of_Customers:		2
No_of_Items:			15
Customer_Sequence:		50 10 

CustId	Id	TypeId	Rotated	x	y	z	Length	Width	Height	mass	Fragility	LoadBearingStrength
50	329	8	0	0	0	0	26	5	8	123.37	0		3.136750
10	59	1	0	0	5	0	24	7	12	315.21	0		15.495558
10	62	3	0	0	12	0	31	7	14	304.32	0		16.843407
10	66	8	0	0	19	0	26	5	8	123.37	0		3.136750
10	65	8	0	0	19	8	26	5	8	123.37	0		3.136750
10	60	1	0	0	5	12	24	7	12	315.21	0		15.495558
10	61	2	0	0	12	14	30	7	6	323.77	0		20.551227
10	67	9	0	31	12	0	22	13	14	556.25	1		2.005322
10	64	5	0	0	19	16	23	6	6	180.62	0		20.862752
50	326	4	0	26	0	0	31	12	11	594.85	0		12.789095
50	330	10	0	24	0	11	23	11	14	1242.39	0		18.501620
50	325	2	0	0	12	20	30	7	6	323.77	0		20.551227
10	63	5	0	0	19	22	23	6	6	180.62	0		20.862752
50	327	5	0	0	5	24	23	6	6	180.62	0		20.862752
50	328	7	0	30	11	14	22	14	12	457.90	1		5.154240


-------------------------------------------------------------------------------------------------------------------
Tour_Id:			13
No_of_Customers:		2
No_of_Items:			14
Customer_Sequence:		12 13 

CustId	Id	TypeId	Rotated	x	y	z	Length	Width	Height	mass	Fragility	LoadBearingStrength
13	89	10	0	0	0	0	23	11	14	1242.39	0		18.501620
13	85	5	0	0	11	0	23	6	6	180.62	0		20.862752
13	86	5	0	0	17	0	23	6	6	180.62	0		20.862752
13	87	6	0	0	11	6	16	13	7	161.96	0		2.440661
13	88	8	0	0	0	14	26	5	8	123.37	0		3.136750
13	90	10	0	23	0	0	23	11	14	1242.39	0		18.501620
13	84	1	0	0	5	14	24	7	12	315.21	0		15.495558
12	83	10	0	26	0	14	23	11	14	1242.39	0		18.501620
12	77	6	0	0	12	13	16	13	7	161.96	0		2.440661
12	78	6	0	0	12	20	16	13	7	161.96	0		2.440661
12	81	8	0	0	0	22	26	5	8	123.37	0		3.136750
12	82	9	0	24	11	0	22	13	14	556.25	1		2.005322
12	79	7	0	24	11	14	22	14	12	457.90	1		5.154240
12	80	7	1	46	0	0	22	14	12	457.90	1		5.154240


-------------------------------------------------------------------------------------------------------------------
Tour_Id:			14
No_of_Customers:		2
No_of_Items:			11
Customer_Sequence:		43 15 

CustId	Id	TypeId	Rotated	x	y	z	Length	Width	Height	mass	Fragility	LoadBearingStrength
15	98	1	0	0	0	0	24	7	12	315.21	0		15.495558
15	97	1	0	0	7	0	24	7	12	315.21	0		15.495558
15	101	9	0	0	0	12	22	13	14	556.25	1		2.005322
15	100	4	0	24	0	0	31	12	11	594.85	0		12.789095
15	99	4	0	24	12	0	31	12	11	594.85	0		12.789095
15	96	1	0	0	14	0	24	7	12	315.21	0		15.495558
43	285	4	0	24	0	11	31	12	11	594.85	0		12.789095
43	284	3	0	0	13	12	31	7	14	304.32	0		16.843407
43	283	2	0	22	0	22	30	7	6	323.77	0		20.551227
43	287	8	0	22	7	22	26	5	8	123.37	0		3.136750
43	286	5	0	31	12	11	23	6	6	180.62	0		20.862752


-------------------------------------------------------------------------------------------------------------------
Tour_Id:			15
No_of_Customers:		2
No_of_Items:			14
Customer_Sequence:		48 54 

CustId	Id	TypeId	Rotated	x	y	z	Length	Width	Height	mass	Fragility	LoadBearingStrength
54	351	1	0	0	0	0	24	7	12	315.21	0		15.495558
54	354	4	0	0	7	0	31	12	11	594.85	0		12.789095
54	357	6	0	0	7	11	16	13	7	161.96	0		2.440661
54	352	1	0	0	0	12	24	7	12	315.21	0		15.495558
54	358	8	0	0	19	0	26	5	8	123.37	0		3.136750
54	353	3	0	24	0	0	31	7	14	304.32	0		16.843407
54	356	6	0	0	7	18	16	13	7	161.96	0		2.440661
54	355	6	0	16	7	11	16	13	7	161.96	0		2.440661
48	314	3	0	24	0	14	31	7	14	304.32	0		16.843407
48	317	8	0	0	20	8	26	5	8	123.37	0		3.136750
48	318	8	0	0	20	16	26	5	8	123.37	0		3.136750
48	315	5	0	0	0	24	23	6	6	180.62	0		20.862752
48	319	9	0	32	7	0	22	13	14	556.25	1		2.005322
48	316	7	0	32	7	14	22	14	12	457.90	1		5.154240


-------------------------------------------------------------------------------------------------------------------
Tour_Id:			16
No_of_Customers:		2
No_of_Items:			12
Customer_Sequence:		6 31 

CustId	Id	TypeId	Rotated	x	y	z	Length	Width	Height	mass	Fragility	LoadBearingStrength
31	203	4	0	0	0	0	31	12	11	594.85	0		12.789095
31	205	5	0	0	12	0	23	6	6	180.62	0		20.862752
31	204	4	0	0	0	11	31	12	11	594.85	0		12.789095
31	206	6	0	0	0	22	16	13	7	161.96	0		2.440661
31	207	7	0	31	0	0	22	14	12	457.90	1		5.154240
31	202	3	0	0	18	0	31	7	14	304.32	0		16.843407
31	208	7	0	31	0	12	22	14	12	457.90	1		5.154240
6	38	10	0	31	14	0	23	11	14	1242.39	0		18.501620
6	34	3	0	0	18	14	31	7	14	304.32	0		16.843407
6	37	8	0	31	14	14	26	5	8	123.37	0		3.136750
6	35	5	0	31	19	14	23	6	6	180.62	0		20.862752
6	36	5	0	31	19	20	23	6	6	180.62	0		20.862752


-------------------------------------------------------------------------------------------------------------------
Tour_Id:			17
No_of_Customers:		2
No_of_Items:			15
Customer_Sequence:		37 47 

CustId	Id	TypeId	Rotated	x	y	z	Length	Width	Height	mass	Fragility	LoadBearingStrength
47	313	10	0	0	0	0	23	11	14	1242.39	0		18.501620
47	311	3	0	0	11	0	31	7	14	304.32	0		16.843407
47	308	2	0	0	18	0	30	7	6	323.77	0		20.551227
47	310	2	0	0	18	6	30	7	6	323.77	0		20.551227
47	312	9	0	0	0	14	22	13	14	556.25	1		2.005322
37	239	3	0	0	18	12	31	7	14	304.32	0		16.843407
47	309	2	0	23	0	0	30	7	6	323.77	0		20.551227
37	238	2	0	23	0	6	30	7	6	323.77	0		20.551227
37	236	1	0	23	0	12	24	7	12	315.21	0		15.495558
37	237	2	0	22	0	24	30	7	6	323.77	0		20.551227
37	242	7	0	31	11	0	22	14	12	457.90	1		5.154240
37	240	5	1	53	0	0	23	6	6	180.62	0		20.862752
37	241	5	1	53	0	6	23	6	6	180.62	0		20.862752
37	243	9	0	31	11	12	22	13	14	556.25	1		2.005322
37	235	1	1	53	0	12	24	7	12	315.21	0		15.495558


-------------------------------------------------------------------------------------------------------------------
Tour_Id:			18
No_of_Customers:		1
No_of_Items:			0
Customer_Sequence:		52 

-------------------------------------------------------------------------------------------------------------------
Tour_Id:			19
No_of_Customers:		2
No_of_Items:			13
Customer_Sequence:		38 25 

CustId	Id	TypeId	Rotated	x	y	z	Length	Width	Height	mass	Fragility	LoadBearingStrength
25	167	4	0	0	0	0	31	12	11	594.85	0		12.789095
25	168	4	0	0	12	0	31	12	11	594.85	0		12.789095
25	170	8	0	0	0	11	26	5	8	123.37	0		3.136750
25	169	5	0	0	5	11	23	6	6	180.62	0		20.862752
38	247	3	0	0	11	11	31	7	14	304.32	0		16.843407
38	248	3	0	0	18	11	31	7	14	304.32	0		16.843407
38	244	1	0	31	0	0	24	7	12	315.21	0		15.495558
38	245	2	0	26	0	12	30	7	6	323.77	0		20.551227
38	246	2	0	26	0	18	30	7	6	323.77	0		20.551227
38	251	8	0	0	5	17	26	5	8	123.37	0		3.136750
38	249	5	0	26	0	24	23	6	6	180.62	0		20.862752
38	252	9	0	31	7	0	22	13	14	556.25	1		2.005322
38	250	7	0	31	7	14	22	14	12	457.90	1		5.154240


-------------------------------------------------------------------------------------------------------------------
Tour_Id:			20
No_of_Customers:		2
No_of_Items:			13
Customer_Sequence:		41 32 

CustId	Id	TypeId	Rotated	x	y	z	Length	Width	Height	mass	Fragility	LoadBearingStrength
32	209	1	0	0	0	0	24	7	12	315.21	0		15.495558
32	211	10	0	0	7	0	23	11	14	1242.39	0		18.501620
41	268	3	0	0	18	0	31	7	14	304.32	0		16.843407
41	271	5	0	0	0	12	23	6	6	180.62	0		20.862752
32	212	10	0	0	7	14	23	11	14	1242.39	0		18.501620
32	210	4	0	24	0	0	31	12	11	594.85	0		12.789095
41	270	3	0	0	18	14	31	7	14	304.32	0		16.843407
41	267	1	0	0	0	18	24	7	12	315.21	0		15.495558
41	269	3	0	24	0	11	31	7	14	304.32	0		16.843407
41	273	6	0	31	12	0	16	13	7	161.96	0		2.440661
41	274	6	0	31	12	7	16	13	7	161.96	0		2.440661
41	275	8	0	23	7	11	26	5	8	123.37	0		3.136750
41	272	6	0	31	12	14	16	13	7	161.96	0		2.440661


-------------------------------------------------------------------------------------------------------------------
Tour_Id:			21
No_of_Customers:		2
No_of_Items:			16
Customer_Sequence:		39 11 

CustId	Id	TypeId	Rotated	x	y	z	Length	Width	Height	mass	Fragility	LoadBearingStrength
11	76	10	0	0	0	0	23	11	14	1242.39	0		18.501620
11	68	1	0	0	11	0	24	7	12	315.21	0		15.495558
11	69	1	0	0	18	0	24	7	12	315.21	0		15.495558
11	70	1	0	0	11	12	24	7	12	315.21	0		15.495558
11	71	1	0	0	18	12	24	7	12	315.21	0		15.495558
11	73	6	0	24	0	0	16	13	7	161.96	0		2.440661
11	74	6	0	24	0	7	16	13	7	161.96	0		2.440661
11	72	2	0	0	0	14	30	7	6	323.77	0		20.551227
11	75	8	0	0	0	20	26	5	8	123.37	0		3.136750
39	254	4	0	24	13	0	31	12	11	594.85	0		12.789095
39	253	3	0	24	13	11	31	7	14	304.32	0		16.843407
39	257	6	0	40	0	0	16	13	7	161.96	0		2.440661
39	258	6	0	40	0	7	16	13	7	161.96	0		2.440661
39	255	5	0	0	11	24	23	6	6	180.62	0		20.862752
39	256	5	0	0	17	24	23	6	6	180.62	0		20.862752
39	259	9	0	30	0	14	22	13	14	556.25	1		2.005322


-------------------------------------------------------------------------------------------------------------------
Tour_Id:			22
No_of_Customers:		2
No_of_Items:			14
Customer_Sequence:		42 35 

CustId	Id	TypeId	Rotated	x	y	z	Length	Width	Height	mass	Fragility	LoadBearingStrength
35	224	8	0	0	0	0	26	5	8	123.37	0		3.136750
35	222	3	0	0	5	0	31	7	14	304.32	0		16.843407
35	226	9	0	0	12	0	22	13	14	556.25	1		2.005322
35	221	2	0	0	5	14	30	7	6	323.77	0		20.551227
35	223	6	0	22	12	0	16	13	7	161.96	0		2.440661
35	227	10	0	31	0	0	23	11	14	1242.39	0		18.501620
35	225	8	0	0	0	8	26	5	8	123.37	0		3.136750
42	279	6	0	22	12	7	16	13	7	161.96	0		2.440661
42	277	5	0	0	5	20	23	6	6	180.62	0		20.862752
42	276	2	0	30	0	14	30	7	6	323.77	0		20.551227
42	278	5	0	30	0	20	23	6	6	180.62	0		20.862752
42	282	9	0	0	12	14	22	13	14	556.25	1		2.005322
42	280	7	0	38	11	0	22	14	12	457.90	1		5.154240
42	281	7	0	38	11	12	22	14	12	457.90	1		5.154240


-------------------------------------------------------------------------------------------------------------------
Tour_Id:			23
No_of_Customers:		1
No_of_Items:			0
Customer_Sequence:		30 

-------------------------------------------------------------------------------------------------------------------
Tour_Id:			24
No_of_Customers:		2
No_of_Items:			12
Customer_Sequence:		27 18 

CustId	Id	TypeId	Rotated	x	y	z	Length	Width	Height	mass	Fragility	LoadBearingStrength
18	121	4	0	0	0	0	31	12	11	594.85	0		12.789095
18	122	4	0	0	12	0	31	12	11	594.85	0		12.789095
27	177	3	0	0	0	11	31	7	14	304.32	0		16.843407
18	120	3	0	0	7	11	31	7	14	304.32	0		16.843407
18	119	2	0	0	14	11	30	7	6	323.77	0		20.551227
27	175	2	0	0	14	17	30	7	6	323.77	0		20.551227
18	124	8	0	31	0	0	26	5	8	123.37	0		3.136750
18	125	10	0	31	12	0	23	11	14	1242.39	0		18.501620
18	123	8	0	31	5	0	26	5	8	123.37	0		3.136750
27	176	2	0	0	14	23	30	7	6	323.77	0		20.551227
27	178	5	0	31	0	8	23	6	6	180.62	0		20.862752
27	179	9	0	31	12	14	22	13	14	556.25	1		2.005322


-------------------------------------------------------------------------------------------------------------------
Tour_Id:			25
No_of_Customers:		2
No_of_Items:			12
Customer_Sequence:		56 60 

CustId	Id	TypeId	Rotated	x	y	z	Length	Width	Height	mass	Fragility	LoadBearingStrength
60	398	3	0	0	0	0	31	7	14	304.32	0		16.843407
60	400	10	0	0	7	0	23	11	14	1242.39	0		18.501620
60	395	1	0	0	18	0	24	7	12	315.21	0		15.495558
60	396	1	0	0	18	12	24	7	12	315.21	0		15.495558
60	397	2	0	0	0	14	30	7	6	323.77	0		20.551227
56	369	2	0	0	7	14	30	7	6	323.77	0		20.551227
60	399	4	0	24	7	0	31	12	11	594.85	0		12.789095
56	368	1	0	31	0	0	24	7	12	315.21	0		15.495558
56	372	8	0	0	0	20	26	5	8	123.37	0		3.136750
56	370	2	0	0	5	20	30	7	6	323.77	0		20.551227
56	371	2	0	0	18	24	30	7	6	323.77	0		20.551227
56	373	10	0	30	7	11	23	11	14	1242.39	0		18.501620


-------------------------------------------------------------------------------------------------------------------
Tour_Id:			26
No_of_Customers:		2
No_of_Items:			14
Customer_Sequence:		14 17 

CustId	Id	TypeId	Rotated	x	y	z	Length	Width	Height	mass	Fragility	LoadBearingStrength
17	112	3	0	0	0	0	31	7	14	304.32	0		16.843407
17	110	2	0	0	7	0	30	7	6	323.77	0		20.551227
17	113	5	0	0	14	0	23	6	6	180.62	0		20.862752
17	117	7	0	0	7	6	22	14	12	457.90	1		5.154240
17	116	7	0	0	7	18	22	14	12	457.90	1		5.154240
17	118	10	0	23	14	0	23	11	14	1242.39	0		18.501620
17	111	2	0	0	0	14	30	7	6	323.77	0		20.551227
14	94	8	0	0	0	20	26	5	8	123.37	0		3.136750
17	115	6	0	31	0	0	16	13	7	161.96	0		2.440661
14	92	6	0	31	0	7	16	13	7	161.96	0		2.440661
14	91	2	0	23	14	14	30	7	6	323.77	0		20.551227
14	93	8	0	23	14	20	26	5	8	123.37	0		3.136750
17	114	6	1	47	0	0	16	13	7	161.96	0		2.440661
14	95	9	0	30	0	14	22	13	14	556.25	1		2.005322


-------------------------------------------------------------------------------------------------------------------
Tour_Id:			27
No_of_Customers:		2
No_of_Items:			13
Customer_Sequence:		58 9 

CustId	Id	TypeId	Rotated	x	y	z	Length	Width	Height	mass	Fragility	LoadBearingStrength
9	56	4	0	0	0	0	31	12	11	594.85	0		12.789095
9	57	4	0	0	12	0	31	12	11	594.85	0		12.789095
9	54	3	0	0	0	11	31	7	14	304.32	0		16.843407
9	55	3	0	0	7	11	31	7	14	304.32	0		16.843407
9	58	9	0	31	0	0	22	13	14	556.25	1		2.005322
58	382	1	0	0	14	11	24	7	12	315.21	0		15.495558
58	388	10	0	31	13	0	23	11	14	1242.39	0		18.501620
58	386	8	0	31	13	14	26	5	8	123.37	0		3.136750
58	383	2	0	0	14	23	30	7	6	323.77	0		20.551227
58	381	1	0	31	18	14	24	7	12	315.21	0		15.495558
58	384	5	1	54	0	0	23	6	6	180.62	0		20.862752
58	385	5	1	54	0	6	23	6	6	180.62	0		20.862752
58	387	9	0	31	0	14	22	13	14	556.25	1		2.005322


-------------------------------------------------------------------------------------------------------------------
Tour_Id:			28
No_of_Customers:		1
No_of_Items:			0
Customer_Sequence:		55 

-------------------------------------------------------------------------------------------------------------------
Tour_Id:			29
No_of_Customers:		2
No_of_Items:			12
Customer_Sequence:		53 23 

CustId	Id	TypeId	Rotated	x	y	z	Length	Width	Height	mass	Fragility	LoadBearingStrength
23	158	4	0	0	0	0	31	12	11	594.85	0		12.789095
23	157	2	0	0	12	0	30	7	6	323.77	0		20.551227
23	156	2	0	0	12	6	30	7	6	323.77	0		20.551227
23	161	10	0	0	0	11	23	11	14	1242.39	0		18.501620
23	159	5	0	0	19	0	23	6	6	180.62	0		20.862752
23	160	7	0	31	0	0	22	14	12	457.90	1		5.154240
53	350	10	0	30	14	0	23	11	14	1242.39	0		18.501620
53	347	5	0	0	19	6	23	6	6	180.62	0		20.862752
53	348	7	0	0	11	12	22	14	12	457.90	1		5.154240
53	345	1	0	30	14	14	24	7	12	315.21	0		15.495558
53	346	5	1	53	0	0	23	6	6	180.62	0		20.862752
53	349	7	0	31	0	12	22	14	12	457.90	1		5.154240


-------------------------------------------------------------------------------------------------------------------
Tour_Id:			30
No_of_Customers:		2
No_of_Items:			12
Customer_Sequence:		40 33 

CustId	Id	TypeId	Rotated	x	y	z	Length	Width	Height	mass	Fragility	LoadBearingStrength
33	215	3	0	0	0	0	31	7	14	304.32	0		16.843407
33	217	9	0	0	7	0	22	13	14	556.25	1		2.005322
40	266	10	0	22	7	0	23	11	14	1242.39	0		18.501620
33	214	2	0	0	0	14	30	7	6	323.77	0		20.551227
33	216	7	0	0	7	14	22	14	12	457.90	1		5.154240
40	262	3	0	22	18	0	31	7	14	304.32	0		16.843407
33	213	1	0	31	0	0	24	7	12	315.21	0		15.495558
40	265	9	0	22	7	14	22	13	14	556.25	1		2.005322
40	261	2	0	0	0	20	30	7	6	323.77	0		20.551227
40	264	8	0	22	20	14	26	5	8	123.37	0		3.136750
40	263	5	0	31	0	12	23	6	6	180.62	0		20.862752
40	260	1	0	30	0	18	24	7	12	315.21	0		15.495558


-------------------------------------------------------------------------------------------------------------------
Tour_Id:			31
No_of_Customers:		2
No_of_Items:			15
Customer_Sequence:		7 5 

CustId	Id	TypeId	Rotated	x	y	z	Length	Width	Height	mass	Fragility	LoadBearingStrength
5	30	4	0	0	0	0	31	12	11	594.85	0		12.789095
5	29	3	0	0	12	0	31	7	14	304.32	0		16.843407
5	31	5	0	0	19	0	23	6	6	180.62	0		20.862752
5	33	8	0	0	19	6	26	5	8	123.37	0		3.136750
5	27	1	0	0	0	11	24	7	12	315.21	0		15.495558
5	32	6	0	0	12	14	16	13	7	161.96	0		2.440661
5	26	1	0	31	0	0	24	7	12	315.21	0		15.495558
5	28	2	0	0	0	23	30	7	6	323.77	0		20.551227
7	39	1	0	31	7	0	24	7	12	315.21	0		15.495558
5	25	1	0	31	14	0	24	7	12	315.21	0		15.495558
7	40	1	0	31	0	12	24	7	12	315.21	0		15.495558
7	43	8	0	0	7	11	26	5	8	123.37	0		3.136750
7	44	8	0	0	7	19	26	5	8	123.37	0		3.136750
7	41	5	0	30	0	24	23	6	6	180.62	0		20.862752
7	42	7	0	31	7	12	22	14	12	457.90	1		5.154240


