Name:				369_n060_m400_bt10
Problem:			3L-VRPTW
Number_of_used_Vehicles:	26
Total_Travel_Distance:		1894.00
Calculation_Time:		3600.00
Total_Iterations:		15859
ConstraintSet:			P1

-------------------------------------------------------------------------------------------------------------------
Tour_Id:			1
No_of_Customers:		2
No_of_Items:			16
Customer_Sequence:		52 26 

CustId	Id	TypeId	Rotated	x	y	z	Length	Width	Height	mass	Fragility	LoadBearingStrength
26	178	6	0	0	0	0	27	8	10	349.34	0		18.738306
26	181	9	0	0	8	0	30	9	10	303.47	0		9.398251
26	180	8	0	0	17	0	15	7	14	256.42	0		6.724354
26	175	4	0	0	0	10	23	14	9	496.56	1		2.357948
26	179	7	0	15	17	0	31	8	11	402.46	0		23.820414
52	346	8	0	0	17	14	15	7	14	256.42	0		6.724354
26	173	2	0	30	0	0	14	13	10	329.84	0		41.741888
26	177	5	0	23	0	10	16	7	11	152.65	0		6.994056
52	349	10	0	15	17	11	31	7	6	204.49	0		9.022447
26	174	2	0	44	0	0	14	13	10	329.84	0		41.741888
52	347	10	0	15	17	17	31	7	6	204.49	0		9.022447
52	344	3	0	23	7	10	13	10	11	230.40	0		8.854523
52	348	10	0	15	17	23	31	7	6	204.49	0		9.022447
26	176	5	0	39	0	10	16	7	11	152.65	0		6.994056
52	350	10	0	23	0	21	31	7	6	204.49	0		9.022447
52	345	5	0	36	7	10	16	7	11	152.65	0		6.994056


-------------------------------------------------------------------------------------------------------------------
Tour_Id:			2
No_of_Customers:		2
No_of_Items:			16
Customer_Sequence:		58 47 

CustId	Id	TypeId	Rotated	x	y	z	Length	Width	Height	mass	Fragility	LoadBearingStrength
47	318	9	0	0	0	0	30	9	10	303.47	0		9.398251
47	312	2	0	0	9	0	14	13	10	329.84	0		41.741888
47	315	6	0	0	0	10	27	8	10	349.34	0		18.738306
47	313	2	0	0	8	10	14	13	10	329.84	0		41.741888
47	316	8	0	14	9	0	15	7	14	256.42	0		6.724354
47	317	8	0	14	16	0	15	7	14	256.42	0		6.724354
47	314	3	0	14	8	14	13	10	11	230.40	0		8.854523
58	383	6	0	0	0	20	27	8	10	349.34	0		18.738306
58	385	7	0	29	9	0	31	8	11	402.46	0		23.820414
58	386	7	0	29	17	0	31	8	11	402.46	0		23.820414
58	388	9	0	29	9	11	30	9	10	303.47	0		9.398251
58	382	6	0	30	0	0	27	8	10	349.34	0		18.738306
58	384	7	0	27	0	10	31	8	11	402.46	0		23.820414
58	387	8	0	29	18	11	15	7	14	256.42	0		6.724354
58	389	10	0	27	0	21	31	7	6	204.49	0		9.022447
58	381	1	0	27	7	21	32	11	8	487.25	1		1.901275


-------------------------------------------------------------------------------------------------------------------
Tour_Id:			3
No_of_Customers:		2
No_of_Items:			14
Customer_Sequence:		36 55 

CustId	Id	TypeId	Rotated	x	y	z	Length	Width	Height	mass	Fragility	LoadBearingStrength
55	364	3	0	0	0	0	13	10	11	230.40	0		8.854523
55	363	3	0	0	10	0	13	10	11	230.40	0		8.854523
55	365	4	1	0	0	11	23	14	9	496.56	1		2.357948
36	250	6	0	14	0	0	27	8	10	349.34	0		18.738306
55	367	7	0	13	10	0	31	8	11	402.46	0		23.820414
36	252	9	0	14	0	10	30	9	10	303.47	0		9.398251
55	366	5	0	13	18	0	16	7	11	152.65	0		6.994056
36	248	3	0	44	0	0	13	10	11	230.40	0		8.854523
36	246	3	0	44	10	0	13	10	11	230.40	0		8.854523
36	247	3	0	14	9	11	13	10	11	230.40	0		8.854523
36	251	6	0	14	0	20	27	8	10	349.34	0		18.738306
36	249	4	1	0	0	20	23	14	9	496.56	1		2.357948
36	244	1	0	27	9	11	32	11	8	487.25	1		1.901275
36	245	1	0	27	9	19	32	11	8	487.25	1		1.901275


-------------------------------------------------------------------------------------------------------------------
Tour_Id:			4
No_of_Customers:		2
No_of_Items:			14
Customer_Sequence:		6 25 

CustId	Id	TypeId	Rotated	x	y	z	Length	Width	Height	mass	Fragility	LoadBearingStrength
25	169	3	0	0	0	0	13	10	11	230.40	0		8.854523
25	172	7	0	0	10	0	31	8	11	402.46	0		23.820414
6	40	7	0	0	10	11	31	8	11	402.46	0		23.820414
25	171	7	0	13	0	0	31	8	11	402.46	0		23.820414
6	35	3	0	0	0	11	13	10	11	230.40	0		8.854523
25	168	2	0	31	10	0	14	13	10	329.84	0		41.741888
6	33	2	0	31	8	10	14	13	10	329.84	0		41.741888
6	34	2	0	31	8	20	14	13	10	329.84	0		41.741888
6	41	10	0	0	10	22	31	7	6	204.49	0		9.022447
25	170	4	1	45	0	0	23	14	9	496.56	1		2.357948
6	38	5	0	13	0	11	16	7	11	152.65	0		6.994056
6	39	5	0	29	0	11	16	7	11	152.65	0		6.994056
6	36	4	1	45	0	9	23	14	9	496.56	1		2.357948
6	37	4	1	45	0	18	23	14	9	496.56	1		2.357948


-------------------------------------------------------------------------------------------------------------------
Tour_Id:			5
No_of_Customers:		3
No_of_Items:			17
Customer_Sequence:		44 54 21 

CustId	Id	TypeId	Rotated	x	y	z	Length	Width	Height	mass	Fragility	LoadBearingStrength
21	142	7	0	0	0	0	31	8	11	402.46	0		23.820414
21	143	7	0	0	8	0	31	8	11	402.46	0		23.820414
21	145	9	0	0	16	0	30	9	10	303.47	0		9.398251
21	144	8	0	0	16	10	15	7	14	256.42	0		6.724354
21	146	10	0	0	0	11	31	7	6	204.49	0		9.022447
21	141	5	0	0	7	11	16	7	11	152.65	0		6.994056
54	357	3	0	16	7	11	13	10	11	230.40	0		8.854523
54	358	4	0	31	0	0	23	14	9	496.56	1		2.357948
54	361	10	0	0	0	17	31	7	6	204.49	0		9.022447
54	362	10	0	0	7	22	31	7	6	204.49	0		9.022447
54	360	8	0	15	17	10	15	7	14	256.42	0		6.724354
54	359	4	0	31	0	9	23	14	9	496.56	1		2.357948
44	296	9	0	30	16	0	30	9	10	303.47	0		9.398251
44	295	8	0	30	16	10	15	7	14	256.42	0		6.724354
44	297	10	0	0	0	23	31	7	6	204.49	0		9.022447
44	298	10	0	0	16	24	31	7	6	204.49	0		9.022447
44	294	4	0	31	0	18	23	14	9	496.56	1		2.357948


-------------------------------------------------------------------------------------------------------------------
Tour_Id:			6
No_of_Customers:		2
No_of_Items:			15
Customer_Sequence:		60 19 

CustId	Id	TypeId	Rotated	x	y	z	Length	Width	Height	mass	Fragility	LoadBearingStrength
19	130	3	0	0	0	0	13	10	11	230.40	0		8.854523
19	132	5	0	0	10	0	16	7	11	152.65	0		6.994056
19	128	3	0	0	0	11	13	10	11	230.40	0		8.854523
60	398	5	0	0	17	0	16	7	11	152.65	0		6.994056
19	135	10	0	13	0	0	31	7	6	204.49	0		9.022447
19	136	10	0	13	0	6	31	7	6	204.49	0		9.022447
19	131	5	0	0	10	11	16	7	11	152.65	0		6.994056
19	133	7	0	13	0	12	31	8	11	402.46	0		23.820414
19	134	9	0	16	7	0	30	9	10	303.47	0		9.398251
19	129	3	0	46	0	0	13	10	11	230.40	0		8.854523
60	397	3	0	44	0	11	13	10	11	230.40	0		8.854523
60	399	8	0	0	17	11	15	7	14	256.42	0		6.724354
60	400	9	0	16	16	0	30	9	10	303.47	0		9.398251
60	395	1	0	16	10	10	32	11	8	487.25	1		1.901275
60	396	1	0	16	10	18	32	11	8	487.25	1		1.901275


-------------------------------------------------------------------------------------------------------------------
Tour_Id:			7
No_of_Customers:		3
No_of_Items:			18
Customer_Sequence:		9 39 59 

CustId	Id	TypeId	Rotated	x	y	z	Length	Width	Height	mass	Fragility	LoadBearingStrength
59	392	6	0	0	0	0	27	8	10	349.34	0		18.738306
59	393	6	0	0	8	0	27	8	10	349.34	0		18.738306
59	390	2	0	0	0	10	14	13	10	329.84	0		41.741888
59	391	2	0	0	0	20	14	13	10	329.84	0		41.741888
59	394	8	0	0	16	0	15	7	14	256.42	0		6.724354
9	55	3	0	14	0	10	13	10	11	230.40	0		8.854523
39	270	6	0	15	16	0	27	8	10	349.34	0		18.738306
39	268	2	0	15	10	10	14	13	10	329.84	0		41.741888
39	271	8	0	0	16	14	15	7	14	256.42	0		6.724354
39	272	8	0	42	16	0	15	7	14	256.42	0		6.724354
9	58	7	0	27	0	0	31	8	11	402.46	0		23.820414
9	54	2	0	15	10	20	14	13	10	329.84	0		41.741888
9	57	6	0	27	0	11	27	8	10	349.34	0		18.738306
9	60	10	0	14	0	21	31	7	6	204.49	0		9.022447
9	59	8	0	42	16	14	15	7	14	256.42	0		6.724354
39	269	6	0	27	8	0	27	8	10	349.34	0		18.738306
9	56	6	0	29	8	10	27	8	10	349.34	0		18.738306
9	61	10	0	29	8	20	31	7	6	204.49	0		9.022447


-------------------------------------------------------------------------------------------------------------------
Tour_Id:			8
No_of_Customers:		2
No_of_Items:			15
Customer_Sequence:		53 5 

CustId	Id	TypeId	Rotated	x	y	z	Length	Width	Height	mass	Fragility	LoadBearingStrength
5	27	6	0	0	0	0	27	8	10	349.34	0		18.738306
5	28	6	0	0	8	0	27	8	10	349.34	0		18.738306
5	32	9	0	0	16	0	30	9	10	303.47	0		9.398251
5	30	7	0	0	0	10	31	8	11	402.46	0		23.820414
5	24	3	0	0	8	10	13	10	11	230.40	0		8.854523
53	356	10	0	0	18	10	31	7	6	204.49	0		9.022447
5	25	3	0	13	8	10	13	10	11	230.40	0		8.854523
53	352	5	0	0	18	16	16	7	11	152.65	0		6.994056
5	29	7	0	27	8	0	31	8	11	402.46	0		23.820414
53	353	7	0	26	8	11	31	8	11	402.46	0		23.820414
53	354	9	0	30	16	0	30	9	10	303.47	0		9.398251
5	31	8	0	31	0	0	15	7	14	256.42	0		6.724354
5	26	4	0	0	0	21	23	14	9	496.56	1		2.357948
53	355	10	0	26	8	22	31	7	6	204.49	0		9.022447
53	351	5	0	16	18	16	16	7	11	152.65	0		6.994056


-------------------------------------------------------------------------------------------------------------------
Tour_Id:			9
No_of_Customers:		2
No_of_Items:			15
Customer_Sequence:		46 22 

CustId	Id	TypeId	Rotated	x	y	z	Length	Width	Height	mass	Fragility	LoadBearingStrength
22	147	3	0	0	0	0	13	10	11	230.40	0		8.854523
22	151	8	0	0	10	0	15	7	14	256.42	0		6.724354
22	152	8	0	0	17	0	15	7	14	256.42	0		6.724354
22	150	5	0	0	0	11	16	7	11	152.65	0		6.994056
22	153	8	0	0	10	14	15	7	14	256.42	0		6.724354
22	148	3	0	13	0	0	13	10	11	230.40	0		8.854523
22	149	4	0	15	10	0	23	14	9	496.56	1		2.357948
22	154	9	0	26	0	0	30	9	10	303.47	0		9.398251
46	305	2	0	38	10	0	14	13	10	329.84	0		41.741888
46	306	2	0	38	10	10	14	13	10	329.84	0		41.741888
46	309	8	0	0	17	14	15	7	14	256.42	0		6.724354
46	310	10	0	26	0	10	31	7	6	204.49	0		9.022447
46	311	10	0	26	0	16	31	7	6	204.49	0		9.022447
46	307	4	0	15	10	9	23	14	9	496.56	1		2.357948
46	308	4	0	15	7	18	23	14	9	496.56	1		2.357948


-------------------------------------------------------------------------------------------------------------------
Tour_Id:			10
No_of_Customers:		2
No_of_Items:			16
Customer_Sequence:		15 34 

CustId	Id	TypeId	Rotated	x	y	z	Length	Width	Height	mass	Fragility	LoadBearingStrength
34	238	9	0	0	0	0	30	9	10	303.47	0		9.398251
34	235	7	0	0	9	0	31	8	11	402.46	0		23.820414
34	234	7	0	0	17	0	31	8	11	402.46	0		23.820414
34	236	8	0	0	0	10	15	7	14	256.42	0		6.724354
34	233	5	0	0	9	11	16	7	11	152.65	0		6.994056
15	98	7	0	0	16	11	31	8	11	402.46	0		23.820414
34	230	3	0	31	0	0	13	10	11	230.40	0		8.854523
34	237	8	0	15	0	10	15	7	14	256.42	0		6.724354
34	231	4	0	31	10	0	23	14	9	496.56	1		2.357948
34	232	5	0	16	9	11	16	7	11	152.65	0		6.994056
15	96	3	0	32	0	11	13	10	11	230.40	0		8.854523
15	99	8	0	45	0	0	15	7	14	256.42	0		6.724354
15	100	10	0	0	9	22	31	7	6	204.49	0		9.022447
15	101	10	0	0	16	22	31	7	6	204.49	0		9.022447
15	102	10	0	0	0	24	31	7	6	204.49	0		9.022447
15	97	4	0	32	10	9	23	14	9	496.56	1		2.357948


-------------------------------------------------------------------------------------------------------------------
Tour_Id:			11
No_of_Customers:		3
No_of_Items:			15
Customer_Sequence:		2 20 31 

CustId	Id	TypeId	Rotated	x	y	z	Length	Width	Height	mass	Fragility	LoadBearingStrength
31	215	10	0	0	0	0	31	7	6	204.49	0		9.022447
31	217	10	0	0	7	0	31	7	6	204.49	0		9.022447
31	213	7	0	0	14	0	31	8	11	402.46	0		23.820414
31	216	10	0	0	0	6	31	7	6	204.49	0		9.022447
20	140	10	0	0	7	6	31	7	6	204.49	0		9.022447
31	214	9	0	0	14	11	30	9	10	303.47	0		9.398251
20	139	9	0	0	0	12	30	9	10	303.47	0		9.398251
31	212	5	0	31	0	0	16	7	11	152.65	0		6.994056
20	138	2	0	31	7	0	14	13	10	329.84	0		41.741888
20	137	1	0	0	14	21	32	11	8	487.25	1		1.901275
2	6	2	0	32	7	10	14	13	10	329.84	0		41.741888
2	7	2	0	32	7	20	14	13	10	329.84	0		41.741888
2	8	2	0	45	7	0	14	13	10	329.84	0		41.741888
2	9	5	0	31	0	11	16	7	11	152.65	0		6.994056
2	5	1	0	0	0	22	32	11	8	487.25	1		1.901275


-------------------------------------------------------------------------------------------------------------------
Tour_Id:			12
No_of_Customers:		3
No_of_Items:			17
Customer_Sequence:		28 40 51 

CustId	Id	TypeId	Rotated	x	y	z	Length	Width	Height	mass	Fragility	LoadBearingStrength
51	341	9	0	0	0	0	30	9	10	303.47	0		9.398251
51	338	2	0	0	9	0	14	13	10	329.84	0		41.741888
40	275	6	0	0	0	10	27	8	10	349.34	0		18.738306
51	340	8	0	0	8	10	15	7	14	256.42	0		6.724354
51	342	10	0	14	9	0	31	7	6	204.49	0		9.022447
51	343	10	0	14	16	0	31	7	6	204.49	0		9.022447
40	274	6	0	0	0	20	27	8	10	349.34	0		18.738306
51	339	8	0	0	15	10	15	7	14	256.42	0		6.724354
40	276	8	0	15	9	6	15	7	14	256.42	0		6.724354
40	273	5	0	15	16	6	16	7	11	152.65	0		6.994056
28	193	9	0	30	0	0	30	9	10	303.47	0		9.398251
28	194	9	0	27	0	10	30	9	10	303.47	0		9.398251
28	191	6	0	27	0	20	27	8	10	349.34	0		18.738306
28	192	8	0	30	9	6	15	7	14	256.42	0		6.724354
28	195	10	0	15	8	20	31	7	6	204.49	0		9.022447
28	189	5	0	15	16	17	16	7	11	152.65	0		6.994056
28	190	5	0	31	16	6	16	7	11	152.65	0		6.994056


-------------------------------------------------------------------------------------------------------------------
Tour_Id:			13
No_of_Customers:		2
No_of_Items:			13
Customer_Sequence:		45 27 

CustId	Id	TypeId	Rotated	x	y	z	Length	Width	Height	mass	Fragility	LoadBearingStrength
27	188	10	0	0	0	0	31	7	6	204.49	0		9.022447
27	187	9	0	0	7	0	30	9	10	303.47	0		9.398251
27	184	6	0	0	16	0	27	8	10	349.34	0		18.738306
27	182	4	0	0	7	10	23	14	9	496.56	1		2.357948
27	185	7	0	27	16	0	31	8	11	402.46	0		23.820414
27	183	5	0	0	0	6	16	7	11	152.65	0		6.994056
27	186	8	0	16	0	6	15	7	14	256.42	0		6.724354
45	301	7	0	27	16	11	31	8	11	402.46	0		23.820414
45	302	9	0	30	7	0	30	9	10	303.47	0		9.398251
45	303	9	0	23	7	10	30	9	10	303.47	0		9.398251
45	299	2	0	16	0	20	14	13	10	329.84	0		41.741888
45	304	10	0	27	16	22	31	7	6	204.49	0		9.022447
45	300	5	0	31	0	0	16	7	11	152.65	0		6.994056


-------------------------------------------------------------------------------------------------------------------
Tour_Id:			14
No_of_Customers:		2
No_of_Items:			13
Customer_Sequence:		13 23 

CustId	Id	TypeId	Rotated	x	y	z	Length	Width	Height	mass	Fragility	LoadBearingStrength
23	160	7	0	0	0	0	31	8	11	402.46	0		23.820414
23	156	3	0	0	8	0	13	10	11	230.40	0		8.854523
13	86	9	0	0	0	11	30	9	10	303.47	0		9.398251
23	161	8	0	0	18	0	15	7	14	256.42	0		6.724354
23	159	5	0	0	9	11	16	7	11	152.65	0		6.994056
23	155	2	0	15	9	0	14	13	10	329.84	0		41.741888
23	158	4	0	29	9	0	23	14	9	496.56	1		2.357948
23	157	4	0	29	9	9	23	14	9	496.56	1		2.357948
13	84	6	0	31	0	0	27	8	10	349.34	0		18.738306
13	85	6	0	31	0	10	27	8	10	349.34	0		18.738306
13	87	10	0	0	0	21	31	7	6	204.49	0		9.022447
13	83	5	1	52	9	0	16	7	11	152.65	0		6.994056
13	82	4	0	29	9	18	23	14	9	496.56	1		2.357948


-------------------------------------------------------------------------------------------------------------------
Tour_Id:			15
No_of_Customers:		2
No_of_Items:			17
Customer_Sequence:		37 16 

CustId	Id	TypeId	Rotated	x	y	z	Length	Width	Height	mass	Fragility	LoadBearingStrength
16	108	7	0	0	0	0	31	8	11	402.46	0		23.820414
16	107	6	0	0	8	0	27	8	10	349.34	0		18.738306
16	109	9	0	0	16	0	30	9	10	303.47	0		9.398251
16	110	10	0	0	8	10	31	7	6	204.49	0		9.022447
16	106	5	0	0	15	10	16	7	11	152.65	0		6.994056
37	259	9	0	30	16	0	30	9	10	303.47	0		9.398251
16	105	3	0	16	15	10	13	10	11	230.40	0		8.854523
16	104	3	0	31	0	0	13	10	11	230.40	0		8.854523
37	257	7	0	0	0	11	31	8	11	402.46	0		23.820414
37	258	8	0	0	8	16	15	7	14	256.42	0		6.724354
16	103	2	0	44	0	0	14	13	10	329.84	0		41.741888
37	253	3	0	29	15	10	13	10	11	230.40	0		8.854523
37	260	10	0	0	15	21	31	7	6	204.49	0		9.022447
37	261	10	0	0	0	22	31	7	6	204.49	0		9.022447
37	256	5	0	15	8	16	16	7	11	152.65	0		6.994056
37	254	4	1	44	0	10	23	14	9	496.56	1		2.357948
37	255	4	1	42	0	19	23	14	9	496.56	1		2.357948


-------------------------------------------------------------------------------------------------------------------
Tour_Id:			16
No_of_Customers:		3
No_of_Items:			17
Customer_Sequence:		32 1 30 

CustId	Id	TypeId	Rotated	x	y	z	Length	Width	Height	mass	Fragility	LoadBearingStrength
30	208	9	0	0	0	0	30	9	10	303.47	0		9.398251
30	209	9	0	0	9	0	30	9	10	303.47	0		9.398251
30	206	6	0	0	0	10	27	8	10	349.34	0		18.738306
30	210	10	0	0	18	0	31	7	6	204.49	0		9.022447
30	207	8	0	0	18	6	15	7	14	256.42	0		6.724354
1	3	7	0	0	8	10	31	8	11	402.46	0		23.820414
30	211	10	0	0	0	20	31	7	6	204.49	0		9.022447
30	205	2	0	30	0	0	14	13	10	329.84	0		41.741888
1	1	2	0	44	0	0	14	13	10	329.84	0		41.741888
1	4	8	0	15	18	6	15	7	14	256.42	0		6.724354
32	222	9	0	0	16	20	30	9	10	303.47	0		9.398251
1	2	4	0	31	0	10	23	14	9	496.56	1		2.357948
32	221	6	0	31	14	0	27	8	10	349.34	0		18.738306
32	218	3	0	31	14	10	13	10	11	230.40	0		8.854523
32	223	10	0	0	8	21	31	7	6	204.49	0		9.022447
32	220	5	0	44	14	10	16	7	11	152.65	0		6.994056
32	219	4	0	31	0	19	23	14	9	496.56	1		2.357948


-------------------------------------------------------------------------------------------------------------------
Tour_Id:			17
No_of_Customers:		2
No_of_Items:			17
Customer_Sequence:		48 29 

CustId	Id	TypeId	Rotated	x	y	z	Length	Width	Height	mass	Fragility	LoadBearingStrength
29	199	6	0	0	0	0	27	8	10	349.34	0		18.738306
29	201	7	0	0	8	0	31	8	11	402.46	0		23.820414
29	202	7	0	0	16	0	31	8	11	402.46	0		23.820414
29	203	9	0	0	8	11	30	9	10	303.47	0		9.398251
29	197	5	0	0	0	10	16	7	11	152.65	0		6.994056
29	204	10	0	0	17	11	31	7	6	204.49	0		9.022447
29	200	7	0	0	17	17	31	8	11	402.46	0		23.820414
48	324	7	0	27	0	0	31	8	11	402.46	0		23.820414
29	198	5	0	31	8	0	16	7	11	152.65	0		6.994056
29	196	3	0	31	15	0	13	10	11	230.40	0		8.854523
48	325	8	0	27	0	11	15	7	14	256.42	0		6.724354
48	319	3	0	31	15	11	13	10	11	230.40	0		8.854523
48	326	8	0	30	8	11	15	7	14	256.42	0		6.724354
48	320	3	0	44	15	0	13	10	11	230.40	0		8.854523
48	322	5	0	42	0	11	16	7	11	152.65	0		6.994056
48	323	5	0	44	15	11	16	7	11	152.65	0		6.994056
48	321	4	0	0	0	21	23	14	9	496.56	1		2.357948


-------------------------------------------------------------------------------------------------------------------
Tour_Id:			18
No_of_Customers:		2
No_of_Items:			14
Customer_Sequence:		12 57 

CustId	Id	TypeId	Rotated	x	y	z	Length	Width	Height	mass	Fragility	LoadBearingStrength
57	376	3	0	0	0	0	13	10	11	230.40	0		8.854523
57	378	5	0	0	10	0	16	7	11	152.65	0		6.994056
57	380	7	0	0	17	0	31	8	11	402.46	0		23.820414
57	377	4	1	0	0	11	23	14	9	496.56	1		2.357948
12	80	9	0	16	0	0	30	9	10	303.47	0		9.398251
12	73	2	0	46	0	0	14	13	10	329.84	0		41.741888
12	78	6	0	16	9	0	27	8	10	349.34	0		18.738306
12	81	10	0	16	0	10	31	7	6	204.49	0		9.022447
12	79	8	0	14	0	16	15	7	14	256.42	0		6.724354
12	77	5	0	16	7	10	16	7	11	152.65	0		6.994056
57	379	6	0	31	17	0	27	8	10	349.34	0		18.738306
12	74	4	1	0	0	20	23	14	9	496.56	1		2.357948
12	75	4	0	32	7	10	23	14	9	496.56	1		2.357948
12	76	4	0	32	7	19	23	14	9	496.56	1		2.357948


-------------------------------------------------------------------------------------------------------------------
Tour_Id:			19
No_of_Customers:		2
No_of_Items:			14
Customer_Sequence:		38 50 

CustId	Id	TypeId	Rotated	x	y	z	Length	Width	Height	mass	Fragility	LoadBearingStrength
50	333	6	0	0	0	0	27	8	10	349.34	0		18.738306
50	334	6	0	0	8	0	27	8	10	349.34	0		18.738306
50	332	5	0	0	16	0	16	7	11	152.65	0		6.994056
50	336	10	0	0	0	10	31	7	6	204.49	0		9.022447
50	330	1	0	27	0	0	32	11	8	487.25	1		1.901275
50	335	7	0	0	7	10	31	8	11	402.46	0		23.820414
38	264	9	0	16	16	0	30	9	10	303.47	0		9.398251
50	337	10	0	0	0	16	31	7	6	204.49	0		9.022447
38	267	10	0	0	7	21	31	7	6	204.49	0		9.022447
38	265	9	0	16	15	10	30	9	10	303.47	0		9.398251
38	263	8	0	0	16	11	15	7	14	256.42	0		6.724354
38	266	10	0	0	0	22	31	7	6	204.49	0		9.022447
50	331	4	0	31	0	8	23	14	9	496.56	1		2.357948
38	262	4	0	31	0	17	23	14	9	496.56	1		2.357948


-------------------------------------------------------------------------------------------------------------------
Tour_Id:			20
No_of_Customers:		2
No_of_Items:			15
Customer_Sequence:		10 14 

CustId	Id	TypeId	Rotated	x	y	z	Length	Width	Height	mass	Fragility	LoadBearingStrength
14	93	6	0	0	0	0	27	8	10	349.34	0		18.738306
14	88	2	0	0	8	0	14	13	10	329.84	0		41.741888
14	91	4	0	0	0	10	23	14	9	496.56	1		2.357948
14	92	5	0	0	14	10	16	7	11	152.65	0		6.994056
14	89	3	0	16	14	0	13	10	11	230.40	0		8.854523
14	90	3	0	16	14	11	13	10	11	230.40	0		8.854523
14	95	8	0	27	0	0	15	7	14	256.42	0		6.724354
10	64	4	0	0	0	19	23	14	9	496.56	1		2.357948
10	66	9	0	29	14	0	30	9	10	303.47	0		9.398251
10	67	9	0	29	14	10	30	9	10	303.47	0		9.398251
10	65	8	0	27	7	0	15	7	14	256.42	0		6.724354
10	68	10	0	29	14	20	31	7	6	204.49	0		9.022447
14	94	8	0	42	0	0	15	7	14	256.42	0		6.724354
10	62	1	0	27	0	14	32	11	8	487.25	1		1.901275
10	63	1	0	23	0	22	32	11	8	487.25	1		1.901275


-------------------------------------------------------------------------------------------------------------------
Tour_Id:			21
No_of_Customers:		3
No_of_Items:			18
Customer_Sequence:		41 42 8 

CustId	Id	TypeId	Rotated	x	y	z	Length	Width	Height	mass	Fragility	LoadBearingStrength
8	51	7	0	0	0	0	31	8	11	402.46	0		23.820414
8	52	9	0	0	8	0	30	9	10	303.47	0		9.398251
8	50	6	0	0	17	0	27	8	10	349.34	0		18.738306
8	48	4	0	0	8	10	23	14	9	496.56	1		2.357948
8	49	5	0	0	0	11	16	7	11	152.65	0		6.994056
8	53	10	0	27	17	0	31	7	6	204.49	0		9.022447
42	287	7	0	27	17	6	31	8	11	402.46	0		23.820414
42	284	2	0	31	0	0	14	13	10	329.84	0		41.741888
42	288	10	0	27	17	17	31	7	6	204.49	0		9.022447
42	286	5	0	16	0	11	16	7	11	152.65	0		6.994056
42	285	4	0	0	8	19	23	14	9	496.56	1		2.357948
41	277	2	0	32	0	10	14	13	10	329.84	0		41.741888
41	278	2	0	32	0	20	14	13	10	329.84	0		41.741888
41	280	8	1	46	0	0	15	7	14	256.42	0		6.724354
41	281	8	1	46	0	14	15	7	14	256.42	0		6.724354
41	282	10	0	0	0	22	31	7	6	204.49	0		9.022447
41	283	10	0	27	17	23	31	7	6	204.49	0		9.022447
41	279	5	1	53	0	0	16	7	11	152.65	0		6.994056


-------------------------------------------------------------------------------------------------------------------
Tour_Id:			22
No_of_Customers:		2
No_of_Items:			14
Customer_Sequence:		17 7 

CustId	Id	TypeId	Rotated	x	y	z	Length	Width	Height	mass	Fragility	LoadBearingStrength
17	118	10	0	0	0	0	31	7	6	204.49	0		9.022447
7	45	6	0	0	7	0	27	8	10	349.34	0		18.738306
7	47	9	0	0	15	0	30	9	10	303.47	0		9.398251
7	42	1	0	0	7	10	32	11	8	487.25	1		1.901275
17	115	6	0	32	0	0	27	8	10	349.34	0		18.738306
17	117	8	0	0	0	6	15	7	14	256.42	0		6.724354
7	43	3	0	32	8	0	13	10	11	230.40	0		8.854523
7	46	8	0	0	18	10	15	7	14	256.42	0		6.724354
17	116	6	0	32	0	10	27	8	10	349.34	0		18.738306
17	112	2	0	45	8	0	14	13	10	329.84	0		41.741888
17	113	2	0	45	8	10	14	13	10	329.84	0		41.741888
17	114	6	0	32	0	20	27	8	10	349.34	0		18.738306
7	44	5	0	15	18	10	16	7	11	152.65	0		6.994056
17	111	1	0	0	7	18	32	11	8	487.25	1		1.901275


-------------------------------------------------------------------------------------------------------------------
Tour_Id:			23
No_of_Customers:		3
No_of_Items:			14
Customer_Sequence:		49 35 24 

CustId	Id	TypeId	Rotated	x	y	z	Length	Width	Height	mass	Fragility	LoadBearingStrength
24	164	6	0	0	0	0	27	8	10	349.34	0		18.738306
24	166	10	0	0	8	0	31	7	6	204.49	0		9.022447
24	162	3	0	0	15	0	13	10	11	230.40	0		8.854523
24	163	4	0	31	0	0	23	14	9	496.56	1		2.357948
24	165	6	0	0	0	10	27	8	10	349.34	0		18.738306
24	167	10	0	0	8	6	31	7	6	204.49	0		9.022447
35	241	9	0	0	8	12	30	9	10	303.47	0		9.398251
35	242	9	0	13	15	0	30	9	10	303.47	0		9.398251
35	239	3	0	43	14	0	13	10	11	230.40	0		8.854523
35	243	10	0	0	0	20	31	7	6	204.49	0		9.022447
35	240	4	0	31	0	9	23	14	9	496.56	1		2.357948
49	327	1	0	0	8	22	32	11	8	487.25	1		1.901275
49	329	4	0	32	0	18	23	14	9	496.56	1		2.357948
49	328	3	0	43	14	11	13	10	11	230.40	0		8.854523


-------------------------------------------------------------------------------------------------------------------
Tour_Id:			24
No_of_Customers:		2
No_of_Items:			15
Customer_Sequence:		3 56 

CustId	Id	TypeId	Rotated	x	y	z	Length	Width	Height	mass	Fragility	LoadBearingStrength
56	372	7	0	0	0	0	31	8	11	402.46	0		23.820414
56	373	7	0	0	8	0	31	8	11	402.46	0		23.820414
56	374	9	0	0	16	0	30	9	10	303.47	0		9.398251
56	375	9	0	0	16	10	30	9	10	303.47	0		9.398251
56	368	2	0	0	0	11	14	13	10	329.84	0		41.741888
56	369	3	0	14	0	11	13	10	11	230.40	0		8.854523
3	10	3	0	31	0	0	13	10	11	230.40	0		8.854523
56	370	4	0	31	10	0	23	14	9	496.56	1		2.357948
3	12	5	0	27	0	11	16	7	11	152.65	0		6.994056
3	15	9	0	0	16	20	30	9	10	303.47	0		9.398251
56	371	4	0	31	10	9	23	14	9	496.56	1		2.357948
3	14	8	0	44	0	0	15	7	14	256.42	0		6.724354
3	16	10	0	14	0	22	31	7	6	204.49	0		9.022447
3	13	8	0	45	0	14	15	7	14	256.42	0		6.724354
3	11	4	0	30	7	18	23	14	9	496.56	1		2.357948


-------------------------------------------------------------------------------------------------------------------
Tour_Id:			25
No_of_Customers:		3
No_of_Items:			15
Customer_Sequence:		11 43 33 

CustId	Id	TypeId	Rotated	x	y	z	Length	Width	Height	mass	Fragility	LoadBearingStrength
33	226	4	0	0	0	0	23	14	9	496.56	1		2.357948
33	224	3	0	0	14	0	13	10	11	230.40	0		8.854523
33	228	10	0	13	14	0	31	7	6	204.49	0		9.022447
43	293	8	0	0	14	11	15	7	14	256.42	0		6.724354
33	225	4	0	0	0	9	23	14	9	496.56	1		2.357948
33	227	7	0	23	0	0	31	8	11	402.46	0		23.820414
43	292	7	0	15	14	6	31	8	11	402.46	0		23.820414
43	289	2	0	46	8	0	14	13	10	329.84	0		41.741888
33	229	10	0	23	0	11	31	7	6	204.49	0		9.022447
43	290	3	0	15	14	17	13	10	11	230.40	0		8.854523
43	291	4	0	0	0	18	23	14	9	496.56	1		2.357948
11	72	7	0	23	0	17	31	8	11	402.46	0		23.820414
11	69	3	0	28	14	17	13	10	11	230.40	0		8.854523
11	70	5	1	46	8	10	16	7	11	152.65	0		6.994056
11	71	5	1	53	8	10	16	7	11	152.65	0		6.994056


-------------------------------------------------------------------------------------------------------------------
Tour_Id:			26
No_of_Customers:		2
No_of_Items:			16
Customer_Sequence:		4 18 

CustId	Id	TypeId	Rotated	x	y	z	Length	Width	Height	mass	Fragility	LoadBearingStrength
18	123	7	0	0	0	0	31	8	11	402.46	0		23.820414
18	125	9	0	0	8	0	30	9	10	303.47	0		9.398251
18	124	7	0	0	17	0	31	8	11	402.46	0		23.820414
18	119	2	0	31	0	0	14	13	10	329.84	0		41.741888
18	120	3	0	0	0	11	13	10	11	230.40	0		8.854523
18	121	3	0	13	0	11	13	10	11	230.40	0		8.854523
18	122	3	0	31	13	0	13	10	11	230.40	0		8.854523
18	126	10	0	0	10	10	31	7	6	204.49	0		9.022447
18	127	10	0	0	17	11	31	7	6	204.49	0		9.022447
4	20	7	0	0	17	17	31	8	11	402.46	0		23.820414
4	21	10	0	0	10	16	31	7	6	204.49	0		9.022447
4	22	10	0	0	0	22	31	7	6	204.49	0		9.022447
4	23	10	0	0	7	22	31	7	6	204.49	0		9.022447
4	18	5	0	31	0	10	16	7	11	152.65	0		6.994056
4	19	5	0	31	13	11	16	7	11	152.65	0		6.994056
4	17	4	1	45	0	0	23	14	9	496.56	1		2.357948


