Name:				371_n060_m400_bt100
Problem:			3L-VRPTW
Number_of_used_Vehicles:	33
Total_Travel_Distance:		2222.98
Calculation_Time:		3600.00
Total_Iterations:		9862
ConstraintSet:			P1

-------------------------------------------------------------------------------------------------------------------
Tour_Id:			1
No_of_Customers:		1
No_of_Items:			0
Customer_Sequence:		53 

-------------------------------------------------------------------------------------------------------------------
Tour_Id:			2
No_of_Customers:		2
No_of_Items:			16
Customer_Sequence:		3 13 

CustId	Id	TypeId	Rotated	x	y	z	Length	Width	Height	mass	Fragility	LoadBearingStrength
13	88	76	0	0	0	0	31	14	11	632.46	0		4.011801
13	86	60	0	0	0	11	31	13	11	575.93	0		37.136659
13	91	89	0	0	14	0	31	10	14	536.68	0		6.753891
13	90	88	0	0	13	14	18	8	9	184.75	1		3.247564
13	84	44	0	0	0	22	23	9	8	228.23	0		10.764713
13	85	51	0	18	13	14	13	12	8	146.72	0		14.206572
13	89	81	1	23	0	22	20	7	8	171.90	0		9.197680
3	18	41	0	31	0	0	21	10	9	332.05	0		8.487372
13	87	63	0	31	10	0	27	9	9	259.68	0		6.651552
3	16	24	0	31	0	9	26	12	9	363.81	0		3.875208
3	17	38	0	31	0	18	16	12	10	363.57	0		6.626977
13	83	39	0	31	12	9	20	8	6	183.36	0		10.616613
3	21	70	0	31	20	0	26	5	14	353.57	0		23.116086
3	20	44	0	31	12	15	23	9	8	228.23	0		10.764713
3	22	90	0	47	0	18	12	10	10	130.95	0		6.313779
3	19	42	0	30	12	23	24	5	6	103.61	0		10.507894


-------------------------------------------------------------------------------------------------------------------
Tour_Id:			3
No_of_Customers:		2
No_of_Items:			12
Customer_Sequence:		58 40 

CustId	Id	TypeId	Rotated	x	y	z	Length	Width	Height	mass	Fragility	LoadBearingStrength
40	271	36	0	0	0	0	34	11	13	518.30	0		6.268715
40	268	12	0	0	11	0	24	13	12	530.86	0		7.225217
40	270	34	0	0	11	12	18	6	10	134.46	0		11.850874
40	274	68	0	24	11	0	18	13	10	465.35	0		24.877721
40	272	45	0	0	17	12	25	8	14	341.96	0		7.540650
40	269	16	0	0	0	13	29	6	8	223.15	0		10.402498
58	384	45	0	34	0	0	25	8	14	341.96	0		7.540650
40	273	59	0	25	11	10	20	11	9	275.94	1		2.753219
58	386	75	1	45	8	0	16	11	11	300.17	0		87.756271
58	387	92	0	0	6	13	33	5	10	175.78	0		8.133123
58	383	26	0	34	0	14	26	7	9	232.06	0		19.953720
58	385	74	0	25	11	19	13	13	9	185.96	1		4.398177


-------------------------------------------------------------------------------------------------------------------
Tour_Id:			4
No_of_Customers:		2
No_of_Items:			15
Customer_Sequence:		20 12 

CustId	Id	TypeId	Rotated	x	y	z	Length	Width	Height	mass	Fragility	LoadBearingStrength
12	77	12	0	0	0	0	24	13	12	530.86	0		7.225217
12	79	20	0	0	13	0	15	9	10	250.46	0		18.347250
12	81	56	0	0	13	10	14	10	8	157.02	0		8.292781
12	80	23	0	0	0	12	19	9	9	291.17	0		5.884167
20	140	43	0	24	0	0	20	13	12	365.72	0		14.665884
20	143	73	0	15	13	0	24	6	14	259.82	0		21.830366
12	78	16	0	15	19	0	29	6	8	223.15	0		10.402498
20	139	39	0	0	0	21	20	8	6	183.36	0		10.616613
12	82	72	0	15	19	8	22	6	6	150.92	0		11.058818
20	144	95	0	15	13	14	22	9	10	290.83	0		5.838159
20	142	46	0	0	13	18	13	11	11	207.17	0		9.659322
20	141	45	0	20	0	12	25	8	14	341.96	0		7.540650
20	136	1	0	19	8	12	18	5	9	100.77	0		4.094251
20	137	8	1	45	0	0	23	13	13	692.40	1		2.786023
20	138	8	1	45	0	13	23	13	13	692.40	1		2.786023


-------------------------------------------------------------------------------------------------------------------
Tour_Id:			5
No_of_Customers:		1
No_of_Items:			0
Customer_Sequence:		37 

-------------------------------------------------------------------------------------------------------------------
Tour_Id:			6
No_of_Customers:		2
No_of_Items:			12
Customer_Sequence:		52 42 

CustId	Id	TypeId	Rotated	x	y	z	Length	Width	Height	mass	Fragility	LoadBearingStrength
42	282	98	0	0	0	0	17	10	14	253.65	0		7.594680
42	278	2	0	0	10	0	25	14	10	354.14	0		9.899673
42	281	63	0	0	10	10	27	9	9	259.68	0		6.651552
52	351	51	0	0	10	19	13	12	8	146.72	0		14.206572
42	280	60	0	27	0	0	31	13	11	575.93	0		37.136659
52	346	3	0	0	0	14	22	10	14	492.17	1		3.858798
52	347	4	0	27	0	11	30	14	10	451	0		4.956208
52	349	27	0	22	0	21	35	8	6	288	0		8.699975
42	279	46	0	27	13	0	13	11	11	207.17	0		9.659322
52	350	48	0	13	10	19	13	8	10	113.79	0		29.968589
52	352	75	0	40	13	0	16	11	11	300.17	0		87.756271
52	348	18	0	27	14	11	30	7	6	236.34	1		5.536292


-------------------------------------------------------------------------------------------------------------------
Tour_Id:			7
No_of_Customers:		2
No_of_Items:			16
Customer_Sequence:		24 9 

CustId	Id	TypeId	Rotated	x	y	z	Length	Width	Height	mass	Fragility	LoadBearingStrength
9	64	69	0	0	0	0	26	10	10	282.04	0		9.954582
9	59	26	0	0	10	0	26	7	9	232.06	0		19.953720
9	60	35	0	0	0	10	29	10	7	223	0		10.766161
9	61	35	0	0	0	17	29	10	7	223	0		10.766161
9	62	37	0	0	17	0	21	8	9	183.07	0		12.207979
24	166	69	0	0	10	9	26	10	10	282.04	0		9.954582
24	167	73	0	26	10	0	24	6	14	259.82	0		21.830366
9	63	53	0	26	0	0	20	10	10	392.67	0		57.008310
9	58	17	0	0	0	24	35	10	6	293.80	0		8.270999
24	163	45	0	26	16	0	25	8	14	341.96	0		7.540650
24	165	66	0	0	10	19	30	7	10	311.48	0		6.766317
24	164	63	0	30	10	14	27	9	9	259.68	0		6.651552
9	65	70	0	0	20	9	26	5	14	353.57	0		23.116086
9	66	81	0	29	0	10	20	7	8	171.90	0		9.197680
24	168	80	1	50	0	0	13	9	8	94.70	0		10.602441
24	162	6	0	30	10	23	25	11	6	276.36	1		6.606661


-------------------------------------------------------------------------------------------------------------------
Tour_Id:			8
No_of_Customers:		2
No_of_Items:			16
Customer_Sequence:		31 60 

CustId	Id	TypeId	Rotated	x	y	z	Length	Width	Height	mass	Fragility	LoadBearingStrength
60	395	28	0	0	0	0	25	12	13	766.54	0		41.265854
60	398	45	0	0	12	0	25	8	14	341.96	0		7.540650
60	400	55	0	0	0	13	31	12	6	435.57	0		22.723375
31	203	9	0	0	20	0	29	5	12	229.19	0		7.668874
60	399	46	0	0	0	19	13	11	11	207.17	0		9.659322
31	209	90	0	0	12	14	12	10	10	130.95	0		6.313779
31	205	35	0	29	12	0	29	10	7	223	0		10.766161
60	393	1	0	13	0	19	18	5	9	100.77	0		4.094251
31	206	43	0	29	12	7	20	13	12	365.72	0		14.665884
31	204	29	0	29	12	19	24	9	10	420.30	0		8.969614
60	397	41	0	25	0	0	21	10	9	332.05	0		8.487372
60	396	34	0	13	5	19	18	6	10	134.46	0		11.850874
31	208	90	0	12	12	14	12	10	10	130.95	0		6.313779
60	394	23	0	31	0	9	19	9	9	291.17	0		5.884167
31	207	83	0	0	11	24	13	13	6	138.62	0		19.605097
31	210	91	0	31	0	18	24	8	9	199.46	1		2.454940


-------------------------------------------------------------------------------------------------------------------
Tour_Id:			9
No_of_Customers:		2
No_of_Items:			12
Customer_Sequence:		45 6 

CustId	Id	TypeId	Rotated	x	y	z	Length	Width	Height	mass	Fragility	LoadBearingStrength
6	37	36	0	0	0	0	34	11	13	518.30	0		6.268715
6	36	25	0	0	11	0	33	11	12	505.96	0		7.466204
6	35	7	0	0	11	12	34	10	10	450.33	0		7.775287
6	40	71	0	34	0	0	13	12	14	295.49	0		9.416653
6	34	3	0	0	0	13	22	10	14	492.17	1		3.858798
6	41	81	0	0	11	22	20	7	8	171.90	0		9.197680
6	38	39	0	34	12	0	20	8	6	183.36	0		10.616613
6	39	41	0	34	12	6	21	10	9	332.05	0		8.487372
45	302	96	0	34	12	15	21	13	14	629.68	0		12.067927
45	300	82	0	34	0	14	17	7	11	196.05	0		5.273563
45	301	83	0	20	10	22	13	13	6	138.62	0		19.605097
45	299	80	0	47	0	0	13	9	8	94.70	0		10.602441


-------------------------------------------------------------------------------------------------------------------
Tour_Id:			10
No_of_Customers:		2
No_of_Items:			16
Customer_Sequence:		56 46 

CustId	Id	TypeId	Rotated	x	y	z	Length	Width	Height	mass	Fragility	LoadBearingStrength
46	308	89	0	0	0	0	31	10	14	536.68	0		6.753891
46	307	85	0	0	10	0	22	9	12	319.54	0		23.564442
56	374	34	0	0	19	0	18	6	10	134.46	0		11.850874
46	304	46	0	0	0	14	13	11	11	207.17	0		9.659322
46	306	80	0	13	0	14	13	9	8	94.70	0		10.602441
46	305	75	0	31	0	0	16	11	11	300.17	0		87.756271
46	309	91	0	0	11	12	24	8	9	199.46	1		2.454940
56	370	4	0	24	11	0	30	14	10	451	0		4.956208
56	377	84	0	24	11	10	34	14	6	372.98	0		9.061180
56	373	27	0	24	11	16	35	8	6	288	0		8.699975
56	376	81	0	24	11	22	20	7	8	171.90	0		9.197680
46	303	15	0	31	0	11	21	10	14	533.16	1		3.017986
56	375	42	0	0	19	10	24	5	6	103.61	0		10.507894
56	371	21	0	0	19	16	20	6	12	150.84	1		6.860367
56	372	21	0	20	19	16	20	6	12	150.84	1		6.860367
56	378	88	0	0	11	21	18	8	9	184.75	1		3.247564


-------------------------------------------------------------------------------------------------------------------
Tour_Id:			11
No_of_Customers:		2
No_of_Items:			16
Customer_Sequence:		38 43 

CustId	Id	TypeId	Rotated	x	y	z	Length	Width	Height	mass	Fragility	LoadBearingStrength
43	284	61	0	0	0	0	26	8	13	468.24	0		22.767705
43	289	94	0	0	8	0	28	6	12	292.87	0		8.020547
38	256	85	0	0	14	0	22	9	12	319.54	0		23.564442
43	285	79	0	28	0	0	13	13	7	133.95	0		2.968113
43	286	83	0	28	0	7	13	13	6	138.62	0		19.605097
43	283	19	0	0	8	12	12	5	12	117.51	0		9.995523
43	287	86	0	0	0	13	19	8	14	364.72	0		12.967811
38	257	87	0	22	14	0	32	10	10	409.28	0		17.777845
43	288	93	0	41	0	0	18	13	11	476.63	0		23.762251
38	260	99	0	0	13	12	14	12	9	159.78	1		1.424358
38	252	5	0	41	0	11	19	14	11	434.73	0		31.293314
38	254	10	0	22	14	10	31	11	6	211.45	0		7.438618
38	253	9	0	22	14	16	29	5	12	229.19	0		7.668874
38	259	96	0	19	0	13	21	13	14	629.68	0		12.067927
38	258	88	0	0	13	21	18	8	9	184.75	1		3.247564
38	255	56	0	41	0	22	14	10	8	157.02	0		8.292781


-------------------------------------------------------------------------------------------------------------------
Tour_Id:			12
No_of_Customers:		1
No_of_Items:			0
Customer_Sequence:		7 

-------------------------------------------------------------------------------------------------------------------
Tour_Id:			13
No_of_Customers:		2
No_of_Items:			13
Customer_Sequence:		32 22 

CustId	Id	TypeId	Rotated	x	y	z	Length	Width	Height	mass	Fragility	LoadBearingStrength
22	154	82	0	0	0	0	17	7	11	196.05	0		5.273563
22	152	43	0	0	7	0	20	13	12	365.72	0		14.665884
22	151	27	0	20	0	0	35	8	6	288	0		8.699975
22	155	93	0	0	7	12	18	13	11	476.63	0		23.762251
22	150	16	0	20	8	0	29	6	8	223.15	0		10.402498
22	153	57	0	0	20	0	22	5	10	180.43	0		16.170460
32	215	89	0	22	14	0	31	10	14	536.68	0		6.753891
32	216	89	0	22	14	14	31	10	14	536.68	0		6.753891
32	213	86	0	20	0	6	19	8	14	364.72	0		12.967811
32	217	94	0	20	8	8	28	6	12	292.87	0		8.020547
32	212	81	0	0	0	11	20	7	8	171.90	0		9.197680
32	211	21	0	39	0	6	20	6	12	150.84	1		6.860367
32	214	88	0	18	0	20	18	8	9	184.75	1		3.247564


-------------------------------------------------------------------------------------------------------------------
Tour_Id:			14
No_of_Customers:		2
No_of_Items:			10
Customer_Sequence:		30 19 

CustId	Id	TypeId	Rotated	x	y	z	Length	Width	Height	mass	Fragility	LoadBearingStrength
19	132	31	0	0	0	0	31	10	13	723.47	0		12.232891
19	135	91	0	0	10	0	24	8	9	199.46	1		2.454940
19	131	16	0	0	18	0	29	6	8	223.15	0		10.402498
19	134	81	0	0	18	8	20	7	8	171.90	0		9.197680
19	133	46	0	0	0	13	13	11	11	207.17	0		9.659322
30	198	37	0	13	0	13	21	8	9	183.07	0		12.207979
30	201	82	0	0	18	16	17	7	11	196.05	0		5.273563
30	200	80	0	13	0	22	13	9	8	94.70	0		10.602441
30	199	49	0	29	10	0	29	14	14	575.51	1		1.404248
30	202	91	0	29	10	14	24	8	9	199.46	1		2.454940


-------------------------------------------------------------------------------------------------------------------
Tour_Id:			15
No_of_Customers:		2
No_of_Items:			13
Customer_Sequence:		26 51 

CustId	Id	TypeId	Rotated	x	y	z	Length	Width	Height	mass	Fragility	LoadBearingStrength
51	340	5	0	0	0	0	19	14	11	434.73	0		31.293314
51	339	4	0	19	0	0	30	14	10	451	0		4.956208
51	343	40	0	0	14	0	31	11	14	746.54	0		10.327667
51	341	9	0	0	14	14	29	5	12	229.19	0		7.668874
26	173	23	0	0	0	11	19	9	9	291.17	0		5.884167
26	175	35	0	19	0	10	29	10	7	223	0		10.766161
51	345	72	0	0	19	14	22	6	6	150.92	0		11.058818
51	344	61	0	31	14	0	26	8	13	468.24	0		22.767705
26	176	48	0	0	0	20	13	8	10	113.79	0		29.968589
51	342	16	0	0	19	20	29	6	8	223.15	0		10.402498
26	178	70	0	31	14	13	26	5	14	353.57	0		23.116086
26	177	50	0	19	0	17	24	12	12	376.89	1		1.744566
26	174	32	1	49	0	0	14	10	12	196.66	1		10.851121


-------------------------------------------------------------------------------------------------------------------
Tour_Id:			16
No_of_Customers:		2
No_of_Items:			14
Customer_Sequence:		15 34 

CustId	Id	TypeId	Rotated	x	y	z	Length	Width	Height	mass	Fragility	LoadBearingStrength
34	225	4	0	0	0	0	30	14	10	451	0		4.956208
34	228	28	0	0	0	10	25	12	13	766.54	0		41.265854
34	226	17	0	0	14	0	35	10	6	293.80	0		8.270999
34	229	67	0	0	14	6	28	9	8	346.55	0		21.213827
15	104	43	0	30	0	0	20	13	12	365.72	0		14.665884
34	231	94	0	0	14	14	28	6	12	292.87	0		8.020547
15	106	81	0	25	0	12	20	7	8	171.90	0		9.197680
34	227	20	0	35	14	0	15	9	10	250.46	0		18.347250
34	230	83	0	0	0	23	13	13	6	138.62	0		19.605097
15	103	39	0	25	0	20	20	8	6	183.36	0		10.616613
15	107	97	0	35	14	10	18	9	13	246.90	0		33.091127
15	105	70	0	25	8	12	26	5	14	353.57	0		23.116086
15	101	21	1	53	0	0	20	6	12	150.84	1		6.860367
15	102	21	1	53	0	12	20	6	12	150.84	1		6.860367


-------------------------------------------------------------------------------------------------------------------
Tour_Id:			17
No_of_Customers:		2
No_of_Items:			13
Customer_Sequence:		47 59 

CustId	Id	TypeId	Rotated	x	y	z	Length	Width	Height	mass	Fragility	LoadBearingStrength
59	389	63	0	0	0	0	27	9	9	259.68	0		6.651552
59	391	93	0	0	9	0	18	13	11	476.63	0		23.762251
59	392	95	0	0	0	9	22	9	10	290.83	0		5.838159
47	312	10	0	18	9	0	31	11	6	211.45	0		7.438618
59	388	11	0	27	0	0	30	7	7	188.56	1		5.804585
47	316	76	0	18	9	6	31	14	11	632.46	0		4.011801
59	390	81	0	0	0	19	20	7	8	171.90	0		9.197680
47	317	83	0	0	9	11	13	13	6	138.62	0		19.605097
47	310	9	0	0	9	17	29	5	12	229.19	0		7.668874
47	314	37	0	0	14	17	21	8	9	183.07	0		12.207979
47	313	14	0	21	14	17	18	5	12	160.54	0		16.415143
47	311	9	0	21	19	17	29	5	12	229.19	0		7.668874
47	315	47	0	29	9	17	17	5	7	106.62	0		9.935886


-------------------------------------------------------------------------------------------------------------------
Tour_Id:			18
No_of_Customers:		2
No_of_Items:			10
Customer_Sequence:		36 11 

CustId	Id	TypeId	Rotated	x	y	z	Length	Width	Height	mass	Fragility	LoadBearingStrength
11	74	49	0	0	0	0	29	14	14	575.51	1		1.404248
11	75	76	0	29	0	0	31	14	11	632.46	0		4.011801
11	72	20	0	0	14	0	15	9	10	250.46	0		18.347250
11	73	34	0	0	14	10	18	6	10	134.46	0		11.850874
11	76	89	0	18	14	0	31	10	14	536.68	0		6.753891
36	242	58	0	18	14	14	29	10	13	601.83	0		15.298389
36	239	38	0	29	0	11	16	12	10	363.57	0		6.626977
36	238	23	0	29	0	21	19	9	9	291.17	0		5.884167
36	240	48	0	0	14	20	13	8	10	113.79	0		29.968589
36	241	49	0	0	0	14	29	14	14	575.51	1		1.404248


-------------------------------------------------------------------------------------------------------------------
Tour_Id:			19
No_of_Customers:		1
No_of_Items:			0
Customer_Sequence:		44 

-------------------------------------------------------------------------------------------------------------------
Tour_Id:			20
No_of_Customers:		2
No_of_Items:			13
Customer_Sequence:		25 1 

CustId	Id	TypeId	Rotated	x	y	z	Length	Width	Height	mass	Fragility	LoadBearingStrength
1	9	96	0	0	0	0	21	13	14	629.68	0		12.067927
1	7	64	0	0	13	0	25	12	12	674.78	0		15.164328
1	3	22	0	0	13	12	21	12	10	299.84	0		6.964766
1	2	20	0	0	0	14	15	9	10	250.46	0		18.347250
1	4	51	0	0	13	22	13	12	8	146.72	0		14.206572
1	1	8	0	21	0	0	23	13	13	692.40	1		2.786023
1	5	52	0	21	0	13	26	11	8	325.28	1		7.961144
1	6	59	0	21	0	21	20	11	9	275.94	1		2.753219
1	8	74	0	44	0	0	13	13	9	185.96	1		4.398177
25	169	7	0	25	13	0	34	10	10	450.33	0		7.775287
25	170	53	0	25	13	10	20	10	10	392.67	0		57.008310
25	171	74	0	45	11	10	13	13	9	185.96	1		4.398177
25	172	88	0	25	13	20	18	8	9	184.75	1		3.247564


-------------------------------------------------------------------------------------------------------------------
Tour_Id:			21
No_of_Customers:		2
No_of_Items:			11
Customer_Sequence:		16 5 

CustId	Id	TypeId	Rotated	x	y	z	Length	Width	Height	mass	Fragility	LoadBearingStrength
5	29	4	0	0	0	0	30	14	10	451	0		4.956208
5	30	58	0	0	14	0	29	10	13	601.83	0		15.298389
5	33	98	0	0	0	10	17	10	14	253.65	0		7.594680
5	31	68	0	30	0	0	18	13	10	465.35	0		24.877721
16	109	4	0	17	0	10	30	14	10	451	0		4.956208
16	111	25	0	0	14	13	33	11	12	505.96	0		7.466204
5	32	83	0	0	0	24	13	13	6	138.62	0		19.605097
16	110	11	0	17	0	20	30	7	7	188.56	1		5.804585
16	112	80	0	29	14	0	13	9	8	94.70	0		10.602441
16	108	3	1	48	0	0	22	10	14	492.17	1		3.858798
16	113	92	0	17	7	20	33	5	10	175.78	0		8.133123


-------------------------------------------------------------------------------------------------------------------
Tour_Id:			22
No_of_Customers:		2
No_of_Items:			13
Customer_Sequence:		50 2 

CustId	Id	TypeId	Rotated	x	y	z	Length	Width	Height	mass	Fragility	LoadBearingStrength
50	337	86	0	0	0	0	19	8	14	364.72	0		12.967811
2	15	87	0	0	8	0	32	10	10	409.28	0		17.777845
2	10	13	0	0	8	10	14	12	10	272.53	0		21.336851
2	11	23	0	14	8	10	19	9	9	291.17	0		5.884167
50	338	86	0	0	0	14	19	8	14	364.72	0		12.967811
2	12	42	0	0	18	0	24	5	6	103.61	0		10.507894
50	336	75	0	14	8	19	16	11	11	300.17	0		87.756271
50	334	33	0	33	0	0	26	13	10	370.28	0		11.556099
2	13	64	0	33	13	0	25	12	12	674.78	0		15.164328
2	14	80	0	0	8	20	13	9	8	94.70	0		10.602441
50	333	28	0	33	0	10	25	12	13	766.54	0		41.265854
50	335	50	0	33	13	12	24	12	12	376.89	1		1.744566
50	332	11	0	30	0	23	30	7	7	188.56	1		5.804585


-------------------------------------------------------------------------------------------------------------------
Tour_Id:			23
No_of_Customers:		2
No_of_Items:			13
Customer_Sequence:		39 29 

CustId	Id	TypeId	Rotated	x	y	z	Length	Width	Height	mass	Fragility	LoadBearingStrength
29	192	2	0	0	0	0	25	14	10	354.14	0		9.899673
29	196	67	0	0	14	0	28	9	8	346.55	0		21.213827
29	197	93	0	0	0	10	18	13	11	476.63	0		23.762251
29	194	33	0	25	0	0	26	13	10	370.28	0		11.556099
29	195	46	0	0	14	8	13	11	11	207.17	0		9.659322
29	193	21	0	13	14	8	20	6	12	150.84	1		6.860367
39	261	4	0	18	0	10	30	14	10	451	0		4.956208
39	263	23	0	0	0	21	19	9	9	291.17	0		5.884167
39	264	26	0	19	0	20	26	7	9	232.06	0		19.953720
39	266	73	1	51	0	0	24	6	14	259.82	0		21.830366
39	265	47	0	0	9	21	17	5	7	106.62	0		9.935886
39	262	6	0	19	7	20	25	11	6	276.36	1		6.606661
39	267	99	0	33	13	0	14	12	9	159.78	1		1.424358


-------------------------------------------------------------------------------------------------------------------
Tour_Id:			24
No_of_Customers:		2
No_of_Items:			13
Customer_Sequence:		4 33 

CustId	Id	TypeId	Rotated	x	y	z	Length	Width	Height	mass	Fragility	LoadBearingStrength
33	222	71	0	0	0	0	13	12	14	295.49	0		9.416653
33	219	24	0	0	12	0	26	12	9	363.81	0		3.875208
4	27	54	0	0	12	9	33	9	13	391.80	0		4.365315
33	220	25	0	13	0	0	33	11	12	505.96	0		7.466204
33	223	75	0	0	0	14	16	11	11	300.17	0		87.756271
33	218	16	0	16	0	12	29	6	8	223.15	0		10.402498
33	224	94	0	16	6	12	28	6	12	292.87	0		8.020547
33	221	34	0	16	0	20	18	6	10	134.46	0		11.850874
4	28	100	0	0	12	22	30	9	8	345.18	0		36.171498
4	24	37	0	26	12	0	21	8	9	183.07	0		12.207979
4	25	42	0	16	6	24	24	5	6	103.61	0		10.507894
4	26	50	1	47	0	0	24	12	12	376.89	1		1.744566
4	23	3	1	45	0	12	22	10	14	492.17	1		3.858798


-------------------------------------------------------------------------------------------------------------------
Tour_Id:			25
No_of_Customers:		2
No_of_Items:			11
Customer_Sequence:		48 35 

CustId	Id	TypeId	Rotated	x	y	z	Length	Width	Height	mass	Fragility	LoadBearingStrength
35	236	60	0	0	0	0	31	13	11	575.93	0		37.136659
35	234	35	0	0	13	0	29	10	7	223	0		10.766161
35	233	29	0	0	13	7	24	9	10	420.30	0		8.969614
35	235	55	0	0	0	11	31	12	6	435.57	0		22.723375
35	232	9	0	0	0	17	29	5	12	229.19	0		7.668874
35	237	83	0	0	5	17	13	13	6	138.62	0		19.605097
48	319	40	0	29	13	0	31	11	14	746.54	0		10.327667
48	320	47	0	0	18	17	17	5	7	106.62	0		9.935886
48	318	3	0	29	13	14	22	10	14	492.17	1		3.858798
48	322	78	0	31	0	0	18	13	13	415.06	1		8.176287
48	321	59	0	31	0	13	20	11	9	275.94	1		2.753219


-------------------------------------------------------------------------------------------------------------------
Tour_Id:			26
No_of_Customers:		2
No_of_Items:			9
Customer_Sequence:		28 21 

CustId	Id	TypeId	Rotated	x	y	z	Length	Width	Height	mass	Fragility	LoadBearingStrength
21	145	36	0	0	0	0	34	11	13	518.30	0		6.268715
21	146	40	0	0	11	0	31	11	14	746.54	0		10.327667
21	148	66	0	0	0	13	30	7	10	311.48	0		6.766317
28	189	25	0	0	11	14	33	11	12	505.96	0		7.466204
21	149	99	0	31	11	0	14	12	9	159.78	1		1.424358
21	147	45	0	34	0	0	25	8	14	341.96	0		7.540650
28	191	74	0	45	11	0	13	13	9	185.96	1		4.398177
28	188	21	0	30	0	14	20	6	12	150.84	1		6.860367
28	190	32	0	45	11	9	14	10	12	196.66	1		10.851121


-------------------------------------------------------------------------------------------------------------------
Tour_Id:			27
No_of_Customers:		2
No_of_Items:			16
Customer_Sequence:		18 8 

CustId	Id	TypeId	Rotated	x	y	z	Length	Width	Height	mass	Fragility	LoadBearingStrength
8	54	43	0	0	0	0	20	13	12	365.72	0		14.665884
8	55	47	0	0	13	0	17	5	7	106.62	0		9.935886
8	53	18	0	0	18	0	30	7	6	236.34	1		5.536292
8	56	55	0	20	0	0	31	12	6	435.57	0		22.723375
18	128	70	0	0	0	12	26	5	14	353.57	0		23.116086
8	52	18	0	0	18	6	30	7	6	236.34	1		5.536292
18	123	31	0	26	0	6	31	10	13	723.47	0		12.232891
8	57	94	0	20	12	0	28	6	12	292.87	0		8.020547
8	51	11	0	0	18	12	30	7	7	188.56	1		5.804585
18	127	59	0	26	0	19	20	11	9	275.94	1		2.753219
18	124	44	0	0	5	12	23	9	8	228.23	0		10.764713
18	130	80	0	0	5	20	13	9	8	94.70	0		10.602441
18	122	14	0	30	18	0	18	5	12	160.54	0		16.415143
18	126	56	0	30	11	12	14	10	8	157.02	0		8.292781
18	125	46	0	46	0	19	13	11	11	207.17	0		9.659322
18	129	74	0	30	11	20	13	13	9	185.96	1		4.398177


-------------------------------------------------------------------------------------------------------------------
Tour_Id:			28
No_of_Customers:		1
No_of_Items:			0
Customer_Sequence:		14 

-------------------------------------------------------------------------------------------------------------------
Tour_Id:			29
No_of_Customers:		1
No_of_Items:			0
Customer_Sequence:		27 

-------------------------------------------------------------------------------------------------------------------
Tour_Id:			30
No_of_Customers:		2
No_of_Items:			12
Customer_Sequence:		17 55 

CustId	Id	TypeId	Rotated	x	y	z	Length	Width	Height	mass	Fragility	LoadBearingStrength
55	368	40	0	0	0	0	31	11	14	746.54	0		10.327667
55	366	30	0	0	11	0	30	6	14	275.37	0		3.754458
55	369	68	0	0	0	14	18	13	10	465.35	0		24.877721
55	367	34	0	0	17	0	18	6	10	134.46	0		11.850874
17	114	57	0	0	17	10	22	5	10	180.43	0		16.170460
17	117	71	0	18	0	14	13	12	14	295.49	0		9.416653
17	115	66	0	18	17	0	30	7	10	311.48	0		6.766317
17	116	69	0	31	0	0	26	10	10	282.04	0		9.954582
17	119	79	0	31	0	10	13	13	7	133.95	0		2.968113
17	118	72	0	0	17	20	22	6	6	150.92	0		11.058818
17	120	88	0	22	17	10	18	8	9	184.75	1		3.247564
17	121	88	0	22	17	19	18	8	9	184.75	1		3.247564


-------------------------------------------------------------------------------------------------------------------
Tour_Id:			31
No_of_Customers:		2
No_of_Items:			7
Customer_Sequence:		57 41 

CustId	Id	TypeId	Rotated	x	y	z	Length	Width	Height	mass	Fragility	LoadBearingStrength
41	276	60	0	0	0	0	31	13	11	575.93	0		37.136659
41	275	3	0	0	13	0	22	10	14	492.17	1		3.858798
41	277	67	0	0	0	11	28	9	8	346.55	0		21.213827
57	379	36	0	22	13	0	34	11	13	518.30	0		6.268715
57	382	85	0	22	13	13	22	9	12	319.54	0		23.564442
57	381	66	0	0	0	19	30	7	10	311.48	0		6.766317
57	380	65	0	31	0	0	28	12	14	648.24	1		12.278336


-------------------------------------------------------------------------------------------------------------------
Tour_Id:			32
No_of_Customers:		2
No_of_Items:			14
Customer_Sequence:		49 10 

CustId	Id	TypeId	Rotated	x	y	z	Length	Width	Height	mass	Fragility	LoadBearingStrength
10	71	94	0	0	0	0	28	6	12	292.87	0		8.020547
10	70	85	0	0	6	0	22	9	12	319.54	0		23.564442
10	67	4	0	0	0	12	30	14	10	451	0		4.956208
10	69	83	0	0	0	22	13	13	6	138.62	0		19.605097
10	68	72	0	0	15	0	22	6	6	150.92	0		11.058818
49	324	39	0	0	15	6	20	8	6	183.36	0		10.616613
49	331	97	0	0	14	12	18	9	13	246.90	0		33.091127
49	327	65	0	30	0	0	28	12	14	648.24	1		12.278336
49	328	75	0	22	14	0	16	11	11	300.17	0		87.756271
49	329	83	0	13	0	22	13	13	6	138.62	0		19.605097
49	323	20	0	22	14	11	15	9	10	250.46	0		18.347250
49	325	49	0	30	0	14	29	14	14	575.51	1		1.404248
49	330	93	0	38	12	0	18	13	11	476.63	0		23.762251
49	326	59	0	37	14	11	20	11	9	275.94	1		2.753219


-------------------------------------------------------------------------------------------------------------------
Tour_Id:			33
No_of_Customers:		2
No_of_Items:			13
Customer_Sequence:		54 23 

CustId	Id	TypeId	Rotated	x	y	z	Length	Width	Height	mass	Fragility	LoadBearingStrength
23	159	76	0	0	0	0	31	14	11	632.46	0		4.011801
23	160	89	0	0	14	0	31	10	14	536.68	0		6.753891
23	156	22	0	0	0	11	21	12	10	299.84	0		6.964766
23	158	38	0	31	0	0	16	12	10	363.57	0		6.626977
23	161	90	0	0	14	14	12	10	10	130.95	0		6.313779
23	157	32	0	12	12	14	14	10	12	196.66	1		10.851121
54	360	33	0	31	12	0	26	13	10	370.28	0		11.556099
54	365	98	0	31	0	10	17	10	14	253.65	0		7.594680
54	363	63	0	0	0	21	27	9	9	259.68	0		6.651552
54	364	63	0	31	10	10	27	9	9	259.68	0		6.651552
54	361	35	0	31	10	19	29	10	7	223	0		10.766161
54	362	57	0	31	20	10	22	5	10	180.43	0		16.170460
54	359	19	1	26	12	14	12	5	12	117.51	0		9.995523


