Name:				372_n060_m400_bt100
Problem:			3L-VRPTW
Number_of_used_Vehicles:	32
Total_Travel_Distance:		2286.27
Calculation_Time:		3600.00
Total_Iterations:		13458
ConstraintSet:			P1

-------------------------------------------------------------------------------------------------------------------
Tour_Id:			1
No_of_Customers:		3
No_of_Items:			17
Customer_Sequence:		23 19 18 

CustId	Id	TypeId	Rotated	x	y	z	Length	Width	Height	mass	Fragility	LoadBearingStrength
18	114	94	0	0	0	0	30	10	12	434.30	0		46.083759
18	111	61	0	0	10	0	27	10	12	455.70	0		9.985670
18	109	7	0	0	0	12	30	13	6	342.43	0		14.810668
18	112	74	0	0	13	12	22	9	11	310.01	0		5.560173
19	117	35	0	0	0	18	19	12	12	487.53	0		26.773863
18	113	84	0	0	20	0	17	5	9	111.58	0		21.540452
19	120	71	0	30	0	0	28	11	9	268.79	0		15.583927
18	110	19	0	30	11	0	14	6	13	146.87	0		6.042842
23	143	2	0	0	13	23	20	7	7	109.15	0		13.074639
19	118	65	0	19	0	18	13	5	9	54.58	0		8.847362
19	119	69	0	32	0	9	26	10	13	490.65	1		3.164749
19	116	20	0	32	0	22	25	11	7	293.60	1		7.526282
19	121	84	0	27	17	0	17	5	9	111.58	0		21.540452
23	146	90	0	44	11	0	16	13	14	463.38	0		12.605554
23	145	43	0	44	11	14	16	13	6	163.90	0		23.691648
19	115	12	0	27	17	9	16	5	12	151.74	1		2.813342
23	144	32	0	44	11	20	16	11	7	131.41	1		3.398299


-------------------------------------------------------------------------------------------------------------------
Tour_Id:			2
No_of_Customers:		2
No_of_Items:			12
Customer_Sequence:		16 50 

CustId	Id	TypeId	Rotated	x	y	z	Length	Width	Height	mass	Fragility	LoadBearingStrength
50	334	92	0	0	0	0	32	9	7	358.75	0		52.188676
50	333	63	0	0	9	0	13	13	6	153.90	0		29.944513
50	335	94	0	0	0	7	30	10	12	434.30	0		46.083759
50	330	13	0	0	10	6	14	14	7	177.68	0		39.888926
50	331	23	0	0	10	13	14	5	9	61.51	0		3.512511
50	332	24	0	0	15	13	15	9	14	194.69	0		5.002788
16	94	17	0	15	10	0	35	13	14	646.83	0		5.793117
16	97	56	0	15	10	14	25	13	12	573.20	0		40.052679
16	99	61	0	32	0	0	27	10	12	455.70	0		9.985670
16	95	18	0	30	0	12	29	9	12	471.22	0		14.863165
16	96	42	0	0	0	19	27	9	9	219.40	0		3.513167
16	98	60	1	40	10	14	14	10	11	175.16	0		9.707239


-------------------------------------------------------------------------------------------------------------------
Tour_Id:			3
No_of_Customers:		1
No_of_Items:			0
Customer_Sequence:		43 

-------------------------------------------------------------------------------------------------------------------
Tour_Id:			4
No_of_Customers:		2
No_of_Items:			12
Customer_Sequence:		1 25 

CustId	Id	TypeId	Rotated	x	y	z	Length	Width	Height	mass	Fragility	LoadBearingStrength
25	152	17	0	0	0	0	35	13	14	646.83	0		5.793117
25	156	92	0	0	13	0	32	9	7	358.75	0		52.188676
1	1	15	0	0	13	7	29	10	6	197.25	0		30.220198
1	6	85	0	0	13	13	24	9	8	226.27	0		20.566928
25	154	48	0	0	0	14	27	6	12	289.09	0		12.605667
1	7	92	0	0	13	21	32	9	7	358.75	0		52.188676
25	155	53	0	0	6	14	29	6	6	138.16	0		8.455576
25	153	33	0	0	6	20	32	6	10	202.03	0		8.740177
1	4	67	0	32	13	0	26	8	8	246.61	0		17.073173
1	3	60	0	32	13	8	14	10	11	175.16	0		9.707239
1	2	31	0	32	13	19	12	9	9	178.54	0		7.177017
1	5	83	0	35	0	0	24	11	9	403.75	1		7.119706


-------------------------------------------------------------------------------------------------------------------
Tour_Id:			5
No_of_Customers:		2
No_of_Items:			14
Customer_Sequence:		49 3 

CustId	Id	TypeId	Rotated	x	y	z	Length	Width	Height	mass	Fragility	LoadBearingStrength
3	16	72	0	0	0	0	30	14	10	559.64	0		15.593471
49	324	56	0	0	0	10	25	13	12	573.20	0		40.052679
3	17	74	0	0	14	0	22	9	11	310.01	0		5.560173
3	15	51	0	22	14	0	26	11	6	241.37	0		9.649119
49	326	66	0	30	0	0	23	12	13	647.45	0		14.067883
3	18	78	0	22	14	6	28	11	6	249.70	0		12.061778
49	323	42	0	22	14	12	27	9	9	219.40	0		3.513167
49	327	70	0	25	0	13	23	9	10	301.59	0		7.861228
3	14	27	0	0	13	11	19	12	6	139.81	0		7.613617
49	328	71	0	22	14	21	28	11	9	268.79	0		15.583927
49	325	59	0	0	13	17	19	11	7	239.27	0		33.579776
49	322	19	1	53	0	0	14	6	13	146.87	0		6.042842
49	329	95	0	0	0	22	17	8	8	100.38	0		3.180605
49	321	2	0	25	0	23	20	7	7	109.15	0		13.074639


-------------------------------------------------------------------------------------------------------------------
Tour_Id:			6
No_of_Customers:		1
No_of_Items:			0
Customer_Sequence:		28 

-------------------------------------------------------------------------------------------------------------------
Tour_Id:			7
No_of_Customers:		2
No_of_Items:			13
Customer_Sequence:		20 29 

CustId	Id	TypeId	Rotated	x	y	z	Length	Width	Height	mass	Fragility	LoadBearingStrength
29	182	66	0	0	0	0	23	12	13	647.45	0		14.067883
29	181	56	0	0	12	0	25	13	12	573.20	0		40.052679
29	180	30	0	0	12	12	22	7	13	212.76	1		9.715488
29	183	89	0	0	0	13	16	7	10	197.54	0		7.867954
29	179	5	0	23	0	0	19	12	13	480.23	0		54.335931
20	129	93	0	16	0	13	30	11	10	326.98	1		2.028201
20	123	35	0	25	12	0	19	12	12	487.53	0		26.773863
20	128	78	0	22	12	12	28	11	6	249.70	0		12.061778
20	122	23	0	0	19	12	14	5	9	61.51	0		3.512511
20	125	65	0	0	7	13	13	5	9	54.58	0		8.847362
20	124	61	0	22	11	18	27	10	12	455.70	0		9.985670
20	126	73	0	0	0	23	29	10	7	306.35	1		2.884148
20	127	76	0	29	0	23	16	7	7	111.32	1		7.474901


-------------------------------------------------------------------------------------------------------------------
Tour_Id:			8
No_of_Customers:		2
No_of_Items:			13
Customer_Sequence:		48 30 

CustId	Id	TypeId	Rotated	x	y	z	Length	Width	Height	mass	Fragility	LoadBearingStrength
30	185	9	0	0	0	0	32	12	7	336.48	0		18.949662
30	187	21	0	0	0	7	34	14	9	544.47	0		10.788081
30	184	7	0	0	12	0	30	13	6	342.43	0		14.810668
30	189	28	0	0	0	16	15	14	9	193.42	0		12.093640
48	318	62	0	0	14	6	33	11	7	336.13	0		8.351068
30	190	95	0	15	0	16	17	8	8	100.38	0		3.180605
30	188	25	0	34	0	0	18	10	9	171.47	1		2.389107
48	316	56	0	34	10	0	25	13	12	573.20	0		40.052679
48	315	5	0	34	10	12	19	12	13	480.23	0		54.335931
48	317	62	0	0	14	13	33	11	7	336.13	0		8.351068
30	186	19	0	15	8	16	14	6	13	146.87	0		6.042842
48	319	70	0	0	14	20	23	9	10	301.59	0		7.861228
48	320	76	0	34	0	9	16	7	7	111.32	1		7.474901


-------------------------------------------------------------------------------------------------------------------
Tour_Id:			9
No_of_Customers:		3
No_of_Items:			15
Customer_Sequence:		55 60 37 

CustId	Id	TypeId	Rotated	x	y	z	Length	Width	Height	mass	Fragility	LoadBearingStrength
37	242	94	0	0	0	0	30	10	12	434.30	0		46.083759
37	239	46	0	0	10	0	31	13	6	255.49	0		18.164052
37	240	53	0	0	10	6	29	6	6	138.16	0		8.455576
37	241	85	0	0	16	6	24	9	8	226.27	0		20.566928
37	237	33	0	0	0	12	32	6	10	202.03	0		8.740177
37	236	25	0	0	6	12	18	10	9	171.47	1		2.389107
60	400	58	0	0	0	22	35	6	6	155.24	0		14.568540
60	398	26	0	0	16	14	31	7	13	326.53	0		19.503714
60	399	50	0	31	6	0	15	11	13	248.45	0		12.192097
55	362	13	0	31	6	13	14	14	7	177.68	0		39.888926
55	365	90	1	46	0	0	16	13	14	463.38	0		12.605554
55	361	2	0	31	17	0	20	7	7	109.15	0		13.074639
37	238	39	0	18	6	12	13	6	12	123.67	0		24.441920
55	364	31	0	31	6	20	12	9	9	178.54	0		7.177017
55	363	25	1	45	0	14	18	10	9	171.47	1		2.389107


-------------------------------------------------------------------------------------------------------------------
Tour_Id:			10
No_of_Customers:		2
No_of_Items:			13
Customer_Sequence:		22 51 

CustId	Id	TypeId	Rotated	x	y	z	Length	Width	Height	mass	Fragility	LoadBearingStrength
51	337	6	0	0	0	0	27	12	8	268.63	0		8.726942
51	340	35	0	0	12	0	19	12	12	487.53	0		26.773863
51	338	8	0	19	12	0	26	13	8	339.28	0		12.982160
22	139	83	0	0	0	8	24	11	9	403.75	1		7.119706
51	336	2	0	0	12	12	20	7	7	109.15	0		13.074639
22	140	86	0	20	11	8	31	14	9	632.63	0		12.031621
22	136	42	0	20	11	17	27	9	9	219.40	0		3.513167
51	339	9	0	27	0	0	32	12	7	336.48	0		18.949662
22	135	15	0	27	0	7	29	10	6	197.25	0		30.220198
22	141	95	0	0	12	19	17	8	8	100.38	0		3.180605
22	137	63	0	45	12	0	13	13	6	153.90	0		29.944513
22	138	69	0	0	0	17	26	10	13	490.65	1		3.164749
22	142	96	0	27	0	13	25	7	12	289.67	0		20.836048


-------------------------------------------------------------------------------------------------------------------
Tour_Id:			11
No_of_Customers:		2
No_of_Items:			12
Customer_Sequence:		32 15 

CustId	Id	TypeId	Rotated	x	y	z	Length	Width	Height	mass	Fragility	LoadBearingStrength
15	90	29	0	0	0	0	28	12	13	437.52	0		29.858519
15	92	47	0	0	12	0	28	11	14	504.84	0		4.451600
15	93	51	0	0	0	13	26	11	6	241.37	0		9.649119
15	89	24	0	0	12	14	15	9	14	194.69	0		5.002788
32	206	89	0	0	0	19	16	7	10	197.54	0		7.867954
32	204	61	0	28	0	0	27	10	12	455.70	0		9.985670
32	205	74	0	28	10	0	22	9	11	310.01	0		5.560173
32	201	20	0	28	0	12	25	11	7	293.60	1		7.526282
32	202	25	0	16	0	19	18	10	9	171.47	1		2.389107
15	91	44	0	28	19	0	32	5	7	155.47	0		5.746495
32	200	10	0	28	11	11	23	8	11	277.37	0		9.086171
32	203	33	0	28	19	7	32	6	10	202.03	0		8.740177


-------------------------------------------------------------------------------------------------------------------
Tour_Id:			12
No_of_Customers:		1
No_of_Items:			0
Customer_Sequence:		31 

-------------------------------------------------------------------------------------------------------------------
Tour_Id:			13
No_of_Customers:		2
No_of_Items:			12
Customer_Sequence:		35 8 

CustId	Id	TypeId	Rotated	x	y	z	Length	Width	Height	mass	Fragility	LoadBearingStrength
8	47	74	0	0	0	0	22	9	11	310.01	0		5.560173
35	224	44	0	0	9	0	32	5	7	155.47	0		5.746495
8	46	70	0	0	14	0	23	9	10	301.59	0		7.861228
8	45	55	0	23	14	0	33	10	8	307.05	0		5.154197
35	222	4	0	0	0	11	20	12	13	469.24	1		6.247830
8	48	92	0	22	0	0	32	9	7	358.75	0		52.188676
35	226	86	0	22	0	7	31	14	9	632.63	0		12.031621
8	44	20	0	0	14	10	25	11	7	293.60	1		7.526282
35	227	86	0	20	0	16	31	14	9	632.63	0		12.031621
35	223	15	0	25	14	8	29	10	6	197.25	0		30.220198
35	225	47	0	25	14	14	28	11	14	504.84	0		4.451600
8	49	100	0	0	14	17	25	8	8	274.18	1		13.984324


-------------------------------------------------------------------------------------------------------------------
Tour_Id:			14
No_of_Customers:		1
No_of_Items:			0
Customer_Sequence:		45 

-------------------------------------------------------------------------------------------------------------------
Tour_Id:			15
No_of_Customers:		2
No_of_Items:			11
Customer_Sequence:		12 13 

CustId	Id	TypeId	Rotated	x	y	z	Length	Width	Height	mass	Fragility	LoadBearingStrength
12	78	75	0	0	0	0	21	14	14	548.19	0		11.529606
13	83	94	0	0	14	0	30	10	12	434.30	0		46.083759
13	81	15	0	0	14	12	29	10	6	197.25	0		30.220198
12	76	55	0	0	14	18	33	10	8	307.05	0		5.154197
12	74	17	0	21	0	0	35	13	14	646.83	0		5.793117
12	77	72	0	0	0	14	30	14	10	559.64	0		15.593471
13	82	78	0	30	14	0	28	11	6	249.70	0		12.061778
13	80	2	0	30	14	6	20	7	7	109.15	0		13.074639
12	75	28	0	30	0	14	15	14	9	193.42	0		12.093640
12	79	98	1	45	0	14	17	5	13	128.21	0		6.833263
12	73	12	0	33	17	13	16	5	12	151.74	1		2.813342


-------------------------------------------------------------------------------------------------------------------
Tour_Id:			16
No_of_Customers:		2
No_of_Items:			11
Customer_Sequence:		33 24 

CustId	Id	TypeId	Rotated	x	y	z	Length	Width	Height	mass	Fragility	LoadBearingStrength
24	149	38	0	0	0	0	31	12	8	304.18	1		4.669895
24	150	43	0	0	12	0	16	13	6	163.90	0		23.691648
24	151	45	0	0	0	8	30	10	11	449.34	1		1.834064
24	148	36	0	31	0	0	27	14	12	526.33	0		6.918166
24	147	32	0	0	12	6	16	11	7	131.41	1		3.398299
33	208	47	0	16	14	0	28	11	14	504.84	0		4.451600
33	210	72	0	30	0	12	30	14	10	559.64	0		15.593471
33	209	68	0	16	14	14	14	11	13	204.23	0		6.902294
33	211	78	0	30	0	22	28	11	6	249.70	0		12.061778
33	212	100	0	0	0	19	25	8	8	274.18	1		13.984324
33	207	32	0	0	10	13	16	11	7	131.41	1		3.398299


-------------------------------------------------------------------------------------------------------------------
Tour_Id:			17
No_of_Customers:		2
No_of_Items:			14
Customer_Sequence:		46 10 

CustId	Id	TypeId	Rotated	x	y	z	Length	Width	Height	mass	Fragility	LoadBearingStrength
10	61	47	0	0	0	0	28	11	14	504.84	0		4.451600
10	59	7	0	0	11	0	30	13	6	342.43	0		14.810668
10	62	49	0	0	11	6	14	7	14	143.08	0		8.231243
10	58	2	0	0	18	6	20	7	7	109.15	0		13.074639
10	60	10	0	0	0	14	23	8	11	277.37	0		9.086171
10	63	50	0	28	0	0	15	11	13	248.45	0		12.192097
10	65	54	0	0	18	13	20	7	8	195.84	0		8.628791
46	305	7	0	30	11	0	30	13	6	342.43	0		14.810668
10	66	76	0	0	11	20	16	7	7	111.32	1		7.474901
46	306	21	0	20	11	6	34	14	9	544.47	0		10.788081
46	309	78	0	20	11	15	28	11	6	249.70	0		12.061778
46	308	50	0	28	0	13	15	11	13	248.45	0		12.192097
10	64	50	0	43	0	0	15	11	13	248.45	0		12.192097
46	307	34	0	20	11	21	22	13	6	304.27	0		16.302465


-------------------------------------------------------------------------------------------------------------------
Tour_Id:			18
No_of_Customers:		1
No_of_Items:			0
Customer_Sequence:		42 

-------------------------------------------------------------------------------------------------------------------
Tour_Id:			19
No_of_Customers:		2
No_of_Items:			14
Customer_Sequence:		53 57 

CustId	Id	TypeId	Rotated	x	y	z	Length	Width	Height	mass	Fragility	LoadBearingStrength
57	374	8	0	0	0	0	26	13	8	339.28	0		12.982160
57	375	67	0	0	13	0	26	8	8	246.61	0		17.073173
57	376	69	0	0	0	8	26	10	13	490.65	1		3.164749
57	378	76	0	0	10	8	16	7	7	111.32	1		7.474901
57	381	99	0	26	0	0	13	13	14	285.84	0		5.708931
53	349	55	0	26	13	0	33	10	8	307.05	0		5.154197
57	380	98	0	0	17	8	17	5	13	128.21	0		6.833263
57	377	73	0	0	0	21	29	10	7	306.35	1		2.884148
57	379	97	0	39	0	0	21	9	12	335.72	1		2.641459
53	350	66	0	17	13	8	23	12	13	647.45	0		14.067883
53	352	99	0	29	0	14	13	13	14	285.84	0		5.708931
53	351	88	0	0	17	21	34	7	8	348.13	0		10.406204
53	347	2	0	40	13	8	20	7	7	109.15	0		13.074639
53	348	39	0	40	13	15	13	6	12	123.67	0		24.441920


-------------------------------------------------------------------------------------------------------------------
Tour_Id:			20
No_of_Customers:		2
No_of_Items:			16
Customer_Sequence:		27 34 

CustId	Id	TypeId	Rotated	x	y	z	Length	Width	Height	mass	Fragility	LoadBearingStrength
34	220	61	0	0	0	0	27	10	12	455.70	0		9.985670
34	217	18	0	0	10	0	29	9	12	471.22	0		14.863165
34	218	38	0	0	0	12	31	12	8	304.18	1		4.669895
34	219	41	0	0	19	0	29	6	9	197.44	0		42.280555
34	214	2	0	0	12	12	20	7	7	109.15	0		13.074639
34	216	12	0	0	19	9	16	5	12	151.74	1		2.813342
27	168	42	0	29	12	0	27	9	9	219.40	0		3.513167
34	221	83	0	0	0	20	24	11	9	403.75	1		7.119706
27	164	19	0	16	19	9	14	6	13	146.87	0		6.042842
34	215	3	0	31	0	0	23	10	13	548.63	0		14.025529
27	169	78	0	30	12	9	28	11	6	249.70	0		12.061778
27	167	40	0	30	12	15	21	13	6	157.08	0		51.323346
34	213	1	0	0	12	19	20	6	7	158.41	0		7.720586
27	170	83	0	30	12	21	24	11	9	403.75	1		7.119706
27	165	20	0	31	0	13	25	11	7	293.60	1		7.526282
27	166	25	0	24	0	20	18	10	9	171.47	1		2.389107


-------------------------------------------------------------------------------------------------------------------
Tour_Id:			21
No_of_Customers:		2
No_of_Items:			15
Customer_Sequence:		41 2 

CustId	Id	TypeId	Rotated	x	y	z	Length	Width	Height	mass	Fragility	LoadBearingStrength
2	8	7	0	0	0	0	30	13	6	342.43	0		14.810668
2	9	9	0	0	13	0	32	12	7	336.48	0		18.949662
2	13	51	0	0	0	6	26	11	6	241.37	0		9.649119
2	10	41	0	0	13	7	29	6	9	197.44	0		42.280555
41	272	94	0	0	0	12	30	10	12	434.30	0		46.083759
41	271	87	0	0	0	24	18	13	6	202.05	0		45.852991
41	267	47	0	30	0	0	28	11	14	504.84	0		4.451600
41	273	99	0	30	0	14	13	13	14	285.84	0		5.708931
41	268	51	0	32	13	0	26	11	6	241.37	0		9.649119
2	12	48	0	0	19	7	27	6	12	289.09	0		12.605667
41	269	79	0	0	13	16	34	6	14	282.70	0		10.500438
41	270	81	0	43	0	14	14	13	8	195	1		9.490985
41	266	30	0	34	13	6	22	7	13	212.76	1		9.715488
41	274	100	0	34	13	19	25	8	8	274.18	1		13.984324
2	11	41	0	0	19	19	29	6	9	197.44	0		42.280555


-------------------------------------------------------------------------------------------------------------------
Tour_Id:			22
No_of_Customers:		2
No_of_Items:			13
Customer_Sequence:		47 9 

CustId	Id	TypeId	Rotated	x	y	z	Length	Width	Height	mass	Fragility	LoadBearingStrength
9	53	64	0	0	0	0	20	12	13	571.09	0		57.777444
9	50	3	0	0	12	0	23	10	13	548.63	0		14.025529
9	57	97	0	0	0	13	21	9	12	335.72	1		2.641459
9	55	92	0	20	0	0	32	9	7	358.75	0		52.188676
9	52	54	0	0	9	13	20	7	8	195.84	0		8.628791
9	51	51	0	20	0	7	26	11	6	241.37	0		9.649119
9	56	96	0	0	16	13	25	7	12	289.67	0		20.836048
9	54	83	0	21	0	13	24	11	9	403.75	1		7.119706
47	314	86	0	25	11	0	31	14	9	632.63	0		12.031621
47	313	78	0	25	11	9	28	11	6	249.70	0		12.061778
47	310	15	0	25	11	15	29	10	6	197.25	0		30.220198
47	312	23	0	25	11	21	14	5	9	61.51	0		3.512511
47	311	20	0	21	0	22	25	11	7	293.60	1		7.526282


-------------------------------------------------------------------------------------------------------------------
Tour_Id:			23
No_of_Customers:		1
No_of_Items:			0
Customer_Sequence:		59 

-------------------------------------------------------------------------------------------------------------------
Tour_Id:			24
No_of_Customers:		2
No_of_Items:			15
Customer_Sequence:		54 38 

CustId	Id	TypeId	Rotated	x	y	z	Length	Width	Height	mass	Fragility	LoadBearingStrength
38	243	11	0	0	0	0	32	8	13	335.74	0		6.244040
38	247	33	0	0	8	0	32	6	10	202.03	0		8.740177
38	244	15	0	0	14	0	29	10	6	197.25	0		30.220198
38	248	51	0	0	14	6	26	11	6	241.37	0		9.649119
54	353	15	0	0	14	12	29	10	6	197.25	0		30.220198
38	249	73	0	0	0	13	29	10	7	306.35	1		2.884148
54	354	23	0	0	14	18	14	5	9	61.51	0		3.512511
54	356	38	0	0	0	20	31	12	8	304.18	1		4.669895
54	357	57	0	0	19	18	33	5	12	218.41	0		4.529340
38	245	31	0	29	14	0	12	9	9	178.54	0		7.177017
54	355	27	0	32	0	0	19	12	6	139.81	0		7.613617
38	246	32	0	41	14	0	16	11	7	131.41	1		3.398299
54	358	64	0	32	0	6	20	12	13	571.09	0		57.777444
54	360	81	0	32	0	19	14	13	8	195	1		9.490985
54	359	76	0	29	14	9	16	7	7	111.32	1		7.474901


-------------------------------------------------------------------------------------------------------------------
Tour_Id:			25
No_of_Customers:		2
No_of_Items:			16
Customer_Sequence:		26 17 

CustId	Id	TypeId	Rotated	x	y	z	Length	Width	Height	mass	Fragility	LoadBearingStrength
17	102	36	0	0	0	0	27	14	12	526.33	0		6.918166
17	105	52	0	0	14	0	27	8	11	372.75	0		10.586423
17	104	42	0	0	14	11	27	9	9	219.40	0		3.513167
26	157	7	0	0	0	12	30	13	6	342.43	0		14.810668
26	158	32	0	0	0	18	16	11	7	131.41	1		3.398299
17	107	57	0	27	0	0	33	5	12	218.41	0		4.529340
17	101	34	0	27	5	0	22	13	6	304.27	0		16.302465
17	103	40	0	27	5	6	21	13	6	157.08	0		51.323346
17	106	54	0	0	14	20	20	7	8	195.84	0		8.628791
26	162	73	0	30	0	12	29	10	7	306.35	1		2.884148
17	108	57	0	27	18	0	33	5	12	218.41	0		4.529340
26	161	63	0	16	0	18	13	13	6	153.90	0		29.944513
17	100	33	0	27	18	12	32	6	10	202.03	0		8.740177
26	159	39	0	30	10	12	13	6	12	123.67	0		24.441920
26	163	100	0	30	0	19	25	8	8	274.18	1		13.984324
26	160	53	0	27	18	22	29	6	6	138.16	0		8.455576


-------------------------------------------------------------------------------------------------------------------
Tour_Id:			26
No_of_Customers:		2
No_of_Items:			13
Customer_Sequence:		5 56 

CustId	Id	TypeId	Rotated	x	y	z	Length	Width	Height	mass	Fragility	LoadBearingStrength
56	372	94	0	0	0	0	30	10	12	434.30	0		46.083759
56	366	7	0	0	10	0	30	13	6	342.43	0		14.810668
56	369	90	0	0	10	6	16	13	14	463.38	0		12.605554
56	370	91	0	0	0	12	25	9	14	571.06	0		40.698397
56	371	94	0	30	0	0	30	10	12	434.30	0		46.083759
56	373	96	0	25	0	12	25	7	12	289.67	0		20.836048
56	368	34	0	30	10	0	22	13	6	304.27	0		16.302465
56	367	13	0	0	10	20	14	14	7	177.68	0		39.888926
5	32	90	0	16	10	6	16	13	14	463.38	0		12.605554
5	30	64	0	32	10	6	20	12	13	571.09	0		57.777444
5	29	49	1	52	10	0	14	7	14	143.08	0		8.231243
5	28	23	0	14	9	20	14	5	9	61.51	0		3.512511
5	31	83	0	32	10	19	24	11	9	403.75	1		7.119706


-------------------------------------------------------------------------------------------------------------------
Tour_Id:			27
No_of_Customers:		2
No_of_Items:			11
Customer_Sequence:		7 21 

CustId	Id	TypeId	Rotated	x	y	z	Length	Width	Height	mass	Fragility	LoadBearingStrength
21	131	41	0	0	0	0	29	6	9	197.44	0		42.280555
21	132	42	0	0	6	0	27	9	9	219.40	0		3.513167
21	133	88	0	0	15	0	34	7	8	348.13	0		10.406204
21	130	17	0	0	0	9	35	13	14	646.83	0		5.793117
7	41	58	0	0	15	8	35	6	6	155.24	0		14.568540
7	42	62	0	0	0	23	33	11	7	336.13	0		8.351068
7	39	28	0	35	0	0	15	14	9	193.42	0		12.093640
21	134	100	0	35	14	0	25	8	8	274.18	1		13.984324
7	40	43	0	35	0	9	16	13	6	163.90	0		23.691648
7	38	1	0	0	15	14	20	6	7	158.41	0		7.720586
7	43	100	0	35	14	8	25	8	8	274.18	1		13.984324


-------------------------------------------------------------------------------------------------------------------
Tour_Id:			28
No_of_Customers:		2
No_of_Items:			13
Customer_Sequence:		52 40 

CustId	Id	TypeId	Rotated	x	y	z	Length	Width	Height	mass	Fragility	LoadBearingStrength
40	261	51	0	0	0	0	26	11	6	241.37	0		9.649119
40	259	6	0	0	11	0	27	12	8	268.63	0		8.726942
40	264	90	0	0	11	8	16	13	14	463.38	0		12.605554
40	265	99	0	16	11	8	13	13	14	285.84	0		5.708931
40	260	24	0	0	0	6	15	9	14	194.69	0		5.002788
52	341	1	0	0	0	20	20	6	7	158.41	0		7.720586
40	263	81	0	0	11	22	14	13	8	195	1		9.490985
52	344	72	0	29	0	0	30	14	10	559.64	0		15.593471
52	345	75	0	29	0	10	21	14	14	548.19	0		11.529606
52	342	40	0	29	0	24	21	13	6	157.08	0		51.323346
40	262	61	0	29	14	0	27	10	12	455.70	0		9.985670
52	346	89	0	29	14	12	16	7	10	197.54	0		7.867954
52	343	58	0	14	14	22	35	6	6	155.24	0		14.568540


-------------------------------------------------------------------------------------------------------------------
Tour_Id:			29
No_of_Customers:		2
No_of_Items:			13
Customer_Sequence:		14 36 

CustId	Id	TypeId	Rotated	x	y	z	Length	Width	Height	mass	Fragility	LoadBearingStrength
36	232	66	0	0	0	0	23	12	13	647.45	0		14.067883
36	229	14	0	0	0	13	19	14	10	372.92	1		2.907091
36	233	66	0	0	12	0	23	12	13	647.45	0		14.067883
36	231	47	0	23	0	0	28	11	14	504.84	0		4.451600
36	234	70	0	0	14	13	23	9	10	301.59	0		7.861228
36	228	8	0	23	11	0	26	13	8	339.28	0		12.982160
36	230	30	0	19	0	14	22	7	13	212.76	1		9.715488
36	235	76	0	0	0	23	16	7	7	111.32	1		7.474901
14	85	46	0	23	11	8	31	13	6	255.49	0		18.164052
14	88	99	0	23	7	14	13	13	14	285.84	0		5.708931
14	86	57	0	23	20	14	33	5	12	218.41	0		4.529340
14	87	59	0	0	14	23	19	11	7	239.27	0		33.579776
14	84	23	0	36	7	14	14	5	9	61.51	0		3.512511


-------------------------------------------------------------------------------------------------------------------
Tour_Id:			30
No_of_Customers:		3
No_of_Items:			15
Customer_Sequence:		6 11 44 

CustId	Id	TypeId	Rotated	x	y	z	Length	Width	Height	mass	Fragility	LoadBearingStrength
44	296	80	0	0	0	0	27	12	11	669.19	0		9.636734
44	294	42	0	0	12	0	27	9	9	219.40	0		3.513167
11	71	87	0	0	0	11	18	13	6	202.05	0		45.852991
11	67	30	0	0	13	9	22	7	13	212.76	1		9.715488
11	69	55	0	27	0	0	33	10	8	307.05	0		5.154197
11	68	41	0	27	10	0	29	6	9	197.44	0		42.280555
11	70	60	0	0	0	17	14	10	11	175.16	0		9.707239
44	293	31	0	27	16	0	12	9	9	178.54	0		7.177017
44	295	76	0	39	16	0	16	7	7	111.32	1		7.474901
11	72	100	0	0	13	22	25	8	8	274.18	1		13.984324
6	36	66	0	27	10	9	23	12	13	647.45	0		14.067883
6	37	92	0	27	0	8	32	9	7	358.75	0		52.188676
6	35	51	0	27	10	22	26	11	6	241.37	0		9.649119
6	33	49	0	27	0	15	14	7	14	143.08	0		8.231243
6	34	49	0	41	0	15	14	7	14	143.08	0		8.231243


-------------------------------------------------------------------------------------------------------------------
Tour_Id:			31
No_of_Customers:		2
No_of_Items:			16
Customer_Sequence:		4 58 

CustId	Id	TypeId	Rotated	x	y	z	Length	Width	Height	mass	Fragility	LoadBearingStrength
58	383	19	0	0	0	0	14	6	13	146.87	0		6.042842
58	387	87	0	0	6	0	18	13	6	202.05	0		45.852991
58	382	13	0	0	6	6	14	14	7	177.68	0		39.888926
58	386	34	1	0	0	13	22	13	6	304.27	0		16.302465
58	384	23	0	0	20	0	14	5	9	61.51	0		3.512511
58	385	23	0	0	0	19	14	5	9	61.51	0		3.512511
58	388	100	0	18	0	0	25	8	8	274.18	1		13.984324
4	25	78	0	18	8	0	28	11	6	249.70	0		12.061778
4	22	55	0	14	8	6	33	10	8	307.05	0		5.154197
4	19	7	0	14	8	14	30	13	6	342.43	0		14.810668
4	26	86	0	14	8	20	31	14	9	632.63	0		12.031621
4	20	13	0	0	5	19	14	14	7	177.68	0		39.888926
4	23	58	0	14	19	0	35	6	6	155.24	0		14.568540
4	27	97	1	49	0	0	21	9	12	335.72	1		2.641459
4	21	30	0	14	0	8	22	7	13	212.76	1		9.715488
4	24	76	0	14	18	6	16	7	7	111.32	1		7.474901


-------------------------------------------------------------------------------------------------------------------
Tour_Id:			32
No_of_Customers:		1
No_of_Items:			0
Customer_Sequence:		39 

