Name:				373_n060_m400_bt100
Problem:			3L-VRPTW
Number_of_used_Vehicles:	31
Total_Travel_Distance:		2117.08
Calculation_Time:		3600.00
Total_Iterations:		17421
ConstraintSet:			P1

-------------------------------------------------------------------------------------------------------------------
Tour_Id:			1
No_of_Customers:		2
No_of_Items:			13
Customer_Sequence:		37 3 

CustId	Id	TypeId	Rotated	x	y	z	Length	Width	Height	mass	Fragility	LoadBearingStrength
3	20	13	0	0	0	0	34	8	11	471.97	0		11.663531
3	21	17	0	0	8	0	26	12	11	614.08	0		11.965935
3	22	70	0	0	0	11	35	9	6	229.51	0		9.826829
37	250	27	0	0	9	11	23	6	8	117.86	0		6.319186
3	24	91	0	0	20	0	18	5	6	101.68	0		31.236194
37	249	27	0	0	15	11	23	6	8	117.86	0		6.319186
37	251	40	0	35	0	0	21	14	12	525.04	0		66.681717
37	247	17	0	0	9	19	26	12	11	614.08	0		11.965935
3	23	73	0	0	0	17	31	8	12	567.74	0		15.242257
3	19	1	0	26	14	0	32	11	6	310.58	0		25.982348
37	248	20	0	26	14	6	33	11	13	623.01	1		13.049684
37	252	62	0	35	0	12	21	7	12	332.64	1		4.207003
37	253	78	0	26	14	19	21	7	9	139.22	1		1.360192


-------------------------------------------------------------------------------------------------------------------
Tour_Id:			2
No_of_Customers:		2
No_of_Items:			14
Customer_Sequence:		30 1 

CustId	Id	TypeId	Rotated	x	y	z	Length	Width	Height	mass	Fragility	LoadBearingStrength
1	3	17	0	0	0	0	26	12	11	614.08	0		11.965935
1	6	80	0	0	12	0	26	11	11	497.04	0		29.504450
1	2	16	0	0	0	11	14	9	6	114.70	0		5.248494
1	8	91	0	0	9	11	18	5	6	101.68	0		31.236194
1	7	86	0	0	0	17	18	13	10	948.55	0		25.523780
1	5	49	0	0	14	11	21	9	10	272.60	0		29.481627
1	4	18	0	26	0	0	26	8	14	365.37	0		5.073889
1	1	7	0	26	8	0	12	9	13	226.52	0		27.520626
1	9	96	0	38	8	0	20	11	13	386.21	0		24.175669
30	201	26	0	26	8	13	14	10	10	211.08	0		7.681113
30	200	7	0	40	8	13	12	9	13	226.52	0		27.520626
30	202	53	0	26	19	0	32	6	6	118.77	0		7.269474
30	204	74	0	26	19	6	29	5	12	276.30	1		8.969625
30	203	54	0	26	0	14	16	8	11	150.71	1		1.451126


-------------------------------------------------------------------------------------------------------------------
Tour_Id:			3
No_of_Customers:		2
No_of_Items:			12
Customer_Sequence:		16 58 

CustId	Id	TypeId	Rotated	x	y	z	Length	Width	Height	mass	Fragility	LoadBearingStrength
58	386	34	0	0	0	0	22	8	6	148.24	0		12.950680
58	384	22	0	0	8	0	24	12	8	439.26	0		7.625810
58	383	4	0	22	0	0	33	6	10	332.53	0		8.124627
58	385	33	0	24	8	0	35	12	7	402.38	0		13.911597
58	387	78	0	0	0	6	21	7	9	139.22	1		1.360192
16	116	80	0	0	8	8	26	11	11	497.04	0		29.504450
16	113	72	0	26	6	7	32	14	6	409.22	0		9.699400
16	110	37	0	26	6	13	14	12	12	229.34	0		22.983227
16	111	37	0	40	6	13	14	12	12	229.34	0		22.983227
16	112	55	0	0	8	19	17	8	6	95.14	0		5.968680
16	115	78	0	0	0	15	21	7	9	139.22	1		1.360192
16	114	75	0	22	0	10	18	6	11	229.89	1		4.936657


-------------------------------------------------------------------------------------------------------------------
Tour_Id:			4
No_of_Customers:		2
No_of_Items:			15
Customer_Sequence:		36 52 

CustId	Id	TypeId	Rotated	x	y	z	Length	Width	Height	mass	Fragility	LoadBearingStrength
52	347	39	0	0	0	0	35	9	14	771.43	0		25.937126
52	350	55	0	0	9	0	17	8	6	95.14	0		5.968680
36	238	1	0	0	0	14	32	11	6	310.58	0		25.982348
52	349	52	0	0	9	6	18	9	8	156.50	0		32.466384
36	246	89	0	0	0	20	33	12	7	490.18	0		18.837089
52	348	52	0	18	9	0	18	9	8	156.50	0		32.466384
36	242	21	0	35	0	0	19	9	10	274.59	0		24.460112
52	346	38	0	0	18	0	24	7	14	396.10	0		11.132095
36	241	18	0	0	12	14	26	8	14	365.37	0		5.073889
36	239	5	0	35	0	10	20	10	13	432.78	0		9.776414
52	345	29	0	0	20	14	20	5	12	184.23	0		8.687894
36	245	63	0	24	18	0	34	7	13	375.40	0		24.313362
36	243	21	0	36	9	0	19	9	10	274.59	0		24.460112
36	240	11	0	35	10	10	18	8	11	219.74	0		17.128991
36	244	60	0	33	10	21	23	8	7	251.46	1		3.231918


-------------------------------------------------------------------------------------------------------------------
Tour_Id:			5
No_of_Customers:		1
No_of_Items:			0
Customer_Sequence:		15 

-------------------------------------------------------------------------------------------------------------------
Tour_Id:			6
No_of_Customers:		2
No_of_Items:			11
Customer_Sequence:		24 10 

CustId	Id	TypeId	Rotated	x	y	z	Length	Width	Height	mass	Fragility	LoadBearingStrength
10	70	12	0	0	0	0	29	13	9	388.80	0		14.345386
10	75	89	0	0	13	0	33	12	7	490.18	0		18.837089
10	74	72	0	0	0	9	32	14	6	409.22	0		9.699400
24	166	36	0	0	14	7	33	11	11	475.60	0		19.081214
10	73	50	0	0	0	15	23	6	7	125.26	0		31.652477
10	72	29	0	0	6	15	20	5	12	184.23	0		8.687894
24	167	98	0	33	0	0	22	13	14	548.79	1		5.437602
24	163	10	0	0	14	18	20	10	6	198.76	0		12.605990
24	165	34	0	0	14	24	22	8	6	148.24	0		12.950680
24	164	16	0	20	14	18	14	9	6	114.70	0		5.248494
10	71	24	0	33	13	0	16	12	7	218.76	0		7.435994


-------------------------------------------------------------------------------------------------------------------
Tour_Id:			7
No_of_Customers:		2
No_of_Items:			14
Customer_Sequence:		34 53 

CustId	Id	TypeId	Rotated	x	y	z	Length	Width	Height	mass	Fragility	LoadBearingStrength
53	354	36	0	0	0	0	33	11	11	475.60	0		19.081214
53	356	48	0	0	11	0	35	7	8	332.59	0		14.241434
53	352	31	0	0	18	0	19	6	7	80.01	0		3.847586
53	353	35	0	0	18	7	20	5	11	117.22	0		26.083692
53	351	4	0	0	11	8	33	6	10	332.53	0		8.124627
53	355	47	0	0	11	18	18	14	11	518.70	1		2.209955
53	357	74	0	0	0	11	29	5	12	276.30	1		8.969625
34	231	81	0	33	0	0	16	11	13	312	0		13.289633
34	225	2	0	33	0	13	13	11	6	171.17	0		14.655846
34	228	37	0	35	11	0	14	12	12	229.34	0		22.983227
34	227	37	0	33	11	12	14	12	12	229.34	0		22.983227
34	230	76	0	29	0	19	16	10	8	205.75	0		3.081220
34	226	9	1	49	0	0	18	9	12	413.78	0		12.153809
34	229	60	1	49	0	12	23	8	7	251.46	1		3.231918


-------------------------------------------------------------------------------------------------------------------
Tour_Id:			8
No_of_Customers:		2
No_of_Items:			14
Customer_Sequence:		48 60 

CustId	Id	TypeId	Rotated	x	y	z	Length	Width	Height	mass	Fragility	LoadBearingStrength
60	396	2	0	0	0	0	13	11	6	171.17	0		14.655846
60	397	11	0	0	11	0	18	8	11	219.74	0		17.128991
60	398	70	0	13	0	0	35	9	6	229.51	0		9.826829
60	399	97	0	0	0	6	14	9	8	116.44	0		6.270845
60	395	1	0	14	0	6	32	11	6	310.58	0		25.982348
48	325	36	0	14	0	12	33	11	11	475.60	0		19.081214
48	322	9	0	0	11	11	18	9	12	413.78	0		12.153809
48	327	84	0	18	11	0	32	13	12	984.72	0		38.872345
48	324	23	0	18	11	12	28	11	9	472.94	0		5.267551
48	321	8	1	50	0	0	21	10	11	443.50	0		4.495595
60	400	97	0	0	0	14	14	9	8	116.44	0		6.270845
48	326	38	1	50	0	11	24	7	14	396.10	0		11.132095
48	323	16	0	0	0	22	14	9	6	114.70	0		5.248494
48	328	95	0	18	11	21	30	6	9	242.66	1		8.547446


-------------------------------------------------------------------------------------------------------------------
Tour_Id:			9
No_of_Customers:		2
No_of_Items:			12
Customer_Sequence:		46 29 

CustId	Id	TypeId	Rotated	x	y	z	Length	Width	Height	mass	Fragility	LoadBearingStrength
29	197	40	0	0	0	0	21	14	12	525.04	0		66.681717
29	199	58	0	21	0	0	33	12	8	571.94	0		11.639187
29	198	48	0	0	14	0	35	7	8	332.59	0		14.241434
46	308	36	0	21	0	8	33	11	11	475.60	0		19.081214
46	311	44	0	0	14	8	22	8	14	276.47	0		14.754823
46	310	38	0	35	12	0	24	7	14	396.10	0		11.132095
46	309	37	0	0	0	12	14	12	12	229.34	0		22.983227
46	314	92	0	0	14	22	20	9	8	180.42	0		7.620969
46	315	92	0	21	0	19	20	9	8	180.42	0		7.620969
46	307	3	0	22	11	8	13	8	12	178.91	0		60.029015
46	312	54	0	35	12	14	16	8	11	150.71	1		1.451126
46	313	79	0	35	19	0	19	6	12	154.89	1		1.538679


-------------------------------------------------------------------------------------------------------------------
Tour_Id:			10
No_of_Customers:		2
No_of_Items:			12
Customer_Sequence:		57 42 

CustId	Id	TypeId	Rotated	x	y	z	Length	Width	Height	mass	Fragility	LoadBearingStrength
42	286	35	0	0	0	0	20	5	11	117.22	0		26.083692
42	285	18	0	0	5	0	26	8	14	365.37	0		5.073889
42	284	13	0	0	13	0	34	8	11	471.97	0		11.663531
42	287	43	0	0	13	11	25	10	8	253.70	0		8.912753
42	283	1	0	26	0	0	32	11	6	310.58	0		25.982348
57	381	89	0	26	0	6	33	12	7	490.18	0		18.837089
42	288	68	0	0	0	11	25	5	12	292.78	1		4.708204
57	377	38	0	0	5	14	24	7	14	396.10	0		11.132095
57	380	85	0	0	13	19	29	11	7	413.63	0		11.598963
57	382	94	0	26	0	13	14	12	9	288.86	0		12.378715
57	378	55	0	25	0	22	17	8	6	95.14	0		5.968680
57	379	68	0	34	13	0	25	5	12	292.78	1		4.708204


-------------------------------------------------------------------------------------------------------------------
Tour_Id:			11
No_of_Customers:		2
No_of_Items:			15
Customer_Sequence:		8 5 

CustId	Id	TypeId	Rotated	x	y	z	Length	Width	Height	mass	Fragility	LoadBearingStrength
5	36	36	0	0	0	0	33	11	11	475.60	0		19.081214
5	34	12	0	0	11	0	29	13	9	388.80	0		14.345386
5	39	73	0	0	11	9	31	8	12	567.74	0		15.242257
5	37	42	0	0	19	9	27	6	9	275.29	0		6.969182
8	54	14	0	31	11	0	24	14	6	349.18	0		17.026156
5	35	34	0	0	0	11	22	8	6	148.24	0		12.950680
8	60	71	0	31	11	6	29	9	14	576.53	0		88.918259
8	62	80	0	33	0	0	26	11	11	497.04	0		29.504450
5	38	67	0	0	11	21	24	10	7	249.27	0		35.566425
8	56	49	0	0	0	17	21	9	10	272.60	0		29.481627
8	57	52	0	22	0	11	18	9	8	156.50	0		32.466384
8	58	59	0	31	11	20	29	7	8	165.07	1		5.248760
8	55	29	0	29	20	6	20	5	12	184.23	0		8.687894
8	59	65	0	21	0	19	21	9	10	269.21	1		4.290531
8	61	77	0	40	0	11	15	9	7	186.41	0		13.848372


-------------------------------------------------------------------------------------------------------------------
Tour_Id:			12
No_of_Customers:		2
No_of_Items:			11
Customer_Sequence:		43 33 

CustId	Id	TypeId	Rotated	x	y	z	Length	Width	Height	mass	Fragility	LoadBearingStrength
33	224	96	0	0	0	0	20	11	13	386.21	0		24.175669
33	221	12	0	0	11	0	29	13	9	388.80	0		14.345386
33	223	38	0	0	11	9	24	7	14	396.10	0		11.132095
33	220	5	0	0	0	13	20	10	13	432.78	0		9.776414
33	222	20	0	20	0	0	33	11	13	623.01	1		13.049684
43	289	12	0	29	11	0	29	13	9	388.80	0		14.345386
43	290	32	0	20	0	13	30	10	8	354.94	1		5.287387
43	294	89	0	24	11	9	33	12	7	490.18	0		18.837089
43	292	48	0	24	10	16	35	7	8	332.59	0		14.241434
43	291	48	0	24	17	16	35	7	8	332.59	0		14.241434
43	293	79	0	0	18	9	19	6	12	154.89	1		1.538679


-------------------------------------------------------------------------------------------------------------------
Tour_Id:			13
No_of_Customers:		2
No_of_Items:			16
Customer_Sequence:		2 17 

CustId	Id	TypeId	Rotated	x	y	z	Length	Width	Height	mass	Fragility	LoadBearingStrength
17	122	71	0	0	0	0	29	9	14	576.53	0		88.918259
17	117	15	0	0	9	0	30	5	7	189.72	0		38.441254
17	119	28	0	0	14	0	23	8	9	177.57	0		45.269887
17	123	92	0	0	14	9	20	9	8	180.42	0		7.620969
17	121	70	0	0	0	14	35	9	6	229.51	0		9.826829
2	18	99	0	0	14	17	15	9	13	588.48	0		53.865460
17	120	65	0	0	0	20	21	9	10	269.21	1		4.290531
2	15	70	0	23	14	0	35	9	6	229.51	0		9.826829
2	17	94	0	21	0	20	14	12	9	288.86	0		12.378715
2	10	14	0	35	0	0	24	14	6	349.18	0		17.026156
2	13	45	0	23	14	6	31	11	13	757.90	0		17.109358
17	118	15	0	0	9	7	30	5	7	189.72	0		38.441254
2	12	38	0	35	0	6	24	7	14	396.10	0		11.132095
2	16	92	0	23	14	19	20	9	8	180.42	0		7.620969
2	11	27	0	35	7	6	23	6	8	117.86	0		6.319186
2	14	62	0	35	7	14	21	7	12	332.64	1		4.207003


-------------------------------------------------------------------------------------------------------------------
Tour_Id:			14
No_of_Customers:		1
No_of_Items:			0
Customer_Sequence:		41 

-------------------------------------------------------------------------------------------------------------------
Tour_Id:			15
No_of_Customers:		2
No_of_Items:			13
Customer_Sequence:		59 21 

CustId	Id	TypeId	Rotated	x	y	z	Length	Width	Height	mass	Fragility	LoadBearingStrength
21	146	14	0	0	0	0	24	14	6	349.18	0		17.026156
21	149	52	0	0	14	0	18	9	8	156.50	0		32.466384
21	148	52	0	0	0	6	18	9	8	156.50	0		32.466384
21	145	12	0	24	0	0	29	13	9	388.80	0		14.345386
59	394	97	0	0	14	8	14	9	8	116.44	0		6.270845
21	150	60	0	0	0	14	23	8	7	251.46	1		3.231918
21	147	51	0	24	0	9	28	11	12	590.76	0		12.504098
59	391	57	0	18	14	0	33	10	9	327.99	0		6.532851
59	393	89	0	14	11	9	33	12	7	490.18	0		18.837089
59	392	71	0	0	11	16	29	9	14	576.53	0		88.918259
59	390	53	0	24	0	21	32	6	6	118.77	0		7.269474
59	389	34	0	29	11	16	22	8	6	148.24	0		12.950680
59	388	6	1	53	0	0	20	5	12	200.62	0		6.780070


-------------------------------------------------------------------------------------------------------------------
Tour_Id:			16
No_of_Customers:		2
No_of_Items:			13
Customer_Sequence:		14 11 

CustId	Id	TypeId	Rotated	x	y	z	Length	Width	Height	mass	Fragility	LoadBearingStrength
11	79	13	0	0	0	0	34	8	11	471.97	0		11.663531
11	82	53	0	0	8	0	32	6	6	118.77	0		7.269474
11	78	10	0	0	14	0	20	10	6	198.76	0		12.605990
11	76	1	0	0	8	6	32	11	6	310.58	0		25.982348
11	81	52	0	0	8	12	18	9	8	156.50	0		32.466384
14	95	6	0	0	19	6	20	5	12	200.62	0		6.780070
11	80	48	0	0	0	11	35	7	8	332.59	0		14.241434
14	96	40	0	32	8	0	21	14	12	525.04	0		66.681717
14	99	72	0	20	7	12	32	14	6	409.22	0		9.699400
14	97	48	0	0	0	19	35	7	8	332.59	0		14.241434
11	77	3	0	35	0	0	13	8	12	178.91	0		60.029015
14	98	69	0	18	7	18	35	8	11	403.36	1		2.440537
14	100	74	0	0	19	18	29	5	12	276.30	1		8.969625


-------------------------------------------------------------------------------------------------------------------
Tour_Id:			17
No_of_Customers:		2
No_of_Items:			13
Customer_Sequence:		22 25 

CustId	Id	TypeId	Rotated	x	y	z	Length	Width	Height	mass	Fragility	LoadBearingStrength
25	173	83	0	0	0	0	23	13	10	504.76	0		11.683169
25	172	77	0	0	13	0	15	9	7	186.41	0		13.848372
25	170	18	0	0	0	10	26	8	14	365.37	0		5.073889
25	168	1	0	15	13	0	32	11	6	310.58	0		25.982348
25	171	30	0	0	8	10	30	5	14	234.93	0		4.623082
25	169	12	0	23	0	0	29	13	9	388.80	0		14.345386
22	154	39	0	15	13	6	35	9	14	771.43	0		25.937126
22	152	19	0	0	0	24	32	13	6	478.66	0		19.063177
22	155	48	0	15	13	20	35	7	8	332.59	0		14.241434
22	157	92	0	32	0	9	20	9	8	180.42	0		7.620969
22	151	7	0	0	13	7	12	9	13	226.52	0		27.520626
22	153	26	0	0	13	20	14	10	10	211.08	0		7.681113
22	156	60	0	32	0	17	23	8	7	251.46	1		3.231918


-------------------------------------------------------------------------------------------------------------------
Tour_Id:			18
No_of_Customers:		2
No_of_Items:			12
Customer_Sequence:		18 47 

CustId	Id	TypeId	Rotated	x	y	z	Length	Width	Height	mass	Fragility	LoadBearingStrength
47	320	72	0	0	0	0	32	14	6	409.22	0		9.699400
47	318	44	0	0	14	0	22	8	14	276.47	0		14.754823
47	319	70	0	0	0	6	35	9	6	229.51	0		9.826829
47	317	21	0	0	0	12	19	9	10	274.59	0		24.460112
47	316	10	0	0	14	14	20	10	6	198.76	0		12.605990
18	128	71	0	22	14	0	29	9	14	576.53	0		88.918259
18	125	40	0	35	0	0	21	14	12	525.04	0		66.681717
18	130	90	0	0	14	20	20	11	8	202.40	0		6.161378
18	124	16	0	0	0	22	14	9	6	114.70	0		5.248494
18	126	59	0	19	0	12	29	7	8	165.07	1		5.248760
18	129	79	0	20	14	14	19	6	12	154.89	1		1.538679
18	127	60	0	19	0	20	23	8	7	251.46	1		3.231918


-------------------------------------------------------------------------------------------------------------------
Tour_Id:			19
No_of_Customers:		2
No_of_Items:			16
Customer_Sequence:		26 9 

CustId	Id	TypeId	Rotated	x	y	z	Length	Width	Height	mass	Fragility	LoadBearingStrength
9	67	43	0	0	0	0	25	10	8	253.70	0		8.912753
9	65	36	0	0	10	0	33	11	11	475.60	0		19.081214
9	66	37	0	0	10	11	14	12	12	229.34	0		22.983227
9	63	8	0	0	0	8	21	10	11	443.50	0		4.495595
26	180	57	0	25	0	0	33	10	9	327.99	0		6.532851
9	69	94	0	14	10	11	14	12	9	288.86	0		12.378715
9	64	10	0	0	0	19	20	10	6	198.76	0		12.605990
26	181	73	0	21	0	9	31	8	12	567.74	0		15.242257
9	68	56	0	33	10	0	26	6	10	186.20	0		6.769605
26	176	18	0	33	16	0	26	8	14	365.37	0		5.073889
26	178	48	0	20	0	21	35	7	8	332.59	0		14.241434
26	177	21	0	33	16	14	19	9	10	274.59	0		24.460112
26	182	94	0	14	10	20	14	12	9	288.86	0		12.378715
26	174	2	0	0	10	23	13	11	6	171.17	0		14.655846
26	179	55	0	33	8	10	17	8	6	95.14	0		5.968680
26	175	16	0	33	16	24	14	9	6	114.70	0		5.248494


-------------------------------------------------------------------------------------------------------------------
Tour_Id:			20
No_of_Customers:		2
No_of_Items:			13
Customer_Sequence:		6 55 

CustId	Id	TypeId	Rotated	x	y	z	Length	Width	Height	mass	Fragility	LoadBearingStrength
6	45	57	0	0	0	0	33	10	9	327.99	0		6.532851
55	366	45	0	0	10	0	31	11	13	757.90	0		17.109358
55	363	12	0	0	10	13	29	13	9	388.80	0		14.345386
55	367	55	0	0	10	22	17	8	6	95.14	0		5.968680
55	364	23	0	31	10	0	28	11	9	472.94	0		5.267551
55	365	25	0	31	10	9	18	11	10	313.40	0		8.737673
6	46	63	0	0	0	9	34	7	13	375.40	0		24.313362
6	41	5	0	34	0	0	20	10	13	432.78	0		9.776414
6	42	14	1	17	0	22	24	14	6	349.18	0		17.026156
6	44	26	0	31	10	19	14	10	10	211.08	0		7.681113
6	47	76	0	34	0	13	16	10	8	205.75	0		3.081220
6	40	3	1	49	10	9	13	8	12	178.91	0		60.029015
6	43	16	0	34	0	21	14	9	6	114.70	0		5.248494


-------------------------------------------------------------------------------------------------------------------
Tour_Id:			21
No_of_Customers:		2
No_of_Items:			14
Customer_Sequence:		28 50 

CustId	Id	TypeId	Rotated	x	y	z	Length	Width	Height	mass	Fragility	LoadBearingStrength
50	336	36	0	0	0	0	33	11	11	475.60	0		19.081214
50	337	49	0	0	11	0	21	9	10	272.60	0		29.481627
50	335	6	0	0	20	0	20	5	12	200.62	0		6.780070
50	334	4	0	0	0	11	33	6	10	332.53	0		8.124627
50	340	89	0	21	11	0	33	12	7	490.18	0		18.837089
28	194	56	0	0	11	10	26	6	10	186.20	0		6.769605
28	196	72	0	26	11	7	32	14	6	409.22	0		9.699400
50	339	81	0	33	0	0	16	11	13	312	0		13.289633
28	192	31	0	0	11	20	19	6	7	80.01	0		3.847586
28	193	54	0	26	11	13	16	8	11	150.71	1		1.451126
28	190	24	0	42	11	13	16	12	7	218.76	0		7.435994
28	191	25	0	33	0	13	18	11	10	313.40	0		8.737673
28	195	59	0	0	0	21	29	7	8	165.07	1		5.248760
50	338	68	0	0	20	12	25	5	12	292.78	1		4.708204


-------------------------------------------------------------------------------------------------------------------
Tour_Id:			22
No_of_Customers:		2
No_of_Items:			14
Customer_Sequence:		31 44 

CustId	Id	TypeId	Rotated	x	y	z	Length	Width	Height	mass	Fragility	LoadBearingStrength
44	295	39	0	0	0	0	35	9	14	771.43	0		25.937126
31	207	40	0	0	9	0	21	14	12	525.04	0		66.681717
44	296	48	0	0	0	14	35	7	8	332.59	0		14.241434
31	209	58	0	21	9	0	33	12	8	571.94	0		11.639187
31	208	50	0	0	9	12	23	6	7	125.26	0		31.652477
31	206	12	0	23	9	8	29	13	9	388.80	0		14.345386
44	297	60	0	0	0	22	23	8	7	251.46	1		3.231918
31	205	10	0	0	15	12	20	10	6	198.76	0		12.605990
31	213	91	0	0	15	18	18	5	6	101.68	0		31.236194
31	210	69	0	23	9	17	35	8	11	403.36	1		2.440537
44	298	60	0	35	0	0	23	8	7	251.46	1		3.231918
31	212	79	0	23	17	17	19	6	12	154.89	1		1.538679
44	299	68	0	35	0	7	25	5	12	292.78	1		4.708204
31	211	75	0	0	9	19	18	6	11	229.89	1		4.936657


-------------------------------------------------------------------------------------------------------------------
Tour_Id:			23
No_of_Customers:		2
No_of_Items:			14
Customer_Sequence:		23 4 

CustId	Id	TypeId	Rotated	x	y	z	Length	Width	Height	mass	Fragility	LoadBearingStrength
4	30	89	0	0	0	0	33	12	7	490.18	0		18.837089
4	28	80	0	0	12	0	26	11	11	497.04	0		29.504450
4	25	38	0	0	0	7	24	7	14	396.10	0		11.132095
4	26	59	0	0	12	11	29	7	8	165.07	1		5.248760
4	29	88	0	0	7	7	32	5	12	267.39	1		5.761899
4	33	91	0	0	19	11	18	5	6	101.68	0		31.236194
4	32	90	0	26	12	0	20	11	8	202.40	0		6.161378
4	27	65	0	0	7	19	21	9	10	269.21	1		4.290531
4	31	90	0	33	0	0	20	11	8	202.40	0		6.161378
23	161	38	0	32	0	8	24	7	14	396.10	0		11.132095
23	158	25	0	32	7	8	18	11	10	313.40	0		8.737673
23	162	53	0	0	0	21	32	6	6	118.77	0		7.269474
23	160	35	0	0	19	17	20	5	11	117.22	0		26.083692
23	159	31	0	32	7	18	19	6	7	80.01	0		3.847586


-------------------------------------------------------------------------------------------------------------------
Tour_Id:			24
No_of_Customers:		2
No_of_Items:			13
Customer_Sequence:		40 12 

CustId	Id	TypeId	Rotated	x	y	z	Length	Width	Height	mass	Fragility	LoadBearingStrength
12	85	45	0	0	0	0	31	11	13	757.90	0		17.109358
12	89	82	0	0	11	0	19	7	7	142.05	0		8.075820
12	84	38	0	0	18	0	24	7	14	396.10	0		11.132095
12	90	87	0	0	0	13	31	12	9	514.13	0		17.033852
12	88	67	0	0	0	22	24	10	7	249.27	0		35.566425
12	86	46	0	31	0	0	19	13	13	552.56	1		3.500549
40	274	70	0	24	13	0	35	9	6	229.51	0		9.826829
40	273	32	0	24	13	6	30	10	8	354.94	1		5.287387
40	275	79	0	0	18	14	19	6	12	154.89	1		1.538679
12	87	62	0	31	0	13	21	7	12	332.64	1		4.207003
12	83	6	0	0	12	7	20	5	12	200.62	0		6.780070
40	271	3	1	52	0	0	13	8	12	178.91	0		60.029015
40	272	20	0	24	13	14	33	11	13	623.01	1		13.049684


-------------------------------------------------------------------------------------------------------------------
Tour_Id:			25
No_of_Customers:		2
No_of_Items:			12
Customer_Sequence:		13 39 

CustId	Id	TypeId	Rotated	x	y	z	Length	Width	Height	mass	Fragility	LoadBearingStrength
39	269	71	0	0	0	0	29	9	14	576.53	0		88.918259
39	265	14	0	0	9	0	24	14	6	349.18	0		17.026156
39	264	12	0	0	9	6	29	13	9	388.80	0		14.345386
39	266	37	0	0	9	15	14	12	12	229.34	0		22.983227
39	263	12	0	29	0	0	29	13	9	388.80	0		14.345386
39	268	70	0	0	0	14	35	9	6	229.51	0		9.826829
13	91	5	0	14	9	15	20	10	13	432.78	0		9.776414
39	267	59	0	0	0	20	29	7	8	165.07	1		5.248760
39	270	82	0	29	13	0	19	7	7	142.05	0		8.075820
13	92	22	0	35	0	9	24	12	8	439.26	0		7.625810
13	93	34	0	29	13	7	22	8	6	148.24	0		12.950680
13	94	47	0	35	0	17	18	14	11	518.70	1		2.209955


-------------------------------------------------------------------------------------------------------------------
Tour_Id:			26
No_of_Customers:		2
No_of_Items:			9
Customer_Sequence:		51 49 

CustId	Id	TypeId	Rotated	x	y	z	Length	Width	Height	mass	Fragility	LoadBearingStrength
49	329	51	0	0	0	0	28	11	12	590.76	0		12.504098
49	330	54	0	0	11	0	16	8	11	150.71	1		1.451126
49	332	83	0	0	0	12	23	13	10	504.76	0		11.683169
49	333	98	0	28	0	0	22	13	14	548.79	1		5.437602
49	331	71	0	16	13	0	29	9	14	576.53	0		88.918259
51	341	24	0	0	0	22	16	12	7	218.76	0		7.435994
51	342	77	0	16	13	14	15	9	7	186.41	0		13.848372
51	344	98	0	23	0	14	22	13	14	548.79	1		5.437602
51	343	78	1	50	0	0	21	7	9	139.22	1		1.360192


-------------------------------------------------------------------------------------------------------------------
Tour_Id:			27
No_of_Customers:		2
No_of_Items:			14
Customer_Sequence:		54 56 

CustId	Id	TypeId	Rotated	x	y	z	Length	Width	Height	mass	Fragility	LoadBearingStrength
56	369	9	0	0	0	0	18	9	12	413.78	0		12.153809
56	374	40	0	0	9	0	21	14	12	525.04	0		66.681717
56	371	19	0	21	0	0	32	13	6	478.66	0		19.063177
56	373	33	0	21	13	0	35	12	7	402.38	0		13.911597
56	368	1	0	21	0	6	32	11	6	310.58	0		25.982348
54	361	77	0	0	0	12	15	9	7	186.41	0		13.848372
56	372	27	0	0	9	12	23	6	8	117.86	0		6.319186
56	375	62	0	0	15	12	21	7	12	332.64	1		4.207003
54	362	97	0	0	0	19	14	9	8	116.44	0		6.270845
54	358	30	0	15	0	12	30	5	14	234.93	0		4.623082
56	370	15	0	0	9	20	30	5	7	189.72	0		38.441254
56	376	71	0	21	15	7	29	9	14	576.53	0		88.918259
54	359	32	0	21	14	21	30	10	8	354.94	1		5.287387
54	360	75	0	30	5	12	18	6	11	229.89	1		4.936657


-------------------------------------------------------------------------------------------------------------------
Tour_Id:			28
No_of_Customers:		2
No_of_Items:			15
Customer_Sequence:		38 7 

CustId	Id	TypeId	Rotated	x	y	z	Length	Width	Height	mass	Fragility	LoadBearingStrength
7	48	14	0	0	0	0	24	14	6	349.18	0		17.026156
7	50	43	0	0	14	0	25	10	8	253.70	0		8.912753
7	49	17	0	0	0	6	26	12	11	614.08	0		11.965935
7	53	92	0	0	14	8	20	9	8	180.42	0		7.620969
7	51	77	0	0	12	16	15	9	7	186.41	0		13.848372
7	52	79	0	0	0	17	19	6	12	154.89	1		1.538679
38	260	84	0	26	0	0	32	13	12	984.72	0		38.872345
38	256	40	0	26	0	12	21	14	12	525.04	0		66.681717
38	257	58	0	25	13	0	33	12	8	571.94	0		11.639187
38	258	67	0	20	14	8	24	10	7	249.27	0		35.566425
38	255	11	0	20	14	15	18	8	11	219.74	0		17.128991
38	261	94	1	47	0	12	14	12	9	288.86	0		12.378715
38	254	6	0	0	6	17	20	5	12	200.62	0		6.780070
38	259	82	0	0	12	23	19	7	7	142.05	0		8.075820
38	262	100	0	44	14	8	15	5	11	90.38	0		16.530345


-------------------------------------------------------------------------------------------------------------------
Tour_Id:			29
No_of_Customers:		2
No_of_Items:			11
Customer_Sequence:		19 32 

CustId	Id	TypeId	Rotated	x	y	z	Length	Width	Height	mass	Fragility	LoadBearingStrength
32	219	57	0	0	0	0	33	10	9	327.99	0		6.532851
32	217	24	0	0	10	0	16	12	7	218.76	0		7.435994
32	215	13	0	0	0	9	34	8	11	471.97	0		11.663531
32	218	39	0	16	10	0	35	9	14	771.43	0		25.937126
32	214	6	0	16	19	0	20	5	12	200.62	0		6.780070
32	216	16	0	0	10	7	14	9	6	114.70	0		5.248494
19	134	58	0	16	10	14	33	12	8	571.94	0		11.639187
19	135	70	0	0	0	20	35	9	6	229.51	0		9.826829
19	132	26	0	34	0	0	14	10	10	211.08	0		7.681113
19	133	53	0	16	10	22	32	6	6	118.77	0		7.269474
19	131	15	0	16	16	22	30	5	7	189.72	0		38.441254


-------------------------------------------------------------------------------------------------------------------
Tour_Id:			30
No_of_Customers:		2
No_of_Items:			15
Customer_Sequence:		20 35 

CustId	Id	TypeId	Rotated	x	y	z	Length	Width	Height	mass	Fragility	LoadBearingStrength
35	236	83	0	0	0	0	23	13	10	504.76	0		11.683169
20	139	14	0	0	0	10	24	14	6	349.18	0		17.026156
35	235	75	0	0	14	0	18	6	11	229.89	1		4.936657
35	233	23	0	18	14	0	28	11	9	472.94	0		5.267551
20	136	3	0	0	0	16	13	8	12	178.91	0		60.029015
35	234	49	0	18	14	9	21	9	10	272.60	0		29.481627
20	143	69	0	24	0	0	35	8	11	403.36	1		2.440537
20	138	8	0	18	14	19	21	10	11	443.50	0		4.495595
35	237	100	0	0	20	0	15	5	11	90.38	0		16.530345
20	142	65	0	24	0	11	21	9	10	269.21	1		4.290531
20	140	31	0	0	8	16	19	6	7	80.01	0		3.847586
20	141	31	0	0	8	23	19	6	7	80.01	0		3.847586
35	232	3	0	46	14	0	13	8	12	178.91	0		60.029015
20	137	7	0	46	14	12	12	9	13	226.52	0		27.520626
20	144	75	0	24	8	0	18	6	11	229.89	1		4.936657


-------------------------------------------------------------------------------------------------------------------
Tour_Id:			31
No_of_Customers:		2
No_of_Items:			14
Customer_Sequence:		45 27 

CustId	Id	TypeId	Rotated	x	y	z	Length	Width	Height	mass	Fragility	LoadBearingStrength
27	186	24	0	0	0	0	16	12	7	218.76	0		7.435994
27	185	11	0	0	12	0	18	8	11	219.74	0		17.128991
27	188	58	0	16	0	0	33	12	8	571.94	0		11.639187
27	183	4	0	16	0	8	33	6	10	332.53	0		8.124627
27	187	58	0	18	12	0	33	12	8	571.94	0		11.639187
27	184	7	0	0	0	7	12	9	13	226.52	0		27.520626
27	189	77	0	0	12	11	15	9	7	186.41	0		13.848372
45	303	45	0	18	6	8	31	11	13	757.90	0		17.109358
45	300	13	0	18	17	8	34	8	11	471.97	0		11.663531
45	302	37	0	0	9	18	14	12	12	229.34	0		22.983227
45	305	94	0	18	6	21	14	12	9	288.86	0		12.378715
45	306	94	0	32	6	21	14	12	9	288.86	0		12.378715
45	301	16	0	0	0	20	14	9	6	114.70	0		5.248494
45	304	59	0	14	18	19	29	7	8	165.07	1		5.248760


