Name:				377_n060_m400_bt3
Problem:			3L-VRPTW
Number_of_used_Vehicles:	7
Total_Travel_Distance:		765.43
Calculation_Time:		674.42
Total_Iterations:		8278
ConstraintSet:			P1

-------------------------------------------------------------------------------------------------------------------
Tour_Id:			1
No_of_Customers:		7
No_of_Items:			46
Customer_Sequence:		58 46 9 38 4 21 53 

CustId	Id	TypeId	Rotated	x	y	z	Length	Width	Height	mass	Fragility	LoadBearingStrength
53	349	3	0	0	0	0	7	7	7	127.55	0		29.124078
53	350	3	0	0	7	0	7	7	7	127.55	0		29.124078
53	351	3	0	0	14	0	7	7	7	127.55	0		29.124078
53	352	3	0	0	0	7	7	7	7	127.55	0		29.124078
53	347	1	0	0	21	0	12	3	4	57.67	0		6.946903
53	348	2	1	0	7	7	11	5	7	195.73	1		4.467963
21	129	3	0	0	0	14	7	7	7	127.55	0		29.124078
21	130	3	0	0	0	21	7	7	7	127.55	0		29.124078
21	131	3	0	7	0	0	7	7	7	127.55	0		29.124078
21	132	3	0	7	7	0	7	7	7	127.55	0		29.124078
21	127	1	0	0	21	4	12	3	4	57.67	0		6.946903
21	128	1	0	0	21	8	12	3	4	57.67	0		6.946903
4	25	3	0	5	7	7	7	7	7	127.55	0		29.124078
4	26	3	0	5	7	14	7	7	7	127.55	0		29.124078
4	27	3	0	5	7	21	7	7	7	127.55	0		29.124078
4	23	1	0	0	21	12	12	3	4	57.67	0		6.946903
4	24	1	0	0	21	16	12	3	4	57.67	0		6.946903
38	244	3	0	7	14	0	7	7	7	127.55	0		29.124078
38	245	3	0	5	14	7	7	7	7	127.55	0		29.124078
38	246	3	0	5	14	14	7	7	7	127.55	0		29.124078
38	238	1	0	0	21	20	12	3	4	57.67	0		6.946903
38	239	2	0	14	0	0	11	5	7	195.73	1		4.467963
38	240	2	0	7	0	7	11	5	7	195.73	1		4.467963
38	241	2	0	7	0	14	11	5	7	195.73	1		4.467963
38	242	2	0	7	0	21	11	5	7	195.73	1		4.467963
38	243	2	0	14	5	0	11	5	7	195.73	1		4.467963
9	53	3	0	5	14	21	7	7	7	127.55	0		29.124078
9	54	3	0	14	10	0	7	7	7	127.55	0		29.124078
9	48	1	0	0	21	24	12	3	4	57.67	0		6.946903
9	49	2	0	12	5	7	11	5	7	195.73	1		4.467963
9	50	2	0	12	10	7	11	5	7	195.73	1		4.467963
9	51	2	0	12	5	14	11	5	7	195.73	1		4.467963
9	52	2	0	12	10	14	11	5	7	195.73	1		4.467963
46	300	3	0	14	17	0	7	7	7	127.55	0		29.124078
46	301	3	0	12	15	7	7	7	7	127.55	0		29.124078
46	302	3	0	12	15	14	7	7	7	127.55	0		29.124078
46	296	1	0	21	15	0	12	3	4	57.67	0		6.946903
46	297	1	0	21	18	0	12	3	4	57.67	0		6.946903
46	298	2	0	12	5	21	11	5	7	195.73	1		4.467963
46	299	2	0	12	10	21	11	5	7	195.73	1		4.467963
58	388	3	0	12	15	21	7	7	7	127.55	0		29.124078
58	389	3	0	21	15	4	7	7	7	127.55	0		29.124078
58	390	3	0	21	15	11	7	7	7	127.55	0		29.124078
58	385	1	0	21	21	0	12	3	4	57.67	0		6.946903
58	386	1	0	23	10	0	12	3	4	57.67	0		6.946903
58	387	2	0	25	0	0	11	5	7	195.73	1		4.467963


-------------------------------------------------------------------------------------------------------------------
Tour_Id:			2
No_of_Customers:		11
No_of_Items:			65
Customer_Sequence:		41 20 15 29 59 55 5 33 12 34 17 

CustId	Id	TypeId	Rotated	x	y	z	Length	Width	Height	mass	Fragility	LoadBearingStrength
17	102	3	0	0	0	0	7	7	7	127.55	0		29.124078
17	103	3	0	0	7	0	7	7	7	127.55	0		29.124078
17	99	1	0	0	14	0	12	3	4	57.67	0		6.946903
17	100	1	0	0	17	0	12	3	4	57.67	0		6.946903
17	101	2	0	0	20	0	11	5	7	195.73	1		4.467963
34	220	3	0	0	0	7	7	7	7	127.55	0		29.124078
34	221	3	0	0	7	7	7	7	7	127.55	0		29.124078
34	222	3	0	0	0	14	7	7	7	127.55	0		29.124078
34	217	1	0	0	14	4	12	3	4	57.67	0		6.946903
34	218	2	0	0	20	7	11	5	7	195.73	1		4.467963
34	219	2	0	0	20	14	11	5	7	195.73	1		4.467963
12	70	3	0	0	7	14	7	7	7	127.55	0		29.124078
12	71	3	0	0	0	21	7	7	7	127.55	0		29.124078
12	72	3	0	0	7	21	7	7	7	127.55	0		29.124078
12	73	3	0	7	0	0	7	7	7	127.55	0		29.124078
12	68	1	0	0	17	4	12	3	4	57.67	0		6.946903
12	69	2	0	0	14	8	11	5	7	195.73	1		4.467963
33	215	3	0	7	7	0	7	7	7	127.55	0		29.124078
33	216	3	0	7	0	7	7	7	7	127.55	0		29.124078
33	212	1	0	11	20	0	12	3	4	57.67	0		6.946903
33	213	1	0	11	20	4	12	3	4	57.67	0		6.946903
33	214	2	0	0	14	15	11	5	7	195.73	1		4.467963
5	30	3	0	7	7	7	7	7	7	127.55	0		29.124078
5	31	3	0	7	0	14	7	7	7	127.55	0		29.124078
5	28	2	0	0	19	21	11	5	7	195.73	1		4.467963
5	29	2	0	0	14	22	11	5	7	195.73	1		4.467963
55	365	3	0	7	7	14	7	7	7	127.55	0		29.124078
55	366	3	0	7	0	21	7	7	7	127.55	0		29.124078
55	359	1	0	11	20	8	12	3	4	57.67	0		6.946903
55	360	1	0	11	20	12	12	3	4	57.67	0		6.946903
55	361	1	0	11	20	16	12	3	4	57.67	0		6.946903
55	362	1	0	11	20	20	12	3	4	57.67	0		6.946903
55	363	2	0	12	14	0	11	5	7	195.73	1		4.467963
55	364	2	0	12	14	7	11	5	7	195.73	1		4.467963
59	395	3	0	7	7	21	7	7	7	127.55	0		29.124078
59	396	3	0	14	0	0	7	7	7	127.55	0		29.124078
59	391	1	0	11	20	24	12	3	4	57.67	0		6.946903
59	392	1	0	14	7	0	12	3	4	57.67	0		6.946903
59	393	2	0	11	14	14	11	5	7	195.73	1		4.467963
59	394	2	0	11	14	21	11	5	7	195.73	1		4.467963
29	192	3	0	14	0	7	7	7	7	127.55	0		29.124078
29	193	3	0	14	0	14	7	7	7	127.55	0		29.124078
29	188	1	0	14	10	0	12	3	4	57.67	0		6.946903
29	189	2	0	14	7	4	11	5	7	195.73	1		4.467963
29	190	2	0	14	7	11	11	5	7	195.73	1		4.467963
29	191	2	0	14	7	18	11	5	7	195.73	1		4.467963
15	88	3	0	14	0	21	7	7	7	127.55	0		29.124078
15	89	3	0	21	0	0	7	7	7	127.55	0		29.124078
15	85	1	0	23	13	0	12	3	4	57.67	0		6.946903
15	86	2	0	23	16	0	11	5	7	195.73	1		4.467963
15	87	2	0	23	16	7	11	5	7	195.73	1		4.467963
20	124	3	0	21	0	7	7	7	7	127.55	0		29.124078
20	125	3	0	21	0	14	7	7	7	127.55	0		29.124078
20	126	3	0	21	0	21	7	7	7	127.55	0		29.124078
20	120	1	0	23	21	0	12	3	4	57.67	0		6.946903
20	121	1	0	23	12	4	12	3	4	57.67	0		6.946903
20	122	2	0	23	16	14	11	5	7	195.73	1		4.467963
20	123	2	0	23	16	21	11	5	7	195.73	1		4.467963
41	269	3	0	28	0	0	7	7	7	127.55	0		29.124078
41	270	3	0	28	0	7	7	7	7	127.55	0		29.124078
41	271	3	0	28	0	14	7	7	7	127.55	0		29.124078
41	265	1	0	23	21	4	12	3	4	57.67	0		6.946903
41	266	1	0	23	12	8	12	3	4	57.67	0		6.946903
41	267	2	0	26	7	0	11	5	7	195.73	1		4.467963
41	268	2	0	25	7	7	11	5	7	195.73	1		4.467963


-------------------------------------------------------------------------------------------------------------------
Tour_Id:			3
No_of_Customers:		10
No_of_Items:			68
Customer_Sequence:		6 23 50 24 57 13 19 1 25 10 

CustId	Id	TypeId	Rotated	x	y	z	Length	Width	Height	mass	Fragility	LoadBearingStrength
10	59	3	0	0	0	0	7	7	7	127.55	0		29.124078
10	60	3	0	0	7	0	7	7	7	127.55	0		29.124078
10	55	1	0	0	14	0	12	3	4	57.67	0		6.946903
10	56	1	0	0	17	0	12	3	4	57.67	0		6.946903
10	57	1	0	0	20	0	12	3	4	57.67	0		6.946903
10	58	2	0	0	14	4	11	5	7	195.73	1		4.467963
25	157	3	0	0	0	7	7	7	7	127.55	0		29.124078
25	158	3	0	0	7	7	7	7	7	127.55	0		29.124078
25	159	3	0	0	0	14	7	7	7	127.55	0		29.124078
25	160	3	0	0	7	14	7	7	7	127.55	0		29.124078
25	153	1	0	0	19	4	12	3	4	57.67	0		6.946903
25	154	1	0	0	19	8	12	3	4	57.67	0		6.946903
25	155	1	0	0	19	12	12	3	4	57.67	0		6.946903
25	156	2	0	0	14	11	11	5	7	195.73	1		4.467963
1	1	1	0	0	19	16	12	3	4	57.67	0		6.946903
1	2	1	0	0	19	20	12	3	4	57.67	0		6.946903
1	3	1	1	0	0	21	12	3	4	57.67	0		6.946903
1	4	1	0	0	19	24	12	3	4	57.67	0		6.946903
1	5	1	1	0	0	25	12	3	4	57.67	0		6.946903
1	6	1	1	3	0	21	12	3	4	57.67	0		6.946903
1	7	1	1	3	0	25	12	3	4	57.67	0		6.946903
1	8	2	0	0	14	18	11	5	7	195.73	1		4.467963
1	9	2	0	7	0	0	11	5	7	195.73	1		4.467963
19	116	3	0	7	5	0	7	7	7	127.55	0		29.124078
19	117	3	0	7	5	7	7	7	7	127.55	0		29.124078
19	118	3	0	7	5	14	7	7	7	127.55	0		29.124078
19	119	3	0	6	5	21	7	7	7	127.55	0		29.124078
19	111	1	0	12	12	0	12	3	4	57.67	0		6.946903
19	112	1	0	11	12	4	12	3	4	57.67	0		6.946903
19	113	2	0	7	0	7	11	5	7	195.73	1		4.467963
19	114	2	0	7	0	14	11	5	7	195.73	1		4.467963
19	115	2	0	6	0	21	11	5	7	195.73	1		4.467963
13	76	3	0	12	15	0	7	7	7	127.55	0		29.124078
13	77	3	0	12	15	7	7	7	7	127.55	0		29.124078
13	74	1	0	11	12	8	12	3	4	57.67	0		6.946903
13	75	2	0	14	5	0	11	5	7	195.73	1		4.467963
57	382	3	0	12	15	14	7	7	7	127.55	0		29.124078
57	383	3	0	12	15	21	7	7	7	127.55	0		29.124078
57	384	3	0	19	15	0	7	7	7	127.55	0		29.124078
57	376	1	0	11	12	12	12	3	4	57.67	0		6.946903
57	377	1	0	11	12	16	12	3	4	57.67	0		6.946903
57	378	1	0	11	12	20	12	3	4	57.67	0		6.946903
57	379	1	0	11	12	24	12	3	4	57.67	0		6.946903
57	380	1	0	12	22	0	12	3	4	57.67	0		6.946903
57	381	2	0	14	5	7	11	5	7	195.73	1		4.467963
24	148	1	0	12	22	4	12	3	4	57.67	0		6.946903
24	149	2	0	14	5	14	11	5	7	195.73	1		4.467963
24	150	2	0	13	5	21	11	5	7	195.73	1		4.467963
24	151	2	0	18	0	0	11	5	7	195.73	1		4.467963
24	152	2	0	18	0	7	11	5	7	195.73	1		4.467963
50	328	3	0	19	15	7	7	7	7	127.55	0		29.124078
50	329	3	0	19	15	14	7	7	7	127.55	0		29.124078
50	330	3	0	19	15	21	7	7	7	127.55	0		29.124078
50	322	1	0	12	22	8	12	3	4	57.67	0		6.946903
50	323	2	0	18	0	14	11	5	7	195.73	1		4.467963
50	324	2	0	17	0	21	11	5	7	195.73	1		4.467963
50	325	2	0	25	5	0	11	5	7	195.73	1		4.467963
50	326	2	0	24	10	0	11	5	7	195.73	1		4.467963
50	327	2	0	23	10	7	11	5	7	195.73	1		4.467963
23	147	3	0	26	15	0	7	7	7	127.55	0		29.124078
23	142	1	0	12	22	12	12	3	4	57.67	0		6.946903
23	143	1	0	12	22	16	12	3	4	57.67	0		6.946903
23	144	1	0	12	22	20	12	3	4	57.67	0		6.946903
23	145	2	0	23	10	14	11	5	7	195.73	1		4.467963
23	146	2	0	23	10	21	11	5	7	195.73	1		4.467963
6	32	1	0	12	22	24	12	3	4	57.67	0		6.946903
6	33	2	0	25	5	7	11	5	7	195.73	1		4.467963
6	34	2	0	25	5	14	11	5	7	195.73	1		4.467963


-------------------------------------------------------------------------------------------------------------------
Tour_Id:			4
No_of_Customers:		8
No_of_Items:			61
Customer_Sequence:		3 16 49 28 14 36 56 22 

CustId	Id	TypeId	Rotated	x	y	z	Length	Width	Height	mass	Fragility	LoadBearingStrength
22	139	3	0	0	0	0	7	7	7	127.55	0		29.124078
22	140	3	0	0	7	0	7	7	7	127.55	0		29.124078
22	141	3	0	0	14	0	7	7	7	127.55	0		29.124078
22	133	1	0	0	21	0	12	3	4	57.67	0		6.946903
22	134	1	1	0	0	7	12	3	4	57.67	0		6.946903
22	135	1	0	0	21	4	12	3	4	57.67	0		6.946903
22	136	1	0	0	21	8	12	3	4	57.67	0		6.946903
22	137	2	1	3	0	7	11	5	7	195.73	1		4.467963
22	138	2	1	3	0	14	11	5	7	195.73	1		4.467963
56	375	3	0	0	12	7	7	7	7	127.55	0		29.124078
56	367	1	0	0	21	12	12	3	4	57.67	0		6.946903
56	368	1	0	0	21	16	12	3	4	57.67	0		6.946903
56	369	1	0	0	21	20	12	3	4	57.67	0		6.946903
56	370	1	0	0	21	24	12	3	4	57.67	0		6.946903
56	371	2	1	3	0	21	11	5	7	195.73	1		4.467963
56	372	2	0	7	11	0	11	5	7	195.73	1		4.467963
56	373	2	0	7	16	0	11	5	7	195.73	1		4.467963
56	374	2	0	7	11	7	11	5	7	195.73	1		4.467963
36	233	3	0	0	11	14	7	7	7	127.55	0		29.124078
36	229	1	0	8	0	0	12	3	4	57.67	0		6.946903
36	230	1	0	8	3	0	12	3	4	57.67	0		6.946903
36	231	2	0	7	16	7	11	5	7	195.73	1		4.467963
36	232	2	0	7	11	14	11	5	7	195.73	1		4.467963
14	82	3	0	0	11	21	7	7	7	127.55	0		29.124078
14	83	3	0	8	0	4	7	7	7	127.55	0		29.124078
14	84	3	0	8	0	11	7	7	7	127.55	0		29.124078
14	78	1	0	8	6	0	12	3	4	57.67	0		6.946903
14	79	1	0	12	21	0	12	3	4	57.67	0		6.946903
14	80	1	0	12	21	4	12	3	4	57.67	0		6.946903
14	81	2	0	7	16	14	11	5	7	195.73	1		4.467963
28	184	3	0	8	0	18	7	7	7	127.55	0		29.124078
28	185	3	0	18	9	0	7	7	7	127.55	0		29.124078
28	186	3	0	18	9	7	7	7	7	127.55	0		29.124078
28	187	3	0	18	9	14	7	7	7	127.55	0		29.124078
28	179	1	0	12	21	8	12	3	4	57.67	0		6.946903
28	180	1	0	12	21	12	12	3	4	57.67	0		6.946903
28	181	1	0	12	21	16	12	3	4	57.67	0		6.946903
28	182	2	0	7	11	21	11	5	7	195.73	1		4.467963
28	183	2	0	7	16	21	11	5	7	195.73	1		4.467963
49	319	3	0	18	9	21	7	7	7	127.55	0		29.124078
49	320	3	0	20	0	0	7	7	7	127.55	0		29.124078
49	321	3	0	20	0	7	7	7	7	127.55	0		29.124078
49	316	1	0	12	21	20	12	3	4	57.67	0		6.946903
49	317	1	0	12	21	24	12	3	4	57.67	0		6.946903
49	318	2	0	18	16	0	11	5	7	195.73	1		4.467963
16	97	3	0	20	0	14	7	7	7	127.55	0		29.124078
16	98	3	0	20	0	21	7	7	7	127.55	0		29.124078
16	90	1	0	24	21	0	12	3	4	57.67	0		6.946903
16	91	1	0	24	21	4	12	3	4	57.67	0		6.946903
16	92	1	0	24	21	8	12	3	4	57.67	0		6.946903
16	93	1	0	24	21	12	12	3	4	57.67	0		6.946903
16	94	1	0	24	21	16	12	3	4	57.67	0		6.946903
16	95	2	0	18	16	7	11	5	7	195.73	1		4.467963
16	96	2	0	18	16	14	11	5	7	195.73	1		4.467963
3	21	3	0	25	7	0	7	7	7	127.55	0		29.124078
3	22	3	0	25	7	7	7	7	7	127.55	0		29.124078
3	16	1	0	24	21	20	12	3	4	57.67	0		6.946903
3	17	2	0	18	16	21	11	5	7	195.73	1		4.467963
3	18	2	0	27	0	0	11	5	7	195.73	1		4.467963
3	19	2	0	27	0	7	11	5	7	195.73	1		4.467963
3	20	2	0	27	0	14	11	5	7	195.73	1		4.467963


-------------------------------------------------------------------------------------------------------------------
Tour_Id:			5
No_of_Customers:		10
No_of_Items:			68
Customer_Sequence:		44 51 43 26 2 42 45 60 11 39 

CustId	Id	TypeId	Rotated	x	y	z	Length	Width	Height	mass	Fragility	LoadBearingStrength
39	253	3	0	0	0	0	7	7	7	127.55	0		29.124078
39	254	3	0	0	7	0	7	7	7	127.55	0		29.124078
39	255	3	0	0	14	0	7	7	7	127.55	0		29.124078
39	247	1	0	0	21	0	12	3	4	57.67	0		6.946903
39	248	1	1	0	0	7	12	3	4	57.67	0		6.946903
39	249	1	0	0	21	4	12	3	4	57.67	0		6.946903
39	250	1	0	0	21	8	12	3	4	57.67	0		6.946903
39	251	2	1	3	0	7	11	5	7	195.73	1		4.467963
39	252	2	1	3	0	14	11	5	7	195.73	1		4.467963
11	62	3	0	0	12	7	7	7	7	127.55	0		29.124078
11	63	3	0	0	11	14	7	7	7	127.55	0		29.124078
11	64	3	0	0	11	21	7	7	7	127.55	0		29.124078
11	65	3	0	7	11	0	7	7	7	127.55	0		29.124078
11	66	3	0	7	11	7	7	7	7	127.55	0		29.124078
11	67	3	0	7	11	14	7	7	7	127.55	0		29.124078
11	61	2	1	3	0	21	11	5	7	195.73	1		4.467963
60	397	1	0	0	21	12	12	3	4	57.67	0		6.946903
60	398	2	0	8	0	0	11	5	7	195.73	1		4.467963
60	399	2	0	8	5	0	11	5	7	195.73	1		4.467963
60	400	2	0	8	0	7	11	5	7	195.73	1		4.467963
45	295	3	0	7	11	21	7	7	7	127.55	0		29.124078
45	289	1	0	0	21	16	12	3	4	57.67	0		6.946903
45	290	1	0	0	21	20	12	3	4	57.67	0		6.946903
45	291	1	0	0	21	24	12	3	4	57.67	0		6.946903
45	292	2	0	8	5	7	11	5	7	195.73	1		4.467963
45	293	2	0	8	0	14	11	5	7	195.73	1		4.467963
45	294	2	0	8	5	14	11	5	7	195.73	1		4.467963
42	273	3	0	14	10	0	7	7	7	127.55	0		29.124078
42	274	3	0	14	17	0	7	7	7	127.55	0		29.124078
42	275	3	0	14	10	7	7	7	7	127.55	0		29.124078
42	276	3	0	14	17	7	7	7	7	127.55	0		29.124078
42	277	3	0	14	10	14	7	7	7	127.55	0		29.124078
42	278	3	0	14	17	14	7	7	7	127.55	0		29.124078
42	272	1	1	14	10	21	12	3	4	57.67	0		6.946903
2	10	1	1	14	10	25	12	3	4	57.67	0		6.946903
2	11	1	1	17	10	21	12	3	4	57.67	0		6.946903
2	12	1	1	17	10	25	12	3	4	57.67	0		6.946903
2	13	2	0	8	0	21	11	5	7	195.73	1		4.467963
2	14	2	0	8	5	21	11	5	7	195.73	1		4.467963
2	15	2	0	19	0	0	11	5	7	195.73	1		4.467963
26	168	3	0	21	5	0	7	7	7	127.55	0		29.124078
26	169	3	0	21	12	0	7	7	7	127.55	0		29.124078
26	161	1	0	21	19	0	12	3	4	57.67	0		6.946903
26	162	1	0	21	22	0	12	3	4	57.67	0		6.946903
26	163	1	0	21	19	4	12	3	4	57.67	0		6.946903
26	164	1	0	21	22	4	12	3	4	57.67	0		6.946903
26	165	2	0	19	0	7	11	5	7	195.73	1		4.467963
26	166	2	0	19	0	14	11	5	7	195.73	1		4.467963
26	167	2	0	19	0	21	11	5	7	195.73	1		4.467963
43	283	3	0	21	5	7	7	7	7	127.55	0		29.124078
43	279	2	0	21	19	8	11	5	7	195.73	1		4.467963
43	280	2	0	21	19	15	11	5	7	195.73	1		4.467963
43	281	2	0	28	5	0	11	5	7	195.73	1		4.467963
43	282	2	0	20	19	22	11	5	7	195.73	1		4.467963
51	337	3	0	21	12	7	7	7	7	127.55	0		29.124078
51	338	3	0	21	5	14	7	7	7	127.55	0		29.124078
51	339	3	0	20	5	21	7	7	7	127.55	0		29.124078
51	331	1	0	28	10	0	12	3	4	57.67	0		6.946903
51	332	1	0	28	13	0	12	3	4	57.67	0		6.946903
51	333	2	0	28	10	4	11	5	7	195.73	1		4.467963
51	334	2	0	28	5	7	11	5	7	195.73	1		4.467963
51	335	2	0	28	10	11	11	5	7	195.73	1		4.467963
51	336	2	0	28	5	14	11	5	7	195.73	1		4.467963
44	286	3	0	39	0	0	7	7	7	127.55	0		29.124078
44	287	3	0	39	0	7	7	7	7	127.55	0		29.124078
44	288	3	0	39	0	14	7	7	7	127.55	0		29.124078
44	284	2	0	27	5	21	11	5	7	195.73	1		4.467963
44	285	2	0	28	10	18	11	5	7	195.73	1		4.467963


-------------------------------------------------------------------------------------------------------------------
Tour_Id:			6
No_of_Customers:		8
No_of_Items:			56
Customer_Sequence:		48 18 54 47 40 52 35 31 

CustId	Id	TypeId	Rotated	x	y	z	Length	Width	Height	mass	Fragility	LoadBearingStrength
31	205	3	0	0	0	0	7	7	7	127.55	0		29.124078
31	198	1	0	0	7	0	12	3	4	57.67	0		6.946903
31	199	1	0	0	10	0	12	3	4	57.67	0		6.946903
31	200	1	0	0	13	0	12	3	4	57.67	0		6.946903
31	201	1	0	0	16	0	12	3	4	57.67	0		6.946903
31	202	1	0	0	19	0	12	3	4	57.67	0		6.946903
31	203	2	0	0	7	4	11	5	7	195.73	1		4.467963
31	204	2	0	0	12	4	11	5	7	195.73	1		4.467963
35	228	3	0	0	0	7	7	7	7	127.55	0		29.124078
35	223	1	0	0	22	0	12	3	4	57.67	0		6.946903
35	224	1	0	0	17	4	12	3	4	57.67	0		6.946903
35	225	1	0	0	20	4	12	3	4	57.67	0		6.946903
35	226	2	0	0	17	8	11	5	7	195.73	1		4.467963
35	227	2	0	0	7	11	11	5	7	195.73	1		4.467963
52	346	3	0	0	0	14	7	7	7	127.55	0		29.124078
52	340	1	0	7	0	0	12	3	4	57.67	0		6.946903
52	341	1	0	7	3	0	12	3	4	57.67	0		6.946903
52	342	1	0	7	0	4	12	3	4	57.67	0		6.946903
52	343	2	0	0	12	11	11	5	7	195.73	1		4.467963
52	344	2	0	0	17	15	11	5	7	195.73	1		4.467963
52	345	2	0	0	7	18	11	5	7	195.73	1		4.467963
40	261	3	0	0	0	21	7	7	7	127.55	0		29.124078
40	262	3	0	12	6	0	7	7	7	127.55	0		29.124078
40	263	3	0	12	13	0	7	7	7	127.55	0		29.124078
40	264	3	0	11	7	7	7	7	7	127.55	0		29.124078
40	256	1	0	7	3	4	12	3	4	57.67	0		6.946903
40	257	2	0	0	12	18	11	5	7	195.73	1		4.467963
40	258	2	0	0	17	22	11	5	7	195.73	1		4.467963
40	259	2	0	7	0	8	11	5	7	195.73	1		4.467963
40	260	2	0	7	0	15	11	5	7	195.73	1		4.467963
47	309	3	0	11	7	14	7	7	7	127.55	0		29.124078
47	310	3	0	11	7	21	7	7	7	127.55	0		29.124078
47	303	1	0	12	20	0	12	3	4	57.67	0		6.946903
47	304	1	0	12	20	4	12	3	4	57.67	0		6.946903
47	305	2	0	7	0	22	11	5	7	195.73	1		4.467963
47	306	2	0	19	0	0	11	5	7	195.73	1		4.467963
47	307	2	0	19	5	0	11	5	7	195.73	1		4.467963
47	308	2	0	18	6	7	11	5	7	195.73	1		4.467963
54	357	3	0	19	11	0	7	7	7	127.55	0		29.124078
54	358	3	0	18	11	7	7	7	7	127.55	0		29.124078
54	353	1	0	11	20	8	12	3	4	57.67	0		6.946903
54	354	1	0	11	20	12	12	3	4	57.67	0		6.946903
54	355	1	0	11	20	16	12	3	4	57.67	0		6.946903
54	356	2	0	18	6	14	11	5	7	195.73	1		4.467963
18	109	3	0	18	11	14	7	7	7	127.55	0		29.124078
18	110	3	0	18	11	21	7	7	7	127.55	0		29.124078
18	104	1	0	11	20	20	12	3	4	57.67	0		6.946903
18	105	1	0	11	20	24	12	3	4	57.67	0		6.946903
18	106	1	0	24	18	0	12	3	4	57.67	0		6.946903
18	107	2	0	18	6	21	11	5	7	195.73	1		4.467963
18	108	2	0	19	0	7	11	5	7	195.73	1		4.467963
48	314	3	0	26	11	0	7	7	7	127.55	0		29.124078
48	315	3	0	25	11	7	7	7	7	127.55	0		29.124078
48	311	1	0	24	21	0	12	3	4	57.67	0		6.946903
48	312	2	0	18	0	14	11	5	7	195.73	1		4.467963
48	313	2	0	18	0	21	11	5	7	195.73	1		4.467963


-------------------------------------------------------------------------------------------------------------------
Tour_Id:			7
No_of_Customers:		6
No_of_Items:			36
Customer_Sequence:		27 30 7 8 37 32 

CustId	Id	TypeId	Rotated	x	y	z	Length	Width	Height	mass	Fragility	LoadBearingStrength
32	209	3	0	0	0	0	7	7	7	127.55	0		29.124078
32	210	3	0	0	7	0	7	7	7	127.55	0		29.124078
32	211	3	0	0	14	0	7	7	7	127.55	0		29.124078
32	206	1	0	0	21	0	12	3	4	57.67	0		6.946903
32	207	1	1	0	0	7	12	3	4	57.67	0		6.946903
32	208	2	1	0	12	7	11	5	7	195.73	1		4.467963
37	237	3	0	7	0	0	7	7	7	127.55	0		29.124078
37	234	1	1	0	0	11	12	3	4	57.67	0		6.946903
37	235	1	1	0	0	15	12	3	4	57.67	0		6.946903
37	236	2	1	0	12	14	11	5	7	195.73	1		4.467963
8	47	3	0	3	0	7	7	7	7	127.55	0		29.124078
8	42	1	1	0	0	19	12	3	4	57.67	0		6.946903
8	43	1	1	0	0	23	12	3	4	57.67	0		6.946903
8	44	2	1	0	12	21	11	5	7	195.73	1		4.467963
8	45	2	0	7	7	0	11	5	7	195.73	1		4.467963
8	46	2	0	3	7	7	11	5	7	195.73	1		4.467963
7	39	3	0	3	0	14	7	7	7	127.55	0		29.124078
7	40	3	0	3	0	21	7	7	7	127.55	0		29.124078
7	41	3	0	7	12	0	7	7	7	127.55	0		29.124078
7	35	1	0	5	12	7	12	3	4	57.67	0		6.946903
7	36	1	0	5	15	7	12	3	4	57.67	0		6.946903
7	37	1	0	5	12	11	12	3	4	57.67	0		6.946903
7	38	2	0	3	7	14	11	5	7	195.73	1		4.467963
30	197	3	0	14	0	0	7	7	7	127.55	0		29.124078
30	194	1	0	5	15	11	12	3	4	57.67	0		6.946903
30	195	1	0	5	12	15	12	3	4	57.67	0		6.946903
30	196	2	0	3	7	21	11	5	7	195.73	1		4.467963
27	176	3	0	10	0	7	7	7	7	127.55	0		29.124078
27	177	3	0	10	0	14	7	7	7	127.55	0		29.124078
27	178	3	0	10	0	21	7	7	7	127.55	0		29.124078
27	170	1	0	5	15	15	12	3	4	57.67	0		6.946903
27	171	1	0	5	12	19	12	3	4	57.67	0		6.946903
27	172	1	0	5	15	19	12	3	4	57.67	0		6.946903
27	173	1	0	5	12	23	12	3	4	57.67	0		6.946903
27	174	1	0	5	15	23	12	3	4	57.67	0		6.946903
27	175	1	0	12	19	0	12	3	4	57.67	0		6.946903


