Name:				378_n060_m400_bt3
Problem:			3L-VRPTW
Number_of_used_Vehicles:	10
Total_Travel_Distance:		968.22
Calculation_Time:		83.74
Total_Iterations:		8953
ConstraintSet:			P1

-------------------------------------------------------------------------------------------------------------------
Tour_Id:			1
No_of_Customers:		7
No_of_Items:			44
Customer_Sequence:		24 27 5 22 44 48 38 

CustId	Id	TypeId	Rotated	x	y	z	Length	Width	Height	mass	Fragility	LoadBearingStrength
38	257	3	0	0	0	0	11	5	4	195.71	0		44.920238
38	253	1	0	0	5	0	12	2	7	141.30	1		4.535025
38	254	1	0	0	7	0	12	2	7	141.30	1		4.535025
38	255	1	0	0	9	0	12	2	7	141.30	1		4.535025
38	256	1	0	0	11	0	12	2	7	141.30	1		4.535025
48	318	3	0	0	13	0	11	5	4	195.71	0		44.920238
48	319	3	0	0	18	0	11	5	4	195.71	0		44.920238
48	320	3	0	0	0	4	11	5	4	195.71	0		44.920238
48	321	3	0	0	13	4	11	5	4	195.71	0		44.920238
48	316	2	0	0	23	0	9	2	5	66.38	0		32.591833
48	317	2	0	0	18	4	9	2	5	66.38	0		32.591833
48	315	1	0	0	20	4	12	2	7	141.30	1		4.535025
44	293	3	0	0	0	8	11	5	4	195.71	0		44.920238
44	294	3	0	0	13	8	11	5	4	195.71	0		44.920238
44	295	3	0	0	0	12	11	5	4	195.71	0		44.920238
44	296	3	0	0	13	12	11	5	4	195.71	0		44.920238
44	290	2	0	0	23	5	9	2	5	66.38	0		32.591833
44	291	2	0	0	18	9	9	2	5	66.38	0		32.591833
44	292	2	0	0	23	10	9	2	5	66.38	0		32.591833
44	288	1	0	0	5	7	12	2	7	141.30	1		4.535025
44	289	1	0	0	7	7	12	2	7	141.30	1		4.535025
22	141	3	0	0	0	16	11	5	4	195.71	0		44.920238
22	140	2	0	0	18	14	9	2	5	66.38	0		32.591833
22	138	1	0	0	9	7	12	2	7	141.30	1		4.535025
22	139	1	0	0	11	7	12	2	7	141.30	1		4.535025
5	25	2	0	0	23	15	9	2	5	66.38	0		32.591833
5	20	1	0	0	20	11	12	2	7	141.30	1		4.535025
5	21	1	0	0	5	14	12	2	7	141.30	1		4.535025
5	22	1	0	0	7	14	12	2	7	141.30	1		4.535025
5	23	1	0	0	9	14	12	2	7	141.30	1		4.535025
5	24	1	0	0	11	14	12	2	7	141.30	1		4.535025
27	173	3	0	0	13	16	11	5	4	195.71	0		44.920238
27	168	2	0	0	18	19	9	2	5	66.38	0		32.591833
27	169	2	0	0	0	20	9	2	5	66.38	0		32.591833
27	170	2	0	0	2	20	9	2	5	66.38	0		32.591833
27	171	2	0	0	13	20	9	2	5	66.38	0		32.591833
27	172	2	0	0	15	20	9	2	5	66.38	0		32.591833
24	149	3	0	11	0	0	11	5	4	195.71	0		44.920238
24	150	3	0	11	13	0	11	5	4	195.71	0		44.920238
24	151	3	0	11	0	4	11	5	4	195.71	0		44.920238
24	152	3	0	11	13	4	11	5	4	195.71	0		44.920238
24	153	3	0	11	0	8	11	5	4	195.71	0		44.920238
24	148	2	0	0	23	20	9	2	5	66.38	0		32.591833
24	147	1	0	0	20	18	12	2	7	141.30	1		4.535025


-------------------------------------------------------------------------------------------------------------------
Tour_Id:			2
No_of_Customers:		8
No_of_Items:			53
Customer_Sequence:		1 59 28 18 53 41 8 21 

CustId	Id	TypeId	Rotated	x	y	z	Length	Width	Height	mass	Fragility	LoadBearingStrength
21	135	3	0	0	0	0	11	5	4	195.71	0		44.920238
21	136	3	0	0	5	0	11	5	4	195.71	0		44.920238
21	137	3	0	0	10	0	11	5	4	195.71	0		44.920238
21	133	2	0	0	15	0	9	2	5	66.38	0		32.591833
21	134	2	0	0	17	0	9	2	5	66.38	0		32.591833
21	130	1	0	0	19	0	12	2	7	141.30	1		4.535025
21	131	1	0	0	21	0	12	2	7	141.30	1		4.535025
21	132	1	0	0	23	0	12	2	7	141.30	1		4.535025
8	45	3	0	0	0	4	11	5	4	195.71	0		44.920238
8	46	3	0	0	5	4	11	5	4	195.71	0		44.920238
8	47	3	0	0	10	4	11	5	4	195.71	0		44.920238
8	40	2	0	0	15	5	9	2	5	66.38	0		32.591833
8	41	2	0	0	17	5	9	2	5	66.38	0		32.591833
8	42	2	0	0	0	8	9	2	5	66.38	0		32.591833
8	43	2	0	0	2	8	9	2	5	66.38	0		32.591833
8	44	2	0	0	4	8	9	2	5	66.38	0		32.591833
8	39	1	0	0	19	7	12	2	7	141.30	1		4.535025
41	272	3	0	0	6	8	11	5	4	195.71	0		44.920238
41	271	2	0	0	11	8	9	2	5	66.38	0		32.591833
41	270	1	0	0	21	7	12	2	7	141.30	1		4.535025
53	352	3	0	0	6	12	11	5	4	195.71	0		44.920238
53	353	3	0	0	0	13	11	5	4	195.71	0		44.920238
53	354	3	0	0	5	16	11	5	4	195.71	0		44.920238
53	355	3	0	0	0	17	11	5	4	195.71	0		44.920238
53	350	2	0	0	13	8	9	2	5	66.38	0		32.591833
53	351	2	0	0	15	10	9	2	5	66.38	0		32.591833
53	348	1	0	0	23	7	12	2	7	141.30	1		4.535025
53	349	1	0	0	17	10	12	2	7	141.30	1		4.535025
18	117	3	0	0	5	20	11	5	4	195.71	0		44.920238
18	118	3	0	0	0	21	11	5	4	195.71	0		44.920238
18	113	2	0	0	11	13	9	2	5	66.38	0		32.591833
18	114	2	0	0	13	13	9	2	5	66.38	0		32.591833
18	115	2	0	0	15	15	9	2	5	66.38	0		32.591833
18	116	2	0	0	11	18	9	2	5	66.38	0		32.591833
18	110	1	0	0	19	14	12	2	7	141.30	1		4.535025
18	111	1	0	0	21	14	12	2	7	141.30	1		4.535025
18	112	1	0	0	23	14	12	2	7	141.30	1		4.535025
28	176	3	0	0	5	24	11	5	4	195.71	0		44.920238
28	177	3	0	0	0	25	11	5	4	195.71	0		44.920238
28	178	3	0	11	0	0	11	5	4	195.71	0		44.920238
28	179	3	0	11	5	0	11	5	4	195.71	0		44.920238
28	180	3	0	11	10	0	11	5	4	195.71	0		44.920238
28	175	2	0	0	13	18	9	2	5	66.38	0		32.591833
28	174	1	0	0	17	17	12	2	7	141.30	1		4.535025
59	394	3	0	11	0	4	11	5	4	195.71	0		44.920238
59	391	2	0	0	15	20	9	2	5	66.38	0		32.591833
59	392	2	0	0	11	23	9	2	5	66.38	0		32.591833
59	393	2	0	0	13	23	9	2	5	66.38	0		32.591833
59	390	1	0	0	19	21	12	2	7	141.30	1		4.535025
1	4	2	0	0	15	25	9	2	5	66.38	0		32.591833
1	1	1	0	0	21	21	12	2	7	141.30	1		4.535025
1	2	1	0	0	23	21	12	2	7	141.30	1		4.535025
1	3	1	0	9	15	0	12	2	7	141.30	1		4.535025


-------------------------------------------------------------------------------------------------------------------
Tour_Id:			3
No_of_Customers:		5
No_of_Items:			39
Customer_Sequence:		46 17 25 39 47 

CustId	Id	TypeId	Rotated	x	y	z	Length	Width	Height	mass	Fragility	LoadBearingStrength
47	313	3	0	0	0	0	11	5	4	195.71	0		44.920238
47	314	3	0	0	5	0	11	5	4	195.71	0		44.920238
47	310	2	0	0	10	0	9	2	5	66.38	0		32.591833
47	311	2	0	0	12	0	9	2	5	66.38	0		32.591833
47	312	2	0	0	14	0	9	2	5	66.38	0		32.591833
47	306	1	0	0	16	0	12	2	7	141.30	1		4.535025
47	307	1	0	0	18	0	12	2	7	141.30	1		4.535025
47	308	1	0	0	20	0	12	2	7	141.30	1		4.535025
47	309	1	0	0	22	0	12	2	7	141.30	1		4.535025
39	263	3	0	0	0	4	11	5	4	195.71	0		44.920238
39	264	3	0	0	5	4	11	5	4	195.71	0		44.920238
39	265	3	0	0	10	5	11	5	4	195.71	0		44.920238
39	258	2	0	0	0	8	9	2	5	66.38	0		32.591833
39	259	2	0	0	2	8	9	2	5	66.38	0		32.591833
39	260	2	0	0	4	8	9	2	5	66.38	0		32.591833
39	261	2	0	0	6	8	9	2	5	66.38	0		32.591833
39	262	2	0	0	8	8	9	2	5	66.38	0		32.591833
25	160	3	0	0	10	9	11	5	4	195.71	0		44.920238
25	161	3	0	0	0	13	11	5	4	195.71	0		44.920238
25	158	2	0	0	5	13	9	2	5	66.38	0		32.591833
25	159	2	0	0	7	13	9	2	5	66.38	0		32.591833
25	154	1	0	0	16	7	12	2	7	141.30	1		4.535025
25	155	1	0	0	18	7	12	2	7	141.30	1		4.535025
25	156	1	0	0	20	7	12	2	7	141.30	1		4.535025
25	157	1	0	0	22	7	12	2	7	141.30	1		4.535025
17	109	3	0	0	9	13	11	5	4	195.71	0		44.920238
17	104	2	0	0	0	17	9	2	5	66.38	0		32.591833
17	105	2	0	0	2	17	9	2	5	66.38	0		32.591833
17	106	2	0	0	9	17	9	2	5	66.38	0		32.591833
17	107	2	0	0	11	17	9	2	5	66.38	0		32.591833
17	108	2	0	0	5	18	9	2	5	66.38	0		32.591833
17	101	1	0	0	16	14	12	2	7	141.30	1		4.535025
17	102	1	0	0	18	14	12	2	7	141.30	1		4.535025
17	103	1	0	0	20	14	12	2	7	141.30	1		4.535025
46	305	3	0	11	0	0	11	5	4	195.71	0		44.920238
46	303	2	0	0	7	18	9	2	5	66.38	0		32.591833
46	304	2	0	0	0	22	9	2	5	66.38	0		32.591833
46	301	1	0	0	22	14	12	2	7	141.30	1		4.535025
46	302	1	0	0	16	21	12	2	7	141.30	1		4.535025


-------------------------------------------------------------------------------------------------------------------
Tour_Id:			4
No_of_Customers:		8
No_of_Items:			56
Customer_Sequence:		14 50 9 30 20 29 43 54 

CustId	Id	TypeId	Rotated	x	y	z	Length	Width	Height	mass	Fragility	LoadBearingStrength
54	361	3	0	0	0	0	11	5	4	195.71	0		44.920238
54	362	3	0	0	5	0	11	5	4	195.71	0		44.920238
54	358	2	0	0	10	0	9	2	5	66.38	0		32.591833
54	359	2	0	0	12	0	9	2	5	66.38	0		32.591833
54	360	2	0	0	14	0	9	2	5	66.38	0		32.591833
54	356	1	0	0	16	0	12	2	7	141.30	1		4.535025
54	357	1	0	0	18	0	12	2	7	141.30	1		4.535025
43	286	3	0	0	20	0	11	5	4	195.71	0		44.920238
43	287	3	0	0	0	4	11	5	4	195.71	0		44.920238
43	284	2	0	0	5	4	9	2	5	66.38	0		32.591833
43	285	2	0	0	7	4	9	2	5	66.38	0		32.591833
43	282	1	0	0	20	4	12	2	7	141.30	1		4.535025
43	283	1	0	0	22	4	12	2	7	141.30	1		4.535025
29	185	3	0	0	10	5	11	5	4	195.71	0		44.920238
29	186	3	0	0	0	8	11	5	4	195.71	0		44.920238
29	187	3	1	0	5	9	11	5	4	195.71	0		44.920238
29	182	2	0	0	0	12	9	2	5	66.38	0		32.591833
29	183	2	0	0	2	12	9	2	5	66.38	0		32.591833
29	184	2	1	0	4	13	9	2	5	66.38	0		32.591833
29	181	1	0	0	16	7	12	2	7	141.30	1		4.535025
20	129	3	0	11	0	0	11	5	4	195.71	0		44.920238
20	127	2	0	0	0	17	9	2	5	66.38	0		32.591833
20	128	2	0	0	2	17	9	2	5	66.38	0		32.591833
20	125	1	0	0	18	7	12	2	7	141.30	1		4.535025
20	126	1	0	0	20	11	12	2	7	141.30	1		4.535025
30	194	3	0	11	5	0	11	5	4	195.71	0		44.920238
30	195	3	0	9	5	4	11	5	4	195.71	0		44.920238
30	196	3	0	9	5	8	11	5	4	195.71	0		44.920238
30	191	2	1	0	4	18	9	2	5	66.38	0		32.591833
30	192	2	0	0	0	22	9	2	5	66.38	0		32.591833
30	193	2	0	0	2	22	9	2	5	66.38	0		32.591833
30	188	1	0	0	22	11	12	2	7	141.30	1		4.535025
30	189	1	0	0	16	14	12	2	7	141.30	1		4.535025
30	190	1	0	0	18	14	12	2	7	141.30	1		4.535025
9	53	3	0	9	5	12	11	5	4	195.71	0		44.920238
9	54	3	0	9	5	16	11	5	4	195.71	0		44.920238
9	55	3	0	9	5	20	11	5	4	195.71	0		44.920238
9	51	2	1	0	4	23	9	2	5	66.38	0		32.591833
9	52	2	1	2	4	13	9	2	5	66.38	0		32.591833
9	48	1	0	0	20	18	12	2	7	141.30	1		4.535025
9	49	1	0	0	22	18	12	2	7	141.30	1		4.535025
9	50	1	0	0	16	21	12	2	7	141.30	1		4.535025
50	337	3	0	9	5	24	11	5	4	195.71	0		44.920238
50	335	2	0	11	10	0	9	2	5	66.38	0		32.591833
50	336	2	0	11	12	0	9	2	5	66.38	0		32.591833
50	329	1	0	0	18	21	12	2	7	141.30	1		4.535025
50	330	1	0	11	14	0	12	2	7	141.30	1		4.535025
50	331	1	0	11	0	4	12	2	7	141.30	1		4.535025
50	332	1	0	11	2	4	12	2	7	141.30	1		4.535025
50	333	1	0	11	10	5	12	2	7	141.30	1		4.535025
50	334	1	0	9	10	12	12	2	7	141.30	1		4.535025
14	86	2	0	11	12	5	9	2	5	66.38	0		32.591833
14	87	2	0	11	12	10	9	2	5	66.38	0		32.591833
14	88	2	0	11	12	15	9	2	5	66.38	0		32.591833
14	84	1	0	9	10	19	12	2	7	141.30	1		4.535025
14	85	1	0	11	14	7	12	2	7	141.30	1		4.535025


-------------------------------------------------------------------------------------------------------------------
Tour_Id:			5
No_of_Customers:		7
No_of_Items:			48
Customer_Sequence:		3 58 35 52 55 34 57 

CustId	Id	TypeId	Rotated	x	y	z	Length	Width	Height	mass	Fragility	LoadBearingStrength
57	380	3	0	0	0	0	11	5	4	195.71	0		44.920238
57	381	3	0	0	5	0	11	5	4	195.71	0		44.920238
57	378	2	0	0	10	0	9	2	5	66.38	0		32.591833
57	379	2	0	0	12	0	9	2	5	66.38	0		32.591833
57	377	1	0	0	14	0	12	2	7	141.30	1		4.535025
34	225	3	0	0	16	0	11	5	4	195.71	0		44.920238
34	226	3	0	0	0	4	11	5	4	195.71	0		44.920238
34	222	2	0	0	21	0	9	2	5	66.38	0		32.591833
34	223	2	0	0	23	0	9	2	5	66.38	0		32.591833
34	224	2	0	0	5	4	9	2	5	66.38	0		32.591833
34	219	1	0	0	7	4	12	2	7	141.30	1		4.535025
34	220	1	0	0	16	4	12	2	7	141.30	1		4.535025
34	221	1	0	0	18	4	12	2	7	141.30	1		4.535025
55	370	3	0	0	0	8	11	5	4	195.71	0		44.920238
55	368	2	0	0	10	5	9	2	5	66.38	0		32.591833
55	369	2	0	0	12	5	9	2	5	66.38	0		32.591833
55	363	1	0	0	21	5	12	2	7	141.30	1		4.535025
55	364	1	0	0	23	5	12	2	7	141.30	1		4.535025
55	365	1	0	0	14	7	12	2	7	141.30	1		4.535025
55	366	1	0	0	5	9	12	2	7	141.30	1		4.535025
55	367	1	0	0	10	10	12	2	7	141.30	1		4.535025
52	345	3	0	0	0	12	11	5	4	195.71	0		44.920238
52	346	3	0	0	0	16	11	5	4	195.71	0		44.920238
52	347	3	0	0	0	20	11	5	4	195.71	0		44.920238
52	342	2	0	0	12	10	9	2	5	66.38	0		32.591833
52	343	2	0	0	12	15	9	2	5	66.38	0		32.591833
52	344	2	0	0	12	20	9	2	5	66.38	0		32.591833
35	232	3	0	0	0	24	11	5	4	195.71	0		44.920238
35	233	3	0	11	0	0	11	5	4	195.71	0		44.920238
35	234	3	0	11	0	4	11	5	4	195.71	0		44.920238
35	230	2	0	0	12	25	9	2	5	66.38	0		32.591833
35	231	2	0	9	12	0	9	2	5	66.38	0		32.591833
35	227	1	0	0	7	11	12	2	7	141.30	1		4.535025
35	228	1	0	0	16	11	12	2	7	141.30	1		4.535025
35	229	1	0	0	18	11	12	2	7	141.30	1		4.535025
58	387	3	0	11	0	8	11	5	4	195.71	0		44.920238
58	388	3	0	11	0	12	11	5	4	195.71	0		44.920238
58	389	3	0	11	0	16	11	5	4	195.71	0		44.920238
58	385	2	0	9	12	5	9	2	5	66.38	0		32.591833
58	386	2	0	9	12	10	9	2	5	66.38	0		32.591833
58	382	1	0	0	21	12	12	2	7	141.30	1		4.535025
58	383	1	0	0	23	12	12	2	7	141.30	1		4.535025
58	384	1	0	0	14	14	12	2	7	141.30	1		4.535025
3	10	2	0	9	12	15	9	2	5	66.38	0		32.591833
3	11	2	0	9	12	20	9	2	5	66.38	0		32.591833
3	12	2	0	9	12	25	9	2	5	66.38	0		32.591833
3	13	2	0	11	0	20	9	2	5	66.38	0		32.591833
3	9	1	0	0	5	16	12	2	7	141.30	1		4.535025


-------------------------------------------------------------------------------------------------------------------
Tour_Id:			6
No_of_Customers:		6
No_of_Items:			33
Customer_Sequence:		49 6 2 15 56 51 

CustId	Id	TypeId	Rotated	x	y	z	Length	Width	Height	mass	Fragility	LoadBearingStrength
51	341	2	0	0	0	0	9	2	5	66.38	0		32.591833
51	338	1	0	0	2	0	12	2	7	141.30	1		4.535025
51	339	1	0	0	4	0	12	2	7	141.30	1		4.535025
51	340	1	0	0	6	0	12	2	7	141.30	1		4.535025
56	374	3	0	0	8	0	11	5	4	195.71	0		44.920238
56	375	3	0	0	13	0	11	5	4	195.71	0		44.920238
56	376	3	0	0	18	0	11	5	4	195.71	0		44.920238
56	372	2	0	0	23	0	9	2	5	66.38	0		32.591833
56	373	2	0	0	8	4	9	2	5	66.38	0		32.591833
56	371	1	0	0	10	4	12	2	7	141.30	1		4.535025
15	93	3	0	0	12	4	11	5	4	195.71	0		44.920238
15	94	3	0	0	17	4	11	5	4	195.71	0		44.920238
15	95	3	0	0	12	8	11	5	4	195.71	0		44.920238
15	91	2	0	0	0	5	9	2	5	66.38	0		32.591833
15	92	2	0	0	23	5	9	2	5	66.38	0		32.591833
15	89	1	0	0	2	7	12	2	7	141.30	1		4.535025
15	90	1	0	0	4	7	12	2	7	141.30	1		4.535025
2	8	3	0	0	17	8	11	5	4	195.71	0		44.920238
2	7	2	0	0	8	9	9	2	5	66.38	0		32.591833
2	5	1	0	0	6	7	12	2	7	141.30	1		4.535025
2	6	1	0	0	0	10	12	2	7	141.30	1		4.535025
6	28	3	0	0	12	12	11	5	4	195.71	0		44.920238
6	29	3	0	0	17	12	11	5	4	195.71	0		44.920238
6	30	3	0	0	12	16	11	5	4	195.71	0		44.920238
6	27	2	0	0	23	10	9	2	5	66.38	0		32.591833
6	26	1	0	0	10	11	12	2	7	141.30	1		4.535025
49	327	3	0	0	17	16	11	5	4	195.71	0		44.920238
49	328	3	0	0	12	20	11	5	4	195.71	0		44.920238
49	324	2	0	0	8	14	9	2	5	66.38	0		32.591833
49	325	2	0	0	23	15	9	2	5	66.38	0		32.591833
49	326	2	0	0	8	19	9	2	5	66.38	0		32.591833
49	322	1	0	0	2	14	12	2	7	141.30	1		4.535025
49	323	1	0	0	4	14	12	2	7	141.30	1		4.535025


-------------------------------------------------------------------------------------------------------------------
Tour_Id:			7
No_of_Customers:		6
No_of_Items:			45
Customer_Sequence:		16 42 13 37 10 33 

CustId	Id	TypeId	Rotated	x	y	z	Length	Width	Height	mass	Fragility	LoadBearingStrength
33	215	3	0	0	0	0	11	5	4	195.71	0		44.920238
33	216	3	0	0	5	0	11	5	4	195.71	0		44.920238
33	217	3	0	0	10	0	11	5	4	195.71	0		44.920238
33	218	3	0	0	15	0	11	5	4	195.71	0		44.920238
33	214	2	0	0	20	0	9	2	5	66.38	0		32.591833
33	212	1	0	0	22	0	12	2	7	141.30	1		4.535025
33	213	1	0	0	0	4	12	2	7	141.30	1		4.535025
10	61	3	0	0	2	4	11	5	4	195.71	0		44.920238
10	62	3	0	0	7	4	11	5	4	195.71	0		44.920238
10	63	3	0	0	12	4	11	5	4	195.71	0		44.920238
10	64	3	0	0	2	8	11	5	4	195.71	0		44.920238
10	56	1	0	0	17	4	12	2	7	141.30	1		4.535025
10	57	1	0	0	20	5	12	2	7	141.30	1		4.535025
10	58	1	0	0	22	7	12	2	7	141.30	1		4.535025
10	59	1	0	0	7	8	12	2	7	141.30	1		4.535025
10	60	1	0	0	9	8	12	2	7	141.30	1		4.535025
37	251	3	0	0	11	8	11	5	4	195.71	0		44.920238
37	252	3	0	0	2	12	11	5	4	195.71	0		44.920238
37	247	2	0	0	11	12	9	2	5	66.38	0		32.591833
37	248	2	0	0	13	12	9	2	5	66.38	0		32.591833
37	249	2	0	0	2	16	9	2	5	66.38	0		32.591833
37	250	2	0	0	4	16	9	2	5	66.38	0		32.591833
37	244	1	0	0	0	11	12	2	7	141.30	1		4.535025
37	245	1	0	0	17	11	12	2	7	141.30	1		4.535025
37	246	1	0	0	20	12	12	2	7	141.30	1		4.535025
13	82	3	0	11	2	0	11	5	4	195.71	0		44.920238
13	83	3	0	11	2	4	11	5	4	195.71	0		44.920238
13	81	2	0	0	11	17	9	2	5	66.38	0		32.591833
13	78	1	0	0	22	14	12	2	7	141.30	1		4.535025
13	79	1	0	0	7	15	12	2	7	141.30	1		4.535025
13	80	1	0	0	9	15	12	2	7	141.30	1		4.535025
42	280	3	0	11	11	0	11	5	4	195.71	0		44.920238
42	281	3	0	11	11	4	11	5	4	195.71	0		44.920238
42	275	2	0	0	13	17	9	2	5	66.38	0		32.591833
42	276	2	0	0	2	21	9	2	5	66.38	0		32.591833
42	277	2	0	0	4	21	9	2	5	66.38	0		32.591833
42	278	2	0	0	11	22	9	2	5	66.38	0		32.591833
42	279	2	0	0	13	22	9	2	5	66.38	0		32.591833
42	273	1	0	0	0	18	12	2	7	141.30	1		4.535025
42	274	1	0	0	17	18	12	2	7	141.30	1		4.535025
16	100	3	0	11	2	8	11	5	4	195.71	0		44.920238
16	99	2	0	11	11	8	9	2	5	66.38	0		32.591833
16	96	1	0	0	20	19	12	2	7	141.30	1		4.535025
16	97	1	0	0	22	21	12	2	7	141.30	1		4.535025
16	98	1	0	0	7	22	12	2	7	141.30	1		4.535025


-------------------------------------------------------------------------------------------------------------------
Tour_Id:			8
No_of_Customers:		6
No_of_Items:			39
Customer_Sequence:		19 4 31 7 40 36 

CustId	Id	TypeId	Rotated	x	y	z	Length	Width	Height	mass	Fragility	LoadBearingStrength
36	240	3	0	0	0	0	11	5	4	195.71	0		44.920238
36	241	3	0	0	5	0	11	5	4	195.71	0		44.920238
36	242	3	0	0	10	0	11	5	4	195.71	0		44.920238
36	243	3	0	0	15	0	11	5	4	195.71	0		44.920238
36	238	2	0	0	20	0	9	2	5	66.38	0		32.591833
36	239	2	0	0	22	0	9	2	5	66.38	0		32.591833
36	235	1	0	0	0	4	12	2	7	141.30	1		4.535025
36	236	1	0	0	2	4	12	2	7	141.30	1		4.535025
36	237	1	0	0	4	4	12	2	7	141.30	1		4.535025
40	268	3	0	0	6	4	11	5	4	195.71	0		44.920238
40	269	3	0	0	11	4	11	5	4	195.71	0		44.920238
40	267	2	0	0	16	4	9	2	5	66.38	0		32.591833
40	266	1	0	0	18	4	12	2	7	141.30	1		4.535025
7	36	3	0	0	6	8	11	5	4	195.71	0		44.920238
7	37	3	0	0	11	8	11	5	4	195.71	0		44.920238
7	38	3	0	0	6	12	11	5	4	195.71	0		44.920238
7	32	2	0	0	20	5	9	2	5	66.38	0		32.591833
7	33	2	0	0	22	5	9	2	5	66.38	0		32.591833
7	34	2	0	0	16	9	9	2	5	66.38	0		32.591833
7	35	2	0	0	20	10	9	2	5	66.38	0		32.591833
7	31	1	0	0	22	10	12	2	7	141.30	1		4.535025
31	201	3	0	0	11	12	11	5	4	195.71	0		44.920238
31	202	3	0	0	6	16	11	5	4	195.71	0		44.920238
31	198	2	0	0	16	14	9	2	5	66.38	0		32.591833
31	199	2	0	0	20	15	9	2	5	66.38	0		32.591833
31	200	2	0	0	11	16	9	2	5	66.38	0		32.591833
31	197	1	0	0	0	11	12	2	7	141.30	1		4.535025
4	19	3	0	0	6	20	11	5	4	195.71	0		44.920238
4	18	2	0	0	13	16	9	2	5	66.38	0		32.591833
4	14	1	0	0	2	11	12	2	7	141.30	1		4.535025
4	15	1	0	0	4	11	12	2	7	141.30	1		4.535025
4	16	1	0	0	18	11	12	2	7	141.30	1		4.535025
4	17	1	0	0	22	17	12	2	7	141.30	1		4.535025
19	123	3	0	0	6	24	11	5	4	195.71	0		44.920238
19	124	3	0	11	6	0	11	5	4	195.71	0		44.920238
19	120	2	0	0	16	19	9	2	5	66.38	0		32.591833
19	121	2	0	0	20	20	9	2	5	66.38	0		32.591833
19	122	2	0	0	11	21	9	2	5	66.38	0		32.591833
19	119	1	0	0	0	18	12	2	7	141.30	1		4.535025


-------------------------------------------------------------------------------------------------------------------
Tour_Id:			9
No_of_Customers:		6
No_of_Items:			34
Customer_Sequence:		60 12 45 23 11 26 

CustId	Id	TypeId	Rotated	x	y	z	Length	Width	Height	mass	Fragility	LoadBearingStrength
26	167	3	0	0	0	0	11	5	4	195.71	0		44.920238
26	164	2	0	0	5	0	9	2	5	66.38	0		32.591833
26	165	2	0	0	7	0	9	2	5	66.38	0		32.591833
26	166	2	0	0	9	0	9	2	5	66.38	0		32.591833
26	162	1	0	0	11	0	12	2	7	141.30	1		4.535025
26	163	1	0	0	13	0	12	2	7	141.30	1		4.535025
11	69	3	0	0	15	0	11	5	4	195.71	0		44.920238
11	70	3	0	0	20	0	11	5	4	195.71	0		44.920238
11	65	2	0	0	0	4	9	2	5	66.38	0		32.591833
11	66	2	0	0	2	4	9	2	5	66.38	0		32.591833
11	67	2	0	0	15	4	9	2	5	66.38	0		32.591833
11	68	2	0	0	17	4	9	2	5	66.38	0		32.591833
23	143	3	0	0	19	4	11	5	4	195.71	0		44.920238
23	144	3	0	0	5	5	11	5	4	195.71	0		44.920238
23	145	3	0	0	19	8	11	5	4	195.71	0		44.920238
23	146	3	1	0	0	9	11	5	4	195.71	0		44.920238
23	142	2	0	0	15	9	9	2	5	66.38	0		32.591833
45	300	3	0	0	19	12	11	5	4	195.71	0		44.920238
45	297	1	0	0	11	7	12	2	7	141.30	1		4.535025
45	298	1	0	0	13	7	12	2	7	141.30	1		4.535025
45	299	1	0	0	17	9	12	2	7	141.30	1		4.535025
12	76	3	1	0	0	13	11	5	4	195.71	0		44.920238
12	77	3	0	0	19	16	11	5	4	195.71	0		44.920238
12	74	2	0	0	15	14	9	2	5	66.38	0		32.591833
12	75	2	1	0	0	17	9	2	5	66.38	0		32.591833
12	71	1	0	0	11	14	12	2	7	141.30	1		4.535025
12	72	1	0	0	13	14	12	2	7	141.30	1		4.535025
12	73	1	0	0	17	16	12	2	7	141.30	1		4.535025
60	398	3	0	0	19	20	11	5	4	195.71	0		44.920238
60	399	3	0	0	19	24	11	5	4	195.71	0		44.920238
60	400	3	0	11	0	0	11	5	4	195.71	0		44.920238
60	396	2	0	0	15	19	9	2	5	66.38	0		32.591833
60	397	2	1	0	0	22	9	2	5	66.38	0		32.591833
60	395	1	0	0	11	21	12	2	7	141.30	1		4.535025


-------------------------------------------------------------------------------------------------------------------
Tour_Id:			10
No_of_Customers:		1
No_of_Items:			0
Customer_Sequence:		32 

