Name:				379_n060_m400_bt3
Problem:			3L-VRPTW
Number_of_used_Vehicles:	8
Total_Travel_Distance:		880.04
Calculation_Time:		781.19
Total_Iterations:		12744
ConstraintSet:			P1

-------------------------------------------------------------------------------------------------------------------
Tour_Id:			1
No_of_Customers:		9
No_of_Items:			63
Customer_Sequence:		15 60 16 34 30 49 20 1 22 

CustId	Id	TypeId	Rotated	x	y	z	Length	Width	Height	mass	Fragility	LoadBearingStrength
22	142	2	0	0	0	0	12	5	6	179.06	0		14.721543
22	143	2	0	0	5	0	12	5	6	179.06	0		14.721543
22	144	2	0	0	10	0	12	5	6	179.06	0		14.721543
22	145	3	0	0	15	0	7	4	7	99.95	0		74.213914
22	146	3	0	0	19	0	7	4	7	99.95	0		74.213914
22	139	1	0	0	0	6	9	5	4	124.26	1		3.075586
22	140	1	0	0	5	6	9	5	4	124.26	1		3.075586
22	141	1	0	0	10	6	9	5	4	124.26	1		3.075586
1	4	2	0	7	15	0	12	5	6	179.06	0		14.721543
1	5	2	0	7	20	0	12	5	6	179.06	0		14.721543
1	6	2	0	7	15	6	12	5	6	179.06	0		14.721543
1	7	3	0	0	15	7	7	4	7	99.95	0		74.213914
1	1	1	0	0	0	10	9	5	4	124.26	1		3.075586
1	2	1	0	0	5	10	9	5	4	124.26	1		3.075586
1	3	1	0	0	10	10	9	5	4	124.26	1		3.075586
20	132	2	0	7	20	6	12	5	6	179.06	0		14.721543
20	133	3	0	0	15	14	7	4	7	99.95	0		74.213914
20	134	3	0	0	15	21	7	4	7	99.95	0		74.213914
20	135	3	0	7	15	12	7	4	7	99.95	0		74.213914
20	131	1	0	0	0	14	9	5	4	124.26	1		3.075586
49	332	2	0	7	19	12	12	5	6	179.06	0		14.721543
49	333	2	0	7	19	18	12	5	6	179.06	0		14.721543
49	334	2	0	7	19	24	12	5	6	179.06	0		14.721543
49	335	3	0	7	15	19	7	4	7	99.95	0		74.213914
49	329	1	0	0	5	14	9	5	4	124.26	1		3.075586
49	330	1	0	0	10	14	9	5	4	124.26	1		3.075586
49	331	1	0	0	0	18	9	5	4	124.26	1		3.075586
30	195	2	0	12	0	0	12	5	6	179.06	0		14.721543
30	196	2	0	9	0	6	12	5	6	179.06	0		14.721543
30	197	2	0	9	0	12	12	5	6	179.06	0		14.721543
30	198	2	0	9	0	18	12	5	6	179.06	0		14.721543
30	199	2	0	9	0	24	12	5	6	179.06	0		14.721543
30	200	3	1	9	5	6	7	4	7	99.95	0		74.213914
30	201	3	1	9	5	13	7	4	7	99.95	0		74.213914
30	193	1	0	0	5	18	9	5	4	124.26	1		3.075586
30	194	1	0	0	10	18	9	5	4	124.26	1		3.075586
34	222	2	0	13	5	0	12	5	6	179.06	0		14.721543
34	223	3	1	9	5	20	7	4	7	99.95	0		74.213914
34	224	3	0	13	10	0	7	4	7	99.95	0		74.213914
34	225	3	0	13	5	6	7	4	7	99.95	0		74.213914
34	226	3	0	13	9	7	7	4	7	99.95	0		74.213914
34	219	1	0	0	5	22	9	5	4	124.26	1		3.075586
34	220	1	0	0	10	22	9	5	4	124.26	1		3.075586
34	221	1	0	0	5	26	9	5	4	124.26	1		3.075586
16	110	2	0	19	14	0	12	5	6	179.06	0		14.721543
16	111	2	0	19	19	0	12	5	6	179.06	0		14.721543
16	112	2	0	19	14	6	12	5	6	179.06	0		14.721543
16	113	2	0	19	19	6	12	5	6	179.06	0		14.721543
16	114	3	0	13	5	13	7	4	7	99.95	0		74.213914
16	115	3	0	13	9	14	7	4	7	99.95	0		74.213914
16	108	1	0	14	14	12	9	5	4	124.26	1		3.075586
16	109	1	0	14	13	16	9	5	4	124.26	1		3.075586
60	397	2	0	19	19	12	12	5	6	179.06	0		14.721543
60	398	2	0	19	18	18	12	5	6	179.06	0		14.721543
60	399	2	0	19	19	24	12	5	6	179.06	0		14.721543
60	400	3	0	13	5	20	7	4	7	99.95	0		74.213914
60	396	1	0	14	13	20	9	5	4	124.26	1		3.075586
15	103	2	0	24	0	0	12	5	6	179.06	0		14.721543
15	104	3	0	13	9	21	7	4	7	99.95	0		74.213914
15	105	3	0	21	0	6	7	4	7	99.95	0		74.213914
15	106	3	1	21	4	6	7	4	7	99.95	0		74.213914
15	107	3	0	21	0	13	7	4	7	99.95	0		74.213914
15	102	1	0	14	13	24	9	5	4	124.26	1		3.075586


-------------------------------------------------------------------------------------------------------------------
Tour_Id:			2
No_of_Customers:		9
No_of_Items:			64
Customer_Sequence:		41 26 47 6 59 12 43 19 56 

CustId	Id	TypeId	Rotated	x	y	z	Length	Width	Height	mass	Fragility	LoadBearingStrength
56	372	2	0	0	0	0	12	5	6	179.06	0		14.721543
56	373	2	0	0	5	0	12	5	6	179.06	0		14.721543
56	374	2	0	0	10	0	12	5	6	179.06	0		14.721543
56	375	3	0	0	15	0	7	4	7	99.95	0		74.213914
56	370	1	0	0	19	0	9	5	4	124.26	1		3.075586
56	371	1	0	0	0	6	9	5	4	124.26	1		3.075586
19	130	2	0	0	5	6	12	5	6	179.06	0		14.721543
19	127	1	0	0	19	4	9	5	4	124.26	1		3.075586
19	128	1	0	0	10	6	9	5	4	124.26	1		3.075586
19	129	1	0	0	19	8	9	5	4	124.26	1		3.075586
43	286	2	0	0	5	12	12	5	6	179.06	0		14.721543
43	287	2	0	0	5	18	12	5	6	179.06	0		14.721543
43	288	3	0	0	15	7	7	4	7	99.95	0		74.213914
43	289	3	0	0	15	14	7	4	7	99.95	0		74.213914
43	290	3	0	0	15	21	7	4	7	99.95	0		74.213914
43	284	1	0	0	0	10	9	5	4	124.26	1		3.075586
43	285	1	0	0	10	10	9	5	4	124.26	1		3.075586
12	80	2	0	0	5	24	12	5	6	179.06	0		14.721543
12	81	2	0	9	15	0	12	5	6	179.06	0		14.721543
12	82	3	0	9	20	0	7	4	7	99.95	0		74.213914
12	83	3	1	9	10	6	7	4	7	99.95	0		74.213914
12	84	3	0	9	20	7	7	4	7	99.95	0		74.213914
12	85	3	1	9	10	13	7	4	7	99.95	0		74.213914
12	86	3	0	9	20	14	7	4	7	99.95	0		74.213914
12	78	1	0	0	19	12	9	5	4	124.26	1		3.075586
12	79	1	0	0	0	14	9	5	4	124.26	1		3.075586
59	390	2	0	12	0	0	12	5	6	179.06	0		14.721543
59	391	2	0	9	0	6	12	5	6	179.06	0		14.721543
59	392	2	0	9	0	12	12	5	6	179.06	0		14.721543
59	393	2	0	9	0	18	12	5	6	179.06	0		14.721543
59	394	3	1	9	10	20	7	4	7	99.95	0		74.213914
59	395	3	0	9	20	21	7	4	7	99.95	0		74.213914
59	387	1	0	0	0	18	9	5	4	124.26	1		3.075586
59	388	1	0	0	0	22	9	5	4	124.26	1		3.075586
59	389	1	0	0	0	26	9	5	4	124.26	1		3.075586
6	38	2	0	9	0	24	12	5	6	179.06	0		14.721543
6	39	2	0	12	5	0	12	5	6	179.06	0		14.721543
6	40	3	0	12	5	6	7	4	7	99.95	0		74.213914
6	41	3	0	12	5	13	7	4	7	99.95	0		74.213914
6	35	1	0	13	10	0	9	5	4	124.26	1		3.075586
6	36	1	0	13	10	4	9	5	4	124.26	1		3.075586
6	37	1	0	13	9	8	9	5	4	124.26	1		3.075586
47	313	2	0	16	20	0	12	5	6	179.06	0		14.721543
47	314	2	0	16	20	6	12	5	6	179.06	0		14.721543
47	315	2	0	16	20	12	12	5	6	179.06	0		14.721543
47	316	3	0	12	5	20	7	4	7	99.95	0		74.213914
47	317	3	0	16	20	18	7	4	7	99.95	0		74.213914
47	318	3	0	21	15	0	7	4	7	99.95	0		74.213914
47	319	3	1	21	0	6	7	4	7	99.95	0		74.213914
47	312	1	0	13	9	12	9	5	4	124.26	1		3.075586
26	167	2	0	22	10	0	12	5	6	179.06	0		14.721543
26	168	2	0	22	10	6	12	5	6	179.06	0		14.721543
26	169	3	0	21	15	7	7	4	7	99.95	0		74.213914
26	165	1	0	13	9	16	9	5	4	124.26	1		3.075586
26	166	1	0	13	9	20	9	5	4	124.26	1		3.075586
41	270	2	0	22	9	12	12	5	6	179.06	0		14.721543
41	271	2	0	22	9	18	12	5	6	179.06	0		14.721543
41	272	2	0	22	9	24	12	5	6	179.06	0		14.721543
41	273	3	1	21	0	13	7	4	7	99.95	0		74.213914
41	274	3	0	21	15	14	7	4	7	99.95	0		74.213914
41	275	3	1	21	0	20	7	4	7	99.95	0		74.213914
41	267	1	0	13	9	24	9	5	4	124.26	1		3.075586
41	268	1	0	25	0	0	9	5	4	124.26	1		3.075586
41	269	1	0	25	5	0	9	5	4	124.26	1		3.075586


-------------------------------------------------------------------------------------------------------------------
Tour_Id:			3
No_of_Customers:		7
No_of_Items:			43
Customer_Sequence:		53 38 33 50 7 44 21 

CustId	Id	TypeId	Rotated	x	y	z	Length	Width	Height	mass	Fragility	LoadBearingStrength
21	138	2	0	0	0	0	12	5	6	179.06	0		14.721543
21	136	1	0	0	5	0	9	5	4	124.26	1		3.075586
21	137	1	0	0	10	0	9	5	4	124.26	1		3.075586
44	292	2	0	0	15	0	12	5	6	179.06	0		14.721543
44	293	3	0	0	20	0	7	4	7	99.95	0		74.213914
44	294	3	0	0	0	6	7	4	7	99.95	0		74.213914
44	295	3	0	0	15	6	7	4	7	99.95	0		74.213914
44	296	3	0	0	19	7	7	4	7	99.95	0		74.213914
44	297	3	0	0	0	13	7	4	7	99.95	0		74.213914
44	298	3	0	0	15	13	7	4	7	99.95	0		74.213914
44	291	1	0	0	5	4	9	5	4	124.26	1		3.075586
7	44	2	0	7	20	0	12	5	6	179.06	0		14.721543
7	45	2	0	7	20	6	12	5	6	179.06	0		14.721543
7	46	2	0	7	20	12	12	5	6	179.06	0		14.721543
7	47	3	0	0	19	14	7	4	7	99.95	0		74.213914
7	48	3	0	0	0	20	7	4	7	99.95	0		74.213914
7	42	1	0	0	10	4	9	5	4	124.26	1		3.075586
7	43	1	0	0	4	8	9	5	4	124.26	1		3.075586
50	336	2	0	7	20	18	12	5	6	179.06	0		14.721543
50	337	3	0	0	15	20	7	4	7	99.95	0		74.213914
50	338	3	0	0	19	21	7	4	7	99.95	0		74.213914
33	217	2	0	7	20	24	12	5	6	179.06	0		14.721543
33	218	2	0	9	5	0	12	5	6	179.06	0		14.721543
33	214	1	0	0	9	8	9	5	4	124.26	1		3.075586
33	215	1	0	0	4	12	9	5	4	124.26	1		3.075586
33	216	1	0	0	9	12	9	5	4	124.26	1		3.075586
38	249	2	0	9	10	0	12	5	6	179.06	0		14.721543
38	250	2	0	9	5	6	12	5	6	179.06	0		14.721543
38	251	2	0	9	10	6	12	5	6	179.06	0		14.721543
38	252	3	0	9	4	12	7	4	7	99.95	0		74.213914
38	253	3	0	9	8	12	7	4	7	99.95	0		74.213914
38	246	1	0	0	4	16	9	5	4	124.26	1		3.075586
38	247	1	0	0	9	16	9	5	4	124.26	1		3.075586
38	248	1	0	0	4	20	9	5	4	124.26	1		3.075586
53	358	2	0	12	15	0	12	5	6	179.06	0		14.721543
53	359	2	0	7	15	6	12	5	6	179.06	0		14.721543
53	351	1	0	0	9	20	9	5	4	124.26	1		3.075586
53	352	1	0	0	4	24	9	5	4	124.26	1		3.075586
53	353	1	0	0	9	24	9	5	4	124.26	1		3.075586
53	354	1	0	7	14	12	9	5	4	124.26	1		3.075586
53	355	1	0	7	14	16	9	5	4	124.26	1		3.075586
53	356	1	0	7	14	20	9	5	4	124.26	1		3.075586
53	357	1	0	7	14	24	9	5	4	124.26	1		3.075586


-------------------------------------------------------------------------------------------------------------------
Tour_Id:			4
No_of_Customers:		7
No_of_Items:			45
Customer_Sequence:		24 14 13 9 35 17 18 

CustId	Id	TypeId	Rotated	x	y	z	Length	Width	Height	mass	Fragility	LoadBearingStrength
18	123	3	0	0	0	0	7	4	7	99.95	0		74.213914
18	124	3	0	0	4	0	7	4	7	99.95	0		74.213914
18	125	3	0	0	8	0	7	4	7	99.95	0		74.213914
18	126	3	0	0	12	0	7	4	7	99.95	0		74.213914
18	122	1	0	0	16	0	9	5	4	124.26	1		3.075586
17	118	2	1	0	0	7	12	5	6	179.06	0		14.721543
17	119	2	1	0	0	13	12	5	6	179.06	0		14.721543
17	120	3	0	0	21	0	7	4	7	99.95	0		74.213914
17	121	3	0	0	12	7	7	4	7	99.95	0		74.213914
17	116	1	0	0	16	4	9	5	4	124.26	1		3.075586
17	117	1	0	0	16	8	9	5	4	124.26	1		3.075586
35	228	2	1	0	0	19	12	5	6	179.06	0		14.721543
35	229	2	0	7	0	0	12	5	6	179.06	0		14.721543
35	230	2	0	7	5	0	12	5	6	179.06	0		14.721543
35	231	2	0	7	10	0	12	5	6	179.06	0		14.721543
35	227	1	0	0	16	12	9	5	4	124.26	1		3.075586
9	62	2	0	7	0	6	12	5	6	179.06	0		14.721543
9	63	2	0	5	0	12	12	5	6	179.06	0		14.721543
9	64	3	0	0	21	7	7	4	7	99.95	0		74.213914
9	58	1	0	0	16	16	9	5	4	124.26	1		3.075586
9	59	1	0	0	16	20	9	5	4	124.26	1		3.075586
9	60	1	0	0	16	24	9	5	4	124.26	1		3.075586
9	61	1	1	0	0	25	9	5	4	124.26	1		3.075586
13	89	2	0	5	0	18	12	5	6	179.06	0		14.721543
13	90	2	0	5	0	24	12	5	6	179.06	0		14.721543
13	91	3	0	0	12	14	7	4	7	99.95	0		74.213914
13	92	3	0	0	21	14	7	4	7	99.95	0		74.213914
13	93	3	0	0	12	21	7	4	7	99.95	0		74.213914
13	87	1	0	7	5	6	9	5	4	124.26	1		3.075586
13	88	1	0	5	5	10	9	5	4	124.26	1		3.075586
14	99	2	0	7	10	6	12	5	6	179.06	0		14.721543
14	100	2	0	7	10	12	12	5	6	179.06	0		14.721543
14	101	3	0	0	21	21	7	4	7	99.95	0		74.213914
14	94	1	0	5	5	14	9	5	4	124.26	1		3.075586
14	95	1	0	5	5	18	9	5	4	124.26	1		3.075586
14	96	1	0	5	5	22	9	5	4	124.26	1		3.075586
14	97	1	0	5	5	26	9	5	4	124.26	1		3.075586
14	98	1	0	7	10	18	9	5	4	124.26	1		3.075586
24	157	2	0	9	15	0	12	5	6	179.06	0		14.721543
24	158	3	0	7	21	0	7	4	7	99.95	0		74.213914
24	159	3	0	7	21	7	7	4	7	99.95	0		74.213914
24	153	1	0	7	10	22	9	5	4	124.26	1		3.075586
24	154	1	0	7	10	26	9	5	4	124.26	1		3.075586
24	155	1	0	9	15	6	9	5	4	124.26	1		3.075586
24	156	1	0	9	15	10	9	5	4	124.26	1		3.075586


-------------------------------------------------------------------------------------------------------------------
Tour_Id:			5
No_of_Customers:		7
No_of_Items:			48
Customer_Sequence:		51 8 58 42 40 31 3 

CustId	Id	TypeId	Rotated	x	y	z	Length	Width	Height	mass	Fragility	LoadBearingStrength
3	17	2	0	0	0	0	12	5	6	179.06	0		14.721543
3	18	3	0	0	5	0	7	4	7	99.95	0		74.213914
3	19	3	0	0	9	0	7	4	7	99.95	0		74.213914
3	20	3	0	0	13	0	7	4	7	99.95	0		74.213914
3	14	1	0	0	17	0	9	5	4	124.26	1		3.075586
3	15	1	0	0	0	6	9	5	4	124.26	1		3.075586
3	16	1	0	0	17	4	9	5	4	124.26	1		3.075586
31	206	2	1	0	5	7	12	5	6	179.06	0		14.721543
31	207	3	1	0	5	13	7	4	7	99.95	0		74.213914
31	202	1	0	0	17	8	9	5	4	124.26	1		3.075586
31	203	1	0	0	0	10	9	5	4	124.26	1		3.075586
31	204	1	0	0	17	12	9	5	4	124.26	1		3.075586
31	205	1	0	0	0	14	9	5	4	124.26	1		3.075586
40	264	2	0	7	5	0	12	5	6	179.06	0		14.721543
40	265	2	0	7	10	0	12	5	6	179.06	0		14.721543
40	266	3	1	0	5	20	7	4	7	99.95	0		74.213914
40	261	1	0	0	17	16	9	5	4	124.26	1		3.075586
40	262	1	0	0	0	18	9	5	4	124.26	1		3.075586
40	263	1	0	0	17	20	9	5	4	124.26	1		3.075586
42	280	2	0	7	5	6	12	5	6	179.06	0		14.721543
42	281	2	0	7	10	6	12	5	6	179.06	0		14.721543
42	282	3	0	7	5	12	7	4	7	99.95	0		74.213914
42	283	3	0	7	9	12	7	4	7	99.95	0		74.213914
42	276	1	0	0	0	22	9	5	4	124.26	1		3.075586
42	277	1	0	0	17	24	9	5	4	124.26	1		3.075586
42	278	1	0	0	0	26	9	5	4	124.26	1		3.075586
42	279	1	0	7	5	19	9	5	4	124.26	1		3.075586
58	383	3	0	7	10	19	7	4	7	99.95	0		74.213914
58	384	3	0	9	15	0	7	4	7	99.95	0		74.213914
58	385	3	0	9	19	0	7	4	7	99.95	0		74.213914
58	386	3	0	9	15	7	7	4	7	99.95	0		74.213914
58	380	1	0	7	5	23	9	5	4	124.26	1		3.075586
58	381	1	0	12	0	0	9	5	4	124.26	1		3.075586
58	382	1	0	12	0	4	9	5	4	124.26	1		3.075586
8	50	2	0	16	15	0	12	5	6	179.06	0		14.721543
8	51	2	0	16	20	0	12	5	6	179.06	0		14.721543
8	52	2	0	16	15	6	12	5	6	179.06	0		14.721543
8	53	3	0	9	19	7	7	4	7	99.95	0		74.213914
8	54	3	0	9	14	14	7	4	7	99.95	0		74.213914
8	55	3	0	9	18	14	7	4	7	99.95	0		74.213914
8	56	3	0	9	14	21	7	4	7	99.95	0		74.213914
8	57	3	0	9	18	21	7	4	7	99.95	0		74.213914
8	49	1	0	12	0	8	9	5	4	124.26	1		3.075586
51	340	2	0	16	20	6	12	5	6	179.06	0		14.721543
51	341	2	0	16	15	12	12	5	6	179.06	0		14.721543
51	342	3	0	16	20	12	7	4	7	99.95	0		74.213914
51	343	3	0	16	15	18	7	4	7	99.95	0		74.213914
51	339	1	0	12	0	12	9	5	4	124.26	1		3.075586


-------------------------------------------------------------------------------------------------------------------
Tour_Id:			6
No_of_Customers:		10
No_of_Items:			66
Customer_Sequence:		45 39 55 4 25 10 27 48 23 32 

CustId	Id	TypeId	Rotated	x	y	z	Length	Width	Height	mass	Fragility	LoadBearingStrength
32	209	2	0	0	0	0	12	5	6	179.06	0		14.721543
32	210	2	0	0	5	0	12	5	6	179.06	0		14.721543
32	211	3	0	0	10	0	7	4	7	99.95	0		74.213914
32	212	3	0	0	14	0	7	4	7	99.95	0		74.213914
32	213	3	0	0	18	0	7	4	7	99.95	0		74.213914
32	208	1	0	0	0	6	9	5	4	124.26	1		3.075586
23	150	2	0	0	5	6	12	5	6	179.06	0		14.721543
23	151	2	1	0	10	7	12	5	6	179.06	0		14.721543
23	152	2	0	0	5	12	12	5	6	179.06	0		14.721543
23	147	1	0	0	0	10	9	5	4	124.26	1		3.075586
23	148	1	1	0	10	13	9	5	4	124.26	1		3.075586
23	149	1	0	0	0	14	9	5	4	124.26	1		3.075586
48	322	2	0	0	5	18	12	5	6	179.06	0		14.721543
48	323	2	0	0	5	24	12	5	6	179.06	0		14.721543
48	324	3	0	7	10	0	7	4	7	99.95	0		74.213914
48	325	3	0	5	10	7	7	4	7	99.95	0		74.213914
48	326	3	0	5	10	14	7	4	7	99.95	0		74.213914
48	327	3	0	5	10	21	7	4	7	99.95	0		74.213914
48	328	3	0	7	14	0	7	4	7	99.95	0		74.213914
48	320	1	1	0	10	17	9	5	4	124.26	1		3.075586
48	321	1	0	0	0	18	9	5	4	124.26	1		3.075586
27	173	2	0	7	18	0	12	5	6	179.06	0		14.721543
27	174	2	0	7	18	6	12	5	6	179.06	0		14.721543
27	175	2	0	5	18	12	12	5	6	179.06	0		14.721543
27	176	2	0	5	18	18	12	5	6	179.06	0		14.721543
27	177	3	0	5	14	7	7	4	7	99.95	0		74.213914
27	170	1	0	0	0	22	9	5	4	124.26	1		3.075586
27	171	1	0	0	0	26	9	5	4	124.26	1		3.075586
27	172	1	0	5	18	24	9	5	4	124.26	1		3.075586
10	67	2	0	12	0	0	12	5	6	179.06	0		14.721543
10	68	2	0	9	0	6	12	5	6	179.06	0		14.721543
10	69	3	0	5	14	14	7	4	7	99.95	0		74.213914
10	70	3	0	5	14	21	7	4	7	99.95	0		74.213914
10	71	3	0	9	0	12	7	4	7	99.95	0		74.213914
10	65	1	0	12	5	0	9	5	4	124.26	1		3.075586
10	66	1	0	12	5	4	9	5	4	124.26	1		3.075586
25	163	2	0	14	10	0	12	5	6	179.06	0		14.721543
25	164	3	0	9	0	19	7	4	7	99.95	0		74.213914
25	160	1	0	12	5	8	9	5	4	124.26	1		3.075586
25	161	1	0	12	4	12	9	5	4	124.26	1		3.075586
25	162	1	0	12	4	16	9	5	4	124.26	1		3.075586
4	24	2	0	14	10	6	12	5	6	179.06	0		14.721543
4	25	2	0	12	10	12	12	5	6	179.06	0		14.721543
4	26	3	0	12	9	18	7	4	7	99.95	0		74.213914
4	21	1	0	12	4	20	9	5	4	124.26	1		3.075586
4	22	1	0	12	4	24	9	5	4	124.26	1		3.075586
4	23	1	0	19	15	0	9	5	4	124.26	1		3.075586
55	367	2	0	19	20	0	12	5	6	179.06	0		14.721543
55	368	2	0	19	20	6	12	5	6	179.06	0		14.721543
55	369	3	0	17	20	12	7	4	7	99.95	0		74.213914
55	366	1	0	19	15	4	9	5	4	124.26	1		3.075586
39	259	3	0	17	20	19	7	4	7	99.95	0		74.213914
39	260	3	0	21	5	0	7	4	7	99.95	0		74.213914
39	254	1	0	19	15	8	9	5	4	124.26	1		3.075586
39	255	1	0	17	15	12	9	5	4	124.26	1		3.075586
39	256	1	0	17	15	16	9	5	4	124.26	1		3.075586
39	257	1	0	17	15	20	9	5	4	124.26	1		3.075586
39	258	1	0	14	15	24	9	5	4	124.26	1		3.075586
45	303	2	0	24	0	0	12	5	6	179.06	0		14.721543
45	304	2	0	21	0	6	12	5	6	179.06	0		14.721543
45	305	3	0	16	0	12	7	4	7	99.95	0		74.213914
45	306	3	0	16	0	19	7	4	7	99.95	0		74.213914
45	299	1	0	23	0	12	9	5	4	124.26	1		3.075586
45	300	1	0	23	0	16	9	5	4	124.26	1		3.075586
45	301	1	0	23	0	20	9	5	4	124.26	1		3.075586
45	302	1	0	23	0	24	9	5	4	124.26	1		3.075586


-------------------------------------------------------------------------------------------------------------------
Tour_Id:			7
No_of_Customers:		6
No_of_Items:			32
Customer_Sequence:		11 46 2 37 54 57 

CustId	Id	TypeId	Rotated	x	y	z	Length	Width	Height	mass	Fragility	LoadBearingStrength
57	379	2	0	0	0	0	12	5	6	179.06	0		14.721543
57	376	1	0	0	5	0	9	5	4	124.26	1		3.075586
57	377	1	0	0	10	0	9	5	4	124.26	1		3.075586
57	378	1	0	0	15	0	9	5	4	124.26	1		3.075586
54	362	2	0	0	20	0	12	5	6	179.06	0		14.721543
54	363	2	0	0	0	6	12	5	6	179.06	0		14.721543
54	364	2	0	0	20	6	12	5	6	179.06	0		14.721543
54	365	3	0	0	0	12	7	4	7	99.95	0		74.213914
54	360	1	0	0	5	4	9	5	4	124.26	1		3.075586
54	361	1	0	0	10	4	9	5	4	124.26	1		3.075586
37	242	3	0	0	20	12	7	4	7	99.95	0		74.213914
37	243	3	0	0	0	19	7	4	7	99.95	0		74.213914
37	244	3	0	0	20	19	7	4	7	99.95	0		74.213914
37	245	3	0	9	5	0	7	4	7	99.95	0		74.213914
37	241	1	0	0	15	4	9	5	4	124.26	1		3.075586
2	11	2	0	9	9	0	12	5	6	179.06	0		14.721543
2	12	2	0	9	14	0	12	5	6	179.06	0		14.721543
2	13	2	0	9	9	6	12	5	6	179.06	0		14.721543
2	8	1	0	0	5	8	9	5	4	124.26	1		3.075586
2	9	1	0	0	10	8	9	5	4	124.26	1		3.075586
2	10	1	0	0	15	8	9	5	4	124.26	1		3.075586
46	308	2	0	9	14	6	12	5	6	179.06	0		14.721543
46	309	2	0	9	9	12	12	5	6	179.06	0		14.721543
46	310	3	0	9	5	7	7	4	7	99.95	0		74.213914
46	311	3	0	9	14	12	7	4	7	99.95	0		74.213914
46	307	1	0	0	4	12	9	5	4	124.26	1		3.075586
11	73	2	0	9	9	18	12	5	6	179.06	0		14.721543
11	74	3	0	9	5	14	7	4	7	99.95	0		74.213914
11	75	3	0	9	14	19	7	4	7	99.95	0		74.213914
11	76	3	0	9	5	21	7	4	7	99.95	0		74.213914
11	77	3	0	12	0	0	7	4	7	99.95	0		74.213914
11	72	1	0	0	4	16	9	5	4	124.26	1		3.075586


-------------------------------------------------------------------------------------------------------------------
Tour_Id:			8
No_of_Customers:		5
No_of_Items:			39
Customer_Sequence:		52 5 29 36 28 

CustId	Id	TypeId	Rotated	x	y	z	Length	Width	Height	mass	Fragility	LoadBearingStrength
28	178	2	0	0	0	0	12	5	6	179.06	0		14.721543
28	179	2	0	0	5	0	12	5	6	179.06	0		14.721543
28	180	2	0	0	10	0	12	5	6	179.06	0		14.721543
28	181	3	0	0	15	0	7	4	7	99.95	0		74.213914
28	182	3	0	0	19	0	7	4	7	99.95	0		74.213914
28	183	3	0	0	0	6	7	4	7	99.95	0		74.213914
28	184	3	0	0	4	6	7	4	7	99.95	0		74.213914
36	235	2	0	0	8	6	12	5	6	179.06	0		14.721543
36	236	2	0	0	8	12	12	5	6	179.06	0		14.721543
36	237	2	0	0	8	18	12	5	6	179.06	0		14.721543
36	238	3	0	0	15	7	7	4	7	99.95	0		74.213914
36	239	3	0	0	19	7	7	4	7	99.95	0		74.213914
36	240	3	0	0	0	13	7	4	7	99.95	0		74.213914
36	232	1	0	0	15	14	9	5	4	124.26	1		3.075586
36	233	1	0	0	15	18	9	5	4	124.26	1		3.075586
36	234	1	0	0	15	22	9	5	4	124.26	1		3.075586
29	186	2	0	0	8	24	12	5	6	179.06	0		14.721543
29	187	2	0	9	15	0	12	5	6	179.06	0		14.721543
29	188	2	0	7	20	0	12	5	6	179.06	0		14.721543
29	189	3	0	0	4	13	7	4	7	99.95	0		74.213914
29	190	3	0	0	20	14	7	4	7	99.95	0		74.213914
29	191	3	0	0	0	20	7	4	7	99.95	0		74.213914
29	192	3	0	0	4	20	7	4	7	99.95	0		74.213914
29	185	1	0	0	15	26	9	5	4	124.26	1		3.075586
5	29	2	0	7	20	6	12	5	6	179.06	0		14.721543
5	30	2	0	7	20	12	12	5	6	179.06	0		14.721543
5	31	2	0	7	20	18	12	5	6	179.06	0		14.721543
5	32	2	0	7	20	24	12	5	6	179.06	0		14.721543
5	33	2	0	9	15	6	12	5	6	179.06	0		14.721543
5	34	2	0	9	15	12	12	5	6	179.06	0		14.721543
5	27	1	0	9	15	18	9	5	4	124.26	1		3.075586
5	28	1	0	9	15	22	9	5	4	124.26	1		3.075586
52	346	2	0	12	0	0	12	5	6	179.06	0		14.721543
52	347	2	0	7	0	6	12	5	6	179.06	0		14.721543
52	348	2	0	7	0	12	12	5	6	179.06	0		14.721543
52	349	3	0	7	0	18	7	4	7	99.95	0		74.213914
52	350	3	0	12	5	0	7	4	7	99.95	0		74.213914
52	344	1	0	9	15	26	9	5	4	124.26	1		3.075586
52	345	1	0	12	9	0	9	5	4	124.26	1		3.075586


