Name:				384_n060_m400_bt10
Problem:			3L-VRPTW
Number_of_used_Vehicles:	10
Total_Travel_Distance:		981.49
Calculation_Time:		407.96
Total_Iterations:		11556
ConstraintSet:			P1

-------------------------------------------------------------------------------------------------------------------
Tour_Id:			1
No_of_Customers:		9
No_of_Items:			63
Customer_Sequence:		14 53 47 32 22 15 7 42 21 

CustId	Id	TypeId	Rotated	x	y	z	Length	Width	Height	mass	Fragility	LoadBearingStrength
21	136	9	0	0	0	0	16	6	6	274.91	0		9.141211
21	137	9	0	0	6	0	16	6	6	274.91	0		9.141211
21	138	9	0	0	12	0	16	6	6	274.91	0		9.141211
21	133	1	0	0	18	0	10	5	8	60.73	0		5.763038
21	134	4	0	0	0	6	15	4	6	269.18	0		23.629845
21	139	10	0	0	23	0	15	2	8	35.53	0		22.252056
21	135	6	0	0	4	6	11	4	5	48.16	1		1.696279
42	280	9	0	0	8	6	16	6	6	274.91	0		9.141211
42	281	9	0	0	8	12	16	6	6	274.91	0		9.141211
42	278	5	0	0	14	6	17	4	5	253.28	0		75.788665
42	277	3	0	0	18	8	9	4	8	96.50	0		25.993093
42	279	8	0	0	22	8	16	3	5	55.42	0		10.286129
42	276	2	0	0	8	18	14	6	8	171.53	1		5.966617
7	39	1	0	0	0	12	10	5	8	60.73	0		5.763038
7	40	1	0	0	0	20	10	5	8	60.73	0		5.763038
7	44	3	0	0	14	11	9	4	8	96.50	0		25.993093
7	45	8	0	0	22	13	16	3	5	55.42	0		10.286129
7	46	8	0	0	22	18	16	3	5	55.42	0		10.286129
7	47	10	0	10	18	0	15	2	8	35.53	0		22.252056
7	41	2	0	16	0	0	14	6	8	171.53	1		5.966617
7	42	2	0	16	6	0	14	6	8	171.53	1		5.966617
7	43	2	0	15	0	8	14	6	8	171.53	1		5.966617
15	97	4	0	17	12	0	15	4	6	269.18	0		23.629845
15	98	5	0	17	12	6	17	4	5	253.28	0		75.788665
15	96	3	0	0	18	16	9	4	8	96.50	0		25.993093
15	100	7	0	0	22	23	14	3	6	62.17	0		18.839656
15	101	7	0	9	14	11	14	3	6	62.17	0		18.839656
15	102	8	0	9	14	17	16	3	5	55.42	0		10.286129
15	95	2	0	15	0	16	14	6	8	171.53	1		5.966617
15	99	6	0	0	18	24	11	4	5	48.16	1		1.696279
22	146	9	0	25	16	0	16	6	6	274.91	0		9.141211
22	141	4	0	9	14	22	15	4	6	269.18	0		23.629845
22	142	5	0	25	16	6	17	4	5	253.28	0		75.788665
22	143	5	0	25	16	11	17	4	5	253.28	0		75.788665
22	140	3	0	16	20	0	9	4	8	96.50	0		25.993093
22	147	10	0	16	12	11	15	2	8	35.53	0		22.252056
22	148	10	0	14	12	19	15	2	8	35.53	0		22.252056
22	144	6	0	11	18	8	11	4	5	48.16	1		1.696279
22	145	6	0	11	17	13	11	4	5	48.16	1		1.696279
32	216	7	0	25	22	0	14	3	6	62.17	0		18.839656
32	214	2	0	16	6	8	14	6	8	171.53	1		5.966617
32	215	6	0	11	18	18	11	4	5	48.16	1		1.696279
47	312	4	0	25	20	6	15	4	6	269.18	0		23.629845
47	313	5	0	22	20	12	17	4	5	253.28	0		75.788665
47	311	3	0	22	20	17	9	4	8	96.50	0		25.993093
47	315	7	0	25	16	16	14	3	6	62.17	0		18.839656
47	316	8	0	24	16	22	16	3	5	55.42	0		10.286129
47	314	6	0	11	18	23	11	4	5	48.16	1		1.696279
53	353	4	0	30	0	0	15	4	6	269.18	0		23.629845
53	354	5	0	30	4	0	17	4	5	253.28	0		75.788665
53	352	3	0	30	8	0	9	4	8	96.50	0		25.993093
53	357	8	0	30	4	5	16	3	5	55.42	0		10.286129
53	351	2	0	16	6	16	14	6	8	171.53	1		5.966617
53	355	6	0	15	0	24	11	4	5	48.16	1		1.696279
53	356	6	0	15	4	24	11	4	5	48.16	1		1.696279
14	93	9	0	39	8	0	16	6	6	274.91	0		9.141211
14	88	4	0	30	0	6	15	4	6	269.18	0		23.629845
14	89	4	0	29	0	12	15	4	6	269.18	0		23.629845
14	90	5	0	29	0	18	17	4	5	253.28	0		75.788665
14	87	3	0	30	7	8	9	4	8	96.50	0		25.993093
14	91	7	0	29	0	23	14	3	6	62.17	0		18.839656
14	92	7	0	30	4	10	14	3	6	62.17	0		18.839656
14	94	10	0	29	4	16	15	2	8	35.53	0		22.252056


-------------------------------------------------------------------------------------------------------------------
Tour_Id:			2
No_of_Customers:		5
No_of_Items:			30
Customer_Sequence:		6 48 41 24 8 

CustId	Id	TypeId	Rotated	x	y	z	Length	Width	Height	mass	Fragility	LoadBearingStrength
8	50	4	0	0	0	0	15	4	6	269.18	0		23.629845
8	51	5	0	0	4	0	17	4	5	253.28	0		75.788665
8	53	10	0	0	8	0	15	2	8	35.53	0		22.252056
8	48	2	0	0	10	0	14	6	8	171.53	1		5.966617
8	49	2	0	0	16	0	14	6	8	171.53	1		5.966617
8	52	6	0	0	4	5	11	4	5	48.16	1		1.696279
24	158	5	0	0	0	6	17	4	5	253.28	0		75.788665
24	160	7	0	0	22	0	14	3	6	62.17	0		18.839656
24	161	8	0	0	22	6	16	3	5	55.42	0		10.286129
24	162	10	0	0	8	8	15	2	8	35.53	0		22.252056
24	163	10	0	0	0	11	15	2	8	35.53	0		22.252056
24	159	6	0	0	10	8	11	4	5	48.16	1		1.696279
41	275	7	0	0	22	11	14	3	6	62.17	0		18.839656
41	271	2	0	0	14	8	14	6	8	171.53	1		5.966617
41	272	2	0	0	14	16	14	6	8	171.53	1		5.966617
41	273	6	0	0	4	10	11	4	5	48.16	1		1.696279
41	274	6	0	0	10	13	11	4	5	48.16	1		1.696279
48	322	9	0	14	10	0	16	6	6	274.91	0		9.141211
48	317	1	0	14	16	0	10	5	8	60.73	0		5.763038
48	318	4	0	14	10	6	15	4	6	269.18	0		23.629845
48	319	5	0	11	10	12	17	4	5	253.28	0		75.788665
48	320	5	0	11	10	17	17	4	5	253.28	0		75.788665
48	321	7	0	0	22	17	14	3	6	62.17	0		18.839656
48	323	10	0	0	2	11	15	2	8	35.53	0		22.252056
6	37	9	0	17	0	0	16	6	6	274.91	0		9.141211
6	38	9	0	17	0	6	16	6	6	274.91	0		9.141211
6	34	4	0	0	0	19	15	4	6	269.18	0		23.629845
6	33	3	0	11	10	22	9	4	8	96.50	0		25.993093
6	36	7	0	0	22	23	14	3	6	62.17	0		18.839656
6	35	6	0	0	4	15	11	4	5	48.16	1		1.696279


-------------------------------------------------------------------------------------------------------------------
Tour_Id:			3
No_of_Customers:		7
No_of_Items:			44
Customer_Sequence:		44 60 9 4 31 11 10 

CustId	Id	TypeId	Rotated	x	y	z	Length	Width	Height	mass	Fragility	LoadBearingStrength
10	62	1	0	0	0	0	10	5	8	60.73	0		5.763038
10	63	1	0	0	5	0	10	5	8	60.73	0		5.763038
10	65	7	0	0	10	0	14	3	6	62.17	0		18.839656
10	66	8	0	0	13	0	16	3	5	55.42	0		10.286129
10	64	6	0	0	16	0	11	4	5	48.16	1		1.696279
11	67	5	0	0	20	0	17	4	5	253.28	0		75.788665
11	70	8	0	0	13	5	16	3	5	55.42	0		10.286129
11	71	8	0	0	20	5	16	3	5	55.42	0		10.286129
11	68	6	0	0	16	5	11	4	5	48.16	1		1.696279
11	69	6	0	0	0	8	11	4	5	48.16	1		1.696279
31	207	1	0	0	4	8	10	5	8	60.73	0		5.763038
31	208	4	0	0	20	10	15	4	6	269.18	0		23.629845
31	209	4	0	0	20	16	15	4	6	269.18	0		23.629845
31	210	5	0	0	20	22	17	4	5	253.28	0		75.788665
31	212	7	0	0	10	6	14	3	6	62.17	0		18.839656
31	213	10	0	0	13	10	15	2	8	35.53	0		22.252056
31	211	6	0	0	15	10	11	4	5	48.16	1		1.696279
4	25	8	0	0	10	12	16	3	5	55.42	0		10.286129
4	26	10	0	0	10	17	15	2	8	35.53	0		22.252056
4	23	2	0	10	4	0	14	6	8	171.53	1		5.966617
4	24	6	0	0	0	13	11	4	5	48.16	1		1.696279
9	60	9	0	16	10	0	16	6	6	274.91	0		9.141211
9	56	5	0	11	16	0	17	4	5	253.28	0		75.788665
9	57	5	0	11	16	5	17	4	5	253.28	0		75.788665
9	55	3	0	0	4	16	9	4	8	96.50	0		25.993093
9	59	8	0	11	0	0	16	3	5	55.42	0		10.286129
9	61	10	0	0	13	18	15	2	8	35.53	0		22.252056
9	54	2	0	10	4	8	14	6	8	171.53	1		5.966617
9	58	6	0	0	15	15	11	4	5	48.16	1		1.696279
60	400	9	0	16	10	6	16	6	6	274.91	0		9.141211
60	395	1	0	16	10	12	10	5	8	60.73	0		5.763038
60	396	1	0	15	10	20	10	5	8	60.73	0		5.763038
60	397	3	0	11	0	5	9	4	8	96.50	0		25.993093
60	398	8	0	11	16	10	16	3	5	55.42	0		10.286129
60	399	8	0	11	16	15	16	3	5	55.42	0		10.286129
44	290	5	0	17	20	0	17	4	5	253.28	0		75.788665
44	291	5	0	17	20	5	17	4	5	253.28	0		75.788665
44	293	7	0	11	16	20	14	3	6	62.17	0		18.839656
44	294	8	0	17	19	10	16	3	5	55.42	0		10.286129
44	295	8	0	17	19	15	16	3	5	55.42	0		10.286129
44	296	10	0	17	22	10	15	2	8	35.53	0		22.252056
44	297	10	0	17	22	18	15	2	8	35.53	0		22.252056
44	289	2	0	9	4	16	14	6	8	171.53	1		5.966617
44	292	6	0	0	0	18	11	4	5	48.16	1		1.696279


-------------------------------------------------------------------------------------------------------------------
Tour_Id:			4
No_of_Customers:		6
No_of_Items:			41
Customer_Sequence:		49 57 20 5 43 39 

CustId	Id	TypeId	Rotated	x	y	z	Length	Width	Height	mass	Fragility	LoadBearingStrength
39	259	4	0	0	0	0	15	4	6	269.18	0		23.629845
39	260	4	0	0	4	0	15	4	6	269.18	0		23.629845
39	261	8	0	0	8	0	16	3	5	55.42	0		10.286129
39	262	8	0	0	11	0	16	3	5	55.42	0		10.286129
39	263	8	0	0	14	0	16	3	5	55.42	0		10.286129
39	264	10	0	0	17	0	15	2	8	35.53	0		22.252056
39	265	10	0	0	19	0	15	2	8	35.53	0		22.252056
43	288	9	0	0	8	5	16	6	6	274.91	0		9.141211
43	284	4	0	0	21	0	15	4	6	269.18	0		23.629845
43	282	3	0	0	0	6	9	4	8	96.50	0		25.993093
43	283	3	0	0	4	6	9	4	8	96.50	0		25.993093
43	287	7	0	0	14	5	14	3	6	62.17	0		18.839656
43	285	6	0	0	21	6	11	4	5	48.16	1		1.696279
43	286	6	0	0	17	8	11	4	5	48.16	1		1.696279
5	30	4	0	0	8	11	15	4	6	269.18	0		23.629845
5	31	5	0	0	12	11	17	4	5	253.28	0		75.788665
5	32	7	0	0	12	16	14	3	6	62.17	0		18.839656
5	27	2	0	15	0	0	14	6	8	171.53	1		5.966617
5	28	2	0	15	17	0	14	6	8	171.53	1		5.966617
5	29	2	0	11	17	8	14	6	8	171.53	1		5.966617
20	131	9	0	29	0	0	16	6	6	274.91	0		9.141211
20	132	9	0	16	6	0	16	6	6	274.91	0		9.141211
20	128	5	0	0	8	17	17	4	5	253.28	0		75.788665
20	126	2	0	0	8	22	14	6	8	171.53	1		5.966617
20	127	2	0	11	17	16	14	6	8	171.53	1		5.966617
20	129	6	0	0	0	14	11	4	5	48.16	1		1.696279
20	130	6	0	0	4	14	11	4	5	48.16	1		1.696279
57	379	1	0	17	12	0	10	5	8	60.73	0		5.763038
57	380	1	0	17	6	6	10	5	8	60.73	0		5.763038
57	384	5	0	27	12	0	17	4	5	253.28	0		75.788665
57	382	3	0	17	11	8	9	4	8	96.50	0		25.993093
57	383	3	0	14	12	16	9	4	8	96.50	0		25.993093
57	381	2	0	0	0	19	14	6	8	171.53	1		5.966617
49	324	1	0	17	6	14	10	5	8	60.73	0		5.763038
49	325	1	0	14	6	22	10	5	8	60.73	0		5.763038
49	326	1	0	27	12	5	10	5	8	60.73	0		5.763038
49	327	4	0	29	17	0	15	4	6	269.18	0		23.629845
49	328	4	0	29	21	0	15	4	6	269.18	0		23.629845
49	329	5	0	29	0	6	17	4	5	253.28	0		75.788665
49	330	5	0	29	17	6	17	4	5	253.28	0		75.788665
49	331	5	0	25	17	11	17	4	5	253.28	0		75.788665


-------------------------------------------------------------------------------------------------------------------
Tour_Id:			5
No_of_Customers:		8
No_of_Items:			54
Customer_Sequence:		27 54 2 59 13 19 29 16 

CustId	Id	TypeId	Rotated	x	y	z	Length	Width	Height	mass	Fragility	LoadBearingStrength
16	105	7	0	0	0	0	14	3	6	62.17	0		18.839656
16	106	8	0	0	3	0	16	3	5	55.42	0		10.286129
16	107	8	0	0	6	0	16	3	5	55.42	0		10.286129
16	103	2	0	0	9	0	14	6	8	171.53	1		5.966617
16	104	6	0	0	15	0	11	4	5	48.16	1		1.696279
29	198	9	0	0	19	0	16	6	6	274.91	0		9.141211
29	190	1	0	0	3	5	10	5	8	60.73	0		5.763038
29	193	4	0	0	19	6	15	4	6	269.18	0		23.629845
29	192	3	0	0	19	12	9	4	8	96.50	0		25.993093
29	196	7	0	0	0	6	14	3	6	62.17	0		18.839656
29	197	7	0	0	0	12	14	3	6	62.17	0		18.839656
29	191	2	0	0	8	8	14	6	8	171.53	1		5.966617
29	194	6	0	0	15	5	11	4	5	48.16	1		1.696279
29	195	6	0	0	14	10	11	4	5	48.16	1		1.696279
19	123	4	0	11	15	0	15	4	6	269.18	0		23.629845
19	124	5	0	11	15	6	17	4	5	253.28	0		75.788665
19	121	3	0	0	3	13	9	4	8	96.50	0		25.993093
19	122	3	0	0	19	20	9	4	8	96.50	0		25.993093
19	125	10	0	0	23	6	15	2	8	35.53	0		22.252056
19	120	2	0	0	7	16	14	6	8	171.53	1		5.966617
13	85	9	0	14	9	0	16	6	6	274.91	0		9.141211
13	86	9	0	14	9	6	16	6	6	274.91	0		9.141211
13	79	1	0	14	9	12	10	5	8	60.73	0		5.763038
13	80	1	0	14	9	20	10	5	8	60.73	0		5.763038
13	83	4	0	11	15	11	15	4	6	269.18	0		23.629845
13	82	3	0	0	3	21	9	4	8	96.50	0		25.993093
13	84	7	0	0	0	18	14	3	6	62.17	0		18.839656
13	81	2	0	16	0	0	14	6	8	171.53	1		5.966617
59	394	9	0	16	19	0	16	6	6	274.91	0		9.141211
59	392	3	0	11	15	17	9	4	8	96.50	0		25.993093
59	393	7	0	0	0	24	14	3	6	62.17	0		18.839656
59	391	2	0	14	0	8	14	6	8	171.53	1		5.966617
2	12	9	0	15	19	6	16	6	6	274.91	0		9.141211
2	13	9	0	15	19	12	16	6	6	274.91	0		9.141211
2	7	1	0	15	19	18	10	5	8	60.73	0		5.763038
2	9	5	0	28	15	0	17	4	5	253.28	0		75.788665
2	8	3	0	28	15	5	9	4	8	96.50	0		25.993093
2	10	7	0	16	6	0	14	3	6	62.17	0		18.839656
2	11	7	0	14	6	6	14	3	6	62.17	0		18.839656
2	14	10	0	0	23	14	15	2	8	35.53	0		22.252056
2	15	10	0	0	23	22	15	2	8	35.53	0		22.252056
54	358	1	0	30	0	0	10	5	8	60.73	0		5.763038
54	359	1	0	30	5	0	10	5	8	60.73	0		5.763038
54	360	4	0	30	10	0	15	4	6	269.18	0		23.629845
54	361	4	0	30	10	6	15	4	6	269.18	0		23.629845
54	363	10	0	14	6	12	15	2	8	35.53	0		22.252056
54	362	6	0	11	15	25	11	4	5	48.16	1		1.696279
27	179	9	0	24	8	12	16	6	6	274.91	0		9.141211
27	174	1	0	24	8	18	10	5	8	60.73	0		5.763038
27	175	5	0	32	19	0	17	4	5	253.28	0		75.788665
27	180	10	0	14	6	20	15	2	8	35.53	0		22.252056
27	176	6	0	14	0	16	11	4	5	48.16	1		1.696279
27	177	6	0	14	0	21	11	4	5	48.16	1		1.696279
27	178	6	0	28	0	8	11	4	5	48.16	1		1.696279


-------------------------------------------------------------------------------------------------------------------
Tour_Id:			6
No_of_Customers:		6
No_of_Items:			44
Customer_Sequence:		35 50 34 26 30 28 

CustId	Id	TypeId	Rotated	x	y	z	Length	Width	Height	mass	Fragility	LoadBearingStrength
28	188	9	0	0	0	0	16	6	6	274.91	0		9.141211
28	181	1	0	0	6	0	10	5	8	60.73	0		5.763038
28	184	4	0	0	11	0	15	4	6	269.18	0		23.629845
28	185	5	0	0	15	0	17	4	5	253.28	0		75.788665
28	183	3	0	0	19	0	9	4	8	96.50	0		25.993093
28	187	7	0	0	15	5	14	3	6	62.17	0		18.839656
28	189	10	0	0	23	0	15	2	8	35.53	0		22.252056
28	182	2	0	0	0	6	14	6	8	171.53	1		5.966617
28	186	6	0	0	11	6	11	4	5	48.16	1		1.696279
30	206	9	0	16	0	0	16	6	6	274.91	0		9.141211
30	199	4	0	9	19	0	15	4	6	269.18	0		23.629845
30	200	4	0	9	18	6	15	4	6	269.18	0		23.629845
30	201	4	0	9	18	12	15	4	6	269.18	0		23.629845
30	204	7	0	0	15	11	14	3	6	62.17	0		18.839656
30	205	8	0	0	15	17	16	3	5	55.42	0		10.286129
30	202	6	0	0	6	8	11	4	5	48.16	1		1.696279
30	203	6	0	0	10	11	11	4	5	48.16	1		1.696279
26	170	4	0	0	15	22	15	4	6	269.18	0		23.629845
26	171	4	0	11	6	0	15	4	6	269.18	0		23.629845
26	169	3	0	11	6	6	9	4	8	96.50	0		25.993093
26	172	6	0	0	6	13	11	4	5	48.16	1		1.696279
26	173	6	0	0	0	14	11	4	5	48.16	1		1.696279
34	230	9	0	14	0	6	16	6	6	274.91	0		9.141211
34	226	4	0	14	0	12	15	4	6	269.18	0		23.629845
34	227	5	0	11	0	18	17	4	5	253.28	0		75.788665
34	228	5	0	11	0	23	17	4	5	253.28	0		75.788665
34	229	8	0	0	22	8	16	3	5	55.42	0		10.286129
34	224	2	0	17	10	0	14	6	8	171.53	1		5.966617
34	225	2	0	16	10	8	14	6	8	171.53	1		5.966617
50	337	9	0	24	16	0	16	6	6	274.91	0		9.141211
50	334	8	0	0	22	13	16	3	5	55.42	0		10.286129
50	335	8	0	0	22	18	16	3	5	55.42	0		10.286129
50	336	8	0	0	22	23	16	3	5	55.42	0		10.286129
50	338	10	0	14	4	12	15	2	8	35.53	0		22.252056
50	332	2	0	16	10	16	14	6	8	171.53	1		5.966617
50	333	6	0	0	10	16	11	4	5	48.16	1		1.696279
35	236	9	0	24	16	6	16	6	6	274.91	0		9.141211
35	237	9	0	24	16	12	16	6	6	274.91	0		9.141211
35	231	1	0	24	16	18	10	5	8	60.73	0		5.763038
35	233	5	0	26	6	0	17	4	5	253.28	0		75.788665
35	232	3	0	11	6	14	9	4	8	96.50	0		25.993093
35	235	8	0	24	22	0	16	3	5	55.42	0		10.286129
35	238	10	0	14	4	20	15	2	8	35.53	0		22.252056
35	234	6	0	0	6	18	11	4	5	48.16	1		1.696279


-------------------------------------------------------------------------------------------------------------------
Tour_Id:			7
No_of_Customers:		5
No_of_Items:			33
Customer_Sequence:		51 17 36 45 38 

CustId	Id	TypeId	Rotated	x	y	z	Length	Width	Height	mass	Fragility	LoadBearingStrength
38	252	1	0	0	0	0	10	5	8	60.73	0		5.763038
38	253	1	0	0	5	0	10	5	8	60.73	0		5.763038
38	254	4	0	0	10	0	15	4	6	269.18	0		23.629845
38	256	7	0	0	14	0	14	3	6	62.17	0		18.839656
38	257	8	0	0	17	0	16	3	5	55.42	0		10.286129
38	258	10	0	0	20	0	15	2	8	35.53	0		22.252056
38	255	6	0	0	10	6	11	4	5	48.16	1		1.696279
45	298	1	0	0	0	8	10	5	8	60.73	0		5.763038
45	299	1	0	0	5	8	10	5	8	60.73	0		5.763038
45	301	5	0	10	0	0	17	4	5	253.28	0		75.788665
45	300	3	0	0	14	6	9	4	8	96.50	0		25.993093
45	303	7	0	0	22	0	14	3	6	62.17	0		18.839656
45	304	10	0	0	18	5	15	2	8	35.53	0		22.252056
45	302	6	0	0	10	11	11	4	5	48.16	1		1.696279
36	239	4	0	10	4	0	15	4	6	269.18	0		23.629845
36	242	10	0	0	22	6	15	2	8	35.53	0		22.252056
36	240	6	0	0	14	14	11	4	5	48.16	1		1.696279
36	241	6	0	0	0	16	11	4	5	48.16	1		1.696279
17	114	9	0	15	8	0	16	6	6	274.91	0		9.141211
17	115	9	0	10	4	6	16	6	6	274.91	0		9.141211
17	109	5	0	10	4	12	17	4	5	253.28	0		75.788665
17	110	5	0	10	4	17	17	4	5	253.28	0		75.788665
17	108	3	0	0	4	16	9	4	8	96.50	0		25.993093
17	111	7	0	9	4	22	14	3	6	62.17	0		18.839656
17	112	8	0	11	10	6	16	3	5	55.42	0		10.286129
17	113	8	0	11	10	11	16	3	5	55.42	0		10.286129
17	116	10	0	0	20	8	15	2	8	35.53	0		22.252056
51	344	9	0	16	14	0	16	6	6	274.91	0		9.141211
51	340	7	0	11	13	6	14	3	6	62.17	0		18.839656
51	341	7	0	11	13	12	14	3	6	62.17	0		18.839656
51	342	7	0	11	0	5	14	3	6	62.17	0		18.839656
51	343	8	0	11	0	11	16	3	5	55.42	0		10.286129
51	339	2	0	27	0	0	14	6	8	171.53	1		5.966617


-------------------------------------------------------------------------------------------------------------------
Tour_Id:			8
No_of_Customers:		5
No_of_Items:			27
Customer_Sequence:		1 40 18 52 3 

CustId	Id	TypeId	Rotated	x	y	z	Length	Width	Height	mass	Fragility	LoadBearingStrength
3	16	1	0	0	0	0	10	5	8	60.73	0		5.763038
3	19	4	0	0	5	0	15	4	6	269.18	0		23.629845
3	18	3	0	0	9	0	9	4	8	96.50	0		25.993093
3	22	10	0	0	13	0	15	2	8	35.53	0		22.252056
3	17	2	0	0	15	0	14	6	8	171.53	1		5.966617
3	20	6	0	0	21	0	11	4	5	48.16	1		1.696279
3	21	6	0	0	5	6	11	4	5	48.16	1		1.696279
52	349	9	0	14	15	0	16	6	6	274.91	0		9.141211
52	346	3	0	0	0	8	9	4	8	96.50	0		25.993093
52	347	3	0	0	9	8	9	4	8	96.50	0		25.993093
52	348	7	0	9	9	0	14	3	6	62.17	0		18.839656
52	350	10	0	0	13	8	15	2	8	35.53	0		22.252056
52	345	2	0	0	15	8	14	6	8	171.53	1		5.966617
18	118	10	0	0	13	16	15	2	8	35.53	0		22.252056
18	119	10	0	9	9	6	15	2	8	35.53	0		22.252056
18	117	2	0	0	15	16	14	6	8	171.53	1		5.966617
40	269	9	0	14	15	6	16	6	6	274.91	0		9.141211
40	270	9	0	14	15	12	16	6	6	274.91	0		9.141211
40	266	3	0	0	0	16	9	4	8	96.50	0		25.993093
40	267	8	0	10	0	0	16	3	5	55.42	0		10.286129
40	268	8	0	10	0	5	16	3	5	55.42	0		10.286129
1	1	1	0	14	15	18	10	5	8	60.73	0		5.763038
1	3	3	0	0	9	16	9	4	8	96.50	0		25.993093
1	4	3	0	10	0	10	9	4	8	96.50	0		25.993093
1	5	3	0	9	0	18	9	4	8	96.50	0		25.993093
1	6	8	0	11	21	0	16	3	5	55.42	0		10.286129
1	2	2	0	15	3	0	14	6	8	171.53	1		5.966617


-------------------------------------------------------------------------------------------------------------------
Tour_Id:			9
No_of_Customers:		8
No_of_Items:			57
Customer_Sequence:		23 56 58 12 37 25 55 46 

CustId	Id	TypeId	Rotated	x	y	z	Length	Width	Height	mass	Fragility	LoadBearingStrength
46	307	9	0	0	0	0	16	6	6	274.91	0		9.141211
46	308	9	0	0	6	0	16	6	6	274.91	0		9.141211
46	305	3	0	0	12	0	9	4	8	96.50	0		25.993093
46	306	3	0	0	16	0	9	4	8	96.50	0		25.993093
46	309	10	0	0	20	0	15	2	8	35.53	0		22.252056
46	310	10	0	0	22	0	15	2	8	35.53	0		22.252056
55	369	9	0	0	0	6	16	6	6	274.91	0		9.141211
55	364	1	0	0	6	6	10	5	8	60.73	0		5.763038
55	365	4	0	0	20	8	15	4	6	269.18	0		23.629845
55	366	4	0	0	0	12	15	4	6	269.18	0		23.629845
55	367	5	0	0	20	14	17	4	5	253.28	0		75.788665
55	368	8	0	0	0	18	16	3	5	55.42	0		10.286129
55	370	10	0	0	4	12	15	2	8	35.53	0		22.252056
25	164	1	0	0	12	8	10	5	8	60.73	0		5.763038
25	165	3	0	0	6	14	9	4	8	96.50	0		25.993093
25	166	3	0	0	12	16	9	4	8	96.50	0		25.993093
25	167	8	0	0	20	19	16	3	5	55.42	0		10.286129
25	168	10	0	0	4	20	15	2	8	35.53	0		22.252056
37	249	9	0	10	12	0	16	6	6	274.91	0		9.141211
37	245	4	0	0	0	23	15	4	6	269.18	0		23.629845
37	243	3	0	0	6	22	9	4	8	96.50	0		25.993093
37	244	3	1	10	6	6	9	4	8	96.50	0		25.993093
37	248	8	0	0	20	24	16	3	5	55.42	0		10.286129
37	250	10	0	9	18	0	15	2	8	35.53	0		22.252056
37	251	10	0	0	17	8	15	2	8	35.53	0		22.252056
37	246	6	0	0	12	24	11	4	5	48.16	1		1.696279
37	247	6	1	10	6	14	11	4	5	48.16	1		1.696279
12	73	3	0	16	0	0	9	4	8	96.50	0		25.993093
12	76	10	0	0	17	16	15	2	8	35.53	0		22.252056
12	77	10	0	16	4	0	15	2	8	35.53	0		22.252056
12	78	10	0	16	6	0	15	2	8	35.53	0		22.252056
12	72	2	0	16	0	8	14	6	8	171.53	1		5.966617
12	74	6	0	16	8	0	11	4	5	48.16	1		1.696279
12	75	6	0	16	8	5	11	4	5	48.16	1		1.696279
58	386	4	0	17	20	0	15	4	6	269.18	0		23.629845
58	387	4	0	17	20	6	15	4	6	269.18	0		23.629845
58	388	5	0	17	20	12	17	4	5	253.28	0		75.788665
58	389	5	0	17	20	17	17	4	5	253.28	0		75.788665
58	390	7	0	14	12	6	14	3	6	62.17	0		18.839656
58	385	2	0	16	0	16	14	6	8	171.53	1		5.966617
56	377	9	0	28	8	0	16	6	6	274.91	0		9.141211
56	373	4	0	16	20	22	15	4	6	269.18	0		23.629845
56	374	5	0	28	14	0	17	4	5	253.28	0		75.788665
56	375	5	0	28	14	5	17	4	5	253.28	0		75.788665
56	372	3	0	14	12	12	9	4	8	96.50	0		25.993093
56	376	7	0	27	8	6	14	3	6	62.17	0		18.839656
56	378	10	0	14	6	8	15	2	8	35.53	0		22.252056
56	371	2	0	31	0	0	14	6	8	171.53	1		5.966617
23	149	1	0	28	14	10	10	5	8	60.73	0		5.763038
23	155	4	0	34	18	0	15	4	6	269.18	0		23.629845
23	156	5	1	45	0	0	17	4	5	253.28	0		75.788665
23	152	3	0	14	12	20	9	4	8	96.50	0		25.993093
23	153	3	0	27	8	12	9	4	8	96.50	0		25.993093
23	154	3	0	27	8	20	9	4	8	96.50	0		25.993093
23	157	10	0	14	6	16	15	2	8	35.53	0		22.252056
23	150	2	0	30	0	8	14	6	8	171.53	1		5.966617
23	151	2	0	30	0	16	14	6	8	171.53	1		5.966617


-------------------------------------------------------------------------------------------------------------------
Tour_Id:			10
No_of_Customers:		1
No_of_Items:			0
Customer_Sequence:		33 

