Name:				391_n060_m400_bt3
Problem:			3L-VRPTW
Number_of_used_Vehicles:	26
Total_Travel_Distance:		1867.62
Calculation_Time:		355.53
Total_Iterations:		21179
ConstraintSet:			P1

-------------------------------------------------------------------------------------------------------------------
Tour_Id:			1
No_of_Customers:		2
No_of_Items:			15
Customer_Sequence:		8 15 

CustId	Id	TypeId	Rotated	x	y	z	Length	Width	Height	mass	Fragility	LoadBearingStrength
15	90	1	0	0	0	0	29	6	14	430.53	0		5.002556
8	51	2	0	0	6	0	29	5	8	280.53	0		15.735701
15	92	1	0	0	11	0	29	6	14	430.53	0		5.002556
8	54	3	0	29	0	0	25	12	10	1379.09	1		6.617839
15	94	2	0	0	17	0	29	5	8	280.53	0		15.735701
15	95	2	0	0	17	8	29	5	8	280.53	0		15.735701
15	96	3	0	29	12	0	25	12	10	1379.09	1		6.617839
15	97	3	0	29	12	10	25	12	10	1379.09	1		6.617839
15	98	3	0	29	12	20	25	12	10	1379.09	1		6.617839
8	49	1	0	0	0	14	29	6	14	430.53	0		5.002556
8	50	2	0	0	6	8	29	5	8	280.53	0		15.735701
15	91	1	0	0	11	14	29	6	14	430.53	0		5.002556
8	52	3	0	29	0	10	25	12	10	1379.09	1		6.617839
8	53	3	0	29	0	20	25	12	10	1379.09	1		6.617839
15	93	1	0	0	17	16	29	6	14	430.53	0		5.002556


-------------------------------------------------------------------------------------------------------------------
Tour_Id:			2
No_of_Customers:		2
No_of_Items:			17
Customer_Sequence:		38 16 

CustId	Id	TypeId	Rotated	x	y	z	Length	Width	Height	mass	Fragility	LoadBearingStrength
16	99	1	0	0	0	0	29	6	14	430.53	0		5.002556
38	250	1	0	0	6	0	29	6	14	430.53	0		5.002556
16	101	2	0	0	12	0	29	5	8	280.53	0		15.735701
16	102	2	0	0	17	0	29	5	8	280.53	0		15.735701
16	103	2	0	0	12	8	29	5	8	280.53	0		15.735701
16	104	3	0	29	12	0	25	12	10	1379.09	1		6.617839
16	105	3	0	29	12	10	25	12	10	1379.09	1		6.617839
16	100	2	0	0	17	8	29	5	8	280.53	0		15.735701
38	248	1	0	0	0	14	29	6	14	430.53	0		5.002556
38	249	1	0	0	6	14	29	6	14	430.53	0		5.002556
16	106	3	0	0	12	16	25	12	10	1379.09	1		6.617839
38	251	1	0	29	0	0	29	6	14	430.53	0		5.002556
38	252	1	0	29	6	0	29	6	14	430.53	0		5.002556
38	253	1	0	29	0	14	29	6	14	430.53	0		5.002556
38	254	2	0	29	6	14	29	5	8	280.53	0		15.735701
38	255	2	0	29	6	22	29	5	8	280.53	0		15.735701
38	256	3	0	29	11	20	25	12	10	1379.09	1		6.617839


-------------------------------------------------------------------------------------------------------------------
Tour_Id:			3
No_of_Customers:		3
No_of_Items:			17
Customer_Sequence:		57 37 50 

CustId	Id	TypeId	Rotated	x	y	z	Length	Width	Height	mass	Fragility	LoadBearingStrength
50	334	1	0	0	0	0	29	6	14	430.53	0		5.002556
37	241	1	0	0	6	0	29	6	14	430.53	0		5.002556
50	337	3	0	0	12	0	25	12	10	1379.09	1		6.617839
50	336	3	0	0	12	10	25	12	10	1379.09	1		6.617839
50	335	2	0	0	0	14	29	5	8	280.53	0		15.735701
37	239	1	0	0	5	14	29	6	14	430.53	0		5.002556
37	243	2	0	0	0	22	29	5	8	280.53	0		15.735701
37	242	1	0	25	12	0	29	6	14	430.53	0		5.002556
37	246	3	0	0	12	20	25	12	10	1379.09	1		6.617839
37	244	2	0	25	18	0	29	5	8	280.53	0		15.735701
37	245	3	0	29	0	0	25	12	10	1379.09	1		6.617839
37	247	3	0	29	0	10	25	12	10	1379.09	1		6.617839
37	240	1	0	25	18	8	29	6	14	430.53	0		5.002556
57	373	2	0	25	12	14	29	5	8	280.53	0		15.735701
57	376	3	0	29	0	20	25	12	10	1379.09	1		6.617839
57	375	2	0	25	12	22	29	5	8	280.53	0		15.735701
57	374	2	0	25	17	22	29	5	8	280.53	0		15.735701


-------------------------------------------------------------------------------------------------------------------
Tour_Id:			4
No_of_Customers:		2
No_of_Items:			14
Customer_Sequence:		30 36 

CustId	Id	TypeId	Rotated	x	y	z	Length	Width	Height	mass	Fragility	LoadBearingStrength
36	232	1	0	0	0	0	29	6	14	430.53	0		5.002556
36	233	1	0	0	6	0	29	6	14	430.53	0		5.002556
36	234	1	0	0	12	0	29	6	14	430.53	0		5.002556
36	235	2	0	0	18	0	29	5	8	280.53	0		15.735701
36	236	2	0	0	18	8	29	5	8	280.53	0		15.735701
36	237	3	0	0	0	14	25	12	10	1379.09	1		6.617839
36	238	3	0	29	0	0	25	12	10	1379.09	1		6.617839
30	195	1	0	0	12	14	29	6	14	430.53	0		5.002556
30	196	1	0	0	18	16	29	6	14	430.53	0		5.002556
30	197	1	0	29	12	0	29	6	14	430.53	0		5.002556
30	198	2	0	29	18	0	29	5	8	280.53	0		15.735701
30	199	2	0	29	18	8	29	5	8	280.53	0		15.735701
30	200	3	0	29	0	10	25	12	10	1379.09	1		6.617839
30	201	3	0	25	0	20	25	12	10	1379.09	1		6.617839


-------------------------------------------------------------------------------------------------------------------
Tour_Id:			5
No_of_Customers:		2
No_of_Items:			17
Customer_Sequence:		6 47 

CustId	Id	TypeId	Rotated	x	y	z	Length	Width	Height	mass	Fragility	LoadBearingStrength
47	313	1	0	0	0	0	29	6	14	430.53	0		5.002556
47	314	1	0	0	6	0	29	6	14	430.53	0		5.002556
6	42	2	0	0	12	0	29	5	8	280.53	0		15.735701
47	316	2	0	0	17	0	29	5	8	280.53	0		15.735701
47	317	2	0	0	17	8	29	5	8	280.53	0		15.735701
47	318	2	0	0	0	14	29	5	8	280.53	0		15.735701
47	319	2	0	0	5	14	29	5	8	280.53	0		15.735701
47	320	3	0	29	0	0	25	12	10	1379.09	1		6.617839
47	321	3	0	29	0	10	25	12	10	1379.09	1		6.617839
6	37	1	0	0	17	16	29	6	14	430.53	0		5.002556
6	38	1	0	29	12	0	29	6	14	430.53	0		5.002556
6	39	2	0	0	12	8	29	5	8	280.53	0		15.735701
6	40	2	0	0	12	16	29	5	8	280.53	0		15.735701
6	41	2	0	0	0	22	29	5	8	280.53	0		15.735701
47	315	1	0	29	18	0	29	6	14	430.53	0		5.002556
6	43	3	0	29	12	14	25	12	10	1379.09	1		6.617839
6	44	3	0	29	0	20	25	12	10	1379.09	1		6.617839


-------------------------------------------------------------------------------------------------------------------
Tour_Id:			6
No_of_Customers:		2
No_of_Items:			11
Customer_Sequence:		3 54 

CustId	Id	TypeId	Rotated	x	y	z	Length	Width	Height	mass	Fragility	LoadBearingStrength
54	357	3	0	0	0	0	25	12	10	1379.09	1		6.617839
54	356	3	0	0	12	0	25	12	10	1379.09	1		6.617839
54	355	1	0	25	0	0	29	6	14	430.53	0		5.002556
54	358	3	0	0	0	10	25	12	10	1379.09	1		6.617839
54	359	3	0	0	12	10	25	12	10	1379.09	1		6.617839
3	16	2	0	25	6	0	29	5	8	280.53	0		15.735701
3	20	3	0	0	0	20	25	12	10	1379.09	1		6.617839
3	15	2	0	25	11	0	29	5	8	280.53	0		15.735701
3	18	3	0	0	12	20	25	12	10	1379.09	1		6.617839
3	19	3	0	25	6	8	25	12	10	1379.09	1		6.617839
3	17	3	0	25	6	18	25	12	10	1379.09	1		6.617839


-------------------------------------------------------------------------------------------------------------------
Tour_Id:			7
No_of_Customers:		2
No_of_Items:			13
Customer_Sequence:		10 43 

CustId	Id	TypeId	Rotated	x	y	z	Length	Width	Height	mass	Fragility	LoadBearingStrength
43	294	3	0	0	0	0	25	12	10	1379.09	1		6.617839
10	62	2	0	0	12	0	29	5	8	280.53	0		15.735701
43	291	3	0	0	0	10	25	12	10	1379.09	1		6.617839
43	289	2	0	0	17	0	29	5	8	280.53	0		15.735701
10	60	1	0	0	12	8	29	6	14	430.53	0		5.002556
43	288	2	0	0	18	8	29	5	8	280.53	0		15.735701
43	292	3	0	0	0	20	25	12	10	1379.09	1		6.617839
43	293	3	0	25	0	0	25	12	10	1379.09	1		6.617839
43	286	1	0	0	18	16	29	6	14	430.53	0		5.002556
43	290	3	0	25	0	10	25	12	10	1379.09	1		6.617839
10	61	1	0	29	12	0	29	6	14	430.53	0		5.002556
43	287	1	0	29	18	0	29	6	14	430.53	0		5.002556
10	63	3	0	25	0	20	25	12	10	1379.09	1		6.617839


-------------------------------------------------------------------------------------------------------------------
Tour_Id:			8
No_of_Customers:		3
No_of_Items:			17
Customer_Sequence:		26 40 48 

CustId	Id	TypeId	Rotated	x	y	z	Length	Width	Height	mass	Fragility	LoadBearingStrength
48	322	1	0	0	0	0	29	6	14	430.53	0		5.002556
48	323	2	0	0	6	0	29	5	8	280.53	0		15.735701
48	324	2	0	0	11	0	29	5	8	280.53	0		15.735701
48	325	3	0	0	6	8	25	12	10	1379.09	1		6.617839
48	326	3	0	0	6	18	25	12	10	1379.09	1		6.617839
40	264	1	0	0	18	0	29	6	14	430.53	0		5.002556
40	265	1	0	0	0	14	29	6	14	430.53	0		5.002556
40	266	1	0	0	18	14	29	6	14	430.53	0		5.002556
40	267	2	0	29	0	0	29	5	8	280.53	0		15.735701
40	268	2	0	29	5	0	29	5	8	280.53	0		15.735701
40	269	2	0	25	6	8	29	5	8	280.53	0		15.735701
40	270	3	0	29	11	0	25	12	10	1379.09	1		6.617839
40	271	3	0	29	11	10	25	12	10	1379.09	1		6.617839
26	171	1	0	29	0	8	29	6	14	430.53	0		5.002556
26	172	2	0	25	6	16	29	5	8	280.53	0		15.735701
26	173	2	0	29	0	22	29	5	8	280.53	0		15.735701
26	174	3	0	29	11	20	25	12	10	1379.09	1		6.617839


-------------------------------------------------------------------------------------------------------------------
Tour_Id:			9
No_of_Customers:		2
No_of_Items:			15
Customer_Sequence:		4 25 

CustId	Id	TypeId	Rotated	x	y	z	Length	Width	Height	mass	Fragility	LoadBearingStrength
25	170	3	0	0	0	0	25	12	10	1379.09	1		6.617839
4	22	1	0	0	12	0	29	6	14	430.53	0		5.002556
25	167	2	0	0	18	0	29	5	8	280.53	0		15.735701
25	165	1	0	0	18	8	29	6	14	430.53	0		5.002556
25	168	3	0	0	0	10	25	12	10	1379.09	1		6.617839
4	24	2	0	0	12	14	29	5	8	280.53	0		15.735701
4	25	2	0	0	12	22	29	5	8	280.53	0		15.735701
25	169	3	0	0	0	20	25	12	10	1379.09	1		6.617839
25	166	1	0	25	0	0	29	6	14	430.53	0		5.002556
4	23	1	0	25	6	0	29	6	14	430.53	0		5.002556
4	26	2	0	0	17	22	29	5	8	280.53	0		15.735701
4	21	1	0	25	0	14	29	6	14	430.53	0		5.002556
4	27	2	0	25	6	14	29	5	8	280.53	0		15.735701
4	28	3	0	29	12	0	25	12	10	1379.09	1		6.617839
4	29	3	0	29	12	10	25	12	10	1379.09	1		6.617839


-------------------------------------------------------------------------------------------------------------------
Tour_Id:			10
No_of_Customers:		2
No_of_Items:			14
Customer_Sequence:		35 21 

CustId	Id	TypeId	Rotated	x	y	z	Length	Width	Height	mass	Fragility	LoadBearingStrength
21	133	1	0	0	0	0	29	6	14	430.53	0		5.002556
21	134	1	0	0	6	0	29	6	14	430.53	0		5.002556
21	135	1	0	0	12	0	29	6	14	430.53	0		5.002556
21	136	1	0	0	18	0	29	6	14	430.53	0		5.002556
21	137	2	0	0	0	14	29	5	8	280.53	0		15.735701
21	138	3	0	0	5	14	25	12	10	1379.09	1		6.617839
21	139	3	0	29	0	0	25	12	10	1379.09	1		6.617839
21	140	3	0	29	12	0	25	12	10	1379.09	1		6.617839
21	141	3	0	29	0	10	25	12	10	1379.09	1		6.617839
35	227	1	0	0	17	14	29	6	14	430.53	0		5.002556
35	228	2	0	0	0	22	29	5	8	280.53	0		15.735701
35	229	3	0	29	12	10	25	12	10	1379.09	1		6.617839
35	230	3	0	29	0	20	25	12	10	1379.09	1		6.617839
35	231	3	0	29	12	20	25	12	10	1379.09	1		6.617839


-------------------------------------------------------------------------------------------------------------------
Tour_Id:			11
No_of_Customers:		2
No_of_Items:			15
Customer_Sequence:		51 44 

CustId	Id	TypeId	Rotated	x	y	z	Length	Width	Height	mass	Fragility	LoadBearingStrength
44	295	1	0	0	0	0	29	6	14	430.53	0		5.002556
44	296	1	0	0	6	0	29	6	14	430.53	0		5.002556
44	300	3	0	0	12	0	25	12	10	1379.09	1		6.617839
44	298	2	0	0	0	14	29	5	8	280.53	0		15.735701
44	299	2	0	0	5	14	29	5	8	280.53	0		15.735701
44	297	1	0	25	12	0	29	6	14	430.53	0		5.002556
51	339	1	0	25	18	0	29	6	14	430.53	0		5.002556
44	302	3	0	0	12	10	25	12	10	1379.09	1		6.617839
44	301	3	0	0	10	20	25	12	10	1379.09	1		6.617839
51	338	1	0	25	12	14	29	6	14	430.53	0		5.002556
51	340	1	0	25	18	14	29	6	14	430.53	0		5.002556
51	341	2	0	0	0	22	29	5	8	280.53	0		15.735701
51	342	2	0	0	5	22	29	5	8	280.53	0		15.735701
51	343	3	0	29	0	0	25	12	10	1379.09	1		6.617839
51	344	3	0	29	0	10	25	12	10	1379.09	1		6.617839


-------------------------------------------------------------------------------------------------------------------
Tour_Id:			12
No_of_Customers:		2
No_of_Items:			15
Customer_Sequence:		12 29 

CustId	Id	TypeId	Rotated	x	y	z	Length	Width	Height	mass	Fragility	LoadBearingStrength
29	192	3	0	0	0	0	25	12	10	1379.09	1		6.617839
29	188	1	0	0	12	0	29	6	14	430.53	0		5.002556
29	189	1	0	0	18	0	29	6	14	430.53	0		5.002556
29	190	1	0	0	12	14	29	6	14	430.53	0		5.002556
29	191	2	0	0	18	14	29	5	8	280.53	0		15.735701
29	187	1	0	25	0	0	29	6	14	430.53	0		5.002556
29	193	3	0	0	0	10	25	12	10	1379.09	1		6.617839
29	194	3	0	0	0	20	25	12	10	1379.09	1		6.617839
12	71	1	0	25	6	0	29	6	14	430.53	0		5.002556
12	72	1	0	25	0	14	29	6	14	430.53	0		5.002556
12	73	2	0	0	18	22	29	5	8	280.53	0		15.735701
12	74	2	0	25	6	14	29	5	8	280.53	0		15.735701
12	75	3	0	29	12	0	25	12	10	1379.09	1		6.617839
12	76	3	0	29	12	10	25	12	10	1379.09	1		6.617839
12	77	3	0	29	11	20	25	12	10	1379.09	1		6.617839


-------------------------------------------------------------------------------------------------------------------
Tour_Id:			13
No_of_Customers:		2
No_of_Items:			15
Customer_Sequence:		60 28 

CustId	Id	TypeId	Rotated	x	y	z	Length	Width	Height	mass	Fragility	LoadBearingStrength
28	181	2	0	0	0	0	29	5	8	280.53	0		15.735701
28	182	2	0	0	5	0	29	5	8	280.53	0		15.735701
28	183	2	0	0	10	0	29	5	8	280.53	0		15.735701
28	184	2	0	0	15	0	29	5	8	280.53	0		15.735701
60	394	2	0	0	20	0	29	5	8	280.53	0		15.735701
60	392	1	0	0	0	8	29	6	14	430.53	0		5.002556
28	186	3	0	0	6	8	25	12	10	1379.09	1		6.617839
60	393	1	0	0	18	8	29	6	14	430.53	0		5.002556
28	185	3	0	0	6	18	25	12	10	1379.09	1		6.617839
60	395	2	0	0	0	22	29	5	8	280.53	0		15.735701
60	396	3	0	29	0	0	25	12	10	1379.09	1		6.617839
60	397	3	0	29	12	0	25	12	10	1379.09	1		6.617839
60	398	3	0	29	0	10	25	12	10	1379.09	1		6.617839
60	399	3	0	29	12	10	25	12	10	1379.09	1		6.617839
60	400	3	0	29	0	20	25	12	10	1379.09	1		6.617839


-------------------------------------------------------------------------------------------------------------------
Tour_Id:			14
No_of_Customers:		2
No_of_Items:			14
Customer_Sequence:		5 41 

CustId	Id	TypeId	Rotated	x	y	z	Length	Width	Height	mass	Fragility	LoadBearingStrength
41	276	3	0	0	0	0	25	12	10	1379.09	1		6.617839
41	273	1	0	0	12	0	29	6	14	430.53	0		5.002556
41	274	1	0	0	18	0	29	6	14	430.53	0		5.002556
41	275	2	0	0	12	14	29	5	8	280.53	0		15.735701
41	272	1	0	0	17	14	29	6	14	430.53	0		5.002556
41	277	3	0	0	0	10	25	12	10	1379.09	1		6.617839
41	278	3	0	0	0	20	25	12	10	1379.09	1		6.617839
5	30	1	0	25	0	0	29	6	14	430.53	0		5.002556
5	31	1	0	25	6	0	29	6	14	430.53	0		5.002556
5	32	1	0	25	0	14	29	6	14	430.53	0		5.002556
5	33	1	0	25	6	14	29	6	14	430.53	0		5.002556
5	34	2	0	0	12	22	29	5	8	280.53	0		15.735701
5	35	3	0	29	12	0	25	12	10	1379.09	1		6.617839
5	36	3	0	29	12	10	25	12	10	1379.09	1		6.617839


-------------------------------------------------------------------------------------------------------------------
Tour_Id:			15
No_of_Customers:		3
No_of_Items:			16
Customer_Sequence:		13 52 27 

CustId	Id	TypeId	Rotated	x	y	z	Length	Width	Height	mass	Fragility	LoadBearingStrength
52	345	2	0	0	0	0	29	5	8	280.53	0		15.735701
27	176	2	0	0	5	0	29	5	8	280.53	0		15.735701
27	177	2	0	0	10	0	29	5	8	280.53	0		15.735701
27	178	2	0	0	15	0	29	5	8	280.53	0		15.735701
27	179	3	0	0	5	8	25	12	10	1379.09	1		6.617839
27	180	3	0	0	5	18	25	12	10	1379.09	1		6.617839
52	347	3	0	29	0	0	25	12	10	1379.09	1		6.617839
52	349	3	0	25	0	10	25	12	10	1379.09	1		6.617839
27	175	1	0	29	12	0	29	6	14	430.53	0		5.002556
52	348	3	0	25	0	20	25	12	10	1379.09	1		6.617839
52	346	2	0	0	20	0	29	5	8	280.53	0		15.735701
13	78	1	0	0	18	8	29	6	14	430.53	0		5.002556
13	79	1	0	25	12	14	29	6	14	430.53	0		5.002556
13	80	1	0	29	18	0	29	6	14	430.53	0		5.002556
13	81	2	0	0	18	22	29	5	8	280.53	0		15.735701
13	82	2	0	29	18	14	29	5	8	280.53	0		15.735701


-------------------------------------------------------------------------------------------------------------------
Tour_Id:			16
No_of_Customers:		2
No_of_Items:			14
Customer_Sequence:		34 17 

CustId	Id	TypeId	Rotated	x	y	z	Length	Width	Height	mass	Fragility	LoadBearingStrength
17	107	1	0	0	0	0	29	6	14	430.53	0		5.002556
17	108	1	0	0	6	0	29	6	14	430.53	0		5.002556
17	109	1	0	0	12	0	29	6	14	430.53	0		5.002556
17	110	1	0	0	18	0	29	6	14	430.53	0		5.002556
17	111	2	0	0	0	14	29	5	8	280.53	0		15.735701
17	112	3	0	0	5	14	25	12	10	1379.09	1		6.617839
34	219	1	0	0	17	14	29	6	14	430.53	0		5.002556
34	220	1	0	29	0	0	29	6	14	430.53	0		5.002556
34	221	2	0	0	0	22	29	5	8	280.53	0		15.735701
34	222	2	0	29	6	0	29	5	8	280.53	0		15.735701
34	224	3	0	29	11	0	25	12	10	1379.09	1		6.617839
34	223	2	0	29	6	8	29	5	8	280.53	0		15.735701
34	225	3	0	29	11	10	25	12	10	1379.09	1		6.617839
34	226	3	0	29	11	20	25	12	10	1379.09	1		6.617839


-------------------------------------------------------------------------------------------------------------------
Tour_Id:			17
No_of_Customers:		3
No_of_Items:			17
Customer_Sequence:		45 31 46 

CustId	Id	TypeId	Rotated	x	y	z	Length	Width	Height	mass	Fragility	LoadBearingStrength
46	308	1	0	0	0	0	29	6	14	430.53	0		5.002556
46	311	3	0	0	6	0	25	12	10	1379.09	1		6.617839
46	310	2	0	0	18	0	29	5	8	280.53	0		15.735701
31	202	1	0	0	18	8	29	6	14	430.53	0		5.002556
46	312	3	0	0	6	10	25	12	10	1379.09	1		6.617839
31	203	1	0	0	0	14	29	6	14	430.53	0		5.002556
31	205	2	0	0	18	22	29	5	8	280.53	0		15.735701
31	204	2	0	25	6	0	29	5	8	280.53	0		15.735701
46	309	1	0	29	0	0	29	6	14	430.53	0		5.002556
31	206	2	0	25	11	0	29	5	8	280.53	0		15.735701
31	207	3	0	0	6	20	25	12	10	1379.09	1		6.617839
31	208	3	0	25	6	8	25	12	10	1379.09	1		6.617839
45	303	1	0	29	18	0	29	6	14	430.53	0		5.002556
45	304	1	0	29	0	14	29	6	14	430.53	0		5.002556
45	305	2	0	29	18	14	29	5	8	280.53	0		15.735701
45	306	2	0	29	18	22	29	5	8	280.53	0		15.735701
45	307	3	0	25	6	18	25	12	10	1379.09	1		6.617839


-------------------------------------------------------------------------------------------------------------------
Tour_Id:			18
No_of_Customers:		3
No_of_Items:			17
Customer_Sequence:		18 39 32 

CustId	Id	TypeId	Rotated	x	y	z	Length	Width	Height	mass	Fragility	LoadBearingStrength
32	209	1	0	0	0	0	29	6	14	430.53	0		5.002556
32	212	3	0	0	6	0	25	12	10	1379.09	1		6.617839
32	211	3	0	0	6	10	25	12	10	1379.09	1		6.617839
32	210	2	0	0	18	0	29	5	8	280.53	0		15.735701
32	213	3	0	0	6	20	25	12	10	1379.09	1		6.617839
39	257	1	0	0	18	8	29	6	14	430.53	0		5.002556
39	258	1	0	0	0	14	29	6	14	430.53	0		5.002556
39	262	3	0	25	6	0	25	12	10	1379.09	1		6.617839
39	260	2	0	0	18	22	29	5	8	280.53	0		15.735701
39	261	2	0	29	0	0	29	5	8	280.53	0		15.735701
39	259	2	0	29	18	0	29	5	8	280.53	0		15.735701
39	263	3	0	25	6	10	25	12	10	1379.09	1		6.617839
18	113	1	0	29	0	8	29	6	14	430.53	0		5.002556
18	114	2	0	29	18	8	29	5	8	280.53	0		15.735701
18	115	2	0	29	18	16	29	5	8	280.53	0		15.735701
18	116	2	0	29	0	22	29	5	8	280.53	0		15.735701
18	117	3	0	25	6	20	25	12	10	1379.09	1		6.617839


-------------------------------------------------------------------------------------------------------------------
Tour_Id:			19
No_of_Customers:		3
No_of_Items:			18
Customer_Sequence:		42 53 2 

CustId	Id	TypeId	Rotated	x	y	z	Length	Width	Height	mass	Fragility	LoadBearingStrength
2	9	1	0	0	0	0	29	6	14	430.53	0		5.002556
2	14	3	0	0	6	0	25	12	10	1379.09	1		6.617839
53	354	3	0	0	6	10	25	12	10	1379.09	1		6.617839
2	13	2	0	0	18	0	29	5	8	280.53	0		15.735701
53	353	3	0	0	6	20	25	12	10	1379.09	1		6.617839
2	10	1	0	0	18	8	29	6	14	430.53	0		5.002556
53	350	2	0	0	0	14	29	5	8	280.53	0		15.735701
53	351	2	0	0	0	22	29	5	8	280.53	0		15.735701
2	12	2	0	0	18	22	29	5	8	280.53	0		15.735701
2	11	1	0	29	0	0	29	6	14	430.53	0		5.002556
53	352	3	0	25	6	0	25	12	10	1379.09	1		6.617839
42	279	2	0	29	18	0	29	5	8	280.53	0		15.735701
42	280	2	0	29	18	8	29	5	8	280.53	0		15.735701
42	281	2	0	29	0	14	29	5	8	280.53	0		15.735701
42	282	2	0	29	18	16	29	5	8	280.53	0		15.735701
42	283	2	0	29	0	22	29	5	8	280.53	0		15.735701
42	284	3	0	25	6	10	25	12	10	1379.09	1		6.617839
42	285	3	0	25	5	20	25	12	10	1379.09	1		6.617839


-------------------------------------------------------------------------------------------------------------------
Tour_Id:			20
No_of_Customers:		2
No_of_Items:			13
Customer_Sequence:		56 55 

CustId	Id	TypeId	Rotated	x	y	z	Length	Width	Height	mass	Fragility	LoadBearingStrength
55	360	1	0	0	0	0	29	6	14	430.53	0		5.002556
55	361	1	0	0	6	0	29	6	14	430.53	0		5.002556
55	362	1	0	0	12	0	29	6	14	430.53	0		5.002556
55	363	1	0	0	18	0	29	6	14	430.53	0		5.002556
55	364	1	0	0	0	14	29	6	14	430.53	0		5.002556
56	367	2	0	0	6	14	29	5	8	280.53	0		15.735701
55	365	1	0	0	11	14	29	6	14	430.53	0		5.002556
55	366	3	0	29	0	0	25	12	10	1379.09	1		6.617839
56	368	3	0	29	12	0	25	12	10	1379.09	1		6.617839
56	369	3	0	29	0	10	25	12	10	1379.09	1		6.617839
56	370	3	0	29	12	10	25	12	10	1379.09	1		6.617839
56	371	3	0	29	0	20	25	12	10	1379.09	1		6.617839
56	372	3	0	29	12	20	25	12	10	1379.09	1		6.617839


-------------------------------------------------------------------------------------------------------------------
Tour_Id:			21
No_of_Customers:		2
No_of_Items:			13
Customer_Sequence:		22 59 

CustId	Id	TypeId	Rotated	x	y	z	Length	Width	Height	mass	Fragility	LoadBearingStrength
59	386	1	0	0	0	0	29	6	14	430.53	0		5.002556
59	387	1	0	0	6	0	29	6	14	430.53	0		5.002556
59	388	2	0	0	12	0	29	5	8	280.53	0		15.735701
59	389	2	0	0	17	0	29	5	8	280.53	0		15.735701
59	390	3	0	0	12	8	25	12	10	1379.09	1		6.617839
22	143	2	0	0	0	14	29	5	8	280.53	0		15.735701
22	142	1	0	0	5	14	29	6	14	430.53	0		5.002556
59	391	3	0	0	12	18	25	12	10	1379.09	1		6.617839
22	144	3	0	29	0	0	25	12	10	1379.09	1		6.617839
22	145	3	0	29	12	0	25	12	10	1379.09	1		6.617839
22	146	3	0	25	12	10	25	12	10	1379.09	1		6.617839
22	147	3	0	25	11	20	25	12	10	1379.09	1		6.617839
22	148	3	0	29	0	10	25	12	10	1379.09	1		6.617839


-------------------------------------------------------------------------------------------------------------------
Tour_Id:			22
No_of_Customers:		2
No_of_Items:			15
Customer_Sequence:		1 49 

CustId	Id	TypeId	Rotated	x	y	z	Length	Width	Height	mass	Fragility	LoadBearingStrength
49	327	1	0	0	0	0	29	6	14	430.53	0		5.002556
49	328	1	0	0	6	0	29	6	14	430.53	0		5.002556
49	331	3	0	0	12	0	25	12	10	1379.09	1		6.617839
1	5	2	0	0	0	14	29	5	8	280.53	0		15.735701
1	3	1	0	0	5	14	29	6	14	430.53	0		5.002556
49	329	2	0	25	12	0	29	5	8	280.53	0		15.735701
49	333	3	0	0	12	10	25	12	10	1379.09	1		6.617839
1	1	1	0	25	17	0	29	6	14	430.53	0		5.002556
1	6	2	0	0	0	22	29	5	8	280.53	0		15.735701
49	332	3	0	0	11	20	25	12	10	1379.09	1		6.617839
1	4	2	0	25	12	8	29	5	8	280.53	0		15.735701
49	330	3	0	29	0	0	25	12	10	1379.09	1		6.617839
1	2	1	0	25	17	14	29	6	14	430.53	0		5.002556
1	7	3	0	29	0	10	25	12	10	1379.09	1		6.617839
1	8	3	0	29	0	20	25	12	10	1379.09	1		6.617839


-------------------------------------------------------------------------------------------------------------------
Tour_Id:			23
No_of_Customers:		3
No_of_Items:			17
Customer_Sequence:		33 14 9 

CustId	Id	TypeId	Rotated	x	y	z	Length	Width	Height	mass	Fragility	LoadBearingStrength
9	55	1	0	0	0	0	29	6	14	430.53	0		5.002556
14	85	3	0	0	6	0	25	12	10	1379.09	1		6.617839
9	57	1	0	0	18	0	29	6	14	430.53	0		5.002556
9	58	2	0	0	0	14	29	5	8	280.53	0		15.735701
9	59	2	0	0	18	14	29	5	8	280.53	0		15.735701
14	83	1	0	25	6	0	29	6	14	430.53	0		5.002556
9	56	1	0	29	0	0	29	6	14	430.53	0		5.002556
14	84	2	0	0	0	22	29	5	8	280.53	0		15.735701
14	86	3	0	0	6	10	25	12	10	1379.09	1		6.617839
14	87	3	0	0	5	20	25	12	10	1379.09	1		6.617839
33	216	2	0	0	18	22	29	5	8	280.53	0		15.735701
14	89	3	0	29	12	0	25	12	10	1379.09	1		6.617839
33	214	1	0	25	5	14	29	6	14	430.53	0		5.002556
33	215	2	0	29	0	14	29	5	8	280.53	0		15.735701
14	88	3	0	29	12	10	25	12	10	1379.09	1		6.617839
33	217	2	0	29	0	22	29	5	8	280.53	0		15.735701
33	218	3	0	29	11	20	25	12	10	1379.09	1		6.617839


-------------------------------------------------------------------------------------------------------------------
Tour_Id:			24
No_of_Customers:		2
No_of_Items:			16
Customer_Sequence:		23 24 

CustId	Id	TypeId	Rotated	x	y	z	Length	Width	Height	mass	Fragility	LoadBearingStrength
24	157	1	0	0	0	0	29	6	14	430.53	0		5.002556
24	158	1	0	0	6	0	29	6	14	430.53	0		5.002556
24	159	1	0	0	12	0	29	6	14	430.53	0		5.002556
24	160	1	0	0	18	0	29	6	14	430.53	0		5.002556
24	161	1	0	0	0	14	29	6	14	430.53	0		5.002556
24	162	2	0	0	6	14	29	5	8	280.53	0		15.735701
24	163	2	0	0	11	14	29	5	8	280.53	0		15.735701
24	164	3	0	29	0	0	25	12	10	1379.09	1		6.617839
23	151	2	0	0	16	14	29	5	8	280.53	0		15.735701
23	150	1	0	29	12	0	29	6	14	430.53	0		5.002556
23	149	1	0	29	18	0	29	6	14	430.53	0		5.002556
23	152	2	0	0	6	22	29	5	8	280.53	0		15.735701
23	153	2	0	0	11	22	29	5	8	280.53	0		15.735701
23	154	3	0	29	0	10	25	12	10	1379.09	1		6.617839
23	155	3	0	29	12	14	25	12	10	1379.09	1		6.617839
23	156	3	0	29	0	20	25	12	10	1379.09	1		6.617839


-------------------------------------------------------------------------------------------------------------------
Tour_Id:			25
No_of_Customers:		2
No_of_Items:			16
Customer_Sequence:		11 58 

CustId	Id	TypeId	Rotated	x	y	z	Length	Width	Height	mass	Fragility	LoadBearingStrength
58	377	1	0	0	0	0	29	6	14	430.53	0		5.002556
58	378	1	0	0	6	0	29	6	14	430.53	0		5.002556
58	379	2	0	0	12	0	29	5	8	280.53	0		15.735701
58	380	2	0	0	17	0	29	5	8	280.53	0		15.735701
58	381	2	0	0	12	8	29	5	8	280.53	0		15.735701
58	382	2	0	0	17	8	29	5	8	280.53	0		15.735701
58	383	2	0	0	0	14	29	5	8	280.53	0		15.735701
58	384	3	0	0	12	16	25	12	10	1379.09	1		6.617839
58	385	3	0	29	0	0	25	12	10	1379.09	1		6.617839
11	64	2	0	0	5	14	29	5	8	280.53	0		15.735701
11	65	2	0	0	0	22	29	5	8	280.53	0		15.735701
11	66	2	0	0	5	22	29	5	8	280.53	0		15.735701
11	67	3	0	29	12	0	25	12	10	1379.09	1		6.617839
11	68	3	0	29	0	10	25	12	10	1379.09	1		6.617839
11	69	3	0	29	12	10	25	12	10	1379.09	1		6.617839
11	70	3	0	25	10	20	25	12	10	1379.09	1		6.617839


-------------------------------------------------------------------------------------------------------------------
Tour_Id:			26
No_of_Customers:		3
No_of_Items:			19
Customer_Sequence:		7 19 20 

CustId	Id	TypeId	Rotated	x	y	z	Length	Width	Height	mass	Fragility	LoadBearingStrength
20	130	3	0	0	0	0	25	12	10	1379.09	1		6.617839
19	126	3	0	0	12	0	25	12	10	1379.09	1		6.617839
20	128	2	0	25	0	0	29	5	8	280.53	0		15.735701
20	132	3	0	0	0	10	25	12	10	1379.09	1		6.617839
20	131	3	0	0	0	20	25	12	10	1379.09	1		6.617839
20	129	2	0	25	5	0	29	5	8	280.53	0		15.735701
19	122	2	0	25	10	0	29	5	8	280.53	0		15.735701
20	127	1	0	25	0	8	29	6	14	430.53	0		5.002556
19	124	3	0	0	12	10	25	12	10	1379.09	1		6.617839
19	121	2	0	25	15	0	29	5	8	280.53	0		15.735701
19	119	1	0	25	6	8	29	6	14	430.53	0		5.002556
19	123	2	0	25	20	0	29	5	8	280.53	0		15.735701
19	120	2	0	25	12	8	29	5	8	280.53	0		15.735701
19	125	3	0	0	12	20	25	12	10	1379.09	1		6.617839
19	118	1	0	25	17	8	29	6	14	430.53	0		5.002556
7	45	2	0	25	12	16	29	5	8	280.53	0		15.735701
7	46	2	0	25	0	22	29	5	8	280.53	0		15.735701
7	47	2	0	25	5	22	29	5	8	280.53	0		15.735701
7	48	2	0	25	17	22	29	5	8	280.53	0		15.735701


