Name:				395_n060_m400_bt3
Problem:			3L-VRPTW
Number_of_used_Vehicles:	28
Total_Travel_Distance:		1952.51
Calculation_Time:		3600.00
Total_Iterations:		9149
ConstraintSet:			P1

-------------------------------------------------------------------------------------------------------------------
Tour_Id:			1
No_of_Customers:		2
No_of_Items:			14
Customer_Sequence:		39 26 

CustId	Id	TypeId	Rotated	x	y	z	Length	Width	Height	mass	Fragility	LoadBearingStrength
26	170	1	0	0	0	0	14	12	7	335.13	1		3.595024
26	172	3	0	0	12	0	28	6	10	309.32	0		9.198795
26	173	3	0	0	18	0	28	6	10	309.32	0		9.198795
26	174	3	0	0	12	10	28	6	10	309.32	0		9.198795
26	171	3	0	0	18	10	28	6	10	309.32	0		9.198795
39	248	2	0	14	0	0	31	10	11	655.22	0		27.853495
39	249	2	0	14	0	11	31	10	11	655.22	0		27.853495
39	250	2	0	28	12	0	31	10	11	655.22	0		27.853495
39	251	2	0	28	10	11	31	10	11	655.22	0		27.853495
39	252	3	0	0	12	20	28	6	10	309.32	0		9.198795
39	253	3	0	0	18	20	28	6	10	309.32	0		9.198795
39	245	1	0	0	0	7	14	12	7	335.13	1		3.595024
39	246	1	0	0	0	14	14	12	7	335.13	1		3.595024
39	247	1	0	0	0	21	14	12	7	335.13	1		3.595024


-------------------------------------------------------------------------------------------------------------------
Tour_Id:			2
No_of_Customers:		2
No_of_Items:			11
Customer_Sequence:		32 15 

CustId	Id	TypeId	Rotated	x	y	z	Length	Width	Height	mass	Fragility	LoadBearingStrength
15	96	2	0	0	0	0	31	10	11	655.22	0		27.853495
15	99	3	0	0	10	0	28	6	10	309.32	0		9.198795
15	98	2	0	0	0	11	31	10	11	655.22	0		27.853495
15	97	2	0	28	10	0	31	10	11	655.22	0		27.853495
15	100	3	0	0	16	0	28	6	10	309.32	0		9.198795
15	94	1	0	0	10	10	14	12	7	335.13	1		3.595024
15	95	1	0	0	10	17	14	12	7	335.13	1		3.595024
32	203	2	0	28	10	11	31	10	11	655.22	0		27.853495
32	204	3	0	31	0	0	28	6	10	309.32	0		9.198795
32	201	1	0	14	0	22	14	12	7	335.13	1		3.595024
32	202	1	0	28	10	22	14	12	7	335.13	1		3.595024


-------------------------------------------------------------------------------------------------------------------
Tour_Id:			3
No_of_Customers:		2
No_of_Items:			12
Customer_Sequence:		16 45 

CustId	Id	TypeId	Rotated	x	y	z	Length	Width	Height	mass	Fragility	LoadBearingStrength
45	286	3	0	0	0	0	28	6	10	309.32	0		9.198795
45	285	3	0	0	6	0	28	6	10	309.32	0		9.198795
16	102	2	0	0	12	0	31	10	11	655.22	0		27.853495
45	284	3	0	0	0	10	28	6	10	309.32	0		9.198795
45	283	3	0	0	6	10	28	6	10	309.32	0		9.198795
16	103	2	0	0	12	11	31	10	11	655.22	0		27.853495
45	281	2	0	28	0	0	31	10	11	655.22	0		27.853495
16	104	3	0	0	0	20	28	6	10	309.32	0		9.198795
45	282	3	0	0	6	20	28	6	10	309.32	0		9.198795
16	101	2	0	28	0	11	31	10	11	655.22	0		27.853495
16	105	3	0	31	12	0	28	6	10	309.32	0		9.198795
16	106	3	0	31	18	0	28	6	10	309.32	0		9.198795


-------------------------------------------------------------------------------------------------------------------
Tour_Id:			4
No_of_Customers:		3
No_of_Items:			19
Customer_Sequence:		11 42 55 

CustId	Id	TypeId	Rotated	x	y	z	Length	Width	Height	mass	Fragility	LoadBearingStrength
55	363	3	0	0	0	0	28	6	10	309.32	0		9.198795
55	362	3	0	0	6	0	28	6	10	309.32	0		9.198795
55	356	1	0	0	12	0	14	12	7	335.13	1		3.595024
42	264	3	0	0	0	10	28	6	10	309.32	0		9.198795
55	361	2	0	14	12	0	31	10	11	655.22	0		27.853495
55	357	1	0	0	12	7	14	12	7	335.13	1		3.595024
55	355	1	0	0	12	14	14	12	7	335.13	1		3.595024
55	358	1	0	0	12	21	14	12	7	335.13	1		3.595024
55	360	2	0	14	12	11	31	10	11	655.22	0		27.853495
42	265	3	0	0	6	10	28	6	10	309.32	0		9.198795
55	359	1	0	14	12	22	14	12	7	335.13	1		3.595024
42	263	2	0	28	0	0	31	10	11	655.22	0		27.853495
11	73	2	0	28	0	11	31	10	11	655.22	0		27.853495
11	74	3	0	0	0	20	28	6	10	309.32	0		9.198795
11	75	3	0	0	6	20	28	6	10	309.32	0		9.198795
11	69	1	0	28	0	22	14	12	7	335.13	1		3.595024
11	70	1	0	28	12	22	14	12	7	335.13	1		3.595024
11	71	1	0	42	0	22	14	12	7	335.13	1		3.595024
11	72	1	0	45	12	0	14	12	7	335.13	1		3.595024


-------------------------------------------------------------------------------------------------------------------
Tour_Id:			5
No_of_Customers:		2
No_of_Items:			17
Customer_Sequence:		19 60 

CustId	Id	TypeId	Rotated	x	y	z	Length	Width	Height	mass	Fragility	LoadBearingStrength
19	127	3	0	0	0	0	28	6	10	309.32	0		9.198795
60	400	3	0	0	6	0	28	6	10	309.32	0		9.198795
60	394	1	0	0	12	0	14	12	7	335.13	1		3.595024
60	398	2	0	14	12	0	31	10	11	655.22	0		27.853495
60	393	1	0	0	12	7	14	12	7	335.13	1		3.595024
60	395	1	0	0	12	14	14	12	7	335.13	1		3.595024
60	397	2	0	14	12	11	31	10	11	655.22	0		27.853495
60	399	3	0	0	6	10	28	6	10	309.32	0		9.198795
60	396	1	0	0	12	21	14	12	7	335.13	1		3.595024
19	125	2	0	28	0	0	31	10	11	655.22	0		27.853495
19	126	3	0	0	0	10	28	6	10	309.32	0		9.198795
19	124	2	0	28	0	11	31	10	11	655.22	0		27.853495
19	119	1	0	0	0	20	14	12	7	335.13	1		3.595024
19	120	1	0	14	0	20	14	12	7	335.13	1		3.595024
19	121	1	0	14	12	22	14	12	7	335.13	1		3.595024
19	122	1	0	28	0	22	14	12	7	335.13	1		3.595024
19	123	1	0	28	12	22	14	12	7	335.13	1		3.595024


-------------------------------------------------------------------------------------------------------------------
Tour_Id:			6
No_of_Customers:		2
No_of_Items:			16
Customer_Sequence:		38 22 

CustId	Id	TypeId	Rotated	x	y	z	Length	Width	Height	mass	Fragility	LoadBearingStrength
22	146	2	0	0	0	0	31	10	11	655.22	0		27.853495
22	149	3	0	0	10	0	28	6	10	309.32	0		9.198795
38	243	3	0	0	16	0	28	6	10	309.32	0		9.198795
22	147	2	0	0	0	11	31	10	11	655.22	0		27.853495
22	150	3	0	0	10	10	28	6	10	309.32	0		9.198795
22	148	3	0	0	10	20	28	6	10	309.32	0		9.198795
38	244	3	0	0	16	10	28	6	10	309.32	0		9.198795
22	144	1	0	31	0	0	14	12	7	335.13	1		3.595024
22	145	1	0	31	0	7	14	12	7	335.13	1		3.595024
38	241	2	0	28	12	0	31	10	11	655.22	0		27.853495
38	242	2	0	28	12	11	31	10	11	655.22	0		27.853495
22	142	1	0	31	0	14	14	12	7	335.13	1		3.595024
22	143	1	0	31	0	21	14	12	7	335.13	1		3.595024
38	238	1	0	28	12	22	14	12	7	335.13	1		3.595024
38	239	1	0	42	12	22	14	12	7	335.13	1		3.595024
38	240	1	0	45	0	0	14	12	7	335.13	1		3.595024


-------------------------------------------------------------------------------------------------------------------
Tour_Id:			7
No_of_Customers:		1
No_of_Items:			0
Customer_Sequence:		28 

-------------------------------------------------------------------------------------------------------------------
Tour_Id:			8
No_of_Customers:		2
No_of_Items:			15
Customer_Sequence:		10 8 

CustId	Id	TypeId	Rotated	x	y	z	Length	Width	Height	mass	Fragility	LoadBearingStrength
8	51	1	0	0	0	0	14	12	7	335.13	1		3.595024
8	54	3	0	0	12	0	28	6	10	309.32	0		9.198795
8	48	1	0	0	0	7	14	12	7	335.13	1		3.595024
8	49	1	0	0	0	14	14	12	7	335.13	1		3.595024
8	50	1	0	0	0	21	14	12	7	335.13	1		3.595024
8	52	1	0	14	0	0	14	12	7	335.13	1		3.595024
10	66	2	0	28	0	0	31	10	11	655.22	0		27.853495
10	64	2	0	28	10	0	31	10	11	655.22	0		27.853495
10	65	2	0	28	0	11	31	10	11	655.22	0		27.853495
8	53	3	0	0	18	0	28	6	10	309.32	0		9.198795
10	67	2	0	28	10	11	31	10	11	655.22	0		27.853495
10	68	3	0	0	12	10	28	6	10	309.32	0		9.198795
10	61	1	0	14	0	7	14	12	7	335.13	1		3.595024
10	62	1	0	14	0	14	14	12	7	335.13	1		3.595024
10	63	1	0	14	0	21	14	12	7	335.13	1		3.595024


-------------------------------------------------------------------------------------------------------------------
Tour_Id:			9
No_of_Customers:		2
No_of_Items:			10
Customer_Sequence:		18 9 

CustId	Id	TypeId	Rotated	x	y	z	Length	Width	Height	mass	Fragility	LoadBearingStrength
9	55	2	0	0	0	0	31	10	11	655.22	0		27.853495
9	60	3	0	0	10	0	28	6	10	309.32	0		9.198795
9	57	2	0	0	0	11	31	10	11	655.22	0		27.853495
9	58	3	0	0	16	0	28	6	10	309.32	0		9.198795
9	59	3	0	0	10	10	28	6	10	309.32	0		9.198795
9	56	2	0	28	10	0	31	10	11	655.22	0		27.853495
18	115	2	0	28	10	11	31	10	11	655.22	0		27.853495
18	116	3	0	0	10	20	28	6	10	309.32	0		9.198795
18	117	3	0	31	0	0	28	6	10	309.32	0		9.198795
18	118	3	0	31	0	10	28	6	10	309.32	0		9.198795


-------------------------------------------------------------------------------------------------------------------
Tour_Id:			10
No_of_Customers:		3
No_of_Items:			19
Customer_Sequence:		58 6 37 

CustId	Id	TypeId	Rotated	x	y	z	Length	Width	Height	mass	Fragility	LoadBearingStrength
37	236	3	0	0	0	0	28	6	10	309.32	0		9.198795
37	237	3	0	0	6	0	28	6	10	309.32	0		9.198795
37	234	2	0	0	12	0	31	10	11	655.22	0		27.853495
37	231	1	0	0	0	10	14	12	7	335.13	1		3.595024
37	233	2	0	0	12	11	31	10	11	655.22	0		27.853495
37	232	2	0	28	0	0	31	10	11	655.22	0		27.853495
6	36	2	0	28	0	11	31	10	11	655.22	0		27.853495
37	230	1	0	0	0	17	14	12	7	335.13	1		3.595024
6	35	1	0	0	12	22	14	12	7	335.13	1		3.595024
37	229	1	0	14	0	10	14	12	7	335.13	1		3.595024
6	34	1	0	14	0	17	14	12	7	335.13	1		3.595024
37	235	3	0	31	12	0	28	6	10	309.32	0		9.198795
6	37	3	0	31	18	0	28	6	10	309.32	0		9.198795
58	385	3	0	31	12	10	28	6	10	309.32	0		9.198795
6	38	3	0	31	18	10	28	6	10	309.32	0		9.198795
58	384	3	0	31	12	20	28	6	10	309.32	0		9.198795
58	381	1	0	14	12	22	14	12	7	335.13	1		3.595024
58	382	1	0	28	0	22	14	12	7	335.13	1		3.595024
58	383	1	0	42	0	22	14	12	7	335.13	1		3.595024


-------------------------------------------------------------------------------------------------------------------
Tour_Id:			11
No_of_Customers:		1
No_of_Items:			0
Customer_Sequence:		13 

-------------------------------------------------------------------------------------------------------------------
Tour_Id:			12
No_of_Customers:		3
No_of_Items:			18
Customer_Sequence:		25 20 41 

CustId	Id	TypeId	Rotated	x	y	z	Length	Width	Height	mass	Fragility	LoadBearingStrength
20	131	1	0	0	0	0	14	12	7	335.13	1		3.595024
41	260	2	0	0	12	0	31	10	11	655.22	0		27.853495
41	261	2	0	0	12	11	31	10	11	655.22	0		27.853495
41	259	1	0	0	12	22	14	12	7	335.13	1		3.595024
20	132	2	0	14	0	0	31	10	11	655.22	0		27.853495
20	133	2	0	14	0	11	31	10	11	655.22	0		27.853495
41	262	3	0	31	12	0	28	6	10	309.32	0		9.198795
20	135	3	0	31	18	0	28	6	10	309.32	0		9.198795
20	136	3	0	31	12	10	28	6	10	309.32	0		9.198795
20	128	1	0	0	0	7	14	12	7	335.13	1		3.595024
20	129	1	0	0	0	14	14	12	7	335.13	1		3.595024
20	130	1	0	0	0	21	14	12	7	335.13	1		3.595024
20	134	3	0	31	18	10	28	6	10	309.32	0		9.198795
25	168	3	0	31	12	20	28	6	10	309.32	0		9.198795
25	169	3	0	31	18	20	28	6	10	309.32	0		9.198795
25	165	1	0	14	0	22	14	12	7	335.13	1		3.595024
25	166	1	0	14	12	22	14	12	7	335.13	1		3.595024
25	167	1	0	28	0	22	14	12	7	335.13	1		3.595024


-------------------------------------------------------------------------------------------------------------------
Tour_Id:			13
No_of_Customers:		3
No_of_Items:			21
Customer_Sequence:		3 43 2 

CustId	Id	TypeId	Rotated	x	y	z	Length	Width	Height	mass	Fragility	LoadBearingStrength
2	10	1	0	0	0	0	14	12	7	335.13	1		3.595024
2	13	2	0	0	12	0	31	10	11	655.22	0		27.853495
2	9	1	0	0	0	7	14	12	7	335.13	1		3.595024
2	12	2	0	0	12	11	31	10	11	655.22	0		27.853495
2	11	1	0	0	0	14	14	12	7	335.13	1		3.595024
43	269	2	0	14	0	0	31	10	11	655.22	0		27.853495
3	20	2	0	14	0	11	31	10	11	655.22	0		27.853495
43	271	3	0	31	12	0	28	6	10	309.32	0		9.198795
43	272	3	0	31	18	0	28	6	10	309.32	0		9.198795
43	273	3	0	31	12	10	28	6	10	309.32	0		9.198795
43	266	1	0	0	0	21	14	12	7	335.13	1		3.595024
43	270	3	0	31	18	10	28	6	10	309.32	0		9.198795
43	268	1	0	0	12	22	14	12	7	335.13	1		3.595024
43	267	1	0	14	12	22	14	12	7	335.13	1		3.595024
3	21	3	0	31	12	20	28	6	10	309.32	0		9.198795
3	14	1	0	14	0	22	14	12	7	335.13	1		3.595024
3	15	1	0	28	0	22	14	12	7	335.13	1		3.595024
3	16	1	0	45	0	0	14	12	7	335.13	1		3.595024
3	17	1	0	45	0	7	14	12	7	335.13	1		3.595024
3	18	1	0	45	0	14	14	12	7	335.13	1		3.595024
3	19	1	0	45	0	21	14	12	7	335.13	1		3.595024


-------------------------------------------------------------------------------------------------------------------
Tour_Id:			14
No_of_Customers:		1
No_of_Items:			0
Customer_Sequence:		1 

-------------------------------------------------------------------------------------------------------------------
Tour_Id:			15
No_of_Customers:		2
No_of_Items:			18
Customer_Sequence:		46 54 

CustId	Id	TypeId	Rotated	x	y	z	Length	Width	Height	mass	Fragility	LoadBearingStrength
54	352	3	0	0	0	0	28	6	10	309.32	0		9.198795
54	351	3	0	0	6	0	28	6	10	309.32	0		9.198795
54	350	2	0	0	12	0	31	10	11	655.22	0		27.853495
54	354	3	0	0	0	10	28	6	10	309.32	0		9.198795
54	348	2	0	0	12	11	31	10	11	655.22	0		27.853495
54	353	3	0	0	6	10	28	6	10	309.32	0		9.198795
54	349	2	0	28	0	0	31	10	11	655.22	0		27.853495
54	346	1	0	0	0	20	14	12	7	335.13	1		3.595024
54	347	1	0	0	12	22	14	12	7	335.13	1		3.595024
46	290	2	0	28	0	11	31	10	11	655.22	0		27.853495
46	288	1	0	14	0	20	14	12	7	335.13	1		3.595024
46	292	3	0	31	12	0	28	6	10	309.32	0		9.198795
46	293	3	0	31	18	0	28	6	10	309.32	0		9.198795
46	294	3	0	31	12	10	28	6	10	309.32	0		9.198795
46	295	3	0	31	18	10	28	6	10	309.32	0		9.198795
46	287	1	0	14	12	22	14	12	7	335.13	1		3.595024
46	291	3	0	31	12	20	28	6	10	309.32	0		9.198795
46	289	1	0	28	0	22	14	12	7	335.13	1		3.595024


-------------------------------------------------------------------------------------------------------------------
Tour_Id:			16
No_of_Customers:		2
No_of_Items:			14
Customer_Sequence:		36 50 

CustId	Id	TypeId	Rotated	x	y	z	Length	Width	Height	mass	Fragility	LoadBearingStrength
50	322	2	0	0	0	0	31	10	11	655.22	0		27.853495
50	321	1	0	0	10	0	14	12	7	335.13	1		3.595024
50	324	2	0	0	0	11	31	10	11	655.22	0		27.853495
50	319	1	0	0	10	7	14	12	7	335.13	1		3.595024
50	320	1	0	0	10	14	14	12	7	335.13	1		3.595024
50	323	2	0	14	10	0	31	10	11	655.22	0		27.853495
36	226	2	0	14	10	11	31	10	11	655.22	0		27.853495
36	227	3	0	31	0	0	28	6	10	309.32	0		9.198795
36	228	3	0	31	0	10	28	6	10	309.32	0		9.198795
36	221	1	0	0	10	21	14	12	7	335.13	1		3.595024
36	222	1	0	14	10	22	14	12	7	335.13	1		3.595024
36	223	1	0	28	10	22	14	12	7	335.13	1		3.595024
36	224	1	0	45	10	0	14	12	7	335.13	1		3.595024
36	225	1	0	45	10	7	14	12	7	335.13	1		3.595024


-------------------------------------------------------------------------------------------------------------------
Tour_Id:			17
No_of_Customers:		2
No_of_Items:			17
Customer_Sequence:		56 49 

CustId	Id	TypeId	Rotated	x	y	z	Length	Width	Height	mass	Fragility	LoadBearingStrength
49	318	3	0	0	0	0	28	6	10	309.32	0		9.198795
49	316	3	0	0	6	0	28	6	10	309.32	0		9.198795
49	317	3	0	0	12	0	28	6	10	309.32	0		9.198795
49	313	1	0	0	0	10	14	12	7	335.13	1		3.595024
49	311	1	0	0	0	17	14	12	7	335.13	1		3.595024
49	312	1	0	14	0	10	14	12	7	335.13	1		3.595024
49	315	2	0	28	0	0	31	10	11	655.22	0		27.853495
49	314	1	0	14	0	17	14	12	7	335.13	1		3.595024
56	366	2	0	28	10	0	31	10	11	655.22	0		27.853495
56	367	2	0	28	0	11	31	10	11	655.22	0		27.853495
56	368	2	0	28	10	11	31	10	11	655.22	0		27.853495
56	369	3	0	0	18	0	28	6	10	309.32	0		9.198795
56	370	3	0	0	12	10	28	6	10	309.32	0		9.198795
56	371	3	0	0	18	10	28	6	10	309.32	0		9.198795
56	372	3	0	0	12	20	28	6	10	309.32	0		9.198795
56	364	1	0	28	0	22	14	12	7	335.13	1		3.595024
56	365	1	0	42	0	22	14	12	7	335.13	1		3.595024


-------------------------------------------------------------------------------------------------------------------
Tour_Id:			18
No_of_Customers:		3
No_of_Items:			18
Customer_Sequence:		5 17 52 

CustId	Id	TypeId	Rotated	x	y	z	Length	Width	Height	mass	Fragility	LoadBearingStrength
52	332	1	0	0	0	0	14	12	7	335.13	1		3.595024
52	336	3	0	0	12	0	28	6	10	309.32	0		9.198795
52	335	2	0	14	0	0	31	10	11	655.22	0		27.853495
52	333	1	0	0	0	7	14	12	7	335.13	1		3.595024
17	111	2	0	14	0	11	31	10	11	655.22	0		27.853495
52	334	1	0	0	0	14	14	12	7	335.13	1		3.595024
17	107	1	0	0	0	21	14	12	7	335.13	1		3.595024
5	29	1	0	14	0	22	14	12	7	335.13	1		3.595024
5	30	2	0	28	12	0	31	10	11	655.22	0		27.853495
17	112	3	0	0	18	0	28	6	10	309.32	0		9.198795
17	113	3	0	0	12	10	28	6	10	309.32	0		9.198795
5	33	3	0	0	18	10	28	6	10	309.32	0		9.198795
5	31	2	0	28	12	11	31	10	11	655.22	0		27.853495
17	114	3	0	0	12	20	28	6	10	309.32	0		9.198795
17	110	1	0	45	0	0	14	12	7	335.13	1		3.595024
5	32	3	0	0	18	20	28	6	10	309.32	0		9.198795
17	108	1	0	45	0	7	14	12	7	335.13	1		3.595024
17	109	1	0	45	0	14	14	12	7	335.13	1		3.595024


-------------------------------------------------------------------------------------------------------------------
Tour_Id:			19
No_of_Customers:		1
No_of_Items:			0
Customer_Sequence:		21 

-------------------------------------------------------------------------------------------------------------------
Tour_Id:			20
No_of_Customers:		2
No_of_Items:			15
Customer_Sequence:		59 57 

CustId	Id	TypeId	Rotated	x	y	z	Length	Width	Height	mass	Fragility	LoadBearingStrength
57	374	2	0	0	0	0	31	10	11	655.22	0		27.853495
57	376	3	0	0	10	0	28	6	10	309.32	0		9.198795
59	390	2	0	0	0	11	31	10	11	655.22	0		27.853495
59	389	1	0	0	0	22	14	12	7	335.13	1		3.595024
59	386	1	0	14	0	22	14	12	7	335.13	1		3.595024
57	375	2	0	28	10	0	31	10	11	655.22	0		27.853495
57	380	3	0	0	16	0	28	6	10	309.32	0		9.198795
57	379	3	0	0	10	10	28	6	10	309.32	0		9.198795
57	373	1	0	28	10	11	14	12	7	335.13	1		3.595024
59	391	3	0	31	0	0	28	6	10	309.32	0		9.198795
57	377	3	0	0	16	10	28	6	10	309.32	0		9.198795
57	378	3	0	0	12	20	28	6	10	309.32	0		9.198795
59	392	3	0	31	0	10	28	6	10	309.32	0		9.198795
59	388	1	0	28	10	18	14	12	7	335.13	1		3.595024
59	387	1	0	42	10	11	14	12	7	335.13	1		3.595024


-------------------------------------------------------------------------------------------------------------------
Tour_Id:			21
No_of_Customers:		4
No_of_Items:			19
Customer_Sequence:		31 12 29 33 

CustId	Id	TypeId	Rotated	x	y	z	Length	Width	Height	mass	Fragility	LoadBearingStrength
33	210	3	0	0	0	0	28	6	10	309.32	0		9.198795
33	205	1	0	0	6	0	14	12	7	335.13	1		3.595024
33	206	1	0	0	6	7	14	12	7	335.13	1		3.595024
33	207	1	0	0	6	14	14	12	7	335.13	1		3.595024
33	208	1	0	0	6	21	14	12	7	335.13	1		3.595024
33	209	1	0	14	6	0	14	12	7	335.13	1		3.595024
29	186	2	0	28	0	0	31	10	11	655.22	0		27.853495
29	187	3	0	0	18	0	28	6	10	309.32	0		9.198795
29	188	3	0	0	0	10	28	6	10	309.32	0		9.198795
29	185	1	0	14	6	7	14	12	7	335.13	1		3.595024
12	78	2	0	28	10	0	31	10	11	655.22	0		27.853495
12	79	2	0	28	0	11	31	10	11	655.22	0		27.853495
12	80	3	0	0	18	10	28	6	10	309.32	0		9.198795
12	81	3	0	0	0	20	28	6	10	309.32	0		9.198795
12	76	1	0	14	6	14	14	12	7	335.13	1		3.595024
12	77	1	0	14	6	21	14	12	7	335.13	1		3.595024
31	200	2	0	28	10	11	31	10	11	655.22	0		27.853495
31	198	1	0	28	0	22	14	12	7	335.13	1		3.595024
31	199	1	0	42	0	22	14	12	7	335.13	1		3.595024


-------------------------------------------------------------------------------------------------------------------
Tour_Id:			22
No_of_Customers:		2
No_of_Items:			15
Customer_Sequence:		7 35 

CustId	Id	TypeId	Rotated	x	y	z	Length	Width	Height	mass	Fragility	LoadBearingStrength
35	215	2	0	0	0	0	31	10	11	655.22	0		27.853495
35	216	3	0	0	10	0	28	6	10	309.32	0		9.198795
7	41	2	0	0	0	11	31	10	11	655.22	0		27.853495
35	218	3	0	0	16	0	28	6	10	309.32	0		9.198795
35	219	3	0	0	10	10	28	6	10	309.32	0		9.198795
35	220	3	0	0	16	10	28	6	10	309.32	0		9.198795
35	217	3	0	0	10	20	28	6	10	309.32	0		9.198795
7	42	2	0	28	10	0	31	10	11	655.22	0		27.853495
7	43	2	0	28	10	11	31	10	11	655.22	0		27.853495
7	44	3	0	0	16	20	28	6	10	309.32	0		9.198795
7	45	3	0	31	0	0	28	6	10	309.32	0		9.198795
7	46	3	0	31	0	10	28	6	10	309.32	0		9.198795
7	47	3	0	31	0	20	28	6	10	309.32	0		9.198795
7	39	1	0	28	10	22	14	12	7	335.13	1		3.595024
7	40	1	0	42	10	22	14	12	7	335.13	1		3.595024


-------------------------------------------------------------------------------------------------------------------
Tour_Id:			23
No_of_Customers:		2
No_of_Items:			15
Customer_Sequence:		53 14 

CustId	Id	TypeId	Rotated	x	y	z	Length	Width	Height	mass	Fragility	LoadBearingStrength
14	88	1	0	0	0	0	14	12	7	335.13	1		3.595024
14	92	2	0	0	12	0	31	10	11	655.22	0		27.853495
14	91	2	0	0	12	11	31	10	11	655.22	0		27.853495
53	344	2	0	14	0	0	31	10	11	655.22	0		27.853495
14	89	1	0	0	0	7	14	12	7	335.13	1		3.595024
53	343	2	0	14	0	11	31	10	11	655.22	0		27.853495
14	90	1	0	0	0	14	14	12	7	335.13	1		3.595024
14	93	3	0	31	12	0	28	6	10	309.32	0		9.198795
53	345	3	0	31	18	0	28	6	10	309.32	0		9.198795
53	337	1	0	0	0	21	14	12	7	335.13	1		3.595024
53	338	1	0	0	12	22	14	12	7	335.13	1		3.595024
53	339	1	0	14	0	22	14	12	7	335.13	1		3.595024
53	340	1	0	14	12	22	14	12	7	335.13	1		3.595024
53	341	1	0	28	0	22	14	12	7	335.13	1		3.595024
53	342	1	0	31	10	10	14	12	7	335.13	1		3.595024


-------------------------------------------------------------------------------------------------------------------
Tour_Id:			24
No_of_Customers:		1
No_of_Items:			0
Customer_Sequence:		24 

-------------------------------------------------------------------------------------------------------------------
Tour_Id:			25
No_of_Customers:		2
No_of_Items:			12
Customer_Sequence:		40 44 

CustId	Id	TypeId	Rotated	x	y	z	Length	Width	Height	mass	Fragility	LoadBearingStrength
44	274	1	0	0	0	0	14	12	7	335.13	1		3.595024
44	278	2	0	0	12	0	31	10	11	655.22	0		27.853495
44	279	2	0	0	12	11	31	10	11	655.22	0		27.853495
44	277	2	0	14	0	0	31	10	11	655.22	0		27.853495
40	255	1	0	0	12	22	14	12	7	335.13	1		3.595024
44	275	1	0	0	0	7	14	12	7	335.13	1		3.595024
44	276	1	0	0	0	14	14	12	7	335.13	1		3.595024
40	256	2	0	14	0	11	31	10	11	655.22	0		27.853495
40	254	1	0	0	0	21	14	12	7	335.13	1		3.595024
40	258	3	0	31	12	0	28	6	10	309.32	0		9.198795
44	280	3	0	31	18	0	28	6	10	309.32	0		9.198795
40	257	3	0	31	12	10	28	6	10	309.32	0		9.198795


-------------------------------------------------------------------------------------------------------------------
Tour_Id:			26
No_of_Customers:		3
No_of_Items:			18
Customer_Sequence:		27 4 51 

CustId	Id	TypeId	Rotated	x	y	z	Length	Width	Height	mass	Fragility	LoadBearingStrength
51	330	2	0	0	0	0	31	10	11	655.22	0		27.853495
51	329	2	0	0	10	0	31	10	11	655.22	0		27.853495
4	25	2	0	0	0	11	31	10	11	655.22	0		27.853495
51	328	2	0	0	10	11	31	10	11	655.22	0		27.853495
51	325	1	0	0	10	22	14	12	7	335.13	1		3.595024
51	331	3	0	31	0	0	28	6	10	309.32	0		9.198795
51	327	1	0	14	10	22	14	12	7	335.13	1		3.595024
4	27	3	0	31	6	0	28	6	10	309.32	0		9.198795
51	326	1	0	31	12	0	14	12	7	335.13	1		3.595024
27	178	3	0	31	0	10	28	6	10	309.32	0		9.198795
4	28	3	0	31	6	10	28	6	10	309.32	0		9.198795
4	22	1	0	31	12	7	14	12	7	335.13	1		3.595024
4	23	1	0	31	12	14	14	12	7	335.13	1		3.595024
4	24	1	0	31	12	21	14	12	7	335.13	1		3.595024
4	26	3	0	31	6	20	28	6	10	309.32	0		9.198795
27	177	3	0	31	0	20	28	6	10	309.32	0		9.198795
27	175	1	0	45	12	0	14	12	7	335.13	1		3.595024
27	176	1	0	45	12	7	14	12	7	335.13	1		3.595024


-------------------------------------------------------------------------------------------------------------------
Tour_Id:			27
No_of_Customers:		2
No_of_Items:			17
Customer_Sequence:		47 30 

CustId	Id	TypeId	Rotated	x	y	z	Length	Width	Height	mass	Fragility	LoadBearingStrength
30	195	3	0	0	0	0	28	6	10	309.32	0		9.198795
30	194	3	0	0	6	0	28	6	10	309.32	0		9.198795
30	190	2	0	0	12	0	31	10	11	655.22	0		27.853495
30	192	3	0	0	0	10	28	6	10	309.32	0		9.198795
30	193	3	0	0	6	10	28	6	10	309.32	0		9.198795
30	191	2	0	0	12	11	31	10	11	655.22	0		27.853495
30	189	2	0	28	0	0	31	10	11	655.22	0		27.853495
47	300	2	0	28	0	11	31	10	11	655.22	0		27.853495
30	197	3	0	0	0	20	28	6	10	309.32	0		9.198795
47	301	3	0	0	6	20	28	6	10	309.32	0		9.198795
30	196	3	0	31	12	0	28	6	10	309.32	0		9.198795
47	302	3	0	31	18	0	28	6	10	309.32	0		9.198795
47	303	3	0	31	12	10	28	6	10	309.32	0		9.198795
47	296	1	0	0	12	22	14	12	7	335.13	1		3.595024
47	297	1	0	14	12	22	14	12	7	335.13	1		3.595024
47	298	1	0	28	0	22	14	12	7	335.13	1		3.595024
47	299	1	0	42	0	22	14	12	7	335.13	1		3.595024


-------------------------------------------------------------------------------------------------------------------
Tour_Id:			28
No_of_Customers:		3
No_of_Items:			16
Customer_Sequence:		23 34 48 

CustId	Id	TypeId	Rotated	x	y	z	Length	Width	Height	mass	Fragility	LoadBearingStrength
48	306	2	0	0	0	0	31	10	11	655.22	0		27.853495
48	307	2	0	0	10	0	31	10	11	655.22	0		27.853495
48	308	2	0	0	0	11	31	10	11	655.22	0		27.853495
48	309	3	0	0	10	11	28	6	10	309.32	0		9.198795
48	310	3	0	31	0	0	28	6	10	309.32	0		9.198795
48	304	1	0	0	0	22	14	12	7	335.13	1		3.595024
48	305	1	0	14	0	22	14	12	7	335.13	1		3.595024
34	214	3	0	31	6	0	28	6	10	309.32	0		9.198795
34	211	1	0	31	12	0	14	12	7	335.13	1		3.595024
23	154	3	0	31	0	10	28	6	10	309.32	0		9.198795
34	213	1	0	31	12	7	14	12	7	335.13	1		3.595024
34	212	1	0	31	12	14	14	12	7	335.13	1		3.595024
23	155	3	0	31	6	10	28	6	10	309.32	0		9.198795
23	151	1	0	31	0	20	14	12	7	335.13	1		3.595024
23	152	1	0	31	12	21	14	12	7	335.13	1		3.595024
23	153	1	0	45	12	0	14	12	7	335.13	1		3.595024


