Name:				396_n060_m400_bt10
Problem:			3L-VRPTW
Number_of_used_Vehicles:	23
Total_Travel_Distance:		1726.02
Calculation_Time:		3600.00
Total_Iterations:		15413
ConstraintSet:			P1

-------------------------------------------------------------------------------------------------------------------
Tour_Id:			1
No_of_Customers:		3
No_of_Items:			21
Customer_Sequence:		59 45 40 

CustId	Id	TypeId	Rotated	x	y	z	Length	Width	Height	mass	Fragility	LoadBearingStrength
40	256	4	0	0	0	0	27	7	9	280.05	0		32.507229
40	257	4	0	0	7	0	27	7	9	280.05	0		32.507229
40	259	8	0	0	14	0	18	6	14	181.65	0		38.474028
40	258	7	0	0	0	9	21	7	8	206.89	0		20.971392
40	255	2	0	0	20	0	16	5	8	82.82	0		17.811167
40	260	9	0	27	0	0	18	14	8	213.43	1		5.215565
40	261	9	0	27	0	8	18	14	8	213.43	1		5.215565
45	288	5	0	45	0	0	15	14	11	248.93	0		35.842579
45	287	4	0	0	0	17	27	7	9	280.05	0		32.507229
45	291	8	0	0	14	14	18	6	14	181.65	0		38.474028
45	289	7	0	18	14	0	21	7	8	206.89	0		20.971392
45	290	7	0	18	14	8	21	7	8	206.89	0		20.971392
45	285	2	0	0	20	8	16	5	8	82.82	0		17.811167
45	286	2	0	0	20	16	16	5	8	82.82	0		17.811167
59	388	5	0	45	0	11	15	14	11	248.93	0		35.842579
59	387	3	0	18	14	16	20	7	12	251.85	0		33.835789
59	385	1	0	39	14	0	18	11	8	307.16	0		26.586809
59	390	8	0	39	14	8	18	6	14	181.65	0		38.474028
59	389	7	1	45	0	22	21	7	8	206.89	0		20.971392
59	386	2	0	39	20	8	16	5	8	82.82	0		17.811167
59	391	10	0	27	0	16	10	10	8	299.75	1		6.589046


-------------------------------------------------------------------------------------------------------------------
Tour_Id:			2
No_of_Customers:		3
No_of_Items:			16
Customer_Sequence:		13 33 31 

CustId	Id	TypeId	Rotated	x	y	z	Length	Width	Height	mass	Fragility	LoadBearingStrength
31	202	5	0	0	0	0	15	14	11	248.93	0		35.842579
31	203	5	0	0	0	11	15	14	11	248.93	0		35.842579
31	201	3	0	0	14	0	20	7	12	251.85	0		33.835789
33	214	4	0	15	0	0	27	7	9	280.05	0		32.507229
33	217	7	0	0	14	12	21	7	8	206.89	0		20.971392
33	213	1	0	0	0	22	18	11	8	307.16	0		26.586809
33	218	8	0	15	7	0	18	6	14	181.65	0		38.474028
33	216	7	0	0	14	20	21	7	8	206.89	0		20.971392
33	215	4	0	15	0	9	27	7	9	280.05	0		32.507229
13	76	5	0	33	7	0	15	14	11	248.93	0		35.842579
13	77	6	0	21	13	0	12	12	13	278.48	0		33.678812
13	78	6	0	21	13	13	12	12	13	278.48	0		33.678812
13	73	3	0	33	7	11	20	7	12	251.85	0		33.835789
13	74	3	0	33	14	11	20	7	12	251.85	0		33.835789
13	75	3	1	53	0	0	20	7	12	251.85	0		33.835789
13	79	7	1	53	0	12	21	7	8	206.89	0		20.971392


-------------------------------------------------------------------------------------------------------------------
Tour_Id:			3
No_of_Customers:		4
No_of_Items:			22
Customer_Sequence:		3 55 2 12 

CustId	Id	TypeId	Rotated	x	y	z	Length	Width	Height	mass	Fragility	LoadBearingStrength
12	70	4	0	0	0	0	27	7	9	280.05	0		32.507229
12	69	3	0	0	7	0	20	7	12	251.85	0		33.835789
12	68	1	0	0	14	0	18	11	8	307.16	0		26.586809
12	72	8	0	0	14	8	18	6	14	181.65	0		38.474028
2	12	10	0	18	14	0	10	10	8	299.75	1		6.589046
2	10	4	0	0	0	9	27	7	9	280.05	0		32.507229
12	71	7	0	0	7	12	21	7	8	206.89	0		20.971392
2	8	1	0	27	0	0	18	11	8	307.16	0		26.586809
2	9	2	0	0	20	8	16	5	8	82.82	0		17.811167
2	11	9	0	27	0	8	18	14	8	213.43	1		5.215565
2	7	1	0	28	14	0	18	11	8	307.16	0		26.586809
2	13	10	0	18	14	8	10	10	8	299.75	1		6.589046
55	359	5	0	45	0	0	15	14	11	248.93	0		35.842579
55	358	4	0	0	0	18	27	7	9	280.05	0		32.507229
55	360	7	0	0	7	20	21	7	8	206.89	0		20.971392
55	357	2	0	0	20	16	16	5	8	82.82	0		17.811167
55	361	9	0	27	0	16	18	14	8	213.43	1		5.215565
3	15	5	0	45	0	11	15	14	11	248.93	0		35.842579
3	14	3	0	28	14	8	20	7	12	251.85	0		33.835789
3	16	9	1	45	0	22	18	14	8	213.43	1		5.215565
3	17	10	0	18	14	16	10	10	8	299.75	1		6.589046
3	18	10	0	48	14	0	10	10	8	299.75	1		6.589046


-------------------------------------------------------------------------------------------------------------------
Tour_Id:			4
No_of_Customers:		3
No_of_Items:			14
Customer_Sequence:		41 52 6 

CustId	Id	TypeId	Rotated	x	y	z	Length	Width	Height	mass	Fragility	LoadBearingStrength
6	32	6	0	0	0	0	12	12	13	278.48	0		33.678812
6	31	4	0	0	12	0	27	7	9	280.05	0		32.507229
6	29	1	0	12	0	0	18	11	8	307.16	0		26.586809
6	30	2	0	0	19	0	16	5	8	82.82	0		17.811167
6	33	10	0	0	0	13	10	10	8	299.75	1		6.589046
52	338	6	0	12	0	8	12	12	13	278.48	0		33.678812
52	337	3	0	0	12	9	20	7	12	251.85	0		33.835789
52	340	8	0	16	19	0	18	6	14	181.65	0		38.474028
52	339	7	0	0	12	21	21	7	8	206.89	0		20.971392
52	341	10	0	0	0	21	10	10	8	299.75	1		6.589046
41	264	5	0	30	0	0	15	14	11	248.93	0		35.842579
41	263	3	0	30	0	11	20	7	12	251.85	0		33.835789
41	262	2	0	10	0	21	16	5	8	82.82	0		17.811167
41	265	10	0	45	0	0	10	10	8	299.75	1		6.589046


-------------------------------------------------------------------------------------------------------------------
Tour_Id:			5
No_of_Customers:		2
No_of_Items:			14
Customer_Sequence:		51 30 

CustId	Id	TypeId	Rotated	x	y	z	Length	Width	Height	mass	Fragility	LoadBearingStrength
30	196	5	0	0	0	0	15	14	11	248.93	0		35.842579
30	197	5	0	0	0	11	15	14	11	248.93	0		35.842579
30	198	6	0	15	0	0	12	12	13	278.48	0		33.678812
30	194	3	0	0	14	0	20	7	12	251.85	0		33.835789
30	195	3	0	0	14	12	20	7	12	251.85	0		33.835789
30	193	1	0	0	0	22	18	11	8	307.16	0		26.586809
30	200	8	0	20	12	0	18	6	14	181.65	0		38.474028
30	199	7	0	20	18	0	21	7	8	206.89	0		20.971392
51	332	6	0	18	0	13	12	12	13	278.48	0		33.678812
51	333	6	0	27	0	0	12	12	13	278.48	0		33.678812
51	331	3	0	20	18	8	20	7	12	251.85	0		33.835789
51	334	7	0	20	18	20	21	7	8	206.89	0		20.971392
51	335	9	0	39	0	0	18	14	8	213.43	1		5.215565
51	336	10	0	30	0	13	10	10	8	299.75	1		6.589046


-------------------------------------------------------------------------------------------------------------------
Tour_Id:			6
No_of_Customers:		2
No_of_Items:			17
Customer_Sequence:		60 48 

CustId	Id	TypeId	Rotated	x	y	z	Length	Width	Height	mass	Fragility	LoadBearingStrength
48	308	4	0	0	0	0	27	7	9	280.05	0		32.507229
48	313	8	0	0	7	0	18	6	14	181.65	0		38.474028
48	309	7	0	0	13	0	21	7	8	206.89	0		20.971392
48	310	7	0	0	13	8	21	7	8	206.89	0		20.971392
48	311	7	0	0	0	9	21	7	8	206.89	0		20.971392
48	312	7	0	0	13	16	21	7	8	206.89	0		20.971392
48	307	2	0	0	20	0	16	5	8	82.82	0		17.811167
48	314	10	0	21	7	0	10	10	8	299.75	1		6.589046
60	396	5	0	31	0	0	15	14	11	248.93	0		35.842579
60	397	5	0	31	0	11	15	14	11	248.93	0		35.842579
60	398	6	0	46	0	0	12	12	13	278.48	0		33.678812
60	395	3	0	0	0	17	20	7	12	251.85	0		33.835789
60	392	1	0	31	14	0	18	11	8	307.16	0		26.586809
60	393	1	0	31	14	8	18	11	8	307.16	0		26.586809
60	399	8	0	0	7	14	18	6	14	181.65	0		38.474028
60	394	2	0	0	20	8	16	5	8	82.82	0		17.811167
60	400	10	0	21	7	8	10	10	8	299.75	1		6.589046


-------------------------------------------------------------------------------------------------------------------
Tour_Id:			7
No_of_Customers:		3
No_of_Items:			22
Customer_Sequence:		54 18 4 

CustId	Id	TypeId	Rotated	x	y	z	Length	Width	Height	mass	Fragility	LoadBearingStrength
4	22	4	0	0	0	0	27	7	9	280.05	0		32.507229
4	19	1	0	0	7	0	18	11	8	307.16	0		26.586809
18	108	8	0	0	18	0	18	6	14	181.65	0		38.474028
4	23	8	0	0	7	8	18	6	14	181.65	0		38.474028
4	20	2	0	0	13	8	16	5	8	82.82	0		17.811167
18	104	1	0	18	7	0	18	11	8	307.16	0		26.586809
4	21	3	0	0	0	9	20	7	12	251.85	0		33.835789
18	111	10	0	18	7	8	10	10	8	299.75	1		6.589046
18	105	7	0	0	0	21	21	7	8	206.89	0		20.971392
18	106	7	0	18	18	0	21	7	8	206.89	0		20.971392
54	353	8	0	0	18	14	18	6	14	181.65	0		38.474028
18	110	10	0	18	7	16	10	10	8	299.75	1		6.589046
18	112	10	0	28	7	8	10	10	8	299.75	1		6.589046
18	109	8	0	27	0	0	18	6	14	181.65	0		38.474028
54	349	1	1	45	0	0	18	11	8	307.16	0		26.586809
54	350	1	1	45	0	8	18	11	8	307.16	0		26.586809
18	107	7	0	39	18	0	21	7	8	206.89	0		20.971392
54	354	8	0	18	17	8	18	6	14	181.65	0		38.474028
54	351	2	0	18	17	22	16	5	8	82.82	0		17.811167
54	352	2	0	27	0	14	16	5	8	82.82	0		17.811167
54	355	9	1	45	0	16	18	14	8	213.43	1		5.215565
54	356	10	0	28	7	16	10	10	8	299.75	1		6.589046


-------------------------------------------------------------------------------------------------------------------
Tour_Id:			8
No_of_Customers:		2
No_of_Items:			14
Customer_Sequence:		37 39 

CustId	Id	TypeId	Rotated	x	y	z	Length	Width	Height	mass	Fragility	LoadBearingStrength
39	251	5	0	0	0	0	15	14	11	248.93	0		35.842579
39	250	4	0	0	14	0	27	7	9	280.05	0		32.507229
39	248	3	0	0	14	9	20	7	12	251.85	0		33.835789
39	249	3	0	0	0	11	20	7	12	251.85	0		33.835789
39	246	1	0	15	0	0	18	11	8	307.16	0		26.586809
39	254	8	0	0	7	11	18	6	14	181.65	0		38.474028
39	252	7	0	0	14	21	21	7	8	206.89	0		20.971392
39	253	7	0	27	14	0	21	7	8	206.89	0		20.971392
39	247	2	0	18	7	8	16	5	8	82.82	0		17.811167
37	237	5	0	34	0	0	15	14	11	248.93	0		35.842579
37	239	8	0	27	14	8	18	6	14	181.65	0		38.474028
37	240	8	0	34	0	11	18	6	14	181.65	0		38.474028
37	238	7	1	49	0	0	21	7	8	206.89	0		20.971392
37	236	2	0	18	7	16	16	5	8	82.82	0		17.811167


-------------------------------------------------------------------------------------------------------------------
Tour_Id:			9
No_of_Customers:		3
No_of_Items:			20
Customer_Sequence:		16 17 58 

CustId	Id	TypeId	Rotated	x	y	z	Length	Width	Height	mass	Fragility	LoadBearingStrength
58	380	6	0	0	0	0	12	12	13	278.48	0		33.678812
58	381	6	0	0	12	0	12	12	13	278.48	0		33.678812
58	382	6	0	0	0	13	12	12	13	278.48	0		33.678812
58	379	3	0	12	0	0	20	7	12	251.85	0		33.835789
58	376	1	0	12	7	0	18	11	8	307.16	0		26.586809
58	377	1	0	12	7	8	18	11	8	307.16	0		26.586809
58	383	7	0	12	18	0	21	7	8	206.89	0		20.971392
58	378	2	0	12	18	8	16	5	8	82.82	0		17.811167
58	384	10	0	0	12	13	10	10	8	299.75	1		6.589046
17	99	5	0	12	7	16	15	14	11	248.93	0		35.842579
17	100	6	0	32	0	0	12	12	13	278.48	0		33.678812
17	98	1	1	44	0	0	18	11	8	307.16	0		26.586809
17	102	8	0	12	0	12	18	6	14	181.65	0		38.474028
17	101	7	0	33	18	0	21	7	8	206.89	0		20.971392
17	103	10	0	0	12	21	10	10	8	299.75	1		6.589046
16	94	6	0	30	0	13	12	12	13	278.48	0		33.678812
16	93	3	0	28	18	8	20	7	12	251.85	0		33.835789
16	95	8	1	44	0	8	18	6	14	181.65	0		38.474028
16	96	8	1	50	0	8	18	6	14	181.65	0		38.474028
16	97	10	0	42	0	22	10	10	8	299.75	1		6.589046


-------------------------------------------------------------------------------------------------------------------
Tour_Id:			10
No_of_Customers:		3
No_of_Items:			17
Customer_Sequence:		42 46 35 

CustId	Id	TypeId	Rotated	x	y	z	Length	Width	Height	mass	Fragility	LoadBearingStrength
35	225	1	0	0	0	0	18	11	8	307.16	0		26.586809
35	229	6	0	0	11	0	12	12	13	278.48	0		33.678812
35	227	3	0	0	0	8	20	7	12	251.85	0		33.835789
46	295	6	0	0	11	13	12	12	13	278.48	0		33.678812
35	228	4	0	12	11	0	27	7	9	280.05	0		32.507229
35	226	1	0	18	0	0	18	11	8	307.16	0		26.586809
46	294	5	0	39	0	0	15	14	11	248.93	0		35.842579
46	293	4	0	12	18	0	27	7	9	280.05	0		32.507229
35	224	1	0	20	0	8	18	11	8	307.16	0		26.586809
46	292	3	0	12	11	9	20	7	12	251.85	0		33.835789
46	296	7	0	0	0	20	21	7	8	206.89	0		20.971392
46	297	7	0	12	18	9	21	7	8	206.89	0		20.971392
42	267	6	0	39	0	11	12	12	13	278.48	0		33.678812
42	268	7	0	12	18	17	21	7	8	206.89	0		20.971392
42	269	7	0	12	11	21	21	7	8	206.89	0		20.971392
42	266	2	0	21	0	16	16	5	8	82.82	0		17.811167
42	270	10	0	39	14	0	10	10	8	299.75	1		6.589046


-------------------------------------------------------------------------------------------------------------------
Tour_Id:			11
No_of_Customers:		2
No_of_Items:			18
Customer_Sequence:		50 44 

CustId	Id	TypeId	Rotated	x	y	z	Length	Width	Height	mass	Fragility	LoadBearingStrength
44	277	5	0	0	0	0	15	14	11	248.93	0		35.842579
44	282	8	0	0	14	0	18	6	14	181.65	0		38.474028
44	278	6	0	0	0	11	12	12	13	278.48	0		33.678812
44	280	7	0	15	0	0	21	7	8	206.89	0		20.971392
44	283	8	0	0	14	14	18	6	14	181.65	0		38.474028
44	279	7	0	15	7	0	21	7	8	206.89	0		20.971392
50	324	2	0	0	20	0	16	5	8	82.82	0		17.811167
44	281	7	0	15	0	8	21	7	8	206.89	0		20.971392
44	284	10	0	36	0	0	10	10	8	299.75	1		6.589046
50	326	5	0	36	10	0	15	14	11	248.93	0		35.842579
50	325	4	0	12	0	16	27	7	9	280.05	0		32.507229
50	322	1	0	18	14	0	18	11	8	307.16	0		26.586809
44	276	3	0	15	7	8	20	7	12	251.85	0		33.835789
50	327	7	0	12	7	20	21	7	8	206.89	0		20.971392
50	323	1	0	18	14	8	18	11	8	307.16	0		26.586809
50	328	9	0	36	10	11	18	14	8	213.43	1		5.215565
50	329	9	0	36	10	19	18	14	8	213.43	1		5.215565
50	330	10	0	18	14	16	10	10	8	299.75	1		6.589046


-------------------------------------------------------------------------------------------------------------------
Tour_Id:			12
No_of_Customers:		3
No_of_Items:			18
Customer_Sequence:		27 38 53 

CustId	Id	TypeId	Rotated	x	y	z	Length	Width	Height	mass	Fragility	LoadBearingStrength
53	342	6	0	0	0	0	12	12	13	278.48	0		33.678812
53	343	6	0	0	12	0	12	12	13	278.48	0		33.678812
53	344	7	1	0	0	13	21	7	8	206.89	0		20.971392
53	345	7	1	0	0	21	21	7	8	206.89	0		20.971392
53	346	9	0	12	0	0	18	14	8	213.43	1		5.215565
53	347	10	0	12	14	0	10	10	8	299.75	1		6.589046
38	244	9	0	12	0	8	18	14	8	213.43	1		5.215565
38	242	5	0	30	0	0	15	14	11	248.93	0		35.842579
38	241	1	0	22	14	0	18	11	8	307.16	0		26.586809
38	243	7	0	22	14	8	21	7	8	206.89	0		20.971392
53	348	10	0	12	14	8	10	10	8	299.75	1		6.589046
38	245	10	0	12	0	16	10	10	8	299.75	1		6.589046
27	173	5	0	30	0	11	15	14	11	248.93	0		35.842579
27	174	6	0	45	0	0	12	12	13	278.48	0		33.678812
27	175	8	0	22	14	16	18	6	14	181.65	0		38.474028
27	171	2	0	30	0	22	16	5	8	82.82	0		17.811167
27	172	2	0	30	5	22	16	5	8	82.82	0		17.811167
27	176	10	0	12	10	16	10	10	8	299.75	1		6.589046


-------------------------------------------------------------------------------------------------------------------
Tour_Id:			13
No_of_Customers:		3
No_of_Items:			19
Customer_Sequence:		26 57 20 

CustId	Id	TypeId	Rotated	x	y	z	Length	Width	Height	mass	Fragility	LoadBearingStrength
20	122	6	0	0	0	0	12	12	13	278.48	0		33.678812
20	124	8	0	0	12	0	18	6	14	181.65	0		38.474028
20	123	7	0	0	18	0	21	7	8	206.89	0		20.971392
57	370	5	0	18	0	0	15	14	11	248.93	0		35.842579
57	375	10	0	0	0	13	10	10	8	299.75	1		6.589046
57	372	6	0	18	0	11	12	12	13	278.48	0		33.678812
57	368	3	0	0	18	8	20	7	12	251.85	0		33.835789
57	369	3	0	21	18	0	20	7	12	251.85	0		33.835789
26	167	3	0	21	18	12	20	7	12	251.85	0		33.835789
57	373	7	0	0	18	20	21	7	8	206.89	0		20.971392
57	371	5	0	33	0	0	15	14	11	248.93	0		35.842579
26	168	5	0	30	0	11	15	14	11	248.93	0		35.842579
57	374	8	0	0	12	14	18	6	14	181.65	0		38.474028
26	163	1	0	30	0	22	18	11	8	307.16	0		26.586809
26	164	1	1	48	0	0	18	11	8	307.16	0		26.586809
26	165	1	1	48	0	8	18	11	8	307.16	0		26.586809
26	170	8	0	41	18	0	18	6	14	181.65	0		38.474028
26	169	7	1	48	0	16	21	7	8	206.89	0		20.971392
26	166	2	1	55	0	16	16	5	8	82.82	0		17.811167


-------------------------------------------------------------------------------------------------------------------
Tour_Id:			14
No_of_Customers:		2
No_of_Items:			16
Customer_Sequence:		23 22 

CustId	Id	TypeId	Rotated	x	y	z	Length	Width	Height	mass	Fragility	LoadBearingStrength
22	131	5	0	0	0	0	15	14	11	248.93	0		35.842579
22	132	6	0	0	0	11	12	12	13	278.48	0		33.678812
23	141	4	0	0	14	0	27	7	9	280.05	0		32.507229
23	142	4	0	0	14	9	27	7	9	280.05	0		32.507229
22	135	9	0	15	0	0	18	14	8	213.43	1		5.215565
22	134	9	0	15	0	8	18	14	8	213.43	1		5.215565
22	137	10	0	15	0	16	10	10	8	299.75	1		6.589046
22	133	9	0	33	0	0	18	14	8	213.43	1		5.215565
23	143	7	0	0	14	18	21	7	8	206.89	0		20.971392
23	139	3	0	27	14	0	20	7	12	251.85	0		33.835789
23	140	3	0	27	14	12	20	7	12	251.85	0		33.835789
22	136	10	0	25	0	16	10	10	8	299.75	1		6.589046
23	138	2	1	51	0	0	16	5	8	82.82	0		17.811167
23	144	9	0	35	0	8	18	14	8	213.43	1		5.215565
23	145	10	0	35	0	16	10	10	8	299.75	1		6.589046
23	146	10	0	45	0	16	10	10	8	299.75	1		6.589046


-------------------------------------------------------------------------------------------------------------------
Tour_Id:			15
No_of_Customers:		3
No_of_Items:			17
Customer_Sequence:		14 5 21 

CustId	Id	TypeId	Rotated	x	y	z	Length	Width	Height	mass	Fragility	LoadBearingStrength
21	128	5	0	0	0	0	15	14	11	248.93	0		35.842579
21	129	6	0	0	0	11	12	12	13	278.48	0		33.678812
21	126	3	0	0	14	0	20	7	12	251.85	0		33.835789
21	127	3	0	0	14	12	20	7	12	251.85	0		33.835789
21	125	2	0	15	0	0	16	5	8	82.82	0		17.811167
21	130	10	0	20	14	0	10	10	8	299.75	1		6.589046
5	24	1	0	30	5	0	18	11	8	307.16	0		26.586809
5	25	2	0	15	0	8	16	5	8	82.82	0		17.811167
5	26	2	0	12	0	16	16	5	8	82.82	0		17.811167
5	27	10	0	20	14	8	10	10	8	299.75	1		6.589046
5	28	10	0	20	14	16	10	10	8	299.75	1		6.589046
14	82	5	0	30	5	8	15	14	11	248.93	0		35.842579
14	80	3	1	48	0	0	20	7	12	251.85	0		33.835789
14	81	3	1	48	0	12	20	7	12	251.85	0		33.835789
14	83	8	0	30	19	0	18	6	14	181.65	0		38.474028
14	84	8	0	30	19	14	18	6	14	181.65	0		38.474028
14	85	10	0	30	5	19	10	10	8	299.75	1		6.589046


-------------------------------------------------------------------------------------------------------------------
Tour_Id:			16
No_of_Customers:		3
No_of_Items:			17
Customer_Sequence:		56 34 10 

CustId	Id	TypeId	Rotated	x	y	z	Length	Width	Height	mass	Fragility	LoadBearingStrength
10	58	4	0	0	0	0	27	7	9	280.05	0		32.507229
10	55	4	0	0	7	0	27	7	9	280.05	0		32.507229
10	56	4	0	0	14	0	27	7	9	280.05	0		32.507229
10	57	4	0	0	0	9	27	7	9	280.05	0		32.507229
10	59	6	0	0	7	9	12	12	13	278.48	0		33.678812
10	60	10	0	0	7	22	10	10	8	299.75	1		6.589046
34	221	5	0	12	7	9	15	14	11	248.93	0		35.842579
34	222	6	0	27	0	0	12	12	13	278.48	0		33.678812
34	220	4	0	0	0	18	27	7	9	280.05	0		32.507229
56	366	7	0	27	12	0	21	7	8	206.89	0		20.971392
34	223	7	0	39	0	0	21	7	8	206.89	0		20.971392
56	365	7	0	27	12	8	21	7	8	206.89	0		20.971392
34	219	1	1	12	7	20	18	11	8	307.16	0		26.586809
56	363	3	0	27	12	16	20	7	12	251.85	0		33.835789
56	364	6	0	27	0	13	12	12	13	278.48	0		33.678812
56	367	7	0	39	0	8	21	7	8	206.89	0		20.971392
56	362	2	0	27	19	0	16	5	8	82.82	0		17.811167


-------------------------------------------------------------------------------------------------------------------
Tour_Id:			17
No_of_Customers:		2
No_of_Items:			14
Customer_Sequence:		28 15 

CustId	Id	TypeId	Rotated	x	y	z	Length	Width	Height	mass	Fragility	LoadBearingStrength
15	90	5	0	0	0	0	15	14	11	248.93	0		35.842579
15	87	4	0	0	14	0	27	7	9	280.05	0		32.507229
15	88	4	0	0	14	9	27	7	9	280.05	0		32.507229
15	89	4	0	0	14	18	27	7	9	280.05	0		32.507229
15	86	3	0	0	0	11	20	7	12	251.85	0		33.835789
15	91	9	0	15	0	0	18	14	8	213.43	1		5.215565
15	92	10	0	27	14	0	10	10	8	299.75	1		6.589046
28	181	5	0	33	0	0	15	14	11	248.93	0		35.842579
28	182	6	0	33	0	11	12	12	13	278.48	0		33.678812
28	177	1	0	37	14	0	18	11	8	307.16	0		26.586809
28	178	1	0	37	14	8	18	11	8	307.16	0		26.586809
28	183	7	0	37	14	16	21	7	8	206.89	0		20.971392
28	179	2	0	0	7	11	16	5	8	82.82	0		17.811167
28	180	2	0	0	7	19	16	5	8	82.82	0		17.811167


-------------------------------------------------------------------------------------------------------------------
Tour_Id:			18
No_of_Customers:		2
No_of_Items:			17
Customer_Sequence:		29 25 

CustId	Id	TypeId	Rotated	x	y	z	Length	Width	Height	mass	Fragility	LoadBearingStrength
29	186	3	0	0	0	0	20	7	12	251.85	0		33.835789
25	159	6	0	0	7	0	12	12	13	278.48	0		33.678812
25	157	4	0	12	7	0	27	7	9	280.05	0		32.507229
25	162	8	0	0	19	0	18	6	14	181.65	0		38.474028
29	190	7	0	0	0	12	21	7	8	206.89	0		20.971392
25	156	3	0	12	7	9	20	7	12	251.85	0		33.835789
25	160	7	0	12	7	21	21	7	8	206.89	0		20.971392
25	155	2	0	0	19	14	16	5	8	82.82	0		17.811167
29	188	4	0	0	0	20	27	7	9	280.05	0		32.507229
25	158	5	0	39	7	0	15	14	11	248.93	0		35.842579
29	189	4	0	20	0	0	27	7	9	280.05	0		32.507229
29	187	3	0	32	0	9	20	7	12	251.85	0		33.835789
29	184	1	0	39	7	11	18	11	8	307.16	0		26.586809
29	185	2	0	0	19	22	16	5	8	82.82	0		17.811167
29	191	7	0	27	0	21	21	7	8	206.89	0		20.971392
29	192	7	0	39	7	19	21	7	8	206.89	0		20.971392
25	161	8	0	18	14	0	18	6	14	181.65	0		38.474028


-------------------------------------------------------------------------------------------------------------------
Tour_Id:			19
No_of_Customers:		2
No_of_Items:			15
Customer_Sequence:		19 36 

CustId	Id	TypeId	Rotated	x	y	z	Length	Width	Height	mass	Fragility	LoadBearingStrength
36	234	6	0	0	0	0	12	12	13	278.48	0		33.678812
36	233	4	0	0	12	0	27	7	9	280.05	0		32.507229
36	231	3	0	0	12	9	20	7	12	251.85	0		33.835789
36	232	3	0	12	0	0	20	7	12	251.85	0		33.835789
36	235	8	0	0	19	0	18	6	14	181.65	0		38.474028
36	230	2	0	0	0	13	16	5	8	82.82	0		17.811167
19	118	5	0	32	0	0	15	14	11	248.93	0		35.842579
19	117	4	0	27	14	0	27	7	9	280.05	0		32.507229
19	113	1	0	32	0	11	18	11	8	307.16	0		26.586809
19	120	8	0	0	19	14	18	6	14	181.65	0		38.474028
19	119	7	0	0	12	21	21	7	8	206.89	0		20.971392
19	114	2	0	0	5	13	16	5	8	82.82	0		17.811167
19	115	2	0	0	0	21	16	5	8	82.82	0		17.811167
19	116	2	0	0	5	21	16	5	8	82.82	0		17.811167
19	121	10	0	32	0	19	10	10	8	299.75	1		6.589046


-------------------------------------------------------------------------------------------------------------------
Tour_Id:			20
No_of_Customers:		2
No_of_Items:			14
Customer_Sequence:		49 11 

CustId	Id	TypeId	Rotated	x	y	z	Length	Width	Height	mass	Fragility	LoadBearingStrength
11	65	5	0	0	0	0	15	14	11	248.93	0		35.842579
11	66	6	0	0	0	11	12	12	13	278.48	0		33.678812
11	63	4	0	0	14	0	27	7	9	280.05	0		32.507229
11	64	4	0	0	14	9	27	7	9	280.05	0		32.507229
11	62	3	0	0	14	18	20	7	12	251.85	0		33.835789
11	61	1	0	15	0	0	18	11	8	307.16	0		26.586809
11	67	7	0	15	0	8	21	7	8	206.89	0		20.971392
49	317	5	0	36	0	0	15	14	11	248.93	0		35.842579
49	315	1	0	27	14	0	18	11	8	307.16	0		26.586809
49	319	8	0	12	0	16	18	6	14	181.65	0		38.474028
49	320	8	0	27	14	8	18	6	14	181.65	0		38.474028
49	321	8	0	36	0	11	18	6	14	181.65	0		38.474028
49	318	7	1	51	0	0	21	7	8	206.89	0		20.971392
49	316	2	0	15	7	8	16	5	8	82.82	0		17.811167


-------------------------------------------------------------------------------------------------------------------
Tour_Id:			21
No_of_Customers:		3
No_of_Items:			19
Customer_Sequence:		43 24 8 

CustId	Id	TypeId	Rotated	x	y	z	Length	Width	Height	mass	Fragility	LoadBearingStrength
8	45	5	0	0	0	0	15	14	11	248.93	0		35.842579
8	44	4	0	0	14	0	27	7	9	280.05	0		32.507229
24	150	4	0	0	14	9	27	7	9	280.05	0		32.507229
8	46	7	0	15	0	0	21	7	8	206.89	0		20.971392
8	47	9	0	0	0	11	18	14	8	213.43	1		5.215565
8	48	9	0	0	0	19	18	14	8	213.43	1		5.215565
8	43	1	0	27	14	0	18	11	8	307.16	0		26.586809
24	151	4	0	0	14	18	27	7	9	280.05	0		32.507229
24	152	7	0	18	0	8	21	7	8	206.89	0		20.971392
24	147	1	0	27	14	8	18	11	8	307.16	0		26.586809
24	154	8	0	18	0	16	18	6	14	181.65	0		38.474028
24	148	1	0	27	14	16	18	11	8	307.16	0		26.586809
24	149	3	0	39	0	0	20	7	12	251.85	0		33.835789
24	153	7	0	18	7	0	21	7	8	206.89	0		20.971392
43	271	4	0	18	7	8	27	7	9	280.05	0		32.507229
43	272	8	0	39	0	12	18	6	14	181.65	0		38.474028
43	273	9	1	45	7	0	18	14	8	213.43	1		5.215565
43	274	10	0	45	7	8	10	10	8	299.75	1		6.589046
43	275	10	0	45	6	16	10	10	8	299.75	1		6.589046


-------------------------------------------------------------------------------------------------------------------
Tour_Id:			22
No_of_Customers:		3
No_of_Items:			21
Customer_Sequence:		9 1 32 

CustId	Id	TypeId	Rotated	x	y	z	Length	Width	Height	mass	Fragility	LoadBearingStrength
32	208	6	0	0	0	0	12	12	13	278.48	0		33.678812
32	209	6	0	0	12	0	12	12	13	278.48	0		33.678812
32	210	6	0	0	0	13	12	12	13	278.48	0		33.678812
32	206	4	0	12	0	0	27	7	9	280.05	0		32.507229
32	207	4	0	12	7	0	27	7	9	280.05	0		32.507229
32	211	8	0	12	14	0	18	6	14	181.65	0		38.474028
1	4	6	0	12	0	9	12	12	13	278.48	0		33.678812
32	205	2	0	12	20	0	16	5	8	82.82	0		17.811167
32	212	10	0	0	12	13	10	10	8	299.75	1		6.589046
1	2	5	0	24	0	9	15	14	11	248.93	0		35.842579
1	3	5	0	39	0	0	15	14	11	248.93	0		35.842579
32	204	2	0	12	20	8	16	5	8	82.82	0		17.811167
1	5	7	0	30	14	0	21	7	8	206.89	0		20.971392
1	1	2	0	12	14	14	16	5	8	82.82	0		17.811167
1	6	10	0	0	12	21	10	10	8	299.75	1		6.589046
9	50	5	0	39	0	11	15	14	11	248.93	0		35.842579
9	49	1	1	12	0	22	18	11	8	307.16	0		26.586809
9	51	8	0	30	14	8	18	6	14	181.65	0		38.474028
9	52	8	1	54	0	0	18	6	14	181.65	0		38.474028
9	53	10	0	24	0	20	10	10	8	299.75	1		6.589046
9	54	10	0	39	0	22	10	10	8	299.75	1		6.589046


-------------------------------------------------------------------------------------------------------------------
Tour_Id:			23
No_of_Customers:		2
No_of_Items:			18
Customer_Sequence:		7 47 

CustId	Id	TypeId	Rotated	x	y	z	Length	Width	Height	mass	Fragility	LoadBearingStrength
47	300	5	0	0	0	0	15	14	11	248.93	0		35.842579
47	301	5	0	0	0	11	15	14	11	248.93	0		35.842579
47	298	1	0	0	14	0	18	11	8	307.16	0		26.586809
7	35	3	0	0	14	8	20	7	12	251.85	0		33.835789
47	302	8	0	15	0	0	18	6	14	181.65	0		38.474028
47	303	8	0	15	6	0	18	6	14	181.65	0		38.474028
47	304	9	0	0	0	22	18	14	8	213.43	1		5.215565
47	305	10	0	15	0	14	10	10	8	299.75	1		6.589046
47	306	10	0	25	0	14	10	10	8	299.75	1		6.589046
7	37	5	0	35	0	0	15	14	11	248.93	0		35.842579
47	299	1	0	18	14	0	18	11	8	307.16	0		26.586809
7	36	3	0	20	14	8	20	7	12	251.85	0		33.835789
7	34	2	0	0	14	20	16	5	8	82.82	0		17.811167
7	38	9	0	35	0	11	18	14	8	213.43	1		5.215565
7	39	9	0	35	0	19	18	14	8	213.43	1		5.215565
7	40	10	0	18	0	22	10	10	8	299.75	1		6.589046
7	41	10	0	40	14	0	10	10	8	299.75	1		6.589046
7	42	10	0	40	14	8	10	10	8	299.75	1		6.589046


