Name:				407_n060_m400_bt3
Problem:			3L-VRPTW
Number_of_used_Vehicles:	8
Total_Travel_Distance:		806.74
Calculation_Time:		743.85
Total_Iterations:		11642
ConstraintSet:			P1

-------------------------------------------------------------------------------------------------------------------
Tour_Id:			1
No_of_Customers:		10
No_of_Items:			71
Customer_Sequence:		54 3 53 15 44 27 25 7 39 10 

CustId	Id	TypeId	Rotated	x	y	z	Length	Width	Height	mass	Fragility	LoadBearingStrength
10	66	2	0	0	0	0	11	4	5	86.29	0		21.144113
10	67	3	0	0	4	0	7	4	7	90.48	0		22.454254
10	68	3	0	0	8	0	7	4	7	90.48	0		22.454254
10	62	1	0	0	12	0	15	4	7	170.79	1		2.192681
10	63	1	0	0	16	0	15	4	7	170.79	1		2.192681
10	64	1	0	0	20	0	15	4	7	170.79	1		2.192681
10	65	1	1	0	4	7	15	4	7	170.79	1		2.192681
39	260	2	0	0	0	5	11	4	5	86.29	0		21.144113
39	261	2	0	0	0	10	11	4	5	86.29	0		21.144113
39	262	3	0	0	0	15	7	4	7	90.48	0		22.454254
39	263	3	0	0	0	22	7	4	7	90.48	0		22.454254
39	264	3	1	4	4	7	7	4	7	90.48	0		22.454254
39	258	1	0	0	19	7	15	4	7	170.79	1		2.192681
39	259	1	1	0	4	14	15	4	7	170.79	1		2.192681
7	42	2	0	8	4	0	11	4	5	86.29	0		21.144113
7	43	2	0	8	8	0	11	4	5	86.29	0		21.144113
7	44	3	1	4	4	14	7	4	7	90.48	0		22.454254
7	45	3	1	4	4	21	7	4	7	90.48	0		22.454254
7	46	3	0	8	4	5	7	4	7	90.48	0		22.454254
7	47	3	0	8	8	5	7	4	7	90.48	0		22.454254
7	39	1	0	0	19	14	15	4	7	170.79	1		2.192681
7	40	1	1	0	4	21	15	4	7	170.79	1		2.192681
7	41	1	0	0	19	21	15	4	7	170.79	1		2.192681
25	160	2	0	11	0	0	11	4	5	86.29	0		21.144113
25	161	2	0	11	0	5	11	4	5	86.29	0		21.144113
25	162	2	0	11	0	10	11	4	5	86.29	0		21.144113
25	163	3	0	7	0	15	7	4	7	90.48	0		22.454254
25	156	1	0	15	12	0	15	4	7	170.79	1		2.192681
25	157	1	0	15	16	0	15	4	7	170.79	1		2.192681
25	158	1	0	15	20	0	15	4	7	170.79	1		2.192681
25	159	1	0	4	12	7	15	4	7	170.79	1		2.192681
27	172	2	0	19	4	0	11	4	5	86.29	0		21.144113
27	173	2	0	15	4	5	11	4	5	86.29	0		21.144113
27	174	2	0	15	4	10	11	4	5	86.29	0		21.144113
27	175	2	0	15	4	15	11	4	5	86.29	0		21.144113
27	176	3	0	7	0	22	7	4	7	90.48	0		22.454254
27	177	3	0	8	4	12	7	4	7	90.48	0		22.454254
27	178	3	0	8	8	12	7	4	7	90.48	0		22.454254
27	170	1	0	4	12	14	15	4	7	170.79	1		2.192681
27	171	1	0	4	11	21	15	4	7	170.79	1		2.192681
44	292	2	0	15	4	20	11	4	5	86.29	0		21.144113
44	293	2	0	15	4	25	11	4	5	86.29	0		21.144113
44	294	2	0	19	8	0	11	4	5	86.29	0		21.144113
44	295	3	0	14	0	15	7	4	7	90.48	0		22.454254
44	296	3	0	14	0	22	7	4	7	90.48	0		22.454254
44	289	1	0	15	16	7	15	4	7	170.79	1		2.192681
44	290	1	0	15	20	7	15	4	7	170.79	1		2.192681
44	291	1	0	15	16	14	15	4	7	170.79	1		2.192681
15	91	2	0	19	8	5	11	4	5	86.29	0		21.144113
15	92	2	0	19	8	10	11	4	5	86.29	0		21.144113
15	93	2	0	19	8	15	11	4	5	86.29	0		21.144113
15	94	2	0	19	8	20	11	4	5	86.29	0		21.144113
15	95	2	0	19	8	25	11	4	5	86.29	0		21.144113
15	96	3	0	22	0	0	7	4	7	90.48	0		22.454254
53	350	2	0	29	0	0	11	4	5	86.29	0		21.144113
53	351	2	0	29	0	5	11	4	5	86.29	0		21.144113
53	352	2	0	29	0	10	11	4	5	86.29	0		21.144113
53	349	1	0	15	20	14	15	4	7	170.79	1		2.192681
3	13	2	0	29	0	15	11	4	5	86.29	0		21.144113
3	14	2	0	29	0	20	11	4	5	86.29	0		21.144113
3	15	3	0	30	4	0	7	4	7	90.48	0		22.454254
3	16	3	0	30	8	0	7	4	7	90.48	0		22.454254
3	17	3	0	30	12	0	7	4	7	90.48	0		22.454254
54	356	2	0	29	0	25	11	4	5	86.29	0		21.144113
54	357	2	0	30	16	0	11	4	5	86.29	0		21.144113
54	358	3	0	30	20	0	7	4	7	90.48	0		22.454254
54	359	3	0	30	16	5	7	4	7	90.48	0		22.454254
54	360	3	0	30	4	7	7	4	7	90.48	0		22.454254
54	353	1	0	15	15	21	15	4	7	170.79	1		2.192681
54	354	1	0	15	19	21	15	4	7	170.79	1		2.192681
54	355	1	0	19	12	7	15	4	7	170.79	1		2.192681


-------------------------------------------------------------------------------------------------------------------
Tour_Id:			2
No_of_Customers:		8
No_of_Items:			52
Customer_Sequence:		40 50 1 17 51 21 32 59 

CustId	Id	TypeId	Rotated	x	y	z	Length	Width	Height	mass	Fragility	LoadBearingStrength
59	390	2	0	0	0	0	11	4	5	86.29	0		21.144113
59	391	3	0	0	4	0	7	4	7	90.48	0		22.454254
59	388	1	0	0	8	0	15	4	7	170.79	1		2.192681
59	389	1	0	0	12	0	15	4	7	170.79	1		2.192681
32	213	2	0	0	16	0	11	4	5	86.29	0		21.144113
32	214	2	0	0	20	0	11	4	5	86.29	0		21.144113
32	215	2	0	0	0	5	11	4	5	86.29	0		21.144113
32	216	3	0	0	16	5	7	4	7	90.48	0		22.454254
32	208	1	0	0	8	7	15	4	7	170.79	1		2.192681
32	209	1	0	0	12	7	15	4	7	170.79	1		2.192681
32	210	1	0	0	8	14	15	4	7	170.79	1		2.192681
32	211	1	0	0	12	14	15	4	7	170.79	1		2.192681
32	212	1	0	0	8	21	15	4	7	170.79	1		2.192681
21	134	2	0	0	20	5	11	4	5	86.29	0		21.144113
21	135	3	0	0	4	7	7	4	7	90.48	0		22.454254
21	136	3	0	0	0	10	7	4	7	90.48	0		22.454254
21	137	3	0	0	20	10	7	4	7	90.48	0		22.454254
21	132	1	0	0	12	21	15	4	7	170.79	1		2.192681
21	133	1	0	7	4	0	15	4	7	170.79	1		2.192681
51	340	2	0	11	0	0	11	4	5	86.29	0		21.144113
51	341	2	0	11	16	0	11	4	5	86.29	0		21.144113
51	342	2	0	7	16	5	11	4	5	86.29	0		21.144113
51	343	3	0	0	16	12	7	4	7	90.48	0		22.454254
51	344	3	0	0	4	14	7	4	7	90.48	0		22.454254
17	110	3	0	0	0	17	7	4	7	90.48	0		22.454254
17	111	3	0	0	20	17	7	4	7	90.48	0		22.454254
17	112	3	0	0	16	19	7	4	7	90.48	0		22.454254
17	104	1	0	7	4	7	15	4	7	170.79	1		2.192681
17	105	1	0	7	4	14	15	4	7	170.79	1		2.192681
17	106	1	0	0	4	21	15	4	7	170.79	1		2.192681
17	107	1	0	11	20	0	15	4	7	170.79	1		2.192681
17	108	1	0	11	20	7	15	4	7	170.79	1		2.192681
17	109	1	0	15	8	0	15	4	7	170.79	1		2.192681
1	4	2	0	7	16	10	11	4	5	86.29	0		21.144113
1	5	3	0	7	16	15	7	4	7	90.48	0		22.454254
1	1	1	0	11	20	14	15	4	7	170.79	1		2.192681
1	2	1	0	11	20	21	15	4	7	170.79	1		2.192681
1	3	1	0	15	12	0	15	4	7	170.79	1		2.192681
50	333	2	0	11	0	5	11	4	5	86.29	0		21.144113
50	334	2	0	7	0	10	11	4	5	86.29	0		21.144113
50	335	3	0	7	0	15	7	4	7	90.48	0		22.454254
50	336	3	0	7	0	22	7	4	7	90.48	0		22.454254
50	337	3	0	7	16	22	7	4	7	90.48	0		22.454254
50	338	3	0	22	0	0	7	4	7	90.48	0		22.454254
50	339	3	0	22	4	0	7	4	7	90.48	0		22.454254
50	331	1	0	15	8	7	15	4	7	170.79	1		2.192681
50	332	1	0	15	12	7	15	4	7	170.79	1		2.192681
40	269	3	0	22	16	0	7	4	7	90.48	0		22.454254
40	265	1	0	15	8	14	15	4	7	170.79	1		2.192681
40	266	1	0	15	12	14	15	4	7	170.79	1		2.192681
40	267	1	1	15	4	21	15	4	7	170.79	1		2.192681
40	268	1	0	26	20	0	15	4	7	170.79	1		2.192681


-------------------------------------------------------------------------------------------------------------------
Tour_Id:			3
No_of_Customers:		9
No_of_Items:			59
Customer_Sequence:		28 23 5 18 14 43 42 2 45 

CustId	Id	TypeId	Rotated	x	y	z	Length	Width	Height	mass	Fragility	LoadBearingStrength
45	299	2	0	0	0	0	11	4	5	86.29	0		21.144113
45	300	3	0	0	4	0	7	4	7	90.48	0		22.454254
45	301	3	0	0	8	0	7	4	7	90.48	0		22.454254
45	302	3	0	0	12	0	7	4	7	90.48	0		22.454254
45	297	1	0	0	16	0	15	4	7	170.79	1		2.192681
45	298	1	0	0	20	0	15	4	7	170.79	1		2.192681
2	7	2	0	0	0	5	11	4	5	86.29	0		21.144113
2	8	3	0	0	4	7	7	4	7	90.48	0		22.454254
2	9	3	0	0	8	7	7	4	7	90.48	0		22.454254
2	10	3	0	0	12	7	7	4	7	90.48	0		22.454254
2	11	3	0	0	0	10	7	4	7	90.48	0		22.454254
2	12	3	0	0	4	14	7	4	7	90.48	0		22.454254
2	6	1	0	0	16	7	15	4	7	170.79	1		2.192681
42	278	2	0	7	4	0	11	4	5	86.29	0		21.144113
42	279	2	0	7	8	0	11	4	5	86.29	0		21.144113
42	280	2	0	7	12	0	11	4	5	86.29	0		21.144113
42	281	3	0	0	8	14	7	4	7	90.48	0		22.454254
42	282	3	0	0	12	14	7	4	7	90.48	0		22.454254
42	283	3	0	0	0	17	7	4	7	90.48	0		22.454254
42	275	1	0	0	20	7	15	4	7	170.79	1		2.192681
42	276	1	0	0	16	14	15	4	7	170.79	1		2.192681
42	277	1	0	0	20	14	15	4	7	170.79	1		2.192681
43	285	2	1	0	4	21	11	4	5	86.29	0		21.144113
43	286	2	1	4	4	21	11	4	5	86.29	0		21.144113
43	287	2	0	7	4	5	11	4	5	86.29	0		21.144113
43	288	3	0	7	8	5	7	4	7	90.48	0		22.454254
43	284	1	0	0	15	21	15	4	7	170.79	1		2.192681
14	88	2	0	8	4	10	11	4	5	86.29	0		21.144113
14	89	2	0	8	4	15	11	4	5	86.29	0		21.144113
14	90	3	0	8	8	12	7	4	7	90.48	0		22.454254
14	86	1	0	0	19	21	15	4	7	170.79	1		2.192681
14	87	1	0	11	0	0	15	4	7	170.79	1		2.192681
18	115	2	0	8	4	20	11	4	5	86.29	0		21.144113
18	116	2	0	8	4	25	11	4	5	86.29	0		21.144113
18	117	2	0	15	16	0	11	4	5	86.29	0		21.144113
18	118	3	0	8	8	19	7	4	7	90.48	0		22.454254
18	113	1	0	11	0	7	15	4	7	170.79	1		2.192681
18	114	1	0	11	0	14	15	4	7	170.79	1		2.192681
5	29	2	0	15	20	0	11	4	5	86.29	0		21.144113
5	30	2	0	15	16	5	11	4	5	86.29	0		21.144113
5	31	2	0	15	20	5	11	4	5	86.29	0		21.144113
5	32	2	0	15	16	10	11	4	5	86.29	0		21.144113
5	33	3	0	15	20	10	7	4	7	90.48	0		22.454254
5	34	3	1	15	8	5	7	4	7	90.48	0		22.454254
5	26	1	0	11	0	21	15	4	7	170.79	1		2.192681
5	27	1	0	19	4	0	15	4	7	170.79	1		2.192681
5	28	1	0	19	8	0	15	4	7	170.79	1		2.192681
23	148	2	0	15	16	15	11	4	5	86.29	0		21.144113
23	149	2	0	15	16	20	11	4	5	86.29	0		21.144113
23	146	1	0	19	12	0	15	4	7	170.79	1		2.192681
23	147	1	0	19	4	7	15	4	7	170.79	1		2.192681
28	181	2	0	15	16	25	11	4	5	86.29	0		21.144113
28	182	2	0	26	0	0	11	4	5	86.29	0		21.144113
28	183	2	0	26	16	0	11	4	5	86.29	0		21.144113
28	184	3	1	15	8	12	7	4	7	90.48	0		22.454254
28	185	3	0	15	20	17	7	4	7	90.48	0		22.454254
28	186	3	1	15	8	19	7	4	7	90.48	0		22.454254
28	179	1	0	19	8	7	15	4	7	170.79	1		2.192681
28	180	1	0	19	12	7	15	4	7	170.79	1		2.192681


-------------------------------------------------------------------------------------------------------------------
Tour_Id:			4
No_of_Customers:		10
No_of_Items:			68
Customer_Sequence:		24 47 16 49 19 8 4 58 36 29 

CustId	Id	TypeId	Rotated	x	y	z	Length	Width	Height	mass	Fragility	LoadBearingStrength
29	191	2	0	0	0	0	11	4	5	86.29	0		21.144113
29	192	2	0	0	4	0	11	4	5	86.29	0		21.144113
29	193	2	0	0	8	0	11	4	5	86.29	0		21.144113
29	187	1	0	0	12	0	15	4	7	170.79	1		2.192681
29	188	1	0	0	16	0	15	4	7	170.79	1		2.192681
29	189	1	0	0	20	0	15	4	7	170.79	1		2.192681
29	190	1	0	0	12	7	15	4	7	170.79	1		2.192681
36	242	2	0	0	0	5	11	4	5	86.29	0		21.144113
36	243	3	0	0	4	5	7	4	7	90.48	0		22.454254
36	244	3	0	0	8	5	7	4	7	90.48	0		22.454254
36	239	1	0	0	16	7	15	4	7	170.79	1		2.192681
36	240	1	0	0	20	7	15	4	7	170.79	1		2.192681
36	241	1	0	0	12	14	15	4	7	170.79	1		2.192681
58	385	2	0	0	0	10	11	4	5	86.29	0		21.144113
58	386	2	0	0	0	15	11	4	5	86.29	0		21.144113
58	387	3	0	0	4	12	7	4	7	90.48	0		22.454254
58	381	1	0	0	16	14	15	4	7	170.79	1		2.192681
58	382	1	0	0	20	14	15	4	7	170.79	1		2.192681
58	383	1	0	0	12	21	15	4	7	170.79	1		2.192681
58	384	1	0	0	16	21	15	4	7	170.79	1		2.192681
4	20	2	0	0	0	20	11	4	5	86.29	0		21.144113
4	21	2	0	0	0	25	11	4	5	86.29	0		21.144113
4	22	2	0	11	0	0	11	4	5	86.29	0		21.144113
4	23	3	0	0	8	12	7	4	7	90.48	0		22.454254
4	24	3	0	0	4	19	7	4	7	90.48	0		22.454254
4	25	3	0	0	8	19	7	4	7	90.48	0		22.454254
4	18	1	0	0	20	21	15	4	7	170.79	1		2.192681
4	19	1	0	11	4	0	15	4	7	170.79	1		2.192681
8	50	2	0	11	8	0	11	4	5	86.29	0		21.144113
8	51	2	0	7	8	5	11	4	5	86.29	0		21.144113
8	52	2	0	7	8	10	11	4	5	86.29	0		21.144113
8	53	3	0	7	8	15	7	4	7	90.48	0		22.454254
8	48	1	0	11	4	7	15	4	7	170.79	1		2.192681
8	49	1	0	11	4	14	15	4	7	170.79	1		2.192681
19	121	3	0	7	8	22	7	4	7	90.48	0		22.454254
19	122	3	0	11	0	5	7	4	7	90.48	0		22.454254
19	123	3	0	11	0	12	7	4	7	90.48	0		22.454254
19	124	3	0	11	0	19	7	4	7	90.48	0		22.454254
19	119	1	0	11	4	21	15	4	7	170.79	1		2.192681
19	120	1	0	15	12	0	15	4	7	170.79	1		2.192681
49	326	2	0	15	16	0	11	4	5	86.29	0		21.144113
49	327	2	0	15	20	0	11	4	5	86.29	0		21.144113
49	328	3	0	15	16	5	7	4	7	90.48	0		22.454254
49	329	3	0	15	20	5	7	4	7	90.48	0		22.454254
49	330	3	0	15	16	12	7	4	7	90.48	0		22.454254
49	325	1	0	15	12	7	15	4	7	170.79	1		2.192681
16	100	2	0	22	0	0	11	4	5	86.29	0		21.144113
16	101	2	0	18	0	5	11	4	5	86.29	0		21.144113
16	102	2	0	18	0	10	11	4	5	86.29	0		21.144113
16	103	2	0	18	0	15	11	4	5	86.29	0		21.144113
16	97	1	0	15	12	14	15	4	7	170.79	1		2.192681
16	98	1	0	15	12	21	15	4	7	170.79	1		2.192681
16	99	1	0	22	8	0	15	4	7	170.79	1		2.192681
47	310	2	0	18	0	20	11	4	5	86.29	0		21.144113
47	311	2	0	18	0	25	11	4	5	86.29	0		21.144113
47	312	2	0	26	4	0	11	4	5	86.29	0		21.144113
47	313	3	0	15	20	12	7	4	7	90.48	0		22.454254
47	314	3	0	15	16	19	7	4	7	90.48	0		22.454254
47	315	3	0	15	20	19	7	4	7	90.48	0		22.454254
47	316	3	1	22	16	5	7	4	7	90.48	0		22.454254
47	308	1	0	22	8	7	15	4	7	170.79	1		2.192681
47	309	1	0	22	8	14	15	4	7	170.79	1		2.192681
24	154	2	0	26	16	0	11	4	5	86.29	0		21.144113
24	155	3	1	22	16	12	7	4	7	90.48	0		22.454254
24	150	1	0	22	8	21	15	4	7	170.79	1		2.192681
24	151	1	0	26	20	0	15	4	7	170.79	1		2.192681
24	152	1	0	26	20	7	15	4	7	170.79	1		2.192681
24	153	1	0	26	20	14	15	4	7	170.79	1		2.192681


-------------------------------------------------------------------------------------------------------------------
Tour_Id:			5
No_of_Customers:		8
No_of_Items:			56
Customer_Sequence:		34 52 37 57 9 22 20 35 

CustId	Id	TypeId	Rotated	x	y	z	Length	Width	Height	mass	Fragility	LoadBearingStrength
35	237	3	0	0	0	0	7	4	7	90.48	0		22.454254
35	238	3	0	0	4	0	7	4	7	90.48	0		22.454254
35	232	1	0	0	8	0	15	4	7	170.79	1		2.192681
35	233	1	0	0	12	0	15	4	7	170.79	1		2.192681
35	234	1	0	0	16	0	15	4	7	170.79	1		2.192681
35	235	1	0	0	20	0	15	4	7	170.79	1		2.192681
35	236	1	1	0	0	7	15	4	7	170.79	1		2.192681
20	128	3	1	4	0	7	7	4	7	90.48	0		22.454254
20	129	3	1	4	0	14	7	4	7	90.48	0		22.454254
20	130	3	1	4	0	21	7	4	7	90.48	0		22.454254
20	131	3	0	7	0	0	7	4	7	90.48	0		22.454254
20	125	1	0	0	15	7	15	4	7	170.79	1		2.192681
20	126	1	0	0	19	7	15	4	7	170.79	1		2.192681
20	127	1	1	0	0	14	15	4	7	170.79	1		2.192681
22	143	2	0	14	0	0	11	4	5	86.29	0		21.144113
22	144	2	0	8	4	0	11	4	5	86.29	0		21.144113
22	145	3	0	8	4	5	7	4	7	90.48	0		22.454254
22	138	1	0	0	15	14	15	4	7	170.79	1		2.192681
22	139	1	0	0	19	14	15	4	7	170.79	1		2.192681
22	140	1	0	0	15	21	15	4	7	170.79	1		2.192681
22	141	1	0	0	19	21	15	4	7	170.79	1		2.192681
22	142	1	0	15	8	0	15	4	7	170.79	1		2.192681
9	58	2	0	14	0	5	11	4	5	86.29	0		21.144113
9	59	2	0	14	0	10	11	4	5	86.29	0		21.144113
9	60	3	0	8	4	12	7	4	7	90.48	0		22.454254
9	61	3	0	8	4	19	7	4	7	90.48	0		22.454254
9	54	1	0	4	8	7	15	4	7	170.79	1		2.192681
9	55	1	0	4	8	14	15	4	7	170.79	1		2.192681
9	56	1	0	0	8	21	15	4	7	170.79	1		2.192681
9	57	1	0	15	12	0	15	4	7	170.79	1		2.192681
57	378	2	0	14	0	15	11	4	5	86.29	0		21.144113
57	379	2	0	14	0	20	11	4	5	86.29	0		21.144113
57	380	3	0	15	16	0	7	4	7	90.48	0		22.454254
57	374	1	0	15	20	0	15	4	7	170.79	1		2.192681
57	375	1	0	15	12	7	15	4	7	170.79	1		2.192681
57	376	1	0	15	19	7	15	4	7	170.79	1		2.192681
57	377	1	0	15	12	14	15	4	7	170.79	1		2.192681
37	245	2	0	14	0	25	11	4	5	86.29	0		21.144113
37	246	2	0	19	4	0	11	4	5	86.29	0		21.144113
37	247	2	0	15	4	5	11	4	5	86.29	0		21.144113
37	248	3	0	15	4	10	7	4	7	90.48	0		22.454254
37	249	3	0	15	4	17	7	4	7	90.48	0		22.454254
37	250	3	0	25	0	0	7	4	7	90.48	0		22.454254
52	346	2	0	30	4	0	11	4	5	86.29	0		21.144113
52	347	2	0	26	4	5	11	4	5	86.29	0		21.144113
52	348	2	0	22	4	10	11	4	5	86.29	0		21.144113
52	345	1	0	15	19	14	15	4	7	170.79	1		2.192681
34	228	2	0	22	4	15	11	4	5	86.29	0		21.144113
34	229	2	0	22	4	20	11	4	5	86.29	0		21.144113
34	230	3	0	25	0	7	7	4	7	90.48	0		22.454254
34	231	3	0	25	0	14	7	4	7	90.48	0		22.454254
34	223	1	1	15	8	21	15	4	7	170.79	1		2.192681
34	224	1	0	30	8	0	15	4	7	170.79	1		2.192681
34	225	1	0	19	8	7	15	4	7	170.79	1		2.192681
34	226	1	0	19	8	14	15	4	7	170.79	1		2.192681
34	227	1	0	19	8	21	15	4	7	170.79	1		2.192681


-------------------------------------------------------------------------------------------------------------------
Tour_Id:			6
No_of_Customers:		8
No_of_Items:			53
Customer_Sequence:		30 6 38 31 48 33 13 60 

CustId	Id	TypeId	Rotated	x	y	z	Length	Width	Height	mass	Fragility	LoadBearingStrength
60	396	2	0	0	0	0	11	4	5	86.29	0		21.144113
60	397	3	0	0	4	0	7	4	7	90.48	0		22.454254
60	398	3	0	0	8	0	7	4	7	90.48	0		22.454254
60	399	3	0	0	12	0	7	4	7	90.48	0		22.454254
60	400	3	0	0	16	0	7	4	7	90.48	0		22.454254
60	392	1	0	0	20	0	15	4	7	170.79	1		2.192681
60	393	1	1	0	4	7	15	4	7	170.79	1		2.192681
60	394	1	0	0	19	7	15	4	7	170.79	1		2.192681
60	395	1	1	0	4	14	15	4	7	170.79	1		2.192681
13	82	2	0	0	0	5	11	4	5	86.29	0		21.144113
13	83	3	0	0	0	10	7	4	7	90.48	0		22.454254
13	84	3	0	0	0	17	7	4	7	90.48	0		22.454254
13	85	3	1	4	4	7	7	4	7	90.48	0		22.454254
13	81	1	0	0	19	14	15	4	7	170.79	1		2.192681
33	221	2	0	7	11	0	11	4	5	86.29	0		21.144113
33	222	3	1	4	11	7	7	4	7	90.48	0		22.454254
33	217	1	1	0	4	21	15	4	7	170.79	1		2.192681
33	218	1	0	0	19	21	15	4	7	170.79	1		2.192681
33	219	1	1	4	4	14	15	4	7	170.79	1		2.192681
33	220	1	1	4	4	21	15	4	7	170.79	1		2.192681
48	317	2	0	8	4	0	11	4	5	86.29	0		21.144113
48	318	2	0	8	4	5	11	4	5	86.29	0		21.144113
48	319	3	0	8	11	5	7	4	7	90.48	0		22.454254
48	320	3	0	8	15	0	7	4	7	90.48	0		22.454254
48	321	3	0	8	15	7	7	4	7	90.48	0		22.454254
48	322	3	0	8	4	10	7	4	7	90.48	0		22.454254
48	323	3	0	8	11	12	7	4	7	90.48	0		22.454254
48	324	3	0	8	15	14	7	4	7	90.48	0		22.454254
31	202	2	0	11	0	0	11	4	5	86.29	0		21.144113
31	203	2	0	11	0	5	11	4	5	86.29	0		21.144113
31	204	2	0	7	0	10	11	4	5	86.29	0		21.144113
31	205	3	0	7	0	15	7	4	7	90.48	0		22.454254
31	206	3	0	7	0	22	7	4	7	90.48	0		22.454254
31	207	3	0	8	4	17	7	4	7	90.48	0		22.454254
31	201	1	0	15	15	0	15	4	7	170.79	1		2.192681
38	254	2	0	15	19	0	11	4	5	86.29	0		21.144113
38	255	2	0	15	19	5	11	4	5	86.29	0		21.144113
38	256	2	0	15	19	10	11	4	5	86.29	0		21.144113
38	257	3	0	8	11	19	7	4	7	90.48	0		22.454254
38	251	1	0	15	15	7	15	4	7	170.79	1		2.192681
38	252	1	0	15	15	14	15	4	7	170.79	1		2.192681
38	253	1	0	8	15	21	15	4	7	170.79	1		2.192681
6	36	2	0	15	19	15	11	4	5	86.29	0		21.144113
6	37	2	0	15	19	20	11	4	5	86.29	0		21.144113
6	38	2	0	15	19	25	11	4	5	86.29	0		21.144113
6	35	1	0	18	8	0	15	4	7	170.79	1		2.192681
30	197	2	0	19	4	0	11	4	5	86.29	0		21.144113
30	198	3	0	19	4	5	7	4	7	90.48	0		22.454254
30	199	3	0	19	4	12	7	4	7	90.48	0		22.454254
30	200	3	0	19	4	19	7	4	7	90.48	0		22.454254
30	194	1	0	15	8	7	15	4	7	170.79	1		2.192681
30	195	1	0	15	8	14	15	4	7	170.79	1		2.192681
30	196	1	0	15	8	21	15	4	7	170.79	1		2.192681


-------------------------------------------------------------------------------------------------------------------
Tour_Id:			7
No_of_Customers:		4
No_of_Items:			24
Customer_Sequence:		55 41 26 56 

CustId	Id	TypeId	Rotated	x	y	z	Length	Width	Height	mass	Fragility	LoadBearingStrength
56	366	2	0	0	0	0	11	4	5	86.29	0		21.144113
56	367	2	0	0	4	0	11	4	5	86.29	0		21.144113
56	368	2	0	0	8	0	11	4	5	86.29	0		21.144113
56	369	2	0	0	12	0	11	4	5	86.29	0		21.144113
56	370	3	0	0	16	0	7	4	7	90.48	0		22.454254
56	371	3	0	0	20	0	7	4	7	90.48	0		22.454254
56	372	3	0	0	0	5	7	4	7	90.48	0		22.454254
56	373	3	0	0	4	5	7	4	7	90.48	0		22.454254
56	365	1	0	7	16	0	15	4	7	170.79	1		2.192681
26	167	2	0	0	8	5	11	4	5	86.29	0		21.144113
26	168	3	0	0	12	5	7	4	7	90.48	0		22.454254
26	169	3	0	0	16	7	7	4	7	90.48	0		22.454254
26	164	1	0	7	20	0	15	4	7	170.79	1		2.192681
26	165	1	0	0	20	7	15	4	7	170.79	1		2.192681
26	166	1	0	0	20	14	15	4	7	170.79	1		2.192681
41	273	2	0	0	8	10	11	4	5	86.29	0		21.144113
41	274	3	0	0	0	12	7	4	7	90.48	0		22.454254
41	270	1	0	0	20	21	15	4	7	170.79	1		2.192681
41	271	1	0	7	16	7	15	4	7	170.79	1		2.192681
41	272	1	0	0	16	14	15	4	7	170.79	1		2.192681
55	363	2	0	0	8	15	11	4	5	86.29	0		21.144113
55	364	3	0	0	4	12	7	4	7	90.48	0		22.454254
55	361	1	0	0	16	21	15	4	7	170.79	1		2.192681
55	362	1	0	11	0	0	15	4	7	170.79	1		2.192681


-------------------------------------------------------------------------------------------------------------------
Tour_Id:			8
No_of_Customers:		3
No_of_Items:			17
Customer_Sequence:		46 11 12 

CustId	Id	TypeId	Rotated	x	y	z	Length	Width	Height	mass	Fragility	LoadBearingStrength
12	77	2	0	0	0	0	11	4	5	86.29	0		21.144113
12	78	2	0	0	4	0	11	4	5	86.29	0		21.144113
12	79	3	0	0	8	0	7	4	7	90.48	0		22.454254
12	80	3	0	0	12	0	7	4	7	90.48	0		22.454254
12	75	1	0	0	16	0	15	4	7	170.79	1		2.192681
12	76	1	0	0	20	0	15	4	7	170.79	1		2.192681
11	72	2	0	0	0	5	11	4	5	86.29	0		21.144113
11	73	2	0	0	4	5	11	4	5	86.29	0		21.144113
11	74	2	0	0	0	10	11	4	5	86.29	0		21.144113
11	69	1	1	0	8	7	15	4	7	170.79	1		2.192681
11	70	1	1	0	8	14	15	4	7	170.79	1		2.192681
11	71	1	1	0	8	21	15	4	7	170.79	1		2.192681
46	306	3	0	0	4	10	7	4	7	90.48	0		22.454254
46	307	3	0	0	0	15	7	4	7	90.48	0		22.454254
46	303	1	1	4	8	7	15	4	7	170.79	1		2.192681
46	304	1	1	4	8	14	15	4	7	170.79	1		2.192681
46	305	1	1	4	8	21	15	4	7	170.79	1		2.192681


