Name:				410_n060_m400_bt3
Problem:			3L-VRPTW
Number_of_used_Vehicles:	8
Total_Travel_Distance:		849.60
Calculation_Time:		350.37
Total_Iterations:		8395
ConstraintSet:			P1

-------------------------------------------------------------------------------------------------------------------
Tour_Id:			1
No_of_Customers:		9
No_of_Items:			56
Customer_Sequence:		4 47 30 29 2 33 10 58 54 

CustId	Id	TypeId	Rotated	x	y	z	Length	Width	Height	mass	Fragility	LoadBearingStrength
54	357	1	0	0	0	0	10	5	5	226.05	0		9.140469
54	358	2	0	0	5	0	7	3	6	59.50	0		95.885551
54	359	2	0	0	8	0	7	3	6	59.50	0		95.885551
54	360	2	0	0	11	0	7	3	6	59.50	0		95.885551
54	361	3	0	0	14	0	10	4	3	115.48	1		6.229242
58	383	1	0	0	18	0	10	5	5	226.05	0		9.140469
58	384	2	0	0	0	5	7	3	6	59.50	0		95.885551
58	385	2	0	0	18	5	7	3	6	59.50	0		95.885551
58	386	3	0	0	14	3	10	4	3	115.48	1		6.229242
58	387	3	1	0	3	6	10	4	3	115.48	1		6.229242
58	388	3	0	0	13	6	10	4	3	115.48	1		6.229242
10	64	1	0	7	5	0	10	5	5	226.05	0		9.140469
10	65	2	0	0	0	11	7	3	6	59.50	0		95.885551
10	66	2	0	0	18	11	7	3	6	59.50	0		95.885551
10	67	2	0	0	0	17	7	3	6	59.50	0		95.885551
10	68	3	1	0	3	9	10	4	3	115.48	1		6.229242
10	69	3	0	0	13	9	10	4	3	115.48	1		6.229242
10	70	3	1	0	3	12	10	4	3	115.48	1		6.229242
10	71	3	0	0	13	12	10	4	3	115.48	1		6.229242
33	222	1	1	7	0	5	10	5	5	226.05	0		9.140469
33	223	2	0	0	18	17	7	3	6	59.50	0		95.885551
33	224	2	0	0	0	23	7	3	6	59.50	0		95.885551
33	225	3	1	0	3	15	10	4	3	115.48	1		6.229242
2	10	1	1	7	0	10	10	5	5	226.05	0		9.140469
2	11	1	1	7	0	15	10	5	5	226.05	0		9.140469
2	12	2	0	0	18	23	7	3	6	59.50	0		95.885551
2	13	2	0	7	10	0	7	3	6	59.50	0		95.885551
2	14	3	0	0	13	15	10	4	3	115.48	1		6.229242
2	15	3	1	0	3	18	10	4	3	115.48	1		6.229242
2	16	3	0	0	13	18	10	4	3	115.48	1		6.229242
29	200	1	1	7	0	20	10	5	5	226.05	0		9.140469
29	201	1	1	7	0	25	10	5	5	226.05	0		9.140469
29	202	1	0	10	13	0	10	5	5	226.05	0		9.140469
29	203	2	0	4	10	6	7	3	6	59.50	0		95.885551
29	204	2	0	4	10	12	7	3	6	59.50	0		95.885551
29	205	3	1	0	3	21	10	4	3	115.48	1		6.229242
30	206	1	0	10	18	0	10	5	5	226.05	0		9.140469
30	207	1	0	7	18	5	10	5	5	226.05	0		9.140469
30	208	3	0	0	13	21	10	4	3	115.48	1		6.229242
30	209	3	0	0	13	24	10	4	3	115.48	1		6.229242
30	210	3	0	0	13	27	10	4	3	115.48	1		6.229242
30	211	3	0	7	17	10	10	4	3	115.48	1		6.229242
47	311	1	0	12	0	0	10	5	5	226.05	0		9.140469
47	312	1	0	12	0	5	10	5	5	226.05	0		9.140469
47	313	1	0	12	0	10	10	5	5	226.05	0		9.140469
47	314	3	0	7	17	13	10	4	3	115.48	1		6.229242
47	315	3	0	7	17	16	10	4	3	115.48	1		6.229242
47	316	3	0	7	17	19	10	4	3	115.48	1		6.229242
47	317	3	0	7	17	22	10	4	3	115.48	1		6.229242
47	318	3	0	7	17	25	10	4	3	115.48	1		6.229242
47	319	3	0	10	13	5	10	4	3	115.48	1		6.229242
4	23	1	0	12	0	15	10	5	5	226.05	0		9.140469
4	24	1	0	12	0	20	10	5	5	226.05	0		9.140469
4	25	1	0	12	0	25	10	5	5	226.05	0		9.140469
4	26	2	0	4	10	18	7	3	6	59.50	0		95.885551
4	27	3	0	10	13	8	10	4	3	115.48	1		6.229242


-------------------------------------------------------------------------------------------------------------------
Tour_Id:			2
No_of_Customers:		7
No_of_Items:			53
Customer_Sequence:		53 41 28 43 45 24 11 

CustId	Id	TypeId	Rotated	x	y	z	Length	Width	Height	mass	Fragility	LoadBearingStrength
11	72	1	0	0	0	0	10	5	5	226.05	0		9.140469
11	73	1	0	0	5	0	10	5	5	226.05	0		9.140469
11	74	1	0	0	10	0	10	5	5	226.05	0		9.140469
11	75	2	0	0	15	0	7	3	6	59.50	0		95.885551
11	76	2	0	0	18	0	7	3	6	59.50	0		95.885551
11	77	2	0	0	21	0	7	3	6	59.50	0		95.885551
11	78	3	0	0	0	5	10	4	3	115.48	1		6.229242
24	159	1	0	0	4	5	10	5	5	226.05	0		9.140469
24	160	1	0	0	9	5	10	5	5	226.05	0		9.140469
24	161	1	1	0	14	6	10	5	5	226.05	0		9.140469
24	162	2	0	0	4	10	7	3	6	59.50	0		95.885551
24	163	2	0	0	7	10	7	3	6	59.50	0		95.885551
24	164	2	0	0	10	10	7	3	6	59.50	0		95.885551
24	165	2	1	0	13	11	7	3	6	59.50	0		95.885551
24	166	3	0	0	0	8	10	4	3	115.48	1		6.229242
24	167	3	0	0	0	11	10	4	3	115.48	1		6.229242
45	296	1	0	7	15	0	10	5	5	226.05	0		9.140469
45	297	1	0	7	20	0	10	5	5	226.05	0		9.140469
45	298	2	0	0	4	16	7	3	6	59.50	0		95.885551
45	299	2	0	0	7	16	7	3	6	59.50	0		95.885551
45	300	2	0	0	10	16	7	3	6	59.50	0		95.885551
45	301	3	0	0	0	14	10	4	3	115.48	1		6.229242
45	302	3	0	0	0	17	10	4	3	115.48	1		6.229242
45	303	3	0	0	0	20	10	4	3	115.48	1		6.229242
45	304	3	1	0	4	22	10	4	3	115.48	1		6.229242
43	286	1	0	7	14	5	10	5	5	226.05	0		9.140469
43	287	2	1	0	14	17	7	3	6	59.50	0		95.885551
43	288	2	1	0	14	23	7	3	6	59.50	0		95.885551
43	289	2	1	4	4	22	7	3	6	59.50	0		95.885551
43	290	3	0	0	0	23	10	4	3	115.48	1		6.229242
28	193	1	0	7	19	5	10	5	5	226.05	0		9.140469
28	194	1	1	7	10	10	10	5	5	226.05	0		9.140469
28	195	2	0	7	20	10	7	3	6	59.50	0		95.885551
28	196	2	1	7	10	15	7	3	6	59.50	0		95.885551
28	197	3	0	0	0	26	10	4	3	115.48	1		6.229242
28	198	3	0	10	0	0	10	4	3	115.48	1		6.229242
28	199	3	0	10	4	0	10	4	3	115.48	1		6.229242
41	270	1	0	12	8	0	10	5	5	226.05	0		9.140469
41	271	1	0	12	8	5	10	5	5	226.05	0		9.140469
41	272	1	0	12	8	10	10	5	5	226.05	0		9.140469
41	273	2	0	7	20	16	7	3	6	59.50	0		95.885551
41	274	2	1	7	10	21	7	3	6	59.50	0		95.885551
41	275	3	0	10	0	3	10	4	3	115.48	1		6.229242
41	276	3	0	10	4	3	10	4	3	115.48	1		6.229242
41	277	3	0	10	0	6	10	4	3	115.48	1		6.229242
41	278	3	0	10	4	6	10	4	3	115.48	1		6.229242
53	350	2	0	7	20	22	7	3	6	59.50	0		95.885551
53	351	2	0	10	10	15	7	3	6	59.50	0		95.885551
53	352	2	0	10	10	21	7	3	6	59.50	0		95.885551
53	353	2	1	12	13	10	7	3	6	59.50	0		95.885551
53	354	3	0	7	10	27	10	4	3	115.48	1		6.229242
53	355	3	0	10	0	9	10	4	3	115.48	1		6.229242
53	356	3	0	10	4	9	10	4	3	115.48	1		6.229242


-------------------------------------------------------------------------------------------------------------------
Tour_Id:			3
No_of_Customers:		9
No_of_Items:			61
Customer_Sequence:		3 32 57 39 60 40 26 16 1 

CustId	Id	TypeId	Rotated	x	y	z	Length	Width	Height	mass	Fragility	LoadBearingStrength
1	1	1	0	0	0	0	10	5	5	226.05	0		9.140469
1	2	1	0	0	5	0	10	5	5	226.05	0		9.140469
1	3	1	0	0	10	0	10	5	5	226.05	0		9.140469
1	4	1	0	0	15	0	10	5	5	226.05	0		9.140469
1	5	1	0	0	20	0	10	5	5	226.05	0		9.140469
1	6	2	0	0	0	5	7	3	6	59.50	0		95.885551
1	7	3	0	0	3	5	10	4	3	115.48	1		6.229242
1	8	3	0	0	7	5	10	4	3	115.48	1		6.229242
1	9	3	0	0	11	5	10	4	3	115.48	1		6.229242
16	105	1	0	0	15	5	10	5	5	226.05	0		9.140469
16	106	1	0	0	20	5	10	5	5	226.05	0		9.140469
16	107	2	0	0	15	10	7	3	6	59.50	0		95.885551
16	108	2	0	0	18	10	7	3	6	59.50	0		95.885551
16	109	2	0	0	21	10	7	3	6	59.50	0		95.885551
16	110	2	0	0	0	11	7	3	6	59.50	0		95.885551
26	177	1	1	0	15	16	10	5	5	226.05	0		9.140469
26	178	1	1	0	15	21	10	5	5	226.05	0		9.140469
26	179	1	0	10	0	0	10	5	5	226.05	0		9.140469
26	180	2	0	0	0	17	7	3	6	59.50	0		95.885551
26	181	2	0	0	0	23	7	3	6	59.50	0		95.885551
26	182	3	0	0	3	8	10	4	3	115.48	1		6.229242
26	183	3	0	0	7	8	10	4	3	115.48	1		6.229242
26	184	3	0	0	11	8	10	4	3	115.48	1		6.229242
40	263	1	0	10	5	0	10	5	5	226.05	0		9.140469
40	264	1	0	10	10	0	10	5	5	226.05	0		9.140469
40	265	1	0	10	15	0	10	5	5	226.05	0		9.140469
40	266	1	0	10	20	0	10	5	5	226.05	0		9.140469
40	267	2	0	7	0	5	7	3	6	59.50	0		95.885551
40	268	3	0	0	3	11	10	4	3	115.48	1		6.229242
40	269	3	0	0	7	11	10	4	3	115.48	1		6.229242
60	395	1	0	10	3	5	10	5	5	226.05	0		9.140469
60	396	1	0	10	8	5	10	5	5	226.05	0		9.140469
60	397	1	0	10	13	5	10	5	5	226.05	0		9.140469
60	398	2	0	7	15	10	7	3	6	59.50	0		95.885551
60	399	3	0	0	11	11	10	4	3	115.48	1		6.229242
60	400	3	0	0	3	14	10	4	3	115.48	1		6.229242
39	259	2	0	5	15	16	7	3	6	59.50	0		95.885551
39	260	2	0	5	15	22	7	3	6	59.50	0		95.885551
39	261	2	1	7	18	10	7	3	6	59.50	0		95.885551
39	262	3	0	0	7	14	10	4	3	115.48	1		6.229242
57	374	1	0	10	18	5	10	5	5	226.05	0		9.140469
57	375	1	0	10	3	10	10	5	5	226.05	0		9.140469
57	376	1	0	10	8	10	10	5	5	226.05	0		9.140469
57	377	1	0	10	18	10	10	5	5	226.05	0		9.140469
57	378	2	1	5	18	16	7	3	6	59.50	0		95.885551
57	379	2	1	5	18	22	7	3	6	59.50	0		95.885551
57	380	2	0	7	0	11	7	3	6	59.50	0		95.885551
57	381	3	0	0	11	14	10	4	3	115.48	1		6.229242
57	382	3	0	0	3	17	10	4	3	115.48	1		6.229242
32	216	1	0	10	3	15	10	5	5	226.05	0		9.140469
32	217	2	0	7	0	17	7	3	6	59.50	0		95.885551
32	218	2	0	7	0	23	7	3	6	59.50	0		95.885551
32	219	3	0	0	7	17	10	4	3	115.48	1		6.229242
32	220	3	0	0	11	17	10	4	3	115.48	1		6.229242
32	221	3	0	0	3	20	10	4	3	115.48	1		6.229242
3	17	1	0	10	8	15	10	5	5	226.05	0		9.140469
3	18	1	0	10	18	15	10	5	5	226.05	0		9.140469
3	19	2	0	10	3	20	7	3	6	59.50	0		95.885551
3	20	3	0	0	7	20	10	4	3	115.48	1		6.229242
3	21	3	0	0	11	20	10	4	3	115.48	1		6.229242
3	22	3	0	0	3	23	10	4	3	115.48	1		6.229242


-------------------------------------------------------------------------------------------------------------------
Tour_Id:			4
No_of_Customers:		7
No_of_Items:			49
Customer_Sequence:		12 19 37 9 38 52 18 

CustId	Id	TypeId	Rotated	x	y	z	Length	Width	Height	mass	Fragility	LoadBearingStrength
18	119	1	0	0	0	0	10	5	5	226.05	0		9.140469
18	120	2	0	0	5	0	7	3	6	59.50	0		95.885551
18	121	3	0	0	8	0	10	4	3	115.48	1		6.229242
18	122	3	0	0	12	0	10	4	3	115.48	1		6.229242
18	123	3	0	0	16	0	10	4	3	115.48	1		6.229242
18	124	3	0	0	20	0	10	4	3	115.48	1		6.229242
52	343	1	0	0	0	5	10	5	5	226.05	0		9.140469
52	344	1	0	0	0	10	10	5	5	226.05	0		9.140469
52	345	1	0	0	0	15	10	5	5	226.05	0		9.140469
52	346	1	0	0	0	20	10	5	5	226.05	0		9.140469
52	347	1	0	0	0	25	10	5	5	226.05	0		9.140469
52	348	2	0	0	5	6	7	3	6	59.50	0		95.885551
52	349	3	0	0	8	3	10	4	3	115.48	1		6.229242
38	253	2	0	0	5	12	7	3	6	59.50	0		95.885551
38	254	3	0	0	12	3	10	4	3	115.48	1		6.229242
38	255	3	0	0	16	3	10	4	3	115.48	1		6.229242
38	256	3	0	0	20	3	10	4	3	115.48	1		6.229242
38	257	3	0	0	8	6	10	4	3	115.48	1		6.229242
38	258	3	0	0	12	6	10	4	3	115.48	1		6.229242
9	57	1	0	10	0	0	10	5	5	226.05	0		9.140469
9	58	1	0	10	5	0	10	5	5	226.05	0		9.140469
9	59	1	0	10	10	0	10	5	5	226.05	0		9.140469
9	60	2	0	0	5	18	7	3	6	59.50	0		95.885551
9	61	2	0	0	5	24	7	3	6	59.50	0		95.885551
9	62	3	0	0	16	6	10	4	3	115.48	1		6.229242
9	63	3	0	0	20	6	10	4	3	115.48	1		6.229242
37	244	1	0	10	15	0	10	5	5	226.05	0		9.140469
37	245	1	0	10	20	0	10	5	5	226.05	0		9.140469
37	246	2	0	10	0	5	7	3	6	59.50	0		95.885551
37	247	2	0	10	3	5	7	3	6	59.50	0		95.885551
37	248	2	0	10	6	5	7	3	6	59.50	0		95.885551
37	249	3	0	0	8	9	10	4	3	115.48	1		6.229242
37	250	3	0	0	12	9	10	4	3	115.48	1		6.229242
37	251	3	0	0	16	9	10	4	3	115.48	1		6.229242
37	252	3	0	0	20	9	10	4	3	115.48	1		6.229242
19	125	1	0	10	9	5	10	5	5	226.05	0		9.140469
19	126	1	0	10	14	5	10	5	5	226.05	0		9.140469
19	127	2	0	10	19	5	7	3	6	59.50	0		95.885551
19	128	2	0	10	22	5	7	3	6	59.50	0		95.885551
19	129	2	0	10	9	10	7	3	6	59.50	0		95.885551
19	130	3	0	0	8	12	10	4	3	115.48	1		6.229242
19	131	3	0	0	12	12	10	4	3	115.48	1		6.229242
12	79	1	0	10	12	10	10	5	5	226.05	0		9.140469
12	80	1	0	10	12	15	10	5	5	226.05	0		9.140469
12	81	1	0	10	12	20	10	5	5	226.05	0		9.140469
12	82	1	0	10	12	25	10	5	5	226.05	0		9.140469
12	83	2	0	10	0	11	7	3	6	59.50	0		95.885551
12	84	2	0	10	3	11	7	3	6	59.50	0		95.885551
12	85	3	0	0	16	12	10	4	3	115.48	1		6.229242


-------------------------------------------------------------------------------------------------------------------
Tour_Id:			5
No_of_Customers:		8
No_of_Items:			49
Customer_Sequence:		48 13 20 51 8 22 56 31 

CustId	Id	TypeId	Rotated	x	y	z	Length	Width	Height	mass	Fragility	LoadBearingStrength
31	212	2	0	0	0	0	7	3	6	59.50	0		95.885551
31	213	2	0	0	3	0	7	3	6	59.50	0		95.885551
31	214	3	0	0	6	0	10	4	3	115.48	1		6.229242
31	215	3	0	0	10	0	10	4	3	115.48	1		6.229242
56	368	1	0	0	14	0	10	5	5	226.05	0		9.140469
56	369	1	0	0	19	0	10	5	5	226.05	0		9.140469
56	370	2	0	0	14	5	7	3	6	59.50	0		95.885551
56	371	2	0	0	17	5	7	3	6	59.50	0		95.885551
56	372	3	0	0	6	3	10	4	3	115.48	1		6.229242
56	373	3	0	0	10	3	10	4	3	115.48	1		6.229242
22	147	1	0	0	20	5	10	5	5	226.05	0		9.140469
22	148	3	1	0	0	6	10	4	3	115.48	1		6.229242
22	149	3	0	0	10	6	10	4	3	115.48	1		6.229242
22	150	3	1	0	0	9	10	4	3	115.48	1		6.229242
8	49	1	0	0	20	10	10	5	5	226.05	0		9.140469
8	50	2	0	0	14	11	7	3	6	59.50	0		95.885551
8	51	3	0	0	10	9	10	4	3	115.48	1		6.229242
8	52	3	1	0	0	12	10	4	3	115.48	1		6.229242
8	53	3	0	0	10	12	10	4	3	115.48	1		6.229242
8	54	3	1	0	0	15	10	4	3	115.48	1		6.229242
8	55	3	0	0	10	15	10	4	3	115.48	1		6.229242
8	56	3	0	0	20	15	10	4	3	115.48	1		6.229242
51	337	1	0	7	0	0	10	5	5	226.05	0		9.140469
51	338	1	0	7	0	5	10	5	5	226.05	0		9.140469
51	339	2	0	0	17	11	7	3	6	59.50	0		95.885551
51	340	2	0	0	14	17	7	3	6	59.50	0		95.885551
51	341	3	1	0	0	18	10	4	3	115.48	1		6.229242
51	342	3	0	0	10	18	10	4	3	115.48	1		6.229242
20	132	1	0	7	0	10	10	5	5	226.05	0		9.140469
20	133	1	0	7	0	15	10	5	5	226.05	0		9.140469
20	134	2	0	0	17	17	7	3	6	59.50	0		95.885551
20	135	2	0	0	14	23	7	3	6	59.50	0		95.885551
20	136	3	0	0	20	18	10	4	3	115.48	1		6.229242
20	137	3	1	0	0	21	10	4	3	115.48	1		6.229242
20	138	3	0	0	10	21	10	4	3	115.48	1		6.229242
20	139	3	0	0	20	21	10	4	3	115.48	1		6.229242
13	86	2	0	0	17	23	7	3	6	59.50	0		95.885551
13	87	2	0	7	0	20	7	3	6	59.50	0		95.885551
13	88	2	0	10	5	0	7	3	6	59.50	0		95.885551
13	89	2	0	10	8	0	7	3	6	59.50	0		95.885551
13	90	3	1	0	0	24	10	4	3	115.48	1		6.229242
13	91	3	0	0	10	24	10	4	3	115.48	1		6.229242
13	92	3	0	0	20	24	10	4	3	115.48	1		6.229242
48	320	1	0	10	11	0	10	5	5	226.05	0		9.140469
48	321	1	0	10	16	0	10	5	5	226.05	0		9.140469
48	322	1	0	7	14	5	10	5	5	226.05	0		9.140469
48	323	1	0	7	14	10	10	5	5	226.05	0		9.140469
48	324	2	0	7	14	15	7	3	6	59.50	0		95.885551
48	325	2	0	7	14	21	7	3	6	59.50	0		95.885551


-------------------------------------------------------------------------------------------------------------------
Tour_Id:			6
No_of_Customers:		8
No_of_Items:			54
Customer_Sequence:		59 6 46 21 14 17 55 42 

CustId	Id	TypeId	Rotated	x	y	z	Length	Width	Height	mass	Fragility	LoadBearingStrength
42	279	1	0	0	0	0	10	5	5	226.05	0		9.140469
42	280	1	0	0	5	0	10	5	5	226.05	0		9.140469
42	281	2	0	0	10	0	7	3	6	59.50	0		95.885551
42	282	2	0	0	13	0	7	3	6	59.50	0		95.885551
42	283	3	0	0	16	0	10	4	3	115.48	1		6.229242
42	284	3	0	0	20	0	10	4	3	115.48	1		6.229242
42	285	3	0	0	16	3	10	4	3	115.48	1		6.229242
55	362	1	0	0	0	5	10	5	5	226.05	0		9.140469
55	363	2	0	0	5	5	7	3	6	59.50	0		95.885551
55	364	2	0	0	10	6	7	3	6	59.50	0		95.885551
55	365	3	0	0	20	3	10	4	3	115.48	1		6.229242
55	366	3	0	0	13	6	10	4	3	115.48	1		6.229242
55	367	3	0	0	17	6	10	4	3	115.48	1		6.229242
17	111	1	0	0	0	10	10	5	5	226.05	0		9.140469
17	112	1	0	0	0	15	10	5	5	226.05	0		9.140469
17	113	1	0	0	0	20	10	5	5	226.05	0		9.140469
17	114	2	0	0	5	11	7	3	6	59.50	0		95.885551
17	115	2	0	0	10	12	7	3	6	59.50	0		95.885551
17	116	3	0	0	21	6	10	4	3	115.48	1		6.229242
17	117	3	0	0	13	9	10	4	3	115.48	1		6.229242
17	118	3	0	0	17	9	10	4	3	115.48	1		6.229242
14	93	1	0	0	0	25	10	5	5	226.05	0		9.140469
14	94	1	0	10	0	0	10	5	5	226.05	0		9.140469
14	95	2	0	0	5	17	7	3	6	59.50	0		95.885551
14	96	2	0	0	10	18	7	3	6	59.50	0		95.885551
14	97	3	0	0	21	9	10	4	3	115.48	1		6.229242
21	140	1	0	10	5	0	10	5	5	226.05	0		9.140469
21	141	1	0	7	5	5	10	5	5	226.05	0		9.140469
21	142	1	0	7	5	10	10	5	5	226.05	0		9.140469
21	143	1	0	7	5	15	10	5	5	226.05	0		9.140469
21	144	2	0	0	5	23	7	3	6	59.50	0		95.885551
21	145	2	0	0	10	24	7	3	6	59.50	0		95.885551
21	146	3	0	0	13	12	10	4	3	115.48	1		6.229242
46	305	1	0	7	5	20	10	5	5	226.05	0		9.140469
46	306	2	0	7	10	0	7	3	6	59.50	0		95.885551
46	307	2	0	7	10	6	7	3	6	59.50	0		95.885551
46	308	2	0	7	10	12	7	3	6	59.50	0		95.885551
46	309	3	0	0	17	12	10	4	3	115.48	1		6.229242
46	310	3	0	0	21	12	10	4	3	115.48	1		6.229242
6	35	1	0	7	5	25	10	5	5	226.05	0		9.140469
6	36	2	0	7	10	18	7	3	6	59.50	0		95.885551
6	37	2	0	7	10	24	7	3	6	59.50	0		95.885551
6	38	2	0	10	13	0	7	3	6	59.50	0		95.885551
6	39	2	0	10	16	0	7	3	6	59.50	0		95.885551
6	40	2	0	10	19	0	7	3	6	59.50	0		95.885551
6	41	3	0	0	13	15	10	4	3	115.48	1		6.229242
6	42	3	0	0	17	15	10	4	3	115.48	1		6.229242
6	43	3	0	0	21	15	10	4	3	115.48	1		6.229242
59	389	1	0	10	0	5	10	5	5	226.05	0		9.140469
59	390	2	0	10	22	0	7	3	6	59.50	0		95.885551
59	391	2	0	10	13	6	7	3	6	59.50	0		95.885551
59	392	3	0	0	13	18	10	4	3	115.48	1		6.229242
59	393	3	0	0	17	18	10	4	3	115.48	1		6.229242
59	394	3	0	0	21	18	10	4	3	115.48	1		6.229242


-------------------------------------------------------------------------------------------------------------------
Tour_Id:			7
No_of_Customers:		2
No_of_Items:			12
Customer_Sequence:		15 49 

CustId	Id	TypeId	Rotated	x	y	z	Length	Width	Height	mass	Fragility	LoadBearingStrength
49	326	1	0	0	0	0	10	5	5	226.05	0		9.140469
49	327	1	0	0	5	0	10	5	5	226.05	0		9.140469
49	328	1	0	0	10	0	10	5	5	226.05	0		9.140469
49	329	2	0	0	15	0	7	3	6	59.50	0		95.885551
49	330	3	0	0	18	0	10	4	3	115.48	1		6.229242
15	98	1	0	0	0	5	10	5	5	226.05	0		9.140469
15	99	1	0	0	5	5	10	5	5	226.05	0		9.140469
15	100	2	0	0	22	0	7	3	6	59.50	0		95.885551
15	101	2	0	0	10	5	7	3	6	59.50	0		95.885551
15	102	2	0	0	15	6	7	3	6	59.50	0		95.885551
15	103	3	0	0	18	3	10	4	3	115.48	1		6.229242
15	104	3	0	0	18	6	10	4	3	115.48	1		6.229242


-------------------------------------------------------------------------------------------------------------------
Tour_Id:			8
No_of_Customers:		10
No_of_Items:			66
Customer_Sequence:		25 7 5 44 35 50 36 34 23 27 

CustId	Id	TypeId	Rotated	x	y	z	Length	Width	Height	mass	Fragility	LoadBearingStrength
27	185	1	0	0	0	0	10	5	5	226.05	0		9.140469
27	186	2	0	0	5	0	7	3	6	59.50	0		95.885551
27	187	2	0	0	8	0	7	3	6	59.50	0		95.885551
27	188	2	0	0	11	0	7	3	6	59.50	0		95.885551
27	189	3	0	0	14	0	10	4	3	115.48	1		6.229242
27	190	3	0	0	18	0	10	4	3	115.48	1		6.229242
27	191	3	0	0	14	3	10	4	3	115.48	1		6.229242
27	192	3	0	0	18	3	10	4	3	115.48	1		6.229242
23	151	1	0	0	0	5	10	5	5	226.05	0		9.140469
23	152	1	0	0	0	10	10	5	5	226.05	0		9.140469
23	153	1	0	0	0	15	10	5	5	226.05	0		9.140469
23	154	1	0	0	0	20	10	5	5	226.05	0		9.140469
23	155	1	0	0	0	25	10	5	5	226.05	0		9.140469
23	156	2	0	0	22	0	7	3	6	59.50	0		95.885551
23	157	3	1	0	5	6	10	4	3	115.48	1		6.229242
23	158	3	0	0	15	6	10	4	3	115.48	1		6.229242
34	226	1	0	7	5	0	10	5	5	226.05	0		9.140469
34	227	2	0	0	22	6	7	3	6	59.50	0		95.885551
34	228	2	0	0	22	12	7	3	6	59.50	0		95.885551
34	229	3	1	0	5	9	10	4	3	115.48	1		6.229242
34	230	3	0	0	15	9	10	4	3	115.48	1		6.229242
34	231	3	1	0	5	12	10	4	3	115.48	1		6.229242
34	232	3	0	0	15	12	10	4	3	115.48	1		6.229242
36	238	1	0	7	5	5	10	5	5	226.05	0		9.140469
36	239	1	0	7	5	10	10	5	5	226.05	0		9.140469
36	240	1	0	7	5	15	10	5	5	226.05	0		9.140469
36	241	1	0	7	5	20	10	5	5	226.05	0		9.140469
36	242	2	0	0	22	18	7	3	6	59.50	0		95.885551
36	243	3	1	0	5	15	10	4	3	115.48	1		6.229242
50	331	1	0	7	5	25	10	5	5	226.05	0		9.140469
50	332	1	0	10	0	0	10	5	5	226.05	0		9.140469
50	333	2	0	0	22	24	7	3	6	59.50	0		95.885551
50	334	2	0	7	10	0	7	3	6	59.50	0		95.885551
50	335	3	0	0	15	15	10	4	3	115.48	1		6.229242
50	336	3	0	0	15	18	10	4	3	115.48	1		6.229242
35	233	1	0	10	13	0	10	5	5	226.05	0		9.140469
35	234	1	0	10	18	0	10	5	5	226.05	0		9.140469
35	235	1	0	10	0	5	10	5	5	226.05	0		9.140469
35	236	2	0	4	10	6	7	3	6	59.50	0		95.885551
35	237	3	0	0	15	21	10	4	3	115.48	1		6.229242
44	291	1	0	10	13	5	10	5	5	226.05	0		9.140469
44	292	2	0	4	10	12	7	3	6	59.50	0		95.885551
44	293	2	0	4	10	18	7	3	6	59.50	0		95.885551
44	294	3	0	0	15	24	10	4	3	115.48	1		6.229242
44	295	3	0	0	15	27	10	4	3	115.48	1		6.229242
5	28	1	0	10	18	5	10	5	5	226.05	0		9.140469
5	29	1	0	10	0	10	10	5	5	226.05	0		9.140469
5	30	1	0	10	13	10	10	5	5	226.05	0		9.140469
5	31	1	0	10	18	10	10	5	5	226.05	0		9.140469
5	32	2	0	4	10	24	7	3	6	59.50	0		95.885551
5	33	2	0	10	0	15	7	3	6	59.50	0		95.885551
5	34	3	0	10	13	15	10	4	3	115.48	1		6.229242
7	44	1	0	10	17	15	10	5	5	226.05	0		9.140469
7	45	2	0	10	17	20	7	3	6	59.50	0		95.885551
7	46	2	0	10	0	21	7	3	6	59.50	0		95.885551
7	47	3	0	10	13	18	10	4	3	115.48	1		6.229242
7	48	3	0	10	13	21	10	4	3	115.48	1		6.229242
25	168	1	0	17	5	0	10	5	5	226.05	0		9.140469
25	169	1	0	17	5	5	10	5	5	226.05	0		9.140469
25	170	1	0	17	5	10	10	5	5	226.05	0		9.140469
25	171	2	0	14	10	0	7	3	6	59.50	0		95.885551
25	172	3	0	10	13	24	10	4	3	115.48	1		6.229242
25	173	3	0	10	13	27	10	4	3	115.48	1		6.229242
25	174	3	1	17	0	15	10	4	3	115.48	1		6.229242
25	175	3	1	17	0	18	10	4	3	115.48	1		6.229242
25	176	3	1	17	0	21	10	4	3	115.48	1		6.229242


