Name:				412_n060_m400_bt10
Problem:			3L-VRPTW
Number_of_used_Vehicles:	10
Total_Travel_Distance:		1061.30
Calculation_Time:		226.39
Total_Iterations:		11409
ConstraintSet:			P1

-------------------------------------------------------------------------------------------------------------------
Tour_Id:			1
No_of_Customers:		8
No_of_Items:			58
Customer_Sequence:		1 54 34 35 47 28 16 32 

CustId	Id	TypeId	Rotated	x	y	z	Length	Width	Height	mass	Fragility	LoadBearingStrength
32	222	9	0	0	0	0	15	5	8	232.30	0		14.554981
32	216	1	0	0	5	0	15	3	3	128.38	0		49.514496
32	218	3	0	0	8	0	11	4	3	118.89	0		190.825246
32	219	3	0	0	12	0	11	4	3	118.89	0		190.825246
32	217	2	0	0	16	0	8	3	4	84.65	0		159.311315
32	220	4	0	0	19	0	17	6	4	157.45	1		9.661772
32	221	4	0	0	5	3	17	6	4	157.45	1		9.661772
16	115	7	0	0	0	8	14	6	8	542.22	0		27.585530
16	116	8	0	0	0	16	16	3	8	177.20	0		6.526259
16	113	5	0	0	11	3	14	2	7	152.17	0		27.226658
16	114	5	0	0	13	3	14	2	7	152.17	0		27.226658
16	111	1	0	0	11	10	15	3	3	128.38	0		49.514496
16	112	3	0	0	11	13	11	4	3	118.89	0		190.825246
16	117	10	0	0	19	4	13	3	7	185.34	1		8.960406
28	194	7	0	15	11	0	14	6	8	542.22	0		27.585530
28	195	9	0	15	11	8	15	5	8	232.30	0		14.554981
28	192	5	0	0	3	16	14	2	7	152.17	0		27.226658
28	193	5	0	0	11	16	14	2	7	152.17	0		27.226658
28	189	3	0	0	0	24	11	4	3	118.89	0		190.825246
28	188	2	0	0	16	4	8	3	4	84.65	0		159.311315
28	190	4	0	17	17	0	17	6	4	157.45	1		9.661772
28	191	4	0	13	17	4	17	6	4	157.45	1		9.661772
28	196	10	0	0	22	4	13	3	7	185.34	1		8.960406
47	314	7	0	14	11	16	14	6	8	542.22	0		27.585530
47	317	9	0	16	0	0	15	5	8	232.30	0		14.554981
47	315	8	0	16	0	8	16	3	8	177.20	0		6.526259
47	316	8	0	16	0	16	16	3	8	177.20	0		6.526259
47	312	3	0	0	0	27	11	4	3	118.89	0		190.825246
47	311	2	0	0	16	8	8	3	4	84.65	0		159.311315
47	313	4	0	0	19	11	17	6	4	157.45	1		9.661772
35	242	7	0	17	5	0	14	6	8	542.22	0		27.585530
35	238	1	0	11	0	24	15	3	3	128.38	0		49.514496
35	239	1	0	11	0	27	15	3	3	128.38	0		49.514496
35	241	3	0	14	3	8	11	4	3	118.89	0		190.825246
35	240	2	0	0	16	12	8	3	4	84.65	0		159.311315
34	234	7	0	30	11	0	14	6	8	542.22	0		27.585530
34	235	7	0	30	11	8	14	6	8	542.22	0		27.585530
34	236	9	0	28	11	16	15	5	8	232.30	0		14.554981
34	233	3	0	14	3	11	11	4	3	118.89	0		190.825246
34	232	2	0	14	3	14	8	3	4	84.65	0		159.311315
34	237	10	0	0	19	15	13	3	7	185.34	1		8.960406
54	356	7	0	31	3	0	14	6	8	542.22	0		27.585530
54	357	7	0	25	3	8	14	6	8	542.22	0		27.585530
54	359	9	0	22	3	16	15	5	8	232.30	0		14.554981
54	358	8	0	32	0	0	16	3	8	177.20	0		6.526259
54	353	6	0	14	11	24	9	5	5	92.18	0		28.929721
54	354	6	0	22	3	24	9	5	5	92.18	0		28.929721
54	355	6	0	23	11	24	9	5	5	92.18	0		28.929721
54	352	2	0	14	3	18	8	3	4	84.65	0		159.311315
1	9	7	0	34	17	0	14	6	8	542.22	0		27.585530
1	7	6	0	32	11	24	9	5	5	92.18	0		28.929721
1	8	6	0	34	17	8	9	5	5	92.18	0		28.929721
1	1	1	0	32	0	8	15	3	3	128.38	0		49.514496
1	2	1	0	32	0	11	15	3	3	128.38	0		49.514496
1	3	1	0	32	0	14	15	3	3	128.38	0		49.514496
1	5	3	0	34	17	13	11	4	3	118.89	0		190.825246
1	4	2	0	26	0	24	8	3	4	84.65	0		159.311315
1	6	4	0	17	17	8	17	6	4	157.45	1		9.661772


-------------------------------------------------------------------------------------------------------------------
Tour_Id:			2
No_of_Customers:		7
No_of_Items:			48
Customer_Sequence:		44 20 2 9 10 26 31 

CustId	Id	TypeId	Rotated	x	y	z	Length	Width	Height	mass	Fragility	LoadBearingStrength
31	213	9	0	0	0	0	15	5	8	232.30	0		14.554981
31	211	6	0	0	5	0	9	5	5	92.18	0		28.929721
31	212	6	0	0	10	0	9	5	5	92.18	0		28.929721
31	210	5	0	0	15	0	14	2	7	152.17	0		27.226658
31	208	4	0	0	17	0	17	6	4	157.45	1		9.661772
31	209	4	0	0	17	4	17	6	4	157.45	1		9.661772
31	214	10	0	0	0	8	13	3	7	185.34	1		8.960406
31	215	10	0	0	17	8	13	3	7	185.34	1		8.960406
26	179	6	0	0	5	5	9	5	5	92.18	0		28.929721
26	177	5	0	0	23	0	14	2	7	152.17	0		27.226658
26	178	5	0	0	15	7	14	2	7	152.17	0		27.226658
26	176	3	0	0	10	5	11	4	3	118.89	0		190.825246
26	175	2	0	0	10	8	8	3	4	84.65	0		159.311315
10	71	6	0	0	5	10	9	5	5	92.18	0		28.929721
10	68	1	0	9	5	0	15	3	3	128.38	0		49.514496
10	69	1	0	9	5	3	15	3	3	128.38	0		49.514496
10	70	4	0	11	8	0	17	6	4	157.45	1		9.661772
9	66	9	0	15	0	0	15	5	8	232.30	0		14.554981
9	67	9	0	13	0	8	15	5	8	232.30	0		14.554981
9	63	5	0	0	23	7	14	2	7	152.17	0		27.226658
9	64	5	0	0	15	14	14	2	7	152.17	0		27.226658
9	65	5	0	0	23	14	14	2	7	152.17	0		27.226658
9	59	1	0	9	5	6	15	3	3	128.38	0		49.514496
9	61	3	0	0	5	15	11	4	3	118.89	0		190.825246
9	60	2	0	0	10	12	8	3	4	84.65	0		159.311315
9	62	4	0	11	8	4	17	6	4	157.45	1		9.661772
2	15	7	0	13	0	16	14	6	8	542.22	0		27.585530
2	16	7	0	17	14	0	14	6	8	542.22	0		27.585530
2	17	8	0	17	20	0	16	3	8	177.20	0		6.526259
2	14	6	0	0	5	18	9	5	5	92.18	0		28.929721
2	12	3	0	0	5	23	11	4	3	118.89	0		190.825246
2	13	3	0	0	5	26	11	4	3	118.89	0		190.825246
2	10	2	0	0	10	16	8	3	4	84.65	0		159.311315
2	11	2	0	0	10	20	8	3	4	84.65	0		159.311315
2	18	10	0	0	20	8	13	3	7	185.34	1		8.960406
20	139	8	0	14	14	8	16	3	8	177.20	0		6.526259
20	136	6	0	13	0	24	9	5	5	92.18	0		28.929721
20	137	6	0	17	17	8	9	5	5	92.18	0		28.929721
20	138	6	0	17	17	13	9	5	5	92.18	0		28.929721
20	133	3	0	17	17	18	11	4	3	118.89	0		190.825246
20	132	2	0	0	10	24	8	3	4	84.65	0		159.311315
20	134	4	0	0	17	15	17	6	4	157.45	1		9.661772
20	135	4	0	0	17	19	17	6	4	157.45	1		9.661772
20	140	10	0	0	17	23	13	3	7	185.34	1		8.960406
44	294	7	0	28	5	0	14	6	8	542.22	0		27.585530
44	295	9	0	28	5	8	15	5	8	232.30	0		14.554981
44	293	6	0	17	17	21	9	5	5	92.18	0		28.929721
44	296	10	0	0	20	23	13	3	7	185.34	1		8.960406


-------------------------------------------------------------------------------------------------------------------
Tour_Id:			3
No_of_Customers:		7
No_of_Items:			40
Customer_Sequence:		39 43 4 24 17 8 51 

CustId	Id	TypeId	Rotated	x	y	z	Length	Width	Height	mass	Fragility	LoadBearingStrength
51	338	7	0	0	0	0	14	6	8	542.22	0		27.585530
51	340	9	0	0	6	0	15	5	8	232.30	0		14.554981
51	339	8	0	0	11	0	16	3	8	177.20	0		6.526259
51	335	2	0	0	14	0	8	3	4	84.65	0		159.311315
51	336	2	0	0	17	0	8	3	4	84.65	0		159.311315
51	337	2	0	0	20	0	8	3	4	84.65	0		159.311315
8	58	9	0	0	0	8	15	5	8	232.30	0		14.554981
8	57	8	0	0	5	8	16	3	8	177.20	0		6.526259
8	56	5	0	0	23	0	14	2	7	152.17	0		27.226658
8	52	1	0	0	8	8	15	3	3	128.38	0		49.514496
8	53	2	0	0	14	4	8	3	4	84.65	0		159.311315
8	54	2	0	0	17	4	8	3	4	84.65	0		159.311315
8	55	2	0	0	20	4	8	3	4	84.65	0		159.311315
17	123	8	0	0	11	8	16	3	8	177.20	0		6.526259
17	122	6	0	0	14	8	9	5	5	92.18	0		28.929721
17	121	5	0	0	23	7	14	2	7	152.17	0		27.226658
17	119	3	0	0	14	13	11	4	3	118.89	0		190.825246
17	118	2	0	0	19	8	8	3	4	84.65	0		159.311315
17	120	4	0	0	0	16	17	6	4	157.45	1		9.661772
24	164	8	0	0	8	11	16	3	8	177.20	0		6.526259
24	165	8	0	0	11	16	16	3	8	177.20	0		6.526259
24	166	8	0	0	8	19	16	3	8	177.20	0		6.526259
24	162	2	0	0	19	12	8	3	4	84.65	0		159.311315
24	163	4	0	0	0	20	17	6	4	157.45	1		9.661772
24	167	10	0	0	14	16	13	3	7	185.34	1		8.960406
4	27	8	0	8	19	0	16	3	8	177.20	0		6.526259
4	25	1	0	0	11	24	15	3	3	128.38	0		49.514496
4	26	2	0	0	19	16	8	3	4	84.65	0		159.311315
4	28	10	0	0	14	23	13	3	7	185.34	1		8.960406
43	290	7	0	16	6	0	14	6	8	542.22	0		27.585530
43	291	7	0	16	12	0	14	6	8	542.22	0		27.585530
43	292	9	0	16	6	8	15	5	8	232.30	0		14.554981
43	288	6	0	16	11	8	9	5	5	92.18	0		28.929721
43	289	6	0	16	16	8	9	5	5	92.18	0		28.929721
43	287	5	0	0	23	14	14	2	7	152.17	0		27.226658
39	264	1	0	0	8	27	15	3	3	128.38	0		49.514496
39	265	4	0	0	0	24	17	6	4	157.45	1		9.661772
39	266	10	1	16	11	13	13	3	7	185.34	1		8.960406
39	267	10	0	16	6	16	13	3	7	185.34	1		8.960406
39	268	10	1	16	9	20	13	3	7	185.34	1		8.960406


-------------------------------------------------------------------------------------------------------------------
Tour_Id:			4
No_of_Customers:		5
No_of_Items:			31
Customer_Sequence:		57 5 6 52 41 

CustId	Id	TypeId	Rotated	x	y	z	Length	Width	Height	mass	Fragility	LoadBearingStrength
41	278	9	0	0	0	0	15	5	8	232.30	0		14.554981
41	277	6	0	0	5	0	9	5	5	92.18	0		28.929721
41	276	2	0	0	10	0	8	3	4	84.65	0		159.311315
52	343	7	0	0	13	0	14	6	8	542.22	0		27.585530
52	344	9	0	0	19	0	15	5	8	232.30	0		14.554981
52	341	4	0	0	13	8	17	6	4	157.45	1		9.661772
52	342	4	0	0	13	12	17	6	4	157.45	1		9.661772
6	43	8	0	0	0	8	16	3	8	177.20	0		6.526259
6	44	8	0	0	19	8	16	3	8	177.20	0		6.526259
6	42	5	0	0	3	8	14	2	7	152.17	0		27.226658
6	39	3	0	0	5	5	11	4	3	118.89	0		190.825246
6	38	2	0	0	10	4	8	3	4	84.65	0		159.311315
6	40	4	0	0	13	16	17	6	4	157.45	1		9.661772
6	41	4	0	0	13	20	17	6	4	157.45	1		9.661772
5	34	7	0	11	5	0	14	6	8	542.22	0		27.585530
5	35	8	0	0	5	8	16	3	8	177.20	0		6.526259
5	36	8	0	0	0	16	16	3	8	177.20	0		6.526259
5	37	8	0	0	5	16	16	3	8	177.20	0		6.526259
5	33	6	0	16	0	0	9	5	5	92.18	0		28.929721
5	32	5	0	0	22	8	14	2	7	152.17	0		27.226658
5	29	1	0	0	19	16	15	3	3	128.38	0		49.514496
5	31	3	0	0	19	19	11	4	3	118.89	0		190.825246
5	30	2	0	0	10	8	8	3	4	84.65	0		159.311315
57	379	5	0	0	3	15	14	2	7	152.17	0		27.226658
57	372	1	0	0	0	24	15	3	3	128.38	0		49.514496
57	373	1	0	0	5	24	15	3	3	128.38	0		49.514496
57	375	3	0	0	19	22	11	4	3	118.89	0		190.825246
57	374	2	0	0	10	12	8	3	4	84.65	0		159.311315
57	376	4	0	0	13	24	17	6	4	157.45	1		9.661772
57	377	4	0	16	19	0	17	6	4	157.45	1		9.661772
57	378	4	0	16	19	4	17	6	4	157.45	1		9.661772


-------------------------------------------------------------------------------------------------------------------
Tour_Id:			5
No_of_Customers:		7
No_of_Items:			44
Customer_Sequence:		37 36 3 25 58 42 22 

CustId	Id	TypeId	Rotated	x	y	z	Length	Width	Height	mass	Fragility	LoadBearingStrength
22	151	7	0	0	0	0	14	6	8	542.22	0		27.585530
22	153	9	0	0	6	0	15	5	8	232.30	0		14.554981
22	154	9	0	0	11	0	15	5	8	232.30	0		14.554981
22	152	8	0	0	16	0	16	3	8	177.20	0		6.526259
22	150	6	0	0	19	0	9	5	5	92.18	0		28.929721
42	283	7	0	0	0	8	14	6	8	542.22	0		27.585530
42	285	9	0	0	6	8	15	5	8	232.30	0		14.554981
42	284	8	0	0	11	8	16	3	8	177.20	0		6.526259
42	280	3	0	0	19	5	11	4	3	118.89	0		190.825246
42	281	3	0	0	14	8	11	4	3	118.89	0		190.825246
42	279	2	0	0	18	8	8	3	4	84.65	0		159.311315
42	282	4	0	0	0	16	17	6	4	157.45	1		9.661772
42	286	10	0	0	14	11	13	3	7	185.34	1		8.960406
58	384	6	0	0	6	16	9	5	5	92.18	0		28.929721
58	385	6	0	0	6	21	9	5	5	92.18	0		28.929721
58	380	1	0	0	11	16	15	3	3	128.38	0		49.514496
58	382	3	0	0	11	19	11	4	3	118.89	0		190.825246
58	381	2	0	0	18	12	8	3	4	84.65	0		159.311315
58	383	4	0	0	0	20	17	6	4	157.45	1		9.661772
25	173	7	0	11	19	0	14	6	8	542.22	0		27.585530
25	174	9	0	8	18	8	15	5	8	232.30	0		14.554981
25	172	6	0	0	11	22	9	5	5	92.18	0		28.929721
25	168	1	0	0	18	16	15	3	3	128.38	0		49.514496
25	169	2	0	0	18	19	8	3	4	84.65	0		159.311315
25	170	2	0	0	18	23	8	3	4	84.65	0		159.311315
25	171	2	0	0	6	26	8	3	4	84.65	0		159.311315
3	21	7	0	16	6	0	14	6	8	542.22	0		27.585530
3	23	9	0	15	6	8	15	5	8	232.30	0		14.554981
3	24	9	0	9	6	16	15	5	8	232.30	0		14.554981
3	22	8	0	16	12	0	16	3	8	177.20	0		6.526259
3	20	6	0	9	6	24	9	5	5	92.18	0		28.929721
3	19	5	0	8	23	8	14	2	7	152.17	0		27.226658
36	245	7	0	17	0	0	14	6	8	542.22	0		27.585530
36	244	6	0	15	18	16	9	5	5	92.18	0		28.929721
36	243	4	0	0	0	24	17	6	4	157.45	1		9.661772
36	246	10	0	16	15	0	13	3	7	185.34	1		8.960406
36	247	10	0	16	15	7	13	3	7	185.34	1		8.960406
37	253	5	0	8	23	15	14	2	7	152.17	0		27.226658
37	248	1	0	16	11	8	15	3	3	128.38	0		49.514496
37	249	1	0	16	11	11	15	3	3	128.38	0		49.514496
37	250	2	0	15	18	21	8	3	4	84.65	0		159.311315
37	251	2	0	15	18	25	8	3	4	84.65	0		159.311315
37	252	4	0	17	0	8	17	6	4	157.45	1		9.661772
37	254	10	0	16	11	14	13	3	7	185.34	1		8.960406


-------------------------------------------------------------------------------------------------------------------
Tour_Id:			6
No_of_Customers:		6
No_of_Items:			40
Customer_Sequence:		7 60 29 48 40 38 

CustId	Id	TypeId	Rotated	x	y	z	Length	Width	Height	mass	Fragility	LoadBearingStrength
38	261	9	0	0	0	0	15	5	8	232.30	0		14.554981
38	259	8	0	0	5	0	16	3	8	177.20	0		6.526259
38	260	8	0	0	8	0	16	3	8	177.20	0		6.526259
38	258	6	0	0	11	0	9	5	5	92.18	0		28.929721
38	257	5	0	0	16	0	14	2	7	152.17	0		27.226658
38	255	2	0	0	18	0	8	3	4	84.65	0		159.311315
38	256	4	0	0	0	8	17	6	4	157.45	1		9.661772
38	262	10	0	0	21	0	13	3	7	185.34	1		8.960406
38	263	10	0	0	21	7	13	3	7	185.34	1		8.960406
40	270	7	0	0	6	8	14	6	8	542.22	0		27.585530
40	271	7	0	0	6	16	14	6	8	542.22	0		27.585530
40	272	7	0	14	11	0	14	6	8	542.22	0		27.585530
40	273	7	0	14	17	0	14	6	8	542.22	0		27.585530
40	274	8	1	14	6	8	16	3	8	177.20	0		6.526259
40	275	8	1	14	6	16	16	3	8	177.20	0		6.526259
40	269	1	0	0	6	24	15	3	3	128.38	0		49.514496
48	321	8	0	17	0	0	16	3	8	177.20	0		6.526259
48	320	6	0	17	3	0	9	5	5	92.18	0		28.929721
48	318	3	0	0	9	24	11	4	3	118.89	0		190.825246
48	319	3	0	0	6	27	11	4	3	118.89	0		190.825246
29	201	6	0	17	3	5	9	5	5	92.18	0		28.929721
29	197	1	0	17	8	0	15	3	3	128.38	0		49.514496
29	199	3	0	0	10	27	11	4	3	118.89	0		190.825246
29	198	2	0	11	9	24	8	3	4	84.65	0		159.311315
29	200	4	0	0	0	12	17	6	4	157.45	1		9.661772
60	398	7	0	28	11	0	14	6	8	542.22	0		27.585530
60	399	8	0	17	0	8	16	3	8	177.20	0		6.526259
60	400	8	0	17	0	16	16	3	8	177.20	0		6.526259
60	397	6	0	17	3	10	9	5	5	92.18	0		28.929721
60	396	5	0	13	23	0	14	2	7	152.17	0		27.226658
60	394	3	0	17	3	15	11	4	3	118.89	0		190.825246
60	395	3	0	17	3	18	11	4	3	118.89	0		190.825246
60	393	2	0	15	0	24	8	3	4	84.65	0		159.311315
7	50	6	0	17	3	21	9	5	5	92.18	0		28.929721
7	51	6	1	19	9	8	9	5	5	92.18	0		28.929721
7	48	5	0	13	23	7	14	2	7	152.17	0		27.226658
7	49	5	0	13	23	14	14	2	7	152.17	0		27.226658
7	45	1	0	19	8	3	15	3	3	128.38	0		49.514496
7	47	3	0	15	3	26	11	4	3	118.89	0		190.825246
7	46	2	0	17	18	8	8	3	4	84.65	0		159.311315


-------------------------------------------------------------------------------------------------------------------
Tour_Id:			7
No_of_Customers:		7
No_of_Items:			47
Customer_Sequence:		50 45 14 19 30 49 12 

CustId	Id	TypeId	Rotated	x	y	z	Length	Width	Height	mass	Fragility	LoadBearingStrength
12	84	7	0	0	0	0	14	6	8	542.22	0		27.585530
12	86	9	0	0	6	0	15	5	8	232.30	0		14.554981
12	85	8	0	0	11	0	16	3	8	177.20	0		6.526259
12	81	1	0	0	14	0	15	3	3	128.38	0		49.514496
12	82	1	0	0	17	0	15	3	3	128.38	0		49.514496
12	83	4	0	0	14	3	17	6	4	157.45	1		9.661772
12	87	10	0	0	20	0	13	3	7	185.34	1		8.960406
49	326	7	0	0	0	8	14	6	8	542.22	0		27.585530
49	324	3	0	0	6	8	11	4	3	118.89	0		190.825246
49	322	2	0	0	10	8	8	3	4	84.65	0		159.311315
49	323	2	0	0	6	11	8	3	4	84.65	0		159.311315
49	325	4	0	0	14	7	17	6	4	157.45	1		9.661772
30	206	9	0	0	0	16	15	5	8	232.30	0		14.554981
30	202	1	0	0	0	24	15	3	3	128.38	0		49.514496
30	203	1	0	0	0	27	15	3	3	128.38	0		49.514496
30	204	3	0	13	20	0	11	4	3	118.89	0		190.825246
30	205	4	0	0	13	11	17	6	4	157.45	1		9.661772
30	207	10	0	0	20	7	13	3	7	185.34	1		8.960406
19	131	8	0	15	0	0	16	3	8	177.20	0		6.526259
19	129	3	0	13	20	3	11	4	3	118.89	0		190.825246
19	128	2	0	0	10	12	8	3	4	84.65	0		159.311315
19	130	4	0	0	13	15	17	6	4	157.45	1		9.661772
14	102	9	0	15	3	0	15	5	8	232.30	0		14.554981
14	100	5	0	11	6	8	14	2	7	152.17	0		27.226658
14	101	5	0	0	6	15	14	2	7	152.17	0		27.226658
14	96	1	0	15	8	0	15	3	3	128.38	0		49.514496
14	98	3	0	13	20	6	11	4	3	118.89	0		190.825246
14	97	2	0	0	10	16	8	3	4	84.65	0		159.311315
14	99	4	0	0	13	19	17	6	4	157.45	1		9.661772
14	103	10	0	0	20	14	13	3	7	185.34	1		8.960406
14	104	10	0	0	20	21	13	3	7	185.34	1		8.960406
45	303	7	0	15	0	8	14	6	8	542.22	0		27.585530
45	302	6	0	13	20	9	9	5	5	92.18	0		28.929721
45	301	5	0	0	6	22	14	2	7	152.17	0		27.226658
45	297	1	0	15	8	3	15	3	3	128.38	0		49.514496
45	299	3	0	13	20	14	11	4	3	118.89	0		190.825246
45	298	2	0	0	10	20	8	3	4	84.65	0		159.311315
45	300	4	0	0	13	23	17	6	4	157.45	1		9.661772
45	304	10	0	13	20	17	13	3	7	185.34	1		8.960406
50	333	7	0	15	0	16	14	6	8	542.22	0		27.585530
50	334	9	0	17	11	0	15	5	8	232.30	0		14.554981
50	327	1	0	8	10	8	15	3	3	128.38	0		49.514496
50	330	3	0	15	0	24	11	4	3	118.89	0		190.825246
50	328	2	0	0	10	24	8	3	4	84.65	0		159.311315
50	329	2	0	8	10	11	8	3	4	84.65	0		159.311315
50	331	4	0	30	3	0	17	6	4	157.45	1		9.661772
50	332	4	0	30	3	4	17	6	4	157.45	1		9.661772


-------------------------------------------------------------------------------------------------------------------
Tour_Id:			8
No_of_Customers:		4
No_of_Items:			30
Customer_Sequence:		13 33 21 18 

CustId	Id	TypeId	Rotated	x	y	z	Length	Width	Height	mass	Fragility	LoadBearingStrength
18	126	5	0	0	0	0	14	2	7	152.17	0		27.226658
18	124	1	0	0	2	0	15	3	3	128.38	0		49.514496
18	125	2	0	0	5	0	8	3	4	84.65	0		159.311315
18	127	10	0	0	8	0	13	3	7	185.34	1		8.960406
21	149	9	0	0	11	0	15	5	8	232.30	0		14.554981
21	148	8	0	0	16	0	16	3	8	177.20	0		6.526259
21	147	6	0	0	19	0	9	5	5	92.18	0		28.929721
21	146	5	0	0	2	3	14	2	7	152.17	0		27.226658
21	141	1	0	0	11	8	15	3	3	128.38	0		49.514496
21	142	2	0	0	5	4	8	3	4	84.65	0		159.311315
21	143	2	0	0	19	5	8	3	4	84.65	0		159.311315
21	144	2	0	0	5	8	8	3	4	84.65	0		159.311315
21	145	4	0	9	19	0	17	6	4	157.45	1		9.661772
33	230	9	0	0	14	8	15	5	8	232.30	0		14.554981
33	231	9	0	0	14	16	15	5	8	232.30	0		14.554981
33	229	8	0	0	11	11	16	3	8	177.20	0		6.526259
33	223	3	0	0	14	24	11	4	3	118.89	0		190.825246
33	224	3	0	0	14	27	11	4	3	118.89	0		190.825246
33	225	3	0	15	0	0	11	4	3	118.89	0		190.825246
33	226	4	0	9	19	4	17	6	4	157.45	1		9.661772
33	227	4	0	8	19	8	17	6	4	157.45	1		9.661772
33	228	4	0	8	19	12	17	6	4	157.45	1		9.661772
13	95	9	0	15	4	0	15	5	8	232.30	0		14.554981
13	94	8	0	0	11	19	16	3	8	177.20	0		6.526259
13	93	6	0	15	4	8	9	5	5	92.18	0		28.929721
13	88	1	0	0	11	27	15	3	3	128.38	0		49.514496
13	89	1	0	14	0	3	15	3	3	128.38	0		49.514496
13	90	2	0	0	5	12	8	3	4	84.65	0		159.311315
13	91	4	0	8	19	16	17	6	4	157.45	1		9.661772
13	92	4	0	8	19	20	17	6	4	157.45	1		9.661772


-------------------------------------------------------------------------------------------------------------------
Tour_Id:			9
No_of_Customers:		3
No_of_Items:			22
Customer_Sequence:		46 11 23 

CustId	Id	TypeId	Rotated	x	y	z	Length	Width	Height	mass	Fragility	LoadBearingStrength
23	160	8	0	0	0	0	16	3	8	177.20	0		6.526259
23	159	6	0	0	3	0	9	5	5	92.18	0		28.929721
23	158	5	0	0	8	0	14	2	7	152.17	0		27.226658
23	155	1	0	0	10	0	15	3	3	128.38	0		49.514496
23	156	3	0	0	13	0	11	4	3	118.89	0		190.825246
23	157	3	0	0	17	0	11	4	3	118.89	0		190.825246
23	161	10	0	0	21	0	13	3	7	185.34	1		8.960406
11	77	6	0	0	10	3	9	5	5	92.18	0		28.929721
11	78	6	0	0	15	3	9	5	5	92.18	0		28.929721
11	76	5	0	0	8	7	14	2	7	152.17	0		27.226658
11	72	1	0	0	0	8	15	3	3	128.38	0		49.514496
11	73	1	0	0	0	11	15	3	3	128.38	0		49.514496
11	74	2	0	0	3	5	8	3	4	84.65	0		159.311315
11	75	4	0	11	13	0	17	6	4	157.45	1		9.661772
11	79	10	0	0	21	7	13	3	7	185.34	1		8.960406
11	80	10	0	0	0	14	13	3	7	185.34	1		8.960406
46	309	8	0	9	3	0	16	3	8	177.20	0		6.526259
46	308	5	0	0	8	14	14	2	7	152.17	0		27.226658
46	307	3	0	0	10	8	11	4	3	118.89	0		190.825246
46	305	2	0	0	14	8	8	3	4	84.65	0		159.311315
46	306	2	0	0	17	8	8	3	4	84.65	0		159.311315
46	310	10	0	0	10	11	13	3	7	185.34	1		8.960406


-------------------------------------------------------------------------------------------------------------------
Tour_Id:			10
No_of_Customers:		6
No_of_Items:			40
Customer_Sequence:		59 15 55 53 56 27 

CustId	Id	TypeId	Rotated	x	y	z	Length	Width	Height	mass	Fragility	LoadBearingStrength
27	186	7	0	0	0	0	14	6	8	542.22	0		27.585530
27	185	6	0	0	6	0	9	5	5	92.18	0		28.929721
27	184	5	0	0	11	0	14	2	7	152.17	0		27.226658
27	180	1	0	0	13	0	15	3	3	128.38	0		49.514496
27	181	1	0	0	16	0	15	3	3	128.38	0		49.514496
27	183	3	0	0	19	0	11	4	3	118.89	0		190.825246
27	182	2	0	0	13	3	8	3	4	84.65	0		159.311315
27	187	10	0	0	16	3	13	3	7	185.34	1		8.960406
56	368	1	0	0	11	7	15	3	3	128.38	0		49.514496
56	369	2	0	0	19	3	8	3	4	84.65	0		159.311315
56	370	4	0	0	0	8	17	6	4	157.45	1		9.661772
56	371	4	0	0	0	12	17	6	4	157.45	1		9.661772
53	349	7	0	11	19	0	14	6	8	542.22	0		27.585530
53	350	8	0	0	11	10	16	3	8	177.20	0		6.526259
53	351	8	0	0	11	18	16	3	8	177.20	0		6.526259
53	348	6	0	0	6	5	9	5	5	92.18	0		28.929721
53	347	5	0	9	6	0	14	2	7	152.17	0		27.226658
53	345	1	0	0	11	26	15	3	3	128.38	0		49.514496
53	346	4	0	0	0	16	17	6	4	157.45	1		9.661772
55	364	7	0	11	19	8	14	6	8	542.22	0		27.585530
55	366	9	0	11	19	16	15	5	8	232.30	0		14.554981
55	365	8	0	9	8	0	16	3	8	177.20	0		6.526259
55	362	5	0	9	6	7	14	2	7	152.17	0		27.226658
55	363	5	0	9	8	8	14	2	7	152.17	0		27.226658
55	360	3	0	11	19	24	11	4	3	118.89	0		190.825246
55	361	3	0	11	19	27	11	4	3	118.89	0		190.825246
55	367	10	0	0	16	10	13	3	7	185.34	1		8.960406
15	106	7	0	16	11	0	14	6	8	542.22	0		27.585530
15	108	9	0	16	10	8	15	5	8	232.30	0		14.554981
15	109	9	0	16	10	16	15	5	8	232.30	0		14.554981
15	107	8	0	17	0	0	16	3	8	177.20	0		6.526259
15	105	3	0	16	10	24	11	4	3	118.89	0		190.825246
15	110	10	0	0	16	17	13	3	7	185.34	1		8.960406
59	392	9	0	26	17	0	15	5	8	232.30	0		14.554981
59	386	1	0	17	3	0	15	3	3	128.38	0		49.514496
59	387	2	0	17	3	3	8	3	4	84.65	0		159.311315
59	388	2	0	17	3	7	8	3	4	84.65	0		159.311315
59	389	2	0	17	0	8	8	3	4	84.65	0		159.311315
59	390	4	0	0	0	20	17	6	4	157.45	1		9.661772
59	391	4	0	0	0	24	17	6	4	157.45	1		9.661772


