Name:				413_n060_m400_bt10
Problem:			3L-VRPTW
Number_of_used_Vehicles:	8
Total_Travel_Distance:		860.36
Calculation_Time:		559.30
Total_Iterations:		11035
ConstraintSet:			P1

-------------------------------------------------------------------------------------------------------------------
Tour_Id:			1
No_of_Customers:		8
No_of_Items:			48
Customer_Sequence:		48 40 52 2 20 33 36 3 

CustId	Id	TypeId	Rotated	x	y	z	Length	Width	Height	mass	Fragility	LoadBearingStrength
3	18	7	0	0	0	0	12	5	5	115.93	0		12.528870
3	19	7	0	0	5	0	12	5	5	115.93	0		12.528870
3	20	7	0	0	10	0	12	5	5	115.93	0		12.528870
3	17	5	0	0	15	0	16	6	3	123.29	0		8.218746
36	236	5	0	0	15	3	16	6	3	123.29	0		8.218746
36	237	5	0	0	0	5	16	6	3	123.29	0		8.218746
36	238	5	0	0	6	5	16	6	3	123.29	0		8.218746
36	239	5	0	0	15	6	16	6	3	123.29	0		8.218746
36	242	10	0	0	21	0	10	3	6	173.50	0		21.789174
36	240	6	0	0	12	5	6	2	7	75.37	0		44.507487
36	241	6	0	0	21	6	6	2	7	75.37	0		44.507487
36	235	1	0	0	0	8	13	3	6	128.97	1		5.671457
33	218	8	0	0	3	8	9	6	8	222.52	0		34.888303
33	219	8	0	0	14	9	9	6	8	222.52	0		34.888303
33	217	7	0	0	3	16	12	5	5	115.93	0		12.528870
33	214	5	0	16	0	0	16	6	3	123.29	0		8.218746
33	215	5	0	16	6	0	16	6	3	123.29	0		8.218746
33	220	10	0	0	9	8	10	3	6	173.50	0		21.789174
33	213	3	0	0	9	14	12	3	4	121.31	0		28.397477
33	216	6	0	0	12	12	6	2	7	75.37	0		44.507487
20	131	8	0	0	14	17	9	6	8	222.52	0		34.888303
20	132	8	0	0	3	21	9	6	8	222.52	0		34.888303
20	133	9	0	0	14	25	10	6	5	106.63	0		20.870771
20	134	10	0	0	9	18	10	3	6	173.50	0		21.789174
20	129	3	0	0	9	24	12	3	4	121.31	0		28.397477
20	130	6	0	0	21	13	6	2	7	75.37	0		44.507487
2	12	8	0	16	12	0	9	6	8	222.52	0		34.888303
2	13	8	0	16	18	0	9	6	8	222.52	0		34.888303
2	14	8	0	16	0	3	9	6	8	222.52	0		34.888303
2	15	9	0	16	6	3	10	6	5	106.63	0		20.870771
2	16	9	0	12	6	8	10	6	5	106.63	0		20.870771
2	10	6	0	0	12	19	6	2	7	75.37	0		44.507487
2	11	6	0	0	21	20	6	2	7	75.37	0		44.507487
2	9	1	0	0	0	14	13	3	6	128.97	1		5.671457
52	340	8	0	12	6	13	9	6	8	222.52	0		34.888303
52	341	8	0	12	6	21	9	6	8	222.52	0		34.888303
52	342	8	0	16	12	8	9	6	8	222.52	0		34.888303
52	339	3	0	13	0	11	12	3	4	121.31	0		28.397477
40	265	8	0	16	18	8	9	6	8	222.52	0		34.888303
40	261	2	0	13	0	15	9	2	5	74.45	0		53.650105
40	263	6	0	13	0	20	6	2	7	75.37	0		44.507487
40	264	6	0	16	12	16	6	2	7	75.37	0		44.507487
40	262	4	0	25	12	0	15	4	5	146.92	1		2.772468
40	260	1	0	0	0	20	13	3	6	128.97	1		5.671457
48	315	8	0	16	14	16	9	6	8	222.52	0		34.888303
48	316	10	0	16	20	16	10	3	6	173.50	0		21.789174
48	317	10	0	16	20	22	10	3	6	173.50	0		21.789174
48	314	2	0	16	14	24	9	2	5	74.45	0		53.650105


-------------------------------------------------------------------------------------------------------------------
Tour_Id:			2
No_of_Customers:		10
No_of_Items:			57
Customer_Sequence:		10 50 37 29 21 11 53 55 26 12 

CustId	Id	TypeId	Rotated	x	y	z	Length	Width	Height	mass	Fragility	LoadBearingStrength
12	75	9	0	0	0	0	10	6	5	106.63	0		20.870771
12	76	9	0	0	6	0	10	6	5	106.63	0		20.870771
12	77	9	0	0	12	0	10	6	5	106.63	0		20.870771
12	72	2	0	0	18	0	9	2	5	74.45	0		53.650105
12	73	4	0	0	20	0	15	4	5	146.92	1		2.772468
12	74	4	1	0	0	5	15	4	5	146.92	1		2.772468
26	167	7	0	0	15	5	12	5	5	115.93	0		12.528870
26	168	9	0	0	15	10	10	6	5	106.63	0		20.870771
26	165	5	0	10	0	0	16	6	3	123.29	0		8.218746
26	163	3	0	0	15	15	12	3	4	121.31	0		28.397477
26	166	6	0	0	18	15	6	2	7	75.37	0		44.507487
26	164	4	1	0	0	10	15	4	5	146.92	1		2.772468
55	360	8	1	4	0	5	9	6	8	222.52	0		34.888303
55	359	5	0	10	6	0	16	6	3	123.29	0		8.218746
55	357	3	0	0	15	19	12	3	4	121.31	0		28.397477
55	358	4	0	0	21	5	15	4	5	146.92	1		2.772468
55	356	1	0	0	21	10	13	3	6	128.97	1		5.671457
53	346	9	1	4	0	13	10	6	5	106.63	0		20.870771
53	347	10	0	0	15	23	10	3	6	173.50	0		21.789174
53	344	3	1	4	0	18	12	3	4	121.31	0		28.397477
53	345	3	1	4	0	22	12	3	4	121.31	0		28.397477
53	343	2	1	7	0	18	9	2	5	74.45	0		53.650105
11	71	8	0	10	0	3	9	6	8	222.52	0		34.888303
11	70	3	1	4	0	26	12	3	4	121.31	0		28.397477
11	67	2	1	7	0	23	9	2	5	74.45	0		53.650105
11	68	2	0	10	12	0	9	2	5	74.45	0		53.650105
11	69	2	0	10	6	3	9	2	5	74.45	0		53.650105
11	65	1	0	0	21	16	13	3	6	128.97	1		5.671457
11	66	1	0	0	21	22	13	3	6	128.97	1		5.671457
21	136	7	0	10	0	11	12	5	5	115.93	0		12.528870
21	137	9	0	10	0	16	10	6	5	106.63	0		20.870771
21	135	5	0	19	12	0	16	6	3	123.29	0		8.218746
29	185	8	0	9	0	21	9	6	8	222.52	0		34.888303
29	184	5	0	15	18	0	16	6	3	123.29	0		8.218746
29	186	10	0	10	8	3	10	3	6	173.50	0		21.789174
29	187	10	0	4	12	5	10	3	6	173.50	0		21.789174
29	188	10	0	4	12	11	10	3	6	173.50	0		21.789174
29	182	2	0	4	12	17	9	2	5	74.45	0		53.650105
29	183	4	0	15	21	3	15	4	5	146.92	1		2.772468
37	247	7	0	19	11	3	12	5	5	115.93	0		12.528870
37	245	3	0	10	8	9	12	3	4	121.31	0		28.397477
37	246	6	0	0	18	22	6	2	7	75.37	0		44.507487
37	243	1	0	10	8	13	13	3	6	128.97	1		5.671457
37	244	1	0	9	8	19	13	3	6	128.97	1		5.671457
50	332	5	0	26	0	0	16	6	3	123.29	0		8.218746
50	334	10	0	15	18	3	10	3	6	173.50	0		21.789174
50	330	3	0	12	18	9	12	3	4	121.31	0		28.397477
50	328	2	0	4	12	22	9	2	5	74.45	0		53.650105
50	329	2	0	10	6	8	9	2	5	74.45	0		53.650105
50	333	6	0	10	6	13	6	2	7	75.37	0		44.507487
50	331	4	0	15	21	8	15	4	5	146.92	1		2.772468
50	326	1	0	10	18	13	13	3	6	128.97	1		5.671457
50	327	1	0	10	18	19	13	3	6	128.97	1		5.671457
10	62	8	0	19	11	8	9	6	8	222.52	0		34.888303
10	63	8	0	19	11	16	9	6	8	222.52	0		34.888303
10	61	5	0	22	0	3	16	6	3	123.29	0		8.218746
10	64	10	0	19	11	24	10	3	6	173.50	0		21.789174


-------------------------------------------------------------------------------------------------------------------
Tour_Id:			3
No_of_Customers:		4
No_of_Items:			29
Customer_Sequence:		60 30 19 41 

CustId	Id	TypeId	Rotated	x	y	z	Length	Width	Height	mass	Fragility	LoadBearingStrength
41	268	9	0	0	0	0	10	6	5	106.63	0		20.870771
41	269	10	0	0	6	0	10	3	6	173.50	0		21.789174
41	270	10	0	0	9	0	10	3	6	173.50	0		21.789174
41	271	10	0	0	12	0	10	3	6	173.50	0		21.789174
41	266	3	0	0	15	0	12	3	4	121.31	0		28.397477
41	267	6	0	0	18	0	6	2	7	75.37	0		44.507487
19	126	7	0	0	20	0	12	5	5	115.93	0		12.528870
19	127	9	0	0	0	5	10	6	5	106.63	0		20.870771
19	128	9	0	0	6	6	10	6	5	106.63	0		20.870771
19	124	4	0	0	20	5	15	4	5	146.92	1		2.772468
19	125	4	0	0	20	10	15	4	5	146.92	1		2.772468
30	196	8	0	0	0	10	9	6	8	222.52	0		34.888303
30	195	7	0	0	6	11	12	5	5	115.93	0		12.528870
30	197	10	0	0	15	4	10	3	6	173.50	0		21.789174
30	190	3	0	0	12	6	12	3	4	121.31	0		28.397477
30	191	3	0	0	12	10	12	3	4	121.31	0		28.397477
30	189	2	0	0	15	10	9	2	5	74.45	0		53.650105
30	193	6	0	0	18	7	6	2	7	75.37	0		44.507487
30	194	6	0	0	12	14	6	2	7	75.37	0		44.507487
30	192	4	0	0	20	15	15	4	5	146.92	1		2.772468
60	398	7	0	0	6	16	12	5	5	115.93	0		12.528870
60	395	5	0	10	0	0	16	6	3	123.29	0		8.218746
60	396	5	0	10	0	3	16	6	3	123.29	0		8.218746
60	399	10	0	0	0	18	10	3	6	173.50	0		21.789174
60	400	10	0	0	3	18	10	3	6	173.50	0		21.789174
60	397	6	0	0	18	14	6	2	7	75.37	0		44.507487
60	392	1	0	0	20	20	13	3	6	128.97	1		5.671457
60	393	1	0	0	6	21	13	3	6	128.97	1		5.671457
60	394	1	0	0	0	24	13	3	6	128.97	1		5.671457


-------------------------------------------------------------------------------------------------------------------
Tour_Id:			4
No_of_Customers:		9
No_of_Items:			60
Customer_Sequence:		27 51 24 18 44 38 6 14 4 

CustId	Id	TypeId	Rotated	x	y	z	Length	Width	Height	mass	Fragility	LoadBearingStrength
4	26	8	0	0	0	0	9	6	8	222.52	0		34.888303
4	23	5	0	0	6	0	16	6	3	123.29	0		8.218746
4	24	5	0	0	12	0	16	6	3	123.29	0		8.218746
4	25	6	0	0	18	0	6	2	7	75.37	0		44.507487
4	21	4	0	0	20	0	15	4	5	146.92	1		2.772468
4	22	4	0	0	6	3	15	4	5	146.92	1		2.772468
14	92	8	0	0	10	3	9	6	8	222.52	0		34.888303
14	91	7	0	0	0	8	12	5	5	115.93	0		12.528870
14	93	9	0	0	10	11	10	6	5	106.63	0		20.870771
14	90	5	0	9	0	0	16	6	3	123.29	0		8.218746
14	94	10	0	0	0	13	10	3	6	173.50	0		21.789174
14	87	2	0	0	16	3	9	2	5	74.45	0		53.650105
14	88	4	0	0	20	5	15	4	5	146.92	1		2.772468
14	89	4	0	0	5	8	15	4	5	146.92	1		2.772468
6	35	8	0	0	10	16	9	6	8	222.52	0		34.888303
6	36	8	1	10	10	3	9	6	8	222.52	0		34.888303
6	37	8	1	10	9	11	9	6	8	222.52	0		34.888303
6	33	7	0	0	10	24	12	5	5	115.93	0		12.528870
6	34	7	1	10	9	19	12	5	5	115.93	0		12.528870
6	38	9	0	16	6	0	10	6	5	106.63	0		20.870771
6	39	9	0	16	12	0	10	6	5	106.63	0		20.870771
6	31	3	0	0	0	19	12	3	4	121.31	0		28.397477
6	32	4	0	0	19	10	15	4	5	146.92	1		2.772468
38	252	7	0	12	0	3	12	5	5	115.93	0		12.528870
38	253	9	0	15	19	0	10	6	5	106.63	0		20.870771
38	254	9	0	15	19	5	10	6	5	106.63	0		20.870771
38	255	10	0	0	0	23	10	3	6	173.50	0		21.789174
38	248	3	0	12	0	8	12	3	4	121.31	0		28.397477
38	251	6	0	0	3	13	6	2	7	75.37	0		44.507487
38	249	4	0	0	5	13	15	4	5	146.92	1		2.772468
38	250	4	0	0	5	18	15	4	5	146.92	1		2.772468
44	290	8	0	15	19	10	9	6	8	222.52	0		34.888303
44	288	7	0	15	19	18	12	5	5	115.93	0		12.528870
44	289	7	0	15	19	23	12	5	5	115.93	0		12.528870
44	291	9	0	16	5	5	10	6	5	106.63	0		20.870771
44	292	9	0	16	11	5	10	6	5	106.63	0		20.870771
44	287	6	0	0	3	20	6	2	7	75.37	0		44.507487
18	122	8	0	16	5	10	9	6	8	222.52	0		34.888303
18	120	7	0	16	11	10	12	5	5	115.93	0		12.528870
18	121	7	0	16	11	15	12	5	5	115.93	0		12.528870
18	123	9	0	16	5	18	10	6	5	106.63	0		20.870771
18	117	5	0	26	0	0	16	6	3	123.29	0		8.218746
18	118	5	0	26	6	0	16	6	3	123.29	0		8.218746
18	119	6	0	6	3	13	6	2	7	75.37	0		44.507487
18	115	4	0	0	5	23	15	4	5	146.92	1		2.772468
18	116	4	0	15	11	20	15	4	5	146.92	1		2.772468
24	158	8	0	26	0	3	9	6	8	222.52	0		34.888303
24	157	7	0	15	5	23	12	5	5	115.93	0		12.528870
24	159	9	0	26	0	11	10	6	5	106.63	0		20.870771
24	156	4	0	12	11	25	15	4	5	146.92	1		2.772468
51	338	7	0	26	0	16	12	5	5	115.93	0		12.528870
51	336	5	0	27	16	0	16	6	3	123.29	0		8.218746
51	337	6	0	6	3	20	6	2	7	75.37	0		44.507487
51	335	4	0	26	0	21	15	4	5	146.92	1		2.772468
27	173	8	0	27	16	3	9	6	8	222.52	0		34.888303
27	174	8	0	27	16	11	9	6	8	222.52	0		34.888303
27	171	3	0	27	22	0	12	3	4	121.31	0		28.397477
27	170	2	0	27	22	4	9	2	5	74.45	0		53.650105
27	172	6	0	27	22	9	6	2	7	75.37	0		44.507487
27	169	1	0	27	6	3	13	3	6	128.97	1		5.671457


-------------------------------------------------------------------------------------------------------------------
Tour_Id:			5
No_of_Customers:		7
No_of_Items:			46
Customer_Sequence:		8 43 15 16 45 17 5 

CustId	Id	TypeId	Rotated	x	y	z	Length	Width	Height	mass	Fragility	LoadBearingStrength
5	28	2	0	0	0	0	9	2	5	74.45	0		53.650105
5	30	6	0	0	2	0	6	2	7	75.37	0		44.507487
5	29	4	0	0	4	0	15	4	5	146.92	1		2.772468
5	27	1	0	0	8	0	13	3	6	128.97	1		5.671457
17	114	8	0	0	11	0	9	6	8	222.52	0		34.888303
17	112	5	0	0	17	0	16	6	3	123.29	0		8.218746
17	113	5	0	0	17	3	16	6	3	123.29	0		8.218746
17	111	4	0	0	4	5	15	4	5	146.92	1		2.772468
17	110	1	0	0	8	6	13	3	6	128.97	1		5.671457
45	296	3	0	0	17	6	12	3	4	121.31	0		28.397477
45	297	3	0	0	20	6	12	3	4	121.31	0		28.397477
45	298	3	0	0	11	8	12	3	4	121.31	0		28.397477
45	295	2	0	0	23	0	9	2	5	74.45	0		53.650105
45	299	4	0	0	4	10	15	4	5	146.92	1		2.772468
45	293	1	0	0	17	10	13	3	6	128.97	1		5.671457
45	294	1	0	0	20	10	13	3	6	128.97	1		5.671457
16	107	8	0	12	11	0	9	6	8	222.52	0		34.888303
16	106	5	0	15	0	0	16	6	3	123.29	0		8.218746
16	108	10	0	0	14	8	10	3	6	173.50	0		21.789174
16	109	10	0	0	11	12	10	3	6	173.50	0		21.789174
16	104	3	0	0	14	14	12	3	4	121.31	0		28.397477
16	105	4	0	0	4	15	15	4	5	146.92	1		2.772468
15	99	8	0	0	11	18	9	6	8	222.52	0		34.888303
15	100	9	0	12	11	8	10	6	5	106.63	0		20.870771
15	101	9	0	12	11	13	10	6	5	106.63	0		20.870771
15	97	5	0	9	11	18	16	6	3	123.29	0		8.218746
15	98	5	0	9	11	21	16	6	3	123.29	0		8.218746
15	102	10	0	9	11	24	10	3	6	173.50	0		21.789174
15	103	10	0	9	14	24	10	3	6	173.50	0		21.789174
15	96	3	0	13	8	0	12	3	4	121.31	0		28.397477
15	95	1	0	0	8	12	13	3	6	128.97	1		5.671457
43	285	8	0	15	0	3	9	6	8	222.52	0		34.888303
43	286	9	0	15	0	11	10	6	5	106.63	0		20.870771
43	281	2	0	0	0	5	9	2	5	74.45	0		53.650105
43	282	2	0	0	23	5	9	2	5	74.45	0		53.650105
43	283	2	0	0	0	10	9	2	5	74.45	0		53.650105
43	284	4	0	0	17	16	15	4	5	146.92	1		2.772468
43	280	1	0	0	8	18	13	3	6	128.97	1		5.671457
8	50	7	0	15	0	16	12	5	5	115.93	0		12.528870
8	51	7	0	15	0	21	12	5	5	115.93	0		12.528870
8	52	9	0	16	17	0	10	6	5	106.63	0		20.870771
8	49	5	0	25	6	0	16	6	3	123.29	0		8.218746
8	53	10	0	13	8	4	10	3	6	173.50	0		21.789174
8	46	2	0	0	23	10	9	2	5	74.45	0		53.650105
8	47	4	0	0	4	20	15	4	5	146.92	1		2.772468
8	48	4	0	0	17	21	15	4	5	146.92	1		2.772468


-------------------------------------------------------------------------------------------------------------------
Tour_Id:			6
No_of_Customers:		8
No_of_Items:			58
Customer_Sequence:		13 28 22 25 35 32 49 56 

CustId	Id	TypeId	Rotated	x	y	z	Length	Width	Height	mass	Fragility	LoadBearingStrength
56	368	8	0	0	0	0	9	6	8	222.52	0		34.888303
56	366	7	0	0	6	0	12	5	5	115.93	0		12.528870
56	367	7	0	0	11	0	12	5	5	115.93	0		12.528870
56	364	5	0	0	16	0	16	6	3	123.29	0		8.218746
56	369	10	0	0	22	0	10	3	6	173.50	0		21.789174
56	365	6	0	0	16	3	6	2	7	75.37	0		44.507487
56	361	1	0	0	18	3	13	3	6	128.97	1		5.671457
56	362	1	0	0	6	5	13	3	6	128.97	1		5.671457
56	363	1	0	0	9	5	13	3	6	128.97	1		5.671457
49	324	7	0	0	0	8	12	5	5	115.93	0		12.528870
49	325	9	0	0	0	13	10	6	5	106.63	0		20.870771
49	319	3	0	0	12	5	12	3	4	121.31	0		28.397477
49	318	2	0	0	22	6	9	2	5	74.45	0		53.650105
49	322	6	0	0	12	9	6	2	7	75.37	0		44.507487
49	323	6	0	0	16	10	6	2	7	75.37	0		44.507487
49	320	4	0	0	6	11	15	4	5	146.92	1		2.772468
49	321	4	0	0	6	16	15	4	5	146.92	1		2.772468
32	211	8	0	0	0	18	9	6	8	222.52	0		34.888303
32	209	7	0	12	0	0	12	5	5	115.93	0		12.528870
32	210	7	0	12	0	5	12	5	5	115.93	0		12.528870
32	212	9	0	12	0	10	10	6	5	106.63	0		20.870771
32	206	2	0	0	22	11	9	2	5	74.45	0		53.650105
32	207	2	0	0	22	16	9	2	5	74.45	0		53.650105
32	208	6	0	0	12	16	6	2	7	75.37	0		44.507487
35	233	5	0	13	10	0	16	6	3	123.29	0		8.218746
35	229	2	0	0	22	21	9	2	5	74.45	0		53.650105
35	234	6	0	0	16	17	6	2	7	75.37	0		44.507487
35	230	4	0	0	6	21	15	4	5	146.92	1		2.772468
35	231	4	0	12	12	3	15	4	5	146.92	1		2.772468
35	232	4	0	12	12	8	15	4	5	146.92	1		2.772468
25	161	8	0	10	0	15	9	6	8	222.52	0		34.888303
25	162	9	0	9	0	23	10	6	5	106.63	0		20.870771
25	160	1	0	0	18	9	13	3	6	128.97	1		5.671457
22	144	7	0	16	16	0	12	5	5	115.93	0		12.528870
22	145	9	0	16	16	5	10	6	5	106.63	0		20.870771
22	139	5	0	24	0	0	16	6	3	123.29	0		8.218746
22	140	5	0	24	0	3	16	6	3	123.29	0		8.218746
22	141	5	0	24	0	6	16	6	3	123.29	0		8.218746
22	146	10	0	10	22	0	10	3	6	173.50	0		21.789174
22	142	6	0	0	12	23	6	2	7	75.37	0		44.507487
22	143	6	0	6	16	3	6	2	7	75.37	0		44.507487
22	138	1	0	0	18	15	13	3	6	128.97	1		5.671457
28	179	8	0	16	16	10	9	6	8	222.52	0		34.888303
28	178	7	0	13	16	18	12	5	5	115.93	0		12.528870
28	180	9	0	13	16	23	10	6	5	106.63	0		20.870771
28	181	9	0	24	0	9	10	6	5	106.63	0		20.870771
28	176	2	0	9	22	6	9	2	5	74.45	0		53.650105
28	177	2	0	9	22	11	9	2	5	74.45	0		53.650105
28	175	1	0	0	18	21	13	3	6	128.97	1		5.671457
13	84	8	0	22	0	14	9	6	8	222.52	0		34.888303
13	85	9	0	22	0	22	10	6	5	106.63	0		20.870771
13	81	5	0	28	16	0	16	6	3	123.29	0		8.218746
13	86	10	0	15	6	0	10	3	6	173.50	0		21.789174
13	79	2	0	9	22	16	9	2	5	74.45	0		53.650105
13	82	6	0	9	22	21	6	2	7	75.37	0		44.507487
13	83	6	0	13	10	3	6	2	7	75.37	0		44.507487
13	80	4	0	12	12	13	15	4	5	146.92	1		2.772468
13	78	1	0	12	12	18	13	3	6	128.97	1		5.671457


-------------------------------------------------------------------------------------------------------------------
Tour_Id:			7
No_of_Customers:		7
No_of_Items:			54
Customer_Sequence:		31 34 39 42 46 54 59 

CustId	Id	TypeId	Rotated	x	y	z	Length	Width	Height	mass	Fragility	LoadBearingStrength
59	388	7	0	0	0	0	12	5	5	115.93	0		12.528870
59	389	9	0	0	5	0	10	6	5	106.63	0		20.870771
59	390	9	0	0	11	0	10	6	5	106.63	0		20.870771
59	391	9	0	0	17	0	10	6	5	106.63	0		20.870771
59	385	5	1	0	0	5	16	6	3	123.29	0		8.218746
59	386	5	1	0	0	8	16	6	3	123.29	0		8.218746
59	383	2	0	0	23	0	9	2	5	74.45	0		53.650105
59	384	2	0	0	16	5	9	2	5	74.45	0		53.650105
59	387	6	0	0	18	5	6	2	7	75.37	0		44.507487
54	351	8	1	0	0	11	9	6	8	222.52	0		34.888303
54	352	8	1	0	9	11	9	6	8	222.52	0		34.888303
54	353	9	1	0	0	19	10	6	5	106.63	0		20.870771
54	349	5	1	6	0	5	16	6	3	123.29	0		8.218746
54	354	10	0	0	20	5	10	3	6	173.50	0		21.789174
54	355	10	0	0	20	11	10	3	6	173.50	0		21.789174
54	350	6	0	0	23	5	6	2	7	75.37	0		44.507487
54	348	1	0	0	20	17	13	3	6	128.97	1		5.671457
46	307	7	1	0	0	24	12	5	5	115.93	0		12.528870
46	304	5	1	6	0	8	16	6	3	123.29	0		8.218746
46	305	5	1	6	0	11	16	6	3	123.29	0		8.218746
46	308	10	1	6	0	14	10	3	6	173.50	0		21.789174
46	301	3	1	6	0	20	12	3	4	121.31	0		28.397477
46	306	6	0	0	18	12	6	2	7	75.37	0		44.507487
46	302	4	1	5	0	24	15	4	5	146.92	1		2.772468
46	303	4	1	9	0	14	15	4	5	146.92	1		2.772468
46	300	1	0	0	20	23	13	3	6	128.97	1		5.671457
42	278	7	0	13	0	0	12	5	5	115.93	0		12.528870
42	279	9	0	13	5	0	10	6	5	106.63	0		20.870771
42	274	5	0	13	11	0	16	6	3	123.29	0		8.218746
42	275	5	0	13	17	0	16	6	3	123.29	0		8.218746
42	276	6	0	0	23	12	6	2	7	75.37	0		44.507487
42	277	6	0	0	15	19	6	2	7	75.37	0		44.507487
42	272	4	1	9	0	19	15	4	5	146.92	1		2.772468
42	273	4	1	9	0	24	15	4	5	146.92	1		2.772468
39	259	10	0	13	11	3	10	3	6	173.50	0		21.789174
39	257	2	0	9	23	0	9	2	5	74.45	0		53.650105
39	258	6	0	0	17	19	6	2	7	75.37	0		44.507487
39	256	1	0	13	14	3	13	3	6	128.97	1		5.671457
34	228	9	0	13	17	3	10	6	5	106.63	0		20.870771
34	226	5	0	23	5	0	16	6	3	123.29	0		8.218746
34	223	3	0	13	0	5	12	3	4	121.31	0		28.397477
34	222	2	0	6	23	5	9	2	5	74.45	0		53.650105
34	227	6	0	0	23	19	6	2	7	75.37	0		44.507487
34	224	4	0	23	5	3	15	4	5	146.92	1		2.772468
34	225	4	0	23	5	8	15	4	5	146.92	1		2.772468
34	221	1	0	13	17	8	13	3	6	128.97	1		5.671457
31	203	8	0	29	11	0	9	6	8	222.52	0		34.888303
31	204	8	0	29	17	0	9	6	8	222.52	0		34.888303
31	205	8	0	29	11	8	9	6	8	222.52	0		34.888303
31	202	7	0	25	0	0	12	5	5	115.93	0		12.528870
31	198	5	0	38	11	0	16	6	3	123.29	0		8.218746
31	199	5	0	38	17	0	16	6	3	123.29	0		8.218746
31	200	5	0	38	11	3	16	6	3	123.29	0		8.218746
31	201	6	0	6	23	10	6	2	7	75.37	0		44.507487


-------------------------------------------------------------------------------------------------------------------
Tour_Id:			8
No_of_Customers:		7
No_of_Items:			48
Customer_Sequence:		57 7 58 47 23 9 1 

CustId	Id	TypeId	Rotated	x	y	z	Length	Width	Height	mass	Fragility	LoadBearingStrength
1	6	8	0	0	0	0	9	6	8	222.52	0		34.888303
1	7	9	0	0	6	0	10	6	5	106.63	0		20.870771
1	8	9	0	0	12	0	10	6	5	106.63	0		20.870771
1	4	5	0	0	18	0	16	6	3	123.29	0		8.218746
1	5	6	0	0	6	5	6	2	7	75.37	0		44.507487
1	1	1	0	0	18	3	13	3	6	128.97	1		5.671457
1	2	1	0	0	21	3	13	3	6	128.97	1		5.671457
1	3	1	0	0	8	5	13	3	6	128.97	1		5.671457
9	59	8	0	0	11	5	9	6	8	222.52	0		34.888303
9	58	7	0	0	0	8	12	5	5	115.93	0		12.528870
9	60	9	0	0	0	13	10	6	5	106.63	0		20.870771
9	55	5	0	9	0	0	16	6	3	123.29	0		8.218746
9	56	6	0	0	6	12	6	2	7	75.37	0		44.507487
9	57	6	0	0	11	13	6	2	7	75.37	0		44.507487
9	54	1	0	0	18	9	13	3	6	128.97	1		5.671457
23	153	8	0	0	0	18	9	6	8	222.52	0		34.888303
23	154	9	0	10	11	0	10	6	5	106.63	0		20.870771
23	155	10	0	0	13	13	10	3	6	173.50	0		21.789174
23	149	3	0	0	13	19	12	3	4	121.31	0		28.397477
23	150	3	0	0	13	23	12	3	4	121.31	0		28.397477
23	148	2	0	9	11	5	9	2	5	74.45	0		53.650105
23	152	6	0	0	6	19	6	2	7	75.37	0		44.507487
23	151	4	0	12	0	3	15	4	5	146.92	1		2.772468
23	147	1	0	0	21	9	13	3	6	128.97	1		5.671457
47	313	8	0	16	17	0	9	6	8	222.52	0		34.888303
47	312	5	0	20	6	0	16	6	3	123.29	0		8.218746
47	311	3	0	0	0	26	12	3	4	121.31	0		28.397477
47	309	1	0	0	8	11	13	3	6	128.97	1		5.671457
47	310	1	0	0	18	15	13	3	6	128.97	1		5.671457
58	382	8	0	16	17	8	9	6	8	222.52	0		34.888303
58	381	7	0	13	17	16	12	5	5	115.93	0		12.528870
58	378	2	0	9	11	10	9	2	5	74.45	0		53.650105
58	380	6	0	0	11	20	6	2	7	75.37	0		44.507487
58	379	4	0	0	18	21	15	4	5	146.92	1		2.772468
58	377	1	0	0	21	15	13	3	6	128.97	1		5.671457
7	45	7	0	20	12	0	12	5	5	115.93	0		12.528870
7	42	5	0	18	11	5	16	6	3	123.29	0		8.218746
7	43	5	0	18	11	8	16	6	3	123.29	0		8.218746
7	40	2	0	9	11	15	9	2	5	74.45	0		53.650105
7	44	6	0	9	11	20	6	2	7	75.37	0		44.507487
7	41	4	0	12	0	8	15	4	5	146.92	1		2.772468
57	375	9	0	18	11	11	10	6	5	106.63	0		20.870771
57	376	10	0	13	4	3	10	3	6	173.50	0		21.789174
57	372	3	0	0	3	26	12	3	4	121.31	0		28.397477
57	373	3	0	12	4	9	12	3	4	121.31	0		28.397477
57	374	3	0	10	4	13	12	3	4	121.31	0		28.397477
57	371	2	0	10	4	17	9	2	5	74.45	0		53.650105
57	370	1	0	0	8	17	13	3	6	128.97	1		5.671457


