Name:				416_n060_m400_bt100
Problem:			3L-VRPTW
Number_of_used_Vehicles:	10
Total_Travel_Distance:		1016.37
Calculation_Time:		847.18
Total_Iterations:		22670
ConstraintSet:			P1

-------------------------------------------------------------------------------------------------------------------
Tour_Id:			1
No_of_Customers:		8
No_of_Items:			52
Customer_Sequence:		32 19 9 28 47 24 49 7 

CustId	Id	TypeId	Rotated	x	y	z	Length	Width	Height	mass	Fragility	LoadBearingStrength
7	39	69	0	0	0	0	17	7	8	333.85	0		14.489333
7	35	40	0	0	7	0	9	6	8	305.59	0		26.166658
7	38	51	0	0	13	0	11	6	6	44.13	0		8.427456
7	37	45	0	0	19	0	9	5	6	47.03	0		10.931559
7	40	94	0	0	13	6	13	4	5	156.33	0		194.352084
7	41	100	0	0	17	6	6	5	8	24.63	0		4.177090
7	34	26	0	0	0	8	16	4	3	308.05	0		93.200257
7	33	9	0	0	4	8	14	3	6	142.21	1		5.389509
7	36	44	0	0	7	8	10	5	3	99.07	1		28.916468
49	327	10	0	0	0	11	8	4	8	70.31	0		22.366952
49	331	99	0	9	19	0	16	5	3	45.50	0		6.553645
49	326	6	0	0	12	11	9	4	6	116.34	0		22.278728
49	328	75	0	0	16	14	6	5	5	90.88	0		53.940158
49	330	95	0	10	7	0	13	2	5	68.59	0		12.708829
49	329	77	0	0	7	11	6	3	7	23.84	1		2.168233
24	158	55	0	10	9	0	16	4	7	53.22	0		3.126140
24	156	31	0	17	0	0	15	7	4	140.76	0		27.712215
24	157	48	0	9	19	3	11	6	5	148.74	0		17.376477
24	161	89	0	10	9	7	15	3	6	105.50	0		50.730969
24	159	82	0	0	12	17	9	4	5	112.98	0		19.755157
24	160	84	0	17	0	4	11	7	4	66.91	1		3.409929
24	162	98	0	0	22	6	7	2	4	29.41	1		5.361924
47	316	76	0	26	7	0	12	7	8	180.99	0		6.345060
47	314	48	0	7	19	8	11	6	5	148.74	0		17.376477
47	312	16	0	6	19	13	11	6	3	134.18	0		13.509760
47	315	63	0	0	0	19	9	4	5	105.40	0		18.380973
47	317	85	0	0	16	19	7	5	8	93.30	1		11.117612
47	313	44	0	6	19	16	10	5	3	99.07	1		28.916468
28	184	72	0	25	14	0	11	6	7	97.59	0		13.121288
28	186	87	0	10	9	13	14	4	8	78.86	0		6.120006
28	187	100	0	10	9	21	6	5	8	24.63	0		4.177090
28	185	73	0	0	0	24	8	5	5	29.24	0		7.962026
28	183	49	0	0	12	22	8	3	8	76.92	0		32.523829
28	180	2	0	16	0	8	9	6	6	105.60	1		30.617209
28	182	46	0	0	4	14	7	3	7	39.15	1		3.316793
28	181	25	0	7	4	14	9	2	7	59.17	1		4.065421
9	50	76	0	25	14	7	12	7	8	180.99	0		6.345060
9	49	42	0	25	20	0	17	3	6	39.59	0		6.953502
9	53	94	0	25	14	15	13	4	5	156.33	0		194.352084
9	54	100	0	16	9	21	6	5	8	24.63	0		4.177090
9	52	92	0	25	23	0	12	2	5	71.93	0		41.523783
9	48	22	0	16	0	14	11	6	8	161.25	1		8.981880
9	51	77	0	16	0	22	6	3	7	23.84	1		2.168233
19	125	91	0	25	7	8	16	6	4	263.11	0		155.821603
19	126	92	0	25	23	5	12	2	5	71.93	0		41.523783
19	124	11	0	25	7	12	17	2	3	60.70	0		85.617214
32	208	60	0	25	9	12	13	5	6	200.65	0		80.295421
32	209	86	0	32	0	0	15	6	4	79.26	0		12.132518
32	206	53	0	28	0	4	9	6	5	87.65	0		12.984118
32	205	43	0	25	23	10	12	2	7	72.18	0		83.781018
32	204	4	0	25	7	15	7	2	7	56.48	0		24.821158
32	207	58	1	22	0	22	7	5	8	30.80	1		4.638154


-------------------------------------------------------------------------------------------------------------------
Tour_Id:			2
No_of_Customers:		5
No_of_Items:			30
Customer_Sequence:		52 26 27 29 34 

CustId	Id	TypeId	Rotated	x	y	z	Length	Width	Height	mass	Fragility	LoadBearingStrength
34	222	87	0	0	0	0	14	4	8	78.86	0		6.120006
34	220	40	0	0	4	0	9	6	8	305.59	0		26.166658
34	221	50	0	0	10	0	10	6	5	48.12	0		28.261039
34	218	7	0	0	16	0	7	5	5	137.53	0		127.852980
34	219	15	0	0	21	0	8	2	6	45.37	0		33.254102
34	217	2	0	0	10	5	9	6	6	105.60	1		30.617209
29	191	31	0	0	0	8	15	7	4	140.76	0		27.712215
29	188	6	0	0	16	5	9	4	6	116.34	0		22.278728
29	193	75	0	0	16	11	6	5	5	90.88	0		53.940158
29	189	11	0	0	23	0	17	2	3	60.70	0		85.617214
29	192	46	0	0	7	8	7	3	7	39.15	1		3.316793
29	190	28	0	0	23	3	14	2	4	69.09	1		11.985460
27	179	92	0	0	0	12	12	2	5	71.93	0		41.523783
27	177	34	0	0	2	12	14	5	8	264.25	1		12.594935
27	174	9	0	0	2	20	14	3	6	142.21	1		5.389509
27	175	25	0	0	21	6	9	2	7	59.17	1		4.065421
27	176	25	0	0	23	7	9	2	7	59.17	1		4.065421
27	178	77	0	0	10	11	6	3	7	23.84	1		2.168233
26	172	93	0	9	16	0	17	6	6	252.09	0		151.019318
26	171	87	0	9	16	6	14	4	8	78.86	0		6.120006
26	169	39	0	9	16	14	12	5	7	145.51	0		5.435930
26	168	38	0	9	16	21	11	5	7	99.83	0		9.817544
26	170	45	0	10	7	0	9	5	6	47.03	0		10.931559
26	166	10	0	0	16	16	8	4	8	70.31	0		22.366952
26	167	27	0	0	0	17	6	2	8	59.40	0		21.485340
26	173	96	0	10	7	6	9	6	4	122.14	1		46.858833
52	350	68	0	15	0	0	12	7	7	289.72	0		28.946701
52	353	95	0	15	0	7	13	2	5	68.59	0		12.708829
52	351	84	0	19	7	0	11	7	4	66.91	1		3.409929
52	352	85	0	9	7	10	7	5	8	93.30	1		11.117612


-------------------------------------------------------------------------------------------------------------------
Tour_Id:			3
No_of_Customers:		6
No_of_Items:			37
Customer_Sequence:		55 22 58 14 59 53 

CustId	Id	TypeId	Rotated	x	y	z	Length	Width	Height	mass	Fragility	LoadBearingStrength
53	358	76	0	0	0	0	12	7	8	180.99	0		6.345060
53	359	89	0	0	7	0	15	3	6	105.50	0		50.730969
53	354	6	0	0	10	0	9	4	6	116.34	0		22.278728
53	357	62	0	0	14	0	6	6	3	35.58	0		11.681689
53	355	24	0	0	7	6	15	6	6	169.46	1		2.696739
53	356	44	0	0	20	0	10	5	3	99.07	1		28.916468
59	392	48	0	0	0	8	11	6	5	148.74	0		17.376477
59	388	26	0	6	14	0	16	4	3	308.05	0		93.200257
59	393	79	0	0	14	3	8	3	8	22.89	0		2.279066
59	390	30	0	0	0	13	14	4	3	108.39	0		87.551345
59	391	43	0	0	17	3	12	2	7	72.18	0		83.781018
59	394	85	0	0	19	3	7	5	8	93.30	1		11.117612
59	389	28	0	0	17	10	14	2	4	69.09	1		11.985460
14	90	76	0	14	0	0	12	7	8	180.99	0		6.345060
14	87	41	0	0	0	16	12	5	8	65.12	0		22.411847
14	89	48	0	0	0	24	11	6	5	148.74	0		17.376477
14	92	79	0	0	14	11	8	3	8	22.89	0		2.279066
14	88	43	0	8	14	3	12	2	7	72.18	0		83.781018
14	91	78	0	10	19	0	7	5	4	89.39	0		72.548709
58	387	76	0	14	0	8	12	7	8	180.99	0		6.345060
58	382	14	0	12	0	16	14	4	8	499.83	0		53.753112
58	385	38	0	15	7	0	11	5	7	99.83	0		9.817544
58	386	73	0	10	19	4	8	5	5	29.24	0		7.962026
58	383	20	0	0	19	11	7	5	8	121.60	1		4.719700
58	384	28	0	0	7	12	14	2	4	69.09	1		11.985460
22	147	69	0	22	12	0	17	7	8	333.85	0		14.489333
22	145	31	0	20	12	8	15	7	4	140.76	0		27.712215
22	146	53	0	18	19	0	9	6	5	87.65	0		12.984118
22	144	19	0	11	0	24	11	4	5	153.38	0		13.390458
22	142	5	0	0	14	19	10	3	5	42.78	0		11.733087
22	148	95	0	0	14	24	13	2	5	68.59	0		12.708829
22	143	9	0	0	9	12	14	3	6	142.21	1		5.389509
55	369	10	0	10	19	9	8	4	8	70.31	0		22.366952
55	372	100	0	10	19	17	6	5	8	24.63	0		4.177090
55	368	7	0	10	19	25	7	5	5	137.53	0		127.852980
55	370	70	0	15	7	7	7	3	8	84.28	0		27.444537
55	371	96	0	18	19	5	9	6	4	122.14	1		46.858833


-------------------------------------------------------------------------------------------------------------------
Tour_Id:			4
No_of_Customers:		8
No_of_Items:			57
Customer_Sequence:		6 41 37 15 51 56 43 45 

CustId	Id	TypeId	Rotated	x	y	z	Length	Width	Height	mass	Fragility	LoadBearingStrength
45	298	51	0	0	0	0	11	6	6	44.13	0		8.427456
45	303	86	0	0	6	0	15	6	4	79.26	0		12.132518
45	301	73	0	0	12	0	8	5	5	29.24	0		7.962026
45	299	63	0	0	17	0	9	4	5	105.40	0		18.380973
45	300	70	0	0	21	0	7	3	8	84.28	0		27.444537
45	296	4	0	0	6	4	7	2	7	56.48	0		24.821158
45	297	22	0	0	0	6	11	6	8	161.25	1		8.981880
45	302	77	0	0	8	4	6	3	7	23.84	1		2.168233
43	286	87	0	7	21	0	14	4	8	78.86	0		6.120006
43	281	6	0	0	12	5	9	4	6	116.34	0		22.278728
43	285	49	0	0	16	5	8	3	8	76.92	0		32.523829
43	284	37	0	0	21	8	8	3	7	103.34	0		161.173871
43	282	18	0	8	12	0	16	2	4	83.20	0		72.572117
43	283	33	0	7	6	4	7	6	3	80.31	0		24.782889
43	287	98	0	0	19	5	7	2	4	29.41	1		5.361924
56	377	86	0	11	0	0	15	6	4	79.26	0		12.132518
56	373	19	0	0	12	11	11	4	5	153.38	0		13.390458
56	374	36	0	0	12	16	9	5	4	159.31	0		26.533535
56	376	75	0	0	12	20	6	5	5	90.88	0		53.940158
56	375	62	0	0	12	25	6	6	3	35.58	0		11.681689
51	341	8	0	14	0	4	12	7	7	94.50	0		10.930536
51	346	60	0	11	0	11	13	5	6	200.65	0		80.295421
51	348	80	0	11	0	17	9	5	8	228.23	0		14.127071
51	349	97	0	11	0	25	12	5	5	59.38	0		5.991518
51	342	19	0	8	21	8	11	4	5	153.38	0		13.390458
51	344	43	0	9	16	0	12	2	7	72.18	0		83.781018
51	347	70	0	0	21	15	7	3	8	84.28	0		27.444537
51	343	33	0	7	6	7	7	6	3	80.31	0		24.782889
51	345	56	0	8	21	13	13	2	8	65.42	1		6.860520
15	97	31	0	21	14	0	15	7	4	140.76	0		27.712215
15	100	91	0	21	14	4	16	6	4	263.11	0		155.821603
15	93	1	0	21	14	8	13	6	4	194.50	0		10.646989
15	99	71	0	21	21	0	10	4	6	58.13	0		13.807312
15	95	19	0	21	21	6	11	4	5	153.38	0		13.390458
15	94	15	0	0	6	11	8	2	6	45.37	0		33.254102
15	98	44	0	21	14	12	10	5	3	99.07	1		28.916468
15	96	28	0	8	23	13	14	2	4	69.09	1		11.985460
37	242	40	0	26	0	0	9	6	8	305.59	0		26.166658
37	239	1	0	26	6	0	13	6	4	194.50	0		10.646989
37	240	19	0	26	6	4	11	4	5	153.38	0		13.390458
37	241	34	0	35	0	0	14	5	8	264.25	1		12.594935
37	243	88	0	21	14	15	9	4	6	145.33	1		8.400233
41	269	54	0	37	12	0	14	5	8	339.27	0		23.888464
41	268	52	0	37	17	0	13	6	7	80.48	0		16.534350
41	271	90	0	37	17	7	10	7	3	86.27	0		12.676934
41	272	90	0	37	17	10	10	7	3	86.27	0		12.676934
41	267	5	0	26	6	9	10	3	5	42.78	0		11.733087
41	270	74	0	26	0	8	8	6	3	80.41	0		24.531294
6	31	72	0	24	0	11	11	6	7	97.59	0		13.121288
6	30	60	0	23	0	18	13	5	6	200.65	0		80.295421
6	25	12	0	23	0	24	17	4	4	110.47	0		36.577764
6	29	53	0	39	5	0	9	6	5	87.65	0		12.984118
6	24	10	0	26	6	14	8	4	8	70.31	0		22.366952
6	27	21	0	34	12	8	12	4	5	103.87	0		62.652663
6	26	16	0	34	12	13	11	6	3	134.18	0		13.509760
6	28	25	0	0	6	17	9	2	7	59.17	1		4.065421
6	32	77	0	0	21	23	6	3	7	23.84	1		2.168233


-------------------------------------------------------------------------------------------------------------------
Tour_Id:			5
No_of_Customers:		5
No_of_Items:			35
Customer_Sequence:		3 12 1 42 35 

CustId	Id	TypeId	Rotated	x	y	z	Length	Width	Height	mass	Fragility	LoadBearingStrength
35	227	69	0	0	0	0	17	7	8	333.85	0		14.489333
35	225	35	0	0	7	0	16	6	6	109.57	0		6.441785
35	231	97	0	0	13	0	12	5	5	59.38	0		5.991518
35	226	59	0	0	18	0	15	6	3	58.92	0		19.997774
35	223	7	0	0	13	5	7	5	5	137.53	0		127.852980
35	228	70	0	0	18	3	7	3	8	84.28	0		27.444537
35	229	74	0	0	7	6	8	6	3	80.41	0		24.531294
35	224	17	0	0	21	3	14	2	5	82.08	0		21.889280
35	230	84	0	0	0	8	11	7	4	66.91	1		3.409929
42	275	35	0	15	13	0	16	6	6	109.57	0		6.441785
42	278	54	0	15	19	0	14	5	8	339.27	0		23.888464
42	273	1	0	15	13	6	13	6	4	194.50	0		10.646989
42	276	42	0	15	19	8	17	3	6	39.59	0		6.953502
42	277	49	0	0	7	9	8	3	8	76.92	0		32.523829
42	279	66	0	0	10	9	8	3	7	19.98	0		2.749636
42	274	18	0	15	22	8	16	2	4	83.20	0		72.572117
42	280	81	0	0	13	10	6	4	4	10.05	0		7.033250
1	4	86	0	15	13	10	15	6	4	79.26	0		12.132518
1	2	53	0	8	7	6	9	6	5	87.65	0		12.984118
1	1	45	0	8	7	11	9	5	6	47.03	0		10.931559
1	3	74	0	8	7	17	8	6	3	80.41	0		24.531294
12	76	68	0	15	13	14	12	7	7	289.72	0		28.946701
12	74	40	0	8	7	20	9	6	8	305.59	0		26.166658
12	73	39	0	15	13	21	12	5	7	145.51	0		5.435930
12	75	42	0	17	0	0	17	3	6	39.59	0		6.953502
12	77	73	0	11	0	8	8	5	5	29.24	0		7.962026
12	71	7	0	11	0	13	7	5	5	137.53	0		127.852980
12	78	81	0	0	13	14	6	4	4	10.05	0		7.033250
12	72	29	0	0	0	12	10	7	4	91.97	1		5.923030
3	12	87	0	17	5	0	14	4	8	78.86	0		6.120006
3	9	39	0	17	5	8	12	5	7	145.51	0		5.435930
3	13	95	0	15	22	12	13	2	5	68.59	0		12.708829
3	8	22	0	17	5	15	11	6	8	161.25	1		8.981880
3	11	84	0	17	5	23	11	7	4	66.91	1		3.409929
3	10	44	0	17	5	27	10	5	3	99.07	1		28.916468


-------------------------------------------------------------------------------------------------------------------
Tour_Id:			6
No_of_Customers:		6
No_of_Items:			45
Customer_Sequence:		50 10 57 21 17 40 

CustId	Id	TypeId	Rotated	x	y	z	Length	Width	Height	mass	Fragility	LoadBearingStrength
40	263	68	0	0	0	0	12	7	7	289.72	0		28.946701
40	261	48	0	0	7	0	11	6	5	148.74	0		17.376477
40	259	7	0	0	13	0	7	5	5	137.53	0		127.852980
40	266	92	0	0	18	0	12	2	5	71.93	0		41.523783
40	262	62	0	0	7	5	6	6	3	35.58	0		11.681689
40	260	29	0	0	13	5	10	7	4	91.97	1		5.923030
40	265	88	0	0	20	0	9	4	6	145.33	1		8.400233
40	264	77	0	0	20	6	6	3	7	23.84	1		2.168233
17	114	93	0	11	7	0	17	6	6	252.09	0		151.019318
17	109	3	0	0	0	7	14	5	6	131.42	0		15.575192
17	110	39	0	0	0	13	12	5	7	145.51	0		5.435930
17	116	97	0	0	0	20	12	5	5	59.38	0		5.991518
17	113	82	0	0	0	25	9	4	5	112.98	0		19.755157
17	111	47	0	0	7	8	7	4	4	60.88	0		18.834733
17	112	58	0	0	13	9	7	5	8	30.80	1		4.638154
17	115	96	0	11	7	6	9	6	4	122.14	1		46.858833
21	137	38	0	9	20	0	11	5	7	99.83	0		9.817544
21	139	64	0	14	0	0	16	6	4	41.33	0		5.248189
21	134	10	0	0	7	12	8	4	8	70.31	0		22.366952
21	138	49	0	0	7	20	8	3	8	76.92	0		32.523829
21	140	79	0	9	20	7	8	3	8	22.89	0		2.279066
21	136	36	0	10	13	0	9	5	4	159.31	0		26.533535
21	135	20	0	0	13	17	7	5	8	121.60	1		4.719700
21	141	96	0	11	7	10	9	6	4	122.14	1		46.858833
57	379	31	0	14	0	4	15	7	4	140.76	0		27.712215
57	380	38	0	10	13	4	11	5	7	99.83	0		9.817544
57	378	24	0	14	0	8	15	6	6	169.46	1		2.696739
57	381	46	1	7	13	9	7	3	7	39.15	1		3.316793
10	61	93	0	21	13	0	17	6	6	252.09	0		151.019318
10	56	41	0	10	13	11	12	5	8	65.12	0		22.411847
10	55	26	0	7	13	19	16	4	3	308.05	0		93.200257
10	59	78	0	7	13	22	7	5	4	89.39	0		72.548709
10	57	58	0	11	7	14	7	5	8	30.80	1		4.638154
10	60	88	0	11	7	22	9	4	6	145.33	1		8.400233
10	58	77	0	9	20	15	6	3	7	23.84	1		2.168233
10	62	98	0	0	13	25	7	2	4	29.41	1		5.361924
50	338	68	0	23	13	6	12	7	7	289.72	0		28.946701
50	340	80	0	14	12	22	9	5	8	228.23	0		14.127071
50	333	12	0	20	19	0	17	4	4	110.47	0		36.577764
50	337	59	0	23	13	13	15	6	3	58.92	0		19.997774
50	332	5	0	20	7	6	10	3	5	42.78	0		11.733087
50	339	75	0	23	13	16	6	5	5	90.88	0		53.940158
50	336	33	0	7	13	26	7	6	3	80.31	0		24.782889
50	334	22	0	12	0	14	11	6	8	161.25	1		8.981880
50	335	22	0	12	0	22	11	6	8	161.25	1		8.981880


-------------------------------------------------------------------------------------------------------------------
Tour_Id:			7
No_of_Customers:		5
No_of_Items:			37
Customer_Sequence:		36 38 16 39 18 

CustId	Id	TypeId	Rotated	x	y	z	Length	Width	Height	mass	Fragility	LoadBearingStrength
18	121	53	0	0	0	0	9	6	5	87.65	0		12.984118
18	117	6	0	0	6	0	9	4	6	116.34	0		22.278728
18	119	33	0	0	10	0	7	6	3	80.31	0		24.782889
18	122	81	0	0	16	0	6	4	4	10.05	0		7.033250
18	123	84	0	6	16	0	11	7	4	66.91	1		3.409929
18	120	44	0	0	16	4	10	5	3	99.07	1		28.916468
18	118	25	0	0	10	3	9	2	7	59.17	1		4.065421
39	254	14	0	9	0	0	14	4	8	499.83	0		53.753112
39	253	3	0	9	4	0	14	5	6	131.42	0		15.575192
39	258	83	0	0	6	6	15	3	6	115.58	0		15.502093
39	257	62	0	0	0	5	6	6	3	35.58	0		11.681689
39	255	22	0	0	16	7	11	6	8	161.25	1		8.981880
39	256	58	0	0	0	8	7	5	8	30.80	1		4.638154
16	108	97	0	9	9	0	12	5	5	59.38	0		5.991518
16	102	5	0	0	6	12	10	3	5	42.78	0		11.733087
16	107	92	0	0	6	17	12	2	5	71.93	0		41.523783
16	101	4	0	0	12	3	7	2	7	56.48	0		24.821158
16	104	27	0	0	14	3	6	2	8	59.40	0		21.485340
16	105	57	0	0	16	15	10	7	4	54.30	1		13.223214
16	106	57	0	0	16	19	10	7	4	54.30	1		13.223214
16	103	20	0	0	9	10	7	5	8	121.60	1		4.719700
38	246	54	0	9	9	5	14	5	8	339.27	0		23.888464
38	249	83	0	7	0	8	15	3	6	115.58	0		15.502093
38	247	73	0	7	9	13	8	5	5	29.24	0		7.962026
38	244	16	0	17	14	0	11	6	3	134.18	0		13.509760
38	245	26	0	17	20	0	16	4	3	308.05	0		93.200257
38	248	82	0	7	0	14	9	4	5	112.98	0		19.755157
38	250	84	0	0	16	23	11	7	4	66.91	1		3.409929
38	252	96	0	0	8	18	9	6	4	122.14	1		46.858833
38	251	88	0	0	6	22	9	4	6	145.33	1		8.400233
36	238	93	0	23	0	0	17	6	6	252.09	0		151.019318
36	236	55	0	17	20	3	16	4	7	53.22	0		3.126140
36	235	51	0	17	14	3	11	6	6	44.13	0		8.427456
36	233	38	0	17	14	9	11	5	7	99.83	0		9.817544
36	232	10	0	7	0	19	8	4	8	70.31	0		22.366952
36	237	56	0	7	4	6	13	2	8	65.42	1		6.860520
36	234	46	0	0	10	22	7	3	7	39.15	1		3.316793


-------------------------------------------------------------------------------------------------------------------
Tour_Id:			8
No_of_Customers:		6
No_of_Items:			37
Customer_Sequence:		46 4 5 60 44 30 

CustId	Id	TypeId	Rotated	x	y	z	Length	Width	Height	mass	Fragility	LoadBearingStrength
30	195	61	0	0	0	0	17	6	7	454.67	0		27.883250
30	194	35	0	0	6	0	16	6	6	109.57	0		6.441785
30	198	87	0	0	12	0	14	4	8	78.86	0		6.120006
30	197	86	0	0	16	0	15	6	4	79.26	0		12.132518
30	196	82	0	0	16	4	9	4	5	112.98	0		19.755157
44	293	76	0	0	0	7	12	7	8	180.99	0		6.345060
44	294	86	0	0	0	15	15	6	4	79.26	0		12.132518
44	295	99	0	0	7	6	16	5	3	45.50	0		6.553645
44	289	23	0	0	7	9	6	5	7	64.52	0		6.993839
44	288	16	0	0	0	19	11	6	3	134.18	0		13.509760
44	290	30	0	0	12	8	14	4	3	108.39	0		87.551345
44	292	57	0	0	0	22	10	7	4	54.30	1		13.223214
44	291	44	0	0	12	11	10	5	3	99.07	1		28.916468
60	398	69	0	15	12	0	17	7	8	333.85	0		14.489333
60	399	76	0	14	12	8	12	7	8	180.99	0		6.345060
60	396	48	0	14	12	16	11	6	5	148.74	0		17.376477
60	395	36	0	6	7	9	9	5	4	159.31	0		26.533535
60	400	95	0	0	22	0	13	2	5	68.59	0		12.708829
60	397	57	0	0	0	26	10	7	4	54.30	1		13.223214
5	19	35	0	15	19	0	16	6	6	109.57	0		6.441785
5	21	54	0	14	12	21	14	5	8	339.27	0		23.888464
5	20	52	0	15	19	6	13	6	7	80.48	0		16.534350
5	23	80	0	6	7	13	9	5	8	228.23	0		14.127071
5	22	62	0	6	7	21	6	6	3	35.58	0		11.681689
5	18	22	0	15	19	13	11	6	8	161.25	1		8.981880
4	14	3	0	16	6	0	14	5	6	131.42	0		15.575192
4	17	91	0	17	0	0	16	6	4	263.11	0		155.821603
4	16	43	0	16	6	6	12	2	7	72.18	0		83.781018
4	15	13	0	16	8	6	10	3	4	83.29	0		29.469826
46	310	93	0	17	0	4	17	6	6	252.09	0		151.019318
46	304	1	0	15	0	10	13	6	4	194.50	0		10.646989
46	309	89	0	15	0	14	15	3	6	105.50	0		50.730969
46	305	7	0	6	7	24	7	5	5	137.53	0		127.852980
46	308	74	0	28	0	10	8	6	3	80.41	0		24.531294
46	311	95	0	15	6	13	13	2	5	68.59	0		12.708829
46	306	24	0	30	6	0	15	6	6	169.46	1		2.696739
46	307	44	0	15	19	21	10	5	3	99.07	1		28.916468


-------------------------------------------------------------------------------------------------------------------
Tour_Id:			9
No_of_Customers:		5
No_of_Items:			36
Customer_Sequence:		11 48 31 33 54 

CustId	Id	TypeId	Rotated	x	y	z	Length	Width	Height	mass	Fragility	LoadBearingStrength
54	366	83	0	0	0	0	15	3	6	115.58	0		15.502093
54	367	89	0	0	3	0	15	3	6	105.50	0		50.730969
54	364	73	0	0	6	0	8	5	5	29.24	0		7.962026
54	360	16	0	0	11	0	11	6	3	134.18	0		13.509760
54	365	79	0	0	17	0	8	3	8	22.89	0		2.279066
54	363	66	0	0	20	0	8	3	7	19.98	0		2.749636
54	362	34	0	0	11	3	14	5	8	264.25	1		12.594935
54	361	20	0	0	6	5	7	5	8	121.60	1		4.719700
33	212	54	0	0	0	6	14	5	8	339.27	0		23.888464
33	216	90	0	8	17	0	10	7	3	86.27	0		12.676934
33	215	82	0	0	0	14	9	4	5	112.98	0		19.755157
33	210	5	0	0	20	7	10	3	5	42.78	0		11.733087
33	214	58	0	0	11	11	7	5	8	30.80	1		4.638154
33	211	9	0	8	6	0	14	3	6	142.21	1		5.389509
33	213	56	0	0	20	12	13	2	8	65.42	1		6.860520
31	201	40	0	14	9	0	9	6	8	305.59	0		26.166658
31	202	73	0	0	0	19	8	5	5	29.24	0		7.962026
31	203	82	0	0	0	24	9	4	5	112.98	0		19.755157
31	199	5	0	0	17	8	10	3	5	42.78	0		11.733087
31	200	24	0	15	0	0	15	6	6	169.46	1		2.696739
48	318	8	0	18	15	0	12	7	7	94.50	0		10.930536
48	323	65	0	14	9	8	7	5	7	43.52	0		8.095332
48	324	67	0	18	22	0	14	3	5	52.74	0		10.166225
48	319	18	0	14	15	7	16	2	4	83.20	0		72.572117
48	321	34	0	14	0	6	14	5	8	264.25	1		12.594935
48	320	20	0	0	5	13	7	5	8	121.60	1		4.719700
48	322	58	0	0	10	19	7	5	8	30.80	1		4.638154
48	325	77	0	0	17	13	6	3	7	23.84	1		2.168233
11	70	87	0	23	6	0	14	4	8	78.86	0		6.120006
11	65	38	0	23	10	0	11	5	7	99.83	0		9.817544
11	67	67	0	18	22	5	14	3	5	52.74	0		10.166225
11	63	26	0	14	17	7	16	4	3	308.05	0		93.200257
11	64	37	0	13	17	10	8	3	7	103.34	0		161.173871
11	66	66	0	13	17	17	8	3	7	19.98	0		2.749636
11	69	85	0	0	17	20	7	5	8	93.30	1		11.117612
11	68	77	0	0	5	21	6	3	7	23.84	1		2.168233


-------------------------------------------------------------------------------------------------------------------
Tour_Id:			10
No_of_Customers:		6
No_of_Items:			34
Customer_Sequence:		23 13 25 2 8 20 

CustId	Id	TypeId	Rotated	x	y	z	Length	Width	Height	mass	Fragility	LoadBearingStrength
20	132	68	0	0	0	0	12	7	7	289.72	0		28.946701
20	131	59	0	0	7	0	15	6	3	58.92	0		19.997774
20	133	99	0	0	13	0	16	5	3	45.50	0		6.553645
20	130	47	0	0	18	0	7	4	4	60.88	0		18.834733
20	128	20	0	0	7	3	7	5	8	121.60	1		4.719700
20	127	9	0	0	22	0	14	3	6	142.21	1		5.389509
20	129	46	0	0	12	3	7	3	7	39.15	1		3.316793
8	43	40	0	0	0	7	9	6	8	305.59	0		26.166658
8	45	60	1	7	7	3	13	5	6	200.65	0		80.295421
8	47	86	0	12	0	0	15	6	4	79.26	0		12.132518
8	46	78	0	0	0	15	7	5	4	89.39	0		72.548709
8	42	18	0	7	20	0	16	2	4	83.20	0		72.572117
8	44	58	0	0	6	11	7	5	8	30.80	1		4.638154
2	5	31	0	12	0	4	15	7	4	140.76	0		27.712215
2	6	43	0	0	20	4	12	2	7	72.18	0		83.781018
2	7	75	0	0	0	19	6	5	5	90.88	0		53.940158
25	165	97	1	7	6	9	12	5	5	59.38	0		5.991518
25	163	2	1	7	6	14	9	6	6	105.60	1		30.617209
25	164	9	0	0	22	6	14	3	6	142.21	1		5.389509
13	83	55	0	9	0	8	16	4	7	53.22	0		3.126140
13	81	31	0	16	7	0	15	7	4	140.76	0		27.712215
13	85	94	0	7	0	15	13	4	5	156.33	0		194.352084
13	80	7	0	0	0	24	7	5	5	137.53	0		127.852980
13	79	5	0	7	0	20	10	3	5	42.78	0		11.733087
13	82	47	0	7	0	25	7	4	4	60.88	0		18.834733
13	84	88	1	7	6	20	9	4	6	145.33	1		8.400233
13	86	98	0	0	20	11	7	2	4	29.41	1		5.361924
23	155	87	0	13	4	8	14	4	8	78.86	0		6.120006
23	150	19	0	13	4	16	11	4	5	153.38	0		13.390458
23	151	36	0	13	4	21	9	5	4	159.31	0		26.533535
23	149	4	0	12	20	4	7	2	7	56.48	0		24.821158
23	153	81	0	13	4	25	6	4	4	10.05	0		7.033250
23	152	58	0	16	14	0	7	5	8	30.80	1		4.638154
23	154	85	0	16	14	8	7	5	8	93.30	1		11.117612


