Name:				419_n060_m400_bt100
Problem:			3L-VRPTW
Number_of_used_Vehicles:	7
Total_Travel_Distance:		760.22
Calculation_Time:		3496.35
Total_Iterations:		10814
ConstraintSet:			P1

-------------------------------------------------------------------------------------------------------------------
Tour_Id:			1
No_of_Customers:		10
No_of_Items:			66
Customer_Sequence:		57 23 43 51 59 20 46 32 6 49 

CustId	Id	TypeId	Rotated	x	y	z	Length	Width	Height	mass	Fragility	LoadBearingStrength
49	320	7	0	0	0	0	16	7	3	61.28	0		8.723946
49	324	78	0	0	7	0	16	3	6	48.99	0		3.577455
49	322	48	0	0	10	0	11	4	5	85.80	0		13.748944
49	323	56	0	0	14	0	6	6	5	44.72	0		48.621644
49	319	1	0	0	20	0	7	4	6	40.42	0		35.160617
49	326	99	0	0	0	3	12	4	3	45.64	0		15.908152
49	321	41	0	0	4	3	8	3	5	37.19	0		8.686842
49	325	91	0	11	10	0	17	7	5	560.85	1		10.241300
6	35	6	0	0	10	5	11	4	7	85.39	0		4.476710
6	40	52	0	0	0	6	14	4	5	28.21	0		4.962399
6	36	24	0	0	14	5	7	4	8	181.85	0		14.658061
6	38	48	0	0	0	11	11	4	5	85.80	0		13.748944
6	39	48	0	0	10	12	11	4	5	85.80	0		13.748944
6	37	31	0	0	0	16	9	5	4	23.79	0		12.284270
46	302	75	0	0	10	17	11	5	5	27.64	0		3.998673
32	200	18	0	7	17	0	17	4	5	131.90	0		16.765086
32	201	18	0	7	21	0	17	4	5	131.90	0		16.765086
32	204	91	0	7	14	5	17	7	5	560.85	1		10.241300
32	202	46	0	7	14	10	11	6	4	63	1		2.258989
32	203	71	0	0	7	6	16	3	5	24.57	1		1.752385
46	298	27	0	16	0	0	15	6	6	186.40	0		17.461102
46	299	30	0	0	0	20	12	5	7	74.12	0		14.024608
46	297	18	0	7	21	5	17	4	5	131.90	0		16.765086
6	41	69	0	16	6	0	11	3	5	144.91	0		55.752716
46	301	59	0	0	10	22	9	5	5	48.57	0		74.783277
46	303	76	0	16	0	6	7	6	5	66.15	0		4.870801
46	296	5	0	7	21	10	11	3	5	62.92	0		15.533278
46	304	99	0	0	0	27	12	4	3	45.64	0		15.908152
46	300	35	0	7	21	15	11	2	5	11.65	0		11.311992
20	127	18	0	24	17	0	17	4	5	131.90	0		16.765086
20	126	3	0	24	17	5	15	5	4	65.78	0		41.727531
20	129	37	0	24	17	9	12	5	5	93.96	0		56.087513
20	130	39	0	16	0	11	7	5	7	97.90	0		7.828919
20	128	36	0	16	6	5	6	4	8	20.19	0		3.241499
20	131	53	0	0	10	27	7	5	3	23.19	0		12.459892
59	393	85	0	24	17	14	12	6	6	71.60	0		39.684073
59	391	63	0	24	17	20	14	4	7	103.20	0		7.858727
59	388	7	0	28	6	0	16	7	3	61.28	0		8.723946
59	392	78	0	24	22	0	16	3	6	48.99	0		3.577455
59	394	86	0	24	22	6	13	3	7	64.15	0		56.173530
59	390	49	0	23	0	6	10	6	4	98.20	0		23.100380
59	389	32	0	23	0	10	11	3	5	20.35	0		4.881760
51	337	100	0	28	6	3	16	7	8	226.30	0		28.884528
51	334	52	0	28	13	0	14	4	5	28.21	0		4.962399
51	333	50	0	23	3	10	11	3	4	39.05	0		27.233193
51	335	55	0	28	6	11	15	6	7	97.61	1		2.469015
51	336	71	0	11	10	5	16	3	5	24.57	1		1.752385
51	332	15	0	11	10	10	7	4	4	38.19	1		6.237547
43	276	28	0	34	0	0	16	6	4	43.72	0		17.727405
43	279	68	0	34	0	4	13	5	4	101.41	0		15.957009
43	278	61	0	16	0	18	8	3	8	32.59	0		9.019452
43	277	56	0	34	0	8	6	6	5	44.72	0		48.621644
43	275	23	0	7	21	20	6	2	3	9.43	0		14.224994
23	146	39	0	34	0	13	7	5	7	97.90	0		7.828919
23	147	59	0	34	0	20	9	5	5	48.57	0		74.783277
23	149	94	0	16	3	18	7	2	8	109.89	0		53.140398
57	376	35	0	24	21	20	11	2	5	11.65	0		11.311992
23	145	19	0	16	0	26	7	6	4	52.92	1		2.288523
57	375	7	0	41	17	0	16	7	3	61.28	0		8.723946
57	374	6	0	28	13	5	11	4	7	85.39	0		4.476710
57	378	78	0	41	17	3	16	3	6	48.99	0		3.577455
57	373	1	0	28	13	12	7	4	6	40.42	0		35.160617
23	148	77	0	28	6	18	17	3	7	69.83	1		2.025347
57	379	81	0	45	6	0	12	6	5	69.47	1		3.690283
57	377	71	0	28	9	18	16	3	5	24.57	1		1.752385
57	380	88	0	28	9	23	10	2	6	45.97	1		13.013917


-------------------------------------------------------------------------------------------------------------------
Tour_Id:			2
No_of_Customers:		10
No_of_Items:			65
Customer_Sequence:		34 44 31 56 14 2 27 55 21 10 

CustId	Id	TypeId	Rotated	x	y	z	Length	Width	Height	mass	Fragility	LoadBearingStrength
10	61	87	0	0	0	0	9	5	8	44.59	0		3.889414
10	63	93	0	0	5	0	10	7	4	94.10	0		18.628872
10	64	99	0	0	12	0	12	4	3	45.64	0		15.908152
10	59	34	0	0	16	0	12	3	3	37.96	0		44.530993
10	62	91	0	10	0	0	17	7	5	560.85	1		10.241300
10	60	40	0	0	19	0	11	6	7	174.29	1		4.392264
21	137	96	0	10	7	0	17	4	5	72.62	0		9.600603
21	134	72	0	0	12	3	11	6	5	106.14	0		14.657405
21	133	57	0	0	12	8	9	7	5	69.96	0		16.325476
21	136	83	0	0	0	8	9	4	5	51.70	0		48.378417
21	132	35	0	0	0	13	11	2	5	11.65	0		11.311992
21	135	77	0	9	0	5	17	3	7	69.83	1		2.025347
55	367	84	0	10	7	5	16	5	7	147.43	0		13.769186
55	361	3	0	10	7	12	15	5	4	65.78	0		41.727531
55	365	52	0	10	7	16	14	4	5	28.21	0		4.962399
55	362	8	0	0	12	13	11	5	4	54.05	0		4.065784
55	366	56	0	0	12	17	6	6	5	44.72	0		48.621644
55	368	90	0	10	7	21	11	3	3	28.70	0		6.456785
55	364	51	0	0	12	22	6	4	4	9.70	0		3.776936
55	363	15	0	0	19	7	7	4	4	38.19	1		6.237547
27	178	79	0	11	19	0	17	6	8	321.39	0		6.729216
27	172	6	0	11	19	8	11	4	7	85.39	0		4.476710
27	175	38	0	12	12	0	8	7	3	53.10	0		10.680166
27	177	62	0	10	7	24	11	3	4	26.08	0		15.166827
27	173	23	0	0	2	13	6	2	3	9.43	0		14.224994
27	176	46	0	11	12	3	11	6	4	63	1		2.258989
27	174	29	0	11	12	7	8	6	3	45.65	1		4.214967
2	7	18	0	22	12	0	17	4	5	131.90	0		16.765086
2	6	6	0	11	19	15	11	4	7	85.39	0		4.476710
2	10	37	0	22	12	5	12	5	5	93.96	0		56.087513
2	11	37	0	19	12	10	12	5	5	93.96	0		56.087513
2	12	45	0	11	19	22	9	4	7	42.38	0		4.209885
2	9	36	0	6	12	17	6	4	8	20.19	0		3.241499
2	13	99	0	19	12	15	12	4	3	45.64	0		15.908152
2	8	22	0	19	12	18	9	3	5	96.32	0		16.888961
14	91	33	0	27	0	0	16	6	6	134.85	0		9.531774
14	90	18	0	27	6	0	17	4	5	131.90	0		16.765086
14	93	46	0	26	0	6	11	6	4	63	1		2.258989
14	89	2	0	0	0	18	12	2	7	17.82	1		2.439977
14	92	44	0	9	3	5	15	3	3	20.95	1		8.158809
56	371	79	0	28	17	0	17	6	8	321.39	0		6.729216
56	370	26	0	22	19	8	9	5	5	85.79	0		14.380161
56	369	23	0	0	2	16	6	2	3	9.43	0		14.224994
56	372	88	0	11	23	8	10	2	6	45.97	1		13.013917
31	196	18	0	26	7	5	17	4	5	131.90	0		16.765086
31	195	6	0	22	19	13	11	4	7	85.39	0		4.476710
31	197	38	0	44	0	0	8	7	3	53.10	0		10.680166
31	199	62	0	19	12	23	11	3	4	26.08	0		15.166827
31	198	40	0	26	0	10	11	6	7	174.29	1		4.392264
44	282	27	0	33	17	8	15	6	6	186.40	0		17.461102
44	283	66	0	22	19	20	13	3	7	29.50	0		11.033087
44	284	86	0	26	7	10	13	3	7	64.15	0		56.173530
44	285	86	0	24	7	17	13	3	7	64.15	0		56.173530
44	280	1	0	24	7	24	7	4	6	40.42	0		35.160617
44	281	19	0	26	0	17	7	6	4	52.92	1		2.288523
44	286	89	0	0	2	19	8	2	4	9.10	1		2.049377
34	214	4	0	44	7	0	8	7	7	88.63	0		6.780109
34	219	73	0	43	0	3	10	6	6	41.55	0		3.568315
34	216	42	0	35	19	14	9	5	6	46.01	0		13.422595
34	221	92	0	35	19	20	10	3	5	15.87	0		9.215432
34	215	22	0	35	19	25	9	3	5	96.32	0		16.888961
34	222	94	0	0	16	22	7	2	8	109.89	0		53.140398
34	218	64	1	52	6	0	17	5	8	124.61	1		2.077103
34	220	77	1	52	6	8	17	3	7	69.83	1		2.025347
34	217	46	0	43	0	9	11	6	4	63	1		2.258989


-------------------------------------------------------------------------------------------------------------------
Tour_Id:			3
No_of_Customers:		8
No_of_Items:			50
Customer_Sequence:		30 17 38 39 18 5 41 60 

CustId	Id	TypeId	Rotated	x	y	z	Length	Width	Height	mass	Fragility	LoadBearingStrength
60	400	98	0	0	0	0	17	5	4	105.97	0		12.105365
60	395	10	0	0	5	0	16	3	7	86.19	0		32.244109
60	399	93	0	0	8	0	10	7	4	94.10	0		18.628872
60	398	61	0	0	15	0	8	3	8	32.59	0		9.019452
60	397	55	0	0	18	0	15	6	7	97.61	1		2.469015
60	396	17	0	0	8	4	8	6	5	29.25	1		1.011932
41	263	25	0	10	8	0	8	6	8	68.10	0		4.754944
41	262	7	0	15	14	0	16	7	3	61.28	0		8.723946
41	261	6	0	0	0	4	11	4	7	85.39	0		4.476710
41	266	67	0	0	5	7	13	3	7	38.77	0		6.196436
41	265	59	0	0	0	11	9	5	5	48.57	0		74.783277
41	264	50	0	0	5	14	11	3	4	39.05	0		27.233193
5	33	96	0	15	21	0	17	4	5	72.62	0		9.600603
5	34	96	0	15	14	3	17	4	5	72.62	0		9.600603
5	28	7	0	17	0	0	16	7	3	61.28	0		8.723946
5	30	36	0	0	14	8	6	4	8	20.19	0		3.241499
5	29	35	0	0	0	16	11	2	5	11.65	0		11.311992
5	32	53	0	10	8	8	7	5	3	23.19	0		12.459892
5	31	44	0	0	18	7	15	3	3	20.95	1		8.158809
18	118	85	0	17	0	3	12	6	6	71.60	0		39.684073
18	113	28	0	13	0	9	16	6	4	43.72	0		17.727405
18	117	78	0	11	0	13	16	3	6	48.99	0		3.577455
18	115	66	0	0	5	18	13	3	7	29.50	0		11.033087
18	111	14	0	11	0	19	11	4	6	119.54	0		13.899965
18	114	50	0	0	2	16	11	3	4	39.05	0		27.233193
18	112	23	0	0	14	16	6	2	3	9.43	0		14.224994
18	116	71	0	0	21	7	16	3	5	24.57	1		1.752385
39	250	72	0	18	7	0	11	6	5	106.14	0		14.657405
39	246	16	0	10	8	11	9	5	7	45.10	0		4.742553
39	245	6	0	10	8	18	11	4	7	85.39	0		4.476710
39	249	42	0	15	13	8	9	5	6	46.01	0		13.422595
39	248	38	0	18	6	5	8	7	3	53.10	0		10.680166
39	244	1	0	15	13	14	7	4	6	40.42	0		35.160617
39	247	35	0	0	5	25	11	2	5	11.65	0		11.311992
39	251	82	0	29	7	0	12	6	7	189.99	1		7.902176
38	239	25	0	32	13	0	8	6	8	68.10	0		4.754944
38	243	96	0	16	21	5	17	4	5	72.62	0		9.600603
38	242	68	0	24	13	8	13	5	4	101.41	0		15.957009
38	238	19	0	24	13	12	7	6	4	52.92	1		2.288523
38	240	43	0	22	13	16	9	6	3	38.30	1		3.341681
38	241	44	0	0	18	10	15	3	3	20.95	1		8.158809
17	109	63	0	16	21	10	14	4	7	103.20	0		7.858727
17	110	87	0	33	0	0	9	5	8	44.59	0		3.889414
17	107	37	1	11	0	25	12	5	5	93.96	0		56.087513
17	108	48	0	16	21	17	11	4	5	85.80	0		13.748944
30	192	27	0	40	13	0	15	6	6	186.40	0		17.461102
30	191	21	0	33	19	0	16	3	5	88.23	0		8.441424
30	194	59	0	33	0	8	9	5	5	48.57	0		74.783277
30	193	48	0	16	21	22	11	4	5	85.80	0		13.748944
30	190	12	0	15	19	3	12	2	6	58.58	0		32.111897


-------------------------------------------------------------------------------------------------------------------
Tour_Id:			4
No_of_Customers:		11
No_of_Items:			77
Customer_Sequence:		52 25 29 28 24 37 48 19 40 11 12 

CustId	Id	TypeId	Rotated	x	y	z	Length	Width	Height	mass	Fragility	LoadBearingStrength
12	79	63	0	0	0	0	14	4	7	103.20	0		7.858727
12	80	87	0	0	4	0	9	5	8	44.59	0		3.889414
12	74	9	0	0	9	0	17	6	3	37.78	0		4.384447
12	76	24	0	0	15	0	7	4	8	181.85	0		14.658061
12	77	35	0	0	19	0	11	2	5	11.65	0		11.311992
12	75	19	0	0	9	3	7	6	4	52.92	1		2.288523
12	78	44	0	0	21	0	15	3	3	20.95	1		8.158809
11	71	73	0	0	4	8	10	6	6	41.55	0		3.568315
11	73	78	0	0	0	7	16	3	6	48.99	0		3.577455
11	69	61	0	0	15	8	8	3	8	32.59	0		9.019452
11	67	31	0	0	4	14	9	5	4	23.79	0		12.284270
11	70	69	0	0	0	13	11	3	5	144.91	0		55.752716
11	65	11	0	0	0	18	11	3	4	47.03	0		19.948822
11	72	77	0	0	21	3	17	3	7	69.83	1		2.025347
11	66	13	0	0	10	7	6	4	8	34.18	1		1.516540
11	68	44	0	0	21	10	15	3	3	20.95	1		8.158809
40	254	30	0	0	4	18	12	5	7	74.12	0		14.024608
40	258	73	0	8	10	3	10	6	6	41.55	0		3.568315
40	257	57	0	8	10	9	9	7	5	69.96	0		16.325476
40	252	9	0	16	0	0	17	6	3	37.78	0		4.384447
40	255	37	0	0	4	25	12	5	5	93.96	0		56.087513
40	259	76	0	8	9	14	7	6	5	66.15	0		4.870801
40	260	83	0	0	0	22	9	4	5	51.70	0		48.378417
40	256	51	0	0	15	16	6	4	4	9.70	0		3.776936
40	253	29	0	8	9	19	8	6	3	45.65	1		4.214967
19	123	79	0	16	0	3	17	6	8	321.39	0		6.729216
19	125	98	0	16	0	11	17	5	4	105.97	0		12.105365
19	121	39	0	16	0	15	7	5	7	97.90	0		7.828919
19	119	1	0	0	15	20	7	4	6	40.42	0		35.160617
19	120	12	0	0	19	5	12	2	6	58.58	0		32.111897
19	122	58	0	0	19	11	12	2	5	57.42	0		52.970724
19	124	88	0	0	21	13	10	2	6	45.97	1		13.013917
48	317	84	0	18	6	0	16	5	7	147.43	0		13.769186
48	313	14	0	17	16	0	11	4	6	119.54	0		13.899965
48	315	39	0	16	0	22	7	5	7	97.90	0		7.828919
48	314	26	0	17	20	0	9	5	5	85.79	0		14.380161
24	156	83	0	17	20	5	9	4	5	51.70	0		48.378417
48	318	89	0	0	19	16	8	2	4	9.10	1		2.049377
37	237	98	0	18	11	0	17	5	4	105.97	0		12.105365
37	233	38	0	28	16	0	8	7	3	53.10	0		10.680166
37	235	51	0	0	15	26	6	4	4	9.70	0		3.776936
37	236	51	0	17	16	6	6	4	4	9.70	0		3.776936
37	232	2	0	0	21	19	12	2	7	17.82	1		2.439977
37	234	43	0	8	9	22	9	6	3	38.30	1		3.341681
24	153	63	0	17	6	7	14	4	7	103.20	0		7.858727
28	184	60	0	17	20	10	12	4	4	73.28	0		10.824960
52	339	25	0	23	0	15	8	6	8	68.10	0		4.754944
48	316	82	0	33	0	0	12	6	7	189.99	1		7.902176
24	151	34	0	17	6	14	12	3	3	37.96	0		44.530993
24	157	90	0	17	6	17	11	3	3	28.70	0		6.456785
24	155	81	0	8	9	25	12	6	5	69.47	1		3.690283
24	150	17	0	28	16	3	8	6	5	29.25	1		1.011932
28	179	4	0	35	6	0	8	7	7	88.63	0		6.780109
28	181	37	0	17	20	14	12	5	5	93.96	0		56.087513
28	183	60	0	17	20	19	12	4	4	73.28	0		10.824960
24	154	74	0	18	11	4	9	4	8	31.15	0		9.635826
28	182	41	0	17	16	10	8	3	5	37.19	0		8.686842
28	180	35	0	17	6	20	11	2	5	11.65	0		11.311992
28	185	91	0	36	13	0	17	7	5	560.85	1		10.241300
29	189	54	0	36	20	0	16	3	8	108.91	0		8.431655
29	187	25	0	31	6	7	8	6	8	68.10	0		4.754944
29	186	5	0	17	20	23	11	3	5	62.92	0		15.533278
29	188	46	0	33	0	7	11	6	4	63	1		2.258989
25	160	20	0	43	6	0	13	5	7	116.12	0		28.034494
25	165	63	0	36	20	8	14	4	7	103.20	0		7.858727
25	163	57	0	31	6	15	9	7	5	69.96	0		16.325476
25	158	3	0	39	6	7	15	5	4	65.78	0		41.727531
25	162	52	0	36	20	15	14	4	5	28.21	0		4.962399
25	164	61	0	17	16	15	8	3	8	32.59	0		9.019452
25	159	11	0	31	6	20	11	3	4	47.03	0		19.948822
25	161	44	0	36	13	5	15	3	3	20.95	1		8.158809
52	343	63	0	36	20	20	14	4	7	103.20	0		7.858727
24	152	60	0	17	11	12	12	4	4	73.28	0		10.824960
52	338	6	0	31	9	20	11	4	7	85.39	0		4.476710
52	340	31	0	23	0	23	9	5	4	23.79	0		12.284270
52	341	50	0	31	6	24	11	3	4	39.05	0		27.233193
52	342	55	0	45	0	0	15	6	7	97.61	1		2.469015


-------------------------------------------------------------------------------------------------------------------
Tour_Id:			5
No_of_Customers:		9
No_of_Items:			63
Customer_Sequence:		42 53 3 9 15 50 26 45 22 

CustId	Id	TypeId	Rotated	x	y	z	Length	Width	Height	mass	Fragility	LoadBearingStrength
22	144	75	0	0	0	0	11	5	5	27.64	0		3.998673
22	142	67	0	0	5	0	13	3	7	38.77	0		6.196436
22	143	68	0	0	8	0	13	5	4	101.41	0		15.957009
22	141	59	0	0	13	0	9	5	5	48.57	0		74.783277
22	140	48	0	0	18	0	11	4	5	85.80	0		13.748944
22	138	31	0	0	8	4	9	5	4	23.79	0		12.284270
22	139	46	0	0	13	5	11	6	4	63	1		2.258989
45	289	28	0	11	13	0	16	6	4	43.72	0		17.727405
45	295	72	0	11	19	0	11	6	5	106.14	0		14.657405
45	287	6	0	0	0	5	11	4	7	85.39	0		4.476710
45	288	21	0	0	19	5	16	3	5	88.23	0		8.441424
45	292	48	0	0	4	7	11	4	5	85.80	0		13.748944
45	293	51	0	0	8	8	6	4	4	9.70	0		3.776936
45	290	40	0	0	12	9	11	6	7	174.29	1		4.392264
45	294	71	0	0	19	10	16	3	5	24.57	1		1.752385
45	291	43	0	0	0	12	9	6	3	38.30	1		3.341681
26	170	85	0	11	13	4	12	6	6	71.60	0		39.684073
26	171	87	0	0	6	12	9	5	8	44.59	0		3.889414
26	166	7	0	13	0	0	16	7	3	61.28	0		8.723946
26	168	76	0	0	6	20	7	6	5	66.15	0		4.870801
26	169	83	0	0	6	25	9	4	5	51.70	0		48.378417
26	167	40	0	0	0	15	11	6	7	174.29	1		4.392264
50	328	33	0	11	13	10	16	6	6	134.85	0		9.531774
50	331	85	0	11	13	16	12	6	6	71.60	0		39.684073
50	330	58	0	11	0	3	12	2	5	57.42	0		52.970724
50	329	47	0	0	0	22	14	6	3	50.92	1		5.880816
50	327	13	0	0	18	15	6	4	8	34.18	1		1.516540
15	97	79	0	13	7	0	17	6	8	321.39	0		6.729216
15	98	84	0	11	13	22	16	5	7	147.43	0		13.769186
15	95	63	0	11	7	8	14	4	7	103.20	0		7.858727
15	96	69	0	9	7	15	11	3	5	144.91	0		55.752716
15	99	92	0	9	7	20	10	3	5	15.87	0		9.215432
15	94	41	0	9	7	25	8	3	5	37.19	0		8.686842
9	58	79	0	22	19	0	17	6	8	321.39	0		6.729216
9	55	8	0	22	19	8	11	5	4	54.05	0		4.065784
9	54	5	0	22	19	12	11	3	5	62.92	0		15.533278
9	57	53	0	23	0	3	7	5	3	23.19	0		12.459892
9	56	47	0	0	0	25	14	6	3	50.92	1		5.880816
3	21	95	0	27	13	0	15	6	8	287.72	0		7.015847
3	16	18	0	27	13	8	17	4	5	131.90	0		16.765086
3	17	18	0	27	13	13	17	4	5	131.90	0		16.765086
3	22	99	0	27	13	18	12	4	3	45.64	0		15.908152
3	14	12	0	11	11	8	12	2	6	58.58	0		32.111897
3	20	58	0	11	11	14	12	2	5	57.42	0		52.970724
3	18	51	0	20	7	15	6	4	4	9.70	0		3.776936
3	19	51	0	20	7	19	6	4	4	9.70	0		3.776936
3	15	17	0	30	0	0	8	6	5	29.25	1		1.011932
53	347	72	0	30	6	0	11	6	5	106.14	0		14.657405
53	348	78	0	27	13	21	16	3	6	48.99	0		3.577455
53	351	97	0	30	6	5	8	7	5	44.96	0		11.641377
53	349	86	0	22	19	17	13	3	7	64.15	0		56.173530
53	345	38	0	30	6	10	8	7	3	53.10	0		10.680166
53	344	11	0	22	19	24	11	3	4	47.03	0		19.948822
53	350	90	0	27	13	27	11	3	3	28.70	0		6.456785
53	346	46	0	38	0	0	11	6	4	63	1		2.258989
42	273	85	0	39	19	0	12	6	6	71.60	0		39.684073
42	269	26	0	23	0	6	9	5	5	85.79	0		14.380161
42	270	32	0	23	0	11	11	3	5	20.35	0		4.881760
42	272	65	0	11	11	19	12	2	5	15.31	0		3.107632
42	274	94	0	14	0	8	7	2	8	109.89	0		53.140398
42	271	47	0	38	0	4	14	6	3	50.92	1		5.880816
42	267	2	0	14	0	16	12	2	7	17.82	1		2.439977
42	268	19	0	30	6	13	7	6	4	52.92	1		2.288523


-------------------------------------------------------------------------------------------------------------------
Tour_Id:			6
No_of_Customers:		9
No_of_Items:			56
Customer_Sequence:		7 33 47 4 35 58 36 1 13 

CustId	Id	TypeId	Rotated	x	y	z	Length	Width	Height	mass	Fragility	LoadBearingStrength
13	81	6	0	0	0	0	11	4	7	85.39	0		4.476710
13	85	52	0	0	4	0	14	4	5	28.21	0		4.962399
13	86	68	0	0	8	0	13	5	4	101.41	0		15.957009
13	83	49	0	0	13	0	10	6	4	98.20	0		23.100380
13	82	26	0	0	19	0	9	5	5	85.79	0		14.380161
13	87	69	0	0	8	4	11	3	5	144.91	0		55.752716
13	88	80	0	0	11	4	7	3	7	35.88	0		24.305523
13	84	50	0	0	14	4	11	3	4	39.05	0		27.233193
1	4	79	0	9	19	0	17	6	8	321.39	0		6.729216
1	1	14	0	0	4	5	11	4	6	119.54	0		13.899965
1	3	62	0	0	0	7	11	3	4	26.08	0		15.166827
1	2	43	0	0	19	5	9	6	3	38.30	1		3.341681
1	5	89	0	0	17	4	8	2	4	9.10	1		2.049377
36	230	42	0	0	0	11	9	5	6	46.01	0		13.422595
36	228	1	0	0	5	11	7	4	6	40.42	0		35.160617
36	229	1	0	0	11	11	7	4	6	40.42	0		35.160617
36	231	55	0	0	15	8	15	6	7	97.61	1		2.469015
58	383	26	0	0	0	17	9	5	5	85.79	0		14.380161
58	387	92	1	0	5	17	10	3	5	15.87	0		9.215432
58	381	12	0	0	9	9	12	2	6	58.58	0		32.111897
58	382	22	0	0	0	22	9	3	5	96.32	0		16.888961
58	384	35	0	0	3	22	11	2	5	11.65	0		11.311992
58	385	40	0	0	15	15	11	6	7	174.29	1		4.392264
58	386	88	0	0	21	8	10	2	6	45.97	1		13.013917
35	224	27	0	13	8	0	15	6	6	186.40	0		17.461102
35	227	85	0	12	9	6	12	6	6	71.60	0		39.684073
35	226	73	0	12	9	12	10	6	6	41.55	0		3.568315
35	225	49	0	12	9	18	10	6	4	98.20	0		23.100380
35	223	11	0	10	21	8	11	3	4	47.03	0		19.948822
4	27	95	0	26	14	0	15	6	8	287.72	0		7.015847
4	26	84	0	26	20	0	16	5	7	147.43	0		13.769186
4	24	53	0	0	0	27	7	5	3	23.19	0		12.459892
4	25	64	0	24	14	8	17	5	8	124.61	1		2.077103
4	23	46	0	0	15	22	11	6	4	63	1		2.258989
47	309	27	0	14	0	0	15	6	6	186.40	0		17.461102
47	311	73	0	12	9	22	10	6	6	41.55	0		3.568315
47	312	98	0	11	0	6	17	5	4	105.97	0		12.105365
47	305	6	0	10	21	12	11	4	7	85.39	0		4.476710
47	306	6	0	10	21	19	11	4	7	85.39	0		4.476710
47	310	42	0	11	0	10	9	5	6	46.01	0		13.422595
47	308	22	1	0	5	22	9	3	5	96.32	0		16.888961
47	307	11	0	9	0	16	11	3	4	47.03	0		19.948822
33	212	78	0	26	20	7	16	3	6	48.99	0		3.577455
33	207	52	0	26	20	13	14	4	5	28.21	0		4.962399
33	210	70	0	14	6	0	15	2	8	34.82	0		7.518418
33	206	49	0	28	8	0	10	6	4	98.20	0		23.100380
33	209	59	0	20	0	10	9	5	5	48.57	0		74.783277
33	211	76	0	20	0	15	7	6	5	66.15	0		4.870801
33	213	83	0	11	0	20	9	4	5	51.70	0		48.378417
33	205	12	0	11	6	8	12	2	6	58.58	0		32.111897
33	208	53	0	11	0	25	7	5	3	23.19	0		12.459892
7	46	95	0	29	0	0	15	6	8	287.72	0		7.015847
7	42	12	0	11	6	14	12	2	6	58.58	0		32.111897
7	45	65	0	11	6	20	12	2	5	15.31	0		3.107632
7	44	47	0	0	15	26	14	6	3	50.92	1		5.880816
7	43	43	0	20	0	20	9	6	3	38.30	1		3.341681


-------------------------------------------------------------------------------------------------------------------
Tour_Id:			7
No_of_Customers:		3
No_of_Items:			23
Customer_Sequence:		16 8 54 

CustId	Id	TypeId	Rotated	x	y	z	Length	Width	Height	mass	Fragility	LoadBearingStrength
54	360	95	0	0	0	0	15	6	8	287.72	0		7.015847
54	358	85	0	0	6	0	12	6	6	71.60	0		39.684073
54	353	30	0	0	12	0	12	5	7	74.12	0		14.024608
54	359	87	0	0	17	0	9	5	8	44.59	0		3.889414
54	352	14	0	0	6	6	11	4	6	119.54	0		13.899965
54	354	45	0	0	12	7	9	4	7	42.38	0		4.209885
54	355	45	0	0	0	8	9	4	7	42.38	0		4.209885
54	357	76	0	0	16	8	7	6	5	66.15	0		4.870801
54	356	50	0	0	22	0	11	3	4	39.05	0		27.233193
8	53	98	0	9	17	0	17	5	4	105.97	0		12.105365
8	51	57	0	9	17	4	9	7	5	69.96	0		16.325476
8	48	37	0	7	17	9	12	5	5	93.96	0		56.087513
8	52	70	0	0	10	6	15	2	8	34.82	0		7.518418
8	49	48	0	0	6	12	11	4	5	85.80	0		13.748944
8	47	5	0	0	10	14	11	3	5	62.92	0		15.533278
8	50	53	0	0	16	13	7	5	3	23.19	0		12.459892
16	102	27	0	15	0	0	15	6	6	186.40	0		17.461102
16	100	4	0	15	6	0	8	7	7	88.63	0		6.780109
16	106	59	0	0	0	15	9	5	5	48.57	0		74.783277
16	101	22	0	0	13	14	9	3	5	96.32	0		16.888961
16	103	41	0	0	16	16	8	3	5	37.19	0		8.686842
16	105	46	0	0	10	19	11	6	4	63	1		2.258989
16	104	43	0	0	0	20	9	6	3	38.30	1		3.341681


