Name:				422_n060_m400_bt3
Problem:			3L-VRPTW
Number_of_used_Vehicles:	27
Total_Travel_Distance:		1922.61
Calculation_Time:		436.72
Total_Iterations:		19999
ConstraintSet:			P1

-------------------------------------------------------------------------------------------------------------------
Tour_Id:			1
No_of_Customers:		2
No_of_Items:			16
Customer_Sequence:		47 7 

CustId	Id	TypeId	Rotated	x	y	z	Length	Width	Height	mass	Fragility	LoadBearingStrength
7	42	2	0	0	0	0	15	13	13	490.22	0		64.415974
7	43	2	0	0	0	13	15	13	13	490.22	0		64.415974
7	44	2	0	15	0	0	15	13	13	490.22	0		64.415974
7	45	3	0	0	13	0	30	8	10	513.43	0		20.853856
7	46	3	0	0	13	10	30	8	10	513.43	0		20.853856
7	40	1	0	0	13	20	12	10	9	320.57	1		5.073620
7	48	3	0	30	0	0	30	8	10	513.43	0		20.853856
7	47	3	0	30	8	0	30	8	10	513.43	0		20.853856
7	41	1	0	12	13	20	12	10	9	320.57	1		5.073620
47	317	2	0	15	0	13	15	13	13	490.22	0		64.415974
47	318	2	0	30	0	10	15	13	13	490.22	0		64.415974
47	319	2	0	45	0	10	15	13	13	490.22	0		64.415974
47	320	3	0	30	16	0	30	8	10	513.43	0		20.853856
47	321	3	0	30	13	10	30	8	10	513.43	0		20.853856
47	315	1	0	24	13	20	12	10	9	320.57	1		5.073620
47	316	1	0	36	13	20	12	10	9	320.57	1		5.073620


-------------------------------------------------------------------------------------------------------------------
Tour_Id:			2
No_of_Customers:		2
No_of_Items:			14
Customer_Sequence:		23 30 

CustId	Id	TypeId	Rotated	x	y	z	Length	Width	Height	mass	Fragility	LoadBearingStrength
30	202	2	0	0	0	0	15	13	13	490.22	0		64.415974
30	203	2	0	0	0	13	15	13	13	490.22	0		64.415974
30	204	2	0	15	0	0	15	13	13	490.22	0		64.415974
30	205	2	0	15	0	13	15	13	13	490.22	0		64.415974
30	206	3	0	0	13	0	30	8	10	513.43	0		20.853856
30	207	3	0	0	13	10	30	8	10	513.43	0		20.853856
30	201	1	0	0	13	20	12	10	9	320.57	1		5.073620
23	145	2	0	30	0	0	15	13	13	490.22	0		64.415974
23	146	2	0	30	0	13	15	13	13	490.22	0		64.415974
23	147	2	0	45	0	0	15	13	13	490.22	0		64.415974
23	148	3	0	30	13	0	30	8	10	513.43	0		20.853856
23	149	3	0	30	13	10	30	8	10	513.43	0		20.853856
23	150	3	0	12	13	20	30	8	10	513.43	0		20.853856
23	144	1	0	42	13	20	12	10	9	320.57	1		5.073620


-------------------------------------------------------------------------------------------------------------------
Tour_Id:			3
No_of_Customers:		2
No_of_Items:			15
Customer_Sequence:		20 55 

CustId	Id	TypeId	Rotated	x	y	z	Length	Width	Height	mass	Fragility	LoadBearingStrength
55	369	2	0	0	0	0	15	13	13	490.22	0		64.415974
55	370	2	0	0	0	13	15	13	13	490.22	0		64.415974
55	371	3	0	0	13	0	30	8	10	513.43	0		20.853856
20	129	3	0	0	13	10	30	8	10	513.43	0		20.853856
55	367	1	0	15	0	0	12	10	9	320.57	1		5.073620
55	368	1	0	15	0	9	12	10	9	320.57	1		5.073620
20	124	2	0	27	0	0	15	13	13	490.22	0		64.415974
20	125	2	0	27	0	13	15	13	13	490.22	0		64.415974
20	126	2	0	42	0	0	15	13	13	490.22	0		64.415974
20	127	2	0	42	0	13	15	13	13	490.22	0		64.415974
20	123	1	0	0	13	20	12	10	9	320.57	1		5.073620
55	366	1	0	15	0	18	12	10	9	320.57	1		5.073620
20	130	3	0	30	13	0	30	8	10	513.43	0		20.853856
20	131	3	0	30	13	10	30	8	10	513.43	0		20.853856
20	128	3	0	12	13	20	30	8	10	513.43	0		20.853856


-------------------------------------------------------------------------------------------------------------------
Tour_Id:			4
No_of_Customers:		3
No_of_Items:			17
Customer_Sequence:		15 36 10 

CustId	Id	TypeId	Rotated	x	y	z	Length	Width	Height	mass	Fragility	LoadBearingStrength
10	64	3	0	0	0	0	30	8	10	513.43	0		20.853856
10	63	3	0	0	8	0	30	8	10	513.43	0		20.853856
10	62	2	0	0	0	10	15	13	13	490.22	0		64.415974
10	61	1	0	15	0	10	12	10	9	320.57	1		5.073620
36	248	2	0	30	0	0	15	13	13	490.22	0		64.415974
15	93	1	0	15	0	19	12	10	9	320.57	1		5.073620
15	94	2	0	27	0	13	15	13	13	490.22	0		64.415974
36	251	3	0	0	16	0	30	8	10	513.43	0		20.853856
36	249	2	0	45	0	0	15	13	13	490.22	0		64.415974
36	244	1	0	0	13	10	12	10	9	320.57	1		5.073620
36	252	3	0	30	13	0	30	8	10	513.43	0		20.853856
36	246	1	0	0	13	19	12	10	9	320.57	1		5.073620
36	247	1	0	12	13	10	12	10	9	320.57	1		5.073620
36	250	3	0	24	13	10	30	8	10	513.43	0		20.853856
15	95	3	0	24	13	20	30	8	10	513.43	0		20.853856
15	92	1	0	42	0	13	12	10	9	320.57	1		5.073620
36	245	1	0	12	13	19	12	10	9	320.57	1		5.073620


-------------------------------------------------------------------------------------------------------------------
Tour_Id:			5
No_of_Customers:		2
No_of_Items:			16
Customer_Sequence:		17 31 

CustId	Id	TypeId	Rotated	x	y	z	Length	Width	Height	mass	Fragility	LoadBearingStrength
31	211	2	0	0	0	0	15	13	13	490.22	0		64.415974
31	212	2	0	0	0	13	15	13	13	490.22	0		64.415974
31	213	2	0	15	0	0	15	13	13	490.22	0		64.415974
31	214	3	0	0	13	0	30	8	10	513.43	0		20.853856
31	210	1	0	0	13	10	12	10	9	320.57	1		5.073620
31	216	3	0	30	0	0	30	8	10	513.43	0		20.853856
31	208	1	0	0	13	19	12	10	9	320.57	1		5.073620
31	209	1	0	12	13	10	12	10	9	320.57	1		5.073620
31	215	3	0	30	8	0	30	8	10	513.43	0		20.853856
17	104	2	0	15	0	13	15	13	13	490.22	0		64.415974
17	105	2	0	30	0	10	15	13	13	490.22	0		64.415974
17	106	2	0	45	0	10	15	13	13	490.22	0		64.415974
17	107	3	0	30	16	0	30	8	10	513.43	0		20.853856
17	108	3	0	24	13	10	30	8	10	513.43	0		20.853856
17	109	3	0	24	13	20	30	8	10	513.43	0		20.853856
17	103	1	0	12	13	19	12	10	9	320.57	1		5.073620


-------------------------------------------------------------------------------------------------------------------
Tour_Id:			6
No_of_Customers:		2
No_of_Items:			15
Customer_Sequence:		48 26 

CustId	Id	TypeId	Rotated	x	y	z	Length	Width	Height	mass	Fragility	LoadBearingStrength
26	170	2	0	0	0	0	15	13	13	490.22	0		64.415974
26	171	2	0	0	0	13	15	13	13	490.22	0		64.415974
26	172	3	0	0	13	0	30	8	10	513.43	0		20.853856
26	173	3	0	0	13	10	30	8	10	513.43	0		20.853856
26	174	3	0	0	13	20	30	8	10	513.43	0		20.853856
26	175	3	0	15	0	0	30	8	10	513.43	0		20.853856
26	176	3	0	15	0	10	30	8	10	513.43	0		20.853856
26	168	1	0	15	0	20	12	10	9	320.57	1		5.073620
26	169	1	0	27	0	20	12	10	9	320.57	1		5.073620
48	324	2	0	45	0	0	15	13	13	490.22	0		64.415974
48	325	2	0	45	0	13	15	13	13	490.22	0		64.415974
48	326	3	0	30	13	0	30	8	10	513.43	0		20.853856
48	327	3	0	30	13	10	30	8	10	513.43	0		20.853856
48	322	1	0	30	13	20	12	10	9	320.57	1		5.073620
48	323	1	0	42	13	20	12	10	9	320.57	1		5.073620


-------------------------------------------------------------------------------------------------------------------
Tour_Id:			7
No_of_Customers:		2
No_of_Items:			14
Customer_Sequence:		32 27 

CustId	Id	TypeId	Rotated	x	y	z	Length	Width	Height	mass	Fragility	LoadBearingStrength
27	180	2	0	0	0	0	15	13	13	490.22	0		64.415974
27	181	2	0	0	0	13	15	13	13	490.22	0		64.415974
27	182	2	0	15	0	0	15	13	13	490.22	0		64.415974
27	183	3	0	0	13	0	30	8	10	513.43	0		20.853856
27	179	1	0	0	13	10	12	10	9	320.57	1		5.073620
27	185	3	0	30	0	0	30	8	10	513.43	0		20.853856
27	177	1	0	0	13	19	12	10	9	320.57	1		5.073620
27	178	1	0	12	13	10	12	10	9	320.57	1		5.073620
27	184	3	0	30	8	0	30	8	10	513.43	0		20.853856
32	218	2	0	15	0	13	15	13	13	490.22	0		64.415974
32	219	2	0	30	0	10	15	13	13	490.22	0		64.415974
32	220	2	0	45	0	10	15	13	13	490.22	0		64.415974
32	221	3	0	30	16	0	30	8	10	513.43	0		20.853856
32	217	1	0	12	13	19	12	10	9	320.57	1		5.073620


-------------------------------------------------------------------------------------------------------------------
Tour_Id:			8
No_of_Customers:		2
No_of_Items:			17
Customer_Sequence:		52 50 

CustId	Id	TypeId	Rotated	x	y	z	Length	Width	Height	mass	Fragility	LoadBearingStrength
50	337	2	0	0	0	0	15	13	13	490.22	0		64.415974
52	354	2	0	0	0	13	15	13	13	490.22	0		64.415974
52	349	2	0	15	0	0	15	13	13	490.22	0		64.415974
50	338	3	0	0	13	0	30	8	10	513.43	0		20.853856
50	341	3	0	0	13	10	30	8	10	513.43	0		20.853856
50	336	1	0	0	13	20	12	10	9	320.57	1		5.073620
50	340	3	0	30	13	0	30	8	10	513.43	0		20.853856
52	352	2	0	15	0	13	15	13	13	490.22	0		64.415974
50	335	1	0	12	13	20	12	10	9	320.57	1		5.073620
52	348	2	0	30	0	0	15	13	13	490.22	0		64.415974
50	339	3	0	30	13	10	30	8	10	513.43	0		20.853856
52	351	2	0	30	0	13	15	13	13	490.22	0		64.415974
50	334	1	0	24	13	20	12	10	9	320.57	1		5.073620
52	350	2	0	45	0	0	15	13	13	490.22	0		64.415974
52	353	2	0	45	0	13	15	13	13	490.22	0		64.415974
52	346	1	0	36	13	20	12	10	9	320.57	1		5.073620
52	347	1	0	48	13	20	12	10	9	320.57	1		5.073620


-------------------------------------------------------------------------------------------------------------------
Tour_Id:			9
No_of_Customers:		2
No_of_Items:			14
Customer_Sequence:		12 18 

CustId	Id	TypeId	Rotated	x	y	z	Length	Width	Height	mass	Fragility	LoadBearingStrength
18	112	2	0	0	0	0	15	13	13	490.22	0		64.415974
18	113	2	0	0	0	13	15	13	13	490.22	0		64.415974
18	114	3	0	0	13	0	30	8	10	513.43	0		20.853856
18	115	3	0	0	13	10	30	8	10	513.43	0		20.853856
18	116	3	0	0	13	20	30	8	10	513.43	0		20.853856
18	117	3	0	15	0	0	30	8	10	513.43	0		20.853856
18	118	3	0	15	0	10	30	8	10	513.43	0		20.853856
18	110	1	0	15	0	20	12	10	9	320.57	1		5.073620
18	111	1	0	27	0	20	12	10	9	320.57	1		5.073620
12	75	2	0	45	0	0	15	13	13	490.22	0		64.415974
12	76	3	0	30	13	0	30	8	10	513.43	0		20.853856
12	72	1	0	30	13	10	12	10	9	320.57	1		5.073620
12	73	1	1	30	10	19	12	10	9	320.57	1		5.073620
12	74	1	0	42	13	10	12	10	9	320.57	1		5.073620


-------------------------------------------------------------------------------------------------------------------
Tour_Id:			10
No_of_Customers:		2
No_of_Items:			14
Customer_Sequence:		13 38 

CustId	Id	TypeId	Rotated	x	y	z	Length	Width	Height	mass	Fragility	LoadBearingStrength
38	259	3	0	0	0	0	30	8	10	513.43	0		20.853856
38	260	3	0	0	8	0	30	8	10	513.43	0		20.853856
38	261	3	0	0	16	0	30	8	10	513.43	0		20.853856
38	262	3	0	0	0	10	30	8	10	513.43	0		20.853856
38	258	1	0	0	8	10	12	10	9	320.57	1		5.073620
13	79	2	0	12	8	10	15	13	13	490.22	0		64.415974
13	80	2	0	30	0	0	15	13	13	490.22	0		64.415974
13	81	2	0	30	0	13	15	13	13	490.22	0		64.415974
13	82	3	0	0	0	20	30	8	10	513.43	0		20.853856
13	83	3	0	30	13	0	30	8	10	513.43	0		20.853856
13	84	3	0	27	13	10	30	8	10	513.43	0		20.853856
13	85	3	0	27	13	20	30	8	10	513.43	0		20.853856
13	77	1	0	0	8	19	12	10	9	320.57	1		5.073620
13	78	1	0	45	0	0	12	10	9	320.57	1		5.073620


-------------------------------------------------------------------------------------------------------------------
Tour_Id:			11
No_of_Customers:		3
No_of_Items:			12
Customer_Sequence:		51 58 57 

CustId	Id	TypeId	Rotated	x	y	z	Length	Width	Height	mass	Fragility	LoadBearingStrength
57	382	3	0	0	0	0	30	8	10	513.43	0		20.853856
57	383	3	0	0	8	0	30	8	10	513.43	0		20.853856
57	381	1	0	0	0	10	12	10	9	320.57	1		5.073620
58	386	2	0	12	0	10	15	13	13	490.22	0		64.415974
58	387	2	0	30	0	0	15	13	13	490.22	0		64.415974
58	388	3	0	0	16	0	30	8	10	513.43	0		20.853856
58	384	1	0	0	10	10	12	10	9	320.57	1		5.073620
58	385	1	0	0	0	19	12	10	9	320.57	1		5.073620
51	342	2	0	27	0	13	15	13	13	490.22	0		64.415974
51	343	2	0	45	0	0	15	13	13	490.22	0		64.415974
51	344	3	0	30	13	0	30	8	10	513.43	0		20.853856
51	345	3	0	12	13	10	30	8	10	513.43	0		20.853856


-------------------------------------------------------------------------------------------------------------------
Tour_Id:			12
No_of_Customers:		2
No_of_Items:			16
Customer_Sequence:		56 16 

CustId	Id	TypeId	Rotated	x	y	z	Length	Width	Height	mass	Fragility	LoadBearingStrength
16	100	2	0	0	0	0	15	13	13	490.22	0		64.415974
16	101	2	0	0	0	13	15	13	13	490.22	0		64.415974
16	102	3	0	0	13	0	30	8	10	513.43	0		20.853856
16	96	1	0	0	13	10	12	10	9	320.57	1		5.073620
16	97	1	0	0	13	19	12	10	9	320.57	1		5.073620
16	98	1	0	12	13	10	12	10	9	320.57	1		5.073620
16	99	1	0	12	13	19	12	10	9	320.57	1		5.073620
56	376	2	0	15	0	0	15	13	13	490.22	0		64.415974
56	377	2	0	15	0	13	15	13	13	490.22	0		64.415974
56	378	3	0	30	0	0	30	8	10	513.43	0		20.853856
56	379	3	0	30	8	0	30	8	10	513.43	0		20.853856
56	380	3	0	30	16	0	30	8	10	513.43	0		20.853856
56	372	1	0	24	13	10	12	10	9	320.57	1		5.073620
56	373	1	0	24	13	19	12	10	9	320.57	1		5.073620
56	374	1	0	30	0	10	12	10	9	320.57	1		5.073620
56	375	1	0	30	0	19	12	10	9	320.57	1		5.073620


-------------------------------------------------------------------------------------------------------------------
Tour_Id:			13
No_of_Customers:		2
No_of_Items:			13
Customer_Sequence:		21 49 

CustId	Id	TypeId	Rotated	x	y	z	Length	Width	Height	mass	Fragility	LoadBearingStrength
49	329	2	0	0	0	0	15	13	13	490.22	0		64.415974
49	330	2	0	0	0	13	15	13	13	490.22	0		64.415974
49	331	3	0	0	13	0	30	8	10	513.43	0		20.853856
49	332	3	0	0	13	10	30	8	10	513.43	0		20.853856
49	333	3	0	0	13	20	30	8	10	513.43	0		20.853856
49	328	1	0	15	0	0	12	10	9	320.57	1		5.073620
21	134	2	0	27	0	0	15	13	13	490.22	0		64.415974
21	135	2	0	27	0	13	15	13	13	490.22	0		64.415974
21	136	2	0	42	0	0	15	13	13	490.22	0		64.415974
21	137	3	0	30	13	0	30	8	10	513.43	0		20.853856
21	138	3	0	30	13	10	30	8	10	513.43	0		20.853856
21	132	1	0	15	0	9	12	10	9	320.57	1		5.073620
21	133	1	0	15	0	18	12	10	9	320.57	1		5.073620


-------------------------------------------------------------------------------------------------------------------
Tour_Id:			14
No_of_Customers:		2
No_of_Items:			15
Customer_Sequence:		39 41 

CustId	Id	TypeId	Rotated	x	y	z	Length	Width	Height	mass	Fragility	LoadBearingStrength
41	282	3	0	0	0	0	30	8	10	513.43	0		20.853856
41	280	3	0	0	8	0	30	8	10	513.43	0		20.853856
41	278	1	0	0	0	10	12	10	9	320.57	1		5.073620
41	279	2	0	12	0	10	15	13	13	490.22	0		64.415974
41	283	3	0	0	16	0	30	8	10	513.43	0		20.853856
41	276	1	0	0	10	10	12	10	9	320.57	1		5.073620
41	277	1	0	0	0	19	12	10	9	320.57	1		5.073620
39	266	3	0	30	0	0	30	8	10	513.43	0		20.853856
41	281	3	0	30	8	0	30	8	10	513.43	0		20.853856
39	265	2	0	27	0	10	15	13	13	490.22	0		64.415974
39	264	2	0	42	0	10	15	13	13	490.22	0		64.415974
39	267	3	0	12	13	10	30	8	10	513.43	0		20.853856
39	268	3	0	12	13	20	30	8	10	513.43	0		20.853856
39	269	3	0	30	16	0	30	8	10	513.43	0		20.853856
39	263	1	0	42	13	10	12	10	9	320.57	1		5.073620


-------------------------------------------------------------------------------------------------------------------
Tour_Id:			15
No_of_Customers:		2
No_of_Items:			15
Customer_Sequence:		24 45 

CustId	Id	TypeId	Rotated	x	y	z	Length	Width	Height	mass	Fragility	LoadBearingStrength
45	304	2	0	0	0	0	15	13	13	490.22	0		64.415974
45	305	2	0	0	0	13	15	13	13	490.22	0		64.415974
45	306	2	0	15	0	0	15	13	13	490.22	0		64.415974
45	307	2	0	15	0	13	15	13	13	490.22	0		64.415974
45	308	2	0	30	0	0	15	13	13	490.22	0		64.415974
45	309	3	0	0	13	0	30	8	10	513.43	0		20.853856
24	153	2	0	30	0	13	15	13	13	490.22	0		64.415974
24	154	2	0	45	0	0	15	13	13	490.22	0		64.415974
24	155	2	0	45	0	13	15	13	13	490.22	0		64.415974
24	156	3	0	0	13	10	30	8	10	513.43	0		20.853856
24	157	3	0	0	13	20	30	8	10	513.43	0		20.853856
24	158	3	0	30	13	0	30	8	10	513.43	0		20.853856
24	159	3	0	30	13	10	30	8	10	513.43	0		20.853856
24	151	1	0	30	13	20	12	10	9	320.57	1		5.073620
24	152	1	0	42	13	20	12	10	9	320.57	1		5.073620


-------------------------------------------------------------------------------------------------------------------
Tour_Id:			16
No_of_Customers:		2
No_of_Items:			15
Customer_Sequence:		43 5 

CustId	Id	TypeId	Rotated	x	y	z	Length	Width	Height	mass	Fragility	LoadBearingStrength
5	33	3	0	0	0	0	30	8	10	513.43	0		20.853856
5	29	3	0	0	8	0	30	8	10	513.43	0		20.853856
5	26	1	0	0	0	10	12	10	9	320.57	1		5.073620
5	31	3	0	0	16	0	30	8	10	513.43	0		20.853856
5	28	2	0	0	10	10	15	13	13	490.22	0		64.415974
43	290	1	0	0	0	19	12	10	9	320.57	1		5.073620
5	34	3	0	30	0	0	30	8	10	513.43	0		20.853856
5	30	3	0	30	8	0	30	8	10	513.43	0		20.853856
5	27	1	0	12	0	10	12	10	9	320.57	1		5.073620
43	289	1	0	12	0	19	12	10	9	320.57	1		5.073620
43	294	3	0	15	10	10	30	8	10	513.43	0		20.853856
43	293	3	0	15	10	20	30	8	10	513.43	0		20.853856
5	32	3	0	30	16	0	30	8	10	513.43	0		20.853856
43	291	1	0	24	0	10	12	10	9	320.57	1		5.073620
43	292	1	0	24	0	19	12	10	9	320.57	1		5.073620


-------------------------------------------------------------------------------------------------------------------
Tour_Id:			17
No_of_Customers:		2
No_of_Items:			14
Customer_Sequence:		29 46 

CustId	Id	TypeId	Rotated	x	y	z	Length	Width	Height	mass	Fragility	LoadBearingStrength
46	312	2	0	0	0	0	15	13	13	490.22	0		64.415974
46	313	2	0	0	0	13	15	13	13	490.22	0		64.415974
46	314	3	0	0	13	0	30	8	10	513.43	0		20.853856
46	310	1	0	0	13	10	12	10	9	320.57	1		5.073620
46	311	1	0	0	13	19	12	10	9	320.57	1		5.073620
29	195	2	0	15	0	0	15	13	13	490.22	0		64.415974
29	196	2	0	15	0	13	15	13	13	490.22	0		64.415974
29	197	2	0	30	0	0	15	13	13	490.22	0		64.415974
29	198	3	0	30	13	0	30	8	10	513.43	0		20.853856
29	199	3	0	12	13	10	30	8	10	513.43	0		20.853856
29	200	3	0	12	13	20	30	8	10	513.43	0		20.853856
29	192	1	0	30	0	13	12	10	9	320.57	1		5.073620
29	193	1	0	42	13	10	12	10	9	320.57	1		5.073620
29	194	1	0	42	13	19	12	10	9	320.57	1		5.073620


-------------------------------------------------------------------------------------------------------------------
Tour_Id:			18
No_of_Customers:		2
No_of_Items:			15
Customer_Sequence:		14 33 

CustId	Id	TypeId	Rotated	x	y	z	Length	Width	Height	mass	Fragility	LoadBearingStrength
33	225	2	0	0	0	0	15	13	13	490.22	0		64.415974
33	226	2	0	0	0	13	15	13	13	490.22	0		64.415974
33	230	3	0	0	13	0	30	8	10	513.43	0		20.853856
33	228	3	0	0	13	10	30	8	10	513.43	0		20.853856
33	223	1	0	0	13	20	12	10	9	320.57	1		5.073620
33	227	2	0	15	0	0	15	13	13	490.22	0		64.415974
33	222	1	0	12	13	20	12	10	9	320.57	1		5.073620
33	229	3	0	30	0	0	30	8	10	513.43	0		20.853856
33	224	1	0	15	0	13	12	10	9	320.57	1		5.073620
14	88	2	0	30	8	0	15	13	13	490.22	0		64.415974
14	89	2	0	30	8	13	15	13	13	490.22	0		64.415974
14	90	3	0	30	0	10	30	8	10	513.43	0		20.853856
14	91	3	0	27	0	20	30	8	10	513.43	0		20.853856
14	86	1	0	45	8	0	12	10	9	320.57	1		5.073620
14	87	1	0	45	8	9	12	10	9	320.57	1		5.073620


-------------------------------------------------------------------------------------------------------------------
Tour_Id:			19
No_of_Customers:		2
No_of_Items:			12
Customer_Sequence:		40 28 

CustId	Id	TypeId	Rotated	x	y	z	Length	Width	Height	mass	Fragility	LoadBearingStrength
28	189	2	0	0	0	0	15	13	13	490.22	0		64.415974
28	190	2	0	0	0	13	15	13	13	490.22	0		64.415974
28	191	3	0	0	13	0	30	8	10	513.43	0		20.853856
28	186	1	0	0	13	10	12	10	9	320.57	1		5.073620
28	187	1	0	0	13	19	12	10	9	320.57	1		5.073620
28	188	1	0	12	13	10	12	10	9	320.57	1		5.073620
40	270	2	0	15	0	0	15	13	13	490.22	0		64.415974
40	271	2	0	15	0	13	15	13	13	490.22	0		64.415974
40	272	2	0	30	0	0	15	13	13	490.22	0		64.415974
40	273	3	0	30	13	0	30	8	10	513.43	0		20.853856
40	274	3	0	24	13	10	30	8	10	513.43	0		20.853856
40	275	3	0	24	13	20	30	8	10	513.43	0		20.853856


-------------------------------------------------------------------------------------------------------------------
Tour_Id:			20
No_of_Customers:		2
No_of_Items:			16
Customer_Sequence:		53 25 

CustId	Id	TypeId	Rotated	x	y	z	Length	Width	Height	mass	Fragility	LoadBearingStrength
25	166	3	0	0	0	0	30	8	10	513.43	0		20.853856
25	164	3	0	0	8	0	30	8	10	513.43	0		20.853856
25	165	3	0	0	16	0	30	8	10	513.43	0		20.853856
25	163	2	0	0	0	10	15	13	13	490.22	0		64.415974
25	167	3	0	0	13	10	30	8	10	513.43	0		20.853856
25	160	1	0	0	13	20	12	10	9	320.57	1		5.073620
25	161	1	0	12	13	20	12	10	9	320.57	1		5.073620
25	162	1	0	15	0	10	12	10	9	320.57	1		5.073620
53	357	2	0	30	0	0	15	13	13	490.22	0		64.415974
53	358	2	0	27	0	13	15	13	13	490.22	0		64.415974
53	359	2	0	45	0	0	15	13	13	490.22	0		64.415974
53	360	2	0	42	0	13	15	13	13	490.22	0		64.415974
53	361	3	0	30	13	0	30	8	10	513.43	0		20.853856
53	362	3	0	30	13	10	30	8	10	513.43	0		20.853856
53	355	1	0	15	0	19	12	10	9	320.57	1		5.073620
53	356	1	0	24	13	20	12	10	9	320.57	1		5.073620


-------------------------------------------------------------------------------------------------------------------
Tour_Id:			21
No_of_Customers:		3
No_of_Items:			16
Customer_Sequence:		54 1 6 

CustId	Id	TypeId	Rotated	x	y	z	Length	Width	Height	mass	Fragility	LoadBearingStrength
6	36	2	0	0	0	0	15	13	13	490.22	0		64.415974
6	37	3	0	0	13	0	30	8	10	513.43	0		20.853856
6	38	3	0	0	13	10	30	8	10	513.43	0		20.853856
6	39	3	0	0	13	20	30	8	10	513.43	0		20.853856
6	35	1	0	0	0	13	12	10	9	320.57	1		5.073620
1	5	2	0	15	0	0	15	13	13	490.22	0		64.415974
1	6	2	0	12	0	13	15	13	13	490.22	0		64.415974
1	7	3	0	30	0	0	30	8	10	513.43	0		20.853856
1	8	3	0	30	8	0	30	8	10	513.43	0		20.853856
1	1	1	0	30	0	10	12	10	9	320.57	1		5.073620
1	2	1	0	27	0	19	12	10	9	320.57	1		5.073620
1	3	1	0	42	0	10	12	10	9	320.57	1		5.073620
1	4	1	0	39	0	19	12	10	9	320.57	1		5.073620
54	364	3	0	30	16	0	30	8	10	513.43	0		20.853856
54	365	3	0	30	10	10	30	8	10	513.43	0		20.853856
54	363	1	0	30	10	20	12	10	9	320.57	1		5.073620


-------------------------------------------------------------------------------------------------------------------
Tour_Id:			22
No_of_Customers:		2
No_of_Items:			14
Customer_Sequence:		44 8 

CustId	Id	TypeId	Rotated	x	y	z	Length	Width	Height	mass	Fragility	LoadBearingStrength
8	50	2	0	0	0	0	15	13	13	490.22	0		64.415974
8	51	2	0	0	0	13	15	13	13	490.22	0		64.415974
8	52	2	0	15	0	0	15	13	13	490.22	0		64.415974
8	53	3	0	0	13	0	30	8	10	513.43	0		20.853856
8	49	1	0	0	13	10	12	10	9	320.57	1		5.073620
44	297	2	0	15	0	13	15	13	13	490.22	0		64.415974
44	298	2	0	30	0	0	15	13	13	490.22	0		64.415974
44	299	2	0	30	0	13	15	13	13	490.22	0		64.415974
44	300	2	0	45	0	0	15	13	13	490.22	0		64.415974
44	301	3	0	30	13	0	30	8	10	513.43	0		20.853856
44	302	3	0	12	13	10	30	8	10	513.43	0		20.853856
44	303	3	0	12	13	20	30	8	10	513.43	0		20.853856
44	295	1	0	0	13	19	12	10	9	320.57	1		5.073620
44	296	1	0	42	13	10	12	10	9	320.57	1		5.073620


-------------------------------------------------------------------------------------------------------------------
Tour_Id:			23
No_of_Customers:		3
No_of_Items:			14
Customer_Sequence:		37 19 4 

CustId	Id	TypeId	Rotated	x	y	z	Length	Width	Height	mass	Fragility	LoadBearingStrength
4	21	2	0	0	0	0	15	13	13	490.22	0		64.415974
4	22	2	0	0	0	13	15	13	13	490.22	0		64.415974
4	23	3	0	0	13	0	30	8	10	513.43	0		20.853856
4	24	3	0	0	13	10	30	8	10	513.43	0		20.853856
4	25	3	0	0	13	20	30	8	10	513.43	0		20.853856
19	120	2	0	15	0	0	15	13	13	490.22	0		64.415974
19	121	2	0	15	0	13	15	13	13	490.22	0		64.415974
19	122	3	0	30	0	0	30	8	10	513.43	0		20.853856
19	119	1	0	30	8	0	12	10	9	320.57	1		5.073620
37	254	2	0	42	8	0	15	13	13	490.22	0		64.415974
37	255	2	0	42	8	13	15	13	13	490.22	0		64.415974
37	256	3	0	30	0	10	30	8	10	513.43	0		20.853856
37	257	3	0	30	0	20	30	8	10	513.43	0		20.853856
37	253	1	0	30	8	9	12	10	9	320.57	1		5.073620


-------------------------------------------------------------------------------------------------------------------
Tour_Id:			24
No_of_Customers:		3
No_of_Items:			17
Customer_Sequence:		42 9 22 

CustId	Id	TypeId	Rotated	x	y	z	Length	Width	Height	mass	Fragility	LoadBearingStrength
22	142	3	0	0	0	0	30	8	10	513.43	0		20.853856
22	143	3	0	0	8	0	30	8	10	513.43	0		20.853856
22	139	1	0	0	0	10	12	10	9	320.57	1		5.073620
22	140	1	0	0	0	19	12	10	9	320.57	1		5.073620
22	141	1	0	12	0	10	12	10	9	320.57	1		5.073620
9	55	2	0	30	0	0	15	13	13	490.22	0		64.415974
9	56	2	0	30	0	13	15	13	13	490.22	0		64.415974
9	57	2	0	45	0	0	15	13	13	490.22	0		64.415974
9	58	3	0	0	16	0	30	8	10	513.43	0		20.853856
9	59	3	0	0	10	10	30	8	10	513.43	0		20.853856
9	60	3	0	0	10	20	30	8	10	513.43	0		20.853856
9	54	1	0	12	0	19	12	10	9	320.57	1		5.073620
42	287	2	0	45	0	13	15	13	13	490.22	0		64.415974
42	288	3	0	30	13	0	30	8	10	513.43	0		20.853856
42	284	1	0	30	13	10	12	10	9	320.57	1		5.073620
42	285	1	0	30	13	19	12	10	9	320.57	1		5.073620
42	286	1	0	42	13	10	12	10	9	320.57	1		5.073620


-------------------------------------------------------------------------------------------------------------------
Tour_Id:			25
No_of_Customers:		3
No_of_Items:			15
Customer_Sequence:		2 34 60 

CustId	Id	TypeId	Rotated	x	y	z	Length	Width	Height	mass	Fragility	LoadBearingStrength
60	397	2	0	0	0	0	15	13	13	490.22	0		64.415974
60	398	2	0	0	0	13	15	13	13	490.22	0		64.415974
60	399	3	0	0	13	0	30	8	10	513.43	0		20.853856
60	400	3	0	0	13	10	30	8	10	513.43	0		20.853856
60	396	1	0	0	13	20	12	10	9	320.57	1		5.073620
34	232	2	0	15	0	0	15	13	13	490.22	0		64.415974
34	233	3	0	30	0	0	30	8	10	513.43	0		20.853856
34	234	3	0	30	8	0	30	8	10	513.43	0		20.853856
34	235	3	0	30	16	0	30	8	10	513.43	0		20.853856
34	231	1	0	12	13	20	12	10	9	320.57	1		5.073620
2	10	2	0	15	0	13	15	13	13	490.22	0		64.415974
2	11	2	0	30	0	10	15	13	13	490.22	0		64.415974
2	12	2	0	45	0	10	15	13	13	490.22	0		64.415974
2	13	3	0	30	13	10	30	8	10	513.43	0		20.853856
2	9	1	0	24	13	20	12	10	9	320.57	1		5.073620


-------------------------------------------------------------------------------------------------------------------
Tour_Id:			26
No_of_Customers:		2
No_of_Items:			14
Customer_Sequence:		11 3 

CustId	Id	TypeId	Rotated	x	y	z	Length	Width	Height	mass	Fragility	LoadBearingStrength
3	16	2	0	0	0	0	15	13	13	490.22	0		64.415974
3	19	3	0	0	13	0	30	8	10	513.43	0		20.853856
3	18	2	0	0	0	13	15	13	13	490.22	0		64.415974
3	17	2	0	15	0	0	15	13	13	490.22	0		64.415974
3	15	1	0	0	13	10	12	10	9	320.57	1		5.073620
11	71	3	0	30	0	0	30	8	10	513.43	0		20.853856
3	20	3	0	30	8	0	30	8	10	513.43	0		20.853856
11	65	2	0	15	0	13	15	13	13	490.22	0		64.415974
11	70	3	0	12	13	10	30	8	10	513.43	0		20.853856
11	66	2	0	30	0	10	15	13	13	490.22	0		64.415974
11	68	3	0	12	13	20	30	8	10	513.43	0		20.853856
11	69	3	0	30	16	0	30	8	10	513.43	0		20.853856
11	67	2	0	45	0	10	15	13	13	490.22	0		64.415974
3	14	1	0	0	13	19	12	10	9	320.57	1		5.073620


-------------------------------------------------------------------------------------------------------------------
Tour_Id:			27
No_of_Customers:		2
No_of_Items:			15
Customer_Sequence:		59 35 

CustId	Id	TypeId	Rotated	x	y	z	Length	Width	Height	mass	Fragility	LoadBearingStrength
35	238	2	0	0	0	0	15	13	13	490.22	0		64.415974
35	239	2	0	0	0	13	15	13	13	490.22	0		64.415974
35	240	2	0	15	0	0	15	13	13	490.22	0		64.415974
35	241	2	0	15	0	13	15	13	13	490.22	0		64.415974
35	242	3	0	0	13	0	30	8	10	513.43	0		20.853856
35	243	3	0	0	13	10	30	8	10	513.43	0		20.853856
35	236	1	0	0	13	20	12	10	9	320.57	1		5.073620
35	237	1	0	12	13	20	12	10	9	320.57	1		5.073620
59	390	2	0	30	0	0	15	13	13	490.22	0		64.415974
59	391	2	0	30	0	13	15	13	13	490.22	0		64.415974
59	392	2	0	45	0	0	15	13	13	490.22	0		64.415974
59	393	2	0	45	0	13	15	13	13	490.22	0		64.415974
59	394	3	0	30	13	0	30	8	10	513.43	0		20.853856
59	395	3	0	30	13	10	30	8	10	513.43	0		20.853856
59	389	1	0	24	13	20	12	10	9	320.57	1		5.073620


