Name:				424_n060_m400_bt3
Problem:			3L-VRPTW
Number_of_used_Vehicles:	38
Total_Travel_Distance:		2693.63
Calculation_Time:		3600.00
Total_Iterations:		15011
ConstraintSet:			P1

-------------------------------------------------------------------------------------------------------------------
Tour_Id:			1
No_of_Customers:		2
No_of_Items:			13
Customer_Sequence:		37 20 

CustId	Id	TypeId	Rotated	x	y	z	Length	Width	Height	mass	Fragility	LoadBearingStrength
20	129	2	0	0	0	0	32	7	13	507.37	0		14.474692
20	130	3	0	0	7	0	27	8	12	1292.07	0		29.885944
37	241	2	0	0	15	0	32	7	13	507.37	0		14.474692
20	127	1	0	32	0	0	14	12	13	434.26	1		8.861825
37	242	2	0	0	0	13	32	7	13	507.37	0		14.474692
20	131	3	0	0	7	12	27	8	12	1292.07	0		29.885944
20	128	1	0	46	0	0	14	12	13	434.26	1		8.861825
37	243	3	0	0	15	13	27	8	12	1292.07	0		29.885944
37	236	1	0	32	12	0	14	12	13	434.26	1		8.861825
37	237	1	0	27	7	13	14	12	13	434.26	1		8.861825
37	238	1	0	41	0	13	14	12	13	434.26	1		8.861825
37	239	1	0	46	12	0	14	12	13	434.26	1		8.861825
37	240	1	0	41	12	13	14	12	13	434.26	1		8.861825


-------------------------------------------------------------------------------------------------------------------
Tour_Id:			2
No_of_Customers:		2
No_of_Items:			11
Customer_Sequence:		26 58 

CustId	Id	TypeId	Rotated	x	y	z	Length	Width	Height	mass	Fragility	LoadBearingStrength
58	381	3	0	0	0	0	27	8	12	1292.07	0		29.885944
58	380	2	0	0	8	0	32	7	13	507.37	0		14.474692
58	379	2	0	0	15	0	32	7	13	507.37	0		14.474692
58	382	3	0	0	0	12	27	8	12	1292.07	0		29.885944
58	378	1	0	0	8	13	14	12	13	434.26	1		8.861825
26	164	2	0	27	0	0	32	7	13	507.37	0		14.474692
58	383	3	0	32	8	0	27	8	12	1292.07	0		29.885944
26	165	2	0	27	0	13	32	7	13	507.37	0		14.474692
26	166	3	0	32	16	0	27	8	12	1292.07	0		29.885944
26	167	3	0	32	7	12	27	8	12	1292.07	0		29.885944
26	163	1	0	14	8	13	14	12	13	434.26	1		8.861825


-------------------------------------------------------------------------------------------------------------------
Tour_Id:			3
No_of_Customers:		2
No_of_Items:			12
Customer_Sequence:		23 30 

CustId	Id	TypeId	Rotated	x	y	z	Length	Width	Height	mass	Fragility	LoadBearingStrength
30	187	2	0	0	0	0	32	7	13	507.37	0		14.474692
30	188	2	0	0	7	0	32	7	13	507.37	0		14.474692
30	189	2	0	0	14	0	32	7	13	507.37	0		14.474692
23	148	1	0	0	0	13	14	12	13	434.26	1		8.861825
30	186	1	0	0	12	13	14	12	13	434.26	1		8.861825
30	192	3	0	32	0	0	27	8	12	1292.07	0		29.885944
30	193	3	0	32	8	0	27	8	12	1292.07	0		29.885944
30	190	3	0	32	16	0	27	8	12	1292.07	0		29.885944
23	149	3	0	32	0	12	27	8	12	1292.07	0		29.885944
23	150	3	0	32	8	12	27	8	12	1292.07	0		29.885944
23	147	1	0	14	0	13	14	12	13	434.26	1		8.861825
30	191	3	0	32	16	12	27	8	12	1292.07	0		29.885944


-------------------------------------------------------------------------------------------------------------------
Tour_Id:			4
No_of_Customers:		1
No_of_Items:			0
Customer_Sequence:		54 

-------------------------------------------------------------------------------------------------------------------
Tour_Id:			5
No_of_Customers:		1
No_of_Items:			0
Customer_Sequence:		35 

-------------------------------------------------------------------------------------------------------------------
Tour_Id:			6
No_of_Customers:		1
No_of_Items:			0
Customer_Sequence:		9 

-------------------------------------------------------------------------------------------------------------------
Tour_Id:			7
No_of_Customers:		2
No_of_Items:			11
Customer_Sequence:		1 45 

CustId	Id	TypeId	Rotated	x	y	z	Length	Width	Height	mass	Fragility	LoadBearingStrength
45	296	3	0	0	0	0	27	8	12	1292.07	0		29.885944
45	297	3	0	0	8	0	27	8	12	1292.07	0		29.885944
45	294	2	0	0	16	0	32	7	13	507.37	0		14.474692
45	292	1	0	0	0	12	14	12	13	434.26	1		8.861825
45	295	2	0	0	16	13	32	7	13	507.37	0		14.474692
45	293	1	0	14	0	12	14	12	13	434.26	1		8.861825
1	1	2	0	28	0	0	32	7	13	507.37	0		14.474692
1	2	2	0	28	7	0	32	7	13	507.37	0		14.474692
1	3	2	0	28	0	13	32	7	13	507.37	0		14.474692
1	4	3	0	28	7	13	27	8	12	1292.07	0		29.885944
1	5	3	0	32	16	0	27	8	12	1292.07	0		29.885944


-------------------------------------------------------------------------------------------------------------------
Tour_Id:			8
No_of_Customers:		1
No_of_Items:			0
Customer_Sequence:		8 

-------------------------------------------------------------------------------------------------------------------
Tour_Id:			9
No_of_Customers:		2
No_of_Items:			12
Customer_Sequence:		53 52 

CustId	Id	TypeId	Rotated	x	y	z	Length	Width	Height	mass	Fragility	LoadBearingStrength
52	334	2	0	0	0	0	32	7	13	507.37	0		14.474692
52	335	2	0	0	7	0	32	7	13	507.37	0		14.474692
52	333	1	0	0	0	13	14	12	13	434.26	1		8.861825
53	339	1	0	14	0	13	14	12	13	434.26	1		8.861825
52	336	2	0	0	14	0	32	7	13	507.37	0		14.474692
53	341	2	0	0	12	13	32	7	13	507.37	0		14.474692
53	342	3	0	32	0	0	27	8	12	1292.07	0		29.885944
53	343	3	0	32	8	0	27	8	12	1292.07	0		29.885944
53	340	1	0	32	0	12	14	12	13	434.26	1		8.861825
53	338	1	0	46	0	12	14	12	13	434.26	1		8.861825
52	337	3	0	32	16	0	27	8	12	1292.07	0		29.885944
53	344	3	0	32	12	12	27	8	12	1292.07	0		29.885944


-------------------------------------------------------------------------------------------------------------------
Tour_Id:			10
No_of_Customers:		2
No_of_Items:			13
Customer_Sequence:		14 51 

CustId	Id	TypeId	Rotated	x	y	z	Length	Width	Height	mass	Fragility	LoadBearingStrength
51	330	3	0	0	0	0	27	8	12	1292.07	0		29.885944
51	331	3	0	0	8	0	27	8	12	1292.07	0		29.885944
51	332	3	0	0	16	0	27	8	12	1292.07	0		29.885944
51	328	1	0	0	0	12	14	12	13	434.26	1		8.861825
51	329	1	0	0	12	12	14	12	13	434.26	1		8.861825
14	88	1	0	14	0	12	14	12	13	434.26	1		8.861825
14	89	1	0	14	12	12	14	12	13	434.26	1		8.861825
14	92	2	0	28	0	0	32	7	13	507.37	0		14.474692
14	93	2	0	28	7	0	32	7	13	507.37	0		14.474692
14	94	2	0	28	14	0	32	7	13	507.37	0		14.474692
14	95	3	0	28	0	13	27	8	12	1292.07	0		29.885944
14	90	2	0	28	8	13	32	7	13	507.37	0		14.474692
14	91	2	0	28	15	13	32	7	13	507.37	0		14.474692


-------------------------------------------------------------------------------------------------------------------
Tour_Id:			11
No_of_Customers:		2
No_of_Items:			13
Customer_Sequence:		10 21 

CustId	Id	TypeId	Rotated	x	y	z	Length	Width	Height	mass	Fragility	LoadBearingStrength
21	135	3	0	0	0	0	27	8	12	1292.07	0		29.885944
21	136	3	0	0	8	0	27	8	12	1292.07	0		29.885944
21	137	3	0	0	16	0	27	8	12	1292.07	0		29.885944
21	133	1	0	0	0	12	14	12	13	434.26	1		8.861825
10	66	1	0	0	12	12	14	12	13	434.26	1		8.861825
21	132	1	0	14	0	12	14	12	13	434.26	1		8.861825
21	134	2	0	28	0	0	32	7	13	507.37	0		14.474692
10	65	1	0	14	12	12	14	12	13	434.26	1		8.861825
10	69	2	0	28	7	0	32	7	13	507.37	0		14.474692
10	70	2	0	28	14	0	32	7	13	507.37	0		14.474692
10	71	3	0	28	0	13	27	8	12	1292.07	0		29.885944
10	67	2	0	28	8	13	32	7	13	507.37	0		14.474692
10	68	2	0	28	15	13	32	7	13	507.37	0		14.474692


-------------------------------------------------------------------------------------------------------------------
Tour_Id:			12
No_of_Customers:		2
No_of_Items:			12
Customer_Sequence:		38 15 

CustId	Id	TypeId	Rotated	x	y	z	Length	Width	Height	mass	Fragility	LoadBearingStrength
15	100	3	0	0	0	0	27	8	12	1292.07	0		29.885944
15	101	3	0	0	8	0	27	8	12	1292.07	0		29.885944
38	246	2	0	0	16	0	32	7	13	507.37	0		14.474692
15	98	2	0	0	0	12	32	7	13	507.37	0		14.474692
15	97	2	0	0	7	12	32	7	13	507.37	0		14.474692
15	102	3	0	27	0	0	27	8	12	1292.07	0		29.885944
15	99	3	0	27	8	0	27	8	12	1292.07	0		29.885944
15	96	1	0	32	0	12	14	12	13	434.26	1		8.861825
38	247	3	0	0	16	13	27	8	12	1292.07	0		29.885944
38	248	3	0	32	16	0	27	8	12	1292.07	0		29.885944
38	244	1	0	32	12	12	14	12	13	434.26	1		8.861825
38	245	1	0	46	12	12	14	12	13	434.26	1		8.861825


-------------------------------------------------------------------------------------------------------------------
Tour_Id:			13
No_of_Customers:		1
No_of_Items:			0
Customer_Sequence:		55 

-------------------------------------------------------------------------------------------------------------------
Tour_Id:			14
No_of_Customers:		1
No_of_Items:			0
Customer_Sequence:		29 

-------------------------------------------------------------------------------------------------------------------
Tour_Id:			15
No_of_Customers:		1
No_of_Items:			0
Customer_Sequence:		2 

-------------------------------------------------------------------------------------------------------------------
Tour_Id:			16
No_of_Customers:		2
No_of_Items:			12
Customer_Sequence:		43 27 

CustId	Id	TypeId	Rotated	x	y	z	Length	Width	Height	mass	Fragility	LoadBearingStrength
27	171	3	0	0	0	0	27	8	12	1292.07	0		29.885944
27	170	3	0	0	8	0	27	8	12	1292.07	0		29.885944
43	281	3	0	0	16	0	27	8	12	1292.07	0		29.885944
27	168	1	0	0	0	12	14	12	13	434.26	1		8.861825
27	169	2	0	27	0	0	32	7	13	507.37	0		14.474692
43	275	1	0	0	12	12	14	12	13	434.26	1		8.861825
43	279	2	0	27	7	0	32	7	13	507.37	0		14.474692
43	278	2	0	27	14	0	32	7	13	507.37	0		14.474692
43	277	2	0	27	0	13	32	7	13	507.37	0		14.474692
43	282	3	0	27	7	13	27	8	12	1292.07	0		29.885944
43	280	3	0	27	15	13	27	8	12	1292.07	0		29.885944
43	276	1	1	14	7	12	14	12	13	434.26	1		8.861825


-------------------------------------------------------------------------------------------------------------------
Tour_Id:			17
No_of_Customers:		2
No_of_Items:			12
Customer_Sequence:		50 13 

CustId	Id	TypeId	Rotated	x	y	z	Length	Width	Height	mass	Fragility	LoadBearingStrength
50	327	3	0	0	0	0	27	8	12	1292.07	0		29.885944
13	83	2	0	0	8	0	32	7	13	507.37	0		14.474692
13	84	2	0	0	15	0	32	7	13	507.37	0		14.474692
13	82	2	0	0	8	13	32	7	13	507.37	0		14.474692
13	86	3	0	0	15	13	27	8	12	1292.07	0		29.885944
13	87	3	0	32	8	0	27	8	12	1292.07	0		29.885944
13	85	3	0	32	16	0	27	8	12	1292.07	0		29.885944
50	324	2	0	0	0	12	32	7	13	507.37	0		14.474692
50	325	3	0	27	0	0	27	8	12	1292.07	0		29.885944
50	326	3	0	32	0	12	27	8	12	1292.07	0		29.885944
13	81	1	0	32	8	12	14	12	13	434.26	1		8.861825
50	323	1	0	46	8	12	14	12	13	434.26	1		8.861825


-------------------------------------------------------------------------------------------------------------------
Tour_Id:			18
No_of_Customers:		1
No_of_Items:			0
Customer_Sequence:		44 

-------------------------------------------------------------------------------------------------------------------
Tour_Id:			19
No_of_Customers:		1
No_of_Items:			0
Customer_Sequence:		56 

-------------------------------------------------------------------------------------------------------------------
Tour_Id:			20
No_of_Customers:		1
No_of_Items:			0
Customer_Sequence:		46 

-------------------------------------------------------------------------------------------------------------------
Tour_Id:			21
No_of_Customers:		1
No_of_Items:			0
Customer_Sequence:		6 

-------------------------------------------------------------------------------------------------------------------
Tour_Id:			22
No_of_Customers:		3
No_of_Items:			13
Customer_Sequence:		24 17 11 

CustId	Id	TypeId	Rotated	x	y	z	Length	Width	Height	mass	Fragility	LoadBearingStrength
11	72	2	0	0	0	0	32	7	13	507.37	0		14.474692
11	73	2	0	0	7	0	32	7	13	507.37	0		14.474692
11	74	2	0	0	14	0	32	7	13	507.37	0		14.474692
17	113	2	0	0	0	13	32	7	13	507.37	0		14.474692
17	111	2	0	0	7	13	32	7	13	507.37	0		14.474692
17	112	2	0	0	14	13	32	7	13	507.37	0		14.474692
11	75	3	0	32	0	0	27	8	12	1292.07	0		29.885944
17	114	3	0	32	8	0	27	8	12	1292.07	0		29.885944
17	110	1	0	32	0	12	14	12	13	434.26	1		8.861825
24	154	3	0	32	16	0	27	8	12	1292.07	0		29.885944
24	151	1	0	32	12	12	14	12	13	434.26	1		8.861825
24	152	1	0	46	0	12	14	12	13	434.26	1		8.861825
24	153	1	0	46	12	12	14	12	13	434.26	1		8.861825


-------------------------------------------------------------------------------------------------------------------
Tour_Id:			23
No_of_Customers:		1
No_of_Items:			0
Customer_Sequence:		59 

-------------------------------------------------------------------------------------------------------------------
Tour_Id:			24
No_of_Customers:		2
No_of_Items:			12
Customer_Sequence:		19 12 

CustId	Id	TypeId	Rotated	x	y	z	Length	Width	Height	mass	Fragility	LoadBearingStrength
12	79	3	0	0	0	0	27	8	12	1292.07	0		29.885944
12	78	3	0	0	8	0	27	8	12	1292.07	0		29.885944
12	76	1	0	0	0	12	14	12	13	434.26	1		8.861825
12	77	2	0	0	16	0	32	7	13	507.37	0		14.474692
19	120	1	0	14	0	12	14	12	13	434.26	1		8.861825
19	121	2	0	0	16	13	32	7	13	507.37	0		14.474692
19	122	2	0	28	0	0	32	7	13	507.37	0		14.474692
12	80	3	0	27	8	0	27	8	12	1292.07	0		29.885944
19	124	3	0	28	0	13	27	8	12	1292.07	0		29.885944
19	125	3	0	32	16	0	27	8	12	1292.07	0		29.885944
19	126	3	0	32	8	12	27	8	12	1292.07	0		29.885944
19	123	3	0	32	16	12	27	8	12	1292.07	0		29.885944


-------------------------------------------------------------------------------------------------------------------
Tour_Id:			25
No_of_Customers:		1
No_of_Items:			0
Customer_Sequence:		22 

-------------------------------------------------------------------------------------------------------------------
Tour_Id:			26
No_of_Customers:		2
No_of_Items:			12
Customer_Sequence:		7 28 

CustId	Id	TypeId	Rotated	x	y	z	Length	Width	Height	mass	Fragility	LoadBearingStrength
28	177	3	0	0	0	0	27	8	12	1292.07	0		29.885944
28	174	2	0	0	8	0	32	7	13	507.37	0		14.474692
28	175	2	0	0	15	0	32	7	13	507.37	0		14.474692
28	176	3	0	0	0	12	27	8	12	1292.07	0		29.885944
28	173	2	0	0	8	13	32	7	13	507.37	0		14.474692
28	172	1	0	32	0	0	14	12	13	434.26	1		8.861825
7	44	2	0	0	15	13	32	7	13	507.37	0		14.474692
7	45	3	0	32	12	0	27	8	12	1292.07	0		29.885944
7	46	3	0	32	12	12	27	8	12	1292.07	0		29.885944
7	41	1	0	32	0	13	14	12	13	434.26	1		8.861825
7	42	1	0	46	0	0	14	12	13	434.26	1		8.861825
7	43	1	0	46	0	13	14	12	13	434.26	1		8.861825


-------------------------------------------------------------------------------------------------------------------
Tour_Id:			27
No_of_Customers:		1
No_of_Items:			0
Customer_Sequence:		31 

-------------------------------------------------------------------------------------------------------------------
Tour_Id:			28
No_of_Customers:		1
No_of_Items:			0
Customer_Sequence:		36 

-------------------------------------------------------------------------------------------------------------------
Tour_Id:			29
No_of_Customers:		2
No_of_Items:			12
Customer_Sequence:		33 41 

CustId	Id	TypeId	Rotated	x	y	z	Length	Width	Height	mass	Fragility	LoadBearingStrength
41	268	3	0	0	0	0	27	8	12	1292.07	0		29.885944
41	267	3	0	0	8	0	27	8	12	1292.07	0		29.885944
41	265	1	0	0	0	12	14	12	13	434.26	1		8.861825
41	269	3	0	0	16	0	27	8	12	1292.07	0		29.885944
41	263	1	0	0	12	12	14	12	13	434.26	1		8.861825
41	264	1	0	14	0	12	14	12	13	434.26	1		8.861825
41	266	2	0	27	16	0	32	7	13	507.37	0		14.474692
33	208	2	0	27	16	13	32	7	13	507.37	0		14.474692
33	209	2	0	28	0	0	32	7	13	507.37	0		14.474692
33	210	2	0	28	7	0	32	7	13	507.37	0		14.474692
33	211	2	0	28	0	13	32	7	13	507.37	0		14.474692
33	212	3	0	28	7	13	27	8	12	1292.07	0		29.885944


-------------------------------------------------------------------------------------------------------------------
Tour_Id:			30
No_of_Customers:		2
No_of_Items:			12
Customer_Sequence:		4 34 

CustId	Id	TypeId	Rotated	x	y	z	Length	Width	Height	mass	Fragility	LoadBearingStrength
34	213	2	0	0	0	0	32	7	13	507.37	0		14.474692
34	214	2	0	0	7	0	32	7	13	507.37	0		14.474692
34	219	3	0	0	14	0	27	8	12	1292.07	0		29.885944
34	217	3	0	0	14	12	27	8	12	1292.07	0		29.885944
34	216	2	0	0	0	13	32	7	13	507.37	0		14.474692
4	22	1	0	32	0	0	14	12	13	434.26	1		8.861825
34	218	3	0	27	14	0	27	8	12	1292.07	0		29.885944
4	26	2	0	0	7	13	32	7	13	507.37	0		14.474692
4	25	1	0	32	0	13	14	12	13	434.26	1		8.861825
4	23	1	0	46	0	0	14	12	13	434.26	1		8.861825
4	24	1	0	46	0	13	14	12	13	434.26	1		8.861825
34	215	2	0	27	14	12	32	7	13	507.37	0		14.474692


-------------------------------------------------------------------------------------------------------------------
Tour_Id:			31
No_of_Customers:		1
No_of_Items:			0
Customer_Sequence:		40 

-------------------------------------------------------------------------------------------------------------------
Tour_Id:			32
No_of_Customers:		1
No_of_Items:			0
Customer_Sequence:		25 

-------------------------------------------------------------------------------------------------------------------
Tour_Id:			33
No_of_Customers:		2
No_of_Items:			12
Customer_Sequence:		16 42 

CustId	Id	TypeId	Rotated	x	y	z	Length	Width	Height	mass	Fragility	LoadBearingStrength
42	270	2	0	0	0	0	32	7	13	507.37	0		14.474692
42	271	2	0	0	7	0	32	7	13	507.37	0		14.474692
42	272	2	0	0	14	0	32	7	13	507.37	0		14.474692
42	273	2	0	0	0	13	32	7	13	507.37	0		14.474692
16	107	2	0	0	7	13	32	7	13	507.37	0		14.474692
16	106	2	0	0	14	13	32	7	13	507.37	0		14.474692
42	274	3	0	32	0	0	27	8	12	1292.07	0		29.885944
16	108	3	0	32	8	0	27	8	12	1292.07	0		29.885944
16	109	3	0	32	16	0	27	8	12	1292.07	0		29.885944
16	103	1	0	32	0	12	14	12	13	434.26	1		8.861825
16	104	1	0	32	12	12	14	12	13	434.26	1		8.861825
16	105	1	0	46	0	12	14	12	13	434.26	1		8.861825


-------------------------------------------------------------------------------------------------------------------
Tour_Id:			34
No_of_Customers:		2
No_of_Items:			13
Customer_Sequence:		60 49 

CustId	Id	TypeId	Rotated	x	y	z	Length	Width	Height	mass	Fragility	LoadBearingStrength
49	319	2	0	0	0	0	32	7	13	507.37	0		14.474692
49	320	2	0	0	7	0	32	7	13	507.37	0		14.474692
49	321	2	0	0	14	0	32	7	13	507.37	0		14.474692
60	398	2	0	0	0	13	32	7	13	507.37	0		14.474692
60	396	2	0	0	7	13	32	7	13	507.37	0		14.474692
60	397	2	0	0	14	13	32	7	13	507.37	0		14.474692
49	322	3	0	32	0	0	27	8	12	1292.07	0		29.885944
60	399	3	0	32	8	0	27	8	12	1292.07	0		29.885944
60	400	3	0	32	16	0	27	8	12	1292.07	0		29.885944
60	392	1	0	32	0	12	14	12	13	434.26	1		8.861825
60	393	1	0	32	12	12	14	12	13	434.26	1		8.861825
60	394	1	0	46	0	12	14	12	13	434.26	1		8.861825
60	395	1	0	46	12	12	14	12	13	434.26	1		8.861825


-------------------------------------------------------------------------------------------------------------------
Tour_Id:			35
No_of_Customers:		2
No_of_Items:			11
Customer_Sequence:		48 32 

CustId	Id	TypeId	Rotated	x	y	z	Length	Width	Height	mass	Fragility	LoadBearingStrength
32	206	3	0	0	0	0	27	8	12	1292.07	0		29.885944
32	207	3	0	0	8	0	27	8	12	1292.07	0		29.885944
32	205	2	0	0	16	0	32	7	13	507.37	0		14.474692
32	203	1	0	0	0	12	14	12	13	434.26	1		8.861825
32	204	2	0	0	16	13	32	7	13	507.37	0		14.474692
48	314	2	0	27	0	0	32	7	13	507.37	0		14.474692
48	315	2	0	27	7	0	32	7	13	507.37	0		14.474692
48	316	2	0	27	0	13	32	7	13	507.37	0		14.474692
48	317	3	0	27	7	13	27	8	12	1292.07	0		29.885944
48	318	3	0	32	16	0	27	8	12	1292.07	0		29.885944
48	313	1	1	14	0	12	14	12	13	434.26	1		8.861825


-------------------------------------------------------------------------------------------------------------------
Tour_Id:			36
No_of_Customers:		2
No_of_Items:			13
Customer_Sequence:		57 47 

CustId	Id	TypeId	Rotated	x	y	z	Length	Width	Height	mass	Fragility	LoadBearingStrength
47	308	2	0	0	0	0	32	7	13	507.37	0		14.474692
47	309	2	0	0	7	0	32	7	13	507.37	0		14.474692
47	310	2	0	0	14	0	32	7	13	507.37	0		14.474692
47	306	1	0	0	0	13	14	12	13	434.26	1		8.861825
57	376	2	0	0	12	13	32	7	13	507.37	0		14.474692
47	311	3	0	32	0	0	27	8	12	1292.07	0		29.885944
47	307	1	0	14	0	13	14	12	13	434.26	1		8.861825
47	312	3	0	32	8	0	27	8	12	1292.07	0		29.885944
57	377	3	0	32	16	0	27	8	12	1292.07	0		29.885944
57	372	1	0	32	0	12	14	12	13	434.26	1		8.861825
57	373	1	0	32	12	12	14	12	13	434.26	1		8.861825
57	374	1	0	46	0	12	14	12	13	434.26	1		8.861825
57	375	1	0	46	12	12	14	12	13	434.26	1		8.861825


-------------------------------------------------------------------------------------------------------------------
Tour_Id:			37
No_of_Customers:		2
No_of_Items:			11
Customer_Sequence:		5 18 

CustId	Id	TypeId	Rotated	x	y	z	Length	Width	Height	mass	Fragility	LoadBearingStrength
18	117	2	0	0	0	0	32	7	13	507.37	0		14.474692
18	118	3	0	0	7	0	27	8	12	1292.07	0		29.885944
5	29	2	0	0	15	0	32	7	13	507.37	0		14.474692
18	115	1	0	32	0	0	14	12	13	434.26	1		8.861825
5	28	2	0	0	0	13	32	7	13	507.37	0		14.474692
18	116	1	0	46	0	0	14	12	13	434.26	1		8.861825
18	119	3	0	0	7	12	27	8	12	1292.07	0		29.885944
5	30	2	0	0	15	13	32	7	13	507.37	0		14.474692
5	31	3	0	32	12	0	27	8	12	1292.07	0		29.885944
5	32	3	0	32	12	12	27	8	12	1292.07	0		29.885944
5	27	1	0	32	0	13	14	12	13	434.26	1		8.861825


-------------------------------------------------------------------------------------------------------------------
Tour_Id:			38
No_of_Customers:		2
No_of_Items:			12
Customer_Sequence:		39 3 

CustId	Id	TypeId	Rotated	x	y	z	Length	Width	Height	mass	Fragility	LoadBearingStrength
3	20	3	0	0	0	0	27	8	12	1292.07	0		29.885944
3	18	2	0	0	8	0	32	7	13	507.37	0		14.474692
3	19	3	0	0	15	0	27	8	12	1292.07	0		29.885944
3	17	2	0	0	0	12	32	7	13	507.37	0		14.474692
3	15	1	0	32	0	0	14	12	13	434.26	1		8.861825
3	21	3	0	0	15	12	27	8	12	1292.07	0		29.885944
39	251	2	0	0	8	13	32	7	13	507.37	0		14.474692
39	253	3	0	27	15	0	27	8	12	1292.07	0		29.885944
39	252	3	0	27	15	12	27	8	12	1292.07	0		29.885944
3	16	1	0	46	0	0	14	12	13	434.26	1		8.861825
39	249	1	0	32	0	13	14	12	13	434.26	1		8.861825
39	250	1	0	46	0	13	14	12	13	434.26	1		8.861825


