Name:				426_n060_m400_bt10
Problem:			3L-VRPTW
Number_of_used_Vehicles:	30
Total_Travel_Distance:		2009.92
Calculation_Time:		3600.00
Total_Iterations:		13605
ConstraintSet:			P1

-------------------------------------------------------------------------------------------------------------------
Tour_Id:			1
No_of_Customers:		2
No_of_Items:			15
Customer_Sequence:		37 25 

CustId	Id	TypeId	Rotated	x	y	z	Length	Width	Height	mass	Fragility	LoadBearingStrength
25	165	4	0	0	0	0	30	12	10	417.77	0		22.115903
25	166	6	0	0	12	0	19	12	13	413.87	0		21.479694
25	164	2	0	0	0	10	32	12	10	728.93	1		15.078822
25	167	7	0	0	12	13	12	9	6	102.52	0		20.925035
25	168	7	0	0	12	19	12	9	6	102.52	0		20.925035
37	246	3	0	19	12	0	25	7	14	326.33	0		27.995509
37	252	9	0	12	12	14	32	5	11	190.14	0		7.484927
37	250	7	0	32	0	0	12	9	6	102.52	0		20.925035
37	247	3	1	44	0	0	25	7	14	326.33	0		27.995509
25	169	8	0	19	19	0	24	6	14	265.95	0		15.051701
37	249	3	1	44	0	14	25	7	14	326.33	0		27.995509
37	251	9	0	12	17	14	32	5	11	190.14	0		7.484927
37	245	3	1	51	0	0	25	7	14	326.33	0		27.995509
37	248	3	1	51	0	14	25	7	14	326.33	0		27.995509
37	244	1	0	0	0	20	30	5	6	162.86	1		2.208689


-------------------------------------------------------------------------------------------------------------------
Tour_Id:			2
No_of_Customers:		2
No_of_Items:			11
Customer_Sequence:		2 31 

CustId	Id	TypeId	Rotated	x	y	z	Length	Width	Height	mass	Fragility	LoadBearingStrength
31	207	6	0	0	0	0	19	12	13	413.87	0		21.479694
31	206	3	0	0	12	0	25	7	14	326.33	0		27.995509
31	209	6	0	0	0	13	19	12	13	413.87	0		21.479694
31	208	6	0	19	0	0	19	12	13	413.87	0		21.479694
31	210	8	0	0	19	0	24	6	14	265.95	0		15.051701
31	211	10	0	0	12	14	23	7	12	334.43	0		7.826264
31	205	1	0	0	19	14	30	5	6	162.86	1		2.208689
2	7	4	0	30	12	0	30	12	10	417.77	0		22.115903
2	8	5	0	25	12	10	34	7	14	400.36	0		14.444505
2	9	6	0	19	0	13	19	12	13	413.87	0		21.479694
2	10	7	0	25	12	24	12	9	6	102.52	0		20.925035


-------------------------------------------------------------------------------------------------------------------
Tour_Id:			3
No_of_Customers:		2
No_of_Items:			14
Customer_Sequence:		58 9 

CustId	Id	TypeId	Rotated	x	y	z	Length	Width	Height	mass	Fragility	LoadBearingStrength
9	59	5	0	0	0	0	34	7	14	400.36	0		14.444505
9	60	5	0	0	7	0	34	7	14	400.36	0		14.444505
9	58	4	0	0	0	14	30	12	10	417.77	0		22.115903
9	57	3	0	0	14	0	25	7	14	326.33	0		27.995509
9	61	7	0	0	12	14	12	9	6	102.52	0		20.925035
58	382	1	0	0	0	24	30	5	6	162.86	1		2.208689
58	384	5	0	25	14	0	34	7	14	400.36	0		14.444505
9	64	10	0	34	0	0	23	7	12	334.43	0		7.826264
9	56	1	0	0	5	24	30	5	6	162.86	1		2.208689
58	385	6	0	12	12	14	19	12	13	413.87	0		21.479694
9	62	10	0	34	7	0	23	7	12	334.43	0		7.826264
58	386	10	0	31	12	14	23	7	12	334.43	0		7.826264
9	63	10	0	34	0	12	23	7	12	334.43	0		7.826264
58	383	1	0	30	0	24	30	5	6	162.86	1		2.208689


-------------------------------------------------------------------------------------------------------------------
Tour_Id:			4
No_of_Customers:		2
No_of_Items:			13
Customer_Sequence:		26 45 

CustId	Id	TypeId	Rotated	x	y	z	Length	Width	Height	mass	Fragility	LoadBearingStrength
45	293	3	0	0	0	0	25	7	14	326.33	0		27.995509
45	295	8	0	0	7	0	24	6	14	265.95	0		15.051701
45	296	9	0	0	13	0	32	5	11	190.14	0		7.484927
45	294	7	0	0	0	14	12	9	6	102.52	0		20.925035
45	292	2	0	25	0	0	32	12	10	728.93	1		15.078822
26	174	5	0	0	18	0	34	7	14	400.36	0		14.444505
26	173	3	0	0	18	14	25	7	14	326.33	0		27.995509
26	175	8	0	34	12	0	24	6	14	265.95	0		15.051701
26	176	8	0	34	18	0	24	6	14	265.95	0		15.051701
26	177	9	0	0	13	11	32	5	11	190.14	0		7.484927
26	171	2	0	25	0	10	32	12	10	728.93	1		15.078822
26	172	2	0	25	0	20	32	12	10	728.93	1		15.078822
26	170	1	0	0	13	22	30	5	6	162.86	1		2.208689


-------------------------------------------------------------------------------------------------------------------
Tour_Id:			5
No_of_Customers:		2
No_of_Items:			15
Customer_Sequence:		22 33 

CustId	Id	TypeId	Rotated	x	y	z	Length	Width	Height	mass	Fragility	LoadBearingStrength
33	220	4	0	0	0	0	30	12	10	417.77	0		22.115903
33	221	4	0	0	12	0	30	12	10	417.77	0		22.115903
33	222	5	0	0	0	10	34	7	14	400.36	0		14.444505
33	219	3	0	0	7	10	25	7	14	326.33	0		27.995509
33	224	10	0	0	14	10	23	7	12	334.43	0		7.826264
33	225	10	0	30	12	0	23	7	12	334.43	0		7.826264
33	223	7	0	0	14	22	12	9	6	102.52	0		20.925035
22	149	7	0	0	0	24	12	9	6	102.52	0		20.925035
33	218	1	0	0	9	24	30	5	6	162.86	1		2.208689
22	147	6	0	34	0	0	19	12	13	413.87	0		21.479694
22	146	3	0	30	12	12	25	7	14	326.33	0		27.995509
22	150	10	0	34	0	13	23	7	12	334.43	0		7.826264
22	148	7	0	12	0	24	12	9	6	102.52	0		20.925035
33	217	1	0	30	19	0	30	5	6	162.86	1		2.208689
22	145	1	0	30	19	6	30	5	6	162.86	1		2.208689


-------------------------------------------------------------------------------------------------------------------
Tour_Id:			6
No_of_Customers:		2
No_of_Items:			12
Customer_Sequence:		56 42 

CustId	Id	TypeId	Rotated	x	y	z	Length	Width	Height	mass	Fragility	LoadBearingStrength
42	277	3	0	0	0	0	25	7	14	326.33	0		27.995509
56	372	10	0	0	7	0	23	7	12	334.43	0		7.826264
42	280	9	0	0	14	0	32	5	11	190.14	0		7.484927
56	374	10	0	0	7	12	23	7	12	334.43	0		7.826264
56	373	10	0	0	0	14	23	7	12	334.43	0		7.826264
56	369	5	0	23	7	0	34	7	14	400.36	0		14.444505
42	278	3	0	25	0	0	25	7	14	326.33	0		27.995509
42	276	1	0	0	19	0	30	5	6	162.86	1		2.208689
42	279	7	0	32	14	0	12	9	6	102.52	0		20.925035
56	371	9	0	0	14	11	32	5	11	190.14	0		7.484927
56	370	7	0	0	7	24	12	9	6	102.52	0		20.925035
56	368	2	0	23	0	14	32	12	10	728.93	1		15.078822


-------------------------------------------------------------------------------------------------------------------
Tour_Id:			7
No_of_Customers:		2
No_of_Items:			15
Customer_Sequence:		5 47 

CustId	Id	TypeId	Rotated	x	y	z	Length	Width	Height	mass	Fragility	LoadBearingStrength
47	307	6	0	0	0	0	19	12	13	413.87	0		21.479694
47	308	8	0	0	12	0	24	6	14	265.95	0		15.051701
47	305	4	0	19	0	0	30	12	10	417.77	0		22.115903
5	28	6	0	0	0	13	19	12	13	413.87	0		21.479694
47	306	5	0	0	18	0	34	7	14	400.36	0		14.444505
47	309	10	0	0	12	14	23	7	12	334.43	0		7.826264
5	27	4	0	19	0	10	30	12	10	417.77	0		22.115903
47	304	3	0	34	12	0	25	7	14	326.33	0		27.995509
5	26	3	0	34	12	14	25	7	14	326.33	0		27.995509
5	30	8	0	0	19	14	24	6	14	265.95	0		15.051701
5	25	2	0	19	0	20	32	12	10	728.93	1		15.078822
5	29	7	1	49	0	0	12	9	6	102.52	0		20.925035
5	31	8	0	34	19	0	24	6	14	265.95	0		15.051701
5	23	1	0	24	19	14	30	5	6	162.86	1		2.208689
5	24	1	0	24	19	20	30	5	6	162.86	1		2.208689


-------------------------------------------------------------------------------------------------------------------
Tour_Id:			8
No_of_Customers:		2
No_of_Items:			14
Customer_Sequence:		41 6 

CustId	Id	TypeId	Rotated	x	y	z	Length	Width	Height	mass	Fragility	LoadBearingStrength
6	33	3	0	0	0	0	25	7	14	326.33	0		27.995509
6	35	5	0	0	7	0	34	7	14	400.36	0		14.444505
6	36	5	0	0	14	0	34	7	14	400.36	0		14.444505
41	273	4	0	0	0	14	30	12	10	417.77	0		22.115903
6	34	4	0	0	12	14	30	12	10	417.77	0		22.115903
41	274	5	0	25	0	0	34	7	14	400.36	0		14.444505
6	38	8	0	34	7	0	24	6	14	265.95	0		15.051701
6	32	1	0	0	12	24	30	5	6	162.86	1		2.208689
41	272	4	0	30	0	14	30	12	10	417.77	0		22.115903
6	37	6	0	34	13	0	19	12	13	413.87	0		21.479694
41	275	7	0	0	0	24	12	9	6	102.52	0		20.925035
6	39	10	0	34	13	13	23	7	12	334.43	0		7.826264
41	270	1	0	12	0	24	30	5	6	162.86	1		2.208689
41	271	1	0	12	5	24	30	5	6	162.86	1		2.208689


-------------------------------------------------------------------------------------------------------------------
Tour_Id:			9
No_of_Customers:		3
No_of_Items:			15
Customer_Sequence:		35 1 49 

CustId	Id	TypeId	Rotated	x	y	z	Length	Width	Height	mass	Fragility	LoadBearingStrength
49	320	5	0	0	0	0	34	7	14	400.36	0		14.444505
49	319	1	0	0	7	0	30	5	6	162.86	1		2.208689
49	321	5	0	0	12	0	34	7	14	400.36	0		14.444505
49	322	7	0	0	0	14	12	9	6	102.52	0		20.925035
1	3	6	0	34	0	0	19	12	13	413.87	0		21.479694
49	323	8	0	0	19	0	24	6	14	265.95	0		15.051701
35	236	8	0	0	12	14	24	6	14	265.95	0		15.051701
1	1	3	0	0	18	14	25	7	14	326.33	0		27.995509
1	2	3	0	12	0	14	25	7	14	326.33	0		27.995509
1	5	9	0	24	19	0	32	5	11	190.14	0		7.484927
35	234	6	0	37	0	13	19	12	13	413.87	0		21.479694
1	4	7	0	0	0	20	12	9	6	102.52	0		20.925035
1	6	10	0	34	12	0	23	7	12	334.43	0		7.826264
35	237	10	0	34	12	12	23	7	12	334.43	0		7.826264
35	235	7	0	34	12	24	12	9	6	102.52	0		20.925035


-------------------------------------------------------------------------------------------------------------------
Tour_Id:			10
No_of_Customers:		2
No_of_Items:			12
Customer_Sequence:		34 44 

CustId	Id	TypeId	Rotated	x	y	z	Length	Width	Height	mass	Fragility	LoadBearingStrength
44	288	4	0	0	0	0	30	12	10	417.77	0		22.115903
44	290	6	0	0	12	0	19	12	13	413.87	0		21.479694
44	289	4	0	0	0	10	30	12	10	417.77	0		22.115903
44	291	8	0	0	12	13	24	6	14	265.95	0		15.051701
34	228	4	0	0	0	20	30	12	10	417.77	0		22.115903
34	229	5	0	24	12	0	34	7	14	400.36	0		14.444505
34	230	6	0	30	0	0	19	12	13	413.87	0		21.479694
34	226	3	0	24	12	14	25	7	14	326.33	0		27.995509
34	227	3	0	30	0	13	25	7	14	326.33	0		27.995509
34	231	8	0	0	18	13	24	6	14	265.95	0		15.051701
34	232	8	0	24	19	0	24	6	14	265.95	0		15.051701
34	233	9	0	24	19	14	32	5	11	190.14	0		7.484927


-------------------------------------------------------------------------------------------------------------------
Tour_Id:			11
No_of_Customers:		2
No_of_Items:			16
Customer_Sequence:		55 57 

CustId	Id	TypeId	Rotated	x	y	z	Length	Width	Height	mass	Fragility	LoadBearingStrength
57	376	6	0	0	0	0	19	12	13	413.87	0		21.479694
57	380	9	0	0	12	0	32	5	11	190.14	0		7.484927
57	381	10	0	0	17	0	23	7	12	334.43	0		7.826264
55	364	7	0	0	0	13	12	9	6	102.52	0		20.925035
57	377	8	0	0	17	12	24	6	14	265.95	0		15.051701
57	379	9	0	0	12	11	32	5	11	190.14	0		7.484927
57	375	3	0	24	17	0	25	7	14	326.33	0		27.995509
55	363	7	0	0	0	19	12	9	6	102.52	0		20.925035
55	362	4	0	19	0	0	30	12	10	417.77	0		22.115903
57	378	8	0	24	17	14	24	6	14	265.95	0		15.051701
55	360	1	0	0	12	22	30	5	6	162.86	1		2.208689
55	366	7	1	12	0	13	12	9	6	102.52	0		20.925035
55	367	7	0	12	0	19	12	9	6	102.52	0		20.925035
55	361	2	0	24	0	10	32	12	10	728.93	1		15.078822
55	359	1	0	24	0	20	30	5	6	162.86	1		2.208689
55	365	7	1	49	0	0	12	9	6	102.52	0		20.925035


-------------------------------------------------------------------------------------------------------------------
Tour_Id:			12
No_of_Customers:		2
No_of_Items:			12
Customer_Sequence:		39 43 

CustId	Id	TypeId	Rotated	x	y	z	Length	Width	Height	mass	Fragility	LoadBearingStrength
43	284	4	0	0	0	0	30	12	10	417.77	0		22.115903
43	285	4	0	0	12	0	30	12	10	417.77	0		22.115903
43	286	6	0	0	0	10	19	12	13	413.87	0		21.479694
43	283	3	0	0	12	10	25	7	14	326.33	0		27.995509
43	287	8	0	0	19	10	24	6	14	265.95	0		15.051701
43	281	1	0	0	12	24	30	5	6	162.86	1		2.208689
43	282	1	0	0	17	24	30	5	6	162.86	1		2.208689
39	263	4	0	30	0	0	30	12	10	417.77	0		22.115903
39	262	3	0	19	0	10	25	7	14	326.33	0		27.995509
39	264	10	0	30	12	0	23	7	12	334.43	0		7.826264
39	265	10	0	30	12	12	23	7	12	334.43	0		7.826264
39	261	1	0	19	7	10	30	5	6	162.86	1		2.208689


-------------------------------------------------------------------------------------------------------------------
Tour_Id:			13
No_of_Customers:		2
No_of_Items:			14
Customer_Sequence:		54 12 

CustId	Id	TypeId	Rotated	x	y	z	Length	Width	Height	mass	Fragility	LoadBearingStrength
12	82	6	0	0	0	0	19	12	13	413.87	0		21.479694
12	80	5	0	0	12	0	34	7	14	400.36	0		14.444505
12	81	5	0	0	12	14	34	7	14	400.36	0		14.444505
12	79	4	0	19	0	0	30	12	10	417.77	0		22.115903
12	78	3	0	0	0	13	25	7	14	326.33	0		27.995509
54	356	2	0	25	0	10	32	12	10	728.93	1		15.078822
12	85	10	0	34	12	0	23	7	12	334.43	0		7.826264
12	86	10	0	34	12	12	23	7	12	334.43	0		7.826264
12	84	8	0	0	19	0	24	6	14	265.95	0		15.051701
54	357	8	0	0	19	14	24	6	14	265.95	0		15.051701
54	358	9	0	24	19	0	32	5	11	190.14	0		7.484927
12	83	7	1	49	0	0	12	9	6	102.52	0		20.925035
54	354	1	0	24	19	11	30	5	6	162.86	1		2.208689
54	355	1	0	24	19	17	30	5	6	162.86	1		2.208689


-------------------------------------------------------------------------------------------------------------------
Tour_Id:			14
No_of_Customers:		2
No_of_Items:			13
Customer_Sequence:		3 15 

CustId	Id	TypeId	Rotated	x	y	z	Length	Width	Height	mass	Fragility	LoadBearingStrength
15	99	5	0	0	0	0	34	7	14	400.36	0		14.444505
15	98	3	0	0	7	0	25	7	14	326.33	0		27.995509
15	102	10	0	0	14	0	23	7	12	334.43	0		7.826264
3	14	5	0	0	0	14	34	7	14	400.36	0		14.444505
15	100	7	0	0	14	12	12	9	6	102.52	0		20.925035
3	13	4	0	25	7	0	30	12	10	417.77	0		22.115903
15	101	9	0	23	19	0	32	5	11	190.14	0		7.484927
3	15	5	0	25	7	10	34	7	14	400.36	0		14.444505
3	11	3	0	0	7	14	25	7	14	326.33	0		27.995509
3	12	3	0	34	0	0	25	7	14	326.33	0		27.995509
3	18	10	0	34	0	14	23	7	12	334.43	0		7.826264
3	16	7	0	0	14	18	12	9	6	102.52	0		20.925035
3	17	7	0	0	14	24	12	9	6	102.52	0		20.925035


-------------------------------------------------------------------------------------------------------------------
Tour_Id:			15
No_of_Customers:		2
No_of_Items:			14
Customer_Sequence:		24 11 

CustId	Id	TypeId	Rotated	x	y	z	Length	Width	Height	mass	Fragility	LoadBearingStrength
11	72	4	0	0	0	0	30	12	10	417.77	0		22.115903
11	73	5	0	0	12	0	34	7	14	400.36	0		14.444505
11	77	10	0	0	0	10	23	7	12	334.43	0		7.826264
11	76	9	0	0	19	0	32	5	11	190.14	0		7.484927
11	71	3	0	0	12	14	25	7	14	326.33	0		27.995509
24	160	4	0	30	0	0	30	12	10	417.77	0		22.115903
11	75	9	0	0	19	11	32	5	11	190.14	0		7.484927
11	70	3	0	34	12	0	25	7	14	326.33	0		27.995509
11	74	5	0	25	12	14	34	7	14	400.36	0		14.444505
24	161	5	0	23	0	10	34	7	14	400.36	0		14.444505
24	163	9	0	0	7	10	32	5	11	190.14	0		7.484927
24	162	7	0	0	0	22	12	9	6	102.52	0		20.925035
24	158	1	0	0	19	22	30	5	6	162.86	1		2.208689
24	159	1	0	23	0	24	30	5	6	162.86	1		2.208689


-------------------------------------------------------------------------------------------------------------------
Tour_Id:			16
No_of_Customers:		2
No_of_Items:			18
Customer_Sequence:		52 17 

CustId	Id	TypeId	Rotated	x	y	z	Length	Width	Height	mass	Fragility	LoadBearingStrength
17	116	9	0	0	0	0	32	5	11	190.14	0		7.484927
17	113	5	0	0	5	0	34	7	14	400.36	0		14.444505
17	110	3	0	0	12	0	25	7	14	326.33	0		27.995509
17	114	8	0	0	19	0	24	6	14	265.95	0		15.051701
17	108	1	0	0	0	11	30	5	6	162.86	1		2.208689
52	342	5	0	0	5	14	34	7	14	400.36	0		14.444505
17	112	4	0	0	12	14	30	12	10	417.77	0		22.115903
17	111	3	0	25	12	0	25	7	14	326.33	0		27.995509
52	344	6	0	34	0	0	19	12	13	413.87	0		21.479694
52	346	7	0	0	12	24	12	9	6	102.52	0		20.925035
17	115	8	0	24	19	0	24	6	14	265.95	0		15.051701
17	109	1	0	0	0	17	30	5	6	162.86	1		2.208689
52	339	1	0	0	0	23	30	5	6	162.86	1		2.208689
52	341	3	0	30	12	14	25	7	14	326.33	0		27.995509
52	347	8	0	30	19	14	24	6	14	265.95	0		15.051701
52	345	7	0	12	12	24	12	9	6	102.52	0		20.925035
52	343	6	0	34	0	13	19	12	13	413.87	0		21.479694
52	340	3	1	53	0	0	25	7	14	326.33	0		27.995509


-------------------------------------------------------------------------------------------------------------------
Tour_Id:			17
No_of_Customers:		3
No_of_Items:			17
Customer_Sequence:		18 40 23 

CustId	Id	TypeId	Rotated	x	y	z	Length	Width	Height	mass	Fragility	LoadBearingStrength
23	151	4	0	0	0	0	30	12	10	417.77	0		22.115903
23	152	5	0	0	12	0	34	7	14	400.36	0		14.444505
23	153	6	0	0	0	10	19	12	13	413.87	0		21.479694
18	119	4	0	30	0	0	30	12	10	417.77	0		22.115903
23	157	10	0	0	12	14	23	7	12	334.43	0		7.826264
23	156	9	0	0	19	0	32	5	11	190.14	0		7.484927
23	154	7	0	0	0	23	12	9	6	102.52	0		20.925035
40	269	9	0	0	19	11	32	5	11	190.14	0		7.484927
40	267	7	1	12	0	23	12	9	6	102.52	0		20.925035
40	268	7	1	19	0	10	12	9	6	102.52	0		20.925035
40	266	1	0	0	19	22	30	5	6	162.86	1		2.208689
23	155	8	0	34	12	0	24	6	14	265.95	0		15.051701
18	120	5	0	23	12	14	34	7	14	400.36	0		14.444505
18	117	3	0	28	0	10	25	7	14	326.33	0		27.995509
18	118	3	0	34	18	0	25	7	14	326.33	0		27.995509
18	122	9	0	28	7	10	32	5	11	190.14	0		7.484927
18	121	7	0	28	0	24	12	9	6	102.52	0		20.925035


-------------------------------------------------------------------------------------------------------------------
Tour_Id:			18
No_of_Customers:		2
No_of_Items:			11
Customer_Sequence:		32 53 

CustId	Id	TypeId	Rotated	x	y	z	Length	Width	Height	mass	Fragility	LoadBearingStrength
53	349	4	0	0	0	0	30	12	10	417.77	0		22.115903
53	350	8	0	0	12	0	24	6	14	265.95	0		15.051701
53	348	2	0	0	0	10	32	12	10	728.93	1		15.078822
53	353	10	0	0	18	0	23	7	12	334.43	0		7.826264
32	212	2	0	0	0	20	32	12	10	728.93	1		15.078822
32	216	9	0	0	12	14	32	5	11	190.14	0		7.484927
32	213	5	0	23	18	0	34	7	14	400.36	0		14.444505
32	214	6	0	32	0	0	19	12	13	413.87	0		21.479694
53	351	8	0	24	12	0	24	6	14	265.95	0		15.051701
32	215	8	0	23	18	14	24	6	14	265.95	0		15.051701
53	352	10	0	0	18	12	23	7	12	334.43	0		7.826264


-------------------------------------------------------------------------------------------------------------------
Tour_Id:			19
No_of_Customers:		1
No_of_Items:			0
Customer_Sequence:		50 

-------------------------------------------------------------------------------------------------------------------
Tour_Id:			20
No_of_Customers:		2
No_of_Items:			16
Customer_Sequence:		20 30 

CustId	Id	TypeId	Rotated	x	y	z	Length	Width	Height	mass	Fragility	LoadBearingStrength
30	198	4	0	0	0	0	30	12	10	417.77	0		22.115903
30	199	5	0	0	12	0	34	7	14	400.36	0		14.444505
30	200	6	0	0	0	10	19	12	13	413.87	0		21.479694
30	203	9	0	0	19	0	32	5	11	190.14	0		7.484927
20	135	5	0	0	12	14	34	7	14	400.36	0		14.444505
30	202	9	0	0	19	11	32	5	11	190.14	0		7.484927
20	137	7	0	0	0	23	12	9	6	102.52	0		20.925035
20	134	4	0	30	0	0	30	12	10	417.77	0		22.115903
30	197	1	0	0	19	22	30	5	6	162.86	1		2.208689
30	201	8	0	32	19	0	24	6	14	265.95	0		15.051701
20	136	5	0	19	0	10	34	7	14	400.36	0		14.444505
20	132	1	0	12	0	24	30	5	6	162.86	1		2.208689
20	138	8	0	32	19	14	24	6	14	265.95	0		15.051701
30	204	10	0	34	12	0	23	7	12	334.43	0		7.826264
20	131	1	0	19	7	10	30	5	6	162.86	1		2.208689
20	133	3	0	34	12	12	25	7	14	326.33	0		27.995509


-------------------------------------------------------------------------------------------------------------------
Tour_Id:			21
No_of_Customers:		2
No_of_Items:			14
Customer_Sequence:		38 51 

CustId	Id	TypeId	Rotated	x	y	z	Length	Width	Height	mass	Fragility	LoadBearingStrength
51	338	10	0	0	0	0	23	7	12	334.43	0		7.826264
51	333	3	0	0	7	0	25	7	14	326.33	0		27.995509
51	336	9	0	0	14	0	32	5	11	190.14	0		7.484927
51	334	3	0	0	0	12	25	7	14	326.33	0		27.995509
38	255	4	0	25	0	0	30	12	10	417.77	0		22.115903
51	335	7	0	0	7	14	12	9	6	102.52	0		20.925035
51	337	9	0	0	19	0	32	5	11	190.14	0		7.484927
38	256	5	0	0	16	11	34	7	14	400.36	0		14.444505
38	257	5	0	25	0	10	34	7	14	400.36	0		14.444505
38	258	6	0	34	12	0	19	12	13	413.87	0		21.479694
38	260	10	0	34	12	13	23	7	12	334.43	0		7.826264
38	259	9	0	25	7	10	32	5	11	190.14	0		7.484927
38	253	1	0	25	7	21	30	5	6	162.86	1		2.208689
38	254	1	0	25	0	24	30	5	6	162.86	1		2.208689


-------------------------------------------------------------------------------------------------------------------
Tour_Id:			22
No_of_Customers:		2
No_of_Items:			14
Customer_Sequence:		16 48 

CustId	Id	TypeId	Rotated	x	y	z	Length	Width	Height	mass	Fragility	LoadBearingStrength
48	311	3	0	0	0	0	25	7	14	326.33	0		27.995509
48	312	3	0	0	7	0	25	7	14	326.33	0		27.995509
48	310	3	0	0	14	0	25	7	14	326.33	0		27.995509
48	317	9	0	0	0	14	32	5	11	190.14	0		7.484927
48	314	6	0	0	5	14	19	12	13	413.87	0		21.479694
16	105	7	0	25	7	0	12	9	6	102.52	0		20.925035
48	315	7	0	25	16	0	12	9	6	102.52	0		20.925035
48	313	5	0	25	0	0	34	7	14	400.36	0		14.444505
48	316	7	0	25	16	6	12	9	6	102.52	0		20.925035
16	104	3	0	32	0	14	25	7	14	326.33	0		27.995509
16	107	10	0	37	7	0	23	7	12	334.43	0		7.826264
48	318	10	0	37	16	0	23	7	12	334.43	0		7.826264
16	106	7	0	25	7	6	12	9	6	102.52	0		20.925035
16	103	2	0	25	7	12	32	12	10	728.93	1		15.078822


-------------------------------------------------------------------------------------------------------------------
Tour_Id:			23
No_of_Customers:		2
No_of_Items:			13
Customer_Sequence:		27 59 

CustId	Id	TypeId	Rotated	x	y	z	Length	Width	Height	mass	Fragility	LoadBearingStrength
59	390	5	0	0	0	0	34	7	14	400.36	0		14.444505
59	391	6	0	0	7	0	19	12	13	413.87	0		21.479694
59	389	2	0	19	7	0	32	12	10	728.93	1		15.078822
59	392	9	0	0	19	0	32	5	11	190.14	0		7.484927
59	393	10	0	0	7	13	23	7	12	334.43	0		7.826264
59	387	1	0	0	19	11	30	5	6	162.86	1		2.208689
59	388	1	0	0	0	14	30	5	6	162.86	1		2.208689
27	181	3	0	34	0	0	25	7	14	326.33	0		27.995509
27	183	10	0	30	0	14	23	7	12	334.43	0		7.826264
27	182	7	1	51	7	0	12	9	6	102.52	0		20.925035
27	179	2	0	23	7	10	32	12	10	728.93	1		15.078822
27	180	2	0	23	7	20	32	12	10	728.93	1		15.078822
27	178	1	0	0	19	17	30	5	6	162.86	1		2.208689


-------------------------------------------------------------------------------------------------------------------
Tour_Id:			24
No_of_Customers:		2
No_of_Items:			12
Customer_Sequence:		8 10 

CustId	Id	TypeId	Rotated	x	y	z	Length	Width	Height	mass	Fragility	LoadBearingStrength
10	66	4	0	0	0	0	30	12	10	417.77	0		22.115903
10	67	4	0	0	12	0	30	12	10	417.77	0		22.115903
10	65	3	0	0	0	10	25	7	14	326.33	0		27.995509
10	69	9	0	0	7	10	32	5	11	190.14	0		7.484927
8	52	6	0	0	12	10	19	12	13	413.87	0		21.479694
8	50	4	0	30	12	0	30	12	10	417.77	0		22.115903
8	51	5	0	19	12	10	34	7	14	400.36	0		14.444505
10	68	7	0	0	0	24	12	9	6	102.52	0		20.925035
8	53	6	0	32	0	0	19	12	13	413.87	0		21.479694
8	55	10	0	32	0	13	23	7	12	334.43	0		7.826264
8	54	9	0	19	19	10	32	5	11	190.14	0		7.484927
8	49	1	0	19	19	21	30	5	6	162.86	1		2.208689


-------------------------------------------------------------------------------------------------------------------
Tour_Id:			25
No_of_Customers:		2
No_of_Items:			13
Customer_Sequence:		21 46 

CustId	Id	TypeId	Rotated	x	y	z	Length	Width	Height	mass	Fragility	LoadBearingStrength
46	303	10	0	0	0	0	23	7	12	334.43	0		7.826264
46	298	4	0	0	7	0	30	12	10	417.77	0		22.115903
46	300	8	0	0	19	0	24	6	14	265.95	0		15.051701
46	297	3	0	0	7	10	25	7	14	326.33	0		27.995509
21	139	4	0	30	0	0	30	12	10	417.77	0		22.115903
46	302	9	0	0	14	10	32	5	11	190.14	0		7.484927
46	299	7	0	0	7	24	12	9	6	102.52	0		20.925035
21	144	10	0	0	0	12	23	7	12	334.43	0		7.826264
21	140	5	0	23	0	10	34	7	14	400.36	0		14.444505
21	141	6	0	32	12	0	19	12	13	413.87	0		21.479694
21	142	6	0	32	12	13	19	12	13	413.87	0		21.479694
46	301	9	0	0	19	14	32	5	11	190.14	0		7.484927
21	143	9	0	25	7	10	32	5	11	190.14	0		7.484927


-------------------------------------------------------------------------------------------------------------------
Tour_Id:			26
No_of_Customers:		2
No_of_Items:			11
Customer_Sequence:		29 4 

CustId	Id	TypeId	Rotated	x	y	z	Length	Width	Height	mass	Fragility	LoadBearingStrength
29	192	4	0	0	0	0	30	12	10	417.77	0		22.115903
4	21	8	0	0	12	0	24	6	14	265.95	0		15.051701
4	20	5	0	0	18	0	34	7	14	400.36	0		14.444505
4	19	2	0	0	12	14	32	12	10	728.93	1		15.078822
29	193	5	0	0	0	10	34	7	14	400.36	0		14.444505
4	22	9	0	24	12	0	32	5	11	190.14	0		7.484927
29	194	6	0	34	0	0	19	12	13	413.87	0		21.479694
29	191	3	0	34	18	0	25	7	14	326.33	0		27.995509
29	195	8	0	34	0	13	24	6	14	265.95	0		15.051701
29	196	9	0	0	7	10	32	5	11	190.14	0		7.484927
29	190	1	0	0	7	21	30	5	6	162.86	1		2.208689


-------------------------------------------------------------------------------------------------------------------
Tour_Id:			27
No_of_Customers:		1
No_of_Items:			0
Customer_Sequence:		7 

-------------------------------------------------------------------------------------------------------------------
Tour_Id:			28
No_of_Customers:		2
No_of_Items:			12
Customer_Sequence:		28 36 

CustId	Id	TypeId	Rotated	x	y	z	Length	Width	Height	mass	Fragility	LoadBearingStrength
36	240	5	0	0	0	0	34	7	14	400.36	0		14.444505
28	188	8	0	0	7	0	24	6	14	265.95	0		15.051701
36	241	6	0	0	13	0	19	12	13	413.87	0		21.479694
28	187	7	0	0	13	13	12	9	6	102.52	0		20.925035
36	239	5	0	0	0	14	34	7	14	400.36	0		14.444505
28	189	9	0	0	7	14	32	5	11	190.14	0		7.484927
36	238	1	0	19	13	0	30	5	6	162.86	1		2.208689
36	243	8	0	34	0	0	24	6	14	265.95	0		15.051701
28	184	1	0	19	18	0	30	5	6	162.86	1		2.208689
28	186	2	0	19	13	6	32	12	10	728.93	1		15.078822
36	242	8	0	34	0	14	24	6	14	265.95	0		15.051701
28	185	1	0	19	13	16	30	5	6	162.86	1		2.208689


-------------------------------------------------------------------------------------------------------------------
Tour_Id:			29
No_of_Customers:		2
No_of_Items:			12
Customer_Sequence:		13 19 

CustId	Id	TypeId	Rotated	x	y	z	Length	Width	Height	mass	Fragility	LoadBearingStrength
19	129	10	0	0	0	0	23	7	12	334.43	0		7.826264
19	125	6	0	0	7	0	19	12	13	413.87	0		21.479694
13	88	4	0	19	7	0	30	12	10	417.77	0		22.115903
19	130	10	0	0	0	12	23	7	12	334.43	0		7.826264
19	127	9	0	0	19	0	32	5	11	190.14	0		7.484927
19	128	9	0	0	19	11	32	5	11	190.14	0		7.484927
19	126	7	0	0	7	13	12	9	6	102.52	0		20.925035
19	123	1	0	0	19	22	30	5	6	162.86	1		2.208689
19	124	5	0	23	0	0	34	7	14	400.36	0		14.444505
13	87	2	0	19	7	10	32	12	10	728.93	1		15.078822
13	90	10	0	23	0	14	23	7	12	334.43	0		7.826264
13	89	8	0	32	19	0	24	6	14	265.95	0		15.051701


-------------------------------------------------------------------------------------------------------------------
Tour_Id:			30
No_of_Customers:		2
No_of_Items:			14
Customer_Sequence:		14 60 

CustId	Id	TypeId	Rotated	x	y	z	Length	Width	Height	mass	Fragility	LoadBearingStrength
60	397	4	0	0	0	0	30	12	10	417.77	0		22.115903
60	396	3	0	0	12	0	25	7	14	326.33	0		27.995509
60	398	5	0	0	0	10	34	7	14	400.36	0		14.444505
14	96	9	0	0	19	0	32	5	11	190.14	0		7.484927
60	400	10	0	0	12	14	23	7	12	334.43	0		7.826264
60	394	1	0	0	7	10	30	5	6	162.86	1		2.208689
60	395	1	0	0	7	16	30	5	6	162.86	1		2.208689
14	94	5	0	25	12	0	34	7	14	400.36	0		14.444505
14	95	6	0	34	0	0	19	12	13	413.87	0		21.479694
14	93	3	0	23	12	14	25	7	14	326.33	0		27.995509
14	97	10	0	34	0	13	23	7	12	334.43	0		7.826264
60	399	7	0	0	0	24	12	9	6	102.52	0		20.925035
14	91	1	0	0	19	11	30	5	6	162.86	1		2.208689
14	92	1	0	0	19	17	30	5	6	162.86	1		2.208689


