Name:				427_n060_m400_bt10
Problem:			3L-VRPTW
Number_of_used_Vehicles:	36
Total_Travel_Distance:		2111.02
Calculation_Time:		52.14
Total_Iterations:		13036
ConstraintSet:			P1

-------------------------------------------------------------------------------------------------------------------
Tour_Id:			1
No_of_Customers:		1
No_of_Items:			0
Customer_Sequence:		16 

-------------------------------------------------------------------------------------------------------------------
Tour_Id:			2
No_of_Customers:		1
No_of_Items:			0
Customer_Sequence:		18 

-------------------------------------------------------------------------------------------------------------------
Tour_Id:			3
No_of_Customers:		2
No_of_Items:			13
Customer_Sequence:		54 22 

CustId	Id	TypeId	Rotated	x	y	z	Length	Width	Height	mass	Fragility	LoadBearingStrength
22	154	9	0	0	0	0	27	14	10	463.37	0		25.256578
22	152	6	0	0	14	0	26	11	10	244.40	0		29.903293
22	155	10	0	0	0	10	23	5	9	221.53	0		27.260682
22	156	10	0	0	5	10	23	5	9	221.53	0		27.260682
22	151	1	0	0	10	10	21	12	12	346.83	1		1.368536
22	153	7	0	0	10	22	16	11	8	173.82	1		5.492029
54	360	5	0	26	14	0	25	11	12	509.48	0		26.903648
54	358	3	0	0	0	19	30	9	11	442.93	0		28.196042
54	361	6	0	26	14	12	26	11	10	244.40	0		29.903293
54	363	8	0	27	0	0	25	7	11	216.72	0		23.403839
54	364	8	0	27	7	0	25	7	11	216.72	0		23.403839
54	359	4	1	52	0	0	16	8	9	134.65	0		24.955611
54	362	7	0	26	14	22	16	11	8	173.82	1		5.492029


-------------------------------------------------------------------------------------------------------------------
Tour_Id:			4
No_of_Customers:		1
No_of_Items:			0
Customer_Sequence:		24 

-------------------------------------------------------------------------------------------------------------------
Tour_Id:			5
No_of_Customers:		3
No_of_Items:			14
Customer_Sequence:		60 28 42 

CustId	Id	TypeId	Rotated	x	y	z	Length	Width	Height	mass	Fragility	LoadBearingStrength
42	280	9	0	0	0	0	27	14	10	463.37	0		25.256578
42	277	3	0	0	14	0	30	9	11	442.93	0		28.196042
42	276	2	0	0	0	10	25	8	10	411.16	0		38.816547
28	196	3	0	0	14	11	30	9	11	442.93	0		28.196042
42	278	4	0	0	0	20	16	8	9	134.65	0		24.955611
28	197	6	0	27	0	0	26	11	10	244.40	0		29.903293
28	195	2	0	25	0	10	25	8	10	411.16	0		38.816547
42	279	7	0	30	14	0	16	11	8	173.82	1		5.492029
28	198	10	0	0	8	10	23	5	9	221.53	0		27.260682
60	396	2	0	16	0	20	25	8	10	411.16	0		38.816547
60	398	8	1	53	0	0	25	7	11	216.72	0		23.403839
60	399	8	1	53	0	11	25	7	11	216.72	0		23.403839
60	400	10	0	0	8	19	23	5	9	221.53	0		27.260682
60	397	7	0	0	14	22	16	11	8	173.82	1		5.492029


-------------------------------------------------------------------------------------------------------------------
Tour_Id:			6
No_of_Customers:		2
No_of_Items:			13
Customer_Sequence:		37 9 

CustId	Id	TypeId	Rotated	x	y	z	Length	Width	Height	mass	Fragility	LoadBearingStrength
9	61	9	0	0	0	0	27	14	10	463.37	0		25.256578
9	58	5	0	0	14	0	25	11	12	509.48	0		26.903648
9	57	2	0	0	0	10	25	8	10	411.16	0		38.816547
37	249	7	0	0	14	12	16	11	8	173.82	1		5.492029
9	63	10	0	0	8	10	23	5	9	221.53	0		27.260682
9	55	1	0	27	0	0	21	12	12	346.83	1		1.368536
9	59	6	0	25	14	0	26	11	10	244.40	0		29.903293
9	62	10	0	0	8	19	23	5	9	221.53	0		27.260682
9	60	7	0	25	0	12	16	11	8	173.82	1		5.492029
37	247	6	0	25	12	10	26	11	10	244.40	0		29.903293
37	250	10	0	0	0	20	23	5	9	221.53	0		27.260682
37	248	7	0	0	14	20	16	11	8	173.82	1		5.492029
9	56	2	1	51	0	0	25	8	10	411.16	0		38.816547


-------------------------------------------------------------------------------------------------------------------
Tour_Id:			7
No_of_Customers:		2
No_of_Items:			12
Customer_Sequence:		46 12 

CustId	Id	TypeId	Rotated	x	y	z	Length	Width	Height	mass	Fragility	LoadBearingStrength
12	79	3	0	0	0	0	30	9	11	442.93	0		28.196042
12	77	1	0	0	9	0	21	12	12	346.83	1		1.368536
12	78	2	0	0	0	11	25	8	10	411.16	0		38.816547
12	81	10	0	0	0	21	23	5	9	221.53	0		27.260682
12	80	7	0	0	9	12	16	11	8	173.82	1		5.492029
46	308	9	0	21	9	0	27	14	10	463.37	0		25.256578
46	309	9	0	21	9	10	27	14	10	463.37	0		25.256578
46	305	5	1	48	0	0	25	11	12	509.48	0		26.903648
46	306	6	0	21	9	20	26	11	10	244.40	0		29.903293
46	307	8	1	48	0	12	25	7	11	216.72	0		23.403839
46	304	4	0	30	0	0	16	8	9	134.65	0		24.955611
46	310	10	1	55	0	12	23	5	9	221.53	0		27.260682


-------------------------------------------------------------------------------------------------------------------
Tour_Id:			8
No_of_Customers:		1
No_of_Items:			0
Customer_Sequence:		45 

-------------------------------------------------------------------------------------------------------------------
Tour_Id:			9
No_of_Customers:		1
No_of_Items:			0
Customer_Sequence:		36 

-------------------------------------------------------------------------------------------------------------------
Tour_Id:			10
No_of_Customers:		2
No_of_Items:			11
Customer_Sequence:		48 51 

CustId	Id	TypeId	Rotated	x	y	z	Length	Width	Height	mass	Fragility	LoadBearingStrength
51	341	6	0	0	0	0	26	11	10	244.40	0		29.903293
51	342	6	0	0	11	0	26	11	10	244.40	0		29.903293
51	344	7	0	0	0	10	16	11	8	173.82	1		5.492029
51	343	6	0	0	11	10	26	11	10	244.40	0		29.903293
48	324	8	0	26	0	0	25	7	11	216.72	0		23.403839
48	320	3	0	26	7	0	30	9	11	442.93	0		28.196042
48	321	6	0	0	11	20	26	11	10	244.40	0		29.903293
48	319	2	0	26	16	0	25	8	10	411.16	0		38.816547
48	325	9	0	26	0	11	27	14	10	463.37	0		25.256578
48	322	7	0	0	0	18	16	11	8	173.82	1		5.492029
48	323	7	0	26	0	21	16	11	8	173.82	1		5.492029


-------------------------------------------------------------------------------------------------------------------
Tour_Id:			11
No_of_Customers:		1
No_of_Items:			0
Customer_Sequence:		19 

-------------------------------------------------------------------------------------------------------------------
Tour_Id:			12
No_of_Customers:		2
No_of_Items:			12
Customer_Sequence:		41 57 

CustId	Id	TypeId	Rotated	x	y	z	Length	Width	Height	mass	Fragility	LoadBearingStrength
57	385	9	0	0	0	0	27	14	10	463.37	0		25.256578
57	382	5	0	0	14	0	25	11	12	509.48	0		26.903648
57	383	5	0	0	0	10	25	11	12	509.48	0		26.903648
57	381	4	0	0	14	12	16	8	9	134.65	0		24.955611
57	380	1	0	27	0	0	21	12	12	346.83	1		1.368536
57	384	7	0	0	0	22	16	11	8	173.82	1		5.492029
41	273	5	0	25	14	0	25	11	12	509.48	0		26.903648
41	272	3	0	16	14	12	30	9	11	442.93	0		28.196042
41	270	2	1	50	0	0	25	8	10	411.16	0		38.816547
41	271	2	1	50	0	10	25	8	10	411.16	0		38.816547
41	275	10	1	50	0	20	23	5	9	221.53	0		27.260682
41	274	7	0	25	0	12	16	11	8	173.82	1		5.492029


-------------------------------------------------------------------------------------------------------------------
Tour_Id:			13
No_of_Customers:		2
No_of_Items:			15
Customer_Sequence:		15 27 

CustId	Id	TypeId	Rotated	x	y	z	Length	Width	Height	mass	Fragility	LoadBearingStrength
27	192	6	0	0	0	0	26	11	10	244.40	0		29.903293
27	189	2	0	0	11	0	25	8	10	411.16	0		38.816547
27	190	2	0	0	0	10	25	8	10	411.16	0		38.816547
27	193	8	0	0	8	10	25	7	11	216.72	0		23.403839
27	191	4	0	0	0	20	16	8	9	134.65	0		24.955611
27	194	10	0	0	19	0	23	5	9	221.53	0		27.260682
15	102	6	0	25	11	0	26	11	10	244.40	0		29.903293
15	101	5	0	25	11	10	25	11	12	509.48	0		26.903648
15	100	5	0	26	0	0	25	11	12	509.48	0		26.903648
15	97	2	0	25	0	12	25	8	10	411.16	0		38.816547
15	104	8	1	51	0	0	25	7	11	216.72	0		23.403839
15	98	4	0	0	8	21	16	8	9	134.65	0		24.955611
15	99	4	1	51	0	11	16	8	9	134.65	0		24.955611
15	105	10	0	0	19	9	23	5	9	221.53	0		27.260682
15	103	7	1	25	0	22	16	11	8	173.82	1		5.492029


-------------------------------------------------------------------------------------------------------------------
Tour_Id:			14
No_of_Customers:		2
No_of_Items:			11
Customer_Sequence:		32 52 

CustId	Id	TypeId	Rotated	x	y	z	Length	Width	Height	mass	Fragility	LoadBearingStrength
52	348	9	0	0	0	0	27	14	10	463.37	0		25.256578
52	349	9	0	0	0	10	27	14	10	463.37	0		25.256578
32	218	9	0	0	0	20	27	14	10	463.37	0		25.256578
52	345	3	0	0	14	0	30	9	11	442.93	0		28.196042
52	346	7	0	0	14	11	16	11	8	173.82	1		5.492029
52	347	8	0	27	0	0	25	7	11	216.72	0		23.403839
32	216	3	0	30	14	0	30	9	11	442.93	0		28.196042
32	215	2	0	16	14	11	25	8	10	411.16	0		38.816547
32	217	8	0	27	7	0	25	7	11	216.72	0		23.403839
32	219	10	0	16	14	21	23	5	9	221.53	0		27.260682
32	214	1	0	27	0	11	21	12	12	346.83	1		1.368536


-------------------------------------------------------------------------------------------------------------------
Tour_Id:			15
No_of_Customers:		2
No_of_Items:			15
Customer_Sequence:		33 23 

CustId	Id	TypeId	Rotated	x	y	z	Length	Width	Height	mass	Fragility	LoadBearingStrength
23	162	9	0	0	0	0	27	14	10	463.37	0		25.256578
23	163	9	0	0	0	10	27	14	10	463.37	0		25.256578
23	164	9	0	0	0	20	27	14	10	463.37	0		25.256578
23	157	5	0	0	14	0	25	11	12	509.48	0		26.903648
23	158	6	0	0	14	12	26	11	10	244.40	0		29.903293
23	159	6	0	25	14	0	26	11	10	244.40	0		29.903293
23	160	8	0	27	0	0	25	7	11	216.72	0		23.403839
23	161	8	0	27	7	0	25	7	11	216.72	0		23.403839
33	220	3	0	27	0	11	30	9	11	442.93	0		28.196042
23	165	10	0	27	9	11	23	5	9	221.53	0		27.260682
33	221	6	0	26	14	10	26	11	10	244.40	0		29.903293
33	222	6	0	26	14	20	26	11	10	244.40	0		29.903293
33	225	8	1	52	0	0	25	7	11	216.72	0		23.403839
33	223	7	0	0	14	22	16	11	8	173.82	1		5.492029
33	224	7	0	27	0	22	16	11	8	173.82	1		5.492029


-------------------------------------------------------------------------------------------------------------------
Tour_Id:			16
No_of_Customers:		1
No_of_Items:			0
Customer_Sequence:		21 

-------------------------------------------------------------------------------------------------------------------
Tour_Id:			17
No_of_Customers:		1
No_of_Items:			0
Customer_Sequence:		14 

-------------------------------------------------------------------------------------------------------------------
Tour_Id:			18
No_of_Customers:		2
No_of_Items:			13
Customer_Sequence:		34 58 

CustId	Id	TypeId	Rotated	x	y	z	Length	Width	Height	mass	Fragility	LoadBearingStrength
58	387	2	0	0	0	0	25	8	10	411.16	0		38.816547
58	391	8	0	0	8	0	25	7	11	216.72	0		23.403839
58	390	6	0	25	0	0	26	11	10	244.40	0		29.903293
58	388	3	0	0	15	0	30	9	11	442.93	0		28.196042
58	389	4	0	0	0	10	16	8	9	134.65	0		24.955611
58	386	1	0	0	8	11	21	12	12	346.83	1		1.368536
34	227	3	0	25	0	10	30	9	11	442.93	0		28.196042
34	230	4	0	0	0	19	16	8	9	134.65	0		24.955611
34	229	4	0	21	0	21	16	8	9	134.65	0		24.955611
34	226	2	0	30	11	0	25	8	10	411.16	0		38.816547
34	228	3	0	30	9	10	30	9	11	442.93	0		28.196042
34	231	7	0	30	9	21	16	11	8	173.82	1		5.492029
34	232	7	1	46	0	21	16	11	8	173.82	1		5.492029


-------------------------------------------------------------------------------------------------------------------
Tour_Id:			19
No_of_Customers:		1
No_of_Items:			0
Customer_Sequence:		2 

-------------------------------------------------------------------------------------------------------------------
Tour_Id:			20
No_of_Customers:		2
No_of_Items:			13
Customer_Sequence:		6 49 

CustId	Id	TypeId	Rotated	x	y	z	Length	Width	Height	mass	Fragility	LoadBearingStrength
49	332	9	0	0	0	0	27	14	10	463.37	0		25.256578
49	327	2	0	0	14	0	25	8	10	411.16	0		38.816547
49	328	3	0	0	0	10	30	9	11	442.93	0		28.196042
49	330	8	0	0	9	10	25	7	11	216.72	0		23.403839
49	331	8	0	0	16	10	25	7	11	216.72	0		23.403839
49	329	4	0	0	0	21	16	8	9	134.65	0		24.955611
49	333	10	0	0	8	21	23	5	9	221.53	0		27.260682
49	334	10	0	0	13	21	23	5	9	221.53	0		27.260682
49	326	1	0	30	0	0	21	12	12	346.83	1		1.368536
6	41	3	0	25	14	0	30	9	11	442.93	0		28.196042
6	40	2	0	25	12	11	25	8	10	411.16	0		38.816547
6	42	4	0	16	0	21	16	8	9	134.65	0		24.955611
6	39	1	0	32	0	12	21	12	12	346.83	1		1.368536


-------------------------------------------------------------------------------------------------------------------
Tour_Id:			21
No_of_Customers:		2
No_of_Items:			12
Customer_Sequence:		29 38 

CustId	Id	TypeId	Rotated	x	y	z	Length	Width	Height	mass	Fragility	LoadBearingStrength
38	251	3	0	0	0	0	30	9	11	442.93	0		28.196042
38	252	3	0	0	9	0	30	9	11	442.93	0		28.196042
38	254	6	0	0	0	11	26	11	10	244.40	0		29.903293
38	255	8	0	0	18	0	25	7	11	216.72	0		23.403839
38	253	4	0	0	11	11	16	8	9	134.65	0		24.955611
29	203	9	0	30	0	0	27	14	10	463.37	0		25.256578
29	201	5	0	30	14	0	25	11	12	509.48	0		26.903648
29	200	4	0	0	11	20	16	8	9	134.65	0		24.955611
29	204	10	0	0	19	11	23	5	9	221.53	0		27.260682
29	205	10	0	0	19	20	23	5	9	221.53	0		27.260682
29	199	1	0	30	0	10	21	12	12	346.83	1		1.368536
29	202	7	0	0	0	21	16	11	8	173.82	1		5.492029


-------------------------------------------------------------------------------------------------------------------
Tour_Id:			22
No_of_Customers:		2
No_of_Items:			12
Customer_Sequence:		25 59 

CustId	Id	TypeId	Rotated	x	y	z	Length	Width	Height	mass	Fragility	LoadBearingStrength
59	394	5	0	0	0	0	25	11	12	509.48	0		26.903648
59	395	6	0	0	11	0	26	11	10	244.40	0		29.903293
59	393	2	0	0	11	10	25	8	10	411.16	0		38.816547
25	180	10	0	0	0	12	23	5	9	221.53	0		27.260682
59	392	1	0	26	0	0	21	12	12	346.83	1		1.368536
25	175	6	0	26	12	0	26	11	10	244.40	0		29.903293
25	174	5	0	25	12	10	25	11	12	509.48	0		26.903648
25	178	8	1	52	0	0	25	7	11	216.72	0		23.403839
25	179	10	0	0	5	12	23	5	9	221.53	0		27.260682
25	177	8	1	52	0	11	25	7	11	216.72	0		23.403839
25	173	1	0	25	0	12	21	12	12	346.83	1		1.368536
25	176	7	0	0	0	21	16	11	8	173.82	1		5.492029


-------------------------------------------------------------------------------------------------------------------
Tour_Id:			23
No_of_Customers:		2
No_of_Items:			14
Customer_Sequence:		17 7 

CustId	Id	TypeId	Rotated	x	y	z	Length	Width	Height	mass	Fragility	LoadBearingStrength
7	43	6	0	0	0	0	26	11	10	244.40	0		29.903293
7	45	8	0	0	11	0	25	7	11	216.72	0		23.403839
7	46	10	0	0	18	0	23	5	9	221.53	0		27.260682
17	115	1	0	25	11	0	21	12	12	346.83	1		1.368536
7	48	10	0	0	18	9	23	5	9	221.53	0		27.260682
7	44	7	0	0	0	10	16	11	8	173.82	1		5.492029
17	116	5	0	26	0	0	25	11	12	509.48	0		26.903648
17	117	6	0	26	0	12	26	11	10	244.40	0		29.903293
17	121	10	0	0	11	11	23	5	9	221.53	0		27.260682
17	120	8	1	51	0	0	25	7	11	216.72	0		23.403839
17	114	1	0	23	11	12	21	12	12	346.83	1		1.368536
17	118	7	0	0	0	18	16	11	8	173.82	1		5.492029
7	47	10	0	0	18	18	23	5	9	221.53	0		27.260682
17	119	7	0	26	0	22	16	11	8	173.82	1		5.492029


-------------------------------------------------------------------------------------------------------------------
Tour_Id:			24
No_of_Customers:		2
No_of_Items:			13
Customer_Sequence:		53 20 

CustId	Id	TypeId	Rotated	x	y	z	Length	Width	Height	mass	Fragility	LoadBearingStrength
20	140	4	0	0	0	0	16	8	9	134.65	0		24.955611
20	143	8	0	0	8	0	25	7	11	216.72	0		23.403839
53	352	2	0	0	15	0	25	8	10	411.16	0		38.816547
20	139	1	0	25	0	0	21	12	12	346.83	1		1.368536
53	350	1	0	25	12	0	21	12	12	346.83	1		1.368536
20	142	8	0	0	8	11	25	7	11	216.72	0		23.403839
53	351	2	0	0	15	10	25	8	10	411.16	0		38.816547
53	353	5	1	46	0	0	25	11	12	509.48	0		26.903648
53	356	8	1	46	0	12	25	7	11	216.72	0		23.403839
53	357	10	0	0	15	20	23	5	9	221.53	0		27.260682
20	141	7	0	25	0	12	16	11	8	173.82	1		5.492029
53	354	7	0	25	11	12	16	11	8	173.82	1		5.492029
53	355	7	0	25	0	20	16	11	8	173.82	1		5.492029


-------------------------------------------------------------------------------------------------------------------
Tour_Id:			25
No_of_Customers:		2
No_of_Items:			14
Customer_Sequence:		44 26 

CustId	Id	TypeId	Rotated	x	y	z	Length	Width	Height	mass	Fragility	LoadBearingStrength
26	182	5	0	0	0	0	25	11	12	509.48	0		26.903648
26	183	6	0	0	11	0	26	11	10	244.40	0		29.903293
26	186	8	0	0	11	10	25	7	11	216.72	0		23.403839
26	187	8	0	0	0	12	25	7	11	216.72	0		23.403839
26	181	4	0	0	11	21	16	8	9	134.65	0		24.955611
26	188	10	0	0	18	10	23	5	9	221.53	0		27.260682
26	184	7	0	25	0	0	16	11	8	173.82	1		5.492029
26	185	7	0	25	0	8	16	11	8	173.82	1		5.492029
44	291	3	0	26	11	0	30	9	11	442.93	0		28.196042
44	290	2	0	25	11	11	25	8	10	411.16	0		38.816547
44	292	4	0	16	11	21	16	8	9	134.65	0		24.955611
44	293	7	0	25	0	16	16	11	8	173.82	1		5.492029
44	294	7	0	41	0	0	16	11	8	173.82	1		5.492029
44	295	7	0	41	0	8	16	11	8	173.82	1		5.492029


-------------------------------------------------------------------------------------------------------------------
Tour_Id:			26
No_of_Customers:		1
No_of_Items:			0
Customer_Sequence:		43 

-------------------------------------------------------------------------------------------------------------------
Tour_Id:			27
No_of_Customers:		2
No_of_Items:			14
Customer_Sequence:		55 5 

CustId	Id	TypeId	Rotated	x	y	z	Length	Width	Height	mass	Fragility	LoadBearingStrength
5	32	2	0	0	0	0	25	8	10	411.16	0		38.816547
5	33	2	0	0	8	0	25	8	10	411.16	0		38.816547
5	34	2	0	0	16	0	25	8	10	411.16	0		38.816547
5	35	2	0	0	0	10	25	8	10	411.16	0		38.816547
5	31	1	0	0	8	10	21	12	12	346.83	1		1.368536
5	37	8	0	25	0	0	25	7	11	216.72	0		23.403839
5	38	10	0	0	20	10	23	5	9	221.53	0		27.260682
5	36	8	0	25	7	0	25	7	11	216.72	0		23.403839
55	369	5	0	25	14	0	25	11	12	509.48	0		26.903648
55	367	3	0	25	0	11	30	9	11	442.93	0		28.196042
55	365	2	0	0	0	20	25	8	10	411.16	0		38.816547
55	366	2	0	25	14	12	25	8	10	411.16	0		38.816547
55	368	4	1	50	0	0	16	8	9	134.65	0		24.955611
55	370	7	0	0	8	22	16	11	8	173.82	1		5.492029


-------------------------------------------------------------------------------------------------------------------
Tour_Id:			28
No_of_Customers:		2
No_of_Items:			13
Customer_Sequence:		31 56 

CustId	Id	TypeId	Rotated	x	y	z	Length	Width	Height	mass	Fragility	LoadBearingStrength
56	377	9	0	0	0	0	27	14	10	463.37	0		25.256578
56	371	1	0	0	0	10	21	12	12	346.83	1		1.368536
56	374	5	0	0	14	0	25	11	12	509.48	0		26.903648
56	372	2	0	0	12	12	25	8	10	411.16	0		38.816547
56	373	2	0	25	14	0	25	8	10	411.16	0		38.816547
56	379	10	0	0	20	12	23	5	9	221.53	0		27.260682
56	375	7	0	0	0	22	16	11	8	173.82	1		5.492029
56	378	9	0	27	0	0	27	14	10	463.37	0		25.256578
56	376	7	0	0	11	22	16	11	8	173.82	1		5.492029
31	213	9	0	25	0	10	27	14	10	463.37	0		25.256578
31	211	6	0	25	0	20	26	11	10	244.40	0		29.903293
31	212	8	0	25	14	10	25	7	11	216.72	0		23.403839
31	210	4	0	25	14	21	16	8	9	134.65	0		24.955611


-------------------------------------------------------------------------------------------------------------------
Tour_Id:			29
No_of_Customers:		2
No_of_Items:			13
Customer_Sequence:		11 10 

CustId	Id	TypeId	Rotated	x	y	z	Length	Width	Height	mass	Fragility	LoadBearingStrength
10	70	9	0	0	0	0	27	14	10	463.37	0		25.256578
10	68	7	0	0	14	0	16	11	8	173.82	1		5.492029
10	66	6	0	0	0	10	26	11	10	244.40	0		29.903293
10	64	2	0	0	0	20	25	8	10	411.16	0		38.816547
10	67	7	0	0	14	8	16	11	8	173.82	1		5.492029
10	65	3	0	16	14	0	30	9	11	442.93	0		28.196042
10	69	7	0	0	14	16	16	11	8	173.82	1		5.492029
11	73	5	0	16	14	11	25	11	12	509.48	0		26.903648
11	74	6	0	27	0	0	26	11	10	244.40	0		29.903293
11	71	2	0	26	0	10	25	8	10	411.16	0		38.816547
11	72	4	0	25	0	20	16	8	9	134.65	0		24.955611
11	75	10	1	53	0	0	23	5	9	221.53	0		27.260682
11	76	10	1	53	0	9	23	5	9	221.53	0		27.260682


-------------------------------------------------------------------------------------------------------------------
Tour_Id:			30
No_of_Customers:		1
No_of_Items:			0
Customer_Sequence:		47 

-------------------------------------------------------------------------------------------------------------------
Tour_Id:			31
No_of_Customers:		2
No_of_Items:			11
Customer_Sequence:		50 1 

CustId	Id	TypeId	Rotated	x	y	z	Length	Width	Height	mass	Fragility	LoadBearingStrength
1	3	5	0	0	0	0	25	11	12	509.48	0		26.903648
1	1	1	0	0	11	0	21	12	12	346.83	1		1.368536
50	338	7	0	0	0	12	16	11	8	173.82	1		5.492029
1	4	9	0	21	11	0	27	14	10	463.37	0		25.256578
1	5	9	0	21	11	10	27	14	10	463.37	0		25.256578
50	340	9	0	21	11	20	27	14	10	463.37	0		25.256578
50	337	5	0	25	0	0	25	11	12	509.48	0		26.903648
50	335	3	0	16	0	12	30	9	11	442.93	0		28.196042
50	339	8	1	50	0	0	25	7	11	216.72	0		23.403839
50	336	4	1	50	0	11	16	8	9	134.65	0		24.955611
1	2	1	0	0	11	12	21	12	12	346.83	1		1.368536


-------------------------------------------------------------------------------------------------------------------
Tour_Id:			32
No_of_Customers:		1
No_of_Items:			0
Customer_Sequence:		3 

-------------------------------------------------------------------------------------------------------------------
Tour_Id:			33
No_of_Customers:		2
No_of_Items:			14
Customer_Sequence:		39 8 

CustId	Id	TypeId	Rotated	x	y	z	Length	Width	Height	mass	Fragility	LoadBearingStrength
8	50	1	0	0	0	0	21	12	12	346.83	1		1.368536
8	51	4	0	0	12	0	16	8	9	134.65	0		24.955611
8	52	9	0	21	0	0	27	14	10	463.37	0		25.256578
8	49	1	0	0	0	12	21	12	12	346.83	1		1.368536
8	54	10	0	0	20	0	23	5	9	221.53	0		27.260682
8	53	9	0	21	0	10	27	14	10	463.37	0		25.256578
39	262	9	0	21	0	20	27	14	10	463.37	0		25.256578
39	257	5	0	0	14	9	25	11	12	509.48	0		26.903648
39	258	6	0	25	14	0	26	11	10	244.40	0		29.903293
39	259	6	0	25	14	10	26	11	10	244.40	0		29.903293
39	256	2	0	25	14	20	25	8	10	411.16	0		38.816547
39	261	8	1	51	0	0	25	7	11	216.72	0		23.403839
39	260	7	0	0	14	21	16	11	8	173.82	1		5.492029
39	263	10	1	51	0	11	23	5	9	221.53	0		27.260682


-------------------------------------------------------------------------------------------------------------------
Tour_Id:			34
No_of_Customers:		2
No_of_Items:			13
Customer_Sequence:		35 4 

CustId	Id	TypeId	Rotated	x	y	z	Length	Width	Height	mass	Fragility	LoadBearingStrength
4	24	4	0	0	0	0	16	8	9	134.65	0		24.955611
4	23	3	0	0	8	0	30	9	11	442.93	0		28.196042
4	28	8	0	0	17	0	25	7	11	216.72	0		23.403839
4	29	9	0	0	8	11	27	14	10	463.37	0		25.256578
4	25	4	0	0	0	9	16	8	9	134.65	0		24.955611
35	234	3	0	30	0	0	30	9	11	442.93	0		28.196042
4	26	4	0	0	0	18	16	8	9	134.65	0		24.955611
4	27	7	0	0	8	21	16	11	8	173.82	1		5.492029
4	30	10	0	25	17	0	23	5	9	221.53	0		27.260682
35	237	6	0	27	0	11	26	11	10	244.40	0		29.903293
35	233	2	0	30	9	0	25	8	10	411.16	0		38.816547
35	235	4	0	16	8	21	16	8	9	134.65	0		24.955611
35	236	4	0	32	0	21	16	8	9	134.65	0		24.955611


-------------------------------------------------------------------------------------------------------------------
Tour_Id:			35
No_of_Customers:		2
No_of_Items:			10
Customer_Sequence:		30 13 

CustId	Id	TypeId	Rotated	x	y	z	Length	Width	Height	mass	Fragility	LoadBearingStrength
13	86	9	0	0	0	0	27	14	10	463.37	0		25.256578
13	84	5	0	0	14	0	25	11	12	509.48	0		26.903648
13	83	3	0	0	0	10	30	9	11	442.93	0		28.196042
13	87	10	0	0	9	10	23	5	9	221.53	0		27.260682
13	82	1	0	30	0	0	21	12	12	346.83	1		1.368536
13	85	7	0	0	14	12	16	11	8	173.82	1		5.492029
30	207	5	0	25	14	0	25	11	12	509.48	0		26.903648
30	208	5	0	16	14	12	25	11	12	509.48	0		26.903648
30	209	10	0	0	9	19	23	5	9	221.53	0		27.260682
30	206	1	0	30	0	12	21	12	12	346.83	1		1.368536


-------------------------------------------------------------------------------------------------------------------
Tour_Id:			36
No_of_Customers:		1
No_of_Items:			0
Customer_Sequence:		40 

