Name:				428_n060_m400_bt10
Problem:			3L-VRPTW
Number_of_used_Vehicles:	27
Total_Travel_Distance:		1819.22
Calculation_Time:		3600.00
Total_Iterations:		5468
ConstraintSet:			P1

-------------------------------------------------------------------------------------------------------------------
Tour_Id:			1
No_of_Customers:		2
No_of_Items:			12
Customer_Sequence:		14 42 

CustId	Id	TypeId	Rotated	x	y	z	Length	Width	Height	mass	Fragility	LoadBearingStrength
42	275	8	0	0	0	0	25	7	9	244.84	0		12.753652
42	276	8	0	0	7	0	25	7	9	244.84	0		12.753652
42	272	1	0	0	14	0	32	8	11	400.41	0		4.994290
42	274	7	0	0	0	9	30	12	12	531.11	0		13.014246
42	271	1	0	0	14	11	32	8	11	400.41	0		4.994290
42	273	2	0	0	0	21	20	12	9	234.40	0		9.834638
42	277	10	0	0	14	22	28	8	7	229.03	1		2.173659
14	85	7	0	30	0	0	30	12	12	531.11	0		13.014246
14	84	6	0	30	0	12	14	14	9	308.99	0		4.194740
14	82	4	0	20	0	21	14	13	9	292.79	0		5.132699
14	86	9	0	32	14	0	17	10	8	150.98	0		7.701039
14	83	5	0	32	14	8	12	6	12	121.03	0		11.464783


-------------------------------------------------------------------------------------------------------------------
Tour_Id:			2
No_of_Customers:		2
No_of_Items:			14
Customer_Sequence:		31 35 

CustId	Id	TypeId	Rotated	x	y	z	Length	Width	Height	mass	Fragility	LoadBearingStrength
35	226	6	0	0	0	0	14	14	9	308.99	0		4.194740
35	227	6	0	0	0	9	14	14	9	308.99	0		4.194740
35	225	4	0	0	0	18	14	13	9	292.79	0		5.132699
35	228	10	0	0	14	0	28	8	7	229.03	1		2.173659
31	200	4	0	14	0	0	14	13	9	292.79	0		5.132699
35	224	3	0	0	14	7	18	5	11	143.50	1		2.790129
31	205	7	0	28	0	0	30	12	12	531.11	0		13.014246
31	206	7	0	28	12	0	30	12	12	531.11	0		13.014246
31	207	10	0	28	0	12	28	8	7	229.03	1		2.173659
35	223	3	0	0	13	18	18	5	11	143.50	1		2.790129
31	201	4	0	14	0	9	14	13	9	292.79	0		5.132699
31	202	5	0	14	0	18	12	6	12	121.03	0		11.464783
31	203	5	0	14	6	18	12	6	12	121.03	0		11.464783
31	204	6	0	28	8	12	14	14	9	308.99	0		4.194740


-------------------------------------------------------------------------------------------------------------------
Tour_Id:			3
No_of_Customers:		2
No_of_Items:			15
Customer_Sequence:		18 28 

CustId	Id	TypeId	Rotated	x	y	z	Length	Width	Height	mass	Fragility	LoadBearingStrength
28	182	2	0	0	0	0	20	12	9	234.40	0		9.834638
18	109	7	0	0	12	0	30	12	12	531.11	0		13.014246
28	181	2	0	0	0	9	20	12	9	234.40	0		9.834638
28	186	7	0	20	0	0	30	12	12	531.11	0		13.014246
18	112	10	0	0	12	12	28	8	7	229.03	1		2.173659
28	184	5	0	0	0	18	12	6	12	121.03	0		11.464783
28	185	5	0	0	6	18	12	6	12	121.03	0		11.464783
28	180	1	0	20	0	12	32	8	11	400.41	0		4.994290
18	110	7	0	30	12	0	30	12	12	531.11	0		13.014246
18	106	2	0	28	8	12	20	12	9	234.40	0		9.834638
18	108	6	0	28	8	21	14	14	9	308.99	0		4.194740
18	111	9	1	48	8	12	17	10	8	150.98	0		7.701039
28	183	5	1	12	0	18	12	6	12	121.03	0		11.464783
18	113	10	0	0	12	19	28	8	7	229.03	1		2.173659
18	107	3	0	0	20	12	18	5	11	143.50	1		2.790129


-------------------------------------------------------------------------------------------------------------------
Tour_Id:			4
No_of_Customers:		2
No_of_Items:			13
Customer_Sequence:		47 52 

CustId	Id	TypeId	Rotated	x	y	z	Length	Width	Height	mass	Fragility	LoadBearingStrength
52	343	8	0	0	0	0	25	7	9	244.84	0		12.753652
52	344	9	0	0	7	0	17	10	8	150.98	0		7.701039
52	342	8	0	0	17	0	25	7	9	244.84	0		12.753652
52	345	10	0	0	0	9	28	8	7	229.03	1		2.173659
52	341	4	0	25	0	0	14	13	9	292.79	0		5.132699
47	306	1	0	25	13	0	32	8	11	400.41	0		4.994290
52	340	2	0	39	0	0	20	12	9	234.40	0		9.834638
47	305	1	0	25	13	11	32	8	11	400.41	0		4.994290
47	308	7	0	28	0	9	30	12	12	531.11	0		13.014246
47	307	2	0	28	0	21	20	12	9	234.40	0		9.834638
47	309	8	0	0	17	9	25	7	9	244.84	0		12.753652
47	310	8	0	0	17	18	25	7	9	244.84	0		12.753652
47	311	9	0	25	13	22	17	10	8	150.98	0		7.701039


-------------------------------------------------------------------------------------------------------------------
Tour_Id:			5
No_of_Customers:		3
No_of_Items:			17
Customer_Sequence:		7 54 25 

CustId	Id	TypeId	Rotated	x	y	z	Length	Width	Height	mass	Fragility	LoadBearingStrength
25	163	7	0	0	0	0	30	12	12	531.11	0		13.014246
25	159	2	0	0	12	0	20	12	9	234.40	0		9.834638
25	160	2	0	0	12	9	20	12	9	234.40	0		9.834638
25	162	5	0	0	0	12	12	6	12	121.03	0		11.464783
25	164	9	0	0	12	18	17	10	8	150.98	0		7.701039
25	161	4	0	20	12	0	14	13	9	292.79	0		5.132699
54	356	7	0	30	0	0	30	12	12	531.11	0		13.014246
54	352	1	0	12	0	12	32	8	11	400.41	0		4.994290
54	353	2	0	34	12	0	20	12	9	234.40	0		9.834638
54	355	4	0	20	12	9	14	13	9	292.79	0		5.132699
54	354	3	0	17	12	18	18	5	11	143.50	1		2.790129
7	40	6	0	44	0	12	14	14	9	308.99	0		4.194740
7	41	8	0	35	14	9	25	7	9	244.84	0		12.753652
7	42	9	1	44	0	21	17	10	8	150.98	0		7.701039
7	43	10	0	12	0	23	28	8	7	229.03	1		2.173659
7	38	3	0	17	17	18	18	5	11	143.50	1		2.790129
7	39	3	0	35	17	18	18	5	11	143.50	1		2.790129


-------------------------------------------------------------------------------------------------------------------
Tour_Id:			6
No_of_Customers:		2
No_of_Items:			15
Customer_Sequence:		43 55 

CustId	Id	TypeId	Rotated	x	y	z	Length	Width	Height	mass	Fragility	LoadBearingStrength
55	361	7	0	0	0	0	30	12	12	531.11	0		13.014246
55	360	6	0	0	0	12	14	14	9	308.99	0		4.194740
55	357	1	0	0	12	0	32	8	11	400.41	0		4.994290
43	282	9	0	0	0	21	17	10	8	150.98	0		7.701039
43	278	2	0	14	0	12	20	12	9	234.40	0		9.834638
55	359	4	0	32	0	0	14	13	9	292.79	0		5.132699
55	363	10	0	32	13	0	28	8	7	229.03	1		2.173659
55	362	9	0	14	12	11	17	10	8	150.98	0		7.701039
43	279	2	0	17	0	21	20	12	9	234.40	0		9.834638
43	281	9	0	14	12	19	17	10	8	150.98	0		7.701039
55	358	4	0	46	0	0	14	13	9	292.79	0		5.132699
43	283	9	0	37	0	9	17	10	8	150.98	0		7.701039
43	280	5	0	37	0	17	12	6	12	121.03	0		11.464783
43	284	10	0	32	13	7	28	8	7	229.03	1		2.173659
43	285	10	0	31	12	14	28	8	7	229.03	1		2.173659


-------------------------------------------------------------------------------------------------------------------
Tour_Id:			7
No_of_Customers:		2
No_of_Items:			14
Customer_Sequence:		56 8 

CustId	Id	TypeId	Rotated	x	y	z	Length	Width	Height	mass	Fragility	LoadBearingStrength
8	47	7	0	0	0	0	30	12	12	531.11	0		13.014246
8	44	1	0	0	12	0	32	8	11	400.41	0		4.994290
56	364	1	0	0	12	11	32	8	11	400.41	0		4.994290
8	46	4	0	32	0	0	14	13	9	292.79	0		5.132699
8	48	8	0	0	0	12	25	7	9	244.84	0		12.753652
56	371	10	0	0	0	21	28	8	7	229.03	1		2.173659
56	365	2	0	32	13	0	20	12	9	234.40	0		9.834638
8	45	4	0	46	0	0	14	13	9	292.79	0		5.132699
56	370	6	0	32	0	9	14	14	9	308.99	0		4.194740
56	368	4	0	32	0	18	14	13	9	292.79	0		5.132699
56	366	2	1	46	0	9	20	12	9	234.40	0		9.834638
56	369	5	0	32	14	9	12	6	12	121.03	0		11.464783
56	372	10	0	0	12	22	28	8	7	229.03	1		2.173659
56	367	3	0	0	20	0	18	5	11	143.50	1		2.790129


-------------------------------------------------------------------------------------------------------------------
Tour_Id:			8
No_of_Customers:		2
No_of_Items:			15
Customer_Sequence:		27 6 

CustId	Id	TypeId	Rotated	x	y	z	Length	Width	Height	mass	Fragility	LoadBearingStrength
6	32	4	0	0	0	0	14	13	9	292.79	0		5.132699
6	33	6	0	0	0	9	14	14	9	308.99	0		4.194740
6	31	4	0	0	0	18	14	13	9	292.79	0		5.132699
6	34	7	0	14	0	0	30	12	12	531.11	0		13.014246
6	35	9	0	0	13	0	17	10	8	150.98	0		7.701039
27	175	5	0	14	0	12	12	6	12	121.03	0		11.464783
6	37	10	0	14	6	12	28	8	7	229.03	1		2.173659
6	30	3	0	0	14	8	18	5	11	143.50	1		2.790129
27	173	2	1	44	0	0	20	12	9	234.40	0		9.834638
27	176	6	0	44	0	9	14	14	9	308.99	0		4.194740
27	174	4	0	42	0	18	14	13	9	292.79	0		5.132699
27	177	8	0	18	14	0	25	7	9	244.84	0		12.753652
27	178	8	0	18	14	9	25	7	9	244.84	0		12.753652
6	36	10	0	14	6	19	28	8	7	229.03	1		2.173659
27	179	10	0	18	14	18	28	8	7	229.03	1		2.173659


-------------------------------------------------------------------------------------------------------------------
Tour_Id:			9
No_of_Customers:		2
No_of_Items:			12
Customer_Sequence:		4 58 

CustId	Id	TypeId	Rotated	x	y	z	Length	Width	Height	mass	Fragility	LoadBearingStrength
58	387	7	0	0	0	0	30	12	12	531.11	0		13.014246
58	385	7	0	0	12	0	30	12	12	531.11	0		13.014246
58	388	10	0	0	0	12	28	8	7	229.03	1		2.173659
58	383	6	0	0	8	12	14	14	9	308.99	0		4.194740
58	381	3	0	0	0	19	18	5	11	143.50	1		2.790129
58	386	7	0	30	0	0	30	12	12	531.11	0		13.014246
4	20	9	0	0	8	21	17	10	8	150.98	0		7.701039
58	384	7	0	30	12	0	30	12	12	531.11	0		13.014246
58	382	6	0	14	8	12	14	14	9	308.99	0		4.194740
4	18	1	0	28	0	12	32	8	11	400.41	0		4.994290
4	19	7	0	28	8	12	30	12	12	531.11	0		13.014246
4	21	10	0	28	0	23	28	8	7	229.03	1		2.173659


-------------------------------------------------------------------------------------------------------------------
Tour_Id:			10
No_of_Customers:		2
No_of_Items:			13
Customer_Sequence:		53 51 

CustId	Id	TypeId	Rotated	x	y	z	Length	Width	Height	mass	Fragility	LoadBearingStrength
51	336	7	0	0	0	0	30	12	12	531.11	0		13.014246
51	333	2	0	0	12	0	20	12	9	234.40	0		9.834638
51	335	6	0	0	0	12	14	14	9	308.99	0		4.194740
53	347	4	0	0	0	21	14	13	9	292.79	0		5.132699
51	338	9	0	0	14	9	17	10	8	150.98	0		7.701039
51	339	9	0	0	14	17	17	10	8	150.98	0		7.701039
51	334	3	0	20	12	0	18	5	11	143.50	1		2.790129
53	349	7	0	30	0	0	30	12	12	531.11	0		13.014246
53	346	4	0	14	0	12	14	13	9	292.79	0		5.132699
51	337	8	0	20	17	0	25	7	9	244.84	0		12.753652
53	350	9	0	14	0	21	17	10	8	150.98	0		7.701039
53	348	5	0	17	17	9	12	6	12	121.03	0		11.464783
53	351	10	0	28	0	12	28	8	7	229.03	1		2.173659


-------------------------------------------------------------------------------------------------------------------
Tour_Id:			11
No_of_Customers:		2
No_of_Items:			13
Customer_Sequence:		36 32 

CustId	Id	TypeId	Rotated	x	y	z	Length	Width	Height	mass	Fragility	LoadBearingStrength
32	210	7	0	0	0	0	30	12	12	531.11	0		13.014246
32	208	4	0	0	12	0	14	13	9	292.79	0		5.132699
32	209	4	0	0	12	9	14	13	9	292.79	0		5.132699
32	211	10	0	0	0	12	28	8	7	229.03	1		2.173659
32	212	10	0	0	0	19	28	8	7	229.03	1		2.173659
36	229	1	0	14	12	0	32	8	11	400.41	0		4.994290
36	233	6	0	46	0	0	14	14	9	308.99	0		4.194740
36	232	4	0	0	12	18	14	13	9	292.79	0		5.132699
36	234	8	0	14	12	11	25	7	9	244.84	0		12.753652
36	235	9	1	46	0	9	17	10	8	150.98	0		7.701039
36	236	10	0	14	12	20	28	8	7	229.03	1		2.173659
36	230	3	0	14	20	0	18	5	11	143.50	1		2.790129
36	231	3	0	14	20	11	18	5	11	143.50	1		2.790129


-------------------------------------------------------------------------------------------------------------------
Tour_Id:			12
No_of_Customers:		2
No_of_Items:			17
Customer_Sequence:		37 48 

CustId	Id	TypeId	Rotated	x	y	z	Length	Width	Height	mass	Fragility	LoadBearingStrength
48	312	2	0	0	0	0	20	12	9	234.40	0		9.834638
48	316	6	0	0	0	9	14	14	9	308.99	0		4.194740
48	315	4	0	0	12	0	14	13	9	292.79	0		5.132699
48	317	8	0	14	12	0	25	7	9	244.84	0		12.753652
48	318	9	0	0	14	9	17	10	8	150.98	0		7.701039
48	319	9	0	0	14	17	17	10	8	150.98	0		7.701039
48	320	9	0	0	0	18	17	10	8	150.98	0		7.701039
48	313	3	0	17	14	9	18	5	11	143.50	1		2.790129
48	314	3	0	17	19	0	18	5	11	143.50	1		2.790129
37	237	2	0	20	0	0	20	12	9	234.40	0		9.834638
37	242	8	0	20	0	9	25	7	9	244.84	0		12.753652
37	243	9	0	39	12	0	17	10	8	150.98	0		7.701039
37	244	9	0	39	12	8	17	10	8	150.98	0		7.701039
37	241	5	0	17	7	9	12	6	12	121.03	0		11.464783
37	238	3	0	17	19	11	18	5	11	143.50	1		2.790129
37	239	3	0	17	0	18	18	5	11	143.50	1		2.790129
37	240	3	0	39	12	16	18	5	11	143.50	1		2.790129


-------------------------------------------------------------------------------------------------------------------
Tour_Id:			13
No_of_Customers:		2
No_of_Items:			15
Customer_Sequence:		17 2 

CustId	Id	TypeId	Rotated	x	y	z	Length	Width	Height	mass	Fragility	LoadBearingStrength
2	11	8	0	0	0	0	25	7	9	244.84	0		12.753652
2	7	6	0	0	7	0	14	14	9	308.99	0		4.194740
2	12	10	0	0	0	9	28	8	7	229.03	1		2.173659
2	8	6	0	0	8	9	14	14	9	308.99	0		4.194740
2	10	8	0	14	7	0	25	7	9	244.84	0		12.753652
2	5	2	0	39	0	0	20	12	9	234.40	0		9.834638
2	6	5	0	0	8	18	12	6	12	121.03	0		11.464783
2	9	7	0	28	0	9	30	12	12	531.11	0		13.014246
2	13	10	0	0	0	16	28	8	7	229.03	1		2.173659
17	100	1	0	14	14	0	32	8	11	400.41	0		4.994290
17	101	2	0	28	0	21	20	12	9	234.40	0		9.834638
17	102	4	0	46	12	0	14	13	9	292.79	0		5.132699
17	103	9	0	14	12	11	17	10	8	150.98	0		7.701039
17	104	9	0	12	12	19	17	10	8	150.98	0		7.701039
17	105	10	0	0	0	23	28	8	7	229.03	1		2.173659


-------------------------------------------------------------------------------------------------------------------
Tour_Id:			14
No_of_Customers:		2
No_of_Items:			16
Customer_Sequence:		41 19 

CustId	Id	TypeId	Rotated	x	y	z	Length	Width	Height	mass	Fragility	LoadBearingStrength
19	121	7	0	0	0	0	30	12	12	531.11	0		13.014246
19	115	2	0	0	12	0	20	12	9	234.40	0		9.834638
19	114	1	0	0	0	12	32	8	11	400.41	0		4.994290
19	117	4	0	0	12	9	14	13	9	292.79	0		5.132699
19	122	9	1	0	8	18	17	10	8	150.98	0		7.701039
19	118	5	1	14	12	9	12	6	12	121.03	0		11.464783
19	119	5	0	20	12	0	12	6	12	121.03	0		11.464783
41	264	2	0	32	0	0	20	12	9	234.40	0		9.834638
19	116	3	0	20	18	0	18	5	11	143.50	1		2.790129
19	120	5	0	20	8	12	12	6	12	121.03	0		11.464783
41	265	2	0	32	0	9	20	12	9	234.40	0		9.834638
41	266	2	0	32	0	18	20	12	9	234.40	0		9.834638
41	267	2	0	38	12	0	20	12	9	234.40	0		9.834638
41	270	9	0	38	12	9	17	10	8	150.98	0		7.701039
41	269	5	0	38	12	17	12	6	12	121.03	0		11.464783
41	268	3	0	20	18	11	18	5	11	143.50	1		2.790129


-------------------------------------------------------------------------------------------------------------------
Tour_Id:			15
No_of_Customers:		2
No_of_Items:			14
Customer_Sequence:		26 29 

CustId	Id	TypeId	Rotated	x	y	z	Length	Width	Height	mass	Fragility	LoadBearingStrength
29	190	7	0	0	0	0	30	12	12	531.11	0		13.014246
29	189	3	0	0	12	0	18	5	11	143.50	1		2.790129
26	168	7	0	0	0	12	30	12	12	531.11	0		13.014246
29	192	10	0	0	17	0	28	8	7	229.03	1		2.173659
29	191	10	0	0	17	7	28	8	7	229.03	1		2.173659
29	187	1	0	28	12	0	32	8	11	400.41	0		4.994290
26	167	7	0	30	0	0	30	12	12	531.11	0		13.014246
29	188	3	0	0	12	11	18	5	11	143.50	1		2.790129
26	166	6	0	30	0	12	14	14	9	308.99	0		4.194740
26	169	8	0	28	14	11	25	7	9	244.84	0		12.753652
26	170	8	0	28	14	20	25	7	9	244.84	0		12.753652
26	165	5	0	44	0	12	12	6	12	121.03	0		11.464783
26	171	10	0	0	17	14	28	8	7	229.03	1		2.173659
26	172	10	0	0	17	21	28	8	7	229.03	1		2.173659


-------------------------------------------------------------------------------------------------------------------
Tour_Id:			16
No_of_Customers:		3
No_of_Items:			17
Customer_Sequence:		15 49 3 

CustId	Id	TypeId	Rotated	x	y	z	Length	Width	Height	mass	Fragility	LoadBearingStrength
3	15	8	0	0	0	0	25	7	9	244.84	0		12.753652
3	14	3	0	0	7	0	18	5	11	143.50	1		2.790129
49	322	3	0	0	12	0	18	5	11	143.50	1		2.790129
3	17	8	0	0	17	0	25	7	9	244.84	0		12.753652
3	16	8	0	0	0	9	25	7	9	244.84	0		12.753652
49	325	7	0	25	0	0	30	12	12	531.11	0		13.014246
49	326	8	0	0	17	9	25	7	9	244.84	0		12.753652
49	328	10	0	0	0	18	28	8	7	229.03	1		2.173659
49	324	7	0	25	12	0	30	12	12	531.11	0		13.014246
49	327	8	0	0	17	18	25	7	9	244.84	0		12.753652
49	321	3	0	0	12	11	18	5	11	143.50	1		2.790129
49	323	4	0	25	8	12	14	13	9	292.79	0		5.132699
15	87	1	0	28	0	12	32	8	11	400.41	0		4.994290
15	89	6	0	25	8	21	14	14	9	308.99	0		4.194740
15	90	6	0	39	8	12	14	14	9	308.99	0		4.194740
15	91	9	0	39	8	21	17	10	8	150.98	0		7.701039
15	88	3	1	55	0	0	18	5	11	143.50	1		2.790129


-------------------------------------------------------------------------------------------------------------------
Tour_Id:			17
No_of_Customers:		2
No_of_Items:			16
Customer_Sequence:		20 22 

CustId	Id	TypeId	Rotated	x	y	z	Length	Width	Height	mass	Fragility	LoadBearingStrength
22	139	1	0	0	0	0	32	8	11	400.41	0		4.994290
22	143	7	0	0	8	0	30	12	12	531.11	0		13.014246
22	140	1	0	0	0	11	32	8	11	400.41	0		4.994290
22	142	4	0	0	8	12	14	13	9	292.79	0		5.132699
22	146	10	0	0	0	22	28	8	7	229.03	1		2.173659
20	128	9	0	0	8	21	17	10	8	150.98	0		7.701039
22	144	8	0	30	8	0	25	7	9	244.84	0		12.753652
20	126	8	0	30	15	0	25	7	9	244.84	0		12.753652
22	141	3	0	0	20	0	18	5	11	143.50	1		2.790129
20	125	7	0	30	8	9	30	12	12	531.11	0		13.014246
20	124	6	0	14	8	12	14	14	9	308.99	0		4.194740
20	123	4	0	17	8	21	14	13	9	292.79	0		5.132699
22	147	10	0	32	0	0	28	8	7	229.03	1		2.173659
20	127	9	0	31	8	21	17	10	8	150.98	0		7.701039
22	145	10	0	32	0	7	28	8	7	229.03	1		2.173659
20	129	10	0	32	0	14	28	8	7	229.03	1		2.173659


-------------------------------------------------------------------------------------------------------------------
Tour_Id:			18
No_of_Customers:		3
No_of_Items:			18
Customer_Sequence:		9 39 40 

CustId	Id	TypeId	Rotated	x	y	z	Length	Width	Height	mass	Fragility	LoadBearingStrength
40	260	4	0	0	0	0	14	13	9	292.79	0		5.132699
40	262	7	0	0	13	0	30	12	12	531.11	0		13.014246
40	261	4	0	0	0	9	14	13	9	292.79	0		5.132699
40	263	9	0	0	13	12	17	10	8	150.98	0		7.701039
9	53	5	0	0	0	18	12	6	12	121.03	0		11.464783
39	257	9	0	0	13	20	17	10	8	150.98	0		7.701039
39	251	1	0	14	0	0	32	8	11	400.41	0		4.994290
40	259	3	0	14	8	0	18	5	11	143.50	1		2.790129
39	253	4	0	32	8	0	14	13	9	292.79	0		5.132699
39	256	9	0	17	13	12	17	10	8	150.98	0		7.701039
39	252	2	1	46	0	0	20	12	9	234.40	0		9.834638
39	254	6	0	34	8	9	14	14	9	308.99	0		4.194740
40	258	3	0	14	8	11	18	5	11	143.50	1		2.790129
9	49	1	0	14	0	11	32	8	11	400.41	0		4.994290
9	50	2	1	48	0	9	20	12	9	234.40	0		9.834638
39	255	6	0	34	8	18	14	14	9	308.99	0		4.194740
9	51	3	1	48	0	18	18	5	11	143.50	1		2.790129
9	52	3	1	53	0	18	18	5	11	143.50	1		2.790129


-------------------------------------------------------------------------------------------------------------------
Tour_Id:			19
No_of_Customers:		2
No_of_Items:			9
Customer_Sequence:		50 33 

CustId	Id	TypeId	Rotated	x	y	z	Length	Width	Height	mass	Fragility	LoadBearingStrength
50	332	7	0	0	0	0	30	12	12	531.11	0		13.014246
33	214	1	0	0	12	0	32	8	11	400.41	0		4.994290
33	215	2	0	32	12	0	20	12	9	234.40	0		9.834638
33	213	1	0	0	12	11	32	8	11	400.41	0		4.994290
33	217	9	0	0	12	22	17	10	8	150.98	0		7.701039
33	216	2	0	32	12	9	20	12	9	234.40	0		9.834638
50	329	1	0	0	0	12	32	8	11	400.41	0		4.994290
50	330	2	0	30	0	0	20	12	9	234.40	0		9.834638
50	331	2	0	32	12	18	20	12	9	234.40	0		9.834638


-------------------------------------------------------------------------------------------------------------------
Tour_Id:			20
No_of_Customers:		2
No_of_Items:			14
Customer_Sequence:		46 13 

CustId	Id	TypeId	Rotated	x	y	z	Length	Width	Height	mass	Fragility	LoadBearingStrength
13	77	2	0	0	0	0	20	12	9	234.40	0		9.834638
13	78	4	0	0	12	0	14	13	9	292.79	0		5.132699
13	80	8	0	0	0	9	25	7	9	244.84	0		12.753652
13	81	9	0	0	7	9	17	10	8	150.98	0		7.701039
13	79	5	0	0	17	9	12	6	12	121.03	0		11.464783
46	299	7	0	25	0	0	30	12	12	531.11	0		13.014246
46	300	7	0	17	12	0	30	12	12	531.11	0		13.014246
46	297	6	0	17	7	12	14	14	9	308.99	0		4.194740
46	298	6	0	17	7	21	14	14	9	308.99	0		4.194740
46	301	9	0	0	7	17	17	10	8	150.98	0		7.701039
46	302	9	0	31	0	12	17	10	8	150.98	0		7.701039
46	303	9	0	31	10	12	17	10	8	150.98	0		7.701039
46	304	9	0	31	0	20	17	10	8	150.98	0		7.701039
46	296	3	0	0	0	18	18	5	11	143.50	1		2.790129


-------------------------------------------------------------------------------------------------------------------
Tour_Id:			21
No_of_Customers:		3
No_of_Items:			18
Customer_Sequence:		11 38 59 

CustId	Id	TypeId	Rotated	x	y	z	Length	Width	Height	mass	Fragility	LoadBearingStrength
59	389	1	0	0	0	0	32	8	11	400.41	0		4.994290
59	390	1	0	0	8	0	32	8	11	400.41	0		4.994290
59	392	4	0	0	0	11	14	13	9	292.79	0		5.132699
59	393	5	0	0	16	0	12	6	12	121.03	0		11.464783
38	250	10	0	12	16	0	28	8	7	229.03	1		2.173659
59	391	3	0	14	0	11	18	5	11	143.50	1		2.790129
38	246	2	0	14	5	11	20	12	9	234.40	0		9.834638
38	248	9	0	0	5	20	17	10	8	150.98	0		7.701039
38	245	2	0	17	5	20	20	12	9	234.40	0		9.834638
11	64	2	0	40	0	0	20	12	9	234.40	0		9.834638
38	247	5	0	0	16	12	12	6	12	121.03	0		11.464783
11	63	2	0	40	12	0	20	12	9	234.40	0		9.834638
38	249	10	0	12	17	7	28	8	7	229.03	1		2.173659
11	67	6	0	40	0	9	14	14	9	308.99	0		4.194740
11	65	4	0	40	0	18	14	13	9	292.79	0		5.132699
11	68	9	0	40	14	9	17	10	8	150.98	0		7.701039
11	66	5	0	40	14	17	12	6	12	121.03	0		11.464783
11	69	10	0	12	17	14	28	8	7	229.03	1		2.173659


-------------------------------------------------------------------------------------------------------------------
Tour_Id:			22
No_of_Customers:		4
No_of_Items:			20
Customer_Sequence:		24 44 5 1 

CustId	Id	TypeId	Rotated	x	y	z	Length	Width	Height	mass	Fragility	LoadBearingStrength
1	1	1	0	0	0	0	32	8	11	400.41	0		4.994290
1	2	1	0	0	8	0	32	8	11	400.41	0		4.994290
1	3	4	0	0	0	11	14	13	9	292.79	0		5.132699
1	4	9	0	0	0	20	17	10	8	150.98	0		7.701039
5	22	1	0	0	16	0	32	8	11	400.41	0		4.994290
5	23	2	0	0	13	11	20	12	9	234.40	0		9.834638
5	25	6	0	0	10	20	14	14	9	308.99	0		4.194740
5	24	4	0	17	0	11	14	13	9	292.79	0		5.132699
5	27	6	0	17	0	20	14	14	9	308.99	0		4.194740
5	28	9	0	32	0	0	17	10	8	150.98	0		7.701039
5	29	9	0	32	10	0	17	10	8	150.98	0		7.701039
5	26	6	0	32	0	8	14	14	9	308.99	0		4.194740
44	288	4	0	31	0	17	14	13	9	292.79	0		5.132699
44	286	3	0	32	20	0	18	5	11	143.50	1		2.790129
44	289	5	0	20	14	11	12	6	12	121.03	0		11.464783
44	290	9	1	49	0	0	17	10	8	150.98	0		7.701039
44	287	3	0	20	20	11	18	5	11	143.50	1		2.790129
24	156	4	0	46	0	8	14	13	9	292.79	0		5.132699
24	158	9	1	45	0	17	17	10	8	150.98	0		7.701039
24	157	5	0	32	14	8	12	6	12	121.03	0		11.464783


-------------------------------------------------------------------------------------------------------------------
Tour_Id:			23
No_of_Customers:		2
No_of_Items:			13
Customer_Sequence:		57 34 

CustId	Id	TypeId	Rotated	x	y	z	Length	Width	Height	mass	Fragility	LoadBearingStrength
34	220	6	0	0	0	0	14	14	9	308.99	0		4.194740
34	221	9	0	0	14	0	17	10	8	150.98	0		7.701039
34	219	4	0	0	0	9	14	13	9	292.79	0		5.132699
34	218	1	0	14	0	0	32	8	11	400.41	0		4.994290
34	222	9	0	0	14	8	17	10	8	150.98	0		7.701039
57	378	7	0	17	8	0	30	12	12	531.11	0		13.014246
57	375	5	0	0	13	16	12	6	12	121.03	0		11.464783
57	377	6	0	17	8	12	14	14	9	308.99	0		4.194740
57	379	9	0	0	0	18	17	10	8	150.98	0		7.701039
57	373	2	0	31	8	12	20	12	9	234.40	0		9.834638
57	376	5	0	0	19	16	12	6	12	121.03	0		11.464783
57	380	10	0	17	8	21	28	8	7	229.03	1		2.173659
57	374	3	0	17	20	0	18	5	11	143.50	1		2.790129


-------------------------------------------------------------------------------------------------------------------
Tour_Id:			24
No_of_Customers:		2
No_of_Items:			15
Customer_Sequence:		12 16 

CustId	Id	TypeId	Rotated	x	y	z	Length	Width	Height	mass	Fragility	LoadBearingStrength
16	99	10	0	0	0	0	28	8	7	229.03	1		2.173659
16	96	6	0	0	8	0	14	14	9	308.99	0		4.194740
16	98	8	0	14	8	0	25	7	9	244.84	0		12.753652
16	97	7	0	0	8	9	30	12	12	531.11	0		13.014246
16	93	4	0	0	8	21	14	13	9	292.79	0		5.132699
12	70	1	0	28	0	0	32	8	11	400.41	0		4.994290
16	92	2	0	14	8	21	20	12	9	234.40	0		9.834638
16	95	6	0	39	8	0	14	14	9	308.99	0		4.194740
16	94	5	0	30	8	9	12	6	12	121.03	0		11.464783
12	75	8	0	28	0	11	25	7	9	244.84	0		12.753652
12	73	6	0	42	8	9	14	14	9	308.99	0		4.194740
12	72	6	0	42	7	18	14	14	9	308.99	0		4.194740
12	76	10	0	0	0	7	28	8	7	229.03	1		2.173659
12	74	8	0	28	0	20	25	7	9	244.84	0		12.753652
12	71	3	0	0	0	14	18	5	11	143.50	1		2.790129


-------------------------------------------------------------------------------------------------------------------
Tour_Id:			25
No_of_Customers:		2
No_of_Items:			16
Customer_Sequence:		60 21 

CustId	Id	TypeId	Rotated	x	y	z	Length	Width	Height	mass	Fragility	LoadBearingStrength
21	138	10	0	0	0	0	28	8	7	229.03	1		2.173659
21	133	6	0	0	8	0	14	14	9	308.99	0		4.194740
21	134	6	0	0	8	9	14	14	9	308.99	0		4.194740
21	130	1	0	14	8	0	32	8	11	400.41	0		4.994290
21	132	5	0	0	8	18	12	6	12	121.03	0		11.464783
21	136	10	0	0	0	7	28	8	7	229.03	1		2.173659
21	137	10	0	0	0	14	28	8	7	229.03	1		2.173659
21	135	8	0	14	16	0	25	7	9	244.84	0		12.753652
60	394	1	0	14	8	11	32	8	11	400.41	0		4.994290
21	131	3	0	14	16	9	18	5	11	143.50	1		2.790129
60	396	6	0	46	0	0	14	14	9	308.99	0		4.194740
60	397	6	0	46	0	9	14	14	9	308.99	0		4.194740
60	398	9	0	14	8	22	17	10	8	150.98	0		7.701039
60	399	9	1	46	0	18	17	10	8	150.98	0		7.701039
60	395	5	0	28	0	0	12	6	12	121.03	0		11.464783
60	400	10	0	0	0	21	28	8	7	229.03	1		2.173659


-------------------------------------------------------------------------------------------------------------------
Tour_Id:			26
No_of_Customers:		2
No_of_Items:			12
Customer_Sequence:		45 30 

CustId	Id	TypeId	Rotated	x	y	z	Length	Width	Height	mass	Fragility	LoadBearingStrength
30	197	7	0	0	0	0	30	12	12	531.11	0		13.014246
30	194	2	0	0	12	0	20	12	9	234.40	0		9.834638
30	198	8	0	0	12	9	25	7	9	244.84	0		12.753652
30	193	1	0	0	0	12	32	8	11	400.41	0		4.994290
45	293	8	0	0	12	18	25	7	9	244.84	0		12.753652
30	196	5	0	0	19	9	12	6	12	121.03	0		11.464783
30	199	10	0	0	0	23	28	8	7	229.03	1		2.173659
45	291	1	0	25	12	0	32	8	11	400.41	0		4.994290
45	292	1	0	25	12	11	32	8	11	400.41	0		4.994290
30	195	5	0	30	0	0	12	6	12	121.03	0		11.464783
45	294	9	0	25	12	22	17	10	8	150.98	0		7.701039
45	295	9	0	42	0	0	17	10	8	150.98	0		7.701039


-------------------------------------------------------------------------------------------------------------------
Tour_Id:			27
No_of_Customers:		2
No_of_Items:			17
Customer_Sequence:		10 23 

CustId	Id	TypeId	Rotated	x	y	z	Length	Width	Height	mass	Fragility	LoadBearingStrength
23	148	1	0	0	0	0	32	8	11	400.41	0		4.994290
23	149	1	0	0	8	0	32	8	11	400.41	0		4.994290
23	154	8	0	0	16	0	25	7	9	244.84	0		12.753652
10	54	1	0	0	0	11	32	8	11	400.41	0		4.994290
23	155	9	0	0	8	11	17	10	8	150.98	0		7.701039
23	153	6	0	32	0	0	14	14	9	308.99	0		4.194740
23	151	5	0	0	18	9	12	6	12	121.03	0		11.464783
23	152	6	0	46	0	0	14	14	9	308.99	0		4.194740
23	150	3	0	0	8	19	18	5	11	143.50	1		2.790129
10	55	1	0	25	16	0	32	8	11	400.41	0		4.994290
10	56	1	0	25	16	11	32	8	11	400.41	0		4.994290
10	57	2	0	32	0	9	20	12	9	234.40	0		9.834638
10	58	2	0	32	0	18	20	12	9	234.40	0		9.834638
10	59	5	0	12	18	9	12	6	12	121.03	0		11.464783
10	60	5	0	18	8	11	12	6	12	121.03	0		11.464783
10	61	10	0	0	0	22	28	8	7	229.03	1		2.173659
10	62	10	0	25	16	22	28	8	7	229.03	1		2.173659


