Name:				432_n060_m400_bt100
Problem:			3L-VRPTW
Number_of_used_Vehicles:	28
Total_Travel_Distance:		1572.11
Calculation_Time:		2214.51
Total_Iterations:		20089
ConstraintSet:			P1

-------------------------------------------------------------------------------------------------------------------
Tour_Id:			1
No_of_Customers:		3
No_of_Items:			16
Customer_Sequence:		23 16 12 

CustId	Id	TypeId	Rotated	x	y	z	Length	Width	Height	mass	Fragility	LoadBearingStrength
12	81	93	0	0	0	0	26	11	10	404.57	0		10.319224
12	80	61	0	0	11	0	28	10	8	674.95	0		33.210568
16	105	41	0	0	0	10	20	11	9	300.79	1		10.472411
12	78	60	0	0	11	8	28	9	10	493.38	1		2.032906
12	79	60	0	0	11	18	28	9	10	493.38	1		2.032906
16	107	93	0	26	0	0	26	11	10	404.57	0		10.319224
16	104	38	0	20	0	10	34	8	6	198.32	0		33.976452
12	77	58	0	28	11	0	18	6	8	193.83	0		13.184556
16	102	4	0	20	0	16	13	8	11	306.87	0		28.443423
16	106	59	0	28	17	0	28	8	7	172.73	0		31.473379
16	103	30	0	0	0	19	17	10	11	347	1		3.463366
23	157	74	0	33	0	16	22	10	6	191.05	0		28.259512
23	155	68	0	33	0	22	17	9	8	163.34	0		37.810052
23	156	73	0	28	11	8	21	5	9	141.78	0		27.129707
23	154	56	0	28	17	7	20	8	6	96.66	1		4.740803
23	153	36	0	28	16	13	20	6	8	233.63	1		5.841325


-------------------------------------------------------------------------------------------------------------------
Tour_Id:			2
No_of_Customers:		3
No_of_Items:			16
Customer_Sequence:		6 2 42 

CustId	Id	TypeId	Rotated	x	y	z	Length	Width	Height	mass	Fragility	LoadBearingStrength
42	270	33	0	0	0	0	26	11	9	320.98	0		26.564585
42	267	6	0	0	11	0	30	9	7	291.89	0		24.109205
42	268	21	0	0	11	7	27	11	6	279.54	0		37.088664
42	271	79	0	0	0	9	25	10	7	289.11	0		14.164506
42	272	89	0	0	10	13	23	8	8	149.69	0		34.264607
42	269	26	0	0	0	16	12	10	6	143.53	0		23.366722
2	8	87	0	0	10	21	29	8	7	290.16	0		33.490150
2	7	85	0	12	0	16	14	8	9	140.78	0		17.233257
2	6	15	0	26	0	0	14	10	6	211.85	0		48.646026
6	38	40	0	30	10	0	28	14	13	425.02	0		20.050204
6	36	23	0	26	0	6	15	10	11	283.95	0		11.892282
6	42	100	0	26	0	17	18	8	10	210.22	0		23.471194
6	39	43	0	29	10	13	23	9	6	151.69	0		20.396919
6	37	26	0	29	8	19	12	10	6	143.53	0		23.366722
6	40	77	0	41	0	0	15	10	10	410.91	1		24.474896
6	41	94	0	44	0	10	13	8	11	124.47	1		13.868466


-------------------------------------------------------------------------------------------------------------------
Tour_Id:			3
No_of_Customers:		3
No_of_Items:			17
Customer_Sequence:		29 55 37 

CustId	Id	TypeId	Rotated	x	y	z	Length	Width	Height	mass	Fragility	LoadBearingStrength
37	238	84	0	0	0	0	14	14	7	229.18	0		14.017559
37	235	33	0	0	14	0	26	11	9	320.98	0		26.564585
37	234	2	0	0	0	7	16	10	7	204.77	0		36.825614
37	237	67	0	0	14	9	18	9	6	267.99	0		17.289567
55	359	38	0	16	0	0	34	8	6	198.32	0		33.976452
37	236	63	0	26	8	0	20	11	8	227.17	1		12.418892
55	361	100	0	0	0	14	18	8	10	210.22	0		23.471194
55	360	43	0	0	14	15	23	9	6	151.69	0		20.396919
55	357	22	0	18	0	6	29	8	10	356.22	0		38.132078
55	358	29	0	0	0	24	15	8	6	185.96	0		25.472861
55	356	3	0	0	14	21	30	5	6	164.59	1		5.556735
29	182	7	0	18	0	16	30	7	11	297.05	0		15.738390
29	187	89	1	50	0	0	23	8	8	149.69	0		34.264607
29	186	83	0	26	19	0	24	6	10	191.06	0		37.486072
29	185	76	1	50	0	8	21	10	6	304.01	0		33.326966
29	184	65	0	48	0	14	12	7	6	99.26	0		29.705554
29	183	25	0	30	8	8	13	10	7	292.98	1		4.098095


-------------------------------------------------------------------------------------------------------------------
Tour_Id:			4
No_of_Customers:		2
No_of_Items:			12
Customer_Sequence:		39 26 

CustId	Id	TypeId	Rotated	x	y	z	Length	Width	Height	mass	Fragility	LoadBearingStrength
26	170	40	0	0	0	0	28	14	13	425.02	0		20.050204
26	171	55	0	0	14	0	27	8	11	468.58	0		17.924615
26	169	8	0	0	0	13	18	9	7	136.22	0		29.154910
39	252	78	0	27	14	0	29	11	11	525.74	0		45.443153
39	249	39	0	0	14	11	25	10	12	352.04	0		33.649991
39	250	52	0	25	14	11	29	10	10	354.59	0		63.258969
39	247	20	0	28	0	0	18	13	10	382.15	0		26.944601
39	248	23	0	28	0	10	15	10	11	283.95	0		11.892282
39	246	14	0	0	0	20	19	10	8	248.22	0		39.774083
39	245	8	0	0	14	23	18	9	7	136.22	0		29.154910
39	251	67	0	28	0	21	18	9	6	267.99	0		17.289567
39	253	95	1	19	0	13	12	9	8	453.79	0		29.545581


-------------------------------------------------------------------------------------------------------------------
Tour_Id:			5
No_of_Customers:		2
No_of_Items:			16
Customer_Sequence:		40 47 

CustId	Id	TypeId	Rotated	x	y	z	Length	Width	Height	mass	Fragility	LoadBearingStrength
47	302	22	0	0	0	0	29	8	10	356.22	0		38.132078
47	304	53	0	0	8	0	23	11	8	427.82	0		29.104343
40	260	76	0	0	8	8	21	10	6	304.01	0		33.326966
47	299	4	0	0	0	10	13	8	11	306.87	0		28.443423
40	258	51	0	0	8	14	22	8	9	480.25	1		14.296997
47	298	2	0	23	8	0	16	10	7	204.77	0		36.825614
47	300	11	0	23	18	0	27	7	7	242.82	0		11.498426
40	259	57	0	29	0	0	26	8	7	242.41	0		10.946611
40	254	7	0	23	18	7	30	7	11	297.05	0		15.738390
40	256	33	0	29	0	7	26	11	9	320.98	0		26.564585
40	261	89	0	29	0	16	23	8	8	149.69	0		34.264607
47	305	56	0	39	8	0	20	8	6	96.66	1		4.740803
47	303	29	0	0	0	21	15	8	6	185.96	0		25.472861
47	301	19	0	13	0	10	15	8	6	104.61	1		2.448123
40	255	16	0	23	18	18	17	7	7	160.03	0		29.051644
40	257	45	0	29	0	24	25	6	6	234.99	0		31.667285


-------------------------------------------------------------------------------------------------------------------
Tour_Id:			6
No_of_Customers:		2
No_of_Items:			13
Customer_Sequence:		24 3 

CustId	Id	TypeId	Rotated	x	y	z	Length	Width	Height	mass	Fragility	LoadBearingStrength
3	11	40	0	0	0	0	28	14	13	425.02	0		20.050204
3	10	13	0	0	0	13	17	12	9	243.26	0		13.533089
3	9	12	0	0	14	0	21	9	12	422.23	0		15.057430
3	12	61	0	21	14	0	28	10	8	674.95	0		33.210568
3	17	92	0	0	14	12	28	9	12	452.23	0		30.953800
24	161	61	0	28	0	0	28	10	8	674.95	0		33.210568
3	14	79	0	28	14	8	25	10	7	289.11	0		14.164506
3	15	85	1	17	0	13	14	8	9	140.78	0		17.233257
3	16	90	0	28	14	15	20	5	10	158.81	1		5.271991
24	159	35	0	28	0	8	27	12	11	364.93	0		36.075288
3	13	79	0	0	0	22	25	10	7	289.11	0		14.164506
24	158	25	0	25	0	19	13	10	7	292.98	1		4.098095
24	160	45	0	28	19	15	25	6	6	234.99	0		31.667285


-------------------------------------------------------------------------------------------------------------------
Tour_Id:			7
No_of_Customers:		2
No_of_Items:			14
Customer_Sequence:		34 38 

CustId	Id	TypeId	Rotated	x	y	z	Length	Width	Height	mass	Fragility	LoadBearingStrength
38	239	10	0	0	0	0	31	5	12	265.01	0		28.869391
38	244	87	0	0	5	0	29	8	7	290.16	0		33.490150
38	242	64	0	0	13	0	20	9	7	224.06	0		14.366885
38	241	31	0	0	5	7	13	8	10	192.75	0		22.127894
38	243	80	0	0	13	7	25	5	8	270.46	0		19.198670
38	240	26	0	0	5	17	12	10	6	143.53	0		23.366722
34	218	72	0	25	13	0	29	12	8	618.62	0		26.317856
34	214	21	0	25	13	8	27	11	6	279.54	0		37.088664
34	212	16	0	13	5	7	17	7	7	160.03	0		29.051644
34	219	75	0	0	0	12	24	5	6	140.75	0		22.891980
34	213	18	0	25	13	14	32	10	7	316.56	1		6.666467
34	217	69	0	25	13	21	30	11	6	229.88	1		4.566899
34	216	63	0	31	0	0	20	11	8	227.17	1		12.418892
34	215	56	0	31	0	8	20	8	6	96.66	1		4.740803


-------------------------------------------------------------------------------------------------------------------
Tour_Id:			8
No_of_Customers:		2
No_of_Items:			17
Customer_Sequence:		49 4 

CustId	Id	TypeId	Rotated	x	y	z	Length	Width	Height	mass	Fragility	LoadBearingStrength
4	25	72	0	0	0	0	29	12	8	618.62	0		26.317856
4	20	30	0	0	12	0	17	10	11	347	1		3.463366
4	21	33	0	0	0	8	26	11	9	320.98	0		26.564585
4	24	71	0	0	0	17	22	12	7	276.20	0		11.947574
4	18	21	0	0	0	24	27	11	6	279.54	0		37.088664
4	19	25	0	0	12	11	13	10	7	292.98	1		4.098095
4	26	97	0	0	12	18	15	10	11	418.46	1		36.047994
4	23	50	0	17	12	0	29	8	6	181.37	0		20.599919
4	22	37	0	29	0	0	21	11	10	242.14	0		28.120804
49	316	44	0	17	12	6	35	8	11	378.79	0		15.499127
49	315	22	0	15	12	17	29	8	10	356.22	0		38.132078
49	313	10	0	17	20	0	31	5	12	265.01	0		28.869391
49	317	57	0	27	0	10	26	8	7	242.41	0		10.946611
49	319	76	0	27	0	17	21	10	6	304.01	0		33.326966
49	312	2	0	27	0	23	16	10	7	204.77	0		36.825614
49	318	73	0	15	20	12	21	5	9	141.78	0		27.129707
49	314	16	1	53	0	0	17	7	7	160.03	0		29.051644


-------------------------------------------------------------------------------------------------------------------
Tour_Id:			9
No_of_Customers:		2
No_of_Items:			14
Customer_Sequence:		17 7 

CustId	Id	TypeId	Rotated	x	y	z	Length	Width	Height	mass	Fragility	LoadBearingStrength
7	44	34	0	0	0	0	31	11	11	341.42	0		39.316797
7	43	13	0	0	11	0	17	12	9	243.26	0		13.533089
7	50	88	0	0	0	11	18	12	8	196.71	0		37.424226
7	48	83	0	0	0	19	24	6	10	191.06	0		37.486072
7	46	63	0	0	12	9	20	11	8	227.17	1		12.418892
7	49	85	0	0	6	19	14	8	9	140.78	0		17.233257
7	45	46	0	17	11	0	14	9	7	124.27	0		75.956960
7	47	66	0	31	0	0	25	5	11	297.74	0		26.085897
17	111	78	0	31	5	0	29	11	11	525.74	0		45.443153
17	108	7	0	24	0	11	30	7	11	297.05	0		15.738390
17	112	85	0	24	7	11	14	8	9	140.78	0		17.233257
17	113	85	0	24	7	20	14	8	9	140.78	0		17.233257
17	109	26	0	38	7	11	12	10	6	143.53	0		23.366722
17	110	51	0	0	14	17	22	8	9	480.25	1		14.296997


-------------------------------------------------------------------------------------------------------------------
Tour_Id:			10
No_of_Customers:		2
No_of_Items:			15
Customer_Sequence:		5 20 

CustId	Id	TypeId	Rotated	x	y	z	Length	Width	Height	mass	Fragility	LoadBearingStrength
20	132	12	0	0	0	0	21	9	12	422.23	0		15.057430
20	134	61	0	0	9	0	28	10	8	674.95	0		33.210568
20	131	8	0	0	9	8	18	9	7	136.22	0		29.154910
20	133	46	0	0	0	12	14	9	7	124.27	0		75.956960
5	28	14	0	0	9	15	19	10	8	248.22	0		39.774083
20	136	97	0	28	0	0	15	10	11	418.46	1		36.047994
5	32	60	0	28	10	0	28	9	10	493.38	1		2.032906
5	27	4	0	0	0	19	13	8	11	306.87	0		28.443423
5	29	16	0	0	8	23	17	7	7	160.03	0		29.051644
20	135	75	0	0	19	0	24	5	6	140.75	0		22.891980
5	31	30	0	28	10	10	17	10	11	347	1		3.463366
5	35	98	0	28	0	11	17	10	10	347.17	1		1.781498
5	34	97	0	43	0	0	15	10	11	418.46	1		36.047994
5	30	27	0	28	0	21	15	13	8	296.59	1		15.910395
5	33	90	0	0	19	6	20	5	10	158.81	1		5.271991


-------------------------------------------------------------------------------------------------------------------
Tour_Id:			11
No_of_Customers:		3
No_of_Items:			18
Customer_Sequence:		1 25 15 

CustId	Id	TypeId	Rotated	x	y	z	Length	Width	Height	mass	Fragility	LoadBearingStrength
15	96	9	0	0	0	0	31	10	12	262.24	0		28.548576
15	98	33	0	0	10	0	26	11	9	320.98	0		26.564585
15	101	87	0	0	0	12	29	8	7	290.16	0		33.490150
15	100	57	0	0	10	9	26	8	7	242.41	0		10.946611
15	99	42	0	26	10	0	18	11	7	174.14	0		13.758176
15	97	15	0	0	8	16	14	10	6	211.85	0		48.646026
25	162	11	0	0	0	19	27	7	7	242.82	0		11.498426
25	164	58	0	0	8	22	18	6	8	193.83	0		13.184556
25	165	62	0	31	0	0	27	8	9	404.31	0		18.760244
25	167	74	0	26	10	7	22	10	6	191.05	0		28.259512
25	166	68	0	26	8	13	17	9	8	163.34	0		37.810052
25	168	84	0	44	8	0	14	14	7	229.18	0		14.017559
25	163	28	0	26	8	21	21	5	7	239.35	1		7.392067
1	3	59	0	31	0	9	28	8	7	172.73	0		31.473379
1	2	11	0	29	0	16	27	7	7	242.82	0		11.498426
1	5	81	1	48	8	7	14	10	9	532.53	0		22.263585
1	1	4	1	47	7	16	13	8	11	306.87	0		28.443423
1	4	75	0	27	0	23	24	5	6	140.75	0		22.891980


-------------------------------------------------------------------------------------------------------------------
Tour_Id:			12
No_of_Customers:		2
No_of_Items:			14
Customer_Sequence:		14 13 

CustId	Id	TypeId	Rotated	x	y	z	Length	Width	Height	mass	Fragility	LoadBearingStrength
13	85	40	0	0	0	0	28	14	13	425.02	0		20.050204
13	82	9	0	0	14	0	31	10	12	262.24	0		28.548576
13	83	20	0	0	0	13	18	13	10	382.15	0		26.944601
13	87	79	0	0	14	12	25	10	7	289.11	0		14.164506
13	88	89	0	0	13	19	23	8	8	149.69	0		34.264607
13	89	95	0	18	0	13	12	9	8	453.79	0		29.545581
13	84	29	0	0	0	23	15	8	6	185.96	0		25.472861
13	86	63	0	28	0	0	20	11	8	227.17	1		12.418892
14	90	22	0	31	11	0	29	8	10	356.22	0		38.132078
14	94	89	0	31	11	10	23	8	8	149.69	0		34.264607
14	91	31	0	31	11	18	13	8	10	192.75	0		22.127894
14	92	45	0	31	19	0	25	6	6	234.99	0		31.667285
14	93	63	0	30	0	8	20	11	8	227.17	1		12.418892
14	95	98	0	30	0	16	17	10	10	347.17	1		1.781498


-------------------------------------------------------------------------------------------------------------------
Tour_Id:			13
No_of_Customers:		2
No_of_Items:			14
Customer_Sequence:		57 28 

CustId	Id	TypeId	Rotated	x	y	z	Length	Width	Height	mass	Fragility	LoadBearingStrength
28	181	86	0	0	0	0	31	11	7	319.48	0		29.839951
28	176	20	0	0	11	0	18	13	10	382.15	0		26.944601
28	180	71	0	0	11	10	22	12	7	276.20	0		11.947574
28	178	57	0	0	0	7	26	8	7	242.41	0		10.946611
28	177	47	0	0	0	14	16	8	10	177.91	0		11.702567
28	179	65	0	0	0	24	12	7	6	99.26	0		29.705554
57	376	92	0	0	11	17	28	9	12	452.23	0		30.953800
57	371	20	0	22	11	0	18	13	10	382.15	0		26.944601
57	372	37	0	31	0	0	21	11	10	242.14	0		28.120804
57	370	11	0	26	0	10	27	7	7	242.82	0		11.498426
57	373	47	0	26	0	17	16	8	10	177.91	0		11.702567
57	375	76	0	22	8	10	21	10	6	304.01	0		33.326966
57	374	75	0	22	18	10	24	5	6	140.75	0		22.891980
57	377	96	0	28	8	16	14	5	10	223.59	0		36.589919


-------------------------------------------------------------------------------------------------------------------
Tour_Id:			14
No_of_Customers:		2
No_of_Items:			12
Customer_Sequence:		54 8 

CustId	Id	TypeId	Rotated	x	y	z	Length	Width	Height	mass	Fragility	LoadBearingStrength
8	53	40	0	0	0	0	28	14	13	425.02	0		20.050204
8	52	34	0	0	14	0	31	11	11	341.42	0		39.316797
8	56	99	0	0	0	13	21	9	12	279.91	0		38.564745
8	54	61	0	0	14	11	28	10	8	674.95	0		33.210568
8	51	13	0	28	0	0	17	12	9	243.26	0		13.533089
8	55	69	0	0	14	19	30	11	6	229.88	1		4.566899
54	350	12	0	28	0	9	21	9	12	422.23	0		15.057430
54	351	21	0	31	12	0	27	11	6	279.54	0		37.088664
54	355	79	0	28	0	21	25	10	7	289.11	0		14.164506
54	352	42	0	31	12	6	18	11	7	174.14	0		13.758176
54	354	74	0	30	12	13	22	10	6	191.05	0		28.259512
54	353	60	0	30	12	19	28	9	10	493.38	1		2.032906


-------------------------------------------------------------------------------------------------------------------
Tour_Id:			15
No_of_Customers:		2
No_of_Items:			14
Customer_Sequence:		60 9 

CustId	Id	TypeId	Rotated	x	y	z	Length	Width	Height	mass	Fragility	LoadBearingStrength
9	60	37	0	0	0	0	21	11	10	242.14	0		28.120804
9	61	71	0	0	11	0	22	12	7	276.20	0		11.947574
9	59	23	0	0	0	10	15	10	11	283.95	0		11.892282
9	57	11	0	0	11	7	27	7	7	242.82	0		11.498426
9	58	17	0	0	18	7	20	6	9	124.77	0		15.433901
9	63	95	0	0	0	21	12	9	8	453.79	0		29.545581
9	62	94	0	21	0	0	13	8	11	124.47	1		13.868466
60	394	34	0	27	8	0	31	11	11	341.42	0		39.316797
60	398	82	0	27	8	11	13	12	11	239.52	0		16.782156
60	399	83	0	0	10	14	24	6	10	191.06	0		37.486072
60	396	66	0	0	18	16	25	5	11	297.74	0		26.085897
60	397	80	0	22	19	0	25	5	8	270.46	0		19.198670
60	395	58	0	34	0	0	18	6	8	193.83	0		13.184556
60	400	96	0	25	20	8	14	5	10	223.59	0		36.589919


-------------------------------------------------------------------------------------------------------------------
Tour_Id:			16
No_of_Customers:		2
No_of_Items:			13
Customer_Sequence:		31 51 

CustId	Id	TypeId	Rotated	x	y	z	Length	Width	Height	mass	Fragility	LoadBearingStrength
51	331	81	0	0	0	0	14	10	9	532.53	0		22.263585
51	329	47	0	0	10	0	16	8	10	177.91	0		11.702567
51	326	18	0	14	0	0	32	10	7	316.56	1		6.666467
51	328	43	0	16	10	0	23	9	6	151.69	0		20.396919
51	330	67	0	0	0	9	18	9	6	267.99	0		17.289567
51	327	26	0	0	9	10	12	10	6	143.53	0		23.366722
31	196	92	0	16	10	6	28	9	12	452.23	0		30.953800
31	194	64	0	0	0	15	20	9	7	224.06	0		14.366885
31	199	95	0	0	9	16	12	9	8	453.79	0		29.545581
31	198	95	0	0	0	22	12	9	8	453.79	0		29.545581
31	193	45	0	0	19	0	25	6	6	234.99	0		31.667285
31	195	69	0	16	10	18	30	11	6	229.88	1		4.566899
31	197	94	0	20	0	7	13	8	11	124.47	1		13.868466


-------------------------------------------------------------------------------------------------------------------
Tour_Id:			17
No_of_Customers:		2
No_of_Items:			15
Customer_Sequence:		52 32 

CustId	Id	TypeId	Rotated	x	y	z	Length	Width	Height	mass	Fragility	LoadBearingStrength
32	200	52	0	0	0	0	29	10	10	354.59	0		63.258969
32	204	72	0	0	10	0	29	12	8	618.62	0		26.317856
32	205	79	0	0	0	10	25	10	7	289.11	0		14.164506
32	201	57	0	0	10	8	26	8	7	242.41	0		10.946611
32	203	64	0	0	10	15	20	9	7	224.06	0		14.366885
32	202	60	0	0	0	17	28	9	10	493.38	1		2.032906
52	338	64	0	0	9	22	20	9	7	224.06	0		14.366885
52	340	93	0	29	0	0	26	11	10	404.57	0		10.319224
52	339	86	0	28	0	10	31	11	7	319.48	0		29.839951
52	334	23	0	28	0	17	15	10	11	283.95	0		11.892282
52	336	40	0	29	11	0	28	14	13	425.02	0		20.050204
52	337	41	0	26	11	13	20	11	9	300.79	1		10.472411
52	335	25	0	26	11	22	13	10	7	292.98	1		4.098095
52	332	19	0	43	0	17	15	8	6	104.61	1		2.448123
52	333	19	0	43	0	23	15	8	6	104.61	1		2.448123


-------------------------------------------------------------------------------------------------------------------
Tour_Id:			18
No_of_Customers:		2
No_of_Items:			12
Customer_Sequence:		33 46 

CustId	Id	TypeId	Rotated	x	y	z	Length	Width	Height	mass	Fragility	LoadBearingStrength
46	292	35	0	0	0	0	27	12	11	364.93	0		36.075288
46	293	35	0	0	12	0	27	12	11	364.93	0		36.075288
33	207	18	0	0	0	11	32	10	7	316.56	1		6.666467
33	209	45	0	0	10	11	25	6	6	234.99	0		31.667285
46	297	84	0	27	0	0	14	14	7	229.18	0		14.017559
46	295	76	0	27	14	0	21	10	6	304.01	0		33.326966
46	294	47	0	0	16	11	16	8	10	177.91	0		11.702567
33	206	4	0	16	16	11	13	8	11	306.87	0		28.443423
33	211	100	0	29	14	6	18	8	10	210.22	0		23.471194
46	296	84	0	41	0	0	14	14	7	229.18	0		14.017559
33	208	30	0	0	0	18	17	10	11	347	1		3.463366
33	210	98	0	17	0	18	17	10	10	347.17	1		1.781498


-------------------------------------------------------------------------------------------------------------------
Tour_Id:			19
No_of_Customers:		2
No_of_Items:			15
Customer_Sequence:		21 44 

CustId	Id	TypeId	Rotated	x	y	z	Length	Width	Height	mass	Fragility	LoadBearingStrength
44	279	5	0	0	0	0	35	11	9	585.36	0		26.242263
44	280	13	0	0	11	0	17	12	9	243.26	0		13.533089
44	284	82	0	0	0	9	13	12	11	239.52	0		16.782156
44	285	82	0	0	12	9	13	12	11	239.52	0		16.782156
44	282	31	0	0	0	20	13	8	10	192.75	0		22.127894
44	281	29	0	0	8	20	15	8	6	185.96	0		25.472861
44	283	51	0	13	0	9	22	8	9	480.25	1		14.296997
21	138	40	0	17	11	0	28	14	13	425.02	0		20.050204
21	141	93	0	15	11	13	26	11	10	404.57	0		10.319224
21	144	99	0	35	0	0	21	9	12	279.91	0		38.564745
21	139	50	0	15	11	23	29	8	6	181.37	0		20.599919
21	137	32	0	45	9	0	13	12	8	224.62	0		26.930229
21	140	85	0	0	16	20	14	8	9	140.78	0		17.233257
21	143	97	0	35	0	12	15	10	11	418.46	1		36.047994
21	142	94	0	13	0	18	13	8	11	124.47	1		13.868466


-------------------------------------------------------------------------------------------------------------------
Tour_Id:			20
No_of_Customers:		2
No_of_Items:			15
Customer_Sequence:		58 10 

CustId	Id	TypeId	Rotated	x	y	z	Length	Width	Height	mass	Fragility	LoadBearingStrength
10	67	34	0	0	0	0	31	11	11	341.42	0		39.316797
10	64	7	0	0	11	0	30	7	11	297.05	0		15.738390
10	71	89	0	0	0	11	23	8	8	149.69	0		34.264607
10	68	34	0	0	8	11	31	11	11	341.42	0		39.316797
10	65	10	0	0	19	0	31	5	12	265.01	0		28.869391
10	66	33	0	31	0	0	26	11	9	320.98	0		26.564585
10	70	81	0	31	11	0	14	10	9	532.53	0		22.263585
10	69	56	0	0	0	19	20	8	6	96.66	1		4.740803
58	382	65	0	0	8	22	12	7	6	99.26	0		29.705554
58	383	87	0	31	0	9	29	8	7	290.16	0		33.490150
58	380	43	0	12	8	22	23	9	6	151.69	0		20.396919
58	378	10	0	0	19	12	31	5	12	265.01	0		28.869391
58	381	63	0	31	8	9	20	11	8	227.17	1		12.418892
58	384	90	0	31	0	16	20	5	10	158.81	1		5.271991
58	379	36	0	35	8	17	20	6	8	233.63	1		5.841325


-------------------------------------------------------------------------------------------------------------------
Tour_Id:			21
No_of_Customers:		2
No_of_Items:			10
Customer_Sequence:		48 27 

CustId	Id	TypeId	Rotated	x	y	z	Length	Width	Height	mass	Fragility	LoadBearingStrength
27	175	91	0	0	0	0	18	11	6	142.04	0		10.866329
27	173	69	0	0	11	0	30	11	6	229.88	1		4.566899
27	172	57	0	18	0	0	26	8	7	242.41	0		10.946611
27	174	81	0	0	0	6	14	10	9	532.53	0		22.263585
48	310	99	0	18	0	7	21	9	12	279.91	0		38.564745
48	307	61	0	30	9	0	28	10	8	674.95	0		33.210568
48	309	87	0	30	9	8	29	8	7	290.16	0		33.490150
48	311	100	0	0	0	15	18	8	10	210.22	0		23.471194
48	308	73	0	18	0	19	21	5	9	141.78	0		27.129707
48	306	30	0	0	10	6	17	10	11	347	1		3.463366


-------------------------------------------------------------------------------------------------------------------
Tour_Id:			22
No_of_Customers:		2
No_of_Items:			17
Customer_Sequence:		59 56 

CustId	Id	TypeId	Rotated	x	y	z	Length	Width	Height	mass	Fragility	LoadBearingStrength
56	367	39	0	0	0	0	25	10	12	352.04	0		33.649991
56	365	9	0	0	10	0	31	10	12	262.24	0		28.548576
56	368	71	0	0	0	12	22	12	7	276.20	0		11.947574
56	362	3	0	0	20	0	30	5	6	164.59	1		5.556735
56	363	4	0	0	12	12	13	8	11	306.87	0		28.443423
56	369	89	0	0	0	19	23	8	8	149.69	0		34.264607
56	364	4	0	13	12	12	13	8	11	306.87	0		28.443423
56	366	28	0	0	20	6	21	5	7	239.35	1		7.392067
59	388	44	0	25	0	0	35	8	11	378.79	0		15.499127
59	389	44	0	25	0	11	35	8	11	378.79	0		15.499127
59	393	92	0	31	8	0	28	9	12	452.23	0		30.953800
59	386	13	0	26	8	12	17	12	9	243.26	0		13.533089
59	392	88	0	26	8	21	18	12	8	196.71	0		37.424226
59	385	2	0	0	12	23	16	10	7	204.77	0		36.825614
59	391	73	0	30	20	0	21	5	9	141.78	0		27.129707
59	390	65	0	23	0	22	12	7	6	99.26	0		29.705554
59	387	28	0	0	20	13	21	5	7	239.35	1		7.392067


-------------------------------------------------------------------------------------------------------------------
Tour_Id:			23
No_of_Customers:		1
No_of_Items:			0
Customer_Sequence:		36 

-------------------------------------------------------------------------------------------------------------------
Tour_Id:			24
No_of_Customers:		2
No_of_Items:			14
Customer_Sequence:		45 18 

CustId	Id	TypeId	Rotated	x	y	z	Length	Width	Height	mass	Fragility	LoadBearingStrength
18	118	39	0	0	0	0	25	10	12	352.04	0		33.649991
18	121	99	0	0	10	0	21	9	12	279.91	0		38.564745
18	117	38	0	21	10	0	34	8	6	198.32	0		33.976452
18	119	43	0	0	0	12	23	9	6	151.69	0		20.396919
18	120	73	0	0	19	0	21	5	9	141.78	0		27.129707
18	115	27	0	0	9	12	15	13	8	296.59	1		15.910395
18	116	36	0	0	0	18	20	6	8	233.63	1		5.841325
18	114	3	0	21	18	0	30	5	6	164.59	1		5.556735
45	286	24	0	25	0	0	22	9	10	445.79	0		27.142454
45	290	95	0	25	0	10	12	9	8	453.79	0		29.545581
45	288	41	0	0	9	20	20	11	9	300.79	1		10.472411
45	291	96	0	20	0	18	14	5	10	223.59	0		36.589919
45	287	38	0	21	10	6	34	8	6	198.32	0		33.976452
45	289	94	0	20	9	12	13	8	11	124.47	1		13.868466


-------------------------------------------------------------------------------------------------------------------
Tour_Id:			25
No_of_Customers:		2
No_of_Items:			15
Customer_Sequence:		19 43 

CustId	Id	TypeId	Rotated	x	y	z	Length	Width	Height	mass	Fragility	LoadBearingStrength
43	276	37	0	0	0	0	21	11	10	242.14	0		28.120804
43	273	10	0	0	11	0	31	5	12	265.01	0		28.869391
43	274	10	0	0	16	0	31	5	12	265.01	0		28.869391
43	277	64	0	0	0	10	20	9	7	224.06	0		14.366885
43	278	81	0	0	9	12	14	10	9	532.53	0		22.263585
43	275	29	0	0	0	17	15	8	6	185.96	0		25.472861
19	130	92	0	21	0	0	28	9	12	452.23	0		30.953800
19	125	52	0	20	0	12	29	10	10	354.59	0		63.258969
19	128	72	0	20	0	22	29	12	8	618.62	0		26.317856
19	124	24	0	31	9	0	22	9	10	445.79	0		27.142454
19	122	13	0	14	10	12	17	12	9	243.26	0		13.533089
19	123	14	0	0	8	21	19	10	8	248.22	0		39.774083
19	127	70	0	31	10	10	15	8	10	206.36	0		27.820535
19	126	58	0	31	18	0	18	6	8	193.83	0		13.184556
19	129	90	0	31	18	8	20	5	10	158.81	1		5.271991


-------------------------------------------------------------------------------------------------------------------
Tour_Id:			26
No_of_Customers:		3
No_of_Items:			16
Customer_Sequence:		11 50 30 

CustId	Id	TypeId	Rotated	x	y	z	Length	Width	Height	mass	Fragility	LoadBearingStrength
30	192	78	0	0	0	0	29	11	11	525.74	0		45.443153
30	191	73	0	0	11	0	21	5	9	141.78	0		27.129707
30	188	8	0	0	16	0	18	9	7	136.22	0		29.154910
30	189	52	0	0	0	11	29	10	10	354.59	0		63.258969
30	190	58	0	0	11	9	18	6	8	193.83	0		13.184556
50	320	22	0	18	16	0	29	8	10	356.22	0		38.132078
50	321	29	0	0	17	7	15	8	6	185.96	0		25.472861
50	322	41	0	0	0	21	20	11	9	300.79	1		10.472411
50	323	54	0	29	0	0	13	10	8	268.87	0		19.800372
50	325	87	0	18	16	10	29	8	7	290.16	0		33.490150
50	324	84	0	42	0	0	14	14	7	229.18	0		14.017559
11	74	20	0	42	0	7	18	13	10	382.15	0		26.944601
11	72	2	0	42	0	17	16	10	7	204.77	0		36.825614
11	75	73	0	0	11	17	21	5	9	141.78	0		27.129707
11	73	15	0	42	0	24	14	10	6	211.85	0		48.646026
11	76	75	0	18	16	17	24	5	6	140.75	0		22.891980


-------------------------------------------------------------------------------------------------------------------
Tour_Id:			27
No_of_Customers:		2
No_of_Items:			14
Customer_Sequence:		22 35 

CustId	Id	TypeId	Rotated	x	y	z	Length	Width	Height	mass	Fragility	LoadBearingStrength
35	225	99	0	0	0	0	21	9	12	279.91	0		38.564745
35	220	21	0	0	9	0	27	11	6	279.54	0		37.088664
35	224	88	0	0	9	6	18	12	8	196.71	0		37.424226
22	146	24	0	0	0	12	22	9	10	445.79	0		27.142454
22	149	52	0	27	0	0	29	10	10	354.59	0		63.258969
22	150	72	0	27	10	0	29	12	8	618.62	0		26.317856
35	223	63	0	0	9	14	20	11	8	227.17	1		12.418892
35	222	46	1	18	9	6	14	9	7	124.27	0		75.956960
22	151	82	0	27	0	10	13	12	11	239.52	0		16.782156
35	221	25	0	0	9	22	13	10	7	292.98	1		4.098095
22	145	6	0	27	12	8	30	9	7	291.89	0		24.109205
22	152	85	0	27	0	21	14	8	9	140.78	0		17.233257
22	148	45	0	0	0	22	25	6	6	234.99	0		31.667285
22	147	26	0	27	12	15	12	10	6	143.53	0		23.366722


-------------------------------------------------------------------------------------------------------------------
Tour_Id:			28
No_of_Customers:		2
No_of_Items:			14
Customer_Sequence:		41 53 

CustId	Id	TypeId	Rotated	x	y	z	Length	Width	Height	mass	Fragility	LoadBearingStrength
53	343	61	0	0	0	0	28	10	8	674.95	0		33.210568
53	348	87	0	0	10	0	29	8	7	290.16	0		33.490150
53	349	89	0	0	10	7	23	8	8	149.69	0		34.264607
53	345	83	0	0	18	0	24	6	10	191.06	0		37.486072
53	346	83	0	0	0	8	24	6	10	191.06	0		37.486072
53	341	2	0	0	10	15	16	10	7	204.77	0		36.825614
53	347	85	0	0	0	18	14	8	9	140.78	0		17.233257
53	344	75	0	0	20	10	24	5	6	140.75	0		22.891980
53	342	25	0	0	8	22	13	10	7	292.98	1		4.098095
41	262	1	0	28	0	0	26	10	8	294.51	0		27.183313
41	265	68	0	24	0	8	17	9	8	163.34	0		37.810052
41	266	70	0	24	0	16	15	8	10	206.36	0		27.820535
41	264	60	0	29	10	0	28	9	10	493.38	1		2.032906
41	263	30	0	29	10	10	17	10	11	347	1		3.463366


