Name:				439_n060_m400_bt3
Problem:			3L-VRPTW
Number_of_used_Vehicles:	5
Total_Travel_Distance:		808.40
Calculation_Time:		3600.00
Total_Iterations:		6542
ConstraintSet:			P1

-------------------------------------------------------------------------------------------------------------------
Tour_Id:			1
No_of_Customers:		8
No_of_Items:			55
Customer_Sequence:		54 52 45 48 12 50 22 33 

CustId	Id	TypeId	Rotated	x	y	z	Length	Width	Height	mass	Fragility	LoadBearingStrength
33	227	2	0	0	0	0	10	3	8	229.08	0		80.718470
33	228	2	0	0	3	0	10	3	8	229.08	0		80.718470
33	229	3	0	0	6	0	8	4	4	81.27	0		16.258243
33	223	1	0	0	10	0	14	3	4	101.80	1		1.867097
33	224	1	0	0	13	0	14	3	4	101.80	1		1.867097
33	225	1	0	0	16	0	14	3	4	101.80	1		1.867097
33	226	1	0	0	19	0	14	3	4	101.80	1		1.867097
22	154	2	0	0	22	0	10	3	8	229.08	0		80.718470
22	155	2	0	0	6	4	10	3	8	229.08	0		80.718470
22	156	3	0	0	0	8	8	4	4	81.27	0		16.258243
22	157	3	0	0	0	12	8	4	4	81.27	0		16.258243
22	158	3	0	0	6	12	8	4	4	81.27	0		16.258243
22	152	1	0	0	9	4	14	3	4	101.80	1		1.867097
22	153	1	0	0	12	4	14	3	4	101.80	1		1.867097
50	332	2	0	0	22	8	10	3	8	229.08	0		80.718470
50	333	2	0	0	0	16	10	3	8	229.08	0		80.718470
50	334	3	0	0	6	16	8	4	4	81.27	0		16.258243
50	335	3	0	0	6	20	8	4	4	81.27	0		16.258243
50	336	3	0	0	0	24	8	4	4	81.27	0		16.258243
12	83	2	0	0	22	16	10	3	8	229.08	0		80.718470
12	84	2	0	10	0	0	10	3	8	229.08	0		80.718470
12	85	3	0	0	6	24	8	4	4	81.27	0		16.258243
12	86	3	0	10	3	0	8	4	4	81.27	0		16.258243
12	87	3	0	10	3	4	8	4	4	81.27	0		16.258243
12	79	1	0	0	15	4	14	3	4	101.80	1		1.867097
12	80	1	0	0	18	4	14	3	4	101.80	1		1.867097
12	81	1	0	0	10	8	14	3	4	101.80	1		1.867097
12	82	1	0	0	13	8	14	3	4	101.80	1		1.867097
48	321	2	0	8	3	8	10	3	8	229.08	0		80.718470
48	322	2	0	8	3	16	10	3	8	229.08	0		80.718470
48	318	1	0	0	16	8	14	3	4	101.80	1		1.867097
48	319	1	0	0	10	12	14	3	4	101.80	1		1.867097
48	320	1	0	0	13	12	14	3	4	101.80	1		1.867097
45	303	2	0	10	22	0	10	3	8	229.08	0		80.718470
45	304	2	0	10	0	8	10	3	8	229.08	0		80.718470
45	305	3	0	8	3	24	8	4	4	81.27	0		16.258243
45	306	3	0	14	7	0	8	4	4	81.27	0		16.258243
45	307	3	0	14	11	0	8	4	4	81.27	0		16.258243
45	301	1	0	0	16	12	14	3	4	101.80	1		1.867097
45	302	1	0	0	10	16	14	3	4	101.80	1		1.867097
52	347	2	0	10	22	8	10	3	8	229.08	0		80.718470
52	348	2	0	10	0	16	10	3	8	229.08	0		80.718470
52	349	2	0	10	22	16	10	3	8	229.08	0		80.718470
52	350	3	0	14	15	0	8	4	4	81.27	0		16.258243
52	351	3	0	14	7	4	8	4	4	81.27	0		16.258243
52	352	3	0	14	11	4	8	4	4	81.27	0		16.258243
52	344	1	0	0	13	16	14	3	4	101.80	1		1.867097
52	345	1	0	0	16	16	14	3	4	101.80	1		1.867097
52	346	1	0	0	10	20	14	3	4	101.80	1		1.867097
54	356	2	0	14	19	0	10	3	8	229.08	0		80.718470
54	357	2	0	14	15	4	10	3	8	229.08	0		80.718470
54	358	3	0	14	7	8	8	4	4	81.27	0		16.258243
54	359	3	0	14	11	8	8	4	4	81.27	0		16.258243
54	360	3	0	14	7	12	8	4	4	81.27	0		16.258243
54	361	3	0	14	11	12	8	4	4	81.27	0		16.258243


-------------------------------------------------------------------------------------------------------------------
Tour_Id:			2
No_of_Customers:		12
No_of_Items:			85
Customer_Sequence:		20 21 57 40 25 32 35 14 41 30 56 31 

CustId	Id	TypeId	Rotated	x	y	z	Length	Width	Height	mass	Fragility	LoadBearingStrength
31	212	3	0	0	0	0	8	4	4	81.27	0		16.258243
31	213	3	0	0	4	0	8	4	4	81.27	0		16.258243
31	211	1	0	0	8	0	14	3	4	101.80	1		1.867097
56	371	2	0	0	11	0	10	3	8	229.08	0		80.718470
56	372	2	0	0	14	0	10	3	8	229.08	0		80.718470
56	373	3	0	0	17	0	8	4	4	81.27	0		16.258243
56	374	3	0	0	21	0	8	4	4	81.27	0		16.258243
56	368	1	0	0	8	4	14	3	4	101.80	1		1.867097
56	369	1	0	0	8	8	14	3	4	101.80	1		1.867097
56	370	1	0	0	8	12	14	3	4	101.80	1		1.867097
30	206	2	0	0	0	4	10	3	8	229.08	0		80.718470
30	207	2	0	0	3	4	10	3	8	229.08	0		80.718470
30	208	2	0	0	17	4	10	3	8	229.08	0		80.718470
30	209	2	0	0	20	4	10	3	8	229.08	0		80.718470
30	210	3	0	0	11	8	8	4	4	81.27	0		16.258243
30	204	1	0	0	8	16	14	3	4	101.80	1		1.867097
30	205	1	0	0	8	20	14	3	4	101.80	1		1.867097
41	277	2	0	0	0	12	10	3	8	229.08	0		80.718470
41	278	2	0	0	3	12	10	3	8	229.08	0		80.718470
41	279	2	0	0	11	12	10	3	8	229.08	0		80.718470
41	280	3	1	0	14	12	8	4	4	81.27	0		16.258243
41	274	1	0	0	8	24	14	3	4	101.80	1		1.867097
41	275	1	0	10	11	0	14	3	4	101.80	1		1.867097
41	276	1	0	10	14	0	14	3	4	101.80	1		1.867097
14	96	2	1	0	14	16	10	3	8	229.08	0		80.718470
14	97	2	0	0	0	20	10	3	8	229.08	0		80.718470
14	98	2	0	0	3	20	10	3	8	229.08	0		80.718470
14	99	3	1	0	14	24	8	4	4	81.27	0		16.258243
14	100	3	1	4	14	12	8	4	4	81.27	0		16.258243
14	94	1	0	10	17	0	14	3	4	101.80	1		1.867097
14	95	1	0	10	20	0	14	3	4	101.80	1		1.867097
35	239	2	0	0	11	20	10	3	8	229.08	0		80.718470
35	240	2	1	4	14	16	10	3	8	229.08	0		80.718470
35	241	2	0	10	0	0	10	3	8	229.08	0		80.718470
35	242	2	0	10	3	0	10	3	8	229.08	0		80.718470
35	243	3	1	4	14	24	8	4	4	81.27	0		16.258243
35	244	3	0	10	0	8	8	4	4	81.27	0		16.258243
35	245	3	0	10	0	12	8	4	4	81.27	0		16.258243
35	237	1	0	10	11	4	14	3	4	101.80	1		1.867097
35	238	1	0	10	14	4	14	3	4	101.80	1		1.867097
32	217	2	0	10	0	16	10	3	8	229.08	0		80.718470
32	218	2	0	14	6	0	10	3	8	229.08	0		80.718470
32	219	2	0	10	4	8	10	3	8	229.08	0		80.718470
32	220	2	0	10	3	16	10	3	8	229.08	0		80.718470
32	221	3	0	10	0	24	8	4	4	81.27	0		16.258243
32	222	3	0	20	0	0	8	4	4	81.27	0		16.258243
32	214	1	0	8	14	8	14	3	4	101.80	1		1.867097
32	215	1	0	8	14	12	14	3	4	101.80	1		1.867097
32	216	1	0	8	14	16	14	3	4	101.80	1		1.867097
25	173	2	0	20	0	4	10	3	8	229.08	0		80.718470
25	174	2	0	20	0	12	10	3	8	229.08	0		80.718470
25	175	3	0	20	0	20	8	4	4	81.27	0		16.258243
25	176	3	0	18	0	24	8	4	4	81.27	0		16.258243
25	177	3	0	24	4	0	8	4	4	81.27	0		16.258243
25	178	3	0	24	8	0	8	4	4	81.27	0		16.258243
25	172	1	0	8	14	20	14	3	4	101.80	1		1.867097
40	270	2	0	24	12	0	10	3	8	229.08	0		80.718470
40	271	2	0	24	15	0	10	3	8	229.08	0		80.718470
40	272	3	0	24	18	0	8	4	4	81.27	0		16.258243
40	273	3	0	24	4	4	8	4	4	81.27	0		16.258243
40	267	1	0	8	14	24	14	3	4	101.80	1		1.867097
40	268	1	0	10	17	4	14	3	4	101.80	1		1.867097
40	269	1	0	10	20	4	14	3	4	101.80	1		1.867097
57	378	2	0	24	22	0	10	3	8	229.08	0		80.718470
57	379	3	0	20	4	8	8	4	4	81.27	0		16.258243
57	380	3	0	20	4	12	8	4	4	81.27	0		16.258243
57	381	3	0	20	4	16	8	4	4	81.27	0		16.258243
57	375	1	0	10	11	8	14	3	4	101.80	1		1.867097
57	376	1	0	10	17	8	14	3	4	101.80	1		1.867097
57	377	1	0	8	17	12	14	3	4	101.80	1		1.867097
21	147	2	0	20	4	20	10	3	8	229.08	0		80.718470
21	148	2	0	24	8	4	10	3	8	229.08	0		80.718470
21	149	2	0	24	18	4	10	3	8	229.08	0		80.718470
21	150	3	0	24	11	8	8	4	4	81.27	0		16.258243
21	151	3	0	24	8	12	8	4	4	81.27	0		16.258243
21	145	1	0	8	17	16	14	3	4	101.80	1		1.867097
21	146	1	0	8	17	20	14	3	4	101.80	1		1.867097
20	140	3	0	22	8	16	8	4	4	81.27	0		16.258243
20	141	3	0	20	7	20	8	4	4	81.27	0		16.258243
20	142	3	0	20	7	24	8	4	4	81.27	0		16.258243
20	143	3	0	24	12	12	8	4	4	81.27	0		16.258243
20	144	3	0	22	12	16	8	4	4	81.27	0		16.258243
20	137	1	0	8	17	24	14	3	4	101.80	1		1.867097
20	138	1	0	22	18	12	14	3	4	101.80	1		1.867097
20	139	1	0	22	18	16	14	3	4	101.80	1		1.867097


-------------------------------------------------------------------------------------------------------------------
Tour_Id:			3
No_of_Customers:		15
No_of_Items:			88
Customer_Sequence:		44 39 7 13 58 59 5 17 28 24 53 18 37 47 6 

CustId	Id	TypeId	Rotated	x	y	z	Length	Width	Height	mass	Fragility	LoadBearingStrength
6	41	2	0	0	0	0	10	3	8	229.08	0		80.718470
6	42	3	0	0	3	0	8	4	4	81.27	0		16.258243
6	43	3	0	0	7	0	8	4	4	81.27	0		16.258243
6	39	1	0	0	11	0	14	3	4	101.80	1		1.867097
6	40	1	0	0	14	0	14	3	4	101.80	1		1.867097
47	315	1	0	0	17	0	14	3	4	101.80	1		1.867097
47	316	1	0	0	20	0	14	3	4	101.80	1		1.867097
47	317	1	1	0	3	4	14	3	4	101.80	1		1.867097
37	251	2	0	0	0	8	10	3	8	229.08	0		80.718470
37	252	2	0	0	0	16	10	3	8	229.08	0		80.718470
37	253	3	0	0	0	24	8	4	4	81.27	0		16.258243
37	254	3	1	3	3	4	8	4	4	81.27	0		16.258243
37	250	1	0	0	17	4	14	3	4	101.80	1		1.867097
18	125	2	0	8	3	0	10	3	8	229.08	0		80.718470
18	126	2	0	8	6	0	10	3	8	229.08	0		80.718470
18	127	3	0	8	3	8	8	4	4	81.27	0		16.258243
18	128	3	1	3	4	8	8	4	4	81.27	0		16.258243
18	124	1	0	0	20	4	14	3	4	101.80	1		1.867097
53	355	3	0	3	4	12	8	4	4	81.27	0		16.258243
53	353	1	0	0	17	8	14	3	4	101.80	1		1.867097
53	354	1	0	0	20	8	14	3	4	101.80	1		1.867097
24	166	2	0	3	4	16	10	3	8	229.08	0		80.718470
24	167	2	0	10	0	0	10	3	8	229.08	0		80.718470
24	168	3	0	3	4	24	8	4	4	81.27	0		16.258243
24	169	3	0	14	9	0	8	4	4	81.27	0		16.258243
24	170	3	0	14	13	0	8	4	4	81.27	0		16.258243
24	171	3	0	14	17	0	8	4	4	81.27	0		16.258243
24	165	1	0	0	17	12	14	3	4	101.80	1		1.867097
28	192	2	0	10	0	8	10	3	8	229.08	0		80.718470
28	193	2	0	10	0	16	10	3	8	229.08	0		80.718470
28	194	3	0	8	0	24	8	4	4	81.27	0		16.258243
28	195	3	0	14	21	0	8	4	4	81.27	0		16.258243
28	196	3	0	14	9	4	8	4	4	81.27	0		16.258243
28	189	1	0	0	20	12	14	3	4	101.80	1		1.867097
28	190	1	0	0	17	16	14	3	4	101.80	1		1.867097
28	191	1	0	0	20	16	14	3	4	101.80	1		1.867097
17	119	2	0	14	13	4	10	3	8	229.08	0		80.718470
17	120	2	0	14	16	4	10	3	8	229.08	0		80.718470
17	121	2	0	14	19	4	10	3	8	229.08	0		80.718470
17	122	3	0	14	9	8	8	4	4	81.27	0		16.258243
17	123	3	0	14	9	12	8	4	4	81.27	0		16.258243
17	115	1	0	0	17	20	14	3	4	101.80	1		1.867097
17	116	1	0	0	20	20	14	3	4	101.80	1		1.867097
17	117	1	0	0	17	24	14	3	4	101.80	1		1.867097
17	118	1	0	0	20	24	14	3	4	101.80	1		1.867097
5	34	2	0	14	22	4	10	3	8	229.08	0		80.718470
5	35	2	0	14	13	12	10	3	8	229.08	0		80.718470
5	36	2	0	14	16	12	10	3	8	229.08	0		80.718470
5	37	2	0	14	19	12	10	3	8	229.08	0		80.718470
5	38	3	0	14	9	16	8	4	4	81.27	0		16.258243
5	32	1	1	14	9	20	14	3	4	101.80	1		1.867097
5	33	1	1	14	9	24	14	3	4	101.80	1		1.867097
59	386	2	1	17	9	20	10	3	8	229.08	0		80.718470
59	387	2	0	18	3	0	10	3	8	229.08	0		80.718470
59	388	2	0	16	3	8	10	3	8	229.08	0		80.718470
59	389	2	0	16	3	16	10	3	8	229.08	0		80.718470
59	390	3	1	16	0	24	8	4	4	81.27	0		16.258243
59	391	3	1	20	9	20	8	4	4	81.27	0		16.258243
59	392	3	1	20	9	24	8	4	4	81.27	0		16.258243
59	393	3	0	22	6	0	8	4	4	81.27	0		16.258243
58	383	2	0	20	0	0	10	3	8	229.08	0		80.718470
58	384	3	0	24	10	0	8	4	4	81.27	0		16.258243
58	385	3	0	24	14	0	8	4	4	81.27	0		16.258243
58	382	1	0	24	18	0	14	3	4	101.80	1		1.867097
13	92	2	0	20	0	8	10	3	8	229.08	0		80.718470
13	93	3	0	24	21	0	8	4	4	81.27	0		16.258243
13	88	1	1	24	6	4	14	3	4	101.80	1		1.867097
13	89	1	1	24	6	8	14	3	4	101.80	1		1.867097
13	90	1	1	24	6	12	14	3	4	101.80	1		1.867097
13	91	1	1	24	6	16	14	3	4	101.80	1		1.867097
7	45	2	0	20	0	16	10	3	8	229.08	0		80.718470
7	46	2	0	24	21	4	10	3	8	229.08	0		80.718470
7	47	2	0	24	21	12	10	3	8	229.08	0		80.718470
7	48	2	0	24	21	20	10	3	8	229.08	0		80.718470
7	49	3	0	20	0	24	8	4	4	81.27	0		16.258243
7	50	3	1	27	6	4	8	4	4	81.27	0		16.258243
7	44	1	1	24	6	20	14	3	4	101.80	1		1.867097
39	265	2	1	27	4	8	10	3	8	229.08	0		80.718470
39	266	3	1	27	4	16	8	4	4	81.27	0		16.258243
39	261	1	1	24	4	24	14	3	4	101.80	1		1.867097
39	262	1	0	28	3	0	14	3	4	101.80	1		1.867097
39	263	1	0	30	0	0	14	3	4	101.80	1		1.867097
39	264	1	0	30	0	4	14	3	4	101.80	1		1.867097
44	297	2	1	27	4	20	10	3	8	229.08	0		80.718470
44	298	2	0	31	6	0	10	3	8	229.08	0		80.718470
44	299	2	0	31	6	8	10	3	8	229.08	0		80.718470
44	300	3	0	31	6	16	8	4	4	81.27	0		16.258243
44	296	1	0	30	0	8	14	3	4	101.80	1		1.867097


-------------------------------------------------------------------------------------------------------------------
Tour_Id:			4
No_of_Customers:		14
No_of_Items:			92
Customer_Sequence:		2 15 10 9 38 19 34 43 26 46 36 29 55 16 

CustId	Id	TypeId	Rotated	x	y	z	Length	Width	Height	mass	Fragility	LoadBearingStrength
16	110	2	0	0	0	0	10	3	8	229.08	0		80.718470
16	111	2	0	0	3	0	10	3	8	229.08	0		80.718470
16	112	3	0	0	6	0	8	4	4	81.27	0		16.258243
16	113	3	0	0	10	0	8	4	4	81.27	0		16.258243
16	114	3	0	0	14	0	8	4	4	81.27	0		16.258243
16	109	1	0	0	18	0	14	3	4	101.80	1		1.867097
55	365	3	0	0	21	0	8	4	4	81.27	0		16.258243
55	366	3	0	0	6	4	8	4	4	81.27	0		16.258243
55	367	3	0	0	10	4	8	4	4	81.27	0		16.258243
55	362	1	0	0	18	4	14	3	4	101.80	1		1.867097
55	363	1	1	0	0	8	14	3	4	101.80	1		1.867097
55	364	1	0	0	18	8	14	3	4	101.80	1		1.867097
29	198	2	0	0	14	4	10	3	8	229.08	0		80.718470
29	199	2	0	0	21	4	10	3	8	229.08	0		80.718470
29	200	2	0	0	14	12	10	3	8	229.08	0		80.718470
29	201	2	0	0	21	12	10	3	8	229.08	0		80.718470
29	202	2	0	0	14	20	10	3	8	229.08	0		80.718470
29	203	3	0	0	21	20	8	4	4	81.27	0		16.258243
29	197	1	1	0	0	12	14	3	4	101.80	1		1.867097
36	246	2	1	3	0	8	10	3	8	229.08	0		80.718470
36	247	3	0	0	21	24	8	4	4	81.27	0		16.258243
36	248	3	1	3	0	16	8	4	4	81.27	0		16.258243
36	249	3	1	3	0	20	8	4	4	81.27	0		16.258243
46	309	3	1	3	0	24	8	4	4	81.27	0		16.258243
46	310	3	0	8	6	0	8	4	4	81.27	0		16.258243
46	311	3	0	8	10	0	8	4	4	81.27	0		16.258243
46	312	3	0	8	6	4	8	4	4	81.27	0		16.258243
46	313	3	1	7	0	8	8	4	4	81.27	0		16.258243
46	314	3	1	7	0	12	8	4	4	81.27	0		16.258243
46	308	1	0	0	18	12	14	3	4	101.80	1		1.867097
26	179	2	1	7	0	16	10	3	8	229.08	0		80.718470
26	180	2	0	8	10	4	10	3	8	229.08	0		80.718470
26	181	2	0	8	10	12	10	3	8	229.08	0		80.718470
26	182	3	1	7	0	24	8	4	4	81.27	0		16.258243
26	183	3	0	8	10	20	8	4	4	81.27	0		16.258243
43	292	2	0	10	14	0	10	3	8	229.08	0		80.718470
43	293	2	0	10	21	0	10	3	8	229.08	0		80.718470
43	294	2	0	10	14	8	10	3	8	229.08	0		80.718470
43	295	2	0	10	21	8	10	3	8	229.08	0		80.718470
43	290	1	0	0	18	16	14	3	4	101.80	1		1.867097
43	291	1	0	0	18	20	14	3	4	101.80	1		1.867097
34	234	2	0	10	14	16	10	3	8	229.08	0		80.718470
34	235	3	0	8	10	24	8	4	4	81.27	0		16.258243
34	236	3	0	10	21	16	8	4	4	81.27	0		16.258243
34	230	1	0	0	18	24	14	3	4	101.80	1		1.867097
34	231	1	0	11	0	0	14	3	4	101.80	1		1.867097
34	232	1	0	11	3	0	14	3	4	101.80	1		1.867097
34	233	1	0	11	0	4	14	3	4	101.80	1		1.867097
19	132	2	0	8	21	20	10	3	8	229.08	0		80.718470
19	133	2	0	14	17	0	10	3	8	229.08	0		80.718470
19	134	3	0	10	14	24	8	4	4	81.27	0		16.258243
19	135	3	0	14	17	8	8	4	4	81.27	0		16.258243
19	136	3	0	14	17	12	8	4	4	81.27	0		16.258243
19	129	1	0	11	3	4	14	3	4	101.80	1		1.867097
19	130	1	0	11	0	8	14	3	4	101.80	1		1.867097
19	131	1	0	11	3	8	14	3	4	101.80	1		1.867097
38	258	2	0	14	18	16	10	3	8	229.08	0		80.718470
38	259	3	0	16	6	0	8	4	4	81.27	0		16.258243
38	260	3	0	16	6	4	8	4	4	81.27	0		16.258243
38	255	1	0	11	6	8	14	3	4	101.80	1		1.867097
38	256	1	0	11	0	12	14	3	4	101.80	1		1.867097
38	257	1	0	11	3	12	14	3	4	101.80	1		1.867097
9	63	3	0	18	10	0	8	4	4	81.27	0		16.258243
9	64	3	0	18	10	4	8	4	4	81.27	0		16.258243
9	65	3	0	18	9	8	8	4	4	81.27	0		16.258243
9	60	1	0	11	6	12	14	3	4	101.80	1		1.867097
9	61	1	0	11	0	16	14	3	4	101.80	1		1.867097
9	62	1	0	11	3	16	14	3	4	101.80	1		1.867097
10	70	2	0	18	9	12	10	3	8	229.08	0		80.718470
10	71	3	0	16	9	20	8	4	4	81.27	0		16.258243
10	72	3	0	16	9	24	8	4	4	81.27	0		16.258243
10	66	1	0	11	6	16	14	3	4	101.80	1		1.867097
10	67	1	0	11	0	20	14	3	4	101.80	1		1.867097
10	68	1	0	11	3	20	14	3	4	101.80	1		1.867097
10	69	1	0	11	6	20	14	3	4	101.80	1		1.867097
15	103	2	0	20	14	0	10	3	8	229.08	0		80.718470
15	104	2	0	20	21	0	10	3	8	229.08	0		80.718470
15	105	2	0	20	13	8	10	3	8	229.08	0		80.718470
15	106	2	0	20	21	8	10	3	8	229.08	0		80.718470
15	107	3	0	18	21	16	8	4	4	81.27	0		16.258243
15	108	3	0	18	21	20	8	4	4	81.27	0		16.258243
15	101	1	0	11	0	24	14	3	4	101.80	1		1.867097
15	102	1	0	11	3	24	14	3	4	101.80	1		1.867097
2	14	2	0	20	13	16	10	3	8	229.08	0		80.718470
2	15	2	0	24	17	0	10	3	8	229.08	0		80.718470
2	16	2	0	24	16	8	10	3	8	229.08	0		80.718470
2	17	3	0	18	13	24	8	4	4	81.27	0		16.258243
2	18	3	1	18	17	24	8	4	4	81.27	0		16.258243
2	10	1	0	11	6	24	14	3	4	101.80	1		1.867097
2	11	1	0	25	0	0	14	3	4	101.80	1		1.867097
2	12	1	0	25	3	0	14	3	4	101.80	1		1.867097
2	13	1	0	25	6	0	14	3	4	101.80	1		1.867097


-------------------------------------------------------------------------------------------------------------------
Tour_Id:			5
No_of_Customers:		11
No_of_Items:			80
Customer_Sequence:		11 51 60 8 4 42 23 49 3 27 1 

CustId	Id	TypeId	Rotated	x	y	z	Length	Width	Height	mass	Fragility	LoadBearingStrength
1	2	2	0	0	0	0	10	3	8	229.08	0		80.718470
1	3	2	0	0	3	0	10	3	8	229.08	0		80.718470
1	4	2	0	0	6	0	10	3	8	229.08	0		80.718470
1	5	2	0	0	9	0	10	3	8	229.08	0		80.718470
1	6	3	0	0	12	0	8	4	4	81.27	0		16.258243
1	7	3	0	0	16	0	8	4	4	81.27	0		16.258243
1	8	3	0	0	20	0	8	4	4	81.27	0		16.258243
1	9	3	0	0	12	4	8	4	4	81.27	0		16.258243
1	1	1	1	0	0	8	14	3	4	101.80	1		1.867097
27	185	2	0	0	16	4	10	3	8	229.08	0		80.718470
27	186	2	0	0	19	4	10	3	8	229.08	0		80.718470
27	187	3	0	0	16	12	8	4	4	81.27	0		16.258243
27	188	3	0	0	16	16	8	4	4	81.27	0		16.258243
27	184	1	1	0	0	12	14	3	4	101.80	1		1.867097
3	21	2	0	0	16	20	10	3	8	229.08	0		80.718470
3	22	2	1	3	0	8	10	3	8	229.08	0		80.718470
3	23	3	0	3	10	8	8	4	4	81.27	0		16.258243
3	24	3	0	3	10	12	8	4	4	81.27	0		16.258243
3	25	3	1	3	0	16	8	4	4	81.27	0		16.258243
3	26	3	0	3	10	16	8	4	4	81.27	0		16.258243
3	19	1	1	0	0	16	14	3	4	101.80	1		1.867097
3	20	1	1	0	0	20	14	3	4	101.80	1		1.867097
49	327	2	1	3	0	20	10	3	8	229.08	0		80.718470
49	328	2	0	3	10	20	10	3	8	229.08	0		80.718470
49	329	2	1	7	0	8	10	3	8	229.08	0		80.718470
49	330	3	1	7	0	16	8	4	4	81.27	0		16.258243
49	331	3	1	6	0	20	8	4	4	81.27	0		16.258243
49	323	1	1	0	0	24	14	3	4	101.80	1		1.867097
49	324	1	0	10	0	0	14	3	4	101.80	1		1.867097
49	325	1	0	10	3	0	14	3	4	101.80	1		1.867097
49	326	1	0	10	6	0	14	3	4	101.80	1		1.867097
23	161	3	1	6	0	24	8	4	4	81.27	0		16.258243
23	162	3	0	10	14	0	8	4	4	81.27	0		16.258243
23	163	3	0	10	18	0	8	4	4	81.27	0		16.258243
23	164	3	0	10	14	4	8	4	4	81.27	0		16.258243
23	159	1	0	8	22	0	14	3	4	101.80	1		1.867097
23	160	1	0	0	22	4	14	3	4	101.80	1		1.867097
42	283	2	0	10	18	4	10	3	8	229.08	0		80.718470
42	284	2	0	10	14	8	10	3	8	229.08	0		80.718470
42	285	2	0	10	18	12	10	3	8	229.08	0		80.718470
42	286	2	0	10	14	16	10	3	8	229.08	0		80.718470
42	287	3	0	10	17	20	8	4	4	81.27	0		16.258243
42	288	3	0	10	13	24	8	4	4	81.27	0		16.258243
42	289	3	0	10	17	24	8	4	4	81.27	0		16.258243
42	281	1	0	0	22	8	14	3	4	101.80	1		1.867097
42	282	1	0	0	21	12	14	3	4	101.80	1		1.867097
4	30	2	0	13	9	0	10	3	8	229.08	0		80.718470
4	31	3	0	13	9	8	8	4	4	81.27	0		16.258243
4	27	1	0	0	21	16	14	3	4	101.80	1		1.867097
4	28	1	0	0	21	20	14	3	4	101.80	1		1.867097
4	29	1	0	0	21	24	14	3	4	101.80	1		1.867097
8	53	2	0	13	9	12	10	3	8	229.08	0		80.718470
8	54	2	0	13	9	20	10	3	8	229.08	0		80.718470
8	55	3	0	20	13	0	8	4	4	81.27	0		16.258243
8	56	3	0	20	17	0	8	4	4	81.27	0		16.258243
8	57	3	0	20	13	4	8	4	4	81.27	0		16.258243
8	58	3	0	20	17	4	8	4	4	81.27	0		16.258243
8	59	3	0	20	13	8	8	4	4	81.27	0		16.258243
8	51	1	0	11	0	4	14	3	4	101.80	1		1.867097
8	52	1	0	11	3	4	14	3	4	101.80	1		1.867097
60	397	2	0	20	17	8	10	3	8	229.08	0		80.718470
60	398	2	0	20	13	12	10	3	8	229.08	0		80.718470
60	399	2	0	20	17	16	10	3	8	229.08	0		80.718470
60	400	3	0	20	12	20	8	4	4	81.27	0		16.258243
60	394	1	0	11	6	4	14	3	4	101.80	1		1.867097
60	395	1	0	11	0	8	14	3	4	101.80	1		1.867097
60	396	1	0	11	3	8	14	3	4	101.80	1		1.867097
51	339	3	0	18	12	24	8	4	4	81.27	0		16.258243
51	340	3	0	20	17	24	8	4	4	81.27	0		16.258243
51	341	3	0	25	0	0	8	4	4	81.27	0		16.258243
51	342	3	0	25	4	0	8	4	4	81.27	0		16.258243
51	343	3	0	25	8	0	8	4	4	81.27	0		16.258243
51	337	1	0	11	6	8	14	3	4	101.80	1		1.867097
51	338	1	0	11	0	12	14	3	4	101.80	1		1.867097
11	74	2	0	22	21	0	10	3	8	229.08	0		80.718470
11	75	2	0	22	21	8	10	3	8	229.08	0		80.718470
11	76	2	0	22	21	16	10	3	8	229.08	0		80.718470
11	77	3	0	22	21	24	8	4	4	81.27	0		16.258243
11	78	3	0	25	0	4	8	4	4	81.27	0		16.258243
11	73	1	0	11	3	12	14	3	4	101.80	1		1.867097


