Name:				446_n060_m400_bt100
Problem:			3L-VRPTW
Number_of_used_Vehicles:	6
Total_Travel_Distance:		900.59
Calculation_Time:		3600.00
Total_Iterations:		173
ConstraintSet:			P1

-------------------------------------------------------------------------------------------------------------------
Tour_Id:			1
No_of_Customers:		9
No_of_Items:			61
Customer_Sequence:		20 19 52 12 23 11 42 56 55 

CustId	Id	TypeId	Rotated	x	y	z	Length	Width	Height	mass	Fragility	LoadBearingStrength
55	364	96	0	0	0	0	10	7	7	220.88	0		19.444421
55	359	15	0	0	7	0	17	4	4	82.45	0		11.898164
55	360	20	0	0	11	0	10	6	3	77.03	0		20.770565
55	358	12	0	0	17	0	6	5	4	36.06	0		19.220272
55	363	86	0	0	22	0	8	3	3	7.27	0		4.277195
55	362	67	0	8	17	0	17	6	5	139.27	1		3.248281
56	368	44	0	0	11	3	13	6	6	187.82	1		2.746675
56	369	54	0	0	0	7	8	7	8	149.94	0		40.314000
56	365	10	0	0	0	15	10	6	7	62.04	0		7.927337
56	372	79	0	0	0	22	10	5	8	99.20	0		5.387205
56	371	65	0	10	0	0	17	5	4	143.57	0		43.070650
56	367	42	0	0	7	4	14	4	6	77.15	0		12.546502
56	370	62	0	0	7	10	11	5	5	105.58	0		12.461974
56	373	83	0	0	7	15	13	2	6	28.13	0		5.682020
56	366	30	0	0	7	21	17	2	4	57.53	0		62.644612
55	361	25	0	8	17	5	14	4	8	78.29	1		4.861874
42	262	38	0	17	5	0	14	7	8	179.51	0		4.792074
42	269	96	0	17	5	8	10	7	7	220.88	0		19.444421
42	267	75	0	17	5	15	11	6	7	135.17	0		101.574608
42	263	47	0	10	0	4	11	5	7	87.40	0		4.950289
42	264	47	0	10	0	11	11	5	7	87.40	0		4.950289
12	66	10	0	17	5	22	10	6	7	62.04	0		7.927337
42	261	11	0	13	12	0	15	3	3	126.33	0		36.879227
42	266	71	0	25	17	0	17	7	6	206.19	1		3.696045
42	268	91	0	0	12	9	12	3	7	39.36	1		1.732673
11	61	41	0	31	0	0	10	6	7	181.97	0		18.084338
11	64	79	0	10	0	18	10	5	8	99.20	0		5.387205
11	62	59	0	31	6	0	17	7	3	62.86	0		16.248230
11	63	64	0	31	6	3	7	6	4	60.89	0		15.973697
12	72	71	0	25	17	6	17	7	6	206.19	1		3.696045
23	137	34	1	31	0	7	15	7	7	223.76	0		74.440327
42	265	53	0	0	9	15	6	3	8	178.91	0		153.482106
23	136	21	0	13	12	3	11	4	8	123.85	0		11.641201
23	138	40	0	28	13	0	16	3	7	139.23	0		57.720629
23	139	43	0	12	12	11	14	4	3	43.19	0		79.226628
23	141	98	0	8	17	13	14	4	5	209.06	1		19.318328
12	67	17	1	31	0	14	13	7	7	221.06	0		36.286052
23	140	77	0	38	6	3	12	7	6	357	0		68.233820
12	68	23	0	10	0	26	13	5	3	58.46	0		27.566223
12	74	100	0	31	0	21	6	6	3	10.83	0		26.798113
12	71	71	0	25	17	12	17	7	6	206.19	1		3.696045
11	65	87	0	41	0	0	6	6	3	40.04	1		15.081732
12	69	25	0	8	17	18	14	4	8	78.29	1		4.861874
12	70	70	0	22	17	18	16	7	3	105.78	1		2.991906
12	73	73	0	8	17	26	14	5	4	226.93	1		45.263576
52	342	28	0	38	6	9	15	4	8	225.08	0		16.105508
52	343	33	0	38	6	17	15	5	5	245.78	0		21.527268
52	345	62	0	38	6	22	11	5	5	105.58	0		12.461974
52	344	48	0	31	6	21	7	5	5	57.06	0		15.802914
52	341	3	0	31	13	14	9	2	6	35.95	0		25.473887
19	111	17	0	42	16	0	13	7	7	221.06	0		36.286052
19	115	83	0	42	23	0	13	2	6	28.13	0		5.682020
19	116	94	0	31	0	24	8	4	4	23.99	0		8.212647
19	113	56	0	31	13	20	6	2	5	13.59	0		74.426936
19	114	67	0	22	17	21	17	6	5	139.27	1		3.248281
19	112	51	0	42	16	7	12	4	7	72.98	1		3.339555
20	119	38	1	53	0	0	14	7	8	179.51	0		4.792074
20	117	28	1	53	0	8	15	4	8	225.08	0		16.105508
20	118	29	0	38	6	27	6	6	3	36.38	0		17.375874
20	121	98	0	42	16	14	14	4	5	209.06	1		19.318328
20	120	74	0	22	17	26	12	5	3	246.70	1		14.901910


-------------------------------------------------------------------------------------------------------------------
Tour_Id:			2
No_of_Customers:		6
No_of_Items:			34
Customer_Sequence:		39 2 10 27 4 26 

CustId	Id	TypeId	Rotated	x	y	z	Length	Width	Height	mass	Fragility	LoadBearingStrength
26	153	34	0	0	0	0	15	7	7	223.76	0		74.440327
26	150	1	0	0	7	0	15	6	6	207.68	0		6.110252
26	151	4	0	0	13	0	12	4	8	63.25	0		5.094139
26	155	60	0	0	17	0	13	3	8	60.72	0		20.327156
26	152	12	0	0	20	0	6	5	4	36.06	0		19.220272
26	154	56	0	0	20	4	6	2	5	13.59	0		74.426936
4	25	77	0	0	0	7	12	7	6	357	0		68.233820
4	23	54	0	0	13	8	8	7	8	149.94	0		40.314000
4	24	69	0	0	22	4	8	2	8	27.88	0		29.528893
4	20	12	0	0	7	6	6	5	4	36.06	0		19.220272
4	21	52	0	0	7	10	6	4	4	10.97	0		32.884990
4	22	52	0	0	0	13	6	4	4	10.97	0		32.884990
27	159	41	0	0	13	16	10	6	7	181.97	0		18.084338
27	158	36	0	0	13	23	12	5	6	85.13	0		8.451051
27	156	16	0	0	7	14	8	4	5	72.97	0		15.275430
27	157	24	0	6	7	6	6	6	4	42.34	0		5.528523
27	160	44	0	13	13	0	13	6	6	187.82	1		2.746675
10	55	21	0	8	20	0	11	4	8	123.85	0		11.641201
10	56	42	0	8	20	8	14	4	6	77.15	0		12.546502
10	57	60	0	0	4	13	13	3	8	60.72	0		20.327156
10	60	80	0	0	0	17	8	4	4	38.60	0		38.884465
10	58	69	0	0	20	9	8	2	8	27.88	0		29.528893
10	54	12	0	0	7	19	6	5	4	36.06	0		19.220272
10	59	76	0	0	0	21	10	6	8	50.01	1		1.499775
2	6	7	0	0	7	23	8	4	3	80.67	0		115.140354
2	8	86	0	0	7	26	8	3	3	7.27	0		4.277195
2	7	74	0	8	20	14	12	5	3	246.70	1		14.901910
2	9	93	0	0	20	17	11	3	3	13.38	1		2.887131
2	10	93	0	0	20	20	11	3	3	13.38	1		2.887131
39	243	41	0	15	0	0	10	6	7	181.97	0		18.084338
39	247	63	0	13	0	7	10	5	8	176.13	0		30.300830
39	244	47	0	13	0	15	11	5	7	87.40	0		4.950289
39	246	59	0	15	6	0	17	7	3	62.86	0		16.248230
39	245	57	0	13	13	6	15	6	6	141.82	1		6.163696


-------------------------------------------------------------------------------------------------------------------
Tour_Id:			3
No_of_Customers:		9
No_of_Items:			66
Customer_Sequence:		18 59 31 54 43 50 17 9 7 

CustId	Id	TypeId	Rotated	x	y	z	Length	Width	Height	mass	Fragility	LoadBearingStrength
7	37	1	0	0	0	0	15	6	6	207.68	0		6.110252
7	42	75	0	0	6	0	11	6	7	135.17	0		101.574608
7	39	10	0	0	12	0	10	6	7	62.04	0		7.927337
7	40	15	0	0	18	0	17	4	4	82.45	0		11.898164
7	38	8	0	0	18	4	8	5	6	74.27	0		13.654531
9	48	17	0	0	6	7	13	7	7	221.06	0		36.286052
7	41	61	0	0	22	0	16	3	3	67.51	1		8.443069
9	53	92	0	0	0	6	10	4	5	23.56	0		17.568130
9	51	55	0	0	6	14	17	6	6	281.13	0		11.024836
9	49	21	0	0	13	7	11	4	8	123.85	0		11.641201
7	43	78	0	0	4	6	14	2	6	75.95	0		45.485377
9	50	31	0	0	18	10	10	3	4	130.21	0		67.705518
9	52	86	0	0	0	11	8	3	3	7.27	0		4.277195
17	98	28	0	0	6	20	15	4	8	225.08	0		16.105508
17	100	50	0	15	0	0	15	6	5	50.93	0		15.243487
17	99	33	0	11	13	0	15	5	5	245.78	0		21.527268
17	101	58	0	0	21	10	7	2	7	23.87	0		9.335622
17	102	85	0	11	13	5	13	6	7	130.07	1		4.072745
50	330	38	0	26	6	0	14	7	8	179.51	0		4.792074
43	273	17	0	26	13	0	13	7	7	221.06	0		36.286052
50	331	40	0	15	0	5	16	3	7	139.23	0		57.720629
50	334	82	0	26	6	8	7	6	6	88.70	0		20.886088
31	187	11	0	15	3	5	15	3	3	126.33	0		36.879227
50	332	44	0	11	13	12	13	6	6	187.82	1		2.746675
50	333	74	0	11	13	18	12	5	3	246.70	1		14.901910
50	329	28	0	17	20	0	15	4	8	225.08	0		16.105508
43	270	4	0	17	20	8	12	4	8	63.25	0		5.094139
43	274	26	0	17	20	16	10	5	6	35.64	0		3.837607
43	276	72	0	17	20	22	9	4	7	84.15	0		13.678115
43	278	92	0	24	13	7	10	4	5	23.56	0		17.568130
43	272	16	0	0	0	14	8	4	5	72.97	0		15.275430
43	271	12	0	0	0	19	6	5	4	36.06	0		19.220272
43	275	37	0	11	13	21	15	5	4	84.23	1		8.335083
43	277	87	0	0	0	23	6	6	3	40.04	1		15.081732
54	356	65	0	31	0	0	17	5	4	143.57	0		43.070650
54	351	17	0	39	13	0	13	7	7	221.06	0		36.286052
54	350	15	0	32	20	0	17	4	4	82.45	0		11.898164
54	354	59	0	34	13	7	17	7	3	62.86	0		16.248230
59	389	32	0	15	0	12	12	4	7	89.39	0		12.391048
54	355	63	0	32	20	4	10	5	8	176.13	0		30.300830
54	357	99	0	26	6	14	8	7	5	101.04	0		10.311098
54	349	12	0	26	13	12	6	5	4	36.06	0		19.220272
54	352	22	0	0	10	20	11	2	3	16.28	0		9.321037
31	188	27	0	34	13	10	17	7	5	202.33	0		19.866200
31	185	1	0	31	0	4	15	6	6	207.68	0		6.110252
31	190	54	0	26	6	19	8	7	8	149.94	0		40.314000
50	335	85	0	40	6	0	13	6	7	130.07	1		4.072745
31	186	3	0	0	10	23	9	2	6	35.95	0		25.473887
31	193	100	0	26	13	16	6	6	3	10.83	0		26.798113
31	192	81	0	26	13	19	6	3	5	25.49	0		44.743401
31	191	56	0	11	10	20	6	2	5	13.59	0		74.426936
31	189	46	0	15	4	8	11	2	6	13.65	1		1.017659
59	388	18	0	31	0	10	15	6	6	141.69	0		10.641135
54	353	34	1	53	6	0	15	7	7	223.76	0		74.440327
18	108	79	0	15	0	19	10	5	8	99.20	0		5.387205
59	393	99	0	32	13	15	8	7	5	101.04	0		10.311098
59	392	71	0	40	6	7	17	7	6	206.19	1		3.696045
59	391	70	0	40	6	13	16	7	3	105.78	1		2.991906
59	390	66	1	57	6	7	17	3	4	69.56	0		17.141599
18	106	36	0	29	20	12	12	5	6	85.13	0		8.451051
18	107	72	0	27	20	18	9	4	7	84.15	0		13.678115
18	104	20	0	15	0	27	10	6	3	77.03	0		20.770565
18	105	29	0	26	6	27	6	6	3	36.38	0		17.375874
18	103	14	0	27	20	25	10	2	5	31.77	0		26.153568
18	109	86	0	26	13	24	8	3	3	7.27	0		4.277195
18	110	87	0	0	0	26	6	6	3	40.04	1		15.081732


-------------------------------------------------------------------------------------------------------------------
Tour_Id:			4
No_of_Customers:		11
No_of_Items:			76
Customer_Sequence:		51 14 16 29 30 48 34 36 58 28 22 

CustId	Id	TypeId	Rotated	x	y	z	Length	Width	Height	mass	Fragility	LoadBearingStrength
22	134	79	0	0	0	0	10	5	8	99.20	0		5.387205
28	163	11	0	0	5	0	15	3	3	126.33	0		36.879227
22	131	24	0	0	8	0	6	6	4	42.34	0		5.528523
22	135	81	0	0	14	0	6	3	5	25.49	0		44.743401
22	132	73	0	0	17	0	14	5	4	226.93	1		45.263576
28	166	39	0	0	8	4	7	6	7	50.35	0		8.023494
28	161	2	0	0	8	11	7	7	5	56.97	0		11.358004
28	162	8	0	0	0	8	8	5	6	74.27	0		13.654531
28	167	48	0	0	0	14	7	5	5	57.06	0		15.802914
28	164	16	0	0	8	16	8	4	5	72.97	0		15.275430
34	208	48	0	0	0	19	7	5	5	57.06	0		15.802914
28	168	57	0	0	17	4	15	6	6	141.82	1		6.163696
28	165	25	0	0	17	10	14	4	8	78.29	1		4.861874
58	386	55	0	8	8	0	17	6	6	281.13	0		11.024836
58	384	33	0	8	8	6	15	5	5	245.78	0		21.527268
58	382	2	0	15	0	0	7	7	5	56.97	0		11.358004
58	383	9	0	0	5	3	9	3	8	22.11	0		5.857494
58	387	86	0	0	5	11	8	3	3	7.27	0		4.277195
58	385	37	0	8	8	11	15	5	4	84.23	1		8.335083
36	226	45	0	22	0	0	16	6	8	117.09	0		2.941153
36	227	49	0	22	0	8	17	6	7	176.91	0		23.023542
36	228	54	1	15	0	5	8	7	8	149.94	0		40.314000
36	225	41	0	25	8	0	10	6	7	181.97	0		18.084338
36	223	13	0	15	14	0	10	7	4	80.59	0		11.143830
36	222	2	0	15	14	4	7	7	5	56.97	0		11.358004
36	229	89	0	8	8	15	16	6	3	128.74	1		28.254859
36	224	35	0	0	17	18	13	5	3	50.34	1		7.860914
34	207	4	0	15	21	0	12	4	8	63.25	0		5.094139
22	133	78	0	0	23	0	14	2	6	75.95	0		45.485377
34	210	64	0	0	0	24	7	6	4	60.89	0		15.973697
34	211	83	0	0	23	6	13	2	6	28.13	0		5.682020
34	212	88	0	0	23	12	12	2	6	109.11	0		96.975132
34	209	56	0	0	6	14	6	2	5	13.59	0		74.426936
48	316	38	0	22	0	15	14	7	8	179.51	0		4.792074
48	318	75	0	22	0	23	11	6	7	135.17	0		101.574608
48	315	36	0	25	14	0	12	5	6	85.13	0		8.451051
48	320	99	0	15	14	9	8	7	5	101.04	0		10.311098
48	319	94	0	0	8	21	8	4	4	23.99	0		8.212647
48	313	12	0	0	8	25	6	5	4	36.06	0		19.220272
48	321	100	0	14	14	14	6	6	3	10.83	0		26.798113
30	182	77	0	37	6	0	12	7	6	357	0		68.233820
48	314	22	0	0	23	18	11	2	3	16.28	0		9.321037
48	317	58	0	0	6	19	7	2	7	23.87	0		9.335622
30	180	63	0	25	14	6	10	5	8	176.13	0		30.300830
30	178	47	0	20	14	14	11	5	7	87.40	0		4.950289
30	176	42	0	15	21	8	14	4	6	77.15	0		12.546502
30	177	43	0	13	21	14	14	4	3	43.19	0		79.226628
30	179	56	0	0	23	21	6	2	5	13.59	0		74.426936
30	183	85	0	0	17	21	13	6	7	130.07	1		4.072745
30	181	70	0	8	7	18	16	7	3	105.78	1		2.991906
29	175	97	0	13	21	17	13	4	6	117.41	0		25.833618
29	171	32	0	13	21	23	12	4	7	89.39	0		12.391048
29	169	8	0	20	14	21	8	5	6	74.27	0		13.654531
29	172	39	0	25	8	7	7	6	7	50.35	0		8.023494
30	184	89	0	8	7	21	16	6	3	128.74	1		28.254859
29	173	84	0	29	19	0	10	6	3	103.85	0		19.428214
29	170	22	0	27	19	3	11	2	3	16.28	0		9.321037
29	174	89	0	8	6	24	16	6	3	128.74	1		28.254859
16	96	75	0	35	7	6	11	6	7	135.17	0		101.574608
16	94	50	0	37	13	0	15	6	5	50.93	0		15.243487
16	93	6	0	25	8	14	7	5	7	40.98	0		6.142375
16	95	51	0	32	7	13	12	4	7	72.98	1		3.339555
16	97	93	0	6	6	27	11	3	3	13.38	1		2.887131
14	81	1	0	37	13	5	15	6	6	207.68	0		6.110252
14	84	33	0	35	13	11	15	5	5	245.78	0		21.527268
14	82	5	0	25	8	21	9	5	8	92.66	0		10.126834
14	83	15	0	31	13	16	17	4	4	82.45	0		11.898164
14	88	92	0	31	13	20	10	4	5	23.56	0		17.568130
14	87	84	0	39	0	0	10	6	3	103.85	0		19.428214
14	86	80	0	31	13	25	8	4	4	38.60	0		38.884465
14	85	61	0	6	9	27	16	3	3	67.51	1		8.443069
51	336	27	1	52	0	0	17	7	5	202.33	0		19.866200
51	337	69	0	25	19	6	8	2	8	27.88	0		29.528893
51	338	81	0	27	19	14	6	3	5	25.49	0		44.743401
51	339	81	0	26	19	19	6	3	5	25.49	0		44.743401
51	340	87	0	39	19	0	6	6	3	40.04	1		15.081732


-------------------------------------------------------------------------------------------------------------------
Tour_Id:			5
No_of_Customers:		14
No_of_Items:			81
Customer_Sequence:		3 8 57 46 25 33 49 13 15 40 1 37 41 53 

CustId	Id	TypeId	Rotated	x	y	z	Length	Width	Height	mass	Fragility	LoadBearingStrength
53	346	60	0	0	0	0	13	3	8	60.72	0		20.327156
53	348	94	0	0	3	0	8	4	4	23.99	0		8.212647
41	254	8	0	0	7	0	8	5	6	74.27	0		13.654531
41	255	18	0	0	12	0	15	6	6	141.69	0		10.641135
41	258	72	0	0	18	0	9	4	7	84.15	0		13.678115
41	259	82	0	0	7	6	7	6	6	88.70	0		20.886088
53	347	91	0	0	22	0	12	3	7	39.36	1		1.732673
41	256	23	0	0	13	6	13	5	3	58.46	0		27.566223
41	260	83	0	0	0	8	13	2	6	28.13	0		5.682020
41	257	29	0	0	13	9	6	6	3	36.38	0		17.375874
37	235	97	1	0	7	12	13	4	6	117.41	0		25.833618
37	232	62	1	0	7	18	11	5	5	105.58	0		12.461974
37	231	19	1	0	7	23	8	6	4	42.29	0		15.631079
37	234	90	0	0	3	4	9	3	7	63.72	0		31.501590
37	230	12	0	6	13	9	6	5	4	36.06	0		19.220272
1	2	75	0	9	3	0	11	6	7	135.17	0		101.574608
37	233	74	0	0	19	7	12	5	3	246.70	1		14.901910
1	1	23	0	9	3	7	13	5	3	58.46	0		27.566223
40	250	43	0	9	3	10	14	4	3	43.19	0		79.226628
1	3	91	0	8	9	0	12	3	7	39.36	1		1.732673
1	4	93	0	7	8	7	11	3	3	13.38	1		2.887131
40	251	75	0	12	18	0	11	6	7	135.17	0		101.574608
40	249	32	0	9	3	13	12	4	7	89.39	0		12.391048
40	252	97	0	9	3	20	13	4	6	117.41	0		25.833618
40	248	15	0	9	3	26	17	4	4	82.45	0		11.898164
1	5	98	0	7	7	10	14	4	5	209.06	1		19.318328
40	253	98	0	7	7	15	14	4	5	209.06	1		19.318328
15	90	8	0	6	13	13	8	5	6	74.27	0		13.654531
15	91	30	0	0	0	14	17	2	4	57.53	0		62.644612
15	92	94	0	6	13	19	8	4	4	23.99	0		8.212647
15	89	7	0	0	7	27	8	4	3	80.67	0		115.140354
13	75	1	0	15	12	0	15	6	6	207.68	0		6.110252
13	80	96	0	12	18	7	10	7	7	220.88	0		19.444421
13	77	30	0	0	0	18	17	2	4	57.53	0		62.644612
33	202	14	0	0	0	22	10	2	5	31.77	0		26.153568
13	76	26	0	12	18	14	10	5	6	35.64	0		3.837607
13	79	75	0	12	18	20	11	6	7	135.17	0		101.574608
49	323	54	0	23	18	0	8	7	8	149.94	0		40.314000
49	324	59	0	26	0	0	17	7	3	62.86	0		16.248230
49	325	60	0	14	12	6	13	3	8	60.72	0		20.327156
49	327	72	0	6	13	23	9	4	7	84.15	0		13.678115
49	322	43	0	12	18	27	14	4	3	43.19	0		79.226628
49	326	70	0	26	0	3	16	7	3	105.78	1		2.991906
49	328	74	0	8	7	20	12	5	3	246.70	1		14.901910
33	204	50	0	30	12	0	15	6	5	50.93	0		15.243487
33	206	99	0	31	18	0	8	7	5	101.04	0		10.311098
33	203	48	0	22	7	0	7	5	5	57.06	0		15.802914
13	78	40	0	14	15	6	16	3	7	139.23	0		57.720629
33	205	85	0	8	7	23	13	6	7	130.07	1		4.072745
25	148	55	0	30	12	5	17	6	6	281.13	0		11.024836
25	146	15	0	29	7	0	17	4	4	82.45	0		11.898164
25	147	15	0	29	7	4	17	4	4	82.45	0		11.898164
25	149	94	0	29	7	8	8	4	4	23.99	0		8.212647
46	303	75	0	30	12	11	11	6	7	135.17	0		101.574608
46	299	47	0	30	12	18	11	5	7	87.40	0		4.950289
46	298	36	0	39	18	0	12	5	6	85.13	0		8.451051
46	301	59	0	43	0	0	17	7	3	62.86	0		16.248230
46	302	64	1	26	18	8	7	6	4	60.89	0		15.973697
46	297	24	0	26	18	12	6	6	4	42.34	0		5.528523
46	300	58	0	10	0	22	7	2	7	23.87	0		9.335622
57	376	27	0	42	0	3	17	7	5	202.33	0		19.866200
57	377	33	0	39	18	6	15	5	5	245.78	0		21.527268
57	374	5	0	37	7	8	9	5	8	92.66	0		10.126834
57	375	26	0	37	7	16	10	5	6	35.64	0		3.837607
57	381	82	0	26	18	16	7	6	6	88.70	0		20.886088
57	379	66	0	39	18	11	17	3	4	69.56	0		17.141599
57	378	57	0	26	0	6	15	6	6	141.82	1		6.163696
57	380	74	0	26	0	12	12	5	3	246.70	1		14.901910
8	45	17	0	42	0	8	13	7	7	221.06	0		36.286052
8	47	59	0	42	0	15	17	7	3	62.86	0		16.248230
8	44	11	0	39	18	15	15	3	3	126.33	0		36.879227
8	46	29	0	26	18	22	6	6	3	36.38	0		17.375874
3	14	55	0	42	0	18	17	6	6	281.13	0		11.024836
3	17	79	0	37	7	22	10	5	8	99.20	0		5.387205
3	12	4	0	39	18	18	12	4	8	63.25	0		5.094139
3	13	40	1	56	7	0	16	3	7	139.23	0		57.720629
3	16	72	0	47	7	0	9	4	7	84.15	0		13.678115
3	18	88	0	39	23	0	12	2	6	109.11	0		96.975132
3	11	3	0	39	23	6	9	2	6	35.95	0		25.473887
3	15	71	0	42	0	24	17	7	6	206.19	1		3.696045
3	19	98	0	30	12	25	14	4	5	209.06	1		19.318328


-------------------------------------------------------------------------------------------------------------------
Tour_Id:			6
No_of_Customers:		11
No_of_Items:			82
Customer_Sequence:		6 21 38 35 24 47 32 44 5 45 60 

CustId	Id	TypeId	Rotated	x	y	z	Length	Width	Height	mass	Fragility	LoadBearingStrength
60	399	79	0	0	0	0	10	5	8	99.20	0		5.387205
60	396	21	0	0	5	0	11	4	8	123.85	0		11.641201
60	395	13	0	0	9	0	10	7	4	80.59	0		11.143830
60	397	43	0	0	16	0	14	4	3	43.19	0		79.226628
60	398	43	0	0	20	0	14	4	3	43.19	0		79.226628
60	400	83	0	0	16	3	13	2	6	28.13	0		5.682020
60	394	11	0	0	18	3	15	3	3	126.33	0		36.879227
45	296	95	0	0	21	3	13	4	7	96.99	0		6.721530
45	289	42	0	0	5	8	14	4	6	77.15	0		12.546502
45	290	42	0	0	21	10	14	4	6	77.15	0		12.546502
45	288	39	0	0	9	4	7	6	7	50.35	0		8.023494
45	291	43	0	0	5	14	14	4	3	43.19	0		79.226628
45	292	52	0	0	0	8	6	4	4	10.97	0		32.884990
45	293	57	0	10	9	0	15	6	6	141.82	1		6.163696
45	295	91	0	0	18	6	12	3	7	39.36	1		1.732673
45	294	87	0	0	9	11	6	6	3	40.04	1		15.081732
44	280	40	0	0	21	16	16	3	7	139.23	0		57.720629
5	28	62	0	0	5	17	11	5	5	105.58	0		12.461974
5	26	53	0	0	0	12	6	3	8	178.91	0		153.482106
44	281	54	0	14	0	0	8	7	8	149.94	0		40.314000
44	279	27	0	16	15	0	17	7	5	202.33	0		19.866200
44	286	96	0	14	0	8	10	7	7	220.88	0		19.444421
5	29	89	0	7	9	6	16	6	3	128.74	1		28.254859
5	27	60	0	0	5	22	13	3	8	60.72	0		20.327156
44	283	60	0	14	0	15	13	3	8	60.72	0		20.327156
32	201	98	0	0	21	23	14	4	5	209.06	1		19.318328
44	284	66	0	14	0	23	17	3	4	69.56	0		17.141599
44	287	100	0	15	15	5	6	6	3	10.83	0		26.798113
44	282	58	0	0	16	9	7	2	7	23.87	0		9.335622
32	194	4	0	14	3	15	12	4	8	63.25	0		5.094139
32	198	32	0	13	3	23	12	4	7	89.39	0		12.391048
32	200	90	0	16	22	0	9	3	7	63.72	0		31.501590
32	195	11	0	14	0	27	15	3	3	126.33	0		36.879227
32	196	22	0	0	8	22	11	2	3	16.28	0		9.321037
35	213	9	0	16	22	7	9	3	8	22.11	0		5.857494
32	199	71	0	26	3	0	17	7	6	206.19	1		3.696045
35	214	26	0	21	15	5	10	5	6	35.64	0		3.837607
47	307	59	0	33	15	0	17	7	3	62.86	0		16.248230
47	305	45	0	43	0	0	16	6	8	117.09	0		2.941153
47	304	8	0	13	15	8	8	5	6	74.27	0		13.654531
47	309	66	0	25	10	0	17	3	4	69.56	0		17.141599
47	306	52	0	13	15	14	6	4	4	10.97	0		32.884990
47	310	85	0	26	3	6	13	6	7	130.07	1		4.072745
47	311	91	0	0	18	13	12	3	7	39.36	1		1.732673
21	130	90	0	16	22	15	9	3	7	63.72	0		31.501590
35	215	34	0	33	15	3	15	7	7	223.76	0		74.440327
24	142	19	0	43	6	0	8	6	4	42.29	0		15.631079
24	143	30	0	25	13	0	17	2	4	57.53	0		62.644612
24	144	73	0	7	10	9	14	5	4	226.93	1		45.263576
24	145	91	0	0	18	20	12	3	7	39.36	1		1.732673
35	216	38	0	33	15	10	14	7	8	179.51	0		4.792074
47	312	93	0	25	22	0	11	3	3	13.38	1		2.887131
32	197	22	0	0	8	25	11	2	3	16.28	0		9.321037
35	220	79	0	21	15	11	10	5	8	99.20	0		5.387205
44	285	72	1	22	0	0	9	4	7	84.15	0		13.678115
35	221	96	0	33	15	18	10	7	7	220.88	0		19.444421
35	217	43	0	25	10	4	14	4	3	43.19	0		79.226628
38	239	54	0	43	6	4	8	7	8	149.94	0		40.314000
38	242	98	0	6	10	13	14	4	5	209.06	1		19.318328
38	237	34	1	51	6	0	15	7	7	223.76	0		74.440327
38	238	50	0	43	0	8	15	6	5	50.93	0		15.243487
35	218	58	0	13	15	18	7	2	7	23.87	0		9.335622
35	219	61	0	0	18	27	16	3	3	67.51	1		8.443069
38	241	88	0	25	10	7	12	2	6	109.11	0		96.975132
38	236	22	0	23	12	7	11	2	3	16.28	0		9.321037
38	240	66	0	36	22	0	17	3	4	69.56	0		17.141599
21	126	58	0	16	22	22	7	2	7	23.87	0		9.335622
21	127	60	0	36	22	4	13	3	8	60.72	0		20.327156
47	308	61	0	26	3	13	16	3	3	67.51	1		8.443069
21	123	26	0	43	6	12	10	5	6	35.64	0		3.837607
21	122	24	0	33	15	25	6	6	4	42.34	0		5.528523
21	125	53	0	36	22	12	6	3	8	178.91	0		153.482106
21	129	79	0	43	0	13	10	5	8	99.20	0		5.387205
21	128	76	0	43	6	18	10	6	8	50.01	1		1.499775
6	35	65	1	53	6	7	17	5	4	143.57	0		43.070650
6	34	55	1	53	6	11	17	6	6	281.13	0		11.024836
6	32	41	0	43	0	21	10	6	7	181.97	0		18.084338
6	31	33	1	53	6	17	15	5	5	245.78	0		21.527268
21	124	46	0	6	10	18	11	2	6	13.65	1		1.017659
6	30	26	1	53	6	22	10	5	6	35.64	0		3.837607
6	36	72	1	43	15	18	9	4	7	84.15	0		13.678115
6	33	48	0	39	15	25	7	5	5	57.06	0		15.802914


