Name:				453_n060_m400_bt3
Problem:			3L-VRPTW
Number_of_used_Vehicles:	17
Total_Travel_Distance:		1309.75
Calculation_Time:		3600.00
Total_Iterations:		2685
ConstraintSet:			P1

-------------------------------------------------------------------------------------------------------------------
Tour_Id:			1
No_of_Customers:		3
No_of_Items:			21
Customer_Sequence:		26 60 28 

CustId	Id	TypeId	Rotated	x	y	z	Length	Width	Height	mass	Fragility	LoadBearingStrength
28	181	2	0	0	0	0	18	13	8	278.52	0		5.946610
28	182	3	0	0	13	0	24	5	14	410.71	0		16.423694
28	183	3	0	0	18	0	24	5	14	410.71	0		16.423694
28	179	1	0	0	0	8	19	6	6	180.31	1		2.464071
28	180	1	0	0	6	8	19	6	6	180.31	1		2.464071
60	393	2	0	19	0	0	18	13	8	278.52	0		5.946610
60	394	2	0	19	0	8	18	13	8	278.52	0		5.946610
60	395	2	0	19	0	16	18	13	8	278.52	0		5.946610
60	396	3	0	0	13	14	24	5	14	410.71	0		16.423694
60	397	3	0	0	18	14	24	5	14	410.71	0		16.423694
60	398	3	0	24	13	0	24	5	14	410.71	0		16.423694
60	399	3	0	24	18	0	24	5	14	410.71	0		16.423694
60	400	3	0	24	13	14	24	5	14	410.71	0		16.423694
60	392	1	0	0	6	14	19	6	6	180.31	1		2.464071
26	168	2	0	37	0	0	18	13	8	278.52	0		5.946610
26	169	2	0	37	0	8	18	13	8	278.52	0		5.946610
26	170	3	0	24	18	14	24	5	14	410.71	0		16.423694
26	171	3	1	55	0	0	24	5	14	410.71	0		16.423694
26	172	3	1	55	0	14	24	5	14	410.71	0		16.423694
26	166	1	0	19	0	24	19	6	6	180.31	1		2.464071
26	167	1	0	19	6	24	19	6	6	180.31	1		2.464071


-------------------------------------------------------------------------------------------------------------------
Tour_Id:			2
No_of_Customers:		4
No_of_Items:			23
Customer_Sequence:		38 57 27 53 

CustId	Id	TypeId	Rotated	x	y	z	Length	Width	Height	mass	Fragility	LoadBearingStrength
53	349	2	0	0	0	0	18	13	8	278.52	0		5.946610
53	350	2	0	0	0	8	18	13	8	278.52	0		5.946610
53	351	3	0	0	13	0	24	5	14	410.71	0		16.423694
53	347	1	0	0	18	0	19	6	6	180.31	1		2.464071
53	348	1	0	0	18	6	19	6	6	180.31	1		2.464071
27	174	2	0	0	0	16	18	13	8	278.52	0		5.946610
27	175	2	0	18	0	0	18	13	8	278.52	0		5.946610
27	176	3	0	0	13	14	24	5	14	410.71	0		16.423694
27	177	3	0	18	0	8	24	5	14	410.71	0		16.423694
27	178	3	0	18	5	8	24	5	14	410.71	0		16.423694
27	173	1	0	0	18	12	19	6	6	180.31	1		2.464071
57	373	3	0	19	18	0	24	5	14	410.71	0		16.423694
57	374	3	0	19	18	14	24	5	14	410.71	0		16.423694
57	371	1	0	0	18	18	19	6	6	180.31	1		2.464071
57	372	1	0	0	0	24	19	6	6	180.31	1		2.464071
38	243	2	0	19	0	22	18	13	8	278.52	0		5.946610
38	244	3	0	24	13	0	24	5	14	410.71	0		16.423694
38	245	3	0	24	13	14	24	5	14	410.71	0		16.423694
38	246	3	1	48	0	0	24	5	14	410.71	0		16.423694
38	239	1	0	0	6	24	19	6	6	180.31	1		2.464071
38	240	1	1	48	0	14	19	6	6	180.31	1		2.464071
38	241	1	1	48	0	20	19	6	6	180.31	1		2.464071
38	242	1	1	53	0	0	19	6	6	180.31	1		2.464071


-------------------------------------------------------------------------------------------------------------------
Tour_Id:			3
No_of_Customers:		2
No_of_Items:			12
Customer_Sequence:		49 9 

CustId	Id	TypeId	Rotated	x	y	z	Length	Width	Height	mass	Fragility	LoadBearingStrength
9	60	2	0	0	0	0	18	13	8	278.52	0		5.946610
9	61	2	0	0	0	8	18	13	8	278.52	0		5.946610
9	62	3	0	0	13	0	24	5	14	410.71	0		16.423694
9	57	1	0	0	18	0	19	6	6	180.31	1		2.464071
9	58	1	0	0	18	6	19	6	6	180.31	1		2.464071
9	59	1	0	0	18	12	19	6	6	180.31	1		2.464071
49	324	2	0	0	0	16	18	13	8	278.52	0		5.946610
49	325	2	0	18	0	0	18	13	8	278.52	0		5.946610
49	326	2	0	18	0	8	18	13	8	278.52	0		5.946610
49	327	3	0	0	13	14	24	5	14	410.71	0		16.423694
49	322	1	0	0	18	18	19	6	6	180.31	1		2.464071
49	323	1	0	0	0	24	19	6	6	180.31	1		2.464071


-------------------------------------------------------------------------------------------------------------------
Tour_Id:			4
No_of_Customers:		3
No_of_Items:			23
Customer_Sequence:		4 44 33 

CustId	Id	TypeId	Rotated	x	y	z	Length	Width	Height	mass	Fragility	LoadBearingStrength
33	210	2	0	0	0	0	18	13	8	278.52	0		5.946610
33	211	2	0	0	0	8	18	13	8	278.52	0		5.946610
33	212	3	0	0	13	0	24	5	14	410.71	0		16.423694
33	213	3	0	0	18	0	24	5	14	410.71	0		16.423694
33	214	3	0	0	13	14	24	5	14	410.71	0		16.423694
33	208	1	0	0	18	14	19	6	6	180.31	1		2.464071
33	209	1	0	0	0	16	19	6	6	180.31	1		2.464071
44	285	2	0	19	0	0	18	13	8	278.52	0		5.946610
44	286	2	0	19	0	8	18	13	8	278.52	0		5.946610
44	287	2	0	19	0	16	18	13	8	278.52	0		5.946610
44	288	3	0	24	13	0	24	5	14	410.71	0		16.423694
44	289	3	0	24	18	0	24	5	14	410.71	0		16.423694
44	290	3	0	19	18	14	24	5	14	410.71	0		16.423694
44	282	1	0	0	6	16	19	6	6	180.31	1		2.464071
44	283	1	0	0	18	20	19	6	6	180.31	1		2.464071
44	284	1	0	0	0	22	19	6	6	180.31	1		2.464071
4	23	2	0	37	0	0	18	13	8	278.52	0		5.946610
4	24	2	0	37	0	8	18	13	8	278.52	0		5.946610
4	25	3	0	24	13	14	24	5	14	410.71	0		16.423694
4	26	3	1	55	0	0	24	5	14	410.71	0		16.423694
4	27	3	1	55	0	14	24	5	14	410.71	0		16.423694
4	21	1	0	19	0	24	19	6	6	180.31	1		2.464071
4	22	1	0	19	6	24	19	6	6	180.31	1		2.464071


-------------------------------------------------------------------------------------------------------------------
Tour_Id:			5
No_of_Customers:		3
No_of_Items:			23
Customer_Sequence:		31 29 48 

CustId	Id	TypeId	Rotated	x	y	z	Length	Width	Height	mass	Fragility	LoadBearingStrength
48	316	2	0	0	0	0	18	13	8	278.52	0		5.946610
48	317	2	0	0	0	8	18	13	8	278.52	0		5.946610
48	318	2	0	0	0	16	18	13	8	278.52	0		5.946610
29	187	3	0	0	13	0	24	5	14	410.71	0		16.423694
48	320	2	0	18	0	0	18	13	8	278.52	0		5.946610
48	321	3	0	0	18	0	24	5	14	410.71	0		16.423694
48	313	1	0	0	18	14	19	6	6	180.31	1		2.464071
48	314	1	0	0	18	20	19	6	6	180.31	1		2.464071
48	315	1	0	0	0	24	19	6	6	180.31	1		2.464071
29	184	2	0	19	0	8	18	13	8	278.52	0		5.946610
29	185	2	0	19	0	16	18	13	8	278.52	0		5.946610
29	186	3	0	0	13	14	24	5	14	410.71	0		16.423694
48	319	2	0	36	0	0	18	13	8	278.52	0		5.946610
29	188	3	0	24	13	0	24	5	14	410.71	0		16.423694
31	198	2	0	37	0	8	18	13	8	278.52	0		5.946610
31	199	2	0	37	0	16	18	13	8	278.52	0		5.946610
31	200	3	0	24	18	0	24	5	14	410.71	0		16.423694
31	201	3	0	19	18	14	24	5	14	410.71	0		16.423694
31	202	3	0	24	13	14	24	5	14	410.71	0		16.423694
31	203	3	1	55	0	0	24	5	14	410.71	0		16.423694
31	204	3	1	55	0	14	24	5	14	410.71	0		16.423694
31	196	1	0	0	6	24	19	6	6	180.31	1		2.464071
31	197	1	0	19	0	24	19	6	6	180.31	1		2.464071


-------------------------------------------------------------------------------------------------------------------
Tour_Id:			6
No_of_Customers:		5
No_of_Items:			28
Customer_Sequence:		47 6 54 52 20 

CustId	Id	TypeId	Rotated	x	y	z	Length	Width	Height	mass	Fragility	LoadBearingStrength
20	130	2	0	0	0	0	18	13	8	278.52	0		5.946610
20	131	2	0	0	0	8	18	13	8	278.52	0		5.946610
20	129	1	0	0	13	0	19	6	6	180.31	1		2.464071
20	133	3	0	0	19	0	24	5	14	410.71	0		16.423694
20	134	3	0	0	19	14	24	5	14	410.71	0		16.423694
20	132	2	0	0	0	16	18	13	8	278.52	0		5.946610
52	344	2	0	18	0	0	18	13	8	278.52	0		5.946610
52	345	3	0	18	0	8	24	5	14	410.71	0		16.423694
52	346	3	0	18	5	8	24	5	14	410.71	0		16.423694
52	342	1	0	0	13	6	19	6	6	180.31	1		2.464071
52	343	1	0	0	13	12	19	6	6	180.31	1		2.464071
54	355	3	0	19	13	0	24	5	14	410.71	0		16.423694
54	356	3	0	19	13	14	24	5	14	410.71	0		16.423694
47	310	2	0	18	0	22	18	13	8	278.52	0		5.946610
54	353	1	0	0	13	18	19	6	6	180.31	1		2.464071
54	354	1	1	0	0	24	19	6	6	180.31	1		2.464071
6	37	1	0	24	19	0	19	6	6	180.31	1		2.464071
6	41	3	1	43	0	0	24	5	14	410.71	0		16.423694
6	38	1	0	24	18	6	19	6	6	180.31	1		2.464071
6	39	1	0	24	18	12	19	6	6	180.31	1		2.464071
6	40	1	0	24	18	18	19	6	6	180.31	1		2.464071
54	352	1	1	6	0	24	19	6	6	180.31	1		2.464071
47	311	3	1	43	0	14	24	5	14	410.71	0		16.423694
47	312	3	1	48	0	0	24	5	14	410.71	0		16.423694
47	306	1	0	24	18	24	19	6	6	180.31	1		2.464071
47	307	1	1	48	0	14	19	6	6	180.31	1		2.464071
47	308	1	1	48	0	20	19	6	6	180.31	1		2.464071
47	309	1	1	53	0	0	19	6	6	180.31	1		2.464071


-------------------------------------------------------------------------------------------------------------------
Tour_Id:			7
No_of_Customers:		5
No_of_Items:			27
Customer_Sequence:		23 32 40 41 34 

CustId	Id	TypeId	Rotated	x	y	z	Length	Width	Height	mass	Fragility	LoadBearingStrength
34	218	2	0	0	0	0	18	13	8	278.52	0		5.946610
34	215	1	0	0	13	0	19	6	6	180.31	1		2.464071
34	220	3	0	0	19	0	24	5	14	410.71	0		16.423694
34	219	2	0	0	0	8	18	13	8	278.52	0		5.946610
34	216	1	0	0	13	6	19	6	6	180.31	1		2.464071
34	217	1	0	0	13	12	19	6	6	180.31	1		2.464071
41	264	2	0	0	0	16	18	13	8	278.52	0		5.946610
41	265	3	0	0	19	14	24	5	14	410.71	0		16.423694
41	262	1	0	0	13	18	19	6	6	180.31	1		2.464071
40	258	2	0	18	0	0	18	13	8	278.52	0		5.946610
40	257	2	0	18	0	8	18	13	8	278.52	0		5.946610
41	263	1	1	0	0	24	19	6	6	180.31	1		2.464071
40	254	1	1	6	0	24	19	6	6	180.31	1		2.464071
40	260	2	0	18	0	16	18	13	8	278.52	0		5.946610
40	261	3	0	19	13	0	24	5	14	410.71	0		16.423694
40	259	2	0	36	0	0	18	13	8	278.52	0		5.946610
40	255	1	0	12	0	24	19	6	6	180.31	1		2.464071
40	256	1	0	12	6	24	19	6	6	180.31	1		2.464071
32	206	2	0	36	0	8	18	13	8	278.52	0		5.946610
32	207	2	0	36	0	16	18	13	8	278.52	0		5.946610
23	151	3	0	19	13	14	24	5	14	410.71	0		16.423694
23	150	3	0	24	19	0	24	5	14	410.71	0		16.423694
32	205	1	0	31	0	24	19	6	6	180.31	1		2.464071
23	152	3	0	24	18	14	24	5	14	410.71	0		16.423694
23	153	3	1	54	0	0	24	5	14	410.71	0		16.423694
23	154	3	1	54	0	14	24	5	14	410.71	0		16.423694
23	149	1	0	31	6	24	19	6	6	180.31	1		2.464071


-------------------------------------------------------------------------------------------------------------------
Tour_Id:			8
No_of_Customers:		3
No_of_Items:			23
Customer_Sequence:		15 35 10 

CustId	Id	TypeId	Rotated	x	y	z	Length	Width	Height	mass	Fragility	LoadBearingStrength
10	66	2	0	0	0	0	18	13	8	278.52	0		5.946610
35	227	2	0	0	0	8	18	13	8	278.52	0		5.946610
10	68	3	0	0	13	0	24	5	14	410.71	0		16.423694
10	63	1	0	0	18	0	19	6	6	180.31	1		2.464071
35	226	2	0	0	0	16	18	13	8	278.52	0		5.946610
10	65	1	0	0	18	6	19	6	6	180.31	1		2.464071
35	224	2	0	18	0	0	18	13	8	278.52	0		5.946610
35	223	1	0	0	18	12	19	6	6	180.31	1		2.464071
10	64	1	0	19	18	0	19	6	6	180.31	1		2.464071
35	221	1	0	0	18	18	19	6	6	180.31	1		2.464071
15	97	2	0	18	0	8	18	13	8	278.52	0		5.946610
10	67	3	0	0	13	14	24	5	14	410.71	0		16.423694
35	222	1	0	0	18	24	19	6	6	180.31	1		2.464071
35	225	2	0	36	0	0	18	13	8	278.52	0		5.946610
15	96	2	0	18	0	16	18	13	8	278.52	0		5.946610
35	228	3	0	24	13	0	24	5	14	410.71	0		16.423694
15	98	2	0	36	0	8	18	13	8	278.52	0		5.946610
15	99	2	0	36	0	16	18	13	8	278.52	0		5.946610
15	100	3	0	24	13	14	24	5	14	410.71	0		16.423694
15	101	3	1	54	0	0	24	5	14	410.71	0		16.423694
15	102	3	1	54	0	14	24	5	14	410.71	0		16.423694
15	94	1	0	0	0	24	19	6	6	180.31	1		2.464071
15	95	1	0	0	6	24	19	6	6	180.31	1		2.464071


-------------------------------------------------------------------------------------------------------------------
Tour_Id:			9
No_of_Customers:		3
No_of_Items:			23
Customer_Sequence:		19 39 24 

CustId	Id	TypeId	Rotated	x	y	z	Length	Width	Height	mass	Fragility	LoadBearingStrength
24	158	2	0	0	0	0	18	13	8	278.52	0		5.946610
24	159	2	0	0	0	8	18	13	8	278.52	0		5.946610
24	160	3	0	0	13	0	24	5	14	410.71	0		16.423694
24	161	3	0	0	18	0	24	5	14	410.71	0		16.423694
24	155	1	0	0	13	14	19	6	6	180.31	1		2.464071
39	251	3	0	0	19	14	24	5	14	410.71	0		16.423694
19	128	3	0	0	0	16	24	5	14	410.71	0		16.423694
39	248	2	0	18	0	0	18	13	8	278.52	0		5.946610
39	249	2	0	18	0	8	18	13	8	278.52	0		5.946610
39	250	2	0	36	0	0	18	13	8	278.52	0		5.946610
24	156	1	0	0	13	20	19	6	6	180.31	1		2.464071
39	252	3	0	0	5	16	24	5	14	410.71	0		16.423694
39	253	3	0	24	13	0	24	5	14	410.71	0		16.423694
39	247	1	0	19	13	14	19	6	6	180.31	1		2.464071
19	125	2	0	36	0	8	18	13	8	278.52	0		5.946610
19	126	3	0	24	0	16	24	5	14	410.71	0		16.423694
19	127	3	0	24	5	16	24	5	14	410.71	0		16.423694
24	157	1	0	24	18	0	19	6	6	180.31	1		2.464071
19	120	1	0	19	13	20	19	6	6	180.31	1		2.464071
19	121	1	1	54	0	0	19	6	6	180.31	1		2.464071
19	122	1	1	54	0	6	19	6	6	180.31	1		2.464071
19	123	1	1	54	0	12	19	6	6	180.31	1		2.464071
19	124	1	1	54	0	18	19	6	6	180.31	1		2.464071


-------------------------------------------------------------------------------------------------------------------
Tour_Id:			10
No_of_Customers:		4
No_of_Items:			24
Customer_Sequence:		56 17 8 16 

CustId	Id	TypeId	Rotated	x	y	z	Length	Width	Height	mass	Fragility	LoadBearingStrength
16	103	2	0	0	0	0	18	13	8	278.52	0		5.946610
16	104	3	0	0	13	0	24	5	14	410.71	0		16.423694
16	105	3	0	0	18	0	24	5	14	410.71	0		16.423694
8	51	1	0	0	0	8	19	6	6	180.31	1		2.464071
8	55	2	0	18	0	0	18	13	8	278.52	0		5.946610
17	107	1	0	0	6	8	19	6	6	180.31	1		2.464071
8	54	2	0	36	0	0	18	13	8	278.52	0		5.946610
17	110	2	0	19	0	8	18	13	8	278.52	0		5.946610
17	112	3	0	0	13	14	24	5	14	410.71	0		16.423694
17	109	2	0	19	0	16	18	13	8	278.52	0		5.946610
8	52	1	0	0	18	14	19	6	6	180.31	1		2.464071
17	111	3	0	24	13	0	24	5	14	410.71	0		16.423694
8	53	1	0	0	18	20	19	6	6	180.31	1		2.464071
8	56	3	0	24	18	0	24	5	14	410.71	0		16.423694
17	106	1	0	0	6	14	19	6	6	180.31	1		2.464071
17	113	3	0	19	18	14	24	5	14	410.71	0		16.423694
17	108	1	0	0	6	20	19	6	6	180.31	1		2.464071
56	364	1	0	19	0	24	19	6	6	180.31	1		2.464071
56	368	2	0	37	0	8	18	13	8	278.52	0		5.946610
56	369	3	0	24	13	14	24	5	14	410.71	0		16.423694
56	370	3	1	55	0	0	24	5	14	410.71	0		16.423694
56	367	2	0	37	0	16	18	13	8	278.52	0		5.946610
56	365	1	0	19	6	24	19	6	6	180.31	1		2.464071
56	366	1	0	38	0	24	19	6	6	180.31	1		2.464071


-------------------------------------------------------------------------------------------------------------------
Tour_Id:			11
No_of_Customers:		4
No_of_Items:			26
Customer_Sequence:		11 5 37 12 

CustId	Id	TypeId	Rotated	x	y	z	Length	Width	Height	mass	Fragility	LoadBearingStrength
12	78	2	0	0	0	0	18	13	8	278.52	0		5.946610
12	79	2	0	0	0	8	18	13	8	278.52	0		5.946610
12	80	3	0	0	13	0	24	5	14	410.71	0		16.423694
12	74	1	0	0	18	0	19	6	6	180.31	1		2.464071
12	75	1	0	0	18	6	19	6	6	180.31	1		2.464071
5	31	2	0	0	0	16	18	13	8	278.52	0		5.946610
12	77	1	0	0	18	12	19	6	6	180.31	1		2.464071
37	235	2	0	18	0	0	18	13	8	278.52	0		5.946610
12	76	1	0	0	18	18	19	6	6	180.31	1		2.464071
37	237	3	0	0	13	14	24	5	14	410.71	0		16.423694
37	238	3	0	19	18	0	24	5	14	410.71	0		16.423694
37	234	1	0	0	18	24	19	6	6	180.31	1		2.464071
5	30	2	0	18	0	8	18	13	8	278.52	0		5.946610
37	236	2	0	36	0	0	18	13	8	278.52	0		5.946610
5	32	2	0	18	0	16	18	13	8	278.52	0		5.946610
5	33	2	0	36	0	8	18	13	8	278.52	0		5.946610
5	34	3	0	19	18	14	24	5	14	410.71	0		16.423694
5	35	3	0	24	13	0	24	5	14	410.71	0		16.423694
5	36	3	0	24	13	14	24	5	14	410.71	0		16.423694
5	28	1	0	0	0	24	19	6	6	180.31	1		2.464071
5	29	1	0	0	6	24	19	6	6	180.31	1		2.464071
11	71	2	0	36	0	16	18	13	8	278.52	0		5.946610
11	72	3	1	54	0	0	24	5	14	410.71	0		16.423694
11	73	3	1	54	0	14	24	5	14	410.71	0		16.423694
11	69	1	0	19	0	24	19	6	6	180.31	1		2.464071
11	70	1	0	19	6	24	19	6	6	180.31	1		2.464071


-------------------------------------------------------------------------------------------------------------------
Tour_Id:			12
No_of_Customers:		3
No_of_Items:			22
Customer_Sequence:		50 1 46 

CustId	Id	TypeId	Rotated	x	y	z	Length	Width	Height	mass	Fragility	LoadBearingStrength
46	300	2	0	0	0	0	18	13	8	278.52	0		5.946610
46	301	2	0	0	0	8	18	13	8	278.52	0		5.946610
46	302	2	0	0	0	16	18	13	8	278.52	0		5.946610
46	303	2	0	18	0	0	18	13	8	278.52	0		5.946610
46	304	3	0	0	13	0	24	5	14	410.71	0		16.423694
46	305	3	0	0	18	0	24	5	14	410.71	0		16.423694
46	299	1	0	0	13	14	19	6	6	180.31	1		2.464071
1	3	2	0	18	0	8	18	13	8	278.52	0		5.946610
1	4	2	0	18	0	16	18	13	8	278.52	0		5.946610
1	5	2	0	36	0	0	18	13	8	278.52	0		5.946610
1	6	3	0	0	19	14	24	5	14	410.71	0		16.423694
1	7	3	0	24	13	0	24	5	14	410.71	0		16.423694
1	1	1	0	0	13	20	19	6	6	180.31	1		2.464071
1	2	1	0	0	0	24	19	6	6	180.31	1		2.464071
50	331	2	0	36	0	8	18	13	8	278.52	0		5.946610
50	332	2	0	36	0	16	18	13	8	278.52	0		5.946610
50	333	3	0	19	13	14	24	5	14	410.71	0		16.423694
50	334	3	0	24	18	0	24	5	14	410.71	0		16.423694
50	335	3	0	24	18	14	24	5	14	410.71	0		16.423694
50	328	1	0	0	6	24	19	6	6	180.31	1		2.464071
50	329	1	0	19	0	24	19	6	6	180.31	1		2.464071
50	330	1	0	19	6	24	19	6	6	180.31	1		2.464071


-------------------------------------------------------------------------------------------------------------------
Tour_Id:			13
No_of_Customers:		4
No_of_Items:			22
Customer_Sequence:		36 2 25 42 

CustId	Id	TypeId	Rotated	x	y	z	Length	Width	Height	mass	Fragility	LoadBearingStrength
42	270	2	0	0	0	0	18	13	8	278.52	0		5.946610
42	272	3	0	0	13	0	24	5	14	410.71	0		16.423694
42	269	2	0	0	0	8	18	13	8	278.52	0		5.946610
42	271	3	0	0	18	0	24	5	14	410.71	0		16.423694
42	273	3	0	0	13	14	24	5	14	410.71	0		16.423694
42	266	1	0	0	18	14	19	6	6	180.31	1		2.464071
42	267	1	0	0	0	16	19	6	6	180.31	1		2.464071
42	268	1	0	0	6	16	19	6	6	180.31	1		2.464071
25	163	2	0	19	0	0	18	13	8	278.52	0		5.946610
36	231	1	0	0	18	20	19	6	6	180.31	1		2.464071
2	8	1	0	0	0	22	19	6	6	180.31	1		2.464071
25	162	1	0	0	6	22	19	6	6	180.31	1		2.464071
25	165	2	0	19	0	8	18	13	8	278.52	0		5.946610
2	9	2	0	19	0	16	18	13	8	278.52	0		5.946610
2	11	3	0	24	13	0	24	5	14	410.71	0		16.423694
25	164	2	0	37	0	0	18	13	8	278.52	0		5.946610
2	10	3	0	24	18	0	24	5	14	410.71	0		16.423694
36	232	3	0	19	18	14	24	5	14	410.71	0		16.423694
36	233	3	0	24	13	14	24	5	14	410.71	0		16.423694
36	229	1	0	19	0	24	19	6	6	180.31	1		2.464071
36	230	1	0	19	6	24	19	6	6	180.31	1		2.464071
2	12	3	1	55	0	0	24	5	14	410.71	0		16.423694


-------------------------------------------------------------------------------------------------------------------
Tour_Id:			14
No_of_Customers:		3
No_of_Items:			24
Customer_Sequence:		59 14 45 

CustId	Id	TypeId	Rotated	x	y	z	Length	Width	Height	mass	Fragility	LoadBearingStrength
45	293	2	0	0	0	0	18	13	8	278.52	0		5.946610
45	294	2	0	0	0	8	18	13	8	278.52	0		5.946610
45	295	2	0	0	0	16	18	13	8	278.52	0		5.946610
45	296	2	0	18	0	0	18	13	8	278.52	0		5.946610
45	297	3	0	0	13	0	24	5	14	410.71	0		16.423694
14	89	1	0	0	18	0	19	6	6	180.31	1		2.464071
45	291	1	0	0	0	24	19	6	6	180.31	1		2.464071
45	292	1	0	0	6	24	19	6	6	180.31	1		2.464071
14	90	2	0	19	0	8	18	13	8	278.52	0		5.946610
14	91	2	0	19	0	16	18	13	8	278.52	0		5.946610
14	92	3	0	0	13	14	24	5	14	410.71	0		16.423694
14	93	3	0	19	18	0	24	5	14	410.71	0		16.423694
14	87	1	0	0	18	6	19	6	6	180.31	1		2.464071
14	88	1	0	0	18	12	19	6	6	180.31	1		2.464071
45	298	3	0	24	13	0	24	5	14	410.71	0		16.423694
59	386	2	0	37	0	0	18	13	8	278.52	0		5.946610
59	387	2	0	37	0	8	18	13	8	278.52	0		5.946610
59	388	2	0	37	0	16	18	13	8	278.52	0		5.946610
59	389	3	0	19	18	14	24	5	14	410.71	0		16.423694
59	390	3	0	24	13	14	24	5	14	410.71	0		16.423694
59	391	3	1	55	0	0	24	5	14	410.71	0		16.423694
59	383	1	0	0	18	18	19	6	6	180.31	1		2.464071
59	384	1	0	0	18	24	19	6	6	180.31	1		2.464071
59	385	1	0	19	0	24	19	6	6	180.31	1		2.464071


-------------------------------------------------------------------------------------------------------------------
Tour_Id:			15
No_of_Customers:		4
No_of_Items:			27
Customer_Sequence:		18 30 3 51 

CustId	Id	TypeId	Rotated	x	y	z	Length	Width	Height	mass	Fragility	LoadBearingStrength
51	339	3	0	0	0	0	24	5	14	410.71	0		16.423694
51	340	3	0	0	5	0	24	5	14	410.71	0		16.423694
51	341	3	0	0	10	0	24	5	14	410.71	0		16.423694
51	336	1	0	0	15	0	19	6	6	180.31	1		2.464071
51	337	1	0	0	15	6	19	6	6	180.31	1		2.464071
51	338	1	0	0	15	12	19	6	6	180.31	1		2.464071
3	19	3	0	0	0	14	24	5	14	410.71	0		16.423694
3	18	2	0	24	0	0	18	13	8	278.52	0		5.946610
3	14	1	0	0	5	14	19	6	6	180.31	1		2.464071
3	20	3	0	19	15	0	24	5	14	410.71	0		16.423694
3	13	1	0	0	15	18	19	6	6	180.31	1		2.464071
3	17	2	0	24	0	8	18	13	8	278.52	0		5.946610
3	15	1	0	0	5	20	19	6	6	180.31	1		2.464071
3	16	1	0	0	15	24	19	6	6	180.31	1		2.464071
30	191	2	0	24	0	16	18	13	8	278.52	0		5.946610
30	192	3	0	19	20	0	24	5	14	410.71	0		16.423694
30	193	3	0	19	15	14	24	5	14	410.71	0		16.423694
30	194	3	0	19	20	14	24	5	14	410.71	0		16.423694
30	195	3	1	43	0	0	24	5	14	410.71	0		16.423694
30	189	1	0	24	0	24	19	6	6	180.31	1		2.464071
30	190	1	0	24	6	24	19	6	6	180.31	1		2.464071
18	117	3	1	43	0	14	24	5	14	410.71	0		16.423694
18	118	3	1	48	0	0	24	5	14	410.71	0		16.423694
18	119	3	1	48	0	14	24	5	14	410.71	0		16.423694
18	114	1	1	53	0	0	19	6	6	180.31	1		2.464071
18	115	1	1	53	0	6	19	6	6	180.31	1		2.464071
18	116	1	1	53	0	12	19	6	6	180.31	1		2.464071


-------------------------------------------------------------------------------------------------------------------
Tour_Id:			16
No_of_Customers:		4
No_of_Items:			32
Customer_Sequence:		43 58 21 7 

CustId	Id	TypeId	Rotated	x	y	z	Length	Width	Height	mass	Fragility	LoadBearingStrength
7	46	2	0	0	0	0	18	13	8	278.52	0		5.946610
7	47	2	0	0	0	8	18	13	8	278.52	0		5.946610
7	42	1	0	0	13	0	19	6	6	180.31	1		2.464071
7	49	3	0	0	19	0	24	5	14	410.71	0		16.423694
21	135	1	0	0	13	6	19	6	6	180.31	1		2.464071
7	48	2	0	0	0	16	18	13	8	278.52	0		5.946610
21	137	1	0	0	13	12	19	6	6	180.31	1		2.464071
7	44	1	0	0	19	14	19	6	6	180.31	1		2.464071
7	45	1	0	0	19	20	19	6	6	180.31	1		2.464071
7	43	1	0	0	0	24	19	6	6	180.31	1		2.464071
21	141	3	0	19	0	0	24	5	14	410.71	0		16.423694
7	50	3	0	19	5	0	24	5	14	410.71	0		16.423694
21	136	1	0	0	13	18	19	6	6	180.31	1		2.464071
21	140	3	0	19	10	0	24	5	14	410.71	0		16.423694
21	138	1	0	0	6	24	19	6	6	180.31	1		2.464071
58	380	2	0	19	0	14	18	13	8	278.52	0		5.946610
21	139	1	0	0	12	24	19	6	6	180.31	1		2.464071
43	278	2	0	19	0	22	18	13	8	278.52	0		5.946610
58	378	1	0	24	19	0	19	6	6	180.31	1		2.464071
58	381	3	1	43	0	0	24	5	14	410.71	0		16.423694
58	376	1	0	24	19	6	19	6	6	180.31	1		2.464071
58	377	1	0	24	19	12	19	6	6	180.31	1		2.464071
58	382	3	1	48	0	0	24	5	14	410.71	0		16.423694
58	379	1	0	24	19	18	19	6	6	180.31	1		2.464071
58	375	1	0	24	19	24	19	6	6	180.31	1		2.464071
43	279	3	1	43	0	14	24	5	14	410.71	0		16.423694
43	280	3	1	48	0	14	24	5	14	410.71	0		16.423694
43	281	3	1	53	0	0	24	5	14	410.71	0		16.423694
43	274	1	1	37	0	14	19	6	6	180.31	1		2.464071
43	275	1	1	37	0	20	19	6	6	180.31	1		2.464071
43	276	1	1	53	0	14	19	6	6	180.31	1		2.464071
43	277	1	1	53	0	20	19	6	6	180.31	1		2.464071


-------------------------------------------------------------------------------------------------------------------
Tour_Id:			17
No_of_Customers:		3
No_of_Items:			20
Customer_Sequence:		55 13 22 

CustId	Id	TypeId	Rotated	x	y	z	Length	Width	Height	mass	Fragility	LoadBearingStrength
22	144	2	0	0	0	0	18	13	8	278.52	0		5.946610
55	362	2	0	0	0	8	18	13	8	278.52	0		5.946610
22	145	2	0	18	0	0	18	13	8	278.52	0		5.946610
22	147	3	0	0	13	0	24	5	14	410.71	0		16.423694
22	148	3	0	0	18	0	24	5	14	410.71	0		16.423694
22	142	1	0	0	13	14	19	6	6	180.31	1		2.464071
13	86	3	0	0	19	14	24	5	14	410.71	0		16.423694
13	85	3	0	24	13	0	24	5	14	410.71	0		16.423694
22	143	1	0	0	13	20	19	6	6	180.31	1		2.464071
55	359	2	0	0	0	16	18	13	8	278.52	0		5.946610
22	146	3	0	24	18	0	24	5	14	410.71	0		16.423694
55	360	2	0	18	0	8	18	13	8	278.52	0		5.946610
13	84	1	0	19	13	14	19	6	6	180.31	1		2.464071
13	81	1	0	19	13	20	19	6	6	180.31	1		2.464071
13	82	1	0	36	0	0	19	6	6	180.31	1		2.464071
55	361	2	0	18	0	16	18	13	8	278.52	0		5.946610
13	83	1	0	36	6	0	19	6	6	180.31	1		2.464071
55	363	3	0	24	19	14	24	5	14	410.71	0		16.423694
55	357	1	0	0	0	24	19	6	6	180.31	1		2.464071
55	358	1	0	0	6	24	19	6	6	180.31	1		2.464071


