Name:				455_n060_m400_bt3
Problem:			3L-VRPTW
Number_of_used_Vehicles:	30
Total_Travel_Distance:		1895.88
Calculation_Time:		3600.00
Total_Iterations:		15354
ConstraintSet:			P1

-------------------------------------------------------------------------------------------------------------------
Tour_Id:			1
No_of_Customers:		2
No_of_Items:			13
Customer_Sequence:		46 15 

CustId	Id	TypeId	Rotated	x	y	z	Length	Width	Height	mass	Fragility	LoadBearingStrength
15	96	1	0	0	0	0	22	11	7	749.50	0		6.482641
15	95	1	0	0	11	0	22	11	7	749.50	0		6.482641
15	98	2	0	0	0	7	28	9	11	426.85	1		3.174700
15	97	2	0	0	9	7	28	9	11	426.85	1		3.174700
46	305	3	0	28	0	0	31	8	8	700.93	0		14.120763
46	304	3	0	28	8	0	31	8	8	700.93	0		14.120763
46	299	2	0	0	0	18	28	9	11	426.85	1		3.174700
15	99	3	0	28	16	0	31	8	8	700.93	0		14.120763
46	303	2	0	0	9	18	28	9	11	426.85	1		3.174700
46	300	2	0	28	0	8	28	9	11	426.85	1		3.174700
46	306	3	0	28	9	8	31	8	8	700.93	0		14.120763
46	302	2	0	28	9	16	28	9	11	426.85	1		3.174700
46	301	2	0	28	0	19	28	9	11	426.85	1		3.174700


-------------------------------------------------------------------------------------------------------------------
Tour_Id:			2
No_of_Customers:		1
No_of_Items:			0
Customer_Sequence:		26 

-------------------------------------------------------------------------------------------------------------------
Tour_Id:			3
No_of_Customers:		2
No_of_Items:			14
Customer_Sequence:		30 52 

CustId	Id	TypeId	Rotated	x	y	z	Length	Width	Height	mass	Fragility	LoadBearingStrength
52	348	3	0	0	0	0	31	8	8	700.93	0		14.120763
52	349	3	0	0	8	0	31	8	8	700.93	0		14.120763
30	202	3	0	0	16	0	31	8	8	700.93	0		14.120763
52	346	2	0	0	0	8	28	9	11	426.85	1		3.174700
52	345	1	0	31	0	0	22	11	7	749.50	0		6.482641
52	344	1	0	31	0	7	22	11	7	749.50	0		6.482641
30	203	3	0	0	16	8	31	8	8	700.93	0		14.120763
52	343	1	0	28	0	14	22	11	7	749.50	0		6.482641
52	347	2	0	0	0	19	28	9	11	426.85	1		3.174700
30	204	3	0	0	16	16	31	8	8	700.93	0		14.120763
30	198	1	0	28	0	21	22	11	7	749.50	0		6.482641
30	199	1	0	31	11	0	22	11	7	749.50	0		6.482641
30	200	2	0	31	11	7	28	9	11	426.85	1		3.174700
30	201	2	0	31	11	18	28	9	11	426.85	1		3.174700


-------------------------------------------------------------------------------------------------------------------
Tour_Id:			4
No_of_Customers:		2
No_of_Items:			14
Customer_Sequence:		11 23 

CustId	Id	TypeId	Rotated	x	y	z	Length	Width	Height	mass	Fragility	LoadBearingStrength
23	150	3	0	0	0	0	31	8	8	700.93	0		14.120763
23	151	3	0	0	8	0	31	8	8	700.93	0		14.120763
11	72	3	0	0	16	0	31	8	8	700.93	0		14.120763
23	147	2	0	0	0	8	28	9	11	426.85	1		3.174700
23	148	2	0	0	0	19	28	9	11	426.85	1		3.174700
23	146	1	0	31	0	0	22	11	7	749.50	0		6.482641
23	149	2	0	31	0	7	28	9	11	426.85	1		3.174700
11	73	3	0	0	9	8	31	8	8	700.93	0		14.120763
11	74	3	0	0	17	8	31	8	8	700.93	0		14.120763
11	75	3	0	0	9	16	31	8	8	700.93	0		14.120763
11	68	1	0	31	11	0	22	11	7	749.50	0		6.482641
11	69	1	0	31	9	7	22	11	7	749.50	0		6.482641
11	70	2	0	28	0	18	28	9	11	426.85	1		3.174700
11	71	2	0	31	9	14	28	9	11	426.85	1		3.174700


-------------------------------------------------------------------------------------------------------------------
Tour_Id:			5
No_of_Customers:		2
No_of_Items:			15
Customer_Sequence:		4 47 

CustId	Id	TypeId	Rotated	x	y	z	Length	Width	Height	mass	Fragility	LoadBearingStrength
47	308	1	0	0	0	0	22	11	7	749.50	0		6.482641
47	307	1	0	0	11	0	22	11	7	749.50	0		6.482641
47	311	2	0	0	0	7	28	9	11	426.85	1		3.174700
47	309	2	0	0	9	7	28	9	11	426.85	1		3.174700
47	314	3	0	28	0	0	31	8	8	700.93	0		14.120763
47	315	3	0	28	8	0	31	8	8	700.93	0		14.120763
4	24	3	0	28	16	0	31	8	8	700.93	0		14.120763
47	310	2	0	0	0	18	28	9	11	426.85	1		3.174700
47	313	2	0	0	9	18	28	9	11	426.85	1		3.174700
47	312	2	0	28	0	8	28	9	11	426.85	1		3.174700
4	25	3	0	28	9	8	31	8	8	700.93	0		14.120763
4	26	3	0	28	17	8	31	8	8	700.93	0		14.120763
4	21	1	0	28	9	16	22	11	7	749.50	0		6.482641
4	22	1	0	28	9	23	22	11	7	749.50	0		6.482641
4	23	2	0	28	0	19	28	9	11	426.85	1		3.174700


-------------------------------------------------------------------------------------------------------------------
Tour_Id:			6
No_of_Customers:		2
No_of_Items:			14
Customer_Sequence:		6 36 

CustId	Id	TypeId	Rotated	x	y	z	Length	Width	Height	mass	Fragility	LoadBearingStrength
6	36	2	0	0	0	0	28	9	11	426.85	1		3.174700
36	240	3	0	0	9	0	31	8	8	700.93	0		14.120763
36	241	3	0	0	17	0	31	8	8	700.93	0		14.120763
36	242	3	0	0	9	8	31	8	8	700.93	0		14.120763
36	237	1	0	31	9	0	22	11	7	749.50	0		6.482641
36	238	1	0	31	9	7	22	11	7	749.50	0		6.482641
6	38	3	0	0	9	16	31	8	8	700.93	0		14.120763
6	39	3	0	28	0	0	31	8	8	700.93	0		14.120763
6	32	1	0	31	9	14	22	11	7	749.50	0		6.482641
6	33	1	0	31	9	21	22	11	7	749.50	0		6.482641
6	34	2	0	0	0	11	28	9	11	426.85	1		3.174700
6	35	2	0	28	0	8	28	9	11	426.85	1		3.174700
36	239	3	0	0	17	8	31	8	8	700.93	0		14.120763
6	37	2	0	28	0	19	28	9	11	426.85	1		3.174700


-------------------------------------------------------------------------------------------------------------------
Tour_Id:			7
No_of_Customers:		2
No_of_Items:			14
Customer_Sequence:		49 2 

CustId	Id	TypeId	Rotated	x	y	z	Length	Width	Height	mass	Fragility	LoadBearingStrength
2	11	3	0	0	0	0	31	8	8	700.93	0		14.120763
2	12	3	0	0	8	0	31	8	8	700.93	0		14.120763
2	9	2	0	0	16	0	28	9	11	426.85	1		3.174700
49	327	3	0	0	0	8	31	8	8	700.93	0		14.120763
2	7	1	0	31	0	0	22	11	7	749.50	0		6.482641
2	13	3	0	0	8	8	31	8	8	700.93	0		14.120763
49	328	3	0	0	0	16	31	8	8	700.93	0		14.120763
2	8	1	0	31	11	0	22	11	7	749.50	0		6.482641
2	10	2	0	0	16	11	28	9	11	426.85	1		3.174700
49	322	1	0	31	0	7	22	11	7	749.50	0		6.482641
49	325	2	0	31	11	7	28	9	11	426.85	1		3.174700
49	323	1	0	31	0	14	22	11	7	749.50	0		6.482641
49	324	2	0	31	11	18	28	9	11	426.85	1		3.174700
49	326	3	0	0	8	16	31	8	8	700.93	0		14.120763


-------------------------------------------------------------------------------------------------------------------
Tour_Id:			8
No_of_Customers:		2
No_of_Items:			13
Customer_Sequence:		22 34 

CustId	Id	TypeId	Rotated	x	y	z	Length	Width	Height	mass	Fragility	LoadBearingStrength
34	231	3	0	0	0	0	31	8	8	700.93	0		14.120763
34	232	3	0	0	8	0	31	8	8	700.93	0		14.120763
34	226	1	0	0	0	8	22	11	7	749.50	0		6.482641
34	227	1	0	0	0	15	22	11	7	749.50	0		6.482641
34	228	1	0	0	0	22	22	11	7	749.50	0		6.482641
34	229	2	0	0	16	0	28	9	11	426.85	1		3.174700
34	230	2	0	0	16	11	28	9	11	426.85	1		3.174700
22	144	3	0	28	16	0	31	8	8	700.93	0		14.120763
22	145	3	0	28	16	8	31	8	8	700.93	0		14.120763
22	140	1	0	31	0	0	22	11	7	749.50	0		6.482641
22	141	1	0	31	0	7	22	11	7	749.50	0		6.482641
22	142	2	0	28	16	16	28	9	11	426.85	1		3.174700
22	143	2	0	31	0	14	28	9	11	426.85	1		3.174700


-------------------------------------------------------------------------------------------------------------------
Tour_Id:			9
No_of_Customers:		2
No_of_Items:			10
Customer_Sequence:		1 44 

CustId	Id	TypeId	Rotated	x	y	z	Length	Width	Height	mass	Fragility	LoadBearingStrength
44	291	3	0	0	0	0	31	8	8	700.93	0		14.120763
44	292	3	0	0	8	0	31	8	8	700.93	0		14.120763
44	289	2	0	0	16	0	28	9	11	426.85	1		3.174700
44	290	2	0	0	0	8	28	9	11	426.85	1		3.174700
1	1	1	0	31	0	0	22	11	7	749.50	0		6.482641
1	2	1	0	31	11	0	22	11	7	749.50	0		6.482641
1	3	1	0	31	0	7	22	11	7	749.50	0		6.482641
1	4	2	0	0	16	11	28	9	11	426.85	1		3.174700
1	5	2	0	0	0	19	28	9	11	426.85	1		3.174700
1	6	2	0	28	0	14	28	9	11	426.85	1		3.174700


-------------------------------------------------------------------------------------------------------------------
Tour_Id:			10
No_of_Customers:		3
No_of_Items:			16
Customer_Sequence:		8 3 5 

CustId	Id	TypeId	Rotated	x	y	z	Length	Width	Height	mass	Fragility	LoadBearingStrength
5	27	1	0	0	0	0	22	11	7	749.50	0		6.482641
5	28	1	0	0	11	0	22	11	7	749.50	0		6.482641
3	15	2	0	0	0	7	28	9	11	426.85	1		3.174700
5	29	1	0	0	9	7	22	11	7	749.50	0		6.482641
5	30	1	0	0	9	14	22	11	7	749.50	0		6.482641
3	17	3	0	22	9	0	31	8	8	700.93	0		14.120763
5	31	3	0	22	17	0	31	8	8	700.93	0		14.120763
3	19	3	0	22	9	8	31	8	8	700.93	0		14.120763
3	20	3	0	22	17	8	31	8	8	700.93	0		14.120763
3	14	1	0	0	9	21	22	11	7	749.50	0		6.482641
8	49	1	0	22	9	16	22	11	7	749.50	0		6.482641
3	16	2	0	0	0	18	28	9	11	426.85	1		3.174700
3	18	3	0	28	0	0	31	8	8	700.93	0		14.120763
8	50	1	0	22	9	23	22	11	7	749.50	0		6.482641
8	51	2	0	28	0	8	28	9	11	426.85	1		3.174700
8	52	2	0	28	0	19	28	9	11	426.85	1		3.174700


-------------------------------------------------------------------------------------------------------------------
Tour_Id:			11
No_of_Customers:		2
No_of_Items:			14
Customer_Sequence:		55 40 

CustId	Id	TypeId	Rotated	x	y	z	Length	Width	Height	mass	Fragility	LoadBearingStrength
40	262	2	0	0	0	0	28	9	11	426.85	1		3.174700
55	368	3	0	0	9	0	31	8	8	700.93	0		14.120763
55	365	3	0	0	17	0	31	8	8	700.93	0		14.120763
40	266	3	0	28	0	0	31	8	8	700.93	0		14.120763
55	366	3	0	0	9	8	31	8	8	700.93	0		14.120763
40	264	2	0	0	0	11	28	9	11	426.85	1		3.174700
55	364	3	0	0	17	8	31	8	8	700.93	0		14.120763
55	367	3	0	0	9	16	31	8	8	700.93	0		14.120763
40	265	2	0	28	0	8	28	9	11	426.85	1		3.174700
40	263	2	0	28	0	19	28	9	11	426.85	1		3.174700
55	369	3	0	0	17	16	31	8	8	700.93	0		14.120763
55	361	1	0	31	9	0	22	11	7	749.50	0		6.482641
55	362	2	0	31	9	7	28	9	11	426.85	1		3.174700
55	363	2	0	31	9	18	28	9	11	426.85	1		3.174700


-------------------------------------------------------------------------------------------------------------------
Tour_Id:			12
No_of_Customers:		2
No_of_Items:			15
Customer_Sequence:		9 37 

CustId	Id	TypeId	Rotated	x	y	z	Length	Width	Height	mass	Fragility	LoadBearingStrength
37	244	1	0	0	0	0	22	11	7	749.50	0		6.482641
37	243	1	0	0	11	0	22	11	7	749.50	0		6.482641
37	247	2	0	0	0	7	28	9	11	426.85	1		3.174700
37	245	1	0	0	9	7	22	11	7	749.50	0		6.482641
9	54	1	0	0	9	14	22	11	7	749.50	0		6.482641
37	248	3	0	22	9	0	31	8	8	700.93	0		14.120763
9	53	1	0	0	9	21	22	11	7	749.50	0		6.482641
9	59	3	0	22	17	0	31	8	8	700.93	0		14.120763
9	55	1	0	22	9	8	22	11	7	749.50	0		6.482641
9	60	3	0	28	0	0	31	8	8	700.93	0		14.120763
9	61	3	0	28	0	8	31	8	8	700.93	0		14.120763
37	246	2	0	0	0	18	28	9	11	426.85	1		3.174700
9	56	1	0	22	9	15	22	11	7	749.50	0		6.482641
9	57	1	0	22	9	22	22	11	7	749.50	0		6.482641
9	58	2	0	28	0	16	28	9	11	426.85	1		3.174700


-------------------------------------------------------------------------------------------------------------------
Tour_Id:			13
No_of_Customers:		2
No_of_Items:			15
Customer_Sequence:		57 39 

CustId	Id	TypeId	Rotated	x	y	z	Length	Width	Height	mass	Fragility	LoadBearingStrength
39	257	1	0	0	0	0	22	11	7	749.50	0		6.482641
39	254	1	0	0	11	0	22	11	7	749.50	0		6.482641
57	382	3	0	22	0	0	31	8	8	700.93	0		14.120763
39	259	1	0	0	0	7	22	11	7	749.50	0		6.482641
39	255	1	0	0	11	7	22	11	7	749.50	0		6.482641
57	381	3	0	22	8	0	31	8	8	700.93	0		14.120763
39	261	3	0	22	16	0	31	8	8	700.93	0		14.120763
39	256	1	0	0	0	14	22	11	7	749.50	0		6.482641
39	260	2	0	22	16	8	28	9	11	426.85	1		3.174700
39	258	1	0	0	11	14	22	11	7	749.50	0		6.482641
57	376	1	0	0	0	21	22	11	7	749.50	0		6.482641
57	377	1	0	0	11	21	22	11	7	749.50	0		6.482641
57	378	1	0	22	0	8	22	11	7	749.50	0		6.482641
57	379	2	0	22	0	15	28	9	11	426.85	1		3.174700
57	380	2	0	22	16	19	28	9	11	426.85	1		3.174700


-------------------------------------------------------------------------------------------------------------------
Tour_Id:			14
No_of_Customers:		2
No_of_Items:			14
Customer_Sequence:		24 12 

CustId	Id	TypeId	Rotated	x	y	z	Length	Width	Height	mass	Fragility	LoadBearingStrength
12	82	3	0	0	0	0	31	8	8	700.93	0		14.120763
12	83	3	0	0	8	0	31	8	8	700.93	0		14.120763
12	76	1	0	0	0	8	22	11	7	749.50	0		6.482641
24	156	3	0	0	16	0	31	8	8	700.93	0		14.120763
12	77	1	0	0	0	15	22	11	7	749.50	0		6.482641
12	79	1	0	0	0	22	22	11	7	749.50	0		6.482641
12	78	1	0	31	0	0	22	11	7	749.50	0		6.482641
12	81	2	0	31	0	7	28	9	11	426.85	1		3.174700
12	80	2	0	31	0	18	28	9	11	426.85	1		3.174700
24	157	3	0	0	11	8	31	8	8	700.93	0		14.120763
24	152	1	0	31	11	0	22	11	7	749.50	0		6.482641
24	153	2	0	0	11	16	28	9	11	426.85	1		3.174700
24	154	2	0	31	9	7	28	9	11	426.85	1		3.174700
24	155	2	0	28	9	18	28	9	11	426.85	1		3.174700


-------------------------------------------------------------------------------------------------------------------
Tour_Id:			15
No_of_Customers:		2
No_of_Items:			11
Customer_Sequence:		13 17 

CustId	Id	TypeId	Rotated	x	y	z	Length	Width	Height	mass	Fragility	LoadBearingStrength
17	110	2	0	0	0	0	28	9	11	426.85	1		3.174700
17	113	3	0	0	9	0	31	8	8	700.93	0		14.120763
17	109	1	0	31	0	0	22	11	7	749.50	0		6.482641
17	111	2	0	0	9	8	28	9	11	426.85	1		3.174700
17	112	2	0	0	0	11	28	9	11	426.85	1		3.174700
13	84	1	0	31	11	0	22	11	7	749.50	0		6.482641
13	85	1	0	31	0	7	22	11	7	749.50	0		6.482641
13	86	1	0	28	0	14	22	11	7	749.50	0		6.482641
13	87	2	0	0	9	19	28	9	11	426.85	1		3.174700
13	88	2	0	31	11	7	28	9	11	426.85	1		3.174700
13	89	2	0	28	11	18	28	9	11	426.85	1		3.174700


-------------------------------------------------------------------------------------------------------------------
Tour_Id:			16
No_of_Customers:		2
No_of_Items:			13
Customer_Sequence:		48 27 

CustId	Id	TypeId	Rotated	x	y	z	Length	Width	Height	mass	Fragility	LoadBearingStrength
27	176	3	0	0	0	0	31	8	8	700.93	0		14.120763
27	177	3	0	0	8	0	31	8	8	700.93	0		14.120763
27	178	3	0	0	16	0	31	8	8	700.93	0		14.120763
27	179	3	0	0	0	8	31	8	8	700.93	0		14.120763
27	175	2	0	0	8	8	28	9	11	426.85	1		3.174700
27	173	1	0	31	0	0	22	11	7	749.50	0		6.482641
48	321	3	0	0	17	8	31	8	8	700.93	0		14.120763
27	174	2	0	0	8	19	28	9	11	426.85	1		3.174700
48	318	1	0	31	11	0	22	11	7	749.50	0		6.482641
48	317	1	0	31	0	7	22	11	7	749.50	0		6.482641
48	316	1	0	31	11	7	22	11	7	749.50	0		6.482641
48	319	2	0	31	0	14	28	9	11	426.85	1		3.174700
48	320	2	0	31	9	14	28	9	11	426.85	1		3.174700


-------------------------------------------------------------------------------------------------------------------
Tour_Id:			17
No_of_Customers:		2
No_of_Items:			13
Customer_Sequence:		10 25 

CustId	Id	TypeId	Rotated	x	y	z	Length	Width	Height	mass	Fragility	LoadBearingStrength
25	162	3	0	0	0	0	31	8	8	700.93	0		14.120763
25	160	2	0	0	8	0	28	9	11	426.85	1		3.174700
25	164	3	0	0	17	0	31	8	8	700.93	0		14.120763
25	158	1	0	31	0	0	22	11	7	749.50	0		6.482641
25	159	1	0	31	11	0	22	11	7	749.50	0		6.482641
25	163	3	0	0	0	8	31	8	8	700.93	0		14.120763
25	161	2	0	0	8	11	28	9	11	426.85	1		3.174700
10	62	1	0	31	0	7	22	11	7	749.50	0		6.482641
10	65	2	0	31	11	7	28	9	11	426.85	1		3.174700
10	63	1	0	31	0	14	22	11	7	749.50	0		6.482641
10	64	1	0	28	0	21	22	11	7	749.50	0		6.482641
10	67	3	0	0	17	8	31	8	8	700.93	0		14.120763
10	66	2	0	28	11	18	28	9	11	426.85	1		3.174700


-------------------------------------------------------------------------------------------------------------------
Tour_Id:			18
No_of_Customers:		2
No_of_Items:			13
Customer_Sequence:		28 35 

CustId	Id	TypeId	Rotated	x	y	z	Length	Width	Height	mass	Fragility	LoadBearingStrength
35	233	1	0	0	0	0	22	11	7	749.50	0		6.482641
35	234	1	0	0	11	0	22	11	7	749.50	0		6.482641
35	235	2	0	0	0	7	28	9	11	426.85	1		3.174700
35	236	2	0	0	9	7	28	9	11	426.85	1		3.174700
28	187	3	0	28	0	0	31	8	8	700.93	0		14.120763
28	188	3	0	28	8	0	31	8	8	700.93	0		14.120763
28	180	1	0	28	0	8	22	11	7	749.50	0		6.482641
28	181	1	0	28	0	15	22	11	7	749.50	0		6.482641
28	182	1	0	28	0	22	22	11	7	749.50	0		6.482641
28	183	2	0	0	0	18	28	9	11	426.85	1		3.174700
28	184	2	0	0	9	18	28	9	11	426.85	1		3.174700
28	185	2	0	28	16	0	28	9	11	426.85	1		3.174700
28	186	2	0	28	16	11	28	9	11	426.85	1		3.174700


-------------------------------------------------------------------------------------------------------------------
Tour_Id:			19
No_of_Customers:		3
No_of_Items:			14
Customer_Sequence:		59 21 20 

CustId	Id	TypeId	Rotated	x	y	z	Length	Width	Height	mass	Fragility	LoadBearingStrength
20	132	2	0	0	0	0	28	9	11	426.85	1		3.174700
20	134	3	0	0	9	0	31	8	8	700.93	0		14.120763
20	131	1	0	31	0	0	22	11	7	749.50	0		6.482641
20	135	3	0	0	17	0	31	8	8	700.93	0		14.120763
20	133	3	0	0	9	8	31	8	8	700.93	0		14.120763
21	136	1	0	31	11	0	22	11	7	749.50	0		6.482641
21	137	1	0	31	0	7	22	11	7	749.50	0		6.482641
59	392	3	0	0	17	8	31	8	8	700.93	0		14.120763
21	139	2	0	0	0	11	28	9	11	426.85	1		3.174700
59	390	3	0	0	9	16	31	8	8	700.93	0		14.120763
59	391	3	0	0	17	16	31	8	8	700.93	0		14.120763
21	138	2	0	31	0	14	28	9	11	426.85	1		3.174700
59	388	1	0	31	11	7	22	11	7	749.50	0		6.482641
59	389	2	0	31	9	14	28	9	11	426.85	1		3.174700


-------------------------------------------------------------------------------------------------------------------
Tour_Id:			20
No_of_Customers:		2
No_of_Items:			15
Customer_Sequence:		41 16 

CustId	Id	TypeId	Rotated	x	y	z	Length	Width	Height	mass	Fragility	LoadBearingStrength
16	101	1	0	0	0	0	22	11	7	749.50	0		6.482641
16	100	1	0	0	11	0	22	11	7	749.50	0		6.482641
16	102	2	0	0	0	7	28	9	11	426.85	1		3.174700
16	105	2	0	0	9	7	28	9	11	426.85	1		3.174700
16	108	3	0	28	0	0	31	8	8	700.93	0		14.120763
16	106	3	0	28	8	0	31	8	8	700.93	0		14.120763
16	103	2	0	0	0	18	28	9	11	426.85	1		3.174700
16	104	2	0	0	9	18	28	9	11	426.85	1		3.174700
16	107	3	0	28	16	0	31	8	8	700.93	0		14.120763
41	270	3	0	28	0	8	31	8	8	700.93	0		14.120763
41	271	3	0	28	8	8	31	8	8	700.93	0		14.120763
41	268	1	0	28	0	16	22	11	7	749.50	0		6.482641
41	267	1	0	28	0	23	22	11	7	749.50	0		6.482641
41	272	3	0	28	16	8	31	8	8	700.93	0		14.120763
41	269	2	0	28	11	16	28	9	11	426.85	1		3.174700


-------------------------------------------------------------------------------------------------------------------
Tour_Id:			21
No_of_Customers:		1
No_of_Items:			0
Customer_Sequence:		19 

-------------------------------------------------------------------------------------------------------------------
Tour_Id:			22
No_of_Customers:		2
No_of_Items:			12
Customer_Sequence:		58 42 

CustId	Id	TypeId	Rotated	x	y	z	Length	Width	Height	mass	Fragility	LoadBearingStrength
42	278	2	0	0	0	0	28	9	11	426.85	1		3.174700
42	274	1	0	0	9	0	22	11	7	749.50	0		6.482641
42	275	1	0	0	9	7	22	11	7	749.50	0		6.482641
58	387	3	0	22	9	0	31	8	8	700.93	0		14.120763
42	277	2	0	0	0	11	28	9	11	426.85	1		3.174700
42	273	1	0	0	9	14	22	11	7	749.50	0		6.482641
58	386	3	0	22	17	0	31	8	8	700.93	0		14.120763
42	279	2	0	28	0	0	28	9	11	426.85	1		3.174700
42	276	2	0	28	0	11	28	9	11	426.85	1		3.174700
58	383	1	0	0	9	21	22	11	7	749.50	0		6.482641
58	384	2	0	22	9	8	28	9	11	426.85	1		3.174700
58	385	2	0	22	9	19	28	9	11	426.85	1		3.174700


-------------------------------------------------------------------------------------------------------------------
Tour_Id:			23
No_of_Customers:		1
No_of_Items:			0
Customer_Sequence:		7 

-------------------------------------------------------------------------------------------------------------------
Tour_Id:			24
No_of_Customers:		3
No_of_Items:			16
Customer_Sequence:		45 14 38 

CustId	Id	TypeId	Rotated	x	y	z	Length	Width	Height	mass	Fragility	LoadBearingStrength
38	250	3	0	0	0	0	31	8	8	700.93	0		14.120763
38	251	3	0	0	8	0	31	8	8	700.93	0		14.120763
14	94	3	0	0	16	0	31	8	8	700.93	0		14.120763
38	253	3	0	0	0	8	31	8	8	700.93	0		14.120763
38	252	3	0	0	8	8	31	8	8	700.93	0		14.120763
38	249	2	0	0	0	16	28	9	11	426.85	1		3.174700
45	296	3	0	0	16	8	31	8	8	700.93	0		14.120763
14	91	1	0	31	0	0	22	11	7	749.50	0		6.482641
14	92	2	0	31	0	7	28	9	11	426.85	1		3.174700
14	93	2	0	28	0	18	28	9	11	426.85	1		3.174700
14	90	1	0	31	11	0	22	11	7	749.50	0		6.482641
45	297	3	0	0	9	16	31	8	8	700.93	0		14.120763
45	298	3	0	0	17	16	31	8	8	700.93	0		14.120763
45	293	1	0	31	9	7	22	11	7	749.50	0		6.482641
45	294	1	0	31	9	14	22	11	7	749.50	0		6.482641
45	295	1	0	31	9	21	22	11	7	749.50	0		6.482641


-------------------------------------------------------------------------------------------------------------------
Tour_Id:			25
No_of_Customers:		2
No_of_Items:			14
Customer_Sequence:		56 31 

CustId	Id	TypeId	Rotated	x	y	z	Length	Width	Height	mass	Fragility	LoadBearingStrength
31	210	3	0	0	0	0	31	8	8	700.93	0		14.120763
31	211	3	0	0	8	0	31	8	8	700.93	0		14.120763
31	209	2	0	0	16	0	28	9	11	426.85	1		3.174700
56	375	3	0	0	0	8	31	8	8	700.93	0		14.120763
31	206	1	0	31	0	0	22	11	7	749.50	0		6.482641
31	207	2	0	0	16	11	28	9	11	426.85	1		3.174700
31	212	3	0	0	8	8	31	8	8	700.93	0		14.120763
56	371	1	0	0	0	16	22	11	7	749.50	0		6.482641
31	205	1	0	31	11	0	22	11	7	749.50	0		6.482641
56	370	1	0	0	0	23	22	11	7	749.50	0		6.482641
31	208	2	0	31	11	7	28	9	11	426.85	1		3.174700
56	372	1	0	31	0	7	22	11	7	749.50	0		6.482641
56	373	2	0	31	0	14	28	9	11	426.85	1		3.174700
56	374	2	0	31	11	18	28	9	11	426.85	1		3.174700


-------------------------------------------------------------------------------------------------------------------
Tour_Id:			26
No_of_Customers:		2
No_of_Items:			14
Customer_Sequence:		51 50 

CustId	Id	TypeId	Rotated	x	y	z	Length	Width	Height	mass	Fragility	LoadBearingStrength
50	334	3	0	0	0	0	31	8	8	700.93	0		14.120763
50	335	3	0	0	8	0	31	8	8	700.93	0		14.120763
50	333	2	0	0	16	0	28	9	11	426.85	1		3.174700
51	341	3	0	0	0	8	31	8	8	700.93	0		14.120763
50	330	2	0	0	16	11	28	9	11	426.85	1		3.174700
50	329	1	0	31	0	0	22	11	7	749.50	0		6.482641
50	332	2	0	28	16	0	28	9	11	426.85	1		3.174700
50	336	3	0	0	8	8	31	8	8	700.93	0		14.120763
51	340	3	0	0	0	16	31	8	8	700.93	0		14.120763
51	337	1	0	31	0	7	22	11	7	749.50	0		6.482641
51	342	3	0	0	8	16	31	8	8	700.93	0		14.120763
50	331	2	0	28	16	11	28	9	11	426.85	1		3.174700
51	338	1	0	31	0	14	22	11	7	749.50	0		6.482641
51	339	1	0	31	0	21	22	11	7	749.50	0		6.482641


-------------------------------------------------------------------------------------------------------------------
Tour_Id:			27
No_of_Customers:		2
No_of_Items:			15
Customer_Sequence:		54 29 

CustId	Id	TypeId	Rotated	x	y	z	Length	Width	Height	mass	Fragility	LoadBearingStrength
29	193	2	0	0	0	0	28	9	11	426.85	1		3.174700
29	190	1	0	0	9	0	22	11	7	749.50	0		6.482641
29	197	3	0	22	9	0	31	8	8	700.93	0		14.120763
29	195	3	0	22	17	0	31	8	8	700.93	0		14.120763
29	189	1	0	0	9	7	22	11	7	749.50	0		6.482641
54	357	3	0	22	9	8	31	8	8	700.93	0		14.120763
54	358	3	0	22	17	8	31	8	8	700.93	0		14.120763
29	194	3	0	28	0	0	31	8	8	700.93	0		14.120763
29	196	3	0	28	0	8	31	8	8	700.93	0		14.120763
54	359	3	0	22	9	16	31	8	8	700.93	0		14.120763
29	192	2	0	0	0	11	28	9	11	426.85	1		3.174700
29	191	2	0	28	0	16	28	9	11	426.85	1		3.174700
54	360	3	0	22	17	16	31	8	8	700.93	0		14.120763
54	355	1	0	0	9	14	22	11	7	749.50	0		6.482641
54	356	1	0	0	9	21	22	11	7	749.50	0		6.482641


-------------------------------------------------------------------------------------------------------------------
Tour_Id:			28
No_of_Customers:		2
No_of_Items:			14
Customer_Sequence:		18 33 

CustId	Id	TypeId	Rotated	x	y	z	Length	Width	Height	mass	Fragility	LoadBearingStrength
33	222	1	0	0	0	0	22	11	7	749.50	0		6.482641
33	221	1	0	0	11	0	22	11	7	749.50	0		6.482641
33	225	3	0	22	0	0	31	8	8	700.93	0		14.120763
33	223	1	0	0	0	7	22	11	7	749.50	0		6.482641
33	224	2	0	0	11	7	28	9	11	426.85	1		3.174700
18	114	2	0	0	0	14	28	9	11	426.85	1		3.174700
18	120	3	0	28	8	0	31	8	8	700.93	0		14.120763
18	121	3	0	28	16	0	31	8	8	700.93	0		14.120763
18	122	3	0	28	0	8	31	8	8	700.93	0		14.120763
18	119	3	0	28	8	8	31	8	8	700.93	0		14.120763
18	115	2	0	0	11	18	28	9	11	426.85	1		3.174700
18	116	2	0	28	16	8	28	9	11	426.85	1		3.174700
18	117	2	0	28	0	16	28	9	11	426.85	1		3.174700
18	118	2	0	28	16	19	28	9	11	426.85	1		3.174700


-------------------------------------------------------------------------------------------------------------------
Tour_Id:			29
No_of_Customers:		2
No_of_Items:			14
Customer_Sequence:		53 43 

CustId	Id	TypeId	Rotated	x	y	z	Length	Width	Height	mass	Fragility	LoadBearingStrength
43	280	1	0	0	0	0	22	11	7	749.50	0		6.482641
43	283	1	0	0	11	0	22	11	7	749.50	0		6.482641
43	285	2	0	0	0	7	28	9	11	426.85	1		3.174700
43	281	1	0	0	9	7	22	11	7	749.50	0		6.482641
43	282	1	0	0	9	14	22	11	7	749.50	0		6.482641
43	287	3	0	22	9	0	31	8	8	700.93	0		14.120763
43	284	2	0	0	0	18	28	9	11	426.85	1		3.174700
43	288	3	0	22	17	0	31	8	8	700.93	0		14.120763
43	286	2	0	22	9	8	28	9	11	426.85	1		3.174700
53	354	3	0	28	0	0	31	8	8	700.93	0		14.120763
53	350	1	0	0	9	21	22	11	7	749.50	0		6.482641
53	351	2	0	22	9	19	28	9	11	426.85	1		3.174700
53	352	2	0	28	0	8	28	9	11	426.85	1		3.174700
53	353	2	0	28	0	19	28	9	11	426.85	1		3.174700


-------------------------------------------------------------------------------------------------------------------
Tour_Id:			30
No_of_Customers:		2
No_of_Items:			16
Customer_Sequence:		60 32 

CustId	Id	TypeId	Rotated	x	y	z	Length	Width	Height	mass	Fragility	LoadBearingStrength
32	216	3	0	0	0	0	31	8	8	700.93	0		14.120763
32	217	3	0	0	8	0	31	8	8	700.93	0		14.120763
32	218	3	0	0	16	0	31	8	8	700.93	0		14.120763
60	395	2	0	0	0	8	28	9	11	426.85	1		3.174700
32	220	3	0	0	9	8	31	8	8	700.93	0		14.120763
32	213	1	0	31	0	0	22	11	7	749.50	0		6.482641
32	214	1	0	31	11	0	22	11	7	749.50	0		6.482641
32	219	3	0	0	17	8	31	8	8	700.93	0		14.120763
60	399	3	0	0	9	16	31	8	8	700.93	0		14.120763
32	215	1	0	31	11	7	22	11	7	749.50	0		6.482641
60	398	2	0	0	0	19	28	9	11	426.85	1		3.174700
60	396	2	0	31	0	7	28	9	11	426.85	1		3.174700
60	400	3	0	0	17	16	31	8	8	700.93	0		14.120763
60	394	1	0	31	9	14	22	11	7	749.50	0		6.482641
60	397	2	0	28	0	18	28	9	11	426.85	1		3.174700
60	393	1	0	31	9	21	22	11	7	749.50	0		6.482641


