Name:				456_n060_m400_bt10
Problem:			3L-VRPTW
Number_of_used_Vehicles:	28
Total_Travel_Distance:		2030.78
Calculation_Time:		3600.00
Total_Iterations:		10576
ConstraintSet:			P1

-------------------------------------------------------------------------------------------------------------------
Tour_Id:			1
No_of_Customers:		2
No_of_Items:			14
Customer_Sequence:		20 4 

CustId	Id	TypeId	Rotated	x	y	z	Length	Width	Height	mass	Fragility	LoadBearingStrength
4	21	2	0	0	0	0	30	7	13	344.29	0		30.114013
4	25	4	0	0	7	0	14	11	14	258.54	0		13.697799
4	24	3	0	14	7	0	34	9	9	480.71	0		19.666970
4	26	4	0	0	7	14	14	11	14	258.54	0		13.697799
4	23	3	0	14	16	0	34	9	9	480.71	0		19.666970
4	22	3	0	14	7	9	34	9	9	480.71	0		19.666970
4	27	5	0	0	0	13	18	7	13	315.61	0		7.049241
4	28	6	0	14	16	9	32	7	8	199.17	1		2.319915
4	29	6	0	14	16	17	32	7	8	199.17	1		2.319915
20	128	3	0	14	7	18	34	9	9	480.71	0		19.666970
20	126	2	0	30	0	0	30	7	13	344.29	0		30.114013
20	127	2	0	18	0	13	30	7	13	344.29	0		30.114013
20	129	5	1	48	7	0	18	7	13	315.61	0		7.049241
20	130	8	1	48	0	13	19	8	14	678.89	1		3.251385


-------------------------------------------------------------------------------------------------------------------
Tour_Id:			2
No_of_Customers:		3
No_of_Items:			18
Customer_Sequence:		52 2 42 

CustId	Id	TypeId	Rotated	x	y	z	Length	Width	Height	mass	Fragility	LoadBearingStrength
2	8	1	0	0	0	0	16	12	8	250.90	0		25.828529
42	281	10	0	0	12	0	22	6	7	143.67	0		27.242776
2	9	3	0	16	0	0	34	9	9	480.71	0		19.666970
42	282	10	0	0	18	0	22	6	7	143.67	0		27.242776
42	279	7	0	0	12	7	29	12	6	226.99	0		8.949938
42	280	9	0	0	12	13	16	10	13	355.75	0		11.156398
2	12	7	0	16	0	9	29	12	6	226.99	0		8.949938
2	13	7	0	16	0	15	29	12	6	226.99	0		8.949938
52	341	6	0	16	0	21	32	7	8	199.17	1		2.319915
2	14	10	0	16	7	21	22	6	7	143.67	0		27.242776
2	15	10	0	29	9	0	22	6	7	143.67	0		27.242776
2	11	5	0	29	15	0	18	7	13	315.61	0		7.049241
2	10	4	0	0	0	8	14	11	14	258.54	0		13.697799
52	340	3	0	16	13	13	34	9	9	480.71	0		19.666970
52	343	10	0	16	13	22	22	6	7	143.67	0		27.242776
52	344	10	1	51	0	0	22	6	7	143.67	0		27.242776
52	342	8	1	50	0	7	19	8	14	678.89	1		3.251385
2	7	1	0	0	0	22	16	12	8	250.90	0		25.828529


-------------------------------------------------------------------------------------------------------------------
Tour_Id:			3
No_of_Customers:		2
No_of_Items:			15
Customer_Sequence:		12 25 

CustId	Id	TypeId	Rotated	x	y	z	Length	Width	Height	mass	Fragility	LoadBearingStrength
25	157	1	0	0	0	0	16	12	8	250.90	0		25.828529
25	164	9	0	0	12	0	16	10	13	355.75	0		11.156398
25	163	7	0	16	0	0	29	12	6	226.99	0		8.949938
25	160	3	0	16	12	0	34	9	9	480.71	0		19.666970
25	158	3	0	16	0	6	34	9	9	480.71	0		19.666970
25	161	4	0	0	0	8	14	11	14	258.54	0		13.697799
25	159	3	0	16	12	9	34	9	9	480.71	0		19.666970
25	162	4	0	0	12	13	14	11	14	258.54	0		13.697799
12	77	2	0	16	0	15	30	7	13	344.29	0		30.114013
12	76	1	0	0	0	22	16	12	8	250.90	0		25.828529
12	78	7	0	16	12	18	29	12	6	226.99	0		8.949938
12	79	7	0	14	12	24	29	12	6	226.99	0		8.949938
25	165	10	1	50	0	0	22	6	7	143.67	0		27.242776
12	81	10	1	50	0	7	22	6	7	143.67	0		27.242776
12	80	8	1	50	0	14	19	8	14	678.89	1		3.251385


-------------------------------------------------------------------------------------------------------------------
Tour_Id:			4
No_of_Customers:		2
No_of_Items:			13
Customer_Sequence:		32 30 

CustId	Id	TypeId	Rotated	x	y	z	Length	Width	Height	mass	Fragility	LoadBearingStrength
30	199	4	0	0	0	0	14	11	14	258.54	0		13.697799
30	196	2	0	0	11	0	30	7	13	344.29	0		30.114013
30	198	3	0	14	0	0	34	9	9	480.71	0		19.666970
30	197	2	0	0	18	0	30	7	13	344.29	0		30.114013
30	195	1	0	0	11	13	16	12	8	250.90	0		25.828529
32	215	9	0	0	0	14	16	10	13	355.75	0		11.156398
30	201	8	0	30	9	0	19	8	14	678.89	1		3.251385
32	211	3	0	16	0	9	34	9	9	480.71	0		19.666970
32	212	4	1	49	9	0	14	11	14	258.54	0		13.697799
32	213	7	0	16	0	18	29	12	6	226.99	0		8.949938
32	214	7	0	16	0	24	29	12	6	226.99	0		8.949938
30	200	8	0	30	17	0	19	8	14	678.89	1		3.251385
32	210	1	0	0	11	21	16	12	8	250.90	0		25.828529


-------------------------------------------------------------------------------------------------------------------
Tour_Id:			5
No_of_Customers:		2
No_of_Items:			17
Customer_Sequence:		23 24 

CustId	Id	TypeId	Rotated	x	y	z	Length	Width	Height	mass	Fragility	LoadBearingStrength
24	150	4	0	0	0	0	14	11	14	258.54	0		13.697799
24	149	2	0	0	11	0	30	7	13	344.29	0		30.114013
24	148	2	0	0	18	0	30	7	13	344.29	0		30.114013
24	155	8	0	0	11	13	19	8	14	678.89	1		3.251385
24	153	7	0	30	0	0	29	12	6	226.99	0		8.949938
24	151	5	0	0	0	14	18	7	13	315.61	0		7.049241
24	152	7	0	30	12	0	29	12	6	226.99	0		8.949938
24	156	9	0	14	0	0	16	10	13	355.75	0		11.156398
24	154	8	1	19	0	13	19	8	14	678.89	1		3.251385
23	144	10	0	0	19	13	22	6	7	143.67	0		27.242776
23	140	1	0	30	0	6	16	12	8	250.90	0		25.828529
23	142	4	0	27	0	14	14	11	14	258.54	0		13.697799
23	141	2	0	30	12	6	30	7	13	344.29	0		30.114013
23	145	10	0	0	19	20	22	6	7	143.67	0		27.242776
23	146	10	0	30	19	6	22	6	7	143.67	0		27.242776
23	147	10	0	22	19	13	22	6	7	143.67	0		27.242776
23	143	6	0	27	11	19	32	7	8	199.17	1		2.319915


-------------------------------------------------------------------------------------------------------------------
Tour_Id:			6
No_of_Customers:		2
No_of_Items:			12
Customer_Sequence:		28 11 

CustId	Id	TypeId	Rotated	x	y	z	Length	Width	Height	mass	Fragility	LoadBearingStrength
11	69	2	0	0	0	0	30	7	13	344.29	0		30.114013
11	73	9	0	0	7	0	16	10	13	355.75	0		11.156398
28	183	7	0	0	0	13	29	12	6	226.99	0		8.949938
11	74	10	0	0	17	0	22	6	7	143.67	0		27.242776
11	75	10	0	0	17	7	22	6	7	143.67	0		27.242776
11	72	8	0	0	17	14	19	8	14	678.89	1		3.251385
11	71	6	0	16	7	0	32	7	8	199.17	1		2.319915
28	181	2	0	22	17	0	30	7	13	344.29	0		30.114013
28	182	4	1	48	0	0	14	11	14	258.54	0		13.697799
11	70	5	0	30	0	0	18	7	13	315.61	0		7.049241
28	184	7	0	0	0	19	29	12	6	226.99	0		8.949938
28	185	8	0	22	17	13	19	8	14	678.89	1		3.251385


-------------------------------------------------------------------------------------------------------------------
Tour_Id:			7
No_of_Customers:		2
No_of_Items:			14
Customer_Sequence:		40 48 

CustId	Id	TypeId	Rotated	x	y	z	Length	Width	Height	mass	Fragility	LoadBearingStrength
48	313	3	0	0	0	0	34	9	9	480.71	0		19.666970
48	314	3	0	0	9	0	34	9	9	480.71	0		19.666970
48	316	7	0	0	0	9	29	12	6	226.99	0		8.949938
48	317	7	0	0	0	15	29	12	6	226.99	0		8.949938
48	319	9	0	34	0	0	16	10	13	355.75	0		11.156398
48	320	10	0	0	18	0	22	6	7	143.67	0		27.242776
48	315	6	0	0	12	9	32	7	8	199.17	1		2.319915
48	318	8	0	34	10	0	19	8	14	678.89	1		3.251385
40	265	3	0	0	0	21	34	9	9	480.71	0		19.666970
40	266	5	0	32	18	0	18	7	13	315.61	0		7.049241
40	269	10	0	0	19	7	22	6	7	143.67	0		27.242776
40	270	10	0	0	19	14	22	6	7	143.67	0		27.242776
40	268	8	0	34	0	13	19	8	14	678.89	1		3.251385
40	267	6	0	0	12	17	32	7	8	199.17	1		2.319915


-------------------------------------------------------------------------------------------------------------------
Tour_Id:			8
No_of_Customers:		2
No_of_Items:			13
Customer_Sequence:		6 10 

CustId	Id	TypeId	Rotated	x	y	z	Length	Width	Height	mass	Fragility	LoadBearingStrength
10	63	2	0	0	0	0	30	7	13	344.29	0		30.114013
6	38	2	0	0	7	0	30	7	13	344.29	0		30.114013
10	64	3	0	0	14	0	34	9	9	480.71	0		19.666970
10	67	9	0	0	14	9	16	10	13	355.75	0		11.156398
10	65	4	0	16	14	9	14	11	14	258.54	0		13.697799
10	66	9	0	34	14	0	16	10	13	355.75	0		11.156398
10	68	10	0	0	0	13	22	6	7	143.67	0		27.242776
6	39	7	0	30	0	0	29	12	6	226.99	0		8.949938
6	42	9	0	30	0	6	16	10	13	355.75	0		11.156398
6	37	1	0	30	0	19	16	12	8	250.90	0		25.828529
6	40	8	0	0	6	13	19	8	14	678.89	1		3.251385
6	43	10	0	0	0	20	22	6	7	143.67	0		27.242776
6	41	8	0	34	14	13	19	8	14	678.89	1		3.251385


-------------------------------------------------------------------------------------------------------------------
Tour_Id:			9
No_of_Customers:		2
No_of_Items:			13
Customer_Sequence:		26 47 

CustId	Id	TypeId	Rotated	x	y	z	Length	Width	Height	mass	Fragility	LoadBearingStrength
47	307	2	0	0	0	0	30	7	13	344.29	0		30.114013
47	310	5	0	0	7	0	18	7	13	315.61	0		7.049241
47	312	10	0	0	14	0	22	6	7	143.67	0		27.242776
26	170	3	0	0	0	13	34	9	9	480.71	0		19.666970
47	309	3	0	22	7	0	34	9	9	480.71	0		19.666970
47	311	8	0	0	14	7	19	8	14	678.89	1		3.251385
26	168	3	0	22	16	0	34	9	9	480.71	0		19.666970
26	169	3	0	19	9	9	34	9	9	480.71	0		19.666970
47	308	2	0	30	0	0	30	7	13	344.29	0		30.114013
26	171	3	0	19	9	18	34	9	9	480.71	0		19.666970
26	167	2	0	19	18	9	30	7	13	344.29	0		30.114013
26	172	5	0	34	0	13	18	7	13	315.61	0		7.049241
26	166	1	0	0	0	22	16	12	8	250.90	0		25.828529


-------------------------------------------------------------------------------------------------------------------
Tour_Id:			10
No_of_Customers:		2
No_of_Items:			15
Customer_Sequence:		57 33 

CustId	Id	TypeId	Rotated	x	y	z	Length	Width	Height	mass	Fragility	LoadBearingStrength
33	217	3	0	0	0	0	34	9	9	480.71	0		19.666970
33	218	3	0	0	9	0	34	9	9	480.71	0		19.666970
33	219	3	0	0	0	9	34	9	9	480.71	0		19.666970
57	375	2	0	0	18	0	30	7	13	344.29	0		30.114013
33	221	5	0	0	9	9	18	7	13	315.61	0		7.049241
33	216	1	0	34	0	0	16	12	8	250.90	0		25.828529
33	222	6	0	0	0	18	32	7	8	199.17	1		2.319915
33	220	4	0	34	0	8	14	11	14	258.54	0		13.697799
57	377	9	0	34	12	0	16	10	13	355.75	0		11.156398
57	378	9	0	34	12	13	16	10	13	355.75	0		11.156398
57	379	9	1	50	0	0	16	10	13	355.75	0		11.156398
57	374	1	0	32	0	22	16	12	8	250.90	0		25.828529
57	380	10	0	0	18	13	22	6	7	143.67	0		27.242776
57	381	10	0	0	18	20	22	6	7	143.67	0		27.242776
57	376	8	1	50	0	13	19	8	14	678.89	1		3.251385


-------------------------------------------------------------------------------------------------------------------
Tour_Id:			11
No_of_Customers:		2
No_of_Items:			12
Customer_Sequence:		17 3 

CustId	Id	TypeId	Rotated	x	y	z	Length	Width	Height	mass	Fragility	LoadBearingStrength
17	109	5	0	0	0	0	18	7	13	315.61	0		7.049241
3	17	2	0	0	7	0	30	7	13	344.29	0		30.114013
3	18	4	0	0	14	0	14	11	14	258.54	0		13.697799
3	20	8	0	14	14	0	19	8	14	678.89	1		3.251385
3	19	6	0	0	7	13	32	7	8	199.17	1		2.319915
17	108	2	0	18	0	0	30	7	13	344.29	0		30.114013
17	114	9	0	33	14	0	16	10	13	355.75	0		11.156398
3	16	2	0	30	7	0	30	7	13	344.29	0		30.114013
17	110	5	0	0	0	13	18	7	13	315.61	0		7.049241
17	112	8	0	0	14	14	19	8	14	678.89	1		3.251385
17	113	8	0	33	0	13	19	8	14	678.89	1		3.251385
17	111	6	0	0	7	21	32	7	8	199.17	1		2.319915


-------------------------------------------------------------------------------------------------------------------
Tour_Id:			12
No_of_Customers:		2
No_of_Items:			13
Customer_Sequence:		35 50 

CustId	Id	TypeId	Rotated	x	y	z	Length	Width	Height	mass	Fragility	LoadBearingStrength
50	328	4	0	0	0	0	14	11	14	258.54	0		13.697799
50	327	2	0	0	11	0	30	7	13	344.29	0		30.114013
50	326	2	0	0	18	0	30	7	13	344.29	0		30.114013
50	329	5	0	0	11	13	18	7	13	315.61	0		7.049241
50	333	8	0	14	0	0	19	8	14	678.89	1		3.251385
50	331	7	0	30	11	0	29	12	6	226.99	0		8.949938
35	235	7	0	30	8	6	29	12	6	226.99	0		8.949938
35	234	2	0	0	18	13	30	7	13	344.29	0		30.114013
50	330	6	0	0	0	14	32	7	8	199.17	1		2.319915
35	236	9	0	30	8	12	16	10	13	355.75	0		11.156398
50	332	8	0	33	0	0	19	8	14	678.89	1		3.251385
35	232	1	1	46	8	12	16	12	8	250.90	0		25.828529
35	233	1	1	46	8	20	16	12	8	250.90	0		25.828529


-------------------------------------------------------------------------------------------------------------------
Tour_Id:			13
No_of_Customers:		2
No_of_Items:			14
Customer_Sequence:		13 31 

CustId	Id	TypeId	Rotated	x	y	z	Length	Width	Height	mass	Fragility	LoadBearingStrength
31	202	2	0	0	0	0	30	7	13	344.29	0		30.114013
31	208	9	0	0	7	0	16	10	13	355.75	0		11.156398
31	204	7	0	0	0	13	29	12	6	226.99	0		8.949938
31	203	2	0	0	17	0	30	7	13	344.29	0		30.114013
31	206	8	0	0	12	13	19	8	14	678.89	1		3.251385
31	205	8	0	30	0	0	19	8	14	678.89	1		3.251385
31	209	9	0	30	8	0	16	10	13	355.75	0		11.156398
31	207	8	0	29	8	13	19	8	14	678.89	1		3.251385
13	82	2	0	30	18	0	30	7	13	344.29	0		30.114013
13	86	9	1	49	0	0	16	10	13	355.75	0		11.156398
13	87	10	0	0	0	19	22	6	7	143.67	0		27.242776
13	83	6	0	19	16	13	32	7	8	199.17	1		2.319915
13	85	8	0	29	0	14	19	8	14	678.89	1		3.251385
13	84	8	1	51	0	13	19	8	14	678.89	1		3.251385


-------------------------------------------------------------------------------------------------------------------
Tour_Id:			14
No_of_Customers:		2
No_of_Items:			12
Customer_Sequence:		7 21 

CustId	Id	TypeId	Rotated	x	y	z	Length	Width	Height	mass	Fragility	LoadBearingStrength
7	49	7	0	0	0	0	29	12	6	226.99	0		8.949938
21	134	9	0	0	12	0	16	10	13	355.75	0		11.156398
21	132	8	0	0	12	13	19	8	14	678.89	1		3.251385
21	133	8	0	19	12	0	19	8	14	678.89	1		3.251385
7	44	3	0	0	0	6	34	9	9	480.71	0		19.666970
7	45	4	0	0	0	15	14	11	14	258.54	0		13.697799
7	46	4	0	14	0	15	14	11	14	258.54	0		13.697799
21	131	4	0	38	12	0	14	11	14	258.54	0		13.697799
7	47	5	0	34	0	0	18	7	13	315.61	0		7.049241
7	50	10	0	34	0	13	22	6	7	143.67	0		27.242776
7	51	10	0	34	0	20	22	6	7	143.67	0		27.242776
7	48	6	0	19	11	14	32	7	8	199.17	1		2.319915


-------------------------------------------------------------------------------------------------------------------
Tour_Id:			15
No_of_Customers:		2
No_of_Items:			13
Customer_Sequence:		14 51 

CustId	Id	TypeId	Rotated	x	y	z	Length	Width	Height	mass	Fragility	LoadBearingStrength
51	339	9	0	0	0	0	16	10	13	355.75	0		11.156398
51	337	4	0	0	10	0	14	11	14	258.54	0		13.697799
51	336	3	0	14	10	0	34	9	9	480.71	0		19.666970
14	94	10	0	14	19	0	22	6	7	143.67	0		27.242776
51	334	1	1	48	0	0	16	12	8	250.90	0		25.828529
51	338	8	0	0	0	13	19	8	14	678.89	1		3.251385
14	89	4	0	0	10	14	14	11	14	258.54	0		13.697799
14	91	7	0	14	10	9	29	12	6	226.99	0		8.949938
14	92	7	0	14	8	15	29	12	6	226.99	0		8.949938
14	90	5	1	48	0	8	18	7	13	315.61	0		7.049241
14	88	1	0	14	8	21	16	12	8	250.90	0		25.828529
14	93	10	0	30	8	21	22	6	7	143.67	0		27.242776
51	335	2	0	16	0	0	30	7	13	344.29	0		30.114013


-------------------------------------------------------------------------------------------------------------------
Tour_Id:			16
No_of_Customers:		2
No_of_Items:			15
Customer_Sequence:		15 43 

CustId	Id	TypeId	Rotated	x	y	z	Length	Width	Height	mass	Fragility	LoadBearingStrength
43	287	5	0	0	0	0	18	7	13	315.61	0		7.049241
43	283	2	0	0	7	0	30	7	13	344.29	0		30.114013
43	286	4	0	0	14	0	14	11	14	258.54	0		13.697799
43	284	3	0	14	14	0	34	9	9	480.71	0		19.666970
43	289	9	0	0	0	13	16	10	13	355.75	0		11.156398
43	285	4	0	0	14	14	14	11	14	258.54	0		13.697799
43	288	8	0	14	14	9	19	8	14	678.89	1		3.251385
15	97	2	0	18	0	0	30	7	13	344.29	0		30.114013
15	95	1	0	16	0	13	16	12	8	250.90	0		25.828529
15	98	4	0	33	14	9	14	11	14	258.54	0		13.697799
15	100	5	0	30	7	0	18	7	13	315.61	0		7.049241
15	99	5	0	32	0	13	18	7	13	315.61	0		7.049241
15	102	9	1	48	0	0	16	10	13	355.75	0		11.156398
15	101	9	1	50	0	13	16	10	13	355.75	0		11.156398
15	96	1	0	16	0	21	16	12	8	250.90	0		25.828529


-------------------------------------------------------------------------------------------------------------------
Tour_Id:			17
No_of_Customers:		2
No_of_Items:			15
Customer_Sequence:		19 34 

CustId	Id	TypeId	Rotated	x	y	z	Length	Width	Height	mass	Fragility	LoadBearingStrength
34	223	3	0	0	0	0	34	9	9	480.71	0		19.666970
34	224	4	0	0	9	0	14	11	14	258.54	0		13.697799
34	228	5	0	0	0	9	18	7	13	315.61	0		7.049241
34	231	9	0	0	9	14	16	10	13	355.75	0		11.156398
34	226	4	0	14	9	0	14	11	14	258.54	0		13.697799
19	125	10	0	0	0	22	22	6	7	143.67	0		27.242776
34	230	8	0	28	9	0	19	8	14	678.89	1		3.251385
34	225	4	1	16	7	14	14	11	14	258.54	0		13.697799
34	227	5	0	18	0	9	18	7	13	315.61	0		7.049241
19	124	8	0	27	7	14	19	8	14	678.89	1		3.251385
19	120	1	1	47	0	0	16	12	8	250.90	0		25.828529
19	121	4	1	47	0	8	14	11	14	258.54	0		13.697799
34	229	6	0	28	17	0	32	7	8	199.17	1		2.319915
19	122	6	0	28	17	8	32	7	8	199.17	1		2.319915
19	123	6	0	28	17	16	32	7	8	199.17	1		2.319915


-------------------------------------------------------------------------------------------------------------------
Tour_Id:			18
No_of_Customers:		2
No_of_Items:			15
Customer_Sequence:		41 39 

CustId	Id	TypeId	Rotated	x	y	z	Length	Width	Height	mass	Fragility	LoadBearingStrength
39	263	7	0	0	0	0	29	12	6	226.99	0		8.949938
41	277	10	0	0	12	0	22	6	7	143.67	0		27.242776
39	260	2	0	0	18	0	30	7	13	344.29	0		30.114013
39	264	7	0	0	0	6	29	12	6	226.99	0		8.949938
39	258	1	0	0	0	12	16	12	8	250.90	0		25.828529
39	261	6	0	0	18	13	32	7	8	199.17	1		2.319915
39	262	6	0	0	18	21	32	7	8	199.17	1		2.319915
41	272	2	0	29	0	0	30	7	13	344.29	0		30.114013
41	273	2	0	29	7	0	30	7	13	344.29	0		30.114013
41	274	4	1	16	0	12	14	11	14	258.54	0		13.697799
41	275	4	0	29	0	13	14	11	14	258.54	0		13.697799
41	276	5	1	43	0	13	18	7	13	315.61	0		7.049241
41	271	1	0	0	0	20	16	12	8	250.90	0		25.828529
39	259	2	0	30	18	0	30	7	13	344.29	0		30.114013
41	278	10	0	32	18	13	22	6	7	143.67	0		27.242776


-------------------------------------------------------------------------------------------------------------------
Tour_Id:			19
No_of_Customers:		2
No_of_Items:			13
Customer_Sequence:		38 22 

CustId	Id	TypeId	Rotated	x	y	z	Length	Width	Height	mass	Fragility	LoadBearingStrength
22	135	3	0	0	0	0	34	9	9	480.71	0		19.666970
22	136	6	0	0	9	0	32	7	8	199.17	1		2.319915
22	137	7	0	0	0	9	29	12	6	226.99	0		8.949938
38	257	10	0	0	16	0	22	6	7	143.67	0		27.242776
38	251	3	0	0	0	15	34	9	9	480.71	0		19.666970
22	138	9	0	34	0	0	16	10	13	355.75	0		11.156398
38	252	3	0	22	16	0	34	9	9	480.71	0		19.666970
38	250	2	0	22	16	9	30	7	13	344.29	0		30.114013
22	139	9	1	50	0	0	16	10	13	355.75	0		11.156398
38	255	9	0	34	0	13	16	10	13	355.75	0		11.156398
38	256	9	1	50	0	13	16	10	13	355.75	0		11.156398
38	253	7	0	0	0	24	29	12	6	226.99	0		8.949938
38	254	8	0	0	16	7	19	8	14	678.89	1		3.251385


-------------------------------------------------------------------------------------------------------------------
Tour_Id:			20
No_of_Customers:		3
No_of_Items:			18
Customer_Sequence:		1 36 18 

CustId	Id	TypeId	Rotated	x	y	z	Length	Width	Height	mass	Fragility	LoadBearingStrength
18	116	2	0	0	0	0	30	7	13	344.29	0		30.114013
18	117	4	0	0	7	0	14	11	14	258.54	0		13.697799
36	238	4	0	0	7	14	14	11	14	258.54	0		13.697799
18	115	1	0	14	7	0	16	12	8	250.90	0		25.828529
36	239	5	0	0	0	13	18	7	13	315.61	0		7.049241
18	118	5	0	30	0	0	18	7	13	315.61	0		7.049241
36	242	7	0	30	7	0	29	12	6	226.99	0		8.949938
18	119	10	0	0	19	0	22	6	7	143.67	0		27.242776
36	237	1	0	14	7	8	16	12	8	250.90	0		25.828529
36	243	10	0	0	19	7	22	6	7	143.67	0		27.242776
36	240	6	0	18	0	13	32	7	8	199.17	1		2.319915
36	241	6	0	18	0	21	32	7	8	199.17	1		2.319915
1	3	9	0	14	7	16	16	10	13	355.75	0		11.156398
1	1	1	0	30	7	6	16	12	8	250.90	0		25.828529
1	4	10	0	0	19	14	22	6	7	143.67	0		27.242776
1	5	10	0	0	18	21	22	6	7	143.67	0		27.242776
1	6	10	0	22	19	0	22	6	7	143.67	0		27.242776
1	2	8	0	30	7	14	19	8	14	678.89	1		3.251385


-------------------------------------------------------------------------------------------------------------------
Tour_Id:			21
No_of_Customers:		2
No_of_Items:			14
Customer_Sequence:		55 44 

CustId	Id	TypeId	Rotated	x	y	z	Length	Width	Height	mass	Fragility	LoadBearingStrength
44	294	9	0	0	0	0	16	10	13	355.75	0		11.156398
44	293	5	0	0	10	0	18	7	13	315.61	0		7.049241
44	291	2	0	0	17	0	30	7	13	344.29	0		30.114013
44	292	3	0	16	0	0	34	9	9	480.71	0		19.666970
55	364	9	0	0	0	13	16	10	13	355.75	0		11.156398
44	295	10	0	0	10	13	22	6	7	143.67	0		27.242776
55	359	3	0	16	0	9	34	9	9	480.71	0		19.666970
55	360	3	0	16	0	18	34	9	9	480.71	0		19.666970
55	358	2	0	0	16	13	30	7	13	344.29	0		30.114013
44	290	2	0	18	10	0	30	7	13	344.29	0		30.114013
55	365	9	1	48	9	0	16	10	13	355.75	0		11.156398
55	361	5	0	30	17	0	18	7	13	315.61	0		7.049241
55	362	8	0	30	9	13	19	8	14	678.89	1		3.251385
55	363	8	0	30	17	13	19	8	14	678.89	1		3.251385


-------------------------------------------------------------------------------------------------------------------
Tour_Id:			22
No_of_Customers:		2
No_of_Items:			12
Customer_Sequence:		54 60 

CustId	Id	TypeId	Rotated	x	y	z	Length	Width	Height	mass	Fragility	LoadBearingStrength
60	400	10	0	0	0	0	22	6	7	143.67	0		27.242776
60	399	7	0	0	6	0	29	12	6	226.99	0		8.949938
60	396	3	0	0	6	6	34	9	9	480.71	0		19.666970
60	398	5	0	0	18	0	18	7	13	315.61	0		7.049241
60	397	5	0	0	18	13	18	7	13	315.61	0		7.049241
54	353	3	0	0	6	15	34	9	9	480.71	0		19.666970
54	351	2	0	18	18	0	30	7	13	344.29	0		30.114013
54	352	2	0	18	18	13	30	7	13	344.29	0		30.114013
54	354	4	0	34	0	0	14	11	14	258.54	0		13.697799
54	355	4	0	34	0	14	14	11	14	258.54	0		13.697799
54	357	9	1	48	0	0	16	10	13	355.75	0		11.156398
54	356	8	1	48	0	13	19	8	14	678.89	1		3.251385


-------------------------------------------------------------------------------------------------------------------
Tour_Id:			23
No_of_Customers:		2
No_of_Items:			13
Customer_Sequence:		45 53 

CustId	Id	TypeId	Rotated	x	y	z	Length	Width	Height	mass	Fragility	LoadBearingStrength
53	345	2	0	0	0	0	30	7	13	344.29	0		30.114013
53	346	2	0	0	7	0	30	7	13	344.29	0		30.114013
45	301	7	0	0	0	13	29	12	6	226.99	0		8.949938
53	350	8	0	0	14	0	19	8	14	678.89	1		3.251385
53	348	4	0	19	14	0	14	11	14	258.54	0		13.697799
53	349	6	0	0	14	14	32	7	8	199.17	1		2.319915
45	298	3	0	0	0	19	34	9	9	480.71	0		19.666970
45	297	2	0	30	0	0	30	7	13	344.29	0		30.114013
53	347	4	0	33	14	0	14	11	14	258.54	0		13.697799
45	302	9	0	32	14	14	16	10	13	355.75	0		11.156398
45	299	5	0	30	7	0	18	7	13	315.61	0		7.049241
45	296	1	1	48	7	0	16	12	8	250.90	0		25.828529
45	300	6	0	0	14	22	32	7	8	199.17	1		2.319915


-------------------------------------------------------------------------------------------------------------------
Tour_Id:			24
No_of_Customers:		2
No_of_Items:			14
Customer_Sequence:		29 16 

CustId	Id	TypeId	Rotated	x	y	z	Length	Width	Height	mass	Fragility	LoadBearingStrength
16	104	3	0	0	0	0	34	9	9	480.71	0		19.666970
16	107	10	0	0	9	0	22	6	7	143.67	0		27.242776
16	106	9	0	0	15	0	16	10	13	355.75	0		11.156398
16	105	7	0	0	0	9	29	12	6	226.99	0		8.949938
16	103	2	0	0	0	15	30	7	13	344.29	0		30.114013
29	187	3	0	16	15	0	34	9	9	480.71	0		19.666970
29	188	4	0	34	0	0	14	11	14	258.54	0		13.697799
29	190	5	0	0	15	13	18	7	13	315.61	0		7.049241
29	193	7	0	18	12	9	29	12	6	226.99	0		8.949938
29	192	7	0	18	12	15	29	12	6	226.99	0		8.949938
29	194	9	0	34	0	14	16	10	13	355.75	0		11.156398
29	189	5	1	50	0	0	18	7	13	315.61	0		7.049241
29	191	5	1	50	0	13	18	7	13	315.61	0		7.049241
29	186	1	0	18	12	21	16	12	8	250.90	0		25.828529


-------------------------------------------------------------------------------------------------------------------
Tour_Id:			25
No_of_Customers:		2
No_of_Items:			16
Customer_Sequence:		59 8 

CustId	Id	TypeId	Rotated	x	y	z	Length	Width	Height	mass	Fragility	LoadBearingStrength
8	54	7	0	0	0	0	29	12	6	226.99	0		8.949938
8	53	4	0	0	12	0	14	11	14	258.54	0		13.697799
8	55	7	0	0	0	6	29	12	6	226.99	0		8.949938
59	392	7	0	0	0	12	29	12	6	226.99	0		8.949938
59	388	2	0	14	12	0	30	7	13	344.29	0		30.114013
8	57	10	0	14	19	0	22	6	7	143.67	0		27.242776
8	58	10	0	14	19	7	22	6	7	143.67	0		27.242776
59	389	3	0	0	0	18	34	9	9	480.71	0		19.666970
59	395	9	0	0	12	14	16	10	13	355.75	0		11.156398
8	52	1	0	29	0	0	16	12	8	250.90	0		25.828529
8	56	10	0	36	19	0	22	6	7	143.67	0		27.242776
59	390	5	1	45	0	0	18	7	13	315.61	0		7.049241
59	387	1	0	29	0	8	16	12	8	250.90	0		25.828529
59	391	5	1	45	0	13	18	7	13	315.61	0		7.049241
59	393	8	1	52	0	0	19	8	14	678.89	1		3.251385
59	394	8	1	52	0	14	19	8	14	678.89	1		3.251385


-------------------------------------------------------------------------------------------------------------------
Tour_Id:			26
No_of_Customers:		3
No_of_Items:			17
Customer_Sequence:		58 27 9 

CustId	Id	TypeId	Rotated	x	y	z	Length	Width	Height	mass	Fragility	LoadBearingStrength
9	59	4	0	0	0	0	14	11	14	258.54	0		13.697799
9	62	10	0	0	11	0	22	6	7	143.67	0		27.242776
9	61	9	0	0	0	14	16	10	13	355.75	0		11.156398
9	60	7	0	22	0	0	29	12	6	226.99	0		8.949938
27	176	7	0	22	12	0	29	12	6	226.99	0		8.949938
27	178	9	0	22	0	6	16	10	13	355.75	0		11.156398
27	177	8	0	0	17	0	19	8	14	678.89	1		3.251385
27	175	5	0	22	10	6	18	7	13	315.61	0		7.049241
27	174	1	0	22	0	19	16	12	8	250.90	0		25.828529
27	179	10	0	0	11	7	22	6	7	143.67	0		27.242776
27	173	1	1	40	0	6	16	12	8	250.90	0		25.828529
27	180	10	0	0	10	14	22	6	7	143.67	0		27.242776
58	382	2	0	19	17	6	30	7	13	344.29	0		30.114013
58	384	7	0	22	12	19	29	12	6	226.99	0		8.949938
58	386	9	0	40	0	14	16	10	13	355.75	0		11.156398
58	383	5	1	52	0	0	18	7	13	315.61	0		7.049241
58	385	8	0	0	17	14	19	8	14	678.89	1		3.251385


-------------------------------------------------------------------------------------------------------------------
Tour_Id:			27
No_of_Customers:		2
No_of_Items:			15
Customer_Sequence:		5 56 

CustId	Id	TypeId	Rotated	x	y	z	Length	Width	Height	mass	Fragility	LoadBearingStrength
56	372	9	0	0	0	0	16	10	13	355.75	0		11.156398
56	368	5	0	0	10	0	18	7	13	315.61	0		7.049241
56	373	9	0	0	0	13	16	10	13	355.75	0		11.156398
56	366	1	0	18	0	0	16	12	8	250.90	0		25.828529
56	369	5	0	0	17	0	18	7	13	315.61	0		7.049241
56	371	8	0	0	10	13	19	8	14	678.89	1		3.251385
56	370	7	0	18	12	0	29	12	6	226.99	0		8.949938
56	367	1	0	19	0	8	16	12	8	250.90	0		25.828529
5	30	3	0	19	12	6	34	9	9	480.71	0		19.666970
5	31	3	0	19	12	15	34	9	9	480.71	0		19.666970
5	32	4	0	19	0	16	14	11	14	258.54	0		13.697799
5	36	9	0	35	0	0	16	10	13	355.75	0		11.156398
5	33	5	0	0	18	13	18	7	13	315.61	0		7.049241
5	34	5	0	35	0	13	18	7	13	315.61	0		7.049241
5	35	5	1	53	0	0	18	7	13	315.61	0		7.049241


-------------------------------------------------------------------------------------------------------------------
Tour_Id:			28
No_of_Customers:		3
No_of_Items:			15
Customer_Sequence:		49 37 46 

CustId	Id	TypeId	Rotated	x	y	z	Length	Width	Height	mass	Fragility	LoadBearingStrength
46	303	1	0	0	0	0	16	12	8	250.90	0		25.828529
46	306	7	0	0	12	0	29	12	6	226.99	0		8.949938
46	305	7	0	0	12	6	29	12	6	226.99	0		8.949938
46	304	5	0	0	0	8	18	7	13	315.61	0		7.049241
37	246	3	0	0	12	12	34	9	9	480.71	0		19.666970
37	248	9	0	18	0	0	16	10	13	355.75	0		11.156398
37	244	1	0	0	12	21	16	12	8	250.90	0		25.828529
37	245	1	0	16	12	21	16	12	8	250.90	0		25.828529
37	249	10	0	0	0	21	22	6	7	143.67	0		27.242776
37	247	5	0	34	0	0	18	7	13	315.61	0		7.049241
49	321	4	0	22	0	13	14	11	14	258.54	0		13.697799
49	325	9	0	34	7	0	16	10	13	355.75	0		11.156398
49	322	5	0	34	17	0	18	7	13	315.61	0		7.049241
49	323	5	0	34	11	13	18	7	13	315.61	0		7.049241
49	324	8	0	36	0	13	19	8	14	678.89	1		3.251385


