Name:				459_n060_m400_bt10
Problem:			3L-VRPTW
Number_of_used_Vehicles:	30
Total_Travel_Distance:		2152.54
Calculation_Time:		3600.00
Total_Iterations:		12528
ConstraintSet:			P1

-------------------------------------------------------------------------------------------------------------------
Tour_Id:			1
No_of_Customers:		2
No_of_Items:			13
Customer_Sequence:		14 16 

CustId	Id	TypeId	Rotated	x	y	z	Length	Width	Height	mass	Fragility	LoadBearingStrength
16	112	8	0	0	0	0	20	11	12	408.34	0		11.301548
16	114	9	0	0	11	0	33	6	11	374.15	0		11.234170
16	110	6	0	0	17	0	24	7	10	323.68	1		5.610350
16	113	8	0	0	0	12	20	11	12	408.34	0		11.301548
16	111	7	0	20	0	0	18	11	13	270.37	0		5.496967
16	109	5	0	20	0	13	15	13	14	400.76	1		2.832262
14	99	10	0	24	17	0	30	8	8	301.45	0		28.231844
14	97	7	0	38	0	0	18	11	13	270.37	0		5.496967
14	98	10	0	24	17	8	30	8	8	301.45	0		28.231844
14	95	4	0	35	0	13	20	13	11	477.13	0		7.648947
14	93	3	0	24	17	16	12	6	11	91.44	0		44.027377
14	94	3	0	35	11	0	12	6	11	91.44	0		44.027377
14	96	6	0	0	17	10	24	7	10	323.68	1		5.610350


-------------------------------------------------------------------------------------------------------------------
Tour_Id:			2
No_of_Customers:		2
No_of_Items:			18
Customer_Sequence:		43 7 

CustId	Id	TypeId	Rotated	x	y	z	Length	Width	Height	mass	Fragility	LoadBearingStrength
7	41	2	0	0	0	0	33	12	6	298.39	0		11.187282
7	40	2	0	0	12	0	33	12	6	298.39	0		11.187282
7	48	9	0	0	0	6	33	6	11	374.15	0		11.234170
7	46	6	0	0	6	6	24	7	10	323.68	1		5.610350
43	289	2	0	0	13	6	33	12	6	298.39	0		11.187282
7	43	3	0	0	0	17	12	6	11	91.44	0		44.027377
7	45	6	0	0	6	16	24	7	10	323.68	1		5.610350
43	294	8	0	0	13	12	20	11	12	408.34	0		11.301548
7	47	8	0	33	0	0	20	11	12	408.34	0		11.301548
7	44	5	0	33	0	12	15	13	14	400.76	1		2.832262
43	295	8	0	33	13	0	20	11	12	408.34	0		11.301548
7	42	3	0	12	0	17	12	6	11	91.44	0		44.027377
43	290	2	0	20	13	12	33	12	6	298.39	0		11.187282
43	296	9	0	20	13	18	33	6	11	374.15	0		11.234170
43	297	9	0	20	19	18	33	6	11	374.15	0		11.234170
43	291	6	1	53	0	0	24	7	10	323.68	1		5.610350
43	292	6	1	53	0	10	24	7	10	323.68	1		5.610350
43	293	6	1	53	0	20	24	7	10	323.68	1		5.610350


-------------------------------------------------------------------------------------------------------------------
Tour_Id:			3
No_of_Customers:		2
No_of_Items:			13
Customer_Sequence:		32 17 

CustId	Id	TypeId	Rotated	x	y	z	Length	Width	Height	mass	Fragility	LoadBearingStrength
17	118	8	0	0	0	0	20	11	12	408.34	0		11.301548
17	115	1	0	0	11	0	22	13	13	392.30	0		9.467553
32	222	7	0	0	0	12	18	11	13	270.37	0		5.496967
17	117	6	0	0	11	13	24	7	10	323.68	1		5.610350
32	223	7	0	20	0	0	18	11	13	270.37	0		5.496967
17	116	2	0	22	11	0	33	12	6	298.39	0		11.187282
32	221	7	0	18	0	13	18	11	13	270.37	0		5.496967
32	224	8	0	38	0	0	20	11	12	408.34	0		11.301548
32	217	1	0	38	0	12	22	13	13	392.30	0		9.467553
32	218	2	0	24	13	6	33	12	6	298.39	0		11.187282
32	219	2	0	24	13	12	33	12	6	298.39	0		11.187282
32	225	10	0	24	13	18	30	8	8	301.45	0		28.231844
32	220	3	0	0	18	13	12	6	11	91.44	0		44.027377


-------------------------------------------------------------------------------------------------------------------
Tour_Id:			4
No_of_Customers:		2
No_of_Items:			12
Customer_Sequence:		60 1 

CustId	Id	TypeId	Rotated	x	y	z	Length	Width	Height	mass	Fragility	LoadBearingStrength
1	4	7	0	0	0	0	18	11	13	270.37	0		5.496967
1	7	8	0	0	11	0	20	11	12	408.34	0		11.301548
1	5	7	0	0	11	12	18	11	13	270.37	0		5.496967
1	3	5	0	20	0	0	15	13	14	400.76	1		2.832262
1	1	2	0	20	13	0	33	12	6	298.39	0		11.187282
1	2	2	0	20	13	6	33	12	6	298.39	0		11.187282
1	6	7	0	0	0	13	18	11	13	270.37	0		5.496967
60	396	1	0	35	0	0	22	13	13	392.30	0		9.467553
60	399	7	0	18	13	12	18	11	13	270.37	0		5.496967
60	400	7	0	35	0	13	18	11	13	270.37	0		5.496967
60	397	3	0	36	13	12	12	6	11	91.44	0		44.027377
60	398	5	0	18	0	14	15	13	14	400.76	1		2.832262


-------------------------------------------------------------------------------------------------------------------
Tour_Id:			5
No_of_Customers:		2
No_of_Items:			12
Customer_Sequence:		44 8 

CustId	Id	TypeId	Rotated	x	y	z	Length	Width	Height	mass	Fragility	LoadBearingStrength
8	49	1	0	0	0	0	22	13	13	392.30	0		9.467553
8	54	7	0	0	13	0	18	11	13	270.37	0		5.496967
8	56	8	0	0	0	13	20	11	12	408.34	0		11.301548
8	52	5	0	0	11	13	15	13	14	400.76	1		2.832262
8	50	2	0	18	13	0	33	12	6	298.39	0		11.187282
8	51	2	0	18	13	6	33	12	6	298.39	0		11.187282
8	57	10	0	18	13	12	30	8	8	301.45	0		28.231844
8	55	7	0	22	0	0	18	11	13	270.37	0		5.496967
44	300	10	0	18	13	20	30	8	8	301.45	0		28.231844
44	298	4	0	20	0	13	20	13	11	477.13	0		7.648947
8	53	6	1	51	0	0	24	7	10	323.68	1		5.610350
44	299	6	1	51	0	10	24	7	10	323.68	1		5.610350


-------------------------------------------------------------------------------------------------------------------
Tour_Id:			6
No_of_Customers:		2
No_of_Items:			13
Customer_Sequence:		41 6 

CustId	Id	TypeId	Rotated	x	y	z	Length	Width	Height	mass	Fragility	LoadBearingStrength
6	32	4	0	0	0	0	20	13	11	477.13	0		7.648947
6	39	10	0	0	13	0	30	8	8	301.45	0		28.231844
6	35	7	0	0	0	11	18	11	13	270.37	0		5.496967
6	36	7	0	20	0	0	18	11	13	270.37	0		5.496967
41	277	4	0	18	0	13	20	13	11	477.13	0		7.648947
6	38	9	0	0	13	8	33	6	11	374.15	0		11.234170
6	34	7	0	33	13	0	18	11	13	270.37	0		5.496967
6	31	3	0	0	13	19	12	6	11	91.44	0		44.027377
6	33	6	0	12	13	19	24	7	10	323.68	1		5.610350
6	37	7	0	36	13	13	18	11	13	270.37	0		5.496967
41	279	7	0	38	0	0	18	11	13	270.37	0		5.496967
41	276	2	0	0	0	24	33	12	6	298.39	0		11.187282
41	278	5	0	38	0	13	15	13	14	400.76	1		2.832262


-------------------------------------------------------------------------------------------------------------------
Tour_Id:			7
No_of_Customers:		2
No_of_Items:			13
Customer_Sequence:		57 51 

CustId	Id	TypeId	Rotated	x	y	z	Length	Width	Height	mass	Fragility	LoadBearingStrength
51	340	4	0	0	0	0	20	13	11	477.13	0		7.648947
57	382	7	0	0	13	0	18	11	13	270.37	0		5.496967
51	339	3	0	0	0	11	12	6	11	91.44	0		44.027377
51	338	2	0	20	0	0	33	12	6	298.39	0		11.187282
51	342	7	0	20	0	6	18	11	13	270.37	0		5.496967
51	341	6	0	20	0	19	24	7	10	323.68	1		5.610350
57	383	8	0	0	13	13	20	11	12	408.34	0		11.301548
57	381	7	0	18	13	0	18	11	13	270.37	0		5.496967
57	378	1	0	36	12	0	22	13	13	392.30	0		9.467553
51	343	8	0	38	0	6	20	11	12	408.34	0		11.301548
57	379	2	0	20	11	13	33	12	6	298.39	0		11.187282
57	384	10	0	20	7	19	30	8	8	301.45	0		28.231844
57	380	3	0	20	15	19	12	6	11	91.44	0		44.027377


-------------------------------------------------------------------------------------------------------------------
Tour_Id:			8
No_of_Customers:		2
No_of_Items:			15
Customer_Sequence:		54 18 

CustId	Id	TypeId	Rotated	x	y	z	Length	Width	Height	mass	Fragility	LoadBearingStrength
18	119	1	0	0	0	0	22	13	13	392.30	0		9.467553
18	124	5	0	0	0	13	15	13	14	400.76	1		2.832262
18	125	8	0	0	13	0	20	11	12	408.34	0		11.301548
18	120	2	0	20	13	0	33	12	6	298.39	0		11.187282
18	121	2	0	20	13	6	33	12	6	298.39	0		11.187282
54	356	2	0	0	13	12	33	12	6	298.39	0		11.187282
18	123	4	0	22	0	0	20	13	11	477.13	0		7.648947
54	355	1	0	22	0	11	22	13	13	392.30	0		9.467553
54	361	7	0	33	13	12	18	11	13	270.37	0		5.496967
18	122	3	1	15	0	13	12	6	11	91.44	0		44.027377
54	362	9	0	0	13	18	33	6	11	374.15	0		11.234170
54	357	3	0	0	19	18	12	6	11	91.44	0		44.027377
54	358	6	1	53	0	0	24	7	10	323.68	1		5.610350
54	359	6	1	53	0	10	24	7	10	323.68	1		5.610350
54	360	6	1	53	0	20	24	7	10	323.68	1		5.610350


-------------------------------------------------------------------------------------------------------------------
Tour_Id:			9
No_of_Customers:		2
No_of_Items:			14
Customer_Sequence:		35 12 

CustId	Id	TypeId	Rotated	x	y	z	Length	Width	Height	mass	Fragility	LoadBearingStrength
12	87	10	0	0	0	0	30	8	8	301.45	0		28.231844
12	84	5	0	0	8	0	15	13	14	400.76	1		2.832262
35	247	10	0	0	0	8	30	8	8	301.45	0		28.231844
12	83	3	0	15	8	0	12	6	11	91.44	0		44.027377
12	86	8	0	15	14	0	20	11	12	408.34	0		11.301548
35	246	6	0	0	0	16	24	7	10	323.68	1		5.610350
35	241	3	0	15	8	11	12	6	11	91.44	0		44.027377
35	240	3	0	15	14	12	12	6	11	91.44	0		44.027377
35	243	5	0	0	8	14	15	13	14	400.76	1		2.832262
12	85	8	0	35	14	0	20	11	12	408.34	0		11.301548
35	242	5	0	30	0	0	15	13	14	400.76	1		2.832262
35	244	5	0	30	0	14	15	13	14	400.76	1		2.832262
35	245	5	0	45	0	0	15	13	14	400.76	1		2.832262
35	239	2	0	27	13	12	33	12	6	298.39	0		11.187282


-------------------------------------------------------------------------------------------------------------------
Tour_Id:			10
No_of_Customers:		1
No_of_Items:			0
Customer_Sequence:		15 

-------------------------------------------------------------------------------------------------------------------
Tour_Id:			11
No_of_Customers:		2
No_of_Items:			17
Customer_Sequence:		21 47 

CustId	Id	TypeId	Rotated	x	y	z	Length	Width	Height	mass	Fragility	LoadBearingStrength
47	313	2	0	0	0	0	33	12	6	298.39	0		11.187282
47	318	8	0	0	12	0	20	11	12	408.34	0		11.301548
47	320	10	0	0	0	6	30	8	8	301.45	0		28.231844
47	319	10	0	0	0	14	30	8	8	301.45	0		28.231844
47	317	8	0	0	12	12	20	11	12	408.34	0		11.301548
47	315	6	0	20	12	0	24	7	10	323.68	1		5.610350
47	314	6	0	20	12	10	24	7	10	323.68	1		5.610350
47	316	6	0	20	12	20	24	7	10	323.68	1		5.610350
21	142	8	0	33	0	0	20	11	12	408.34	0		11.301548
21	141	7	0	30	0	12	18	11	13	270.37	0		5.496967
21	143	9	0	20	19	0	33	6	11	374.15	0		11.234170
21	144	10	0	0	0	22	30	8	8	301.45	0		28.231844
21	136	3	0	20	19	11	12	6	11	91.44	0		44.027377
21	137	3	0	32	19	11	12	6	11	91.44	0		44.027377
21	138	6	1	53	0	0	24	7	10	323.68	1		5.610350
21	139	6	1	53	0	10	24	7	10	323.68	1		5.610350
21	140	6	1	53	0	20	24	7	10	323.68	1		5.610350


-------------------------------------------------------------------------------------------------------------------
Tour_Id:			12
No_of_Customers:		2
No_of_Items:			10
Customer_Sequence:		58 13 

CustId	Id	TypeId	Rotated	x	y	z	Length	Width	Height	mass	Fragility	LoadBearingStrength
13	91	10	0	0	0	0	30	8	8	301.45	0		28.231844
13	88	1	0	0	8	0	22	13	13	392.30	0		9.467553
13	90	10	0	0	0	8	30	8	8	301.45	0		28.231844
13	89	8	0	0	8	13	20	11	12	408.34	0		11.301548
13	92	10	0	0	0	16	30	8	8	301.45	0		28.231844
58	386	8	0	22	8	0	20	11	12	408.34	0		11.301548
58	387	8	0	22	8	12	20	11	12	408.34	0		11.301548
58	389	10	0	30	0	0	30	8	8	301.45	0		28.231844
58	388	9	0	22	19	0	33	6	11	374.15	0		11.234170
58	385	7	0	42	8	0	18	11	13	270.37	0		5.496967


-------------------------------------------------------------------------------------------------------------------
Tour_Id:			13
No_of_Customers:		2
No_of_Items:			14
Customer_Sequence:		10 36 

CustId	Id	TypeId	Rotated	x	y	z	Length	Width	Height	mass	Fragility	LoadBearingStrength
36	251	7	0	0	0	0	18	11	13	270.37	0		5.496967
36	250	7	0	0	11	0	18	11	13	270.37	0		5.496967
36	249	5	0	0	0	13	15	13	14	400.76	1		2.832262
36	248	4	0	18	0	0	20	13	11	477.13	0		7.648947
36	252	8	0	18	13	0	20	11	12	408.34	0		11.301548
10	65	1	0	18	0	11	22	13	13	392.30	0		9.467553
10	73	8	0	18	13	12	20	11	12	408.34	0		11.301548
10	66	1	1	40	0	0	22	13	13	392.30	0		9.467553
10	71	4	1	40	0	13	20	13	11	477.13	0		7.648947
10	72	7	0	0	13	13	18	11	13	270.37	0		5.496967
10	67	2	0	15	0	24	33	12	6	298.39	0		11.187282
10	68	2	0	18	13	24	33	12	6	298.39	0		11.187282
10	69	3	1	53	0	0	12	6	11	91.44	0		44.027377
10	70	3	1	53	12	0	12	6	11	91.44	0		44.027377


-------------------------------------------------------------------------------------------------------------------
Tour_Id:			14
No_of_Customers:		2
No_of_Items:			15
Customer_Sequence:		31 59 

CustId	Id	TypeId	Rotated	x	y	z	Length	Width	Height	mass	Fragility	LoadBearingStrength
59	392	4	0	0	0	0	20	13	11	477.13	0		7.648947
31	213	8	0	0	13	0	20	11	12	408.34	0		11.301548
59	393	5	0	0	0	11	15	13	14	400.76	1		2.832262
59	390	2	0	20	0	0	33	12	6	298.39	0		11.187282
59	395	8	0	20	0	6	20	11	12	408.34	0		11.301548
31	212	8	0	0	13	12	20	11	12	408.34	0		11.301548
59	394	6	0	15	0	18	24	7	10	323.68	1		5.610350
59	391	3	0	40	0	6	12	6	11	91.44	0		44.027377
31	208	2	0	20	12	0	33	12	6	298.39	0		11.187282
31	214	9	0	20	11	6	33	6	11	374.15	0		11.234170
31	215	10	0	20	17	6	30	8	8	301.45	0		28.231844
31	216	10	0	20	17	14	30	8	8	301.45	0		28.231844
31	209	3	0	20	11	17	12	6	11	91.44	0		44.027377
31	210	3	0	32	11	17	12	6	11	91.44	0		44.027377
31	211	6	1	53	0	0	24	7	10	323.68	1		5.610350


-------------------------------------------------------------------------------------------------------------------
Tour_Id:			15
No_of_Customers:		2
No_of_Items:			13
Customer_Sequence:		45 34 

CustId	Id	TypeId	Rotated	x	y	z	Length	Width	Height	mass	Fragility	LoadBearingStrength
34	233	1	0	0	0	0	22	13	13	392.30	0		9.467553
34	234	2	0	0	13	0	33	12	6	298.39	0		11.187282
34	236	9	0	0	13	6	33	6	11	374.15	0		11.234170
45	305	4	0	0	0	13	20	13	11	477.13	0		7.648947
45	304	4	0	22	0	0	20	13	11	477.13	0		7.648947
34	237	9	0	0	19	6	33	6	11	374.15	0		11.234170
45	301	1	0	22	0	11	22	13	13	392.30	0		9.467553
45	302	1	1	44	0	0	22	13	13	392.30	0		9.467553
34	238	9	0	0	13	17	33	6	11	374.15	0		11.234170
45	307	9	0	0	19	17	33	6	11	374.15	0		11.234170
45	303	2	0	0	0	24	33	12	6	298.39	0		11.187282
34	235	3	1	33	13	0	12	6	11	91.44	0		44.027377
45	306	6	1	44	0	13	24	7	10	323.68	1		5.610350


-------------------------------------------------------------------------------------------------------------------
Tour_Id:			16
No_of_Customers:		2
No_of_Items:			14
Customer_Sequence:		5 11 

CustId	Id	TypeId	Rotated	x	y	z	Length	Width	Height	mass	Fragility	LoadBearingStrength
11	75	2	0	0	0	0	33	12	6	298.39	0		11.187282
11	79	8	0	0	12	0	20	11	12	408.34	0		11.301548
11	77	4	0	0	12	12	20	13	11	477.13	0		7.648947
11	74	1	0	20	12	0	22	13	13	392.30	0		9.467553
11	80	9	0	0	0	6	33	6	11	374.15	0		11.234170
11	81	9	0	0	6	6	33	6	11	374.15	0		11.234170
11	82	9	0	0	0	17	33	6	11	374.15	0		11.234170
11	76	3	0	0	6	17	12	6	11	91.44	0		44.027377
5	26	3	0	12	6	17	12	6	11	91.44	0		44.027377
5	30	8	0	20	12	13	20	11	12	408.34	0		11.301548
11	78	6	0	33	0	0	24	7	10	323.68	1		5.610350
5	27	5	0	42	12	0	15	13	14	400.76	1		2.832262
5	28	5	0	42	12	14	15	13	14	400.76	1		2.832262
5	29	6	0	33	0	10	24	7	10	323.68	1		5.610350


-------------------------------------------------------------------------------------------------------------------
Tour_Id:			17
No_of_Customers:		2
No_of_Items:			13
Customer_Sequence:		49 30 

CustId	Id	TypeId	Rotated	x	y	z	Length	Width	Height	mass	Fragility	LoadBearingStrength
30	199	1	0	0	0	0	22	13	13	392.30	0		9.467553
30	200	4	0	0	0	13	20	13	11	477.13	0		7.648947
30	202	7	0	0	13	0	18	11	13	270.37	0		5.496967
30	205	9	0	18	13	0	33	6	11	374.15	0		11.234170
30	204	7	0	0	13	13	18	11	13	270.37	0		5.496967
30	203	7	0	22	0	0	18	11	13	270.37	0		5.496967
30	206	9	0	18	19	0	33	6	11	374.15	0		11.234170
30	207	10	0	18	13	11	30	8	8	301.45	0		28.231844
49	330	10	0	18	13	19	30	8	8	301.45	0		28.231844
49	328	4	0	20	0	13	20	13	11	477.13	0		7.648947
49	327	2	0	0	0	24	33	12	6	298.39	0		11.187282
30	201	6	1	51	0	0	24	7	10	323.68	1		5.610350
49	329	6	1	51	0	10	24	7	10	323.68	1		5.610350


-------------------------------------------------------------------------------------------------------------------
Tour_Id:			18
No_of_Customers:		3
No_of_Items:			14
Customer_Sequence:		19 53 4 

CustId	Id	TypeId	Rotated	x	y	z	Length	Width	Height	mass	Fragility	LoadBearingStrength
4	21	6	0	0	0	0	24	7	10	323.68	1		5.610350
4	22	7	0	0	7	0	18	11	13	270.37	0		5.496967
4	24	8	0	0	7	13	20	11	12	408.34	0		11.301548
4	25	9	0	0	18	0	33	6	11	374.15	0		11.234170
4	23	7	0	18	7	0	18	11	13	270.37	0		5.496967
19	126	1	0	36	0	0	22	13	13	392.30	0		9.467553
53	354	9	0	0	18	11	33	6	11	374.15	0		11.234170
53	351	3	0	20	7	13	12	6	11	91.44	0		44.027377
53	352	6	0	0	0	10	24	7	10	323.68	1		5.610350
53	353	8	0	36	13	0	20	11	12	408.34	0		11.301548
19	129	4	0	32	0	13	20	13	11	477.13	0		7.648947
19	130	8	0	36	13	12	20	11	12	408.34	0		11.301548
19	127	2	0	20	0	24	33	12	6	298.39	0		11.187282
19	128	3	0	24	0	0	12	6	11	91.44	0		44.027377


-------------------------------------------------------------------------------------------------------------------
Tour_Id:			19
No_of_Customers:		2
No_of_Items:			14
Customer_Sequence:		39 48 

CustId	Id	TypeId	Rotated	x	y	z	Length	Width	Height	mass	Fragility	LoadBearingStrength
48	321	2	0	0	0	0	33	12	6	298.39	0		11.187282
48	322	4	0	0	12	0	20	13	11	477.13	0		7.648947
48	324	7	0	0	0	6	18	11	13	270.37	0		5.496967
48	325	9	0	20	12	0	33	6	11	374.15	0		11.234170
39	270	10	0	0	11	11	30	8	8	301.45	0		28.231844
48	326	9	0	20	18	0	33	6	11	374.15	0		11.234170
39	263	1	0	30	11	11	22	13	13	392.30	0		9.467553
48	323	6	0	0	0	19	24	7	10	323.68	1		5.610350
39	269	8	0	33	0	0	20	11	12	408.34	0		11.301548
39	266	4	0	0	7	19	20	13	11	477.13	0		7.648947
39	268	7	0	33	0	12	18	11	13	270.37	0		5.496967
39	264	3	1	53	0	0	12	6	11	91.44	0		44.027377
39	265	3	1	53	12	0	12	6	11	91.44	0		44.027377
39	267	6	1	53	0	11	24	7	10	323.68	1		5.610350


-------------------------------------------------------------------------------------------------------------------
Tour_Id:			20
No_of_Customers:		2
No_of_Items:			15
Customer_Sequence:		56 33 

CustId	Id	TypeId	Rotated	x	y	z	Length	Width	Height	mass	Fragility	LoadBearingStrength
33	231	10	0	0	0	0	30	8	8	301.45	0		28.231844
33	227	7	0	0	8	0	18	11	13	270.37	0		5.496967
33	226	5	0	0	8	13	15	13	14	400.76	1		2.832262
33	228	8	0	18	8	0	20	11	12	408.34	0		11.301548
33	232	10	0	0	0	8	30	8	8	301.45	0		28.231844
56	372	3	0	0	0	16	12	6	11	91.44	0		44.027377
33	230	10	0	30	0	0	30	8	8	301.45	0		28.231844
56	375	8	0	18	8	12	20	11	12	408.34	0		11.301548
56	373	4	0	38	8	0	20	13	11	477.13	0		7.648947
56	374	7	0	38	8	11	18	11	13	270.37	0		5.496967
56	370	2	0	18	8	24	33	12	6	298.39	0		11.187282
56	376	10	0	30	0	8	30	8	8	301.45	0		28.231844
56	371	3	0	12	0	16	12	6	11	91.44	0		44.027377
56	377	10	0	24	0	16	30	8	8	301.45	0		28.231844
33	229	9	0	0	19	0	33	6	11	374.15	0		11.234170


-------------------------------------------------------------------------------------------------------------------
Tour_Id:			21
No_of_Customers:		2
No_of_Items:			14
Customer_Sequence:		50 52 

CustId	Id	TypeId	Rotated	x	y	z	Length	Width	Height	mass	Fragility	LoadBearingStrength
52	344	1	0	0	0	0	22	13	13	392.30	0		9.467553
52	348	4	0	0	0	13	20	13	11	477.13	0		7.648947
52	347	2	0	0	13	0	33	12	6	298.39	0		11.187282
52	346	2	0	0	13	6	33	12	6	298.39	0		11.187282
52	349	6	0	0	13	12	24	7	10	323.68	1		5.610350
52	345	2	0	22	0	0	33	12	6	298.39	0		11.187282
52	350	7	0	22	0	6	18	11	13	270.37	0		5.496967
50	335	8	0	33	13	0	20	11	12	408.34	0		11.301548
50	331	2	0	24	13	12	33	12	6	298.39	0		11.187282
50	334	7	0	40	0	6	18	11	13	270.37	0		5.496967
50	336	9	0	20	0	19	33	6	11	374.15	0		11.234170
50	337	10	0	24	11	18	30	8	8	301.45	0		28.231844
50	332	3	0	24	19	18	12	6	11	91.44	0		44.027377
50	333	3	0	36	19	18	12	6	11	91.44	0		44.027377


-------------------------------------------------------------------------------------------------------------------
Tour_Id:			22
No_of_Customers:		2
No_of_Items:			13
Customer_Sequence:		9 38 

CustId	Id	TypeId	Rotated	x	y	z	Length	Width	Height	mass	Fragility	LoadBearingStrength
38	257	1	0	0	0	0	22	13	13	392.30	0		9.467553
38	261	5	0	0	0	13	15	13	14	400.76	1		2.832262
38	260	4	0	22	0	0	20	13	11	477.13	0		7.648947
38	258	3	0	0	13	0	12	6	11	91.44	0		44.027377
38	259	3	0	0	19	0	12	6	11	91.44	0		44.027377
38	262	9	0	12	13	0	33	6	11	374.15	0		11.234170
9	63	10	0	0	13	11	30	8	8	301.45	0		28.231844
9	64	10	0	0	13	19	30	8	8	301.45	0		28.231844
9	61	8	0	22	0	11	20	11	12	408.34	0		11.301548
9	62	9	0	12	19	0	33	6	11	374.15	0		11.234170
9	58	4	1	45	0	0	20	13	11	477.13	0		7.648947
9	60	8	0	30	13	11	20	11	12	408.34	0		11.301548
9	59	6	1	50	0	11	24	7	10	323.68	1		5.610350


-------------------------------------------------------------------------------------------------------------------
Tour_Id:			23
No_of_Customers:		1
No_of_Items:			0
Customer_Sequence:		42 

-------------------------------------------------------------------------------------------------------------------
Tour_Id:			24
No_of_Customers:		2
No_of_Items:			13
Customer_Sequence:		24 37 

CustId	Id	TypeId	Rotated	x	y	z	Length	Width	Height	mass	Fragility	LoadBearingStrength
37	253	1	0	0	0	0	22	13	13	392.30	0		9.467553
37	254	2	0	0	13	0	33	12	6	298.39	0		11.187282
37	255	9	0	0	13	6	33	6	11	374.15	0		11.234170
37	256	9	0	0	19	6	33	6	11	374.15	0		11.234170
24	158	1	0	0	0	13	22	13	13	392.30	0		9.467553
24	160	4	0	22	0	0	20	13	11	477.13	0		7.648947
24	161	4	0	22	0	11	20	13	11	477.13	0		7.648947
24	162	4	1	42	0	0	20	13	11	477.13	0		7.648947
24	165	9	0	0	13	17	33	6	11	374.15	0		11.234170
24	166	9	0	0	19	17	33	6	11	374.15	0		11.234170
24	159	3	1	33	13	0	12	6	11	91.44	0		44.027377
24	163	5	0	42	0	11	15	13	14	400.76	1		2.832262
24	164	6	0	33	13	11	24	7	10	323.68	1		5.610350


-------------------------------------------------------------------------------------------------------------------
Tour_Id:			25
No_of_Customers:		2
No_of_Items:			13
Customer_Sequence:		20 3 

CustId	Id	TypeId	Rotated	x	y	z	Length	Width	Height	mass	Fragility	LoadBearingStrength
3	13	1	0	0	0	0	22	13	13	392.30	0		9.467553
3	14	1	0	0	0	13	22	13	13	392.30	0		9.467553
3	18	7	0	0	13	0	18	11	13	270.37	0		5.496967
3	20	9	0	18	13	0	33	6	11	374.15	0		11.234170
3	16	2	0	22	0	0	33	12	6	298.39	0		11.187282
3	19	9	0	18	19	0	33	6	11	374.15	0		11.234170
3	17	5	0	22	0	6	15	13	14	400.76	1		2.832262
3	15	1	0	37	0	6	22	13	13	392.30	0		9.467553
20	133	4	0	37	0	19	20	13	11	477.13	0		7.648947
20	134	8	0	0	13	13	20	11	12	408.34	0		11.301548
20	131	2	0	20	13	11	33	12	6	298.39	0		11.187282
20	135	10	0	20	13	17	30	8	8	301.45	0		28.231844
20	132	3	1	51	13	0	12	6	11	91.44	0		44.027377


-------------------------------------------------------------------------------------------------------------------
Tour_Id:			26
No_of_Customers:		2
No_of_Items:			11
Customer_Sequence:		26 25 

CustId	Id	TypeId	Rotated	x	y	z	Length	Width	Height	mass	Fragility	LoadBearingStrength
25	169	5	0	0	0	0	15	13	14	400.76	1		2.832262
25	168	4	0	15	0	0	20	13	11	477.13	0		7.648947
26	177	9	0	0	13	0	33	6	11	374.15	0		11.234170
25	171	9	0	0	19	0	33	6	11	374.15	0		11.234170
26	173	2	0	0	13	11	33	12	6	298.39	0		11.187282
25	167	3	0	15	0	11	12	6	11	91.44	0		44.027377
26	176	8	0	0	13	17	20	11	12	408.34	0		11.301548
26	175	6	0	15	6	11	24	7	10	323.68	1		5.610350
26	172	1	1	39	0	0	22	13	13	392.30	0		9.467553
26	174	5	0	39	0	13	15	13	14	400.76	1		2.832262
25	170	5	0	0	0	14	15	13	14	400.76	1		2.832262


-------------------------------------------------------------------------------------------------------------------
Tour_Id:			27
No_of_Customers:		2
No_of_Items:			13
Customer_Sequence:		29 2 

CustId	Id	TypeId	Rotated	x	y	z	Length	Width	Height	mass	Fragility	LoadBearingStrength
2	10	4	0	0	0	0	20	13	11	477.13	0		7.648947
2	11	9	0	0	13	0	33	6	11	374.15	0		11.234170
2	8	1	0	0	0	11	22	13	13	392.30	0		9.467553
2	12	10	0	0	13	11	30	8	8	301.45	0		28.231844
2	9	4	0	20	0	0	20	13	11	477.13	0		7.648947
29	191	1	0	22	0	11	22	13	13	392.30	0		9.467553
29	195	4	0	40	0	0	20	13	11	477.13	0		7.648947
29	198	8	0	33	13	0	20	11	12	408.34	0		11.301548
29	197	7	0	30	13	12	18	11	13	270.37	0		5.496967
29	192	2	0	0	0	24	33	12	6	298.39	0		11.187282
29	193	3	0	0	13	19	12	6	11	91.44	0		44.027377
29	194	3	0	12	13	19	12	6	11	91.44	0		44.027377
29	196	5	0	44	0	11	15	13	14	400.76	1		2.832262


-------------------------------------------------------------------------------------------------------------------
Tour_Id:			28
No_of_Customers:		3
No_of_Items:			14
Customer_Sequence:		27 23 46 

CustId	Id	TypeId	Rotated	x	y	z	Length	Width	Height	mass	Fragility	LoadBearingStrength
46	309	4	0	0	0	0	20	13	11	477.13	0		7.648947
46	310	4	0	0	0	11	20	13	11	477.13	0		7.648947
46	312	8	0	0	13	0	20	11	12	408.34	0		11.301548
27	180	9	0	20	0	0	33	6	11	374.15	0		11.234170
23	157	9	0	20	6	0	33	6	11	374.15	0		11.234170
23	155	7	0	0	13	12	18	11	13	270.37	0		5.496967
23	156	9	0	20	12	0	33	6	11	374.15	0		11.234170
46	308	3	0	20	18	0	12	6	11	91.44	0		44.027377
23	154	3	0	20	6	11	12	6	11	91.44	0		44.027377
27	179	4	0	32	0	11	20	13	11	477.13	0		7.648947
46	311	6	0	32	18	0	24	7	10	323.68	1		5.610350
27	181	9	0	20	13	11	33	6	11	374.15	0		11.234170
27	182	10	0	0	0	22	30	8	8	301.45	0		28.231844
27	178	3	0	20	19	11	12	6	11	91.44	0		44.027377


-------------------------------------------------------------------------------------------------------------------
Tour_Id:			29
No_of_Customers:		2
No_of_Items:			16
Customer_Sequence:		55 22 

CustId	Id	TypeId	Rotated	x	y	z	Length	Width	Height	mass	Fragility	LoadBearingStrength
22	150	8	0	0	0	0	20	11	12	408.34	0		11.301548
22	149	8	0	0	11	0	20	11	12	408.34	0		11.301548
22	153	10	0	20	0	0	30	8	8	301.45	0		28.231844
22	148	7	0	0	0	12	18	11	13	270.37	0		5.496967
22	145	3	0	0	11	12	12	6	11	91.44	0		44.027377
22	152	10	0	20	8	0	30	8	8	301.45	0		28.231844
22	151	9	0	20	16	0	33	6	11	374.15	0		11.234170
22	147	4	0	20	0	8	20	13	11	477.13	0		7.648947
22	146	3	0	0	17	12	12	6	11	91.44	0		44.027377
55	364	4	0	18	0	19	20	13	11	477.13	0		7.648947
55	368	10	0	20	16	11	30	8	8	301.45	0		28.231844
55	369	10	0	20	16	19	30	8	8	301.45	0		28.231844
55	363	3	1	12	13	12	12	6	11	91.44	0		44.027377
55	365	5	1	40	0	8	15	13	14	400.76	1		2.832262
55	366	6	1	53	0	0	24	7	10	323.68	1		5.610350
55	367	6	1	53	0	10	24	7	10	323.68	1		5.610350


-------------------------------------------------------------------------------------------------------------------
Tour_Id:			30
No_of_Customers:		2
No_of_Items:			13
Customer_Sequence:		40 28 

CustId	Id	TypeId	Rotated	x	y	z	Length	Width	Height	mass	Fragility	LoadBearingStrength
28	185	4	0	0	0	0	20	13	11	477.13	0		7.648947
28	186	5	0	0	0	11	15	13	14	400.76	1		2.832262
28	189	8	0	0	13	0	20	11	12	408.34	0		11.301548
28	183	2	0	20	0	0	33	12	6	298.39	0		11.187282
28	188	8	0	0	13	12	20	11	12	408.34	0		11.301548
28	184	2	0	20	12	0	33	12	6	298.39	0		11.187282
40	274	8	0	20	0	6	20	11	12	408.34	0		11.301548
28	187	6	0	20	11	6	24	7	10	323.68	1		5.610350
40	272	4	0	20	0	18	20	13	11	477.13	0		7.648947
28	190	9	0	20	18	6	33	6	11	374.15	0		11.234170
40	273	7	1	44	0	6	18	11	13	270.37	0		5.496967
40	275	9	0	20	18	17	33	6	11	374.15	0		11.234170
40	271	3	0	44	0	19	12	6	11	91.44	0		44.027377


