Name:				460_n060_m400_bt10
Problem:			3L-VRPTW
Number_of_used_Vehicles:	42
Total_Travel_Distance:		2626.92
Calculation_Time:		3600.00
Total_Iterations:		11418
ConstraintSet:			P1

-------------------------------------------------------------------------------------------------------------------
Tour_Id:			1
No_of_Customers:		1
No_of_Items:			0
Customer_Sequence:		2 

-------------------------------------------------------------------------------------------------------------------
Tour_Id:			2
No_of_Customers:		1
No_of_Items:			0
Customer_Sequence:		30 

-------------------------------------------------------------------------------------------------------------------
Tour_Id:			3
No_of_Customers:		1
No_of_Items:			0
Customer_Sequence:		1 

-------------------------------------------------------------------------------------------------------------------
Tour_Id:			4
No_of_Customers:		2
No_of_Items:			11
Customer_Sequence:		33 55 

CustId	Id	TypeId	Rotated	x	y	z	Length	Width	Height	mass	Fragility	LoadBearingStrength
55	370	9	0	0	0	0	34	9	11	425.35	0		8.243225
55	371	9	0	0	9	0	34	9	11	425.35	0		8.243225
55	369	6	0	0	18	0	34	6	9	325.40	0		4.703561
55	367	3	0	0	0	11	17	8	12	205.74	0		7.558266
55	368	3	0	0	8	11	17	8	12	205.74	0		7.558266
33	231	8	0	0	0	23	22	10	7	170.68	0		5.850682
33	232	10	0	22	0	11	15	14	14	373.61	0		14.906240
33	229	7	0	37	0	0	23	12	13	487.34	0		13.613634
33	230	7	0	37	12	0	23	12	13	487.34	0		13.613634
33	228	7	0	37	0	13	23	12	13	487.34	0		13.613634
33	227	7	0	37	12	13	23	12	13	487.34	0		13.613634


-------------------------------------------------------------------------------------------------------------------
Tour_Id:			5
No_of_Customers:		2
No_of_Items:			10
Customer_Sequence:		43 23 

CustId	Id	TypeId	Rotated	x	y	z	Length	Width	Height	mass	Fragility	LoadBearingStrength
23	154	8	0	0	0	0	22	10	7	170.68	0		5.850682
23	156	10	0	0	10	0	15	14	14	373.61	0		14.906240
23	153	5	0	0	0	7	26	10	10	450.78	0		6.928044
43	298	9	0	0	0	17	34	9	11	425.35	0		8.243225
43	297	6	0	15	10	0	34	6	9	325.40	0		4.703561
23	152	1	0	15	16	0	35	7	9	349.46	0		5.372363
43	299	10	0	0	10	14	15	14	14	373.61	0		14.906240
23	155	9	0	26	0	0	34	9	11	425.35	0		8.243225
43	296	4	0	15	10	9	34	12	13	853.82	1		5.441257
43	295	2	0	15	9	22	26	14	8	398.71	1		4.424156


-------------------------------------------------------------------------------------------------------------------
Tour_Id:			6
No_of_Customers:		1
No_of_Items:			0
Customer_Sequence:		60 

-------------------------------------------------------------------------------------------------------------------
Tour_Id:			7
No_of_Customers:		1
No_of_Items:			0
Customer_Sequence:		45 

-------------------------------------------------------------------------------------------------------------------
Tour_Id:			8
No_of_Customers:		2
No_of_Items:			13
Customer_Sequence:		5 42 

CustId	Id	TypeId	Rotated	x	y	z	Length	Width	Height	mass	Fragility	LoadBearingStrength
42	294	10	0	0	0	0	15	14	14	373.61	0		14.906240
42	293	8	0	0	14	0	22	10	7	170.68	0		5.850682
42	290	1	0	15	0	0	35	7	9	349.46	0		5.372363
42	292	6	0	15	7	0	34	6	9	325.40	0		4.703561
5	36	9	0	15	0	9	34	9	11	425.35	0		8.243225
5	33	6	0	15	0	20	34	6	9	325.40	0		4.703561
42	291	5	0	0	14	7	26	10	10	450.78	0		6.928044
5	37	10	0	0	0	14	15	14	14	373.61	0		14.906240
5	31	5	0	0	14	17	26	10	10	450.78	0		6.928044
5	32	5	0	26	13	0	26	10	10	450.78	0		6.928044
5	34	7	0	26	13	10	23	12	13	487.34	0		13.613634
5	30	3	1	52	0	0	17	8	12	205.74	0		7.558266
5	35	8	0	26	13	23	22	10	7	170.68	0		5.850682


-------------------------------------------------------------------------------------------------------------------
Tour_Id:			9
No_of_Customers:		1
No_of_Items:			0
Customer_Sequence:		7 

-------------------------------------------------------------------------------------------------------------------
Tour_Id:			10
No_of_Customers:		1
No_of_Items:			0
Customer_Sequence:		59 

-------------------------------------------------------------------------------------------------------------------
Tour_Id:			11
No_of_Customers:		1
No_of_Items:			0
Customer_Sequence:		53 

-------------------------------------------------------------------------------------------------------------------
Tour_Id:			12
No_of_Customers:		2
No_of_Items:			12
Customer_Sequence:		9 14 

CustId	Id	TypeId	Rotated	x	y	z	Length	Width	Height	mass	Fragility	LoadBearingStrength
14	98	7	0	0	0	0	23	12	13	487.34	0		13.613634
14	100	10	0	0	0	13	15	14	14	373.61	0		14.906240
14	99	7	0	0	12	0	23	12	13	487.34	0		13.613634
9	62	8	0	0	14	13	22	10	7	170.68	0		5.850682
14	101	10	0	23	0	0	15	14	14	373.61	0		14.906240
14	96	1	0	23	14	0	35	7	9	349.46	0		5.372363
9	58	1	0	23	14	9	35	7	9	349.46	0		5.372363
14	97	3	0	23	0	14	17	8	12	205.74	0		7.558266
9	59	1	0	23	14	18	35	7	9	349.46	0		5.372363
9	63	10	0	40	0	0	15	14	14	373.61	0		14.906240
9	60	3	0	40	0	14	17	8	12	205.74	0		7.558266
9	61	6	0	23	8	14	34	6	9	325.40	0		4.703561


-------------------------------------------------------------------------------------------------------------------
Tour_Id:			13
No_of_Customers:		2
No_of_Items:			10
Customer_Sequence:		58 19 

CustId	Id	TypeId	Rotated	x	y	z	Length	Width	Height	mass	Fragility	LoadBearingStrength
19	133	8	0	0	0	0	22	10	7	170.68	0		5.850682
19	129	1	0	0	10	0	35	7	9	349.46	0		5.372363
58	385	5	0	0	0	7	26	10	10	450.78	0		6.928044
19	132	7	0	35	10	0	23	12	13	487.34	0		13.613634
19	131	6	0	0	17	0	34	6	9	325.40	0		4.703561
58	383	3	0	0	0	17	17	8	12	205.74	0		7.558266
58	387	8	0	22	0	0	22	10	7	170.68	0		5.850682
58	386	7	0	35	10	13	23	12	13	487.34	0		13.613634
58	384	3	0	26	0	7	17	8	12	205.74	0		7.558266
19	130	4	0	0	10	9	34	12	13	853.82	1		5.441257


-------------------------------------------------------------------------------------------------------------------
Tour_Id:			14
No_of_Customers:		1
No_of_Items:			0
Customer_Sequence:		10 

-------------------------------------------------------------------------------------------------------------------
Tour_Id:			15
No_of_Customers:		1
No_of_Items:			0
Customer_Sequence:		52 

-------------------------------------------------------------------------------------------------------------------
Tour_Id:			16
No_of_Customers:		1
No_of_Items:			0
Customer_Sequence:		13 

-------------------------------------------------------------------------------------------------------------------
Tour_Id:			17
No_of_Customers:		2
No_of_Items:			13
Customer_Sequence:		37 20 

CustId	Id	TypeId	Rotated	x	y	z	Length	Width	Height	mass	Fragility	LoadBearingStrength
20	139	9	0	0	0	0	34	9	11	425.35	0		8.243225
20	135	1	0	0	9	0	35	7	9	349.46	0		5.372363
20	134	1	0	0	16	0	35	7	9	349.46	0		5.372363
20	137	6	0	0	9	9	34	6	9	325.40	0		4.703561
37	253	7	0	35	0	0	23	12	13	487.34	0		13.613634
20	138	7	0	35	12	0	23	12	13	487.34	0		13.613634
37	255	9	0	0	0	11	34	9	11	425.35	0		8.243225
37	251	3	0	0	9	18	17	8	12	205.74	0		7.558266
20	136	3	0	0	17	9	17	8	12	205.74	0		7.558266
37	256	10	0	34	0	13	15	14	14	373.61	0		14.906240
37	250	3	0	17	9	18	17	8	12	205.74	0		7.558266
37	252	5	0	34	14	13	26	10	10	450.78	0		6.928044
37	254	8	0	34	14	23	22	10	7	170.68	0		5.850682


-------------------------------------------------------------------------------------------------------------------
Tour_Id:			18
No_of_Customers:		1
No_of_Items:			0
Customer_Sequence:		21 

-------------------------------------------------------------------------------------------------------------------
Tour_Id:			19
No_of_Customers:		1
No_of_Items:			0
Customer_Sequence:		25 

-------------------------------------------------------------------------------------------------------------------
Tour_Id:			20
No_of_Customers:		1
No_of_Items:			0
Customer_Sequence:		47 

-------------------------------------------------------------------------------------------------------------------
Tour_Id:			21
No_of_Customers:		2
No_of_Items:			10
Customer_Sequence:		49 46 

CustId	Id	TypeId	Rotated	x	y	z	Length	Width	Height	mass	Fragility	LoadBearingStrength
46	312	2	0	0	0	0	26	14	8	398.71	1		4.424156
46	314	9	0	0	14	0	34	9	11	425.35	0		8.243225
49	331	9	0	0	14	11	34	9	11	425.35	0		8.243225
49	329	6	0	26	0	0	34	6	9	325.40	0		4.703561
49	326	2	0	0	0	8	26	14	8	398.71	1		4.424156
49	330	6	0	26	6	0	34	6	9	325.40	0		4.703561
46	313	5	0	34	14	0	26	10	10	450.78	0		6.928044
49	328	4	0	0	0	16	34	12	13	853.82	1		5.441257
49	332	10	0	34	0	9	15	14	14	373.61	0		14.906240
49	327	3	0	34	14	10	17	8	12	205.74	0		7.558266


-------------------------------------------------------------------------------------------------------------------
Tour_Id:			22
No_of_Customers:		1
No_of_Items:			0
Customer_Sequence:		40 

-------------------------------------------------------------------------------------------------------------------
Tour_Id:			23
No_of_Customers:		2
No_of_Items:			10
Customer_Sequence:		34 3 

CustId	Id	TypeId	Rotated	x	y	z	Length	Width	Height	mass	Fragility	LoadBearingStrength
3	22	10	0	0	0	0	15	14	14	373.61	0		14.906240
3	20	5	0	0	14	0	26	10	10	450.78	0		6.928044
3	19	5	0	0	14	10	26	10	10	450.78	0		6.928044
3	21	9	0	15	0	0	34	9	11	425.35	0		8.243225
34	237	7	0	15	0	11	23	12	13	487.34	0		13.613634
34	238	10	0	0	0	14	15	14	14	373.61	0		14.906240
34	234	5	0	0	14	20	26	10	10	450.78	0		6.928044
34	235	6	0	26	12	0	34	6	9	325.40	0		4.703561
34	236	6	0	26	18	0	34	6	9	325.40	0		4.703561
34	233	4	0	26	12	9	34	12	13	853.82	1		5.441257


-------------------------------------------------------------------------------------------------------------------
Tour_Id:			24
No_of_Customers:		2
No_of_Items:			11
Customer_Sequence:		11 36 

CustId	Id	TypeId	Rotated	x	y	z	Length	Width	Height	mass	Fragility	LoadBearingStrength
36	249	9	0	0	0	0	34	9	11	425.35	0		8.243225
36	246	1	0	0	9	0	35	7	9	349.46	0		5.372363
36	248	4	0	0	0	11	34	12	13	853.82	1		5.441257
11	75	7	0	35	0	0	23	12	13	487.34	0		13.613634
11	74	5	0	34	0	13	26	10	10	450.78	0		6.928044
11	76	7	0	35	12	0	23	12	13	487.34	0		13.613634
11	78	10	0	34	10	13	15	14	14	373.61	0		14.906240
36	247	3	0	0	16	0	17	8	12	205.74	0		7.558266
11	72	3	0	0	16	12	17	8	12	205.74	0		7.558266
11	73	3	0	17	16	0	17	8	12	205.74	0		7.558266
11	77	8	0	34	0	23	22	10	7	170.68	0		5.850682


-------------------------------------------------------------------------------------------------------------------
Tour_Id:			25
No_of_Customers:		1
No_of_Items:			0
Customer_Sequence:		31 

-------------------------------------------------------------------------------------------------------------------
Tour_Id:			26
No_of_Customers:		2
No_of_Items:			15
Customer_Sequence:		28 50 

CustId	Id	TypeId	Rotated	x	y	z	Length	Width	Height	mass	Fragility	LoadBearingStrength
50	338	9	0	0	0	0	34	9	11	425.35	0		8.243225
50	339	9	0	0	9	0	34	9	11	425.35	0		8.243225
50	333	1	0	0	18	0	35	7	9	349.46	0		5.372363
50	334	1	0	0	18	9	35	7	9	349.46	0		5.372363
50	335	6	0	0	0	11	34	6	9	325.40	0		4.703561
50	336	6	0	0	6	11	34	6	9	325.40	0		4.703561
28	189	6	0	0	12	11	34	6	9	325.40	0		4.703561
28	186	1	0	0	18	18	35	7	9	349.46	0		5.372363
50	337	8	0	0	0	20	22	10	7	170.68	0		5.850682
28	187	5	0	34	0	0	26	10	10	450.78	0		6.928044
28	188	5	0	34	0	10	26	10	10	450.78	0		6.928044
28	185	1	0	0	10	20	35	7	9	349.46	0		5.372363
28	191	10	0	35	10	0	15	14	14	373.61	0		14.906240
28	190	6	0	22	0	20	34	6	9	325.40	0		4.703561
28	192	10	0	35	10	14	15	14	14	373.61	0		14.906240


-------------------------------------------------------------------------------------------------------------------
Tour_Id:			27
No_of_Customers:		2
No_of_Items:			12
Customer_Sequence:		15 6 

CustId	Id	TypeId	Rotated	x	y	z	Length	Width	Height	mass	Fragility	LoadBearingStrength
6	42	7	0	0	0	0	23	12	13	487.34	0		13.613634
6	43	7	0	0	12	0	23	12	13	487.34	0		13.613634
6	40	6	0	23	0	0	34	6	9	325.40	0		4.703561
6	39	5	0	0	0	13	26	10	10	450.78	0		6.928044
15	106	7	0	0	10	13	23	12	13	487.34	0		13.613634
6	38	3	0	23	6	0	17	8	12	205.74	0		7.558266
15	102	1	0	23	14	0	35	7	9	349.46	0		5.372363
15	107	9	0	23	14	9	34	9	11	425.35	0		8.243225
15	105	5	0	23	14	20	26	10	10	450.78	0		6.928044
6	41	6	0	26	0	9	34	6	9	325.40	0		4.703561
15	103	3	0	26	0	18	17	8	12	205.74	0		7.558266
15	104	3	0	40	6	0	17	8	12	205.74	0		7.558266


-------------------------------------------------------------------------------------------------------------------
Tour_Id:			28
No_of_Customers:		1
No_of_Items:			0
Customer_Sequence:		12 

-------------------------------------------------------------------------------------------------------------------
Tour_Id:			29
No_of_Customers:		2
No_of_Items:			8
Customer_Sequence:		48 44 

CustId	Id	TypeId	Rotated	x	y	z	Length	Width	Height	mass	Fragility	LoadBearingStrength
44	304	10	0	0	0	0	15	14	14	373.61	0		14.906240
44	301	4	0	15	0	0	34	12	13	853.82	1		5.441257
44	303	5	0	0	14	0	26	10	10	450.78	0		6.928044
48	325	10	0	0	0	14	15	14	14	373.61	0		14.906240
44	302	4	0	26	12	0	34	12	13	853.82	1		5.441257
44	300	3	0	0	14	10	17	8	12	205.74	0		7.558266
48	323	4	0	15	0	13	34	12	13	853.82	1		5.441257
48	324	4	0	26	12	13	34	12	13	853.82	1		5.441257


-------------------------------------------------------------------------------------------------------------------
Tour_Id:			30
No_of_Customers:		1
No_of_Items:			0
Customer_Sequence:		38 

-------------------------------------------------------------------------------------------------------------------
Tour_Id:			31
No_of_Customers:		1
No_of_Items:			0
Customer_Sequence:		57 

-------------------------------------------------------------------------------------------------------------------
Tour_Id:			32
No_of_Customers:		1
No_of_Items:			0
Customer_Sequence:		39 

-------------------------------------------------------------------------------------------------------------------
Tour_Id:			33
No_of_Customers:		1
No_of_Items:			0
Customer_Sequence:		17 

-------------------------------------------------------------------------------------------------------------------
Tour_Id:			34
No_of_Customers:		2
No_of_Items:			11
Customer_Sequence:		51 24 

CustId	Id	TypeId	Rotated	x	y	z	Length	Width	Height	mass	Fragility	LoadBearingStrength
24	161	7	0	0	0	0	23	12	13	487.34	0		13.613634
24	160	3	0	0	12	0	17	8	12	205.74	0		7.558266
24	162	10	0	0	0	13	15	14	14	373.61	0		14.906240
24	158	1	0	17	12	0	35	7	9	349.46	0		5.372363
51	340	3	0	0	14	12	17	8	12	205.74	0		7.558266
24	157	1	0	23	0	0	35	7	9	349.46	0		5.372363
51	344	6	0	17	19	0	34	6	9	325.40	0		4.703561
24	159	1	0	23	0	9	35	7	9	349.46	0		5.372363
51	343	4	0	17	12	9	34	12	13	853.82	1		5.441257
51	342	3	0	23	0	18	17	8	12	205.74	0		7.558266
51	341	3	0	40	0	18	17	8	12	205.74	0		7.558266


-------------------------------------------------------------------------------------------------------------------
Tour_Id:			35
No_of_Customers:		1
No_of_Items:			0
Customer_Sequence:		29 

-------------------------------------------------------------------------------------------------------------------
Tour_Id:			36
No_of_Customers:		2
No_of_Items:			11
Customer_Sequence:		35 56 

CustId	Id	TypeId	Rotated	x	y	z	Length	Width	Height	mass	Fragility	LoadBearingStrength
35	241	5	0	0	0	0	26	10	10	450.78	0		6.928044
56	374	7	0	0	10	0	23	12	13	487.34	0		13.613634
56	372	1	0	23	10	0	35	7	9	349.46	0		5.372363
56	373	1	0	23	17	0	35	7	9	349.46	0		5.372363
35	243	8	0	0	0	10	22	10	7	170.68	0		5.850682
56	375	10	0	0	10	13	15	14	14	373.61	0		14.906240
35	242	7	0	23	10	9	23	12	13	487.34	0		13.613634
35	244	9	0	26	0	0	34	9	11	425.35	0		8.243225
35	239	1	0	22	0	11	35	7	9	349.46	0		5.372363
35	245	10	1	46	10	9	15	14	14	373.61	0		14.906240
35	240	1	0	22	0	20	35	7	9	349.46	0		5.372363


-------------------------------------------------------------------------------------------------------------------
Tour_Id:			37
No_of_Customers:		2
No_of_Items:			12
Customer_Sequence:		41 16 

CustId	Id	TypeId	Rotated	x	y	z	Length	Width	Height	mass	Fragility	LoadBearingStrength
16	110	7	0	0	0	0	23	12	13	487.34	0		13.613634
16	108	1	0	0	12	0	35	7	9	349.46	0		5.372363
16	112	8	0	0	0	13	22	10	7	170.68	0		5.850682
41	284	3	0	0	12	9	17	8	12	205.74	0		7.558266
41	289	9	0	23	0	0	34	9	11	425.35	0		8.243225
41	283	3	0	17	12	9	17	8	12	205.74	0		7.558266
41	285	4	0	23	0	11	34	12	13	853.82	1		5.441257
16	109	6	0	0	19	0	34	6	9	325.40	0		4.703561
41	286	6	0	0	12	21	34	6	9	325.40	0		4.703561
41	288	7	0	35	12	0	23	12	13	487.34	0		13.613634
16	111	8	0	0	0	20	22	10	7	170.68	0		5.850682
41	287	7	0	34	12	13	23	12	13	487.34	0		13.613634


-------------------------------------------------------------------------------------------------------------------
Tour_Id:			38
No_of_Customers:		1
No_of_Items:			0
Customer_Sequence:		26 

-------------------------------------------------------------------------------------------------------------------
Tour_Id:			39
No_of_Customers:		2
No_of_Items:			13
Customer_Sequence:		4 8 

CustId	Id	TypeId	Rotated	x	y	z	Length	Width	Height	mass	Fragility	LoadBearingStrength
8	54	6	0	0	0	0	34	6	9	325.40	0		4.703561
8	52	1	0	0	6	0	35	7	9	349.46	0		5.372363
8	56	8	0	0	13	0	22	10	7	170.68	0		5.850682
8	57	9	0	0	0	9	34	9	11	425.35	0		8.243225
8	55	6	0	0	0	20	34	6	9	325.40	0		4.703561
8	53	5	0	0	13	7	26	10	10	450.78	0		6.928044
4	28	10	0	35	0	0	15	14	14	373.61	0		14.906240
4	27	7	0	0	13	17	23	12	13	487.34	0		13.613634
4	29	10	0	34	0	14	15	14	14	373.61	0		14.906240
4	25	5	0	26	14	0	26	10	10	450.78	0		6.928044
4	26	5	0	26	14	10	26	10	10	450.78	0		6.928044
4	23	3	1	52	0	0	17	8	12	205.74	0		7.558266
4	24	3	1	52	0	12	17	8	12	205.74	0		7.558266


-------------------------------------------------------------------------------------------------------------------
Tour_Id:			40
No_of_Customers:		2
No_of_Items:			13
Customer_Sequence:		32 27 

CustId	Id	TypeId	Rotated	x	y	z	Length	Width	Height	mass	Fragility	LoadBearingStrength
27	180	3	0	0	0	0	17	8	12	205.74	0		7.558266
27	183	9	0	0	8	0	34	9	11	425.35	0		8.243225
27	184	9	0	0	8	11	34	9	11	425.35	0		8.243225
27	181	6	0	0	17	0	34	6	9	325.40	0		4.703561
27	182	7	0	34	0	0	23	12	13	487.34	0		13.613634
32	223	7	0	34	12	0	23	12	13	487.34	0		13.613634
32	222	5	0	34	0	13	26	10	10	450.78	0		6.928044
32	221	3	0	0	17	9	17	8	12	205.74	0		7.558266
32	220	3	0	17	17	9	17	8	12	205.74	0		7.558266
32	224	8	0	0	8	22	22	10	7	170.68	0		5.850682
32	219	1	0	0	18	21	35	7	9	349.46	0		5.372363
32	225	8	0	34	10	13	22	10	7	170.68	0		5.850682
32	226	8	0	34	0	23	22	10	7	170.68	0		5.850682


-------------------------------------------------------------------------------------------------------------------
Tour_Id:			41
No_of_Customers:		1
No_of_Items:			0
Customer_Sequence:		54 

-------------------------------------------------------------------------------------------------------------------
Tour_Id:			42
No_of_Customers:		2
No_of_Items:			13
Customer_Sequence:		22 18 

CustId	Id	TypeId	Rotated	x	y	z	Length	Width	Height	mass	Fragility	LoadBearingStrength
18	124	6	0	0	0	0	34	6	9	325.40	0		4.703561
18	127	6	0	0	6	0	34	6	9	325.40	0		4.703561
18	120	2	0	0	0	9	26	14	8	398.71	1		4.424156
18	122	5	0	0	14	0	26	10	10	450.78	0		6.928044
18	128	8	0	0	14	10	22	10	7	170.68	0		5.850682
18	121	3	0	0	14	17	17	8	12	205.74	0		7.558266
18	125	6	0	26	12	0	34	6	9	325.40	0		4.703561
18	126	6	0	26	18	0	34	6	9	325.40	0		4.703561
18	123	5	0	26	12	9	26	10	10	450.78	0		6.928044
22	149	7	0	34	0	0	23	12	13	487.34	0		13.613634
22	150	7	0	34	0	13	23	12	13	487.34	0		13.613634
22	151	9	0	26	12	19	34	9	11	425.35	0		8.243225
22	148	4	0	0	0	17	34	12	13	853.82	1		5.441257


