Name:				461_n060_m400_bt100
Problem:			3L-VRPTW
Number_of_used_Vehicles:	29
Total_Travel_Distance:		1872.27
Calculation_Time:		3600.00
Total_Iterations:		11762
ConstraintSet:			P1

-------------------------------------------------------------------------------------------------------------------
Tour_Id:			1
No_of_Customers:		2
No_of_Items:			12
Customer_Sequence:		53 34 

CustId	Id	TypeId	Rotated	x	y	z	Length	Width	Height	mass	Fragility	LoadBearingStrength
34	219	74	0	0	0	0	32	14	14	687.01	0		9.401905
34	221	85	0	0	14	0	32	9	12	498.71	0		9.751747
34	220	81	0	0	14	12	30	11	10	451.42	0		21.978374
34	218	37	0	0	0	14	26	7	10	293.40	0		47.831033
53	349	78	0	0	7	14	22	5	12	239.29	0		12.391190
53	350	95	0	0	14	22	26	9	7	222.37	0		20.761107
53	348	50	0	32	0	0	27	5	11	192.82	0		27.370456
53	344	7	0	32	5	0	23	5	12	249.59	0		18.347453
34	217	29	0	32	10	0	18	11	10	220.41	1		2.445090
53	345	12	0	0	0	24	27	7	6	115.59	0		8.842731
53	346	39	0	32	0	11	17	5	9	82.90	0		3.640194
53	347	49	0	32	10	10	17	12	11	315.74	1		1.505280


-------------------------------------------------------------------------------------------------------------------
Tour_Id:			2
No_of_Customers:		2
No_of_Items:			11
Customer_Sequence:		45 59 

CustId	Id	TypeId	Rotated	x	y	z	Length	Width	Height	mass	Fragility	LoadBearingStrength
59	389	10	0	0	0	0	24	14	9	338.92	0		6.842777
59	391	29	0	0	14	0	18	11	10	220.41	1		2.445090
59	392	50	0	0	0	9	27	5	11	192.82	0		27.370456
59	390	10	0	24	0	0	24	14	9	338.92	0		6.842777
45	289	10	0	27	0	9	24	14	9	338.92	0		6.842777
45	288	4	0	18	14	0	22	11	9	328.71	0		29.851498
45	292	73	0	27	0	18	31	10	11	440.32	1		2.139202
45	290	23	0	0	14	10	20	10	11	431.56	1		1.764697
45	291	68	0	20	14	9	12	10	9	151.22	0		22.957978
45	293	87	0	0	5	9	20	7	13	211.95	0		12.560819
45	294	87	0	40	14	0	20	7	13	211.95	0		12.560819


-------------------------------------------------------------------------------------------------------------------
Tour_Id:			3
No_of_Customers:		2
No_of_Items:			13
Customer_Sequence:		48 19 

CustId	Id	TypeId	Rotated	x	y	z	Length	Width	Height	mass	Fragility	LoadBearingStrength
19	122	92	0	0	0	0	15	5	13	133.97	0		17.420647
19	120	53	0	0	5	0	31	9	11	532.64	0		11.201585
48	308	8	0	0	14	0	26	11	9	347.78	0		4.225499
19	119	32	0	0	5	11	19	7	11	172.26	1		2.515288
48	309	24	0	31	0	0	25	12	11	371.37	0		3.928283
48	313	56	0	19	0	11	35	11	6	329.69	0		10.995211
19	121	82	0	0	0	13	13	5	11	123.05	0		9.920485
48	316	97	0	0	14	9	26	10	9	357.04	0		51.348621
48	314	60	0	19	0	17	35	13	8	549.70	0		13.136757
48	310	26	0	0	12	18	16	13	9	219.01	0		33.635879
48	315	88	0	26	14	0	31	9	12	565.26	1		2.619589
48	312	49	0	26	13	12	17	12	11	315.74	1		1.505280
48	311	47	0	26	13	23	14	12	6	147.21	1		1.623499


-------------------------------------------------------------------------------------------------------------------
Tour_Id:			4
No_of_Customers:		2
No_of_Items:			13
Customer_Sequence:		55 12 

CustId	Id	TypeId	Rotated	x	y	z	Length	Width	Height	mass	Fragility	LoadBearingStrength
12	83	86	0	0	0	0	27	14	9	360.25	0		12.988404
12	82	37	0	0	14	0	26	7	10	293.40	0		47.831033
12	81	10	0	0	0	9	24	14	9	338.92	0		6.842777
12	84	93	0	0	14	10	14	7	14	177.44	0		9.632747
55	359	37	0	0	0	18	26	7	10	293.40	0		47.831033
55	364	85	0	26	14	0	32	9	12	498.71	0		9.751747
55	360	48	0	26	14	12	31	11	8	353.89	0		5.925462
55	361	52	0	27	0	0	32	12	7	525.13	0		77.874216
55	363	71	0	0	7	18	27	5	12	293.22	1		3.125479
55	356	5	0	27	0	7	21	14	12	398.61	0		5.459317
55	357	15	0	0	14	24	12	5	6	64.51	0		58.231697
55	362	62	0	26	14	20	29	10	10	505.88	1		3.561747
55	358	26	0	27	0	19	16	13	9	219.01	0		33.635879


-------------------------------------------------------------------------------------------------------------------
Tour_Id:			5
No_of_Customers:		2
No_of_Items:			13
Customer_Sequence:		37 13 

CustId	Id	TypeId	Rotated	x	y	z	Length	Width	Height	mass	Fragility	LoadBearingStrength
13	88	58	0	0	0	0	29	9	8	302.58	0		13.451947
13	87	58	0	0	9	0	29	9	8	302.58	0		13.451947
37	238	52	0	0	0	8	32	12	7	525.13	0		77.874216
13	85	12	0	0	18	0	27	7	6	115.59	0		8.842731
13	89	100	0	29	0	0	31	12	8	430.50	0		34.817756
13	86	46	0	0	12	8	22	8	10	308.46	1		6.267180
37	241	67	0	0	0	15	26	6	11	309.10	0		9.764140
37	236	44	0	0	20	6	21	5	7	132.93	0		6.075102
37	237	44	0	0	20	13	21	5	7	132.93	0		6.075102
37	239	62	0	29	12	0	29	10	10	505.88	1		3.561747
37	240	62	0	22	12	10	29	10	10	505.88	1		3.561747
37	234	18	0	32	0	8	22	9	14	338.59	1		5.528176
37	235	30	0	22	12	20	32	10	6	292.16	1		1.594410


-------------------------------------------------------------------------------------------------------------------
Tour_Id:			6
No_of_Customers:		2
No_of_Items:			13
Customer_Sequence:		40 14 

CustId	Id	TypeId	Rotated	x	y	z	Length	Width	Height	mass	Fragility	LoadBearingStrength
14	97	86	0	0	0	0	27	14	9	360.25	0		12.988404
14	96	81	0	0	14	0	30	11	10	451.42	0		21.978374
14	90	27	0	0	0	9	18	5	14	239.13	0		6.851016
14	95	64	0	27	0	0	20	14	7	223.47	0		10.906513
14	94	61	1	18	0	9	14	12	14	379.51	0		45.702229
14	92	38	0	0	5	9	16	6	8	123.78	0		3.450382
14	93	42	0	0	14	10	30	5	7	112.04	0		6.128088
14	91	29	0	30	14	0	18	11	10	220.41	1		2.445090
40	261	61	0	30	0	7	14	12	14	379.51	0		45.702229
40	259	45	1	48	0	0	18	12	10	328.98	0		8.271904
40	260	45	1	48	0	10	18	12	10	328.98	0		8.271904
40	258	38	0	0	19	10	16	6	8	123.78	0		3.450382
40	257	22	0	16	19	10	12	5	14	152.73	1		2.471525


-------------------------------------------------------------------------------------------------------------------
Tour_Id:			7
No_of_Customers:		2
No_of_Items:			14
Customer_Sequence:		54 25 

CustId	Id	TypeId	Rotated	x	y	z	Length	Width	Height	mass	Fragility	LoadBearingStrength
25	152	9	0	0	0	0	25	13	9	466.35	0		43.845913
25	160	89	0	0	13	0	28	12	9	447.09	0		5.598961
25	159	71	0	0	0	9	27	5	12	293.22	1		3.125479
25	155	50	0	0	5	9	27	5	11	192.82	0		27.370456
25	156	58	0	0	10	9	29	9	8	302.58	0		13.451947
25	157	61	0	29	0	0	14	12	14	379.51	0		45.702229
25	158	62	0	0	10	17	29	10	10	505.88	1		3.561747
25	154	29	0	29	12	0	18	11	10	220.41	1		2.445090
54	354	90	0	0	5	20	32	5	6	142.59	0		5.891989
54	351	4	1	47	0	0	22	11	9	328.71	0		29.851498
54	353	26	1	47	0	9	16	13	9	219.01	0		33.635879
54	355	92	0	29	0	14	15	5	13	133.97	0		17.420647
25	153	21	0	0	19	9	17	6	6	71.51	0		6.979122
54	352	21	1	47	0	18	17	6	6	71.51	0		6.979122


-------------------------------------------------------------------------------------------------------------------
Tour_Id:			8
No_of_Customers:		2
No_of_Items:			15
Customer_Sequence:		36 44 

CustId	Id	TypeId	Rotated	x	y	z	Length	Width	Height	mass	Fragility	LoadBearingStrength
44	287	77	0	0	0	0	26	12	13	603.11	0		8.236924
44	284	54	0	0	12	0	18	13	13	491.83	0		12.658882
44	286	71	0	0	0	13	27	5	12	293.22	1		3.125479
44	282	26	0	0	5	13	16	13	9	219.01	0		33.635879
44	285	55	0	0	5	22	20	12	6	183.76	0		5.395207
44	280	21	0	0	18	13	17	6	6	71.51	0		6.979122
36	231	81	0	27	0	0	30	11	10	451.42	0		21.978374
44	281	22	0	18	12	0	12	5	14	152.73	1		2.471525
44	283	41	0	30	11	0	23	13	8	268	0		5.615732
36	233	91	0	30	11	8	28	14	13	585.07	0		45.935327
36	230	53	0	27	0	10	31	9	11	532.64	0		11.201585
36	227	8	0	27	0	21	26	11	9	347.78	0		4.225499
36	228	12	0	27	11	21	27	7	6	115.59	0		8.842731
36	232	83	0	27	18	21	21	7	6	129.53	0		15.107793
36	229	32	0	0	18	19	19	7	11	172.26	1		2.515288


-------------------------------------------------------------------------------------------------------------------
Tour_Id:			9
No_of_Customers:		2
No_of_Items:			12
Customer_Sequence:		15 24 

CustId	Id	TypeId	Rotated	x	y	z	Length	Width	Height	mass	Fragility	LoadBearingStrength
24	145	5	0	0	0	0	21	14	12	398.61	0		5.459317
24	146	8	0	0	14	0	26	11	9	347.78	0		4.225499
24	151	67	0	0	14	9	26	6	11	309.10	0		9.764140
24	149	60	0	21	0	0	35	13	8	549.70	0		13.136757
24	147	36	0	0	0	12	24	10	6	162.98	0		5.716332
24	150	62	0	0	0	18	29	10	10	505.88	1		3.561747
24	148	46	0	0	14	20	22	8	10	308.46	1		6.267180
15	98	3	0	29	0	8	30	12	12	555.92	0		7.715125
15	102	69	0	26	14	0	30	11	9	406.60	0		9.217297
15	101	67	0	26	14	9	26	6	11	309.10	0		9.764140
15	99	12	0	22	14	20	27	7	6	115.59	0		8.842731
15	100	46	0	29	0	20	22	8	10	308.46	1		6.267180


-------------------------------------------------------------------------------------------------------------------
Tour_Id:			10
No_of_Customers:		2
No_of_Items:			14
Customer_Sequence:		2 6 

CustId	Id	TypeId	Rotated	x	y	z	Length	Width	Height	mass	Fragility	LoadBearingStrength
6	38	81	0	0	0	0	30	11	10	451.42	0		21.978374
6	37	57	0	0	11	0	19	14	14	713.56	0		13.297128
6	34	38	0	0	0	10	16	6	8	123.78	0		3.450382
6	32	3	0	19	11	0	30	12	12	555.92	0		7.715125
6	36	50	0	0	6	10	27	5	11	192.82	0		27.370456
6	35	44	0	0	11	14	21	5	7	132.93	0		6.075102
6	39	84	0	0	6	21	20	10	8	301.56	1		10.463441
6	33	19	0	0	16	14	13	8	7	129.84	0		5.306805
2	8	9	0	21	11	12	25	13	9	466.35	0		43.845913
2	11	100	0	21	11	21	31	12	8	430.50	0		34.817756
2	7	8	0	30	0	0	26	11	9	347.78	0		4.225499
2	6	2	0	30	0	9	29	8	10	276.70	0		10.637965
2	10	93	1	49	11	0	14	7	14	177.44	0		9.632747
2	9	20	0	0	16	21	12	8	8	111.42	0		12.108192


-------------------------------------------------------------------------------------------------------------------
Tour_Id:			11
No_of_Customers:		2
No_of_Items:			18
Customer_Sequence:		30 10 

CustId	Id	TypeId	Rotated	x	y	z	Length	Width	Height	mass	Fragility	LoadBearingStrength
10	70	60	0	0	0	0	35	13	8	549.70	0		13.136757
10	65	25	0	0	13	0	23	7	11	281.44	0		7.385172
10	67	35	0	0	0	8	26	12	9	479.39	1		8.749600
10	63	7	0	0	20	0	23	5	12	249.59	0		18.347453
10	66	27	0	0	13	11	18	5	14	239.13	0		6.851016
30	187	38	0	23	13	0	16	6	8	123.78	0		3.450382
30	188	63	0	23	12	8	18	8	10	270.10	0		7.085527
10	71	72	0	35	0	0	21	10	8	266.02	0		10.402237
10	64	22	0	0	20	12	12	5	14	152.73	1		2.471525
10	69	44	0	23	19	0	21	5	7	132.93	0		6.075102
30	191	97	0	26	0	8	26	10	9	357.04	0		51.348621
30	186	26	0	44	10	0	16	13	9	219.01	0		33.635879
30	190	80	0	41	10	9	19	14	7	264.41	0		18.070436
10	68	35	0	0	0	17	26	12	9	479.39	1		8.749600
30	189	68	0	23	12	18	12	10	9	151.22	0		22.957978
30	192	98	0	41	10	16	19	14	13	458.52	0		41.110366
30	185	15	0	12	20	12	12	5	6	64.51	0		58.231697
30	193	99	0	26	0	17	17	10	7	203.70	1		3.036385


-------------------------------------------------------------------------------------------------------------------
Tour_Id:			12
No_of_Customers:		2
No_of_Items:			13
Customer_Sequence:		57 46 

CustId	Id	TypeId	Rotated	x	y	z	Length	Width	Height	mass	Fragility	LoadBearingStrength
57	378	89	0	0	0	0	28	12	9	447.09	0		5.598961
46	296	65	0	0	12	0	24	8	7	264.96	0		10.779608
46	297	84	0	0	12	7	20	10	8	301.56	1		10.463441
46	295	47	0	0	12	15	14	12	6	147.21	1		1.623499
46	298	87	0	24	12	0	20	7	13	211.95	0		12.560819
57	374	57	1	44	0	0	19	14	14	713.56	0		13.297128
57	373	48	0	0	0	9	31	11	8	353.89	0		5.925462
57	375	58	0	0	0	17	29	9	8	302.58	0		13.451947
57	377	80	1	44	0	14	19	14	7	264.41	0		18.070436
57	376	67	0	24	19	0	26	6	11	309.10	0		9.764140
57	371	34	0	20	19	11	29	6	7	158.73	1		6.993380
57	372	34	0	14	19	18	29	6	7	158.73	1		6.993380
57	379	99	1	44	0	21	17	10	7	203.70	1		3.036385


-------------------------------------------------------------------------------------------------------------------
Tour_Id:			13
No_of_Customers:		2
No_of_Items:			14
Customer_Sequence:		27 23 

CustId	Id	TypeId	Rotated	x	y	z	Length	Width	Height	mass	Fragility	LoadBearingStrength
23	140	26	0	0	0	0	16	13	9	219.01	0		33.635879
23	144	95	0	0	13	0	26	9	7	222.37	0		20.761107
27	173	89	0	16	0	0	28	12	9	447.09	0		5.598961
27	171	74	0	0	0	9	32	14	14	687.01	0		9.401905
23	143	71	0	0	14	7	27	5	12	293.22	1		3.125479
27	172	80	0	0	0	23	19	14	7	264.41	0		18.070436
27	168	26	0	44	0	0	16	13	9	219.01	0		33.635879
27	166	10	0	32	0	9	24	14	9	338.92	0		6.842777
27	169	41	0	32	0	18	23	13	8	268	0		5.615732
23	141	42	0	26	13	0	30	5	7	112.04	0		6.128088
23	142	44	0	26	18	0	21	5	7	132.93	0		6.075102
27	170	63	0	27	14	7	18	8	10	270.10	0		7.085527
27	167	15	0	19	0	23	12	5	6	64.51	0		58.231697
27	174	99	0	27	14	17	17	10	7	203.70	1		3.036385


-------------------------------------------------------------------------------------------------------------------
Tour_Id:			14
No_of_Customers:		3
No_of_Items:			16
Customer_Sequence:		26 28 35 

CustId	Id	TypeId	Rotated	x	y	z	Length	Width	Height	mass	Fragility	LoadBearingStrength
35	222	8	0	0	0	0	26	11	9	347.78	0		4.225499
35	225	51	0	0	11	0	26	7	14	456.70	0		29.801646
35	224	46	0	0	0	9	22	8	10	308.46	1		6.267180
35	226	51	0	0	18	0	26	7	14	456.70	0		29.801646
35	223	45	0	0	8	14	18	12	10	328.98	0		8.271904
28	178	55	0	0	8	24	20	12	6	183.76	0		5.395207
28	177	52	0	26	0	0	32	12	7	525.13	0		77.874216
28	179	64	0	26	0	7	20	14	7	223.47	0		10.906513
28	175	14	0	22	0	14	20	14	12	350.97	0		5.203351
28	176	46	0	0	0	19	22	8	10	308.46	1		6.267180
28	180	78	0	0	20	14	22	5	12	239.29	0		12.391190
26	165	95	0	26	14	0	26	9	7	222.37	0		20.761107
26	164	83	0	26	14	7	21	7	6	129.53	0		15.107793
26	162	44	0	26	14	13	21	5	7	132.93	0		6.075102
26	163	70	0	26	14	20	22	5	8	110.51	0		19.873745
26	161	23	1	47	0	7	20	10	11	431.56	1		1.764697


-------------------------------------------------------------------------------------------------------------------
Tour_Id:			15
No_of_Customers:		1
No_of_Items:			0
Customer_Sequence:		32 

-------------------------------------------------------------------------------------------------------------------
Tour_Id:			16
No_of_Customers:		2
No_of_Items:			14
Customer_Sequence:		39 51 

CustId	Id	TypeId	Rotated	x	y	z	Length	Width	Height	mass	Fragility	LoadBearingStrength
51	331	14	0	0	0	0	20	14	12	350.97	0		5.203351
51	335	55	0	0	0	12	20	12	6	183.76	0		5.395207
51	330	7	0	0	14	0	23	5	12	249.59	0		18.347453
51	336	67	0	0	19	0	26	6	11	309.10	0		9.764140
51	333	43	0	0	0	18	15	11	9	153.86	0		7.528885
51	334	52	0	20	0	0	32	12	7	525.13	0		77.874216
51	329	6	0	20	0	7	30	10	6	212.45	0		3.529741
51	332	34	0	0	19	11	29	6	7	158.73	1		6.993380
39	254	56	0	20	0	13	35	11	6	329.69	0		10.995211
39	253	55	0	20	0	19	20	12	6	183.76	0		5.395207
39	256	90	0	23	14	0	32	5	6	142.59	0		5.891989
39	252	38	0	0	12	12	16	6	8	123.78	0		3.450382
39	251	29	0	40	0	19	18	11	10	220.41	1		2.445090
39	255	59	0	23	14	6	25	5	14	257.69	1		5.265125


-------------------------------------------------------------------------------------------------------------------
Tour_Id:			17
No_of_Customers:		2
No_of_Items:			14
Customer_Sequence:		38 42 

CustId	Id	TypeId	Rotated	x	y	z	Length	Width	Height	mass	Fragility	LoadBearingStrength
42	273	60	0	0	0	0	35	13	8	549.70	0		13.136757
42	274	60	0	0	0	8	35	13	8	549.70	0		13.136757
42	272	58	0	0	13	0	29	9	8	302.58	0		13.451947
38	243	26	0	0	0	16	16	13	9	219.01	0		33.635879
42	271	41	0	35	0	0	23	13	8	268	0		5.615732
38	246	57	0	16	0	16	19	14	14	713.56	0		13.297128
38	248	69	0	29	13	0	30	11	9	406.60	0		9.217297
38	242	9	0	35	0	8	25	13	9	466.35	0		43.845913
38	245	42	0	29	13	9	30	5	7	112.04	0		6.128088
42	270	2	0	0	14	8	29	8	10	276.70	0		10.637965
38	249	79	0	35	0	17	15	13	10	271.03	0		6.908905
38	250	92	0	29	18	9	15	5	13	133.97	0		17.420647
38	247	59	0	35	13	16	25	5	14	257.69	1		5.265125
38	244	32	0	0	14	18	19	7	11	172.26	1		2.515288


-------------------------------------------------------------------------------------------------------------------
Tour_Id:			18
No_of_Customers:		3
No_of_Items:			17
Customer_Sequence:		41 22 16 

CustId	Id	TypeId	Rotated	x	y	z	Length	Width	Height	mass	Fragility	LoadBearingStrength
16	104	10	0	0	0	0	24	14	9	338.92	0		6.842777
16	103	8	0	0	14	0	26	11	9	347.78	0		4.225499
16	105	15	0	0	0	9	12	5	6	64.51	0		58.231697
16	107	45	0	0	5	9	18	12	10	328.98	0		8.271904
16	106	16	0	0	5	19	17	9	8	161.60	0		10.417180
22	136	2	0	0	17	9	29	8	10	276.70	0		10.637965
22	139	67	0	0	14	19	26	6	11	309.10	0		9.764140
22	138	20	1	18	0	9	12	8	8	111.42	0		12.108192
41	266	45	0	26	0	0	18	12	10	328.98	0		8.271904
41	263	28	1	44	0	0	21	14	12	617.60	0		13.380850
41	269	99	0	26	0	10	17	10	7	203.70	1		3.036385
41	268	64	1	44	0	12	20	14	7	223.47	0		10.906513
41	265	42	0	0	20	19	30	5	7	112.04	0		6.128088
41	264	35	0	18	0	17	26	12	9	479.39	1		8.749600
22	137	15	0	0	0	15	12	5	6	64.51	0		58.231697
41	267	47	0	44	0	19	14	12	6	147.21	1		1.623499
41	262	22	0	26	12	0	12	5	14	152.73	1		2.471525


-------------------------------------------------------------------------------------------------------------------
Tour_Id:			19
No_of_Customers:		2
No_of_Items:			14
Customer_Sequence:		4 11 

CustId	Id	TypeId	Rotated	x	y	z	Length	Width	Height	mass	Fragility	LoadBearingStrength
11	72	5	0	0	0	0	21	14	12	398.61	0		5.459317
11	80	98	0	0	0	12	19	14	13	458.52	0		41.110366
11	79	89	0	21	0	0	28	12	9	447.09	0		5.598961
11	73	8	0	0	14	0	26	11	9	347.78	0		4.225499
11	74	36	0	0	14	9	24	10	6	162.98	0		5.716332
4	25	92	0	0	14	15	15	5	13	133.97	0		17.420647
11	75	38	0	0	19	15	16	6	8	123.78	0		3.450382
11	78	88	0	21	0	9	31	9	12	565.26	1		2.619589
11	76	47	0	21	0	21	14	12	6	147.21	1		1.623499
4	23	81	0	26	12	0	30	11	10	451.42	0		21.978374
4	21	37	0	24	12	10	26	7	10	293.40	0		47.831033
4	22	63	0	24	12	20	18	8	10	270.10	0		7.085527
11	77	68	1	49	0	0	12	10	9	151.22	0		22.957978
4	24	84	0	35	0	21	20	10	8	301.56	1		10.463441


-------------------------------------------------------------------------------------------------------------------
Tour_Id:			20
No_of_Customers:		2
No_of_Items:			15
Customer_Sequence:		56 58 

CustId	Id	TypeId	Rotated	x	y	z	Length	Width	Height	mass	Fragility	LoadBearingStrength
58	386	57	0	0	0	0	19	14	14	713.56	0		13.297128
58	384	36	0	0	14	0	24	10	6	162.98	0		5.716332
58	381	26	0	0	0	14	16	13	9	219.01	0		33.635879
58	382	26	0	19	0	0	16	13	9	219.01	0		33.635879
58	385	45	0	19	0	9	18	12	10	328.98	0		8.271904
58	387	65	0	0	14	6	24	8	7	264.96	0		10.779608
56	368	56	0	24	13	0	35	11	6	329.69	0		10.995211
58	380	16	0	0	14	13	17	9	8	161.60	0		10.417180
56	367	52	0	24	13	6	32	12	7	525.13	0		77.874216
58	383	29	0	16	0	19	18	11	10	220.41	1		2.445090
56	366	41	0	19	12	13	23	13	8	268	0		5.615732
58	388	87	0	37	0	0	20	7	13	211.95	0		12.560819
56	365	40	0	0	13	21	23	11	8	269.20	0		11.857547
56	369	63	0	37	0	13	18	8	10	270.10	0		7.085527
56	370	65	0	23	13	21	24	8	7	264.96	0		10.779608


-------------------------------------------------------------------------------------------------------------------
Tour_Id:			21
No_of_Customers:		2
No_of_Items:			16
Customer_Sequence:		52 7 

CustId	Id	TypeId	Rotated	x	y	z	Length	Width	Height	mass	Fragility	LoadBearingStrength
7	46	76	0	0	0	0	34	14	12	695.83	0		7.938544
7	44	69	0	0	14	0	30	11	9	406.60	0		9.217297
7	48	95	0	0	14	9	26	9	7	222.37	0		20.761107
7	41	25	0	0	0	12	23	7	11	281.44	0		7.385172
7	42	36	0	0	14	16	24	10	6	162.98	0		5.716332
7	45	72	0	0	14	22	21	10	8	266.02	0		10.402237
7	40	23	0	30	14	0	20	10	11	431.56	1		1.764697
52	343	98	0	34	0	0	19	14	13	458.52	0		41.110366
52	337	16	0	34	0	13	17	9	8	161.60	0		10.417180
7	47	93	0	0	7	12	14	7	14	177.44	0		9.632747
52	339	25	1	53	0	0	23	7	11	281.44	0		7.385172
52	342	87	0	14	7	12	20	7	13	211.95	0		12.560819
52	341	87	1	53	0	11	20	7	13	211.95	0		12.560819
7	43	46	0	26	14	11	22	8	10	308.46	1		6.267180
52	338	21	0	0	0	23	17	6	6	71.51	0		6.979122
52	340	34	0	24	14	21	29	6	7	158.73	1		6.993380


-------------------------------------------------------------------------------------------------------------------
Tour_Id:			22
No_of_Customers:		2
No_of_Items:			14
Customer_Sequence:		31 21 

CustId	Id	TypeId	Rotated	x	y	z	Length	Width	Height	mass	Fragility	LoadBearingStrength
21	134	98	0	0	0	0	19	14	13	458.52	0		41.110366
21	133	97	0	0	14	0	26	10	9	357.04	0		51.348621
31	200	91	0	19	0	0	28	14	13	585.07	0		45.935327
21	129	6	0	0	14	9	30	10	6	212.45	0		3.529741
21	130	29	0	0	0	13	18	11	10	220.41	1		2.445090
21	132	59	0	0	14	15	25	5	14	257.69	1		5.265125
21	135	99	0	0	0	23	17	10	7	203.70	1		3.036385
21	131	40	0	26	14	0	23	11	8	269.20	0		11.857547
31	199	90	0	0	19	15	32	5	6	142.59	0		5.891989
31	197	31	0	18	0	13	26	5	12	211.90	0		13.219357
31	198	85	0	18	5	13	32	9	12	498.71	0		9.751747
31	195	23	0	32	14	8	20	10	11	431.56	1		1.764697
31	194	19	0	47	0	0	13	8	7	129.84	0		5.306805
31	196	29	0	32	14	19	18	11	10	220.41	1		2.445090


-------------------------------------------------------------------------------------------------------------------
Tour_Id:			23
No_of_Customers:		2
No_of_Items:			14
Customer_Sequence:		20 33 

CustId	Id	TypeId	Rotated	x	y	z	Length	Width	Height	mass	Fragility	LoadBearingStrength
33	211	54	0	0	0	0	18	13	13	491.83	0		12.658882
33	213	89	0	0	13	0	28	12	9	447.09	0		5.598961
33	210	50	0	0	13	9	27	5	11	192.82	0		27.370456
33	209	12	0	0	18	9	27	7	6	115.59	0		8.842731
33	215	95	0	18	0	0	26	9	7	222.37	0		20.761107
33	216	100	0	28	13	0	31	12	8	430.50	0		34.817756
33	212	66	0	18	0	7	26	9	8	233.74	0		7.282209
33	214	93	0	0	0	13	14	7	14	177.44	0		9.632747
20	123	12	0	0	18	15	27	7	6	115.59	0		8.842731
20	126	35	0	18	0	15	26	12	9	479.39	1		8.749600
20	124	17	0	28	13	8	29	12	10	450.11	0		10.667011
20	125	34	0	0	18	21	29	6	7	158.73	1		6.993380
20	128	100	0	29	12	18	31	12	8	430.50	0		34.817756
20	127	61	0	44	0	0	14	12	14	379.51	0		45.702229


-------------------------------------------------------------------------------------------------------------------
Tour_Id:			24
No_of_Customers:		3
No_of_Items:			15
Customer_Sequence:		1 29 50 

CustId	Id	TypeId	Rotated	x	y	z	Length	Width	Height	mass	Fragility	LoadBearingStrength
29	182	75	0	0	0	0	34	13	7	518.69	0		30.040083
50	327	35	0	0	13	0	26	12	9	479.39	1		8.749600
29	183	94	0	0	0	7	24	11	8	305.62	0		10.296217
50	325	34	0	0	13	9	29	6	7	158.73	1		6.993380
50	323	15	0	26	13	0	12	5	6	64.51	0		58.231697
1	5	95	0	0	0	15	26	9	7	222.37	0		20.761107
50	326	34	0	0	19	9	29	6	7	158.73	1		6.993380
50	328	50	0	29	18	0	27	5	11	192.82	0		27.370456
50	324	30	0	0	13	16	32	10	6	292.16	1		1.594410
29	184	99	0	0	13	22	17	10	7	203.70	1		3.036385
1	2	28	0	38	0	0	21	14	12	617.60	0		13.380850
1	4	79	0	38	0	12	15	13	10	271.03	0		6.908905
1	1	27	1	53	0	12	18	5	14	239.13	0		6.851016
29	181	7	0	32	18	11	23	5	12	249.59	0		18.347453
1	3	72	0	0	0	22	21	10	8	266.02	0		10.402237


-------------------------------------------------------------------------------------------------------------------
Tour_Id:			25
No_of_Customers:		2
No_of_Items:			13
Customer_Sequence:		18 47 

CustId	Id	TypeId	Rotated	x	y	z	Length	Width	Height	mass	Fragility	LoadBearingStrength
47	303	61	0	0	0	0	14	12	14	379.51	0		45.702229
47	301	37	0	0	12	0	26	7	10	293.40	0		47.831033
47	307	87	0	0	12	10	20	7	13	211.95	0		12.560819
47	299	6	0	14	0	0	30	10	6	212.45	0		3.529741
47	305	78	0	0	19	0	22	5	12	239.29	0		12.391190
47	300	16	0	0	0	14	17	9	8	161.60	0		10.417180
47	302	38	0	0	19	12	16	6	8	123.78	0		3.450382
47	304	62	0	17	0	6	29	10	10	505.88	1		3.561747
47	306	84	0	0	0	22	20	10	8	301.56	1		10.463441
18	116	77	0	26	12	0	26	12	13	603.11	0		8.236924
18	118	97	0	26	12	13	26	10	9	357.04	0		51.348621
18	117	94	0	26	12	22	24	11	8	305.62	0		10.296217
18	115	25	1	52	0	0	23	7	11	281.44	0		7.385172


-------------------------------------------------------------------------------------------------------------------
Tour_Id:			26
No_of_Customers:		2
No_of_Items:			12
Customer_Sequence:		8 17 

CustId	Id	TypeId	Rotated	x	y	z	Length	Width	Height	mass	Fragility	LoadBearingStrength
17	111	40	0	0	0	0	23	11	8	269.20	0		11.857547
17	110	24	0	0	11	0	25	12	11	371.37	0		3.928283
17	112	58	0	0	0	8	29	9	8	302.58	0		13.451947
17	108	7	0	0	11	11	23	5	12	249.59	0		18.347453
17	114	100	0	25	0	0	31	12	8	430.50	0		34.817756
8	49	5	0	29	0	8	21	14	12	398.61	0		5.459317
17	113	62	0	0	0	16	29	10	10	505.88	1		3.561747
17	109	8	0	25	14	0	26	11	9	347.78	0		4.225499
8	53	69	0	25	14	9	30	11	9	406.60	0		9.217297
8	50	26	0	29	0	20	16	13	9	219.01	0		33.635879
8	51	37	0	23	14	18	26	7	10	293.40	0		47.831033
8	52	46	0	0	16	11	22	8	10	308.46	1		6.267180


-------------------------------------------------------------------------------------------------------------------
Tour_Id:			27
No_of_Customers:		2
No_of_Items:			13
Customer_Sequence:		60 43 

CustId	Id	TypeId	Rotated	x	y	z	Length	Width	Height	mass	Fragility	LoadBearingStrength
43	277	64	0	0	0	0	20	14	7	223.47	0		10.906513
43	275	21	0	0	14	0	17	6	6	71.51	0		6.979122
43	278	67	0	0	0	7	26	6	11	309.10	0		9.764140
43	279	74	0	26	0	0	32	14	14	687.01	0		9.401905
43	276	23	0	0	6	7	20	10	11	431.56	1		1.764697
60	398	85	0	26	14	0	32	9	12	498.71	0		9.751747
60	394	34	0	0	0	18	29	6	7	158.73	1		6.993380
60	395	69	0	26	14	12	30	11	9	406.60	0		9.217297
60	396	72	0	26	14	21	21	10	8	266.02	0		10.402237
60	393	22	0	0	20	0	12	5	14	152.73	1		2.471525
60	397	84	0	0	6	18	20	10	8	301.56	1		10.463441
60	400	96	0	29	0	14	27	13	9	363.59	0		12.133164
60	399	95	0	29	0	23	26	9	7	222.37	0		20.761107


-------------------------------------------------------------------------------------------------------------------
Tour_Id:			28
No_of_Customers:		2
No_of_Items:			15
Customer_Sequence:		3 49 

CustId	Id	TypeId	Rotated	x	y	z	Length	Width	Height	mass	Fragility	LoadBearingStrength
49	319	64	0	0	0	0	20	14	7	223.47	0		10.906513
3	18	89	0	20	0	0	28	12	9	447.09	0		5.598961
49	321	84	0	0	14	0	20	10	8	301.56	1		10.463441
49	317	26	0	0	0	7	16	13	9	219.01	0		33.635879
49	322	100	0	20	12	0	31	12	8	430.50	0		34.817756
49	318	60	0	20	12	8	35	13	8	549.70	0		13.136757
3	12	6	0	20	0	9	30	10	6	212.45	0		3.529741
3	20	98	0	0	0	16	19	14	13	458.52	0		41.110366
3	14	17	0	20	0	15	29	12	10	450.11	0		10.667011
3	17	45	0	20	12	16	18	12	10	328.98	0		8.271904
3	13	16	0	38	12	16	17	9	8	161.60	0		10.417180
3	16	44	1	55	0	0	21	5	7	132.93	0		6.075102
3	19	92	1	55	0	7	15	5	13	133.97	0		17.420647
49	320	84	0	0	14	8	20	10	8	301.56	1		10.463441
3	15	23	0	0	14	16	20	10	11	431.56	1		1.764697


-------------------------------------------------------------------------------------------------------------------
Tour_Id:			29
No_of_Customers:		2
No_of_Items:			15
Customer_Sequence:		5 9 

CustId	Id	TypeId	Rotated	x	y	z	Length	Width	Height	mass	Fragility	LoadBearingStrength
9	56	14	0	0	0	0	20	14	12	350.97	0		5.203351
9	54	2	0	0	14	0	29	8	10	276.70	0		10.637965
9	58	20	0	0	14	10	12	8	8	111.42	0		12.108192
9	61	66	0	0	0	12	26	9	8	233.74	0		7.282209
9	62	66	0	0	0	20	26	9	8	233.74	0		7.282209
9	60	59	0	0	9	12	25	5	14	257.69	1		5.265125
9	59	23	0	20	0	0	20	10	11	431.56	1		1.764697
9	55	4	0	29	14	0	22	11	9	328.71	0		29.851498
9	57	16	0	12	14	10	17	9	8	161.60	0		10.417180
5	30	64	0	40	0	0	20	14	7	223.47	0		10.906513
5	28	54	0	40	0	7	18	13	13	491.83	0		12.658882
5	27	26	0	40	0	20	16	13	9	219.01	0		33.635879
5	31	82	0	0	14	18	13	5	11	123.05	0		9.920485
5	26	15	0	13	14	18	12	5	6	64.51	0		58.231697
5	29	62	0	29	14	9	29	10	10	505.88	1		3.561747


