Name:				463_n060_m400_bt100
Problem:			3L-VRPTW
Number_of_used_Vehicles:	32
Total_Travel_Distance:		2212.73
Calculation_Time:		3600.00
Total_Iterations:		7264
ConstraintSet:			P1

-------------------------------------------------------------------------------------------------------------------
Tour_Id:			1
No_of_Customers:		2
No_of_Items:			11
Customer_Sequence:		36 56 

CustId	Id	TypeId	Rotated	x	y	z	Length	Width	Height	mass	Fragility	LoadBearingStrength
56	370	19	0	0	0	0	28	8	14	346.98	0		5.924971
56	372	38	0	0	8	0	19	5	14	147.09	0		16.565591
56	375	96	0	0	13	0	34	7	13	1177.40	0		24.533909
56	374	67	0	0	0	14	23	14	10	641.60	1		3.276059
36	240	66	0	0	14	13	29	7	14	467.97	0		13.768173
56	371	32	0	28	0	0	26	7	12	385.05	0		39.584113
56	373	49	0	28	7	0	29	6	8	174.11	1		2.464543
36	241	79	0	28	0	12	26	8	14	582.02	0		7.317688
36	239	53	0	34	13	0	26	11	7	282.91	0		10.736954
36	238	25	0	0	20	0	32	5	12	266.27	0		8.239668
36	237	8	0	34	13	7	18	12	7	153.87	0		22.494424


-------------------------------------------------------------------------------------------------------------------
Tour_Id:			2
No_of_Customers:		2
No_of_Items:			16
Customer_Sequence:		30 29 

CustId	Id	TypeId	Rotated	x	y	z	Length	Width	Height	mass	Fragility	LoadBearingStrength
29	190	3	0	0	0	0	31	13	12	522.78	0		8.532056
29	197	96	0	0	13	0	34	7	13	1177.40	0		24.533909
29	191	21	0	0	0	12	16	11	12	386.24	0		27.474376
29	195	83	0	0	13	13	35	7	6	199.97	0		20.346869
29	193	29	0	0	20	0	18	5	12	110.17	1		5.170664
30	203	32	0	31	0	0	26	7	12	385.05	0		39.584113
30	199	4	0	16	0	12	13	12	7	203.64	0		9.357509
29	192	29	0	0	20	12	18	5	12	110.17	1		5.170664
29	194	38	0	18	20	0	19	5	14	147.09	0		16.565591
30	200	7	0	37	7	0	22	14	13	450.41	0		7.345552
30	202	24	0	37	7	13	22	13	13	577.15	0		21.757804
29	196	90	0	0	13	19	25	5	10	200.16	0		18.778471
30	201	9	0	29	0	12	27	6	11	349.83	0		10.320440
29	198	99	0	18	20	14	13	5	11	128.74	0		16.777858
30	205	84	0	29	0	23	23	6	6	148.32	0		16.795097
30	204	43	0	0	0	24	19	7	6	103.85	1		2.737664


-------------------------------------------------------------------------------------------------------------------
Tour_Id:			3
No_of_Customers:		2
No_of_Items:			13
Customer_Sequence:		28 11 

CustId	Id	TypeId	Rotated	x	y	z	Length	Width	Height	mass	Fragility	LoadBearingStrength
11	78	77	0	0	0	0	35	11	10	712.77	0		11.082416
11	77	75	0	0	11	0	23	11	11	347.27	0		16.482428
11	72	25	0	0	0	10	32	5	12	266.27	0		8.239668
11	74	57	0	0	11	11	18	11	7	201.29	0		6.634953
11	76	62	0	0	11	18	18	7	10	176.86	0		10.906142
28	186	18	0	0	5	10	29	6	12	370.48	0		9.440501
11	75	59	0	23	11	0	30	7	11	266.72	1		2.956677
11	73	50	0	18	11	11	35	5	12	384.85	1		11.508701
11	71	17	0	23	18	0	24	5	9	210.67	0		11.875471
28	185	15	0	23	18	9	22	6	14	268.99	0		8.369402
28	187	83	0	0	0	22	35	7	6	199.97	0		20.346869
28	188	90	0	35	0	0	25	5	10	200.16	0		18.778471
28	189	90	0	32	0	10	25	5	10	200.16	0		18.778471


-------------------------------------------------------------------------------------------------------------------
Tour_Id:			4
No_of_Customers:		2
No_of_Items:			11
Customer_Sequence:		23 5 

CustId	Id	TypeId	Rotated	x	y	z	Length	Width	Height	mass	Fragility	LoadBearingStrength
5	32	10	0	0	0	0	34	13	12	808.44	0		7.600457
5	37	94	0	0	0	12	29	14	11	457.94	0		6.710698
5	36	79	0	0	14	0	26	8	14	582.02	0		7.317688
5	34	65	0	34	0	0	16	13	13	376.72	0		21.833164
23	150	19	0	0	14	14	28	8	14	346.98	0		5.924971
5	35	70	0	0	0	23	29	5	7	137.82	0		7.062150
23	154	95	0	29	13	0	31	12	10	478.27	0		3.966392
5	33	35	0	0	5	23	30	7	6	235.23	0		17.619759
23	153	75	0	29	13	10	23	11	11	347.27	0		16.482428
23	151	28	0	29	13	21	28	8	8	336.48	0		34.482014
23	152	51	0	34	0	13	20	13	14	567.34	1		3.730058


-------------------------------------------------------------------------------------------------------------------
Tour_Id:			5
No_of_Customers:		2
No_of_Items:			11
Customer_Sequence:		1 41 

CustId	Id	TypeId	Rotated	x	y	z	Length	Width	Height	mass	Fragility	LoadBearingStrength
41	271	77	0	0	0	0	35	11	10	712.77	0		11.082416
41	273	93	0	0	11	0	34	13	13	638.88	0		18.500635
41	270	48	0	0	0	10	31	9	10	354.69	0		8.763719
1	4	70	0	0	11	13	29	5	7	137.82	0		7.062150
41	272	86	0	34	11	0	16	12	11	364.21	0		34.277735
1	5	75	0	35	0	0	23	11	11	347.27	0		16.482428
41	274	96	0	0	16	13	34	7	13	1177.40	0		24.533909
1	2	45	0	0	0	20	21	14	8	240.06	0		4.181967
1	1	9	0	31	0	11	27	6	11	349.83	0		10.320440
1	3	65	0	34	11	11	16	13	13	376.72	0		21.833164
1	6	84	0	31	0	22	23	6	6	148.32	0		16.795097


-------------------------------------------------------------------------------------------------------------------
Tour_Id:			6
No_of_Customers:		2
No_of_Items:			12
Customer_Sequence:		44 43 

CustId	Id	TypeId	Rotated	x	y	z	Length	Width	Height	mass	Fragility	LoadBearingStrength
43	282	45	0	0	0	0	21	14	8	240.06	0		4.181967
43	281	42	0	0	14	0	24	9	12	337.90	0		9.461626
43	283	65	0	0	0	8	16	13	13	376.72	0		21.833164
44	288	78	0	0	14	12	24	6	13	501.66	1		4.315868
43	284	72	0	0	0	21	13	9	7	155.73	0		11.137456
43	285	93	0	21	0	0	34	13	13	638.88	0		18.500635
44	287	60	0	21	0	13	16	14	7	175.02	0		33.260908
43	280	26	0	24	14	0	28	10	10	367.22	0		6.728664
44	291	92	0	21	0	20	14	14	10	248.48	0		50.112918
44	290	83	0	24	14	10	35	7	6	199.97	0		20.346869
44	286	51	0	37	0	13	20	13	14	567.34	1		3.730058
44	289	83	0	24	14	16	35	7	6	199.97	0		20.346869


-------------------------------------------------------------------------------------------------------------------
Tour_Id:			7
No_of_Customers:		2
No_of_Items:			11
Customer_Sequence:		15 24 

CustId	Id	TypeId	Rotated	x	y	z	Length	Width	Height	mass	Fragility	LoadBearingStrength
24	158	94	0	0	0	0	29	14	11	457.94	0		6.710698
24	157	67	0	0	0	11	23	14	10	641.60	1		3.276059
24	160	100	0	0	14	0	22	8	11	230.88	0		8.102976
24	155	17	0	0	14	11	24	5	9	210.67	0		11.875471
24	159	94	0	29	0	0	29	14	11	457.94	0		6.710698
15	102	85	0	23	0	11	19	11	8	206.45	0		12.814307
15	99	30	0	24	14	0	33	5	11	328.69	0		5.340386
15	98	21	0	42	0	11	16	11	12	386.24	0		27.474376
24	156	44	0	22	19	0	28	6	11	338.03	0		28.104974
15	101	32	0	24	11	11	26	7	12	385.05	0		39.584113
15	100	30	0	22	19	11	33	5	11	328.69	0		5.340386


-------------------------------------------------------------------------------------------------------------------
Tour_Id:			8
No_of_Customers:		2
No_of_Items:			12
Customer_Sequence:		49 32 

CustId	Id	TypeId	Rotated	x	y	z	Length	Width	Height	mass	Fragility	LoadBearingStrength
32	216	41	0	0	0	0	23	12	8	544.38	0		10.985434
32	212	11	0	0	12	0	35	13	11	898.86	0		44.762208
32	213	18	0	0	0	8	29	6	12	370.48	0		9.440501
49	323	100	0	0	12	11	22	8	11	230.88	0		8.102976
32	219	85	0	23	0	0	19	11	8	206.45	0		12.814307
32	215	35	0	0	0	20	30	7	6	235.23	0		17.619759
32	218	80	0	0	6	8	30	5	10	155.05	0		21.136037
32	214	29	0	0	20	11	18	5	12	110.17	1		5.170664
32	217	75	0	35	12	0	23	11	11	347.27	0		16.482428
49	321	36	0	22	11	11	34	14	14	1242.37	0		14.955659
32	211	4	0	42	0	0	13	12	7	203.64	0		9.357509
49	322	43	0	0	12	22	19	7	6	103.85	1		2.737664


-------------------------------------------------------------------------------------------------------------------
Tour_Id:			9
No_of_Customers:		2
No_of_Items:			15
Customer_Sequence:		10 13 

CustId	Id	TypeId	Rotated	x	y	z	Length	Width	Height	mass	Fragility	LoadBearingStrength
13	85	7	0	0	0	0	22	14	13	450.41	0		7.345552
13	89	80	0	0	14	0	30	5	10	155.05	0		21.136037
13	90	80	0	0	19	0	30	5	10	155.05	0		21.136037
13	86	17	0	0	14	10	24	5	9	210.67	0		11.875471
13	88	70	0	0	19	10	29	5	7	137.82	0		7.062150
13	87	59	0	22	0	0	30	7	11	266.72	1		2.956677
10	66	30	0	0	19	17	33	5	11	328.69	0		5.340386
10	64	28	0	0	0	13	28	8	8	336.48	0		34.482014
10	70	86	0	33	7	0	16	12	11	364.21	0		34.277735
10	67	47	0	33	7	11	17	8	13	309.62	0		8.262230
10	63	27	0	0	8	13	23	5	12	206.33	0		4.289312
10	69	63	1	49	7	0	15	9	10	212.37	0		6.840050
10	62	17	0	0	14	19	24	5	9	210.67	0		11.875471
10	68	59	0	28	0	11	30	7	11	266.72	1		2.956677
10	65	29	0	30	19	0	18	5	12	110.17	1		5.170664


-------------------------------------------------------------------------------------------------------------------
Tour_Id:			10
No_of_Customers:		2
No_of_Items:			15
Customer_Sequence:		21 4 

CustId	Id	TypeId	Rotated	x	y	z	Length	Width	Height	mass	Fragility	LoadBearingStrength
4	31	94	0	0	0	0	29	14	11	457.94	0		6.710698
4	28	77	0	0	14	0	35	11	10	712.77	0		11.082416
4	26	65	0	0	0	11	16	13	13	376.72	0		21.833164
4	29	80	0	0	14	10	30	5	10	155.05	0		21.136037
4	25	39	0	0	0	24	13	10	6	96.36	1		2.276826
4	27	75	0	29	0	0	23	11	11	347.27	0		16.482428
4	30	91	0	16	0	11	24	12	7	364.47	0		18.872532
21	142	70	0	0	19	10	29	5	7	137.82	0		7.062150
21	137	1	0	35	14	0	14	9	14	287.82	0		11.636777
21	140	55	0	16	0	18	24	14	6	401.64	0		18.519233
21	138	30	0	0	19	17	33	5	11	328.69	0		5.340386
21	143	89	1	52	0	0	21	8	14	456.35	0		22.923517
21	141	61	0	13	0	24	27	9	6	155.26	0		8.476868
21	139	38	0	35	14	14	19	5	14	147.09	0		16.565591
4	24	39	1	40	0	11	13	10	6	96.36	1		2.276826


-------------------------------------------------------------------------------------------------------------------
Tour_Id:			11
No_of_Customers:		2
No_of_Items:			16
Customer_Sequence:		18 47 

CustId	Id	TypeId	Rotated	x	y	z	Length	Width	Height	mass	Fragility	LoadBearingStrength
47	314	69	0	0	0	0	30	11	11	369.42	0		11.144215
47	309	41	0	0	11	0	23	12	8	544.38	0		10.985434
47	316	86	0	0	11	8	16	12	11	364.21	0		34.277735
47	308	37	0	0	0	11	20	9	12	252.80	1		3.169504
47	311	61	0	23	11	0	27	9	6	155.26	0		8.476868
18	123	92	0	0	11	19	14	14	10	248.48	0		50.112918
47	313	63	0	23	11	6	15	9	10	212.37	0		6.840050
47	310	56	0	30	0	0	26	9	7	194.55	0		16.941150
47	315	76	0	20	0	11	13	11	8	184.36	1		11.192665
18	120	75	0	33	0	7	23	11	11	347.27	0		16.482428
47	312	63	0	38	11	6	15	9	10	212.37	0		6.840050
18	122	88	0	23	11	16	15	9	14	248.06	0		25.493335
18	118	30	0	23	20	0	33	5	11	328.69	0		5.340386
18	119	47	0	38	11	16	17	8	13	309.62	0		8.262230
18	121	80	0	16	20	11	30	5	10	155.05	0		21.136037
18	124	97	0	33	0	18	13	10	11	228.90	0		51.180289


-------------------------------------------------------------------------------------------------------------------
Tour_Id:			12
No_of_Customers:		2
No_of_Items:			16
Customer_Sequence:		33 3 

CustId	Id	TypeId	Rotated	x	y	z	Length	Width	Height	mass	Fragility	LoadBearingStrength
3	15	5	0	0	0	0	27	6	9	184.92	0		11.922483
3	19	46	0	0	6	0	26	11	7	340.44	0		23.342498
3	21	56	0	0	6	7	26	9	7	194.55	0		16.941150
3	23	64	0	0	17	0	23	8	8	200.37	0		34.926829
3	16	6	0	0	15	8	24	10	9	308.39	0		7.161577
3	22	61	0	0	6	14	27	9	6	155.26	0		8.476868
33	222	26	0	0	15	17	28	10	10	367.22	0		6.728664
3	18	20	0	26	6	0	22	11	6	152.13	1		5.033393
3	20	49	0	0	0	9	29	6	8	174.11	1		2.464543
3	17	16	0	48	0	0	12	10	11	178.80	0		4.145735
33	226	84	0	0	6	20	23	6	6	148.32	0		16.795097
33	225	83	0	24	17	0	35	7	6	199.97	0		20.346869
33	220	16	0	48	0	11	12	10	11	178.80	0		4.145735
33	224	74	0	28	10	6	25	14	13	529	1		1.941774
33	221	20	0	28	10	19	22	11	6	152.13	1		5.033393
33	223	29	0	0	0	17	18	5	12	110.17	1		5.170664


-------------------------------------------------------------------------------------------------------------------
Tour_Id:			13
No_of_Customers:		2
No_of_Items:			9
Customer_Sequence:		35 55 

CustId	Id	TypeId	Rotated	x	y	z	Length	Width	Height	mass	Fragility	LoadBearingStrength
55	365	7	0	0	0	0	22	14	13	450.41	0		7.345552
55	366	46	0	0	14	0	26	11	7	340.44	0		23.342498
35	236	98	0	22	0	0	35	9	14	679.54	0		32.700365
55	369	96	0	0	14	7	34	7	13	1177.40	0		24.533909
55	368	88	0	0	0	13	15	9	14	248.06	0		25.493335
55	367	63	0	0	14	20	15	9	10	212.37	0		6.840050
55	364	7	0	34	9	0	22	14	13	450.41	0		7.345552
35	234	51	0	34	9	13	20	13	14	567.34	1		3.730058
35	235	59	0	22	0	14	30	7	11	266.72	1		2.956677


-------------------------------------------------------------------------------------------------------------------
Tour_Id:			14
No_of_Customers:		1
No_of_Items:			0
Customer_Sequence:		52 

-------------------------------------------------------------------------------------------------------------------
Tour_Id:			15
No_of_Customers:		2
No_of_Items:			15
Customer_Sequence:		16 53 

CustId	Id	TypeId	Rotated	x	y	z	Length	Width	Height	mass	Fragility	LoadBearingStrength
53	355	98	0	0	0	0	35	9	14	679.54	0		32.700365
53	349	46	0	0	9	0	26	11	7	340.44	0		23.342498
53	354	87	0	0	9	7	19	11	14	583.48	1		2.839527
16	104	20	0	0	9	21	22	11	6	152.13	1		5.033393
53	352	63	0	0	0	14	15	9	10	212.37	0		6.840050
53	353	70	0	0	20	0	29	5	7	137.82	0		7.062150
53	350	56	0	15	0	14	26	9	7	194.55	0		16.941150
53	351	58	1	19	9	7	15	8	13	222.98	0		13.923656
53	348	43	0	0	0	24	19	7	6	103.85	1		2.737664
16	107	69	0	29	9	0	30	11	11	369.42	0		11.144215
16	105	28	0	19	0	21	28	8	8	336.48	0		34.482014
16	108	73	0	27	9	11	15	9	9	192.20	0		7.965761
16	103	4	0	27	9	20	13	12	7	203.64	0		9.357509
53	347	37	0	35	0	0	20	9	12	252.80	1		3.169504
16	106	40	0	29	20	0	24	5	12	246.52	1		11.494002


-------------------------------------------------------------------------------------------------------------------
Tour_Id:			16
No_of_Customers:		2
No_of_Items:			14
Customer_Sequence:		50 25 

CustId	Id	TypeId	Rotated	x	y	z	Length	Width	Height	mass	Fragility	LoadBearingStrength
25	165	36	0	0	0	0	34	14	14	1242.37	0		14.955659
25	163	10	0	0	0	14	34	13	12	808.44	0		7.600457
25	169	88	0	0	14	0	15	9	14	248.06	0		25.493335
25	162	5	0	15	14	0	27	6	9	184.92	0		11.922483
25	166	68	0	0	13	14	20	5	13	212.53	0		23.722369
25	167	72	0	34	0	0	13	9	7	155.73	0		11.137456
25	164	14	0	0	18	14	15	5	14	127.02	0		8.160251
25	161	4	0	34	0	7	13	12	7	203.64	0		9.357509
25	168	72	0	34	0	14	13	9	7	155.73	0		11.137456
50	324	6	1	47	0	0	24	10	9	308.39	0		7.161577
50	327	71	1	47	0	9	16	13	9	301.62	1		4.812720
50	328	73	0	34	0	21	15	9	9	192.20	0		7.965761
50	326	37	1	49	0	18	20	9	12	252.80	1		3.169504
50	325	25	0	15	20	0	32	5	12	266.27	0		8.239668


-------------------------------------------------------------------------------------------------------------------
Tour_Id:			17
No_of_Customers:		1
No_of_Items:			0
Customer_Sequence:		17 

-------------------------------------------------------------------------------------------------------------------
Tour_Id:			18
No_of_Customers:		2
No_of_Items:			13
Customer_Sequence:		20 59 

CustId	Id	TypeId	Rotated	x	y	z	Length	Width	Height	mass	Fragility	LoadBearingStrength
59	389	23	0	0	0	0	33	11	12	863.61	0		5.499388
59	390	27	0	0	11	0	23	5	12	206.33	0		4.289312
20	135	56	0	0	16	0	26	9	7	194.55	0		16.941150
59	391	49	0	0	0	12	29	6	8	174.11	1		2.464543
59	394	91	0	33	0	0	24	12	7	364.47	0		18.872532
59	393	89	0	0	6	12	21	8	14	456.35	0		22.923517
20	136	95	0	26	12	0	31	12	10	478.27	0		3.966392
59	392	75	0	33	0	7	23	11	11	347.27	0		16.482428
20	134	56	0	0	16	7	26	9	7	194.55	0		16.941150
20	131	26	0	26	12	10	28	10	10	367.22	0		6.728664
20	132	42	0	0	14	14	24	9	12	337.90	0		9.461626
20	133	53	0	26	12	20	26	11	7	282.91	0		10.736954
20	130	18	0	29	0	18	29	6	12	370.48	0		9.440501


-------------------------------------------------------------------------------------------------------------------
Tour_Id:			19
No_of_Customers:		2
No_of_Items:			16
Customer_Sequence:		9 7 

CustId	Id	TypeId	Rotated	x	y	z	Length	Width	Height	mass	Fragility	LoadBearingStrength
7	44	33	0	0	0	0	14	12	12	276.83	0		18.646077
7	43	29	0	0	12	0	18	5	12	110.17	1		5.170664
7	49	79	0	0	17	0	26	8	14	582.02	0		7.317688
7	48	77	0	14	0	0	35	11	10	712.77	0		11.082416
7	45	39	0	0	0	12	13	10	6	96.36	1		2.276826
7	46	43	0	0	10	12	19	7	6	103.85	1		2.737664
9	54	16	0	14	0	10	12	10	11	178.80	0		4.145735
9	59	55	0	26	0	10	24	14	6	401.64	0		18.519233
9	61	72	0	14	0	21	13	9	7	155.73	0		11.137456
7	47	56	0	26	14	0	26	9	7	194.55	0		16.941150
9	60	56	0	26	14	7	26	9	7	194.55	0		16.941150
9	57	37	1	0	0	18	20	9	12	252.80	1		3.169504
9	53	14	0	0	20	14	15	5	14	127.02	0		8.160251
9	55	18	0	15	17	14	29	6	12	370.48	0		9.440501
9	56	19	0	27	0	16	28	8	14	346.98	0		5.924971
9	58	43	0	27	8	16	19	7	6	103.85	1		2.737664


-------------------------------------------------------------------------------------------------------------------
Tour_Id:			20
No_of_Customers:		1
No_of_Items:			0
Customer_Sequence:		26 

-------------------------------------------------------------------------------------------------------------------
Tour_Id:			21
No_of_Customers:		2
No_of_Items:			13
Customer_Sequence:		14 12 

CustId	Id	TypeId	Rotated	x	y	z	Length	Width	Height	mass	Fragility	LoadBearingStrength
12	79	10	0	0	0	0	34	13	12	808.44	0		7.600457
12	80	22	0	0	13	0	31	10	10	361.47	1		2.610145
12	83	75	0	0	0	12	23	11	11	347.27	0		16.482428
12	82	72	0	0	0	23	13	9	7	155.73	0		11.137456
12	81	34	0	34	0	0	20	14	12	515.29	0		10.033276
12	84	78	0	0	13	10	24	6	13	501.66	1		4.315868
14	95	69	0	23	0	12	30	11	11	369.42	0		11.144215
14	91	6	0	31	14	0	24	10	9	308.39	0		7.161577
14	94	39	0	0	9	23	13	10	6	96.36	1		2.276826
14	92	8	0	13	0	23	18	12	7	153.87	0		22.494424
14	97	97	0	31	14	9	13	10	11	228.90	0		51.180289
14	96	90	1	55	0	0	25	5	10	200.16	0		18.778471
14	93	15	1	54	0	10	22	6	14	268.99	0		8.369402


-------------------------------------------------------------------------------------------------------------------
Tour_Id:			22
No_of_Customers:		1
No_of_Items:			0
Customer_Sequence:		45 

-------------------------------------------------------------------------------------------------------------------
Tour_Id:			23
No_of_Customers:		2
No_of_Items:			12
Customer_Sequence:		42 57 

CustId	Id	TypeId	Rotated	x	y	z	Length	Width	Height	mass	Fragility	LoadBearingStrength
57	381	95	0	0	0	0	31	12	10	478.27	0		3.966392
57	382	95	0	0	12	0	31	12	10	478.27	0		3.966392
57	376	16	0	0	0	10	12	10	11	178.80	0		4.145735
57	378	70	0	0	10	10	29	5	7	137.82	0		7.062150
42	275	19	0	0	15	10	28	8	14	346.98	0		5.924971
57	377	64	0	12	0	10	23	8	8	200.37	0		34.926829
57	380	74	0	35	0	0	25	14	13	529	1		1.941774
57	379	73	0	0	0	21	15	9	9	192.20	0		7.965761
42	276	26	0	31	14	0	28	10	10	367.22	0		6.728664
42	277	31	0	28	15	10	32	6	13	354.70	0		5.977187
42	278	63	0	15	0	18	15	9	10	212.37	0		6.840050
42	279	71	0	35	0	13	16	13	9	301.62	1		4.812720


-------------------------------------------------------------------------------------------------------------------
Tour_Id:			24
No_of_Customers:		2
No_of_Items:			9
Customer_Sequence:		19 48 

CustId	Id	TypeId	Rotated	x	y	z	Length	Width	Height	mass	Fragility	LoadBearingStrength
48	319	11	0	0	0	0	35	13	11	898.86	0		44.762208
48	317	9	0	0	13	0	27	6	11	349.83	0		10.320440
48	318	9	0	0	19	0	27	6	11	349.83	0		10.320440
48	320	67	0	0	0	11	23	14	10	641.60	1		3.276059
19	126	26	0	0	14	11	28	10	10	367.22	0		6.728664
19	129	89	0	28	13	0	21	8	14	456.35	0		22.923517
19	127	33	0	23	0	11	14	12	12	276.83	0		18.646077
19	125	8	0	23	0	23	18	12	7	153.87	0		22.494424
19	128	35	0	0	14	21	30	7	6	235.23	0		17.619759


-------------------------------------------------------------------------------------------------------------------
Tour_Id:			25
No_of_Customers:		2
No_of_Items:			11
Customer_Sequence:		6 22 

CustId	Id	TypeId	Rotated	x	y	z	Length	Width	Height	mass	Fragility	LoadBearingStrength
22	149	95	0	0	0	0	31	12	10	478.27	0		3.966392
22	144	12	0	0	0	10	34	14	10	735.78	0		17.751184
22	145	24	0	34	0	0	22	13	13	577.15	0		21.757804
22	147	45	0	0	0	20	21	14	8	240.06	0		4.181967
6	42	97	0	0	14	0	13	10	11	228.90	0		51.180289
22	146	37	0	34	0	13	20	9	12	252.80	1		3.169504
22	148	71	1	21	0	20	16	13	9	301.62	1		4.812720
6	38	1	0	13	16	0	14	9	14	287.82	0		11.636777
6	39	1	0	13	16	14	14	9	14	287.82	0		11.636777
6	40	31	0	27	16	0	32	6	13	354.70	0		5.977187
6	41	51	0	34	9	13	20	13	14	567.34	1		3.730058


-------------------------------------------------------------------------------------------------------------------
Tour_Id:			26
No_of_Customers:		2
No_of_Items:			14
Customer_Sequence:		58 54 

CustId	Id	TypeId	Rotated	x	y	z	Length	Width	Height	mass	Fragility	LoadBearingStrength
54	362	75	0	0	0	0	23	11	11	347.27	0		16.482428
54	359	48	0	0	11	0	31	9	10	354.69	0		8.763719
54	361	70	0	0	20	0	29	5	7	137.82	0		7.062150
54	357	7	0	0	0	11	22	14	13	450.41	0		7.345552
58	388	98	0	23	0	0	35	9	14	679.54	0		32.700365
58	384	55	0	0	0	24	24	14	6	401.64	0		18.519233
54	356	1	0	31	11	0	14	9	14	287.82	0		11.636777
54	363	90	0	0	20	7	25	5	10	200.16	0		18.778471
58	385	76	0	22	0	14	13	11	8	184.36	1		11.192665
58	383	42	0	35	0	14	24	9	12	337.90	0		9.461626
54	358	30	0	0	20	17	33	5	11	328.69	0		5.340386
58	386	92	0	45	9	0	14	14	10	248.48	0		50.112918
58	387	97	0	45	9	10	13	10	11	228.90	0		51.180289
54	360	49	0	0	14	10	29	6	8	174.11	1		2.464543


-------------------------------------------------------------------------------------------------------------------
Tour_Id:			27
No_of_Customers:		2
No_of_Items:			12
Customer_Sequence:		31 38 

CustId	Id	TypeId	Rotated	x	y	z	Length	Width	Height	mass	Fragility	LoadBearingStrength
38	251	67	0	0	0	0	23	14	10	641.60	1		3.276059
38	249	38	0	0	14	0	19	5	14	147.09	0		16.565591
38	255	91	0	23	0	0	24	12	7	364.47	0		18.872532
31	210	98	0	19	14	0	35	9	14	679.54	0		32.700365
31	207	25	0	0	14	14	32	5	12	266.27	0		8.239668
38	250	45	0	23	0	7	21	14	8	240.06	0		4.181967
38	253	87	0	0	0	10	19	11	14	583.48	1		2.839527
38	254	91	0	23	0	15	24	12	7	364.47	0		18.872532
31	208	41	0	19	0	22	23	12	8	544.38	0		10.985434
31	209	56	0	32	14	14	26	9	7	194.55	0		16.941150
38	252	81	0	47	0	0	13	10	9	135.86	0		14.989432
31	206	5	0	32	14	21	27	6	9	184.92	0		11.922483


-------------------------------------------------------------------------------------------------------------------
Tour_Id:			28
No_of_Customers:		2
No_of_Items:			15
Customer_Sequence:		27 51 

CustId	Id	TypeId	Rotated	x	y	z	Length	Width	Height	mass	Fragility	LoadBearingStrength
51	335	77	0	0	0	0	35	11	10	712.77	0		11.082416
51	333	33	0	0	11	0	14	12	12	276.83	0		18.646077
51	331	18	0	0	0	10	29	6	12	370.48	0		9.440501
51	332	23	0	14	11	0	33	11	12	863.61	0		5.499388
27	184	85	0	0	11	12	19	11	8	206.45	0		12.814307
27	183	55	0	19	11	12	24	14	6	401.64	0		18.519233
27	182	44	0	19	11	18	28	6	11	338.03	0		28.104974
51	337	84	0	0	0	22	23	6	6	148.32	0		16.795097
51	329	1	0	35	0	0	14	9	14	287.82	0		11.636777
51	334	37	1	49	0	0	20	9	12	252.80	1		3.169504
27	179	25	0	19	17	18	32	5	12	266.27	0		8.239668
51	336	81	0	35	0	14	13	10	9	135.86	0		14.989432
51	330	14	0	0	6	10	15	5	14	127.02	0		8.160251
27	180	37	1	51	0	12	20	9	12	252.80	1		3.169504
27	181	43	0	0	11	20	19	7	6	103.85	1		2.737664


-------------------------------------------------------------------------------------------------------------------
Tour_Id:			29
No_of_Customers:		2
No_of_Items:			12
Customer_Sequence:		34 39 

CustId	Id	TypeId	Rotated	x	y	z	Length	Width	Height	mass	Fragility	LoadBearingStrength
39	257	12	0	0	0	0	34	14	10	735.78	0		17.751184
39	256	7	0	0	0	10	22	14	13	450.41	0		7.345552
39	260	55	0	0	0	23	24	14	6	401.64	0		18.519233
39	258	27	0	0	14	0	23	5	12	206.33	0		4.289312
39	259	38	0	0	19	0	19	5	14	147.09	0		16.565591
34	229	7	0	34	0	0	22	14	13	450.41	0		7.345552
34	233	77	0	23	14	0	35	11	10	712.77	0		11.082416
34	228	6	0	23	14	10	24	10	9	308.39	0		7.161577
34	227	2	0	23	14	19	28	8	9	222.96	0		18.624197
34	231	60	0	34	0	13	16	14	7	175.02	0		33.260908
34	232	60	0	34	0	20	16	14	7	175.02	0		33.260908
34	230	14	0	0	14	12	15	5	14	127.02	0		8.160251


-------------------------------------------------------------------------------------------------------------------
Tour_Id:			30
No_of_Customers:		2
No_of_Items:			11
Customer_Sequence:		8 2 

CustId	Id	TypeId	Rotated	x	y	z	Length	Width	Height	mass	Fragility	LoadBearingStrength
2	14	67	0	0	0	0	23	14	10	641.60	1		3.276059
2	13	58	0	0	14	0	15	8	13	222.98	0		13.923656
2	11	56	0	15	14	0	26	9	7	194.55	0		16.941150
2	7	18	0	15	14	7	29	6	12	370.48	0		9.440501
2	8	27	0	23	0	0	23	5	12	206.33	0		4.289312
2	12	57	0	41	14	0	18	11	7	201.29	0		6.634953
2	10	42	0	23	5	0	24	9	12	337.90	0		9.461626
2	9	37	0	0	0	10	20	9	12	252.80	1		3.169504
8	52	95	0	23	0	12	31	12	10	478.27	0		3.966392
8	50	45	0	23	0	22	21	14	8	240.06	0		4.181967
8	51	49	0	15	14	19	29	6	8	174.11	1		2.464543


-------------------------------------------------------------------------------------------------------------------
Tour_Id:			31
No_of_Customers:		2
No_of_Items:			15
Customer_Sequence:		46 37 

CustId	Id	TypeId	Rotated	x	y	z	Length	Width	Height	mass	Fragility	LoadBearingStrength
37	244	18	0	0	0	0	29	6	12	370.48	0		9.440501
37	247	83	0	0	6	0	35	7	6	199.97	0		20.346869
37	245	57	0	0	13	0	18	11	7	201.29	0		6.634953
37	242	9	0	0	6	6	27	6	11	349.83	0		10.320440
37	248	88	0	0	13	7	15	9	14	248.06	0		25.493335
46	306	74	0	35	0	0	25	14	13	529	1		1.941774
37	243	15	0	0	0	12	22	6	14	268.99	0		8.369402
46	300	18	0	0	6	17	29	6	12	370.48	0		9.440501
37	246	76	0	0	13	21	13	11	8	184.36	1		11.192665
46	304	58	0	18	13	0	15	8	13	222.98	0		13.923656
46	305	64	0	35	14	0	23	8	8	200.37	0		34.926829
46	307	99	0	18	13	13	13	5	11	128.74	0		16.777858
46	302	51	0	31	0	13	20	13	14	567.34	1		3.730058
46	303	56	0	33	14	8	26	9	7	194.55	0		16.941150
46	301	37	0	31	13	15	20	9	12	252.80	1		3.169504


-------------------------------------------------------------------------------------------------------------------
Tour_Id:			32
No_of_Customers:		2
No_of_Items:			15
Customer_Sequence:		60 40 

CustId	Id	TypeId	Rotated	x	y	z	Length	Width	Height	mass	Fragility	LoadBearingStrength
40	269	94	0	0	0	0	29	14	11	457.94	0		6.710698
40	263	48	0	0	14	0	31	9	10	354.69	0		8.763719
60	396	7	0	0	0	11	22	14	13	450.41	0		7.345552
40	261	9	0	0	14	10	27	6	11	349.83	0		10.320440
40	262	16	0	29	0	0	12	10	11	178.80	0		4.145735
40	267	82	0	31	14	0	19	11	7	183.75	0		5.683350
40	266	72	0	31	14	7	13	9	7	155.73	0		11.137456
40	268	88	0	31	14	14	15	9	14	248.06	0		25.493335
40	264	49	0	0	14	21	29	6	8	174.11	1		2.464543
40	265	60	0	41	0	0	16	14	7	175.02	0		33.260908
60	395	6	0	22	0	11	24	10	9	308.39	0		7.161577
60	398	27	1	46	0	7	23	5	12	206.33	0		4.289312
60	400	62	0	22	0	20	18	7	10	176.86	0		10.906142
60	397	17	1	46	0	19	24	5	9	210.67	0		11.875471
60	399	39	0	0	0	24	13	10	6	96.36	1		2.276826


