Name:				466_n060_m400_bt3
Problem:			3L-VRPTW
Number_of_used_Vehicles:	5
Total_Travel_Distance:		739.57
Calculation_Time:		3600.00
Total_Iterations:		4578
ConstraintSet:			P1

-------------------------------------------------------------------------------------------------------------------
Tour_Id:			1
No_of_Customers:		11
No_of_Items:			76
Customer_Sequence:		25 19 48 21 11 22 46 27 53 3 60 

CustId	Id	TypeId	Rotated	x	y	z	Length	Width	Height	mass	Fragility	LoadBearingStrength
60	398	2	0	0	0	0	15	3	4	143.74	0		26.805444
60	395	1	0	0	3	0	8	4	4	61.10	0		17.746910
60	396	1	0	0	7	0	8	4	4	61.10	0		17.746910
60	397	1	0	0	11	0	8	4	4	61.10	0		17.746910
60	399	3	0	0	15	0	9	7	5	159.23	1		3.199908
60	400	3	0	0	0	4	9	7	5	159.23	1		3.199908
3	18	2	0	0	22	0	15	3	4	143.74	0		26.805444
3	16	1	0	0	7	4	8	4	4	61.10	0		17.746910
3	17	1	0	0	11	4	8	4	4	61.10	0		17.746910
3	19	3	0	0	15	5	9	7	5	159.23	1		3.199908
3	20	3	0	0	7	8	9	7	5	159.23	1		3.199908
3	21	3	0	0	0	9	9	7	5	159.23	1		3.199908
53	344	2	0	0	22	4	15	3	4	143.74	0		26.805444
53	345	2	0	0	22	8	15	3	4	143.74	0		26.805444
53	343	1	0	9	3	0	8	4	4	61.10	0		17.746910
53	346	3	0	0	14	10	9	7	5	159.23	1		3.199908
53	347	3	0	0	7	13	9	7	5	159.23	1		3.199908
53	348	3	0	0	0	14	9	7	5	159.23	1		3.199908
53	349	3	0	0	14	15	9	7	5	159.23	1		3.199908
27	171	2	0	0	22	12	15	3	4	143.74	0		26.805444
27	168	1	0	9	7	0	8	4	4	61.10	0		17.746910
27	169	1	0	9	11	0	8	4	4	61.10	0		17.746910
27	170	1	0	9	15	0	8	4	4	61.10	0		17.746910
27	172	3	0	0	7	18	9	7	5	159.23	1		3.199908
27	173	3	0	0	0	19	9	7	5	159.23	1		3.199908
27	174	3	0	0	14	20	9	7	5	159.23	1		3.199908
27	175	3	0	0	7	23	9	7	5	159.23	1		3.199908
46	301	2	0	0	22	16	15	3	4	143.74	0		26.805444
46	298	1	0	0	21	20	8	4	4	61.10	0		17.746910
46	299	1	0	0	21	24	8	4	4	61.10	0		17.746910
46	300	1	0	9	0	4	8	4	4	61.10	0		17.746910
46	302	3	0	0	0	24	9	7	5	159.23	1		3.199908
22	139	2	0	9	19	0	15	3	4	143.74	0		26.805444
22	140	2	1	9	4	4	15	3	4	143.74	0		26.805444
22	141	2	0	9	19	4	15	3	4	143.74	0		26.805444
22	134	1	0	9	0	8	8	4	4	61.10	0		17.746910
22	135	1	1	9	4	8	8	4	4	61.10	0		17.746910
22	136	1	1	9	12	8	8	4	4	61.10	0		17.746910
22	137	1	0	9	0	12	8	4	4	61.10	0		17.746910
22	138	1	1	9	4	12	8	4	4	61.10	0		17.746910
22	142	3	0	0	14	25	9	7	5	159.23	1		3.199908
11	70	2	1	9	0	16	15	3	4	143.74	0		26.805444
11	71	2	1	9	0	20	15	3	4	143.74	0		26.805444
11	72	2	1	9	0	24	15	3	4	143.74	0		26.805444
11	73	2	1	13	4	4	15	3	4	143.74	0		26.805444
11	74	3	0	17	0	0	9	7	5	159.23	1		3.199908
21	130	2	1	13	4	8	15	3	4	143.74	0		26.805444
21	131	2	1	13	4	12	15	3	4	143.74	0		26.805444
21	125	1	1	12	0	16	8	4	4	61.10	0		17.746910
21	126	1	1	12	8	16	8	4	4	61.10	0		17.746910
21	127	1	1	12	0	20	8	4	4	61.10	0		17.746910
21	128	1	1	12	8	20	8	4	4	61.10	0		17.746910
21	129	1	1	12	0	24	8	4	4	61.10	0		17.746910
21	132	3	0	17	7	0	9	7	5	159.23	1		3.199908
21	133	3	0	16	4	5	9	7	5	159.23	1		3.199908
48	311	2	0	15	22	0	15	3	4	143.74	0		26.805444
48	312	2	0	15	22	4	15	3	4	143.74	0		26.805444
48	313	2	0	15	22	8	15	3	4	143.74	0		26.805444
48	314	2	0	15	22	12	15	3	4	143.74	0		26.805444
48	309	1	1	12	8	24	8	4	4	61.10	0		17.746910
48	310	1	0	17	14	0	8	4	4	61.10	0		17.746910
48	315	3	0	16	4	10	9	7	5	159.23	1		3.199908
48	316	3	0	16	4	15	9	7	5	159.23	1		3.199908
48	317	3	0	16	4	20	9	7	5	159.23	1		3.199908
19	113	2	0	15	22	16	15	3	4	143.74	0		26.805444
19	114	2	0	8	22	20	15	3	4	143.74	0		26.805444
19	115	2	0	8	22	24	15	3	4	143.74	0		26.805444
19	112	1	0	16	14	4	8	4	4	61.10	0		17.746910
19	116	3	0	16	14	8	9	7	5	159.23	1		3.199908
19	117	3	0	16	14	13	9	7	5	159.23	1		3.199908
19	118	3	0	16	14	18	9	7	5	159.23	1		3.199908
25	158	2	0	25	14	0	15	3	4	143.74	0		26.805444
25	156	1	0	25	17	0	8	4	4	61.10	0		17.746910
25	157	1	0	25	14	4	8	4	4	61.10	0		17.746910
25	159	3	0	16	14	23	9	7	5	159.23	1		3.199908
25	160	3	0	16	4	25	9	7	5	159.23	1		3.199908


-------------------------------------------------------------------------------------------------------------------
Tour_Id:			2
No_of_Customers:		13
No_of_Items:			89
Customer_Sequence:		38 59 1 42 12 20 34 50 13 26 23 7 28 

CustId	Id	TypeId	Rotated	x	y	z	Length	Width	Height	mass	Fragility	LoadBearingStrength
28	179	2	0	0	0	0	15	3	4	143.74	0		26.805444
28	180	2	0	0	3	0	15	3	4	143.74	0		26.805444
28	176	1	0	0	6	0	8	4	4	61.10	0		17.746910
28	177	1	0	0	10	0	8	4	4	61.10	0		17.746910
28	178	1	0	0	14	0	8	4	4	61.10	0		17.746910
28	181	3	0	0	18	0	9	7	5	159.23	1		3.199908
28	182	3	0	0	0	4	9	7	5	159.23	1		3.199908
28	183	3	0	0	7	4	9	7	5	159.23	1		3.199908
28	184	3	0	0	18	5	9	7	5	159.23	1		3.199908
7	49	2	0	8	14	0	15	3	4	143.74	0		26.805444
7	46	1	0	0	14	4	8	4	4	61.10	0		17.746910
7	47	1	0	0	14	8	8	4	4	61.10	0		17.746910
7	48	1	0	0	14	12	8	4	4	61.10	0		17.746910
7	50	3	0	0	0	9	9	7	5	159.23	1		3.199908
7	51	3	0	0	7	9	9	7	5	159.23	1		3.199908
23	144	2	0	8	14	4	15	3	4	143.74	0		26.805444
23	143	1	0	0	14	16	8	4	4	61.10	0		17.746910
23	145	3	0	0	18	10	9	7	5	159.23	1		3.199908
23	146	3	0	0	0	14	9	7	5	159.23	1		3.199908
26	163	2	0	8	14	8	15	3	4	143.74	0		26.805444
26	164	2	0	8	14	12	15	3	4	143.74	0		26.805444
26	161	1	0	0	14	20	8	4	4	61.10	0		17.746910
26	162	1	0	0	14	24	8	4	4	61.10	0		17.746910
26	165	3	0	0	7	14	9	7	5	159.23	1		3.199908
26	166	3	0	0	18	15	9	7	5	159.23	1		3.199908
26	167	3	0	0	0	19	9	7	5	159.23	1		3.199908
13	83	2	0	8	14	16	15	3	4	143.74	0		26.805444
13	84	2	0	8	14	20	15	3	4	143.74	0		26.805444
13	85	2	0	8	14	24	15	3	4	143.74	0		26.805444
13	81	1	0	9	17	0	8	4	4	61.10	0		17.746910
13	82	1	0	9	21	0	8	4	4	61.10	0		17.746910
50	329	2	0	9	6	0	15	3	4	143.74	0		26.805444
50	327	1	0	9	9	0	8	4	4	61.10	0		17.746910
50	328	1	0	9	0	4	8	4	4	61.10	0		17.746910
50	330	3	0	0	7	19	9	7	5	159.23	1		3.199908
50	331	3	0	0	18	20	9	7	5	159.23	1		3.199908
50	332	3	0	0	0	24	9	7	5	159.23	1		3.199908
34	217	2	0	9	6	4	15	3	4	143.74	0		26.805444
34	213	1	0	9	9	4	8	4	4	61.10	0		17.746910
34	214	1	0	9	17	4	8	4	4	61.10	0		17.746910
34	215	1	0	9	21	4	8	4	4	61.10	0		17.746910
34	216	1	0	9	0	8	8	4	4	61.10	0		17.746910
34	218	3	0	0	7	24	9	7	5	159.23	1		3.199908
34	219	3	0	0	18	25	9	7	5	159.23	1		3.199908
20	121	2	0	9	6	8	15	3	4	143.74	0		26.805444
20	122	2	0	9	6	12	15	3	4	143.74	0		26.805444
20	123	2	0	9	6	16	15	3	4	143.74	0		26.805444
20	119	1	0	9	9	8	8	4	4	61.10	0		17.746910
20	120	1	0	9	17	8	8	4	4	61.10	0		17.746910
20	124	3	0	17	17	0	9	7	5	159.23	1		3.199908
12	76	2	0	9	6	20	15	3	4	143.74	0		26.805444
12	77	2	0	9	6	24	15	3	4	143.74	0		26.805444
12	78	2	0	17	9	0	15	3	4	143.74	0		26.805444
12	75	1	0	9	21	8	8	4	4	61.10	0		17.746910
12	79	3	0	9	17	12	9	7	5	159.23	1		3.199908
12	80	3	0	9	17	17	9	7	5	159.23	1		3.199908
42	270	2	0	17	0	0	15	3	4	143.74	0		26.805444
42	271	2	0	17	3	0	15	3	4	143.74	0		26.805444
42	272	2	0	17	0	4	15	3	4	143.74	0		26.805444
42	273	2	0	17	3	4	15	3	4	143.74	0		26.805444
42	274	2	0	17	9	4	15	3	4	143.74	0		26.805444
42	275	2	0	17	0	8	15	3	4	143.74	0		26.805444
42	269	1	0	9	0	12	8	4	4	61.10	0		17.746910
1	5	2	0	17	3	8	15	3	4	143.74	0		26.805444
1	6	2	0	17	9	8	15	3	4	143.74	0		26.805444
1	1	1	0	9	9	12	8	4	4	61.10	0		17.746910
1	2	1	0	9	0	16	8	4	4	61.10	0		17.746910
1	3	1	0	9	9	16	8	4	4	61.10	0		17.746910
1	4	1	0	9	0	20	8	4	4	61.10	0		17.746910
1	7	3	0	9	17	22	9	7	5	159.23	1		3.199908
1	8	3	0	18	17	5	9	7	5	159.23	1		3.199908
59	387	2	0	17	0	12	15	3	4	143.74	0		26.805444
59	388	2	0	17	3	12	15	3	4	143.74	0		26.805444
59	389	2	0	17	9	12	15	3	4	143.74	0		26.805444
59	390	2	0	17	0	16	15	3	4	143.74	0		26.805444
59	391	2	0	17	3	16	15	3	4	143.74	0		26.805444
59	386	1	0	9	9	20	8	4	4	61.10	0		17.746910
59	392	3	0	18	17	10	9	7	5	159.23	1		3.199908
59	393	3	0	18	17	15	9	7	5	159.23	1		3.199908
59	394	3	0	18	17	20	9	7	5	159.23	1		3.199908
38	239	2	0	17	9	16	15	3	4	143.74	0		26.805444
38	240	2	0	17	0	20	15	3	4	143.74	0		26.805444
38	237	1	0	9	0	24	8	4	4	61.10	0		17.746910
38	238	1	0	9	9	24	8	4	4	61.10	0		17.746910
38	241	3	0	18	17	25	9	7	5	159.23	1		3.199908
38	242	3	0	27	12	0	9	7	5	159.23	1		3.199908
38	243	3	0	27	12	5	9	7	5	159.23	1		3.199908
38	244	3	0	27	12	10	9	7	5	159.23	1		3.199908
38	245	3	0	27	12	15	9	7	5	159.23	1		3.199908


-------------------------------------------------------------------------------------------------------------------
Tour_Id:			3
No_of_Customers:		16
No_of_Items:			107
Customer_Sequence:		43 5 56 36 52 24 15 29 32 41 45 57 35 44 9 16 

CustId	Id	TypeId	Rotated	x	y	z	Length	Width	Height	mass	Fragility	LoadBearingStrength
16	97	2	0	0	0	0	15	3	4	143.74	0		26.805444
16	98	2	0	0	3	0	15	3	4	143.74	0		26.805444
16	99	2	0	0	6	0	15	3	4	143.74	0		26.805444
16	100	2	0	0	9	0	15	3	4	143.74	0		26.805444
16	101	3	0	0	12	0	9	7	5	159.23	1		3.199908
9	59	2	0	0	19	0	15	3	4	143.74	0		26.805444
9	60	2	0	0	22	0	15	3	4	143.74	0		26.805444
9	61	2	0	0	0	4	15	3	4	143.74	0		26.805444
9	57	1	0	0	3	4	8	4	4	61.10	0		17.746910
9	58	1	0	0	7	4	8	4	4	61.10	0		17.746910
9	62	3	0	0	11	5	9	7	5	159.23	1		3.199908
9	63	3	0	0	0	8	9	7	5	159.23	1		3.199908
44	286	2	0	0	19	4	15	3	4	143.74	0		26.805444
44	287	2	0	0	22	4	15	3	4	143.74	0		26.805444
44	288	2	0	0	19	8	15	3	4	143.74	0		26.805444
44	289	2	0	0	22	8	15	3	4	143.74	0		26.805444
44	284	1	0	0	7	8	8	4	4	61.10	0		17.746910
44	285	1	0	0	7	12	8	4	4	61.10	0		17.746910
44	290	3	0	0	11	10	9	7	5	159.23	1		3.199908
44	291	3	0	0	0	13	9	7	5	159.23	1		3.199908
44	292	3	0	0	11	15	9	7	5	159.23	1		3.199908
35	220	2	0	0	19	12	15	3	4	143.74	0		26.805444
35	221	2	0	0	22	12	15	3	4	143.74	0		26.805444
35	222	2	0	0	19	16	15	3	4	143.74	0		26.805444
35	223	3	0	0	0	18	9	7	5	159.23	1		3.199908
57	376	2	0	0	22	16	15	3	4	143.74	0		26.805444
57	369	1	0	0	7	16	8	4	4	61.10	0		17.746910
57	370	1	0	0	7	20	8	4	4	61.10	0		17.746910
57	371	1	0	0	18	20	8	4	4	61.10	0		17.746910
57	372	1	0	0	7	24	8	4	4	61.10	0		17.746910
57	373	1	0	0	18	24	8	4	4	61.10	0		17.746910
57	374	1	0	8	7	4	8	4	4	61.10	0		17.746910
57	375	1	0	8	7	8	8	4	4	61.10	0		17.746910
57	377	3	0	0	11	20	9	7	5	159.23	1		3.199908
45	295	2	0	0	22	20	15	3	4	143.74	0		26.805444
45	296	2	0	0	22	24	15	3	4	143.74	0		26.805444
45	297	2	0	9	12	0	15	3	4	143.74	0		26.805444
45	293	1	0	8	7	12	8	4	4	61.10	0		17.746910
45	294	1	0	8	7	16	8	4	4	61.10	0		17.746910
41	266	2	0	9	15	0	15	3	4	143.74	0		26.805444
41	263	1	0	8	7	20	8	4	4	61.10	0		17.746910
41	264	1	0	8	7	24	8	4	4	61.10	0		17.746910
41	265	1	0	9	11	4	8	4	4	61.10	0		17.746910
41	267	3	0	0	0	23	9	7	5	159.23	1		3.199908
41	268	3	0	0	11	25	9	7	5	159.23	1		3.199908
32	202	2	0	9	15	4	15	3	4	143.74	0		26.805444
32	199	1	0	9	11	8	8	4	4	61.10	0		17.746910
32	200	1	0	9	15	8	8	4	4	61.10	0		17.746910
32	201	1	0	9	11	12	8	4	4	61.10	0		17.746910
32	203	3	0	15	0	0	9	7	5	159.23	1		3.199908
29	185	2	0	15	19	0	15	3	4	143.74	0		26.805444
29	186	3	0	15	0	5	9	7	5	159.23	1		3.199908
29	187	3	0	15	0	10	9	7	5	159.23	1		3.199908
29	188	3	0	15	0	15	9	7	5	159.23	1		3.199908
15	95	2	0	15	22	0	15	3	4	143.74	0		26.805444
15	96	2	0	15	19	4	15	3	4	143.74	0		26.805444
15	93	1	0	9	15	12	8	4	4	61.10	0		17.746910
15	94	1	0	9	11	16	8	4	4	61.10	0		17.746910
24	149	2	0	15	22	4	15	3	4	143.74	0		26.805444
24	150	2	0	15	19	8	15	3	4	143.74	0		26.805444
24	151	2	0	15	22	8	15	3	4	143.74	0		26.805444
24	152	2	0	15	19	12	15	3	4	143.74	0		26.805444
24	147	1	0	9	15	16	8	4	4	61.10	0		17.746910
24	148	1	0	8	18	20	8	4	4	61.10	0		17.746910
24	153	3	0	9	11	20	9	7	5	159.23	1		3.199908
24	154	3	0	9	11	25	9	7	5	159.23	1		3.199908
24	155	3	0	15	0	20	9	7	5	159.23	1		3.199908
52	338	2	0	15	22	12	15	3	4	143.74	0		26.805444
52	339	2	0	15	22	16	15	3	4	143.74	0		26.805444
52	340	2	0	15	22	20	15	3	4	143.74	0		26.805444
52	336	1	0	8	18	24	8	4	4	61.10	0		17.746910
52	337	1	0	16	7	0	8	4	4	61.10	0		17.746910
52	341	3	0	15	0	25	9	7	5	159.23	1		3.199908
52	342	3	0	24	0	0	9	7	5	159.23	1		3.199908
36	226	2	0	15	22	24	15	3	4	143.74	0		26.805444
36	227	2	0	24	7	0	15	3	4	143.74	0		26.805444
36	224	1	0	16	7	4	8	4	4	61.10	0		17.746910
36	225	1	0	16	7	8	8	4	4	61.10	0		17.746910
36	228	3	0	24	10	0	9	7	5	159.23	1		3.199908
36	229	3	0	24	0	5	9	7	5	159.23	1		3.199908
36	230	3	0	24	10	5	9	7	5	159.23	1		3.199908
36	231	3	0	24	0	10	9	7	5	159.23	1		3.199908
36	232	3	0	24	10	10	9	7	5	159.23	1		3.199908
56	365	2	0	24	7	4	15	3	4	143.74	0		26.805444
56	362	1	0	30	17	0	8	4	4	61.10	0		17.746910
56	363	1	0	30	21	0	8	4	4	61.10	0		17.746910
56	364	1	0	30	17	4	8	4	4	61.10	0		17.746910
56	366	3	0	24	0	15	9	7	5	159.23	1		3.199908
56	367	3	0	24	10	15	9	7	5	159.23	1		3.199908
56	368	3	0	24	0	20	9	7	5	159.23	1		3.199908
5	35	2	0	24	7	8	15	3	4	143.74	0		26.805444
5	36	2	0	16	7	12	15	3	4	143.74	0		26.805444
5	29	1	0	30	21	4	8	4	4	61.10	0		17.746910
5	30	1	0	30	17	8	8	4	4	61.10	0		17.746910
5	31	1	0	30	21	8	8	4	4	61.10	0		17.746910
5	32	1	0	30	17	12	8	4	4	61.10	0		17.746910
5	33	1	0	30	21	12	8	4	4	61.10	0		17.746910
5	34	1	0	30	17	16	8	4	4	61.10	0		17.746910
5	37	3	0	24	10	20	9	7	5	159.23	1		3.199908
43	280	2	0	16	7	16	15	3	4	143.74	0		26.805444
43	281	2	0	16	7	20	15	3	4	143.74	0		26.805444
43	276	1	0	30	21	16	8	4	4	61.10	0		17.746910
43	277	1	0	30	17	20	8	4	4	61.10	0		17.746910
43	278	1	0	30	21	20	8	4	4	61.10	0		17.746910
43	279	1	0	30	17	24	8	4	4	61.10	0		17.746910
43	282	3	0	24	0	25	9	7	5	159.23	1		3.199908
43	283	3	0	24	10	25	9	7	5	159.23	1		3.199908


-------------------------------------------------------------------------------------------------------------------
Tour_Id:			4
No_of_Customers:		14
No_of_Items:			86
Customer_Sequence:		40 31 6 18 39 30 49 51 55 10 37 4 54 8 

CustId	Id	TypeId	Rotated	x	y	z	Length	Width	Height	mass	Fragility	LoadBearingStrength
8	55	2	0	0	0	0	15	3	4	143.74	0		26.805444
8	52	1	0	0	3	0	8	4	4	61.10	0		17.746910
8	53	1	0	0	7	0	8	4	4	61.10	0		17.746910
8	54	1	0	0	11	0	8	4	4	61.10	0		17.746910
8	56	3	0	0	15	0	9	7	5	159.23	1		3.199908
54	354	2	0	0	22	0	15	3	4	143.74	0		26.805444
54	355	2	0	0	0	4	15	3	4	143.74	0		26.805444
54	350	1	0	0	3	4	8	4	4	61.10	0		17.746910
54	351	1	0	0	7	4	8	4	4	61.10	0		17.746910
54	352	1	0	0	11	4	8	4	4	61.10	0		17.746910
54	353	1	0	0	0	8	8	4	4	61.10	0		17.746910
54	356	3	0	0	15	5	9	7	5	159.23	1		3.199908
4	24	2	0	0	22	4	15	3	4	143.74	0		26.805444
4	25	2	0	0	22	8	15	3	4	143.74	0		26.805444
4	22	1	0	0	4	8	8	4	4	61.10	0		17.746910
4	23	1	0	0	8	8	8	4	4	61.10	0		17.746910
4	26	3	0	0	15	10	9	7	5	159.23	1		3.199908
4	27	3	0	0	0	12	9	7	5	159.23	1		3.199908
4	28	3	0	0	15	15	9	7	5	159.23	1		3.199908
37	235	2	0	0	22	12	15	3	4	143.74	0		26.805444
37	233	1	0	0	7	12	8	4	4	61.10	0		17.746910
37	234	1	0	0	7	16	8	4	4	61.10	0		17.746910
37	236	3	0	0	0	17	9	7	5	159.23	1		3.199908
10	66	2	0	0	22	16	15	3	4	143.74	0		26.805444
10	67	2	0	0	22	20	15	3	4	143.74	0		26.805444
10	68	2	0	0	22	24	15	3	4	143.74	0		26.805444
10	69	2	0	8	7	0	15	3	4	143.74	0		26.805444
10	64	1	0	0	7	20	8	4	4	61.10	0		17.746910
10	65	1	0	0	7	24	8	4	4	61.10	0		17.746910
55	359	2	0	8	10	0	15	3	4	143.74	0		26.805444
55	360	2	0	8	7	4	15	3	4	143.74	0		26.805444
55	357	1	0	8	10	4	8	4	4	61.10	0		17.746910
55	358	1	0	8	7	8	8	4	4	61.10	0		17.746910
55	361	3	0	0	15	20	9	7	5	159.23	1		3.199908
51	334	2	0	0	12	8	15	3	4	143.74	0		26.805444
51	333	1	0	0	11	12	8	4	4	61.10	0		17.746910
51	335	3	0	0	0	22	9	7	5	159.23	1		3.199908
49	319	2	0	9	15	0	15	3	4	143.74	0		26.805444
49	320	2	0	9	18	0	15	3	4	143.74	0		26.805444
49	321	2	0	9	15	4	15	3	4	143.74	0		26.805444
49	322	2	0	9	18	4	15	3	4	143.74	0		26.805444
49	323	2	0	9	15	8	15	3	4	143.74	0		26.805444
49	324	2	0	9	18	8	15	3	4	143.74	0		26.805444
49	318	1	0	0	11	16	8	4	4	61.10	0		17.746910
49	325	3	0	0	15	25	9	7	5	159.23	1		3.199908
49	326	3	0	9	15	12	9	7	5	159.23	1		3.199908
30	191	2	0	15	0	0	15	3	4	143.74	0		26.805444
30	189	1	0	0	11	20	8	4	4	61.10	0		17.746910
30	190	1	0	0	11	24	8	4	4	61.10	0		17.746910
30	192	3	0	9	15	17	9	7	5	159.23	1		3.199908
39	249	2	0	9	3	0	15	3	4	143.74	0		26.805444
39	246	1	0	8	7	12	8	4	4	61.10	0		17.746910
39	247	1	0	8	7	16	8	4	4	61.10	0		17.746910
39	248	1	0	8	7	20	8	4	4	61.10	0		17.746910
39	250	3	0	9	15	22	9	7	5	159.23	1		3.199908
39	251	3	0	15	0	4	9	7	5	159.23	1		3.199908
39	252	3	0	15	0	9	9	7	5	159.23	1		3.199908
39	253	3	0	15	0	14	9	7	5	159.23	1		3.199908
18	107	2	0	15	22	0	15	3	4	143.74	0		26.805444
18	108	2	0	15	22	4	15	3	4	143.74	0		26.805444
18	109	2	0	15	22	8	15	3	4	143.74	0		26.805444
18	110	2	0	15	22	12	15	3	4	143.74	0		26.805444
18	111	3	0	15	0	19	9	7	5	159.23	1		3.199908
6	40	2	0	15	22	16	15	3	4	143.74	0		26.805444
6	41	2	0	15	22	20	15	3	4	143.74	0		26.805444
6	42	2	0	15	22	24	15	3	4	143.74	0		26.805444
6	43	2	0	23	7	0	15	3	4	143.74	0		26.805444
6	38	1	0	8	7	24	8	4	4	61.10	0		17.746910
6	39	1	0	18	15	12	8	4	4	61.10	0		17.746910
6	44	3	0	15	0	24	9	7	5	159.23	1		3.199908
6	45	3	0	24	10	0	9	7	5	159.23	1		3.199908
31	193	1	0	18	15	16	8	4	4	61.10	0		17.746910
31	194	3	0	30	0	0	9	7	5	159.23	1		3.199908
31	195	3	0	30	0	5	9	7	5	159.23	1		3.199908
31	196	3	0	30	0	10	9	7	5	159.23	1		3.199908
31	197	3	0	30	0	15	9	7	5	159.23	1		3.199908
31	198	3	0	30	0	20	9	7	5	159.23	1		3.199908
40	257	2	0	23	7	4	15	3	4	143.74	0		26.805444
40	258	2	0	16	7	8	15	3	4	143.74	0		26.805444
40	259	2	0	16	7	12	15	3	4	143.74	0		26.805444
40	260	2	0	16	7	16	15	3	4	143.74	0		26.805444
40	254	1	0	16	7	20	8	4	4	61.10	0		17.746910
40	255	1	0	16	7	24	8	4	4	61.10	0		17.746910
40	256	1	0	18	15	20	8	4	4	61.10	0		17.746910
40	261	3	0	26	10	5	9	7	5	159.23	1		3.199908
40	262	3	0	26	10	10	9	7	5	159.23	1		3.199908


-------------------------------------------------------------------------------------------------------------------
Tour_Id:			5
No_of_Customers:		6
No_of_Items:			42
Customer_Sequence:		17 58 14 33 47 2 

CustId	Id	TypeId	Rotated	x	y	z	Length	Width	Height	mass	Fragility	LoadBearingStrength
2	10	2	0	0	0	0	15	3	4	143.74	0		26.805444
2	11	2	0	0	3	0	15	3	4	143.74	0		26.805444
2	12	2	0	0	6	0	15	3	4	143.74	0		26.805444
2	9	1	0	0	9	0	8	4	4	61.10	0		17.746910
2	13	3	0	0	13	0	9	7	5	159.23	1		3.199908
2	14	3	0	0	0	4	9	7	5	159.23	1		3.199908
2	15	3	0	0	13	5	9	7	5	159.23	1		3.199908
47	306	2	0	0	20	0	15	3	4	143.74	0		26.805444
47	303	1	0	0	7	4	8	4	4	61.10	0		17.746910
47	304	1	0	0	20	4	8	4	4	61.10	0		17.746910
47	305	1	0	0	7	8	8	4	4	61.10	0		17.746910
47	307	3	0	0	0	9	9	7	5	159.23	1		3.199908
47	308	3	0	0	13	10	9	7	5	159.23	1		3.199908
33	207	2	0	8	9	0	15	3	4	143.74	0		26.805444
33	208	2	0	8	9	4	15	3	4	143.74	0		26.805444
33	204	1	0	0	20	8	8	4	4	61.10	0		17.746910
33	205	1	0	0	7	12	8	4	4	61.10	0		17.746910
33	206	1	0	0	20	12	8	4	4	61.10	0		17.746910
33	209	3	0	0	0	14	9	7	5	159.23	1		3.199908
33	210	3	0	0	13	15	9	7	5	159.23	1		3.199908
33	211	3	0	0	0	19	9	7	5	159.23	1		3.199908
33	212	3	0	0	13	20	9	7	5	159.23	1		3.199908
14	89	2	0	8	9	8	15	3	4	143.74	0		26.805444
14	90	2	0	8	9	12	15	3	4	143.74	0		26.805444
14	86	1	0	0	7	16	8	4	4	61.10	0		17.746910
14	87	1	0	0	20	16	8	4	4	61.10	0		17.746910
14	88	1	0	0	7	20	8	4	4	61.10	0		17.746910
14	91	3	0	0	0	24	9	7	5	159.23	1		3.199908
14	92	3	0	0	13	25	9	7	5	159.23	1		3.199908
58	383	2	0	8	9	16	15	3	4	143.74	0		26.805444
58	378	1	0	0	20	20	8	4	4	61.10	0		17.746910
58	379	1	0	0	7	24	8	4	4	61.10	0		17.746910
58	380	1	0	0	20	24	8	4	4	61.10	0		17.746910
58	381	1	0	8	9	20	8	4	4	61.10	0		17.746910
58	382	1	0	8	9	24	8	4	4	61.10	0		17.746910
58	384	3	0	9	12	0	9	7	5	159.23	1		3.199908
58	385	3	1	9	0	4	9	7	5	159.23	1		3.199908
17	103	2	0	15	19	0	15	3	4	143.74	0		26.805444
17	102	1	0	9	19	4	8	4	4	61.10	0		17.746910
17	104	3	0	9	0	9	9	7	5	159.23	1		3.199908
17	105	3	0	9	0	14	9	7	5	159.23	1		3.199908
17	106	3	0	9	0	19	9	7	5	159.23	1		3.199908


