Name:				471_n060_m400_bt10
Problem:			3L-VRPTW
Number_of_used_Vehicles:	4
Total_Travel_Distance:		661.74
Calculation_Time:		3600.00
Total_Iterations:		585
ConstraintSet:			P1

-------------------------------------------------------------------------------------------------------------------
Tour_Id:			1
No_of_Customers:		18
No_of_Items:			105
Customer_Sequence:		50 28 8 49 54 43 3 22 11 53 23 41 4 9 35 44 12 20 

CustId	Id	TypeId	Rotated	x	y	z	Length	Width	Height	mass	Fragility	LoadBearingStrength
20	120	1	0	0	0	0	11	5	5	52.74	0		2.624190
20	122	5	0	0	5	0	12	2	7	40.98	0		4.831067
20	121	3	0	0	7	0	10	3	4	78.45	0		33.379840
20	124	10	0	0	10	0	13	4	3	21.07	1		2.127900
20	123	7	0	0	14	0	7	3	6	70.61	1		13.280722
12	75	4	0	0	17	0	17	3	6	150.40	0		73.945003
12	78	8	0	0	20	0	14	3	6	56.80	0		3.282477
12	76	5	0	0	23	0	12	2	7	40.98	0		4.831067
12	77	5	0	0	7	4	12	2	7	40.98	0		4.831067
12	79	10	0	0	10	3	13	4	3	21.07	1		2.127900
44	285	4	0	0	17	6	17	3	6	150.40	0		73.945003
44	283	1	0	0	0	5	11	5	5	52.74	0		2.624190
44	286	5	0	0	20	6	12	2	7	40.98	0		4.831067
44	287	5	0	0	5	7	12	2	7	40.98	0		4.831067
44	284	3	0	0	0	10	10	3	4	78.45	0		33.379840
44	288	7	0	0	10	6	7	3	6	70.61	1		13.280722
35	224	4	0	0	17	12	17	3	6	150.40	0		73.945003
35	223	1	0	11	0	0	11	5	5	52.74	0		2.624190
35	227	8	0	0	17	18	14	3	6	56.80	0		3.282477
35	225	5	0	0	23	7	12	2	7	40.98	0		4.831067
35	228	10	0	0	17	24	13	4	3	21.07	1		2.127900
35	226	7	0	0	13	6	7	3	6	70.61	1		13.280722
9	56	4	0	7	14	0	17	3	6	150.40	0		73.945003
9	57	4	0	7	14	6	17	3	6	150.40	0		73.945003
9	58	4	0	7	14	12	17	3	6	150.40	0		73.945003
9	53	1	0	11	0	5	11	5	5	52.74	0		2.624190
9	54	1	0	10	0	10	11	5	5	52.74	0		2.624190
9	60	8	0	7	14	18	14	3	6	56.80	0		3.282477
9	59	5	0	0	7	11	12	2	7	40.98	0		4.831067
9	55	2	0	0	3	10	10	2	6	36.32	0		41.411748
4	25	6	0	10	0	15	12	3	7	91.48	0		4.833794
4	26	6	0	10	0	22	12	3	7	91.48	0		4.833794
4	24	3	0	7	14	24	10	3	4	78.45	0		33.379840
4	28	9	0	0	5	14	14	2	4	15.64	0		17.005398
4	27	7	0	0	10	12	7	3	6	70.61	1		13.280722
41	268	1	0	0	5	18	11	5	5	52.74	0		2.624190
41	272	8	0	0	5	23	14	3	6	56.80	0		3.282477
41	270	6	0	12	7	0	12	3	7	91.48	0		4.833794
41	269	5	0	0	23	14	12	2	7	40.98	0		4.831067
41	273	10	0	0	17	27	13	4	3	21.07	1		2.127900
41	271	7	0	0	10	18	7	3	6	70.61	1		13.280722
23	140	6	0	13	10	0	12	3	7	91.48	0		4.833794
23	141	6	0	13	10	7	12	3	7	91.48	0		4.833794
23	142	6	0	13	10	14	12	3	7	91.48	0		4.833794
23	138	3	0	13	10	21	10	3	4	78.45	0		33.379840
23	139	3	0	13	10	25	10	3	4	78.45	0		33.379840
23	144	10	0	14	20	0	13	4	3	21.07	1		2.127900
23	143	7	0	0	10	24	7	3	6	70.61	1		13.280722
53	344	8	0	17	17	0	14	3	6	56.80	0		3.282477
53	343	5	0	0	3	16	12	2	7	40.98	0		4.831067
53	342	2	0	0	23	21	10	2	6	36.32	0		41.411748
53	345	9	0	0	3	23	14	2	4	15.64	0		17.005398
11	70	1	0	22	0	0	11	5	5	52.74	0		2.624190
11	71	1	0	22	0	5	11	5	5	52.74	0		2.624190
11	72	9	0	0	8	23	14	2	4	15.64	0		17.005398
11	73	10	0	14	20	3	13	4	3	21.07	1		2.127900
11	74	10	0	13	20	6	13	4	3	21.07	1		2.127900
22	134	3	0	17	17	6	10	3	4	78.45	0		33.379840
22	135	3	0	17	17	10	10	3	4	78.45	0		33.379840
22	137	9	0	14	5	0	14	2	4	15.64	0		17.005398
22	136	7	0	13	20	9	7	3	6	70.61	1		13.280722
3	21	8	0	22	0	10	14	3	6	56.80	0		3.282477
3	22	8	0	22	0	16	14	3	6	56.80	0		3.282477
3	23	8	0	22	0	22	14	3	6	56.80	0		3.282477
3	20	6	0	17	17	14	12	3	7	91.48	0		4.833794
3	19	5	0	14	5	4	12	2	7	40.98	0		4.831067
3	17	3	0	17	17	21	10	3	4	78.45	0		33.379840
3	18	3	0	17	17	25	10	3	4	78.45	0		33.379840
43	282	8	0	24	7	0	14	3	6	56.80	0		3.282477
43	279	6	0	24	13	0	12	3	7	91.48	0		4.833794
43	278	3	0	24	7	6	10	3	4	78.45	0		33.379840
43	280	7	0	13	20	15	7	3	6	70.61	1		13.280722
43	281	7	0	13	20	21	7	3	6	70.61	1		13.280722
54	351	4	0	25	10	0	17	3	6	150.40	0		73.945003
54	346	1	0	27	20	0	11	5	5	52.74	0		2.624190
54	352	6	0	24	13	7	12	3	7	91.48	0		4.833794
54	350	3	0	24	7	10	10	3	4	78.45	0		33.379840
54	347	2	0	14	5	11	10	2	6	36.32	0		41.411748
54	348	2	0	14	5	17	10	2	6	36.32	0		41.411748
54	349	2	0	14	5	23	10	2	6	36.32	0		41.411748
54	353	10	0	27	20	5	13	4	3	21.07	1		2.127900
54	354	10	0	26	20	8	13	4	3	21.07	1		2.127900
49	317	4	0	25	10	6	17	3	6	150.40	0		73.945003
49	318	5	0	21	3	10	12	2	7	40.98	0		4.831067
49	319	5	0	21	3	17	12	2	7	40.98	0		4.831067
49	316	3	0	24	7	14	10	3	4	78.45	0		33.379840
49	315	2	0	21	3	24	10	2	6	36.32	0		41.411748
49	320	7	0	24	13	14	7	3	6	70.61	1		13.280722
8	50	5	0	24	7	18	12	2	7	40.98	0		4.831067
8	49	3	0	25	10	12	10	3	4	78.45	0		33.379840
8	48	2	0	25	10	16	10	2	6	36.32	0		41.411748
8	51	10	0	26	20	11	13	4	3	21.07	1		2.127900
8	52	10	0	26	20	14	13	4	3	21.07	1		2.127900
28	179	8	0	31	16	0	14	3	6	56.80	0		3.282477
28	178	6	0	29	16	6	12	3	7	91.48	0		4.833794
28	177	5	0	23	10	22	12	2	7	40.98	0		4.831067
28	175	3	0	29	16	13	10	3	4	78.45	0		33.379840
28	176	3	0	29	16	17	10	3	4	78.45	0		33.379840
28	174	2	0	27	17	21	10	2	6	36.32	0		41.411748
28	180	10	0	26	20	17	13	4	3	21.07	1		2.127900
50	321	1	0	36	0	0	11	5	5	52.74	0		2.624190
50	322	5	0	28	5	0	12	2	7	40.98	0		4.831067
50	324	10	0	26	20	20	13	4	3	21.07	1		2.127900
50	325	10	0	26	20	23	13	4	3	21.07	1		2.127900
50	323	7	0	24	13	20	7	3	6	70.61	1		13.280722


-------------------------------------------------------------------------------------------------------------------
Tour_Id:			2
No_of_Customers:		15
No_of_Items:			101
Customer_Sequence:		60 19 59 24 40 25 26 42 30 13 31 21 34 18 15 

CustId	Id	TypeId	Rotated	x	y	z	Length	Width	Height	mass	Fragility	LoadBearingStrength
15	97	8	0	0	0	0	14	3	6	56.80	0		3.282477
15	94	3	0	0	3	0	10	3	4	78.45	0		33.379840
15	98	9	0	0	6	0	14	2	4	15.64	0		17.005398
15	99	9	0	0	8	0	14	2	4	15.64	0		17.005398
15	95	7	0	0	10	0	7	3	6	70.61	1		13.280722
15	96	7	0	0	13	0	7	3	6	70.61	1		13.280722
18	112	4	0	0	16	0	17	3	6	150.40	0		73.945003
18	110	1	0	0	19	0	11	5	5	52.74	0		2.624190
18	113	5	0	0	3	4	12	2	7	40.98	0		4.831067
18	111	2	0	0	5	4	10	2	6	36.32	0		41.411748
34	219	4	0	0	7	4	17	3	6	150.40	0		73.945003
34	218	1	0	0	19	5	11	5	5	52.74	0		2.624190
34	220	6	0	0	0	6	12	3	7	91.48	0		4.833794
34	222	9	0	0	16	6	14	2	4	15.64	0		17.005398
34	221	7	0	0	10	6	7	3	6	70.61	1		13.280722
21	126	4	0	0	7	10	17	3	6	150.40	0		73.945003
21	127	4	0	0	7	16	17	3	6	150.40	0		73.945003
21	131	6	0	0	19	10	12	3	7	91.48	0		4.833794
21	128	5	0	0	5	10	12	2	7	40.98	0		4.831067
21	129	5	0	0	16	10	12	2	7	40.98	0		4.831067
21	130	5	0	0	22	10	12	2	7	40.98	0		4.831067
21	125	3	0	0	0	13	10	3	4	78.45	0		33.379840
21	133	10	0	0	19	17	13	4	3	21.07	1		2.127900
21	132	7	0	0	13	6	7	3	6	70.61	1		13.280722
31	202	4	0	0	7	22	17	3	6	150.40	0		73.945003
31	204	6	0	0	0	17	12	3	7	91.48	0		4.833794
31	203	5	0	0	3	11	12	2	7	40.98	0		4.831067
31	201	3	0	0	0	24	10	3	4	78.45	0		33.379840
31	199	2	0	0	5	17	10	2	6	36.32	0		41.411748
31	200	2	0	0	16	17	10	2	6	36.32	0		41.411748
13	82	4	0	7	10	0	17	3	6	150.40	0		73.945003
13	83	4	0	7	13	0	17	3	6	150.40	0		73.945003
13	84	4	0	7	10	6	17	3	6	150.40	0		73.945003
13	85	6	0	7	13	6	12	3	7	91.48	0		4.833794
13	80	2	0	0	3	18	10	2	6	36.32	0		41.411748
13	81	2	0	0	5	23	10	2	6	36.32	0		41.411748
13	86	9	0	7	10	12	14	2	4	15.64	0		17.005398
13	87	9	0	7	13	13	14	2	4	15.64	0		17.005398
30	190	1	0	13	19	0	11	5	5	52.74	0		2.624190
30	191	1	0	13	19	5	11	5	5	52.74	0		2.624190
30	193	6	0	12	3	0	12	3	7	91.48	0		4.833794
30	194	6	0	12	3	7	12	3	7	91.48	0		4.833794
30	192	3	0	12	3	14	10	3	4	78.45	0		33.379840
30	197	9	0	7	10	16	14	2	4	15.64	0		17.005398
30	198	10	0	0	18	20	13	4	3	21.07	1		2.127900
30	195	7	0	0	16	23	7	3	6	70.61	1		13.280722
30	196	7	0	0	19	23	7	3	6	70.61	1		13.280722
42	275	6	0	10	3	18	12	3	7	91.48	0		4.833794
42	276	6	0	13	19	10	12	3	7	91.48	0		4.833794
42	274	2	0	0	3	24	10	2	6	36.32	0		41.411748
42	277	9	0	7	13	17	14	2	4	15.64	0		17.005398
26	163	1	0	24	0	0	11	5	5	52.74	0		2.624190
26	164	9	0	7	10	20	14	2	4	15.64	0		17.005398
26	165	10	0	17	6	0	13	4	3	21.07	1		2.127900
26	166	10	0	17	6	3	13	4	3	21.07	1		2.127900
26	167	10	0	17	6	6	13	4	3	21.07	1		2.127900
25	156	4	0	17	16	0	17	3	6	150.40	0		73.945003
25	154	1	0	24	10	0	11	5	5	52.74	0		2.624190
25	160	8	0	13	19	17	14	3	6	56.80	0		3.282477
25	157	6	0	13	19	23	12	3	7	91.48	0		4.833794
25	155	2	0	7	13	21	10	2	6	36.32	0		41.411748
25	161	9	0	7	10	24	14	2	4	15.64	0		17.005398
25	162	10	0	17	6	9	13	4	3	21.07	1		2.127900
25	158	7	1	7	15	23	7	3	6	70.61	1		13.280722
25	159	7	0	14	16	6	7	3	6	70.61	1		13.280722
40	262	1	0	24	0	5	11	5	5	52.74	0		2.624190
40	263	8	0	21	16	6	14	3	6	56.80	0		3.282477
40	264	8	0	21	16	12	14	3	6	56.80	0		3.282477
40	265	9	0	10	3	25	14	2	4	15.64	0		17.005398
40	266	10	0	17	6	12	13	4	3	21.07	1		2.127900
40	267	10	0	17	6	15	13	4	3	21.07	1		2.127900
24	148	6	0	21	16	18	12	3	7	91.48	0		4.833794
24	147	5	0	13	22	10	12	2	7	40.98	0		4.831067
24	145	2	0	13	22	17	10	2	6	36.32	0		41.411748
24	146	2	0	13	22	23	10	2	6	36.32	0		41.411748
24	149	9	0	21	16	25	14	2	4	15.64	0		17.005398
24	150	9	0	24	10	5	14	2	4	15.64	0		17.005398
24	151	9	0	24	12	5	14	2	4	15.64	0		17.005398
24	152	10	0	17	6	18	13	4	3	21.07	1		2.127900
24	153	10	0	17	6	21	13	4	3	21.07	1		2.127900
59	386	1	0	24	10	9	11	5	5	52.74	0		2.624190
59	388	3	0	24	0	10	10	3	4	78.45	0		33.379840
59	387	2	0	24	3	10	10	2	6	36.32	0		41.411748
59	391	10	0	17	6	24	13	4	3	21.07	1		2.127900
59	389	7	0	24	0	14	7	3	6	70.61	1		13.280722
59	390	7	0	24	10	14	7	3	6	70.61	1		13.280722
19	114	1	0	27	19	0	11	5	5	52.74	0		2.624190
19	115	1	0	27	19	5	11	5	5	52.74	0		2.624190
19	118	8	0	27	19	10	14	3	6	56.80	0		3.282477
19	117	5	0	21	13	14	12	2	7	40.98	0		4.831067
19	116	2	0	17	13	21	10	2	6	36.32	0		41.411748
19	119	9	0	25	22	10	14	2	4	15.64	0		17.005398
60	399	8	0	27	19	16	14	3	6	56.80	0		3.282477
60	396	6	0	27	19	22	12	3	7	91.48	0		4.833794
60	397	6	0	30	5	0	12	3	7	91.48	0		4.833794
60	393	5	0	24	3	16	12	2	7	40.98	0		4.831067
60	394	5	0	24	3	23	12	2	7	40.98	0		4.831067
60	395	5	0	25	22	14	12	2	7	40.98	0		4.831067
60	392	2	0	23	22	21	10	2	6	36.32	0		41.411748
60	400	9	0	30	8	0	14	2	4	15.64	0		17.005398
60	398	7	0	24	0	20	7	3	6	70.61	1		13.280722


-------------------------------------------------------------------------------------------------------------------
Tour_Id:			3
No_of_Customers:		15
No_of_Items:			104
Customer_Sequence:		5 58 37 55 27 56 57 32 17 29 45 14 48 46 7 

CustId	Id	TypeId	Rotated	x	y	z	Length	Width	Height	mass	Fragility	LoadBearingStrength
7	45	1	0	0	0	0	11	5	5	52.74	0		2.624190
7	47	9	0	0	5	0	14	2	4	15.64	0		17.005398
7	46	7	0	0	7	0	7	3	6	70.61	1		13.280722
46	298	1	0	0	10	0	11	5	5	52.74	0		2.624190
46	304	5	0	0	15	0	12	2	7	40.98	0		4.831067
46	303	3	0	0	17	0	10	3	4	78.45	0		33.379840
46	299	2	0	0	20	0	10	2	6	36.32	0		41.411748
46	300	2	0	0	22	0	10	2	6	36.32	0		41.411748
46	301	2	0	0	5	4	10	2	6	36.32	0		41.411748
46	302	2	0	0	17	4	10	2	6	36.32	0		41.411748
46	305	7	0	0	0	5	7	3	6	70.61	1		13.280722
48	311	1	0	0	10	5	11	5	5	52.74	0		2.624190
48	314	8	0	0	10	10	14	3	6	56.80	0		3.282477
48	312	5	0	0	3	5	12	2	7	40.98	0		4.831067
48	313	7	0	0	7	6	7	3	6	70.61	1		13.280722
14	88	1	0	10	17	0	11	5	5	52.74	0		2.624190
14	89	1	0	10	17	5	11	5	5	52.74	0		2.624190
14	91	8	0	0	17	10	14	3	6	56.80	0		3.282477
14	90	6	0	0	10	16	12	3	7	91.48	0		4.833794
14	92	9	0	0	15	7	14	2	4	15.64	0		17.005398
14	93	9	0	0	13	10	14	2	4	15.64	0		17.005398
45	293	4	0	0	17	16	17	3	6	150.40	0		73.945003
45	295	8	0	0	17	22	14	3	6	56.80	0		3.282477
45	289	3	0	0	10	23	10	3	4	78.45	0		33.379840
45	290	3	0	7	7	0	10	3	4	78.45	0		33.379840
45	291	3	0	7	7	4	10	3	4	78.45	0		33.379840
45	292	3	0	7	7	8	10	3	4	78.45	0		33.379840
45	296	9	0	0	15	11	14	2	4	15.64	0		17.005398
45	297	10	0	12	0	0	13	4	3	21.07	1		2.127900
45	294	7	0	0	0	11	7	3	6	70.61	1		13.280722
29	183	4	0	10	22	0	17	3	6	150.40	0		73.945003
29	185	6	0	7	7	12	12	3	7	91.48	0		4.833794
29	184	5	0	0	22	6	12	2	7	40.98	0		4.831067
29	181	2	0	0	5	10	10	2	6	36.32	0		41.411748
29	182	2	0	0	3	12	10	2	6	36.32	0		41.411748
29	188	9	0	0	22	13	14	2	4	15.64	0		17.005398
29	189	10	0	12	0	3	13	4	3	21.07	1		2.127900
29	186	7	0	0	7	12	7	3	6	70.61	1		13.280722
29	187	7	0	0	0	17	7	3	6	70.61	1		13.280722
17	106	1	0	14	10	0	11	5	5	52.74	0		2.624190
17	108	5	0	0	13	14	12	2	7	40.98	0		4.831067
17	109	5	0	0	15	15	12	2	7	40.98	0		4.831067
17	107	2	0	0	5	16	10	2	6	36.32	0		41.411748
32	207	4	0	14	22	6	17	3	6	150.40	0		73.945003
32	208	4	0	14	22	12	17	3	6	150.40	0		73.945003
32	205	1	0	14	10	5	11	5	5	52.74	0		2.624190
32	206	3	0	7	7	19	10	3	4	78.45	0		33.379840
32	209	9	0	0	22	17	14	2	4	15.64	0		17.005398
32	210	10	0	12	0	6	13	4	3	21.07	1		2.127900
57	372	4	0	14	22	18	17	3	6	150.40	0		73.945003
57	373	4	0	14	22	24	17	3	6	150.40	0		73.945003
57	374	6	0	7	7	23	12	3	7	91.48	0		4.833794
57	371	3	0	14	10	10	10	3	4	78.45	0		33.379840
57	376	10	0	12	0	9	13	4	3	21.07	1		2.127900
57	377	10	0	10	0	12	13	4	3	21.07	1		2.127900
57	378	10	0	10	0	15	13	4	3	21.07	1		2.127900
57	375	7	0	0	0	23	7	3	6	70.61	1		13.280722
56	363	4	0	14	4	0	17	3	6	150.40	0		73.945003
56	362	1	0	21	15	0	11	5	5	52.74	0		2.624190
56	370	8	0	12	4	6	14	3	6	56.80	0		3.282477
56	367	6	0	10	4	12	12	3	7	91.48	0		4.833794
56	368	6	0	10	4	19	12	3	7	91.48	0		4.833794
56	364	5	0	0	13	21	12	2	7	40.98	0		4.831067
56	365	5	0	0	15	22	12	2	7	40.98	0		4.831067
56	366	5	0	14	13	10	12	2	7	40.98	0		4.831067
56	369	7	0	10	0	18	7	3	6	70.61	1		13.280722
27	168	1	0	21	15	5	11	5	5	52.74	0		2.624190
27	169	1	0	17	15	10	11	5	5	52.74	0		2.624190
27	170	3	0	10	4	26	10	3	4	78.45	0		33.379840
27	171	3	0	14	10	14	10	3	4	78.45	0		33.379840
27	172	9	0	12	15	15	14	2	4	15.64	0		17.005398
27	173	10	0	25	0	0	13	4	3	21.07	1		2.127900
55	356	4	0	19	7	0	17	3	6	150.40	0		73.945003
55	359	8	0	17	17	15	14	3	6	56.80	0		3.282477
55	360	8	0	17	17	21	14	3	6	56.80	0		3.282477
55	358	6	0	12	10	18	12	3	7	91.48	0		4.833794
55	357	5	0	12	13	17	12	2	7	40.98	0		4.831067
55	355	2	0	12	15	19	10	2	6	36.32	0		41.411748
55	361	10	0	17	17	27	13	4	3	21.07	1		2.127900
37	238	4	0	19	7	6	17	3	6	150.40	0		73.945003
37	241	8	0	19	7	12	14	3	6	56.80	0		3.282477
37	239	5	0	19	7	18	12	2	7	40.98	0		4.831067
37	236	3	0	10	10	25	10	3	4	78.45	0		33.379840
37	237	3	0	25	10	0	10	3	4	78.45	0		33.379840
37	235	2	0	12	13	24	10	2	6	36.32	0		41.411748
37	242	10	0	25	0	3	13	4	3	21.07	1		2.127900
37	243	10	0	25	0	6	13	4	3	21.07	1		2.127900
37	240	7	0	10	0	24	7	3	6	70.61	1		13.280722
58	383	8	0	31	4	0	14	3	6	56.80	0		3.282477
58	381	6	0	25	10	4	12	3	7	91.48	0		4.833794
58	379	3	0	24	10	11	10	3	4	78.45	0		33.379840
58	380	3	0	24	10	15	10	3	4	78.45	0		33.379840
58	384	9	0	19	7	25	14	2	4	15.64	0		17.005398
58	385	10	0	25	0	9	13	4	3	21.07	1		2.127900
58	382	7	0	17	0	18	7	3	6	70.61	1		13.280722
5	29	1	0	32	13	0	11	5	5	52.74	0		2.624190
5	36	8	0	26	4	6	14	3	6	56.80	0		3.282477
5	32	6	0	22	4	12	12	3	7	91.48	0		4.833794
5	33	6	0	22	4	19	12	3	7	91.48	0		4.833794
5	30	2	0	24	10	19	10	2	6	36.32	0		41.411748
5	31	2	0	30	20	0	10	2	6	36.32	0		41.411748
5	37	10	0	24	0	12	13	4	3	21.07	1		2.127900
5	34	7	0	17	0	24	7	3	6	70.61	1		13.280722
5	35	7	0	24	0	15	7	3	6	70.61	1		13.280722


-------------------------------------------------------------------------------------------------------------------
Tour_Id:			4
No_of_Customers:		12
No_of_Items:			90
Customer_Sequence:		38 6 2 36 47 16 39 1 52 33 51 10 

CustId	Id	TypeId	Rotated	x	y	z	Length	Width	Height	mass	Fragility	LoadBearingStrength
10	63	4	0	0	0	0	17	3	6	150.40	0		73.945003
10	61	1	0	0	3	0	11	5	5	52.74	0		2.624190
10	62	1	0	0	8	0	11	5	5	52.74	0		2.624190
10	65	6	0	0	13	0	12	3	7	91.48	0		4.833794
10	66	6	0	0	16	0	12	3	7	91.48	0		4.833794
10	64	5	0	0	19	0	12	2	7	40.98	0		4.831067
10	68	9	0	0	21	0	14	2	4	15.64	0		17.005398
10	69	10	0	0	3	5	13	4	3	21.07	1		2.127900
10	67	7	0	0	7	5	7	3	6	70.61	1		13.280722
51	326	1	0	0	13	7	11	5	5	52.74	0		2.624190
51	327	1	0	0	13	12	11	5	5	52.74	0		2.624190
51	328	1	0	0	13	17	11	5	5	52.74	0		2.624190
51	330	6	0	0	10	5	12	3	7	91.48	0		4.833794
51	329	5	0	0	23	0	12	2	7	40.98	0		4.831067
51	331	7	0	0	0	6	7	3	6	70.61	1		13.280722
51	332	7	0	0	18	7	7	3	6	70.61	1		13.280722
33	211	1	0	0	13	22	11	5	5	52.74	0		2.624190
33	212	6	0	0	10	12	12	3	7	91.48	0		4.833794
33	213	6	0	0	10	19	12	3	7	91.48	0		4.833794
33	214	6	0	7	0	6	12	3	7	91.48	0		4.833794
33	216	10	0	0	3	8	13	4	3	21.07	1		2.127900
33	217	10	0	0	3	11	13	4	3	21.07	1		2.127900
33	215	7	0	0	7	11	7	3	6	70.61	1		13.280722
52	333	4	0	11	7	0	17	3	6	150.40	0		73.945003
52	340	8	0	7	0	13	14	3	6	56.80	0		3.282477
52	341	8	0	7	0	19	14	3	6	56.80	0		3.282477
52	339	6	0	11	7	6	12	3	7	91.48	0		4.833794
52	334	5	0	0	21	4	12	2	7	40.98	0		4.831067
52	335	5	0	0	23	7	12	2	7	40.98	0		4.831067
52	336	5	0	0	21	11	12	2	7	40.98	0		4.831067
52	337	5	0	0	23	14	12	2	7	40.98	0		4.831067
52	338	5	0	0	21	18	12	2	7	40.98	0		4.831067
1	5	4	0	12	10	0	17	3	6	150.40	0		73.945003
1	1	1	0	12	13	0	11	5	5	52.74	0		2.624190
1	2	1	0	12	13	5	11	5	5	52.74	0		2.624190
1	4	3	0	0	10	26	10	3	4	78.45	0		33.379840
1	3	2	0	0	23	21	10	2	6	36.32	0		41.411748
1	7	9	0	0	21	25	14	2	4	15.64	0		17.005398
1	6	7	0	0	18	13	7	3	6	70.61	1		13.280722
39	255	4	0	12	18	0	17	3	6	150.40	0		73.945003
39	256	4	0	12	10	6	17	3	6	150.40	0		73.945003
39	258	6	0	11	13	10	12	3	7	91.48	0		4.833794
39	257	5	0	11	16	10	12	2	7	40.98	0		4.831067
39	254	3	0	7	0	25	10	3	4	78.45	0		33.379840
39	253	2	0	11	7	13	10	2	6	36.32	0		41.411748
39	259	7	0	0	3	14	7	3	6	70.61	1		13.280722
39	260	7	0	0	7	17	7	3	6	70.61	1		13.280722
39	261	7	0	0	18	19	7	3	6	70.61	1		13.280722
16	101	4	0	12	18	6	17	3	6	150.40	0		73.945003
16	102	4	0	12	10	12	17	3	6	150.40	0		73.945003
16	105	8	0	11	13	17	14	3	6	56.80	0		3.282477
16	104	6	0	11	13	23	12	3	7	91.48	0		4.833794
16	103	5	0	11	16	17	12	2	7	40.98	0		4.831067
16	100	3	0	12	18	12	10	3	4	78.45	0		33.379840
47	307	4	0	12	10	18	17	3	6	150.40	0		73.945003
47	308	6	0	12	18	16	12	3	7	91.48	0		4.833794
47	306	2	0	11	7	19	10	2	6	36.32	0		41.411748
47	309	10	0	13	3	0	13	4	3	21.07	1		2.127900
47	310	10	0	13	3	3	13	4	3	21.07	1		2.127900
36	232	4	0	12	10	24	17	3	6	150.40	0		73.945003
36	229	1	0	25	13	0	11	5	5	52.74	0		2.624190
36	234	8	0	12	18	23	14	3	6	56.80	0		3.282477
36	233	6	0	14	21	0	12	3	7	91.48	0		4.833794
36	231	3	0	14	21	7	10	3	4	78.45	0		33.379840
36	230	2	0	11	16	24	10	2	6	36.32	0		41.411748
2	15	8	0	21	0	0	14	3	6	56.80	0		3.282477
2	12	6	0	14	21	11	12	3	7	91.48	0		4.833794
2	13	6	0	14	21	18	12	3	7	91.48	0		4.833794
2	9	5	0	21	0	6	12	2	7	40.98	0		4.831067
2	10	5	0	21	0	13	12	2	7	40.98	0		4.831067
2	11	5	0	21	0	20	12	2	7	40.98	0		4.831067
2	8	2	0	23	16	5	10	2	6	36.32	0		41.411748
2	16	9	0	14	21	25	14	2	4	15.64	0		17.005398
2	14	7	0	0	3	20	7	3	6	70.61	1		13.280722
6	40	6	0	25	13	5	12	3	7	91.48	0		4.833794
6	41	6	0	25	13	12	12	3	7	91.48	0		4.833794
6	39	5	0	23	16	11	12	2	7	40.98	0		4.831067
6	38	3	0	25	13	19	10	3	4	78.45	0		33.379840
6	44	10	0	13	3	6	13	4	3	21.07	1		2.127900
6	42	7	0	7	3	14	7	3	6	70.61	1		13.280722
6	43	7	0	7	3	20	7	3	6	70.61	1		13.280722
38	247	4	0	26	3	0	17	3	6	150.40	0		73.945003
38	248	4	0	26	2	6	17	3	6	150.40	0		73.945003
38	249	4	0	26	2	12	17	3	6	150.40	0		73.945003
38	244	1	0	29	18	0	11	5	5	52.74	0		2.624190
38	250	8	0	23	13	23	14	3	6	56.80	0		3.282477
38	246	3	0	26	2	18	10	3	4	78.45	0		33.379840
38	245	2	0	23	16	18	10	2	6	36.32	0		41.411748
38	251	9	0	21	16	24	14	2	4	15.64	0		17.005398
38	252	10	0	0	3	26	13	4	3	21.07	1		2.127900


