Name:				475_n060_m400_bt10
Problem:			3L-VRPTW
Number_of_used_Vehicles:	4
Total_Travel_Distance:		667.83
Calculation_Time:		3600.00
Total_Iterations:		42
ConstraintSet:			P1

-------------------------------------------------------------------------------------------------------------------
Tour_Id:			1
No_of_Customers:		14
No_of_Items:			103
Customer_Sequence:		50 48 58 19 20 9 57 33 31 7 55 43 53 35 

CustId	Id	TypeId	Rotated	x	y	z	Length	Width	Height	mass	Fragility	LoadBearingStrength
35	230	9	0	0	0	0	15	6	5	281.74	0		14.266963
35	231	9	0	0	6	0	15	6	5	281.74	0		14.266963
35	227	5	0	0	12	0	16	3	7	55.97	0		5.082279
35	225	1	0	0	15	0	12	3	3	40.57	0		9.806679
35	226	1	0	0	18	0	12	3	3	40.57	0		9.806679
35	228	8	0	0	21	0	9	4	7	80.26	1		1.622951
35	229	8	0	0	15	3	9	4	7	80.26	1		1.622951
53	351	9	0	0	0	5	15	6	5	281.74	0		14.266963
53	349	5	0	0	6	5	16	3	7	55.97	0		5.082279
53	350	5	0	0	9	5	16	3	7	55.97	0		5.082279
53	347	1	0	0	12	7	12	3	3	40.57	0		9.806679
53	348	4	0	0	0	10	16	6	5	77.66	1		9.649234
43	283	9	0	0	6	12	15	6	5	281.74	0		14.266963
43	284	10	0	0	6	17	8	5	5	131.49	0		150.751274
43	285	10	0	0	6	22	8	5	5	131.49	0		150.751274
43	282	6	0	12	15	0	11	5	3	123.17	0		25.712426
43	279	3	0	0	19	3	14	2	5	59.14	0		20.823023
43	280	3	0	0	19	8	14	2	5	59.14	0		20.823023
43	281	4	0	0	0	15	16	6	5	77.66	1		9.649234
55	356	2	0	8	6	17	9	4	8	78.19	0		24.826815
55	361	10	0	8	6	25	8	5	5	131.49	0		150.751274
55	362	10	0	14	15	3	8	5	5	131.49	0		150.751274
55	357	3	0	0	12	10	14	2	5	59.14	0		20.823023
55	360	7	0	9	21	0	11	3	3	53.46	0		37.911888
31	195	5	0	16	10	0	16	3	7	55.97	0		5.082279
31	193	1	0	9	21	3	12	3	3	40.57	0		9.806679
7	46	10	0	14	15	8	8	5	5	131.49	0		150.751274
7	43	6	0	16	0	0	11	5	3	123.17	0		25.712426
7	42	3	0	0	19	13	14	2	5	59.14	0		20.823023
7	40	1	0	16	0	3	12	3	3	40.57	0		9.806679
7	41	1	0	16	0	6	12	3	3	40.57	0		9.806679
7	44	7	0	16	0	9	11	3	3	53.46	0		37.911888
7	45	8	0	0	21	7	9	4	7	80.26	1		1.622951
55	358	4	0	0	0	20	16	6	5	77.66	1		9.649234
31	196	5	0	9	21	6	16	3	7	55.97	0		5.082279
31	197	5	0	9	21	13	16	3	7	55.97	0		5.082279
31	198	6	0	23	13	0	11	5	3	123.17	0		25.712426
31	199	6	0	22	13	3	11	5	3	123.17	0		25.712426
31	194	3	0	0	12	15	14	2	5	59.14	0		20.823023
55	359	4	0	0	0	25	16	6	5	77.66	1		9.649234
31	200	8	0	0	21	14	9	4	7	80.26	1		1.622951
33	213	5	0	9	21	20	16	3	7	55.97	0		5.082279
33	214	5	0	16	10	7	16	3	7	55.97	0		5.082279
33	207	2	0	14	15	13	9	4	8	78.19	0		24.826815
33	208	2	0	14	15	21	9	4	8	78.19	0		24.826815
33	209	3	0	0	19	18	14	2	5	59.14	0		20.823023
33	210	3	0	0	12	20	14	2	5	59.14	0		20.823023
33	211	3	0	0	19	23	14	2	5	59.14	0		20.823023
33	212	4	0	28	0	0	16	6	5	77.66	1		9.649234
33	215	8	0	0	21	21	9	4	7	80.26	1		1.622951
58	383	5	0	16	10	14	16	3	7	55.97	0		5.082279
57	371	2	0	16	0	12	9	4	8	78.19	0		24.826815
57	372	2	0	16	0	20	9	4	8	78.19	0		24.826815
57	377	10	0	23	13	6	8	5	5	131.49	0		150.751274
57	378	10	0	23	13	11	8	5	5	131.49	0		150.751274
57	373	3	0	0	12	25	14	2	5	59.14	0		20.823023
57	375	7	0	9	21	27	11	3	3	53.46	0		37.911888
57	374	4	0	28	0	5	16	6	5	77.66	1		9.649234
9	56	2	0	17	6	0	9	4	8	78.19	0		24.826815
9	57	2	0	17	6	8	9	4	8	78.19	0		24.826815
9	58	6	0	32	6	0	11	5	3	123.17	0		25.712426
9	55	1	0	17	6	16	12	3	3	40.57	0		9.806679
20	130	9	0	34	11	0	15	6	5	281.74	0		14.266963
20	125	3	0	17	6	19	14	2	5	59.14	0		20.823023
20	124	2	0	23	13	16	9	4	8	78.19	0		24.826815
20	131	10	0	23	13	24	8	5	5	131.49	0		150.751274
20	129	6	0	32	6	3	11	5	3	123.17	0		25.712426
20	128	5	0	23	18	0	16	3	7	55.97	0		5.082279
20	126	3	0	17	6	24	14	2	5	59.14	0		20.823023
20	123	1	0	23	18	7	12	3	3	40.57	0		9.806679
20	127	4	0	27	0	10	16	6	5	77.66	1		9.649234
19	121	5	0	23	18	10	16	3	7	55.97	0		5.082279
19	119	2	0	25	21	0	9	4	8	78.19	0		24.826815
19	118	1	0	23	18	17	12	3	3	40.57	0		9.806679
19	122	7	0	23	18	20	11	3	3	53.46	0		37.911888
19	120	4	0	25	0	15	16	6	5	77.66	1		9.649234
58	387	9	0	33	11	5	15	6	5	281.74	0		14.266963
58	385	7	0	16	10	21	11	3	3	53.46	0		37.911888
57	376	9	0	44	0	0	15	6	5	281.74	0		14.266963
58	380	2	0	25	21	8	9	4	8	78.19	0		24.826815
58	379	1	0	16	10	24	12	3	3	40.57	0		9.806679
58	384	7	0	16	10	27	11	3	3	53.46	0		37.911888
58	382	5	0	32	13	10	16	3	7	55.97	0		5.082279
58	381	4	0	25	0	20	16	6	5	77.66	1		9.649234
58	386	8	0	25	21	16	9	4	7	80.26	1		1.622951
48	311	2	0	31	6	6	9	4	8	78.19	0		24.826815
48	312	2	0	31	6	14	9	4	8	78.19	0		24.826815
48	316	10	0	31	6	22	8	5	5	131.49	0		150.751274
48	313	3	0	23	18	23	14	2	5	59.14	0		20.823023
48	308	1	0	32	13	17	12	3	3	40.57	0		9.806679
48	309	1	0	32	13	20	12	3	3	40.57	0		9.806679
48	310	1	0	32	13	23	12	3	3	40.57	0		9.806679
48	314	4	0	25	0	25	16	6	5	77.66	1		9.649234
48	315	4	0	39	17	0	16	6	5	77.66	1		9.649234
50	332	9	0	44	0	5	15	6	5	281.74	0		14.266963
50	333	9	0	44	0	10	15	6	5	281.74	0		14.266963
50	334	9	0	43	0	15	15	6	5	281.74	0		14.266963
50	331	5	0	41	0	20	16	3	7	55.97	0		5.082279
50	327	2	0	43	6	0	9	4	8	78.19	0		24.826815
50	328	3	0	32	11	10	14	2	5	59.14	0		20.823023
50	329	3	0	32	11	15	14	2	5	59.14	0		20.823023
50	330	3	0	32	11	20	14	2	5	59.14	0		20.823023
50	326	1	0	31	13	26	12	3	3	40.57	0		9.806679


-------------------------------------------------------------------------------------------------------------------
Tour_Id:			2
No_of_Customers:		17
No_of_Items:			103
Customer_Sequence:		60 21 42 1 28 4 6 46 38 3 17 22 54 16 49 26 13 

CustId	Id	TypeId	Rotated	x	y	z	Length	Width	Height	mass	Fragility	LoadBearingStrength
13	84	5	0	0	0	0	16	3	7	55.97	0		5.082279
13	81	2	0	0	3	0	9	4	8	78.19	0		24.826815
13	87	10	0	0	7	0	8	5	5	131.49	0		150.751274
13	82	3	0	0	12	0	14	2	5	59.14	0		20.823023
13	83	3	0	0	14	0	14	2	5	59.14	0		20.823023
13	80	1	0	0	16	0	12	3	3	40.57	0		9.806679
49	320	4	0	0	19	0	16	6	5	77.66	1		9.649234
13	86	8	0	0	7	5	9	4	7	80.26	1		1.622951
26	164	1	0	0	16	3	12	3	3	40.57	0		9.806679
26	165	4	0	9	3	0	16	6	5	77.66	1		9.649234
26	166	8	0	0	11	5	9	4	7	80.26	1		1.622951
49	323	9	0	14	9	0	15	6	5	281.74	0		14.266963
3	13	7	0	0	16	6	11	3	3	53.46	0		37.911888
49	325	10	0	9	11	5	8	5	5	131.49	0		150.751274
49	318	3	0	0	0	7	14	2	5	59.14	0		20.823023
49	319	3	0	0	0	12	14	2	5	59.14	0		20.823023
49	317	1	0	0	3	8	12	3	3	40.57	0		9.806679
49	322	7	0	0	3	11	11	3	3	53.46	0		37.911888
13	85	7	0	12	16	0	11	3	3	53.46	0		37.911888
49	321	4	0	0	19	5	16	6	5	77.66	1		9.649234
16	104	10	0	9	11	10	8	5	5	131.49	0		150.751274
16	105	10	0	9	11	15	8	5	5	131.49	0		150.751274
16	102	3	0	0	3	14	14	2	5	59.14	0		20.823023
16	103	3	0	0	0	17	14	2	5	59.14	0		20.823023
16	101	1	0	12	16	3	12	3	3	40.57	0		9.806679
54	352	5	0	16	0	0	16	3	7	55.97	0		5.082279
54	355	10	0	9	11	20	8	5	5	131.49	0		150.751274
54	353	6	0	16	19	0	11	5	3	123.17	0		25.712426
54	354	7	0	14	0	7	11	3	3	53.46	0		37.911888
22	143	9	0	25	3	0	15	6	5	281.74	0		14.266963
22	141	7	0	14	0	10	11	3	3	53.46	0		37.911888
22	140	7	0	14	0	13	11	3	3	53.46	0		37.911888
22	139	6	0	16	19	3	11	5	3	123.17	0		25.712426
28	173	2	0	14	0	16	9	4	8	78.19	0		24.826815
17	108	9	0	25	3	5	15	6	5	281.74	0		14.266963
17	107	5	0	17	9	5	16	3	7	55.97	0		5.082279
17	109	10	0	9	11	25	8	5	5	131.49	0		150.751274
46	302	7	0	0	16	9	11	3	3	53.46	0		37.911888
3	17	9	0	25	3	10	15	6	5	281.74	0		14.266963
3	18	9	0	27	15	0	15	6	5	281.74	0		14.266963
3	12	5	0	17	12	5	16	3	7	55.97	0		5.082279
3	11	2	0	16	19	6	9	4	8	78.19	0		24.826815
3	10	1	0	11	16	6	12	3	3	40.57	0		9.806679
17	106	3	0	0	3	19	14	2	5	59.14	0		20.823023
3	14	7	0	16	19	14	11	3	3	53.46	0		37.911888
3	15	7	0	16	19	17	11	3	3	53.46	0		37.911888
3	16	8	0	0	19	10	9	4	7	80.26	1		1.622951
38	246	4	0	17	9	12	16	6	5	77.66	1		9.649234
38	249	5	0	27	21	0	16	3	7	55.97	0		5.082279
49	324	9	0	29	9	0	15	6	5	281.74	0		14.266963
38	247	4	0	17	9	17	16	6	5	77.66	1		9.649234
38	250	8	0	16	19	20	9	4	7	80.26	1		1.622951
46	300	5	0	11	16	9	16	3	7	55.97	0		5.082279
46	298	2	0	17	15	16	9	4	8	78.19	0		24.826815
46	296	1	0	17	15	24	12	3	3	40.57	0		9.806679
46	301	7	0	0	16	12	11	3	3	53.46	0		37.911888
46	297	1	0	17	15	27	12	3	3	40.57	0		9.806679
6	37	5	0	27	18	5	16	3	7	55.97	0		5.082279
46	299	4	0	17	9	22	16	6	5	77.66	1		9.649234
28	180	9	0	23	3	15	15	6	5	281.74	0		14.266963
38	248	5	0	27	21	7	16	3	7	55.97	0		5.082279
6	35	2	0	27	21	14	9	4	8	78.19	0		24.826815
6	39	10	0	33	9	5	8	5	5	131.49	0		150.751274
6	38	6	0	40	0	0	11	5	3	123.17	0		25.712426
60	399	9	0	23	3	20	15	6	5	281.74	0		14.266963
4	20	2	0	25	21	22	9	4	8	78.19	0		24.826815
4	22	6	0	40	0	3	11	5	3	123.17	0		25.712426
1	3	3	0	0	3	24	14	2	5	59.14	0		20.823023
4	24	6	0	40	0	6	11	5	3	123.17	0		25.712426
4	19	1	0	27	18	12	12	3	3	40.57	0		9.806679
4	25	8	0	33	14	5	9	4	7	80.26	1		1.622951
28	179	9	0	43	15	0	15	6	5	281.74	0		14.266963
6	36	5	0	40	5	0	16	3	7	55.97	0		5.082279
22	142	8	0	0	6	12	9	4	7	80.26	1		1.622951
28	174	2	0	33	9	10	9	4	8	78.19	0		24.826815
28	181	10	0	33	9	18	8	5	5	131.49	0		150.751274
28	175	3	0	0	0	22	14	2	5	59.14	0		20.823023
21	134	4	0	43	15	5	16	6	5	77.66	1		9.649234
28	177	8	0	0	5	19	9	4	7	80.26	1		1.622951
60	398	6	0	23	3	25	11	5	3	123.17	0		25.712426
42	278	8	0	33	14	12	9	4	7	80.26	1		1.622951
21	136	5	0	27	18	15	16	3	7	55.97	0		5.082279
4	23	6	0	40	0	9	11	5	3	123.17	0		25.712426
1	2	2	0	40	5	7	9	4	8	78.19	0		24.826815
42	276	7	0	14	0	24	11	3	3	53.46	0		37.911888
42	275	6	0	40	0	12	11	5	3	123.17	0		25.712426
42	272	3	0	38	0	15	14	2	5	59.14	0		20.823023
42	273	3	0	38	2	15	14	2	5	59.14	0		20.823023
42	274	5	0	38	0	20	16	3	7	55.97	0		5.082279
42	277	7	0	14	0	27	11	3	3	53.46	0		37.911888
1	1	2	0	43	21	0	9	4	8	78.19	0		24.826815
21	135	5	0	26	18	22	16	3	7	55.97	0		5.082279
21	133	3	0	38	4	15	14	2	5	59.14	0		20.823023
21	137	5	0	44	9	0	16	3	7	55.97	0		5.082279
21	132	3	0	38	6	15	14	2	5	59.14	0		20.823023
1	4	7	0	43	21	8	11	3	3	53.46	0		37.911888
21	138	7	0	38	0	27	11	3	3	53.46	0		37.911888
28	178	8	0	33	9	23	9	4	7	80.26	1		1.622951
4	21	5	0	44	12	0	16	3	7	55.97	0		5.082279
60	400	9	0	38	3	20	15	6	5	281.74	0		14.266963
60	396	2	0	42	9	7	9	4	8	78.19	0		24.826815
28	176	8	0	51	0	0	9	4	7	80.26	1		1.622951
60	397	4	0	34	3	25	16	6	5	77.66	1		9.649234


-------------------------------------------------------------------------------------------------------------------
Tour_Id:			3
No_of_Customers:		15
No_of_Items:			106
Customer_Sequence:		27 18 14 56 45 30 34 5 37 36 52 41 25 47 8 

CustId	Id	TypeId	Rotated	x	y	z	Length	Width	Height	mass	Fragility	LoadBearingStrength
8	53	9	0	0	0	0	15	6	5	281.74	0		14.266963
8	49	5	0	0	6	0	16	3	7	55.97	0		5.082279
8	47	2	0	0	9	0	9	4	8	78.19	0		24.826815
8	54	10	0	0	13	0	8	5	5	131.49	0		150.751274
8	50	6	0	0	18	0	11	5	3	123.17	0		25.712426
8	48	3	0	0	23	0	14	2	5	59.14	0		20.823023
8	51	8	0	0	18	3	9	4	7	80.26	1		1.622951
8	52	8	0	0	0	5	9	4	7	80.26	1		1.622951
47	303	2	0	0	13	5	9	4	8	78.19	0		24.826815
47	304	2	0	0	9	8	9	4	8	78.19	0		24.826815
47	305	3	0	0	4	5	14	2	5	59.14	0		20.823023
47	306	4	0	9	9	0	16	6	5	77.66	1		9.649234
41	268	5	0	0	6	7	16	3	7	55.97	0		5.082279
25	160	4	0	9	9	5	16	6	5	77.66	1		9.649234
25	158	3	0	0	23	5	14	2	5	59.14	0		20.823023
25	159	4	0	9	9	10	16	6	5	77.66	1		9.649234
25	157	1	0	0	9	16	12	3	3	40.57	0		9.806679
25	163	9	0	15	0	0	15	6	5	281.74	0		14.266963
25	161	4	0	12	9	15	16	6	5	77.66	1		9.649234
25	162	8	0	0	17	10	9	4	7	80.26	1		1.622951
41	266	5	0	0	6	14	16	3	7	55.97	0		5.082279
41	265	1	0	0	6	21	12	3	3	40.57	0		9.806679
37	244	9	0	14	0	5	15	6	5	281.74	0		14.266963
41	269	10	0	11	15	0	8	5	5	131.49	0		150.751274
47	307	8	0	0	0	12	9	4	7	80.26	1		1.622951
41	271	10	0	9	15	5	8	5	5	131.49	0		150.751274
41	267	5	0	11	20	0	16	3	7	55.97	0		5.082279
52	344	6	0	19	15	0	11	5	3	123.17	0		25.712426
52	343	5	0	9	20	7	16	3	7	55.97	0		5.082279
52	345	6	0	19	15	3	11	5	3	123.17	0		25.712426
52	342	3	0	0	4	10	14	2	5	59.14	0		20.823023
52	340	1	0	0	6	24	12	3	3	40.57	0		9.806679
52	341	1	0	0	6	27	12	3	3	40.57	0		9.806679
52	346	7	0	9	20	14	11	3	3	53.46	0		37.911888
36	237	9	0	28	6	0	15	6	5	281.74	0		14.266963
36	232	2	0	9	15	10	9	4	8	78.19	0		24.826815
37	243	8	0	0	0	19	9	4	7	80.26	1		1.622951
36	233	3	0	0	23	10	14	2	5	59.14	0		20.823023
36	236	7	0	9	20	17	11	3	3	53.46	0		37.911888
36	234	3	0	0	4	15	14	2	5	59.14	0		20.823023
41	270	10	0	27	20	0	8	5	5	131.49	0		150.751274
37	242	5	0	14	0	10	16	3	7	55.97	0		5.082279
37	245	10	0	9	15	18	8	5	5	131.49	0		150.751274
37	238	3	0	0	23	15	14	2	5	59.14	0		20.823023
5	32	7	0	9	20	20	11	3	3	53.46	0		37.911888
37	240	4	0	12	9	20	16	6	5	77.66	1		9.649234
37	241	4	0	12	9	25	16	6	5	77.66	1		9.649234
36	235	6	0	17	15	6	11	5	3	123.17	0		25.712426
5	34	9	0	28	6	5	15	6	5	281.74	0		14.266963
5	29	5	0	14	3	10	16	3	7	55.97	0		5.082279
5	30	5	0	14	0	17	16	3	7	55.97	0		5.082279
5	31	6	0	18	15	9	11	5	3	123.17	0		25.712426
56	365	1	0	9	20	23	12	3	3	40.57	0		9.806679
5	26	1	0	14	3	17	12	3	3	40.57	0		9.806679
37	239	3	0	0	4	20	14	2	5	59.14	0		20.823023
5	33	7	0	14	3	20	11	3	3	53.46	0		37.911888
5	28	4	0	28	6	10	16	6	5	77.66	1		9.649234
34	223	9	0	30	0	0	15	6	5	281.74	0		14.266963
34	224	9	0	30	0	5	15	6	5	281.74	0		14.266963
30	191	7	0	14	3	23	11	3	3	53.46	0		37.911888
14	92	9	0	30	0	10	15	6	5	281.74	0		14.266963
34	216	2	0	18	15	12	9	4	8	78.19	0		24.826815
34	219	7	0	14	0	24	11	3	3	53.46	0		37.911888
34	220	7	0	14	0	27	11	3	3	53.46	0		37.911888
34	221	7	0	17	15	20	11	3	3	53.46	0		37.911888
34	222	8	0	9	15	23	9	4	7	80.26	1		1.622951
30	189	5	0	28	12	0	16	3	7	55.97	0		5.082279
45	295	10	0	27	20	5	8	5	5	131.49	0		150.751274
30	190	6	0	30	15	0	11	5	3	123.17	0		25.712426
30	186	1	0	14	3	26	12	3	3	40.57	0		9.806679
34	217	5	0	44	6	0	16	3	7	55.97	0		5.082279
30	188	4	0	28	6	15	16	6	5	77.66	1		9.649234
18	113	4	0	28	6	20	16	6	5	77.66	1		9.649234
14	89	4	0	30	0	15	16	6	5	77.66	1		9.649234
45	292	2	0	25	20	10	9	4	8	78.19	0		24.826815
56	366	2	0	25	20	18	9	4	8	78.19	0		24.826815
45	293	3	0	0	23	20	14	2	5	59.14	0		20.823023
56	369	9	0	41	15	0	15	6	5	281.74	0		14.266963
30	187	2	0	30	15	3	9	4	8	78.19	0		24.826815
56	370	10	0	30	15	11	8	5	5	131.49	0		150.751274
56	363	1	0	9	20	26	12	3	3	40.57	0		9.806679
56	364	1	0	18	15	23	12	3	3	40.57	0		9.806679
5	27	3	0	0	4	25	14	2	5	59.14	0		20.823023
56	367	7	0	18	15	26	11	3	3	53.46	0		37.911888
56	368	8	0	30	15	16	9	4	7	80.26	1		1.622951
14	91	9	0	39	15	5	15	6	5	281.74	0		14.266963
34	218	5	0	44	9	0	16	3	7	55.97	0		5.082279
14	90	5	0	28	12	7	16	3	7	55.97	0		5.082279
14	88	2	0	35	21	0	9	4	8	78.19	0		24.826815
14	93	10	0	39	15	10	8	5	5	131.49	0		150.751274
14	94	10	0	39	15	15	8	5	5	131.49	0		150.751274
45	294	9	0	44	6	7	15	6	5	281.74	0		14.266963
18	114	5	0	28	12	14	16	3	7	55.97	0		5.082279
30	192	8	0	45	0	0	9	4	7	80.26	1		1.622951
18	112	4	0	28	6	25	16	6	5	77.66	1		9.649234
18	117	10	0	39	15	20	8	5	5	131.49	0		150.751274
18	110	1	0	25	20	26	12	3	3	40.57	0		9.806679
18	116	7	0	28	12	21	11	3	3	53.46	0		37.911888
18	111	2	0	35	21	8	9	4	8	78.19	0		24.826815
18	115	5	0	44	12	0	16	3	7	55.97	0		5.082279
27	168	5	0	44	21	0	16	3	7	55.97	0		5.082279
27	169	5	0	44	12	7	16	3	7	55.97	0		5.082279
27	172	10	0	39	15	25	8	5	5	131.49	0		150.751274
27	170	6	0	44	6	12	11	5	3	123.17	0		25.712426
27	171	6	0	44	6	15	11	5	3	123.17	0		25.712426
27	167	1	0	28	12	24	12	3	3	40.57	0		9.806679


-------------------------------------------------------------------------------------------------------------------
Tour_Id:			4
No_of_Customers:		14
No_of_Items:			88
Customer_Sequence:		15 23 10 44 24 29 32 12 59 39 2 11 51 40 

CustId	Id	TypeId	Rotated	x	y	z	Length	Width	Height	mass	Fragility	LoadBearingStrength
40	261	9	0	0	0	0	15	6	5	281.74	0		14.266963
40	262	9	0	0	6	0	15	6	5	281.74	0		14.266963
40	258	5	0	0	12	0	16	3	7	55.97	0		5.082279
40	263	10	0	0	15	0	8	5	5	131.49	0		150.751274
40	264	10	0	0	20	0	8	5	5	131.49	0		150.751274
40	256	3	0	0	0	5	14	2	5	59.14	0		20.823023
40	257	3	0	0	2	5	14	2	5	59.14	0		20.823023
40	259	7	0	0	4	5	11	3	3	53.46	0		37.911888
40	260	8	0	0	7	5	9	4	7	80.26	1		1.622951
51	337	5	0	0	12	7	16	3	7	55.97	0		5.082279
51	338	6	0	0	0	10	11	5	3	123.17	0		25.712426
51	335	3	0	0	5	8	14	2	5	59.14	0		20.823023
51	336	3	0	0	0	13	14	2	5	59.14	0		20.823023
51	339	7	0	0	2	13	11	3	3	53.46	0		37.911888
11	70	9	0	8	15	0	15	6	5	281.74	0		14.266963
11	68	6	0	0	15	5	11	5	3	123.17	0		25.712426
11	64	3	0	0	20	5	14	2	5	59.14	0		20.823023
11	65	3	0	0	15	8	14	2	5	59.14	0		20.823023
11	66	3	0	0	17	8	14	2	5	59.14	0		20.823023
11	69	7	0	0	15	13	11	3	3	53.46	0		37.911888
11	67	4	0	15	0	0	16	6	5	77.66	1		9.649234
2	8	9	0	15	6	0	15	6	5	281.74	0		14.266963
2	9	9	0	14	6	5	15	6	5	281.74	0		14.266963
2	6	5	0	0	12	14	16	3	7	55.97	0		5.082279
59	390	2	0	0	2	16	9	4	8	78.19	0		24.826815
2	7	8	0	0	7	12	9	4	7	80.26	1		1.622951
39	254	9	0	14	6	10	15	6	5	281.74	0		14.266963
39	255	9	0	14	6	15	15	6	5	281.74	0		14.266963
39	252	6	0	14	15	5	11	5	3	123.17	0		25.712426
39	251	3	0	0	20	10	14	2	5	59.14	0		20.823023
39	253	8	0	0	15	16	9	4	7	80.26	1		1.622951
59	392	5	0	0	12	21	16	3	7	55.97	0		5.082279
2	5	4	0	14	0	5	16	6	5	77.66	1		9.649234
59	388	1	0	0	2	24	12	3	3	40.57	0		9.806679
59	395	10	0	14	15	8	8	5	5	131.49	0		150.751274
59	391	2	0	11	15	13	9	4	8	78.19	0		24.826815
59	389	1	0	0	2	27	12	3	3	40.57	0		9.806679
59	393	7	0	9	15	21	11	3	3	53.46	0		37.911888
59	394	8	0	0	15	23	9	4	7	80.26	1		1.622951
12	77	9	0	14	6	20	15	6	5	281.74	0		14.266963
12	73	3	0	0	20	15	14	2	5	59.14	0		20.823023
12	79	10	0	14	6	25	8	5	5	131.49	0		150.751274
29	182	1	0	9	15	24	12	3	3	40.57	0		9.806679
12	71	1	0	16	12	0	12	3	3	40.57	0		9.806679
12	72	1	0	16	12	3	12	3	3	40.57	0		9.806679
12	74	7	0	16	12	6	11	3	3	53.46	0		37.911888
12	75	7	0	16	12	9	11	3	3	53.46	0		37.911888
12	76	8	0	14	0	10	9	4	7	80.26	1		1.622951
32	202	2	0	25	15	0	9	4	8	78.19	0		24.826815
32	204	6	0	22	15	8	11	5	3	123.17	0		25.712426
32	201	1	0	16	12	12	12	3	3	40.57	0		9.806679
32	203	4	0	25	19	0	16	6	5	77.66	1		9.649234
32	205	8	0	14	0	17	9	4	7	80.26	1		1.622951
32	206	8	0	22	15	11	9	4	7	80.26	1		1.622951
29	184	9	0	30	6	0	15	6	5	281.74	0		14.266963
29	185	10	0	22	6	25	8	5	5	131.49	0		150.751274
29	183	3	0	0	20	20	14	2	5	59.14	0		20.823023
12	78	9	0	31	0	0	15	6	5	281.74	0		14.266963
24	156	9	0	30	6	5	15	6	5	281.74	0		14.266963
24	153	5	0	16	12	15	16	3	7	55.97	0		5.082279
24	154	7	0	9	15	27	11	3	3	53.46	0		37.911888
24	155	7	0	16	12	22	11	3	3	53.46	0		37.911888
24	152	4	0	30	0	5	16	6	5	77.66	1		9.649234
44	290	9	0	30	6	10	15	6	5	281.74	0		14.266963
44	291	9	0	30	6	15	15	6	5	281.74	0		14.266963
44	288	5	0	30	6	20	16	3	7	55.97	0		5.082279
44	287	2	0	34	12	0	9	4	8	78.19	0		24.826815
44	286	1	0	16	11	25	12	3	3	40.57	0		9.806679
44	289	8	0	21	15	18	9	4	7	80.26	1		1.622951
10	59	2	0	33	12	8	9	4	8	78.19	0		24.826815
10	63	10	0	33	12	16	8	5	5	131.49	0		150.751274
10	61	6	0	41	16	0	11	5	3	123.17	0		25.712426
10	60	3	0	0	20	25	14	2	5	59.14	0		20.823023
10	62	8	0	23	0	10	9	4	7	80.26	1		1.622951
23	145	5	0	30	9	20	16	3	7	55.97	0		5.082279
23	146	5	0	41	21	0	16	3	7	55.97	0		5.082279
23	147	5	0	41	21	7	16	3	7	55.97	0		5.082279
23	144	2	0	32	12	21	9	4	8	78.19	0		24.826815
23	150	10	0	41	16	3	8	5	5	131.49	0		150.751274
23	151	10	0	41	16	8	8	5	5	131.49	0		150.751274
23	148	8	0	23	0	17	9	4	7	80.26	1		1.622951
23	149	8	0	32	0	10	9	4	7	80.26	1		1.622951
15	99	5	0	41	21	14	16	3	7	55.97	0		5.082279
15	100	5	0	41	21	21	16	3	7	55.97	0		5.082279
15	96	2	0	41	16	13	9	4	8	78.19	0		24.826815
15	95	1	0	30	6	27	12	3	3	40.57	0		9.806679
15	97	4	1	46	0	0	16	6	5	77.66	1		9.649234
15	98	4	1	46	0	5	16	6	5	77.66	1		9.649234


