Name:				484_n100_m400_bt3
Problem:			3L-VRPTW
Number_of_used_Vehicles:	17
Total_Travel_Distance:		1398.79
Calculation_Time:		3600.00
Total_Iterations:		6039
ConstraintSet:			P1

-------------------------------------------------------------------------------------------------------------------
Tour_Id:			1
No_of_Customers:		6
No_of_Items:			23
Customer_Sequence:		86 51 60 52 31 72 

CustId	Id	TypeId	Rotated	x	y	z	Length	Width	Height	mass	Fragility	LoadBearingStrength
72	284	1	0	0	0	0	18	14	7	310.51	0		3.410472
72	285	3	0	0	14	0	19	9	10	495.85	0		23.714948
31	118	1	0	0	0	7	18	14	7	310.51	0		3.410472
31	119	1	0	0	0	14	18	14	7	310.51	0		3.410472
31	120	2	0	0	14	10	20	5	10	280.29	1		3.519018
52	206	3	0	18	0	0	19	9	10	495.85	0		23.714948
52	207	3	0	18	0	10	19	9	10	495.85	0		23.714948
52	204	2	0	0	19	10	20	5	10	280.29	1		3.519018
52	205	2	0	0	14	20	20	5	10	280.29	1		3.519018
60	234	1	0	0	0	21	18	14	7	310.51	0		3.410472
60	235	1	0	20	9	0	18	14	7	310.51	0		3.410472
60	236	3	0	18	0	20	19	9	10	495.85	0		23.714948
51	199	1	0	20	9	7	18	14	7	310.51	0		3.410472
51	200	1	0	20	9	14	18	14	7	310.51	0		3.410472
51	201	2	0	0	19	20	20	5	10	280.29	1		3.519018
51	202	2	0	37	0	0	20	5	10	280.29	1		3.519018
51	203	2	0	37	0	10	20	5	10	280.29	1		3.519018
86	341	1	0	20	9	21	18	14	7	310.51	0		3.410472
86	342	1	0	38	5	0	18	14	7	310.51	0		3.410472
86	343	1	0	38	5	7	18	14	7	310.51	0		3.410472
86	346	3	0	38	5	14	19	9	10	495.85	0		23.714948
86	344	2	0	37	0	20	20	5	10	280.29	1		3.519018
86	345	2	0	38	19	0	20	5	10	280.29	1		3.519018


-------------------------------------------------------------------------------------------------------------------
Tour_Id:			2
No_of_Customers:		5
No_of_Items:			22
Customer_Sequence:		61 56 9 47 49 

CustId	Id	TypeId	Rotated	x	y	z	Length	Width	Height	mass	Fragility	LoadBearingStrength
49	193	1	0	0	0	0	18	14	7	310.51	0		3.410472
49	194	1	0	0	0	7	18	14	7	310.51	0		3.410472
47	187	3	0	0	14	0	19	9	10	495.85	0		23.714948
47	186	3	0	0	14	10	19	9	10	495.85	0		23.714948
49	195	2	0	0	0	14	20	5	10	280.29	1		3.519018
47	184	2	0	0	5	14	20	5	10	280.29	1		3.519018
47	185	2	0	0	14	20	20	5	10	280.29	1		3.519018
9	33	1	0	20	0	0	18	14	7	310.51	0		3.410472
56	215	1	0	20	0	7	18	14	7	310.51	0		3.410472
9	36	3	0	20	14	0	19	9	10	495.85	0		23.714948
9	35	2	0	0	19	20	20	5	10	280.29	1		3.519018
56	218	2	0	20	14	10	20	5	10	280.29	1		3.519018
56	217	2	0	20	19	10	20	5	10	280.29	1		3.519018
56	216	1	0	20	0	14	18	14	7	310.51	0		3.410472
9	34	1	0	38	0	0	18	14	7	310.51	0		3.410472
56	219	2	0	20	14	20	20	5	10	280.29	1		3.519018
61	237	1	0	20	0	21	18	14	7	310.51	0		3.410472
61	238	1	0	38	0	7	18	14	7	310.51	0		3.410472
61	239	1	0	38	0	14	18	14	7	310.51	0		3.410472
61	242	3	0	40	14	0	19	9	10	495.85	0		23.714948
61	240	2	0	20	19	20	20	5	10	280.29	1		3.519018
61	241	2	0	40	14	10	20	5	10	280.29	1		3.519018


-------------------------------------------------------------------------------------------------------------------
Tour_Id:			3
No_of_Customers:		6
No_of_Items:			25
Customer_Sequence:		83 97 1 71 69 75 

CustId	Id	TypeId	Rotated	x	y	z	Length	Width	Height	mass	Fragility	LoadBearingStrength
75	296	3	0	0	0	0	19	9	10	495.85	0		23.714948
75	297	3	0	0	9	0	19	9	10	495.85	0		23.714948
75	295	2	0	0	18	0	20	5	10	280.29	1		3.519018
71	282	3	0	0	0	10	19	9	10	495.85	0		23.714948
69	273	1	0	19	0	0	18	14	7	310.51	0		3.410472
69	274	3	0	0	9	10	19	9	10	495.85	0		23.714948
69	275	3	0	0	9	20	19	9	10	495.85	0		23.714948
69	272	1	0	37	0	0	18	14	7	310.51	0		3.410472
71	283	3	0	0	0	20	19	9	10	495.85	0		23.714948
97	382	2	0	0	18	10	20	5	10	280.29	1		3.519018
1	3	3	0	19	0	7	19	9	10	495.85	0		23.714948
1	4	3	0	19	0	17	19	9	10	495.85	0		23.714948
1	2	2	0	19	9	7	20	5	10	280.29	1		3.519018
97	386	3	0	20	14	0	19	9	10	495.85	0		23.714948
97	387	3	0	20	14	10	19	9	10	495.85	0		23.714948
1	1	1	0	39	0	7	18	14	7	310.51	0		3.410472
97	383	2	0	0	18	20	20	5	10	280.29	1		3.519018
97	384	2	0	19	9	17	20	5	10	280.29	1		3.519018
97	385	2	0	20	14	20	20	5	10	280.29	1		3.519018
83	326	1	0	39	0	14	18	14	7	310.51	0		3.410472
83	327	1	0	39	0	21	18	14	7	310.51	0		3.410472
83	330	3	0	40	14	0	19	9	10	495.85	0		23.714948
83	331	3	0	40	14	10	19	9	10	495.85	0		23.714948
83	328	2	0	20	19	20	20	5	10	280.29	1		3.519018
83	329	2	0	40	14	20	20	5	10	280.29	1		3.519018


-------------------------------------------------------------------------------------------------------------------
Tour_Id:			4
No_of_Customers:		6
No_of_Items:			22
Customer_Sequence:		22 27 92 28 24 42 

CustId	Id	TypeId	Rotated	x	y	z	Length	Width	Height	mass	Fragility	LoadBearingStrength
42	165	1	0	0	0	0	18	14	7	310.51	0		3.410472
42	166	1	0	0	0	7	18	14	7	310.51	0		3.410472
42	167	3	0	0	14	0	19	9	10	495.85	0		23.714948
24	85	1	0	0	0	14	18	14	7	310.51	0		3.410472
24	87	3	0	0	14	10	19	9	10	495.85	0		23.714948
92	368	2	0	0	14	20	20	5	10	280.29	1		3.519018
24	86	2	0	0	19	20	20	5	10	280.29	1		3.519018
28	106	3	0	18	0	0	19	9	10	495.85	0		23.714948
28	107	3	0	18	0	10	19	9	10	495.85	0		23.714948
28	105	2	0	18	9	0	20	5	10	280.29	1		3.519018
92	366	1	0	0	0	21	18	14	7	310.51	0		3.410472
92	367	1	0	38	0	0	18	14	7	310.51	0		3.410472
92	369	3	0	18	0	20	19	9	10	495.85	0		23.714948
24	88	3	0	19	14	0	19	9	10	495.85	0		23.714948
27	100	1	0	38	0	7	18	14	7	310.51	0		3.410472
27	101	1	0	37	0	14	18	14	7	310.51	0		3.410472
27	102	1	0	37	0	21	18	14	7	310.51	0		3.410472
27	104	3	0	20	14	10	19	9	10	495.85	0		23.714948
27	103	2	0	20	14	20	20	5	10	280.29	1		3.519018
22	77	3	0	40	14	0	19	9	10	495.85	0		23.714948
22	78	3	0	40	14	10	19	9	10	495.85	0		23.714948
22	79	3	0	40	14	20	19	9	10	495.85	0		23.714948


-------------------------------------------------------------------------------------------------------------------
Tour_Id:			5
No_of_Customers:		5
No_of_Items:			24
Customer_Sequence:		20 82 45 84 44 

CustId	Id	TypeId	Rotated	x	y	z	Length	Width	Height	mass	Fragility	LoadBearingStrength
44	171	1	0	0	0	0	18	14	7	310.51	0		3.410472
44	172	1	0	0	0	7	18	14	7	310.51	0		3.410472
44	173	2	0	0	14	0	20	5	10	280.29	1		3.519018
44	174	2	0	0	19	0	20	5	10	280.29	1		3.519018
84	332	1	0	0	0	14	18	14	7	310.51	0		3.410472
84	333	1	0	0	0	21	18	14	7	310.51	0		3.410472
84	337	3	0	18	0	0	19	9	10	495.85	0		23.714948
84	334	2	0	0	14	10	20	5	10	280.29	1		3.519018
84	335	2	0	0	19	10	20	5	10	280.29	1		3.519018
84	336	2	0	0	14	20	20	5	10	280.29	1		3.519018
45	175	1	0	20	9	0	18	14	7	310.51	0		3.410472
45	176	1	0	20	9	7	18	14	7	310.51	0		3.410472
45	177	1	0	20	9	14	18	14	7	310.51	0		3.410472
45	179	3	0	18	0	10	19	9	10	495.85	0		23.714948
20	73	3	0	18	0	20	19	9	10	495.85	0		23.714948
82	323	2	0	37	0	0	20	5	10	280.29	1		3.519018
82	321	1	0	20	9	21	18	14	7	310.51	0		3.410472
82	322	1	0	38	5	0	18	14	7	310.51	0		3.410472
82	320	1	0	38	5	7	18	14	7	310.51	0		3.410472
82	324	2	0	37	0	10	20	5	10	280.29	1		3.519018
82	325	2	0	38	19	0	20	5	10	280.29	1		3.519018
20	71	1	0	38	5	14	18	14	7	310.51	0		3.410472
20	72	1	0	38	5	21	18	14	7	310.51	0		3.410472
45	178	2	0	0	19	20	20	5	10	280.29	1		3.519018


-------------------------------------------------------------------------------------------------------------------
Tour_Id:			6
No_of_Customers:		6
No_of_Items:			24
Customer_Sequence:		81 38 29 96 91 26 

CustId	Id	TypeId	Rotated	x	y	z	Length	Width	Height	mass	Fragility	LoadBearingStrength
26	95	1	0	0	0	0	18	14	7	310.51	0		3.410472
26	96	1	0	0	0	7	18	14	7	310.51	0		3.410472
91	362	1	0	0	0	14	18	14	7	310.51	0		3.410472
26	97	2	0	0	14	0	20	5	10	280.29	1		3.519018
26	98	2	0	0	19	0	20	5	10	280.29	1		3.519018
91	363	2	0	0	14	10	20	5	10	280.29	1		3.519018
26	99	3	0	18	0	0	19	9	10	495.85	0		23.714948
91	365	3	0	18	0	10	19	9	10	495.85	0		23.714948
96	380	2	0	0	19	10	20	5	10	280.29	1		3.519018
91	364	2	0	0	14	20	20	5	10	280.29	1		3.519018
96	379	1	0	0	0	21	18	14	7	310.51	0		3.410472
91	361	1	0	20	9	0	18	14	7	310.51	0		3.410472
96	381	2	0	0	19	20	20	5	10	280.29	1		3.519018
29	108	1	0	20	9	7	18	14	7	310.51	0		3.410472
29	109	3	0	18	0	20	19	9	10	495.85	0		23.714948
29	110	3	0	20	9	14	19	9	10	495.85	0		23.714948
29	111	3	0	37	0	0	19	9	10	495.85	0		23.714948
38	148	2	0	20	18	14	20	5	10	280.29	1		3.519018
38	147	1	0	40	9	0	18	14	7	310.51	0		3.410472
38	149	3	0	37	0	10	19	9	10	495.85	0		23.714948
38	146	1	0	40	9	7	18	14	7	310.51	0		3.410472
81	317	1	0	40	9	14	18	14	7	310.51	0		3.410472
81	318	1	0	40	9	21	18	14	7	310.51	0		3.410472
81	319	3	0	37	0	20	19	9	10	495.85	0		23.714948


-------------------------------------------------------------------------------------------------------------------
Tour_Id:			7
No_of_Customers:		5
No_of_Items:			24
Customer_Sequence:		10 25 11 79 80 

CustId	Id	TypeId	Rotated	x	y	z	Length	Width	Height	mass	Fragility	LoadBearingStrength
80	313	3	0	0	0	0	19	9	10	495.85	0		23.714948
80	314	3	0	0	9	0	19	9	10	495.85	0		23.714948
80	315	3	0	0	0	10	19	9	10	495.85	0		23.714948
80	316	3	0	0	9	10	19	9	10	495.85	0		23.714948
25	92	3	0	0	0	20	19	9	10	495.85	0		23.714948
79	308	1	0	19	0	0	18	14	7	310.51	0		3.410472
79	309	1	0	19	0	7	18	14	7	310.51	0		3.410472
79	310	1	0	37	0	0	18	14	7	310.51	0		3.410472
79	311	2	0	0	18	0	20	5	10	280.29	1		3.519018
79	312	2	0	0	18	10	20	5	10	280.29	1		3.519018
11	42	3	0	0	9	20	19	9	10	495.85	0		23.714948
11	43	3	0	20	14	0	19	9	10	495.85	0		23.714948
11	41	2	0	0	18	20	20	5	10	280.29	1		3.519018
11	44	3	0	20	14	10	19	9	10	495.85	0		23.714948
25	89	1	0	19	0	14	18	14	7	310.51	0		3.410472
25	90	1	0	19	0	21	18	14	7	310.51	0		3.410472
79	307	1	0	37	0	7	18	14	7	310.51	0		3.410472
25	91	2	0	20	14	20	20	5	10	280.29	1		3.519018
10	38	1	0	37	0	14	18	14	7	310.51	0		3.410472
25	93	3	0	39	14	0	19	9	10	495.85	0		23.714948
10	37	1	0	37	0	21	18	14	7	310.51	0		3.410472
25	94	3	0	39	14	10	19	9	10	495.85	0		23.714948
10	39	2	0	20	19	20	20	5	10	280.29	1		3.519018
10	40	2	0	40	14	20	20	5	10	280.29	1		3.519018


-------------------------------------------------------------------------------------------------------------------
Tour_Id:			8
No_of_Customers:		6
No_of_Items:			23
Customer_Sequence:		70 63 100 53 62 32 

CustId	Id	TypeId	Rotated	x	y	z	Length	Width	Height	mass	Fragility	LoadBearingStrength
32	122	3	0	0	0	0	19	9	10	495.85	0		23.714948
32	123	3	0	0	9	0	19	9	10	495.85	0		23.714948
62	245	3	0	0	0	10	19	9	10	495.85	0		23.714948
62	243	3	0	0	9	10	19	9	10	495.85	0		23.714948
62	244	3	0	0	0	20	19	9	10	495.85	0		23.714948
32	121	2	0	0	18	0	20	5	10	280.29	1		3.519018
53	208	1	0	19	0	0	18	14	7	310.51	0		3.410472
100	400	3	0	0	9	20	19	9	10	495.85	0		23.714948
100	397	1	0	19	0	7	18	14	7	310.51	0		3.410472
100	398	2	0	0	18	10	20	5	10	280.29	1		3.519018
63	246	1	0	19	0	14	18	14	7	310.51	0		3.410472
70	279	1	0	19	0	21	18	14	7	310.51	0		3.410472
53	209	3	0	20	14	0	19	9	10	495.85	0		23.714948
63	247	1	0	37	0	0	18	14	7	310.51	0		3.410472
63	250	3	0	20	14	10	19	9	10	495.85	0		23.714948
63	248	2	0	0	18	20	20	5	10	280.29	1		3.519018
70	281	3	0	20	14	20	19	9	10	495.85	0		23.714948
70	276	1	0	37	0	7	18	14	7	310.51	0		3.410472
70	277	1	0	37	0	14	18	14	7	310.51	0		3.410472
70	278	1	0	37	0	21	18	14	7	310.51	0		3.410472
100	399	3	0	39	14	0	19	9	10	495.85	0		23.714948
63	249	2	0	39	14	10	20	5	10	280.29	1		3.519018
70	280	2	0	39	19	10	20	5	10	280.29	1		3.519018


-------------------------------------------------------------------------------------------------------------------
Tour_Id:			9
No_of_Customers:		6
No_of_Items:			22
Customer_Sequence:		76 2 37 95 89 23 

CustId	Id	TypeId	Rotated	x	y	z	Length	Width	Height	mass	Fragility	LoadBearingStrength
23	80	1	0	0	0	0	18	14	7	310.51	0		3.410472
23	81	1	0	0	0	7	18	14	7	310.51	0		3.410472
23	82	1	0	0	0	14	18	14	7	310.51	0		3.410472
23	84	3	0	0	14	0	19	9	10	495.85	0		23.714948
95	377	3	0	0	14	10	19	9	10	495.85	0		23.714948
89	355	1	0	0	0	21	18	14	7	310.51	0		3.410472
95	375	1	0	18	0	0	18	14	7	310.51	0		3.410472
23	83	2	0	19	14	0	20	5	10	280.29	1		3.519018
95	376	1	0	18	0	7	18	14	7	310.51	0		3.410472
37	143	1	0	18	0	14	18	14	7	310.51	0		3.410472
95	378	3	0	0	14	20	19	9	10	495.85	0		23.714948
89	356	3	0	39	14	0	19	9	10	495.85	0		23.714948
37	145	3	0	36	0	0	19	9	10	495.85	0		23.714948
2	5	1	0	18	0	21	18	14	7	310.51	0		3.410472
37	144	2	0	19	14	10	20	5	10	280.29	1		3.519018
2	9	3	0	36	0	10	19	9	10	495.85	0		23.714948
2	10	3	0	36	0	20	19	9	10	495.85	0		23.714948
2	6	2	0	19	14	20	20	5	10	280.29	1		3.519018
2	7	2	0	36	9	0	20	5	10	280.29	1		3.519018
2	8	2	0	36	9	10	20	5	10	280.29	1		3.519018
76	298	3	0	39	14	10	19	9	10	495.85	0		23.714948
76	299	3	0	39	14	20	19	9	10	495.85	0		23.714948


-------------------------------------------------------------------------------------------------------------------
Tour_Id:			10
No_of_Customers:		6
No_of_Items:			25
Customer_Sequence:		99 35 18 66 33 93 

CustId	Id	TypeId	Rotated	x	y	z	Length	Width	Height	mass	Fragility	LoadBearingStrength
93	371	3	0	0	0	0	19	9	10	495.85	0		23.714948
93	370	2	0	0	9	0	20	5	10	280.29	1		3.519018
33	127	3	0	0	14	0	19	9	10	495.85	0		23.714948
33	128	3	0	0	0	10	19	9	10	495.85	0		23.714948
33	124	2	0	0	9	10	20	5	10	280.29	1		3.519018
66	263	3	0	0	14	10	19	9	10	495.85	0		23.714948
33	126	2	0	0	0	20	20	5	10	280.29	1		3.519018
66	259	1	0	20	0	0	18	14	7	310.51	0		3.410472
66	260	1	0	20	0	7	18	14	7	310.51	0		3.410472
66	261	1	0	20	0	14	18	14	7	310.51	0		3.410472
66	262	2	0	0	5	20	20	5	10	280.29	1		3.519018
33	125	2	0	19	14	0	20	5	10	280.29	1		3.519018
18	66	3	0	0	14	20	19	9	10	495.85	0		23.714948
18	67	3	0	38	0	0	19	9	10	495.85	0		23.714948
18	64	2	0	19	19	0	20	5	10	280.29	1		3.519018
18	65	2	0	19	14	10	20	5	10	280.29	1		3.519018
35	132	1	0	20	0	21	18	14	7	310.51	0		3.410472
35	136	3	0	38	0	10	19	9	10	495.85	0		23.714948
35	133	2	0	19	19	10	20	5	10	280.29	1		3.519018
35	134	2	0	19	14	20	20	5	10	280.29	1		3.519018
35	135	2	0	19	19	20	20	5	10	280.29	1		3.519018
99	393	1	0	39	9	0	18	14	7	310.51	0		3.410472
99	396	3	0	38	0	20	19	9	10	495.85	0		23.714948
99	394	2	0	39	9	7	20	5	10	280.29	1		3.519018
99	395	2	0	38	9	17	20	5	10	280.29	1		3.519018


-------------------------------------------------------------------------------------------------------------------
Tour_Id:			11
No_of_Customers:		6
No_of_Items:			28
Customer_Sequence:		34 30 39 87 46 59 

CustId	Id	TypeId	Rotated	x	y	z	Length	Width	Height	mass	Fragility	LoadBearingStrength
59	232	3	0	0	0	0	19	9	10	495.85	0		23.714948
59	233	3	0	0	9	0	19	9	10	495.85	0		23.714948
59	230	2	0	0	18	0	20	5	10	280.29	1		3.519018
59	231	2	0	0	0	10	20	5	10	280.29	1		3.519018
46	180	1	0	20	0	0	18	14	7	310.51	0		3.410472
46	183	3	0	0	5	10	19	9	10	495.85	0		23.714948
46	181	2	0	0	14	10	20	5	10	280.29	1		3.519018
46	182	2	0	0	19	10	20	5	10	280.29	1		3.519018
87	347	1	0	20	0	7	18	14	7	310.51	0		3.410472
87	348	1	0	20	0	14	18	14	7	310.51	0		3.410472
87	349	1	0	20	0	21	18	14	7	310.51	0		3.410472
87	351	3	0	0	5	20	19	9	10	495.85	0		23.714948
87	350	2	0	0	0	20	20	5	10	280.29	1		3.519018
39	150	1	0	38	0	0	18	14	7	310.51	0		3.410472
39	151	2	0	0	14	20	20	5	10	280.29	1		3.519018
39	152	2	0	0	19	20	20	5	10	280.29	1		3.519018
39	153	2	0	20	14	0	20	5	10	280.29	1		3.519018
39	154	2	0	20	19	0	20	5	10	280.29	1		3.519018
39	155	2	0	20	14	10	20	5	10	280.29	1		3.519018
30	112	1	0	38	0	7	18	14	7	310.51	0		3.410472
30	113	1	0	38	0	14	18	14	7	310.51	0		3.410472
30	114	1	0	38	0	21	18	14	7	310.51	0		3.410472
30	117	3	0	40	14	0	19	9	10	495.85	0		23.714948
30	115	2	0	20	19	10	20	5	10	280.29	1		3.519018
30	116	2	0	20	14	20	20	5	10	280.29	1		3.519018
34	131	3	0	40	14	10	19	9	10	495.85	0		23.714948
34	129	2	0	20	19	20	20	5	10	280.29	1		3.519018
34	130	2	0	40	14	20	20	5	10	280.29	1		3.519018


-------------------------------------------------------------------------------------------------------------------
Tour_Id:			12
No_of_Customers:		7
No_of_Items:			28
Customer_Sequence:		57 55 3 67 17 12 85 

CustId	Id	TypeId	Rotated	x	y	z	Length	Width	Height	mass	Fragility	LoadBearingStrength
85	340	3	0	0	0	0	19	9	10	495.85	0		23.714948
85	338	2	0	0	9	0	20	5	10	280.29	1		3.519018
12	46	1	0	20	0	0	18	14	7	310.51	0		3.410472
17	62	2	0	0	14	0	20	5	10	280.29	1		3.519018
85	339	2	0	0	19	0	20	5	10	280.29	1		3.519018
12	49	3	0	0	0	10	19	9	10	495.85	0		23.714948
12	47	2	0	0	9	10	20	5	10	280.29	1		3.519018
12	48	2	0	0	19	10	20	5	10	280.29	1		3.519018
17	63	3	0	0	0	20	19	9	10	495.85	0		23.714948
67	265	1	0	20	0	7	18	14	7	310.51	0		3.410472
12	45	1	0	38	0	0	18	14	7	310.51	0		3.410472
67	264	1	0	20	0	14	18	14	7	310.51	0		3.410472
17	61	2	0	0	14	10	20	5	10	280.29	1		3.519018
67	268	3	0	20	14	0	19	9	10	495.85	0		23.714948
67	266	2	0	0	9	20	20	5	10	280.29	1		3.519018
67	267	2	0	0	14	20	20	5	10	280.29	1		3.519018
3	11	1	0	20	0	21	18	14	7	310.51	0		3.410472
3	12	1	0	38	0	7	18	14	7	310.51	0		3.410472
3	13	1	0	38	0	14	18	14	7	310.51	0		3.410472
3	14	2	0	0	19	20	20	5	10	280.29	1		3.519018
55	212	2	0	20	14	10	20	5	10	280.29	1		3.519018
55	213	2	0	20	19	10	20	5	10	280.29	1		3.519018
55	214	2	0	20	14	20	20	5	10	280.29	1		3.519018
57	220	1	0	38	0	21	18	14	7	310.51	0		3.410472
57	222	3	0	40	14	0	19	9	10	495.85	0		23.714948
57	223	3	0	40	14	10	19	9	10	495.85	0		23.714948
57	224	3	0	40	14	20	19	9	10	495.85	0		23.714948
57	221	2	0	20	19	20	20	5	10	280.29	1		3.519018


-------------------------------------------------------------------------------------------------------------------
Tour_Id:			13
No_of_Customers:		8
No_of_Items:			28
Customer_Sequence:		7 4 77 54 21 15 5 8 

CustId	Id	TypeId	Rotated	x	y	z	Length	Width	Height	mass	Fragility	LoadBearingStrength
5	19	1	0	0	0	0	18	14	7	310.51	0		3.410472
5	21	1	0	0	0	7	18	14	7	310.51	0		3.410472
8	32	2	0	0	14	0	20	5	10	280.29	1		3.519018
8	30	2	0	0	19	0	20	5	10	280.29	1		3.519018
5	20	1	0	0	0	14	18	14	7	310.51	0		3.410472
8	31	2	0	0	14	10	20	5	10	280.29	1		3.519018
5	23	3	0	18	0	0	19	9	10	495.85	0		23.714948
5	22	2	0	0	19	10	20	5	10	280.29	1		3.519018
15	54	2	0	0	14	20	20	5	10	280.29	1		3.519018
15	55	2	0	0	19	20	20	5	10	280.29	1		3.519018
15	56	2	0	18	9	0	20	5	10	280.29	1		3.519018
77	300	1	0	0	0	21	18	14	7	310.51	0		3.410472
21	74	2	0	18	0	10	20	5	10	280.29	1		3.519018
21	75	2	0	18	5	10	20	5	10	280.29	1		3.519018
54	211	3	0	20	14	0	19	9	10	495.85	0		23.714948
21	76	3	0	37	0	0	19	9	10	495.85	0		23.714948
54	210	2	0	20	10	10	20	5	10	280.29	1		3.519018
77	301	1	0	40	9	0	18	14	7	310.51	0		3.410472
77	304	3	0	20	15	10	19	9	10	495.85	0		23.714948
77	302	2	0	18	0	20	20	5	10	280.29	1		3.519018
77	303	2	0	18	5	20	20	5	10	280.29	1		3.519018
4	15	1	0	40	9	7	18	14	7	310.51	0		3.410472
4	18	3	0	20	15	20	19	9	10	495.85	0		23.714948
4	16	1	0	40	9	14	18	14	7	310.51	0		3.410472
4	17	2	0	20	10	20	20	5	10	280.29	1		3.519018
7	27	1	0	40	9	21	18	14	7	310.51	0		3.410472
7	28	3	0	38	0	10	19	9	10	495.85	0		23.714948
7	29	3	0	38	0	20	19	9	10	495.85	0		23.714948


-------------------------------------------------------------------------------------------------------------------
Tour_Id:			14
No_of_Customers:		6
No_of_Items:			23
Customer_Sequence:		16 50 40 65 68 73 

CustId	Id	TypeId	Rotated	x	y	z	Length	Width	Height	mass	Fragility	LoadBearingStrength
73	286	1	0	0	0	0	18	14	7	310.51	0		3.410472
73	289	3	0	0	14	0	19	9	10	495.85	0		23.714948
73	290	3	0	0	0	7	19	9	10	495.85	0		23.714948
73	287	2	0	0	9	7	20	5	10	280.29	1		3.519018
73	288	2	0	0	14	10	20	5	10	280.29	1		3.519018
68	269	1	0	20	0	0	18	14	7	310.51	0		3.410472
68	270	1	0	20	0	7	18	14	7	310.51	0		3.410472
68	271	2	0	0	19	10	20	5	10	280.29	1		3.519018
65	255	1	0	20	0	14	18	14	7	310.51	0		3.410472
65	256	1	0	20	0	21	18	14	7	310.51	0		3.410472
65	257	3	0	0	0	17	19	9	10	495.85	0		23.714948
65	258	3	0	20	14	0	19	9	10	495.85	0		23.714948
40	156	1	0	38	0	0	18	14	7	310.51	0		3.410472
40	159	3	0	20	14	10	19	9	10	495.85	0		23.714948
40	157	2	0	0	14	20	20	5	10	280.29	1		3.519018
40	158	2	0	0	19	20	20	5	10	280.29	1		3.519018
50	196	1	0	38	0	7	18	14	7	310.51	0		3.410472
50	197	1	0	38	0	14	18	14	7	310.51	0		3.410472
50	198	3	0	20	14	20	19	9	10	495.85	0		23.714948
16	57	1	0	38	0	21	18	14	7	310.51	0		3.410472
16	60	3	0	39	14	0	19	9	10	495.85	0		23.714948
16	58	2	0	39	14	10	20	5	10	280.29	1		3.519018
16	59	2	0	39	19	10	20	5	10	280.29	1		3.519018


-------------------------------------------------------------------------------------------------------------------
Tour_Id:			15
No_of_Customers:		4
No_of_Items:			15
Customer_Sequence:		98 88 6 74 

CustId	Id	TypeId	Rotated	x	y	z	Length	Width	Height	mass	Fragility	LoadBearingStrength
74	291	1	0	0	0	0	18	14	7	310.51	0		3.410472
74	292	1	0	0	0	7	18	14	7	310.51	0		3.410472
74	293	1	0	0	0	14	18	14	7	310.51	0		3.410472
74	294	3	0	0	14	0	19	9	10	495.85	0		23.714948
6	24	1	0	0	0	21	18	14	7	310.51	0		3.410472
6	25	2	0	0	14	10	20	5	10	280.29	1		3.519018
6	26	2	0	0	19	10	20	5	10	280.29	1		3.519018
88	352	1	0	18	0	0	18	14	7	310.51	0		3.410472
88	353	3	0	18	0	7	19	9	10	495.85	0		23.714948
88	354	3	0	18	0	17	19	9	10	495.85	0		23.714948
98	388	1	0	37	0	0	18	14	7	310.51	0		3.410472
98	389	1	0	37	0	7	18	14	7	310.51	0		3.410472
98	390	1	0	37	0	14	18	14	7	310.51	0		3.410472
98	392	3	0	20	14	0	19	9	10	495.85	0		23.714948
98	391	2	0	0	14	20	20	5	10	280.29	1		3.519018


-------------------------------------------------------------------------------------------------------------------
Tour_Id:			16
No_of_Customers:		7
No_of_Items:			24
Customer_Sequence:		14 36 94 13 58 90 78 

CustId	Id	TypeId	Rotated	x	y	z	Length	Width	Height	mass	Fragility	LoadBearingStrength
78	306	3	0	0	0	0	19	9	10	495.85	0		23.714948
90	359	3	0	0	9	0	19	9	10	495.85	0		23.714948
90	357	1	0	0	0	10	18	14	7	310.51	0		3.410472
78	305	2	0	0	18	0	20	5	10	280.29	1		3.519018
90	358	2	0	0	14	10	20	5	10	280.29	1		3.519018
90	360	3	0	0	0	17	19	9	10	495.85	0		23.714948
58	226	3	0	19	0	0	19	9	10	495.85	0		23.714948
58	227	3	0	19	0	10	19	9	10	495.85	0		23.714948
58	228	3	0	19	0	20	19	9	10	495.85	0		23.714948
58	229	3	0	38	0	0	19	9	10	495.85	0		23.714948
58	225	2	0	0	19	10	20	5	10	280.29	1		3.519018
13	50	2	0	0	9	17	20	5	10	280.29	1		3.519018
13	51	2	0	0	14	20	20	5	10	280.29	1		3.519018
94	374	3	0	20	9	0	19	9	10	495.85	0		23.714948
94	372	2	0	0	19	20	20	5	10	280.29	1		3.519018
94	373	2	0	20	18	0	20	5	10	280.29	1		3.519018
36	142	3	0	20	9	10	19	9	10	495.85	0		23.714948
36	140	3	0	20	9	20	19	9	10	495.85	0		23.714948
36	138	1	0	40	9	0	18	14	7	310.51	0		3.410472
36	141	3	0	38	0	10	19	9	10	495.85	0		23.714948
36	137	1	0	40	9	7	18	14	7	310.51	0		3.410472
36	139	2	0	20	18	10	20	5	10	280.29	1		3.519018
14	52	1	0	40	9	14	18	14	7	310.51	0		3.410472
14	53	2	0	20	18	20	20	5	10	280.29	1		3.519018


-------------------------------------------------------------------------------------------------------------------
Tour_Id:			17
No_of_Customers:		5
No_of_Items:			20
Customer_Sequence:		43 48 41 64 19 

CustId	Id	TypeId	Rotated	x	y	z	Length	Width	Height	mass	Fragility	LoadBearingStrength
19	68	3	0	0	0	0	19	9	10	495.85	0		23.714948
19	69	3	0	0	9	0	19	9	10	495.85	0		23.714948
19	70	3	0	0	0	10	19	9	10	495.85	0		23.714948
64	251	1	0	19	0	0	18	14	7	310.51	0		3.410472
64	254	3	0	0	9	10	19	9	10	495.85	0		23.714948
64	252	2	0	0	18	0	20	5	10	280.29	1		3.519018
64	253	2	0	0	18	10	20	5	10	280.29	1		3.519018
41	162	3	0	0	0	20	19	9	10	495.85	0		23.714948
41	163	3	0	0	9	20	19	9	10	495.85	0		23.714948
41	164	3	0	19	0	7	19	9	10	495.85	0		23.714948
41	160	2	0	0	18	20	20	5	10	280.29	1		3.519018
41	161	2	0	19	9	7	20	5	10	280.29	1		3.519018
48	188	1	0	39	0	0	18	14	7	310.51	0		3.410472
48	190	3	0	19	0	17	19	9	10	495.85	0		23.714948
48	191	3	0	20	14	0	19	9	10	495.85	0		23.714948
48	192	3	0	20	14	10	19	9	10	495.85	0		23.714948
48	189	2	0	19	9	17	20	5	10	280.29	1		3.519018
43	168	1	0	39	0	7	18	14	7	310.51	0		3.410472
43	169	1	0	39	0	14	18	14	7	310.51	0		3.410472
43	170	3	0	20	14	20	19	9	10	495.85	0		23.714948


