Name:				489_n100_m400_bt10
Problem:			3L-VRPTW
Number_of_used_Vehicles:	35
Total_Travel_Distance:		2436.17
Calculation_Time:		3600.00
Total_Iterations:		4558
ConstraintSet:			P1

-------------------------------------------------------------------------------------------------------------------
Tour_Id:			1
No_of_Customers:		3
No_of_Items:			10
Customer_Sequence:		24 65 5 

CustId	Id	TypeId	Rotated	x	y	z	Length	Width	Height	mass	Fragility	LoadBearingStrength
5	18	3	0	0	0	0	34	12	7	761.23	0		30.738667
65	256	6	0	0	12	0	25	10	7	331.87	1		4.095898
5	19	4	0	0	0	7	29	9	6	253.33	0		6.770074
65	255	3	0	25	12	0	34	12	7	761.23	0		30.738667
65	254	2	0	25	12	7	28	13	9	366.26	0		18.073213
5	20	4	0	0	0	13	29	9	6	253.33	0		6.770074
65	257	9	0	25	12	16	35	5	14	313	0		17.306433
5	17	1	0	0	0	19	25	12	11	345.78	0		6.876115
24	93	7	0	34	0	0	26	9	13	436.26	0		7.505073
24	92	6	0	34	0	13	25	10	7	331.87	1		4.095898


-------------------------------------------------------------------------------------------------------------------
Tour_Id:			2
No_of_Customers:		4
No_of_Items:			14
Customer_Sequence:		66 53 58 3 

CustId	Id	TypeId	Rotated	x	y	z	Length	Width	Height	mass	Fragility	LoadBearingStrength
3	11	2	0	0	0	0	28	13	9	366.26	0		18.073213
3	12	3	0	0	13	0	34	12	7	761.23	0		30.738667
53	208	3	0	0	13	7	34	12	7	761.23	0		30.738667
58	227	1	0	0	0	9	25	12	11	345.78	0		6.876115
53	212	9	0	0	13	14	35	5	14	313	0		17.306433
58	228	8	0	0	0	20	12	10	8	254.46	1		10.663735
58	229	10	0	12	0	20	16	9	10	172.50	0		36.693544
3	13	4	0	28	0	0	29	9	6	253.33	0		6.770074
53	211	9	0	0	18	14	35	5	14	313	0		17.306433
53	210	5	0	28	0	6	32	9	14	609.89	0		20.453122
53	209	4	0	28	0	20	29	9	6	253.33	0		6.770074
66	258	1	0	35	9	0	25	12	11	345.78	0		6.876115
66	259	6	0	35	9	11	25	10	7	331.87	1		4.095898
66	260	8	0	35	9	18	12	10	8	254.46	1		10.663735


-------------------------------------------------------------------------------------------------------------------
Tour_Id:			3
No_of_Customers:		3
No_of_Items:			10
Customer_Sequence:		36 97 41 

CustId	Id	TypeId	Rotated	x	y	z	Length	Width	Height	mass	Fragility	LoadBearingStrength
41	164	7	0	0	0	0	26	9	13	436.26	0		7.505073
41	163	3	0	0	9	0	34	12	7	761.23	0		30.738667
97	387	4	0	0	9	7	29	9	6	253.33	0		6.770074
97	386	1	0	0	0	13	25	12	11	345.78	0		6.876115
41	165	10	0	26	0	0	16	9	10	172.50	0		36.693544
41	166	10	0	42	0	0	16	9	10	172.50	0		36.693544
36	143	5	0	26	0	10	32	9	14	609.89	0		20.453122
36	142	1	0	34	9	0	25	12	11	345.78	0		6.876115
36	144	9	0	0	12	13	35	5	14	313	0		17.306433
36	145	10	0	35	9	11	16	9	10	172.50	0		36.693544


-------------------------------------------------------------------------------------------------------------------
Tour_Id:			4
No_of_Customers:		3
No_of_Items:			14
Customer_Sequence:		99 35 14 

CustId	Id	TypeId	Rotated	x	y	z	Length	Width	Height	mass	Fragility	LoadBearingStrength
14	53	7	0	0	0	0	26	9	13	436.26	0		7.505073
14	55	10	0	0	9	0	16	9	10	172.50	0		36.693544
35	139	7	0	0	0	13	26	9	13	436.26	0		7.505073
14	54	8	0	0	9	10	12	10	8	254.46	1		10.663735
35	138	3	0	16	9	0	34	12	7	761.23	0		30.738667
35	137	3	0	16	9	7	34	12	7	761.23	0		30.738667
35	136	2	0	12	9	14	28	13	9	366.26	0		18.073213
35	140	8	0	0	9	18	12	10	8	254.46	1		10.663735
99	393	4	0	12	9	23	29	9	6	253.33	0		6.770074
99	394	5	0	26	0	0	32	9	14	609.89	0		20.453122
99	395	7	0	26	0	14	26	9	13	436.26	0		7.505073
35	141	10	1	50	9	0	16	9	10	172.50	0		36.693544
99	397	10	1	50	9	10	16	9	10	172.50	0		36.693544
99	396	8	1	40	9	14	12	10	8	254.46	1		10.663735


-------------------------------------------------------------------------------------------------------------------
Tour_Id:			5
No_of_Customers:		3
No_of_Items:			11
Customer_Sequence:		13 15 76 

CustId	Id	TypeId	Rotated	x	y	z	Length	Width	Height	mass	Fragility	LoadBearingStrength
76	295	5	0	0	0	0	32	9	14	609.89	0		20.453122
76	294	3	0	0	9	0	34	12	7	761.23	0		30.738667
76	296	10	0	0	9	7	16	9	10	172.50	0		36.693544
13	49	5	0	0	0	14	32	9	14	609.89	0		20.453122
15	56	8	0	0	9	17	12	10	8	254.46	1		10.663735
15	58	10	0	16	9	7	16	9	10	172.50	0		36.693544
15	57	10	0	12	9	17	16	9	10	172.50	0		36.693544
13	48	1	0	34	0	0	25	12	11	345.78	0		6.876115
13	50	7	0	32	0	11	26	9	13	436.26	0		7.505073
13	51	7	0	34	12	0	26	9	13	436.26	0		7.505073
13	52	8	0	34	12	13	12	10	8	254.46	1		10.663735


-------------------------------------------------------------------------------------------------------------------
Tour_Id:			6
No_of_Customers:		2
No_of_Items:			10
Customer_Sequence:		98 64 

CustId	Id	TypeId	Rotated	x	y	z	Length	Width	Height	mass	Fragility	LoadBearingStrength
98	389	7	0	0	0	0	26	9	13	436.26	0		7.505073
64	253	9	0	0	9	0	35	5	14	313	0		17.306433
64	250	4	0	0	14	0	29	9	6	253.33	0		6.770074
64	251	8	0	0	14	6	12	10	8	254.46	1		10.663735
64	252	8	0	0	9	14	12	10	8	254.46	1		10.663735
98	388	5	0	0	0	13	32	9	14	609.89	0		20.453122
64	249	1	0	35	9	0	25	12	11	345.78	0		6.876115
98	390	7	0	26	0	0	26	9	13	436.26	0		7.505073
98	391	7	0	32	0	13	26	9	13	436.26	0		7.505073
98	392	10	0	35	9	11	16	9	10	172.50	0		36.693544


-------------------------------------------------------------------------------------------------------------------
Tour_Id:			7
No_of_Customers:		2
No_of_Items:			9
Customer_Sequence:		71 78 

CustId	Id	TypeId	Rotated	x	y	z	Length	Width	Height	mass	Fragility	LoadBearingStrength
78	303	2	0	0	0	0	28	13	9	366.26	0		18.073213
78	301	2	0	0	0	9	28	13	9	366.26	0		18.073213
78	302	2	0	0	0	18	28	13	9	366.26	0		18.073213
78	305	5	0	0	13	0	32	9	14	609.89	0		20.453122
78	304	2	0	28	0	0	28	13	9	366.26	0		18.073213
71	276	2	0	28	0	9	28	13	9	366.26	0		18.073213
71	277	5	0	0	13	14	32	9	14	609.89	0		20.453122
71	278	6	0	28	0	18	25	10	7	331.87	1		4.095898
71	279	8	0	32	13	0	12	10	8	254.46	1		10.663735


-------------------------------------------------------------------------------------------------------------------
Tour_Id:			8
No_of_Customers:		2
No_of_Items:			12
Customer_Sequence:		85 87 

CustId	Id	TypeId	Rotated	x	y	z	Length	Width	Height	mass	Fragility	LoadBearingStrength
87	344	2	0	0	0	0	28	13	9	366.26	0		18.073213
87	347	9	0	0	13	0	35	5	14	313	0		17.306433
87	349	10	0	0	0	9	16	9	10	172.50	0		36.693544
87	348	9	0	0	18	0	35	5	14	313	0		17.306433
87	345	8	0	0	13	14	12	10	8	254.46	1		10.663735
87	346	8	0	0	0	19	12	10	8	254.46	1		10.663735
85	332	1	0	12	13	14	25	12	11	345.78	0		6.876115
85	337	10	0	16	0	9	16	9	10	172.50	0		36.693544
85	334	2	0	28	0	0	28	13	9	366.26	0		18.073213
85	335	2	0	32	0	9	28	13	9	366.26	0		18.073213
85	336	10	0	12	0	19	16	9	10	172.50	0		36.693544
85	333	1	0	32	0	18	25	12	11	345.78	0		6.876115


-------------------------------------------------------------------------------------------------------------------
Tour_Id:			9
No_of_Customers:		2
No_of_Items:			10
Customer_Sequence:		31 39 

CustId	Id	TypeId	Rotated	x	y	z	Length	Width	Height	mass	Fragility	LoadBearingStrength
39	153	3	0	0	0	0	34	12	7	761.23	0		30.738667
39	155	7	0	0	12	0	26	9	13	436.26	0		7.505073
39	156	7	0	0	0	7	26	9	13	436.26	0		7.505073
39	157	10	0	0	12	13	16	9	10	172.50	0		36.693544
31	117	4	0	0	0	20	29	9	6	253.33	0		6.770074
31	118	7	0	26	12	0	26	9	13	436.26	0		7.505073
31	119	9	0	16	12	13	35	5	14	313	0		17.306433
31	120	9	0	16	17	13	35	5	14	313	0		17.306433
39	154	7	0	34	0	0	26	9	13	436.26	0		7.505073
31	121	10	0	34	0	13	16	9	10	172.50	0		36.693544


-------------------------------------------------------------------------------------------------------------------
Tour_Id:			10
No_of_Customers:		3
No_of_Items:			10
Customer_Sequence:		57 47 81 

CustId	Id	TypeId	Rotated	x	y	z	Length	Width	Height	mass	Fragility	LoadBearingStrength
81	317	5	0	0	0	0	32	9	14	609.89	0		20.453122
81	318	9	0	0	9	0	35	5	14	313	0		17.306433
47	182	5	0	0	14	0	32	9	14	609.89	0		20.453122
81	316	4	0	0	0	14	29	9	6	253.33	0		6.770074
47	183	6	0	0	9	14	25	10	7	331.87	1		4.095898
47	184	8	0	0	9	21	12	10	8	254.46	1		10.663735
57	225	7	0	32	0	0	26	9	13	436.26	0		7.505073
57	223	4	0	0	0	20	29	9	6	253.33	0		6.770074
57	226	10	1	25	9	14	16	9	10	172.50	0		36.693544
57	224	6	0	32	14	0	25	10	7	331.87	1		4.095898


-------------------------------------------------------------------------------------------------------------------
Tour_Id:			11
No_of_Customers:		3
No_of_Items:			12
Customer_Sequence:		72 67 34 

CustId	Id	TypeId	Rotated	x	y	z	Length	Width	Height	mass	Fragility	LoadBearingStrength
67	262	3	0	0	0	0	34	12	7	761.23	0		30.738667
34	131	3	0	0	12	0	34	12	7	761.23	0		30.738667
67	261	3	0	0	0	7	34	12	7	761.23	0		30.738667
34	133	4	0	0	12	7	29	9	6	253.33	0		6.770074
34	132	4	0	0	12	13	29	9	6	253.33	0		6.770074
67	264	5	0	0	0	14	32	9	14	609.89	0		20.453122
34	134	6	0	0	12	19	25	10	7	331.87	1		4.095898
34	135	7	0	34	12	0	26	9	13	436.26	0		7.505073
67	263	4	0	29	12	13	29	9	6	253.33	0		6.770074
72	280	4	0	25	12	19	29	9	6	253.33	0		6.770074
72	281	6	0	34	0	0	25	10	7	331.87	1		4.095898
72	282	8	0	34	0	7	12	10	8	254.46	1		10.663735


-------------------------------------------------------------------------------------------------------------------
Tour_Id:			12
No_of_Customers:		2
No_of_Items:			8
Customer_Sequence:		30 42 

CustId	Id	TypeId	Rotated	x	y	z	Length	Width	Height	mass	Fragility	LoadBearingStrength
42	167	1	0	0	0	0	25	12	11	345.78	0		6.876115
42	168	1	0	0	12	0	25	12	11	345.78	0		6.876115
42	170	7	0	0	0	11	26	9	13	436.26	0		7.505073
42	169	3	0	25	0	0	34	12	7	761.23	0		30.738667
42	171	10	0	0	9	11	16	9	10	172.50	0		36.693544
30	114	2	0	25	12	0	28	13	9	366.26	0		18.073213
30	116	9	0	25	12	9	35	5	14	313	0		17.306433
30	115	4	0	0	0	24	29	9	6	253.33	0		6.770074


-------------------------------------------------------------------------------------------------------------------
Tour_Id:			13
No_of_Customers:		3
No_of_Items:			13
Customer_Sequence:		19 92 95 

CustId	Id	TypeId	Rotated	x	y	z	Length	Width	Height	mass	Fragility	LoadBearingStrength
95	378	7	0	0	0	0	26	9	13	436.26	0		7.505073
95	377	6	0	0	9	0	25	10	7	331.87	1		4.095898
95	380	9	0	0	19	0	35	5	14	313	0		17.306433
95	381	10	0	0	0	13	16	9	10	172.50	0		36.693544
95	379	9	0	0	19	14	35	5	14	313	0		17.306433
92	368	6	0	0	9	7	25	10	7	331.87	1		4.095898
92	370	9	0	25	9	0	35	5	14	313	0		17.306433
92	367	5	0	26	0	0	32	9	14	609.89	0		20.453122
92	369	6	0	0	9	14	25	10	7	331.87	1		4.095898
19	71	2	0	25	0	14	28	13	9	366.26	0		18.073213
19	73	9	0	25	14	0	35	5	14	313	0		17.306433
19	74	9	0	25	13	14	35	5	14	313	0		17.306433
19	72	6	0	0	9	21	25	10	7	331.87	1		4.095898


-------------------------------------------------------------------------------------------------------------------
Tour_Id:			14
No_of_Customers:		2
No_of_Items:			10
Customer_Sequence:		91 79 

CustId	Id	TypeId	Rotated	x	y	z	Length	Width	Height	mass	Fragility	LoadBearingStrength
79	306	1	0	0	0	0	25	12	11	345.78	0		6.876115
79	307	1	0	0	12	0	25	12	11	345.78	0		6.876115
79	308	3	0	25	0	0	34	12	7	761.23	0		30.738667
91	362	1	0	0	0	11	25	12	11	345.78	0		6.876115
79	310	6	0	0	12	11	25	10	7	331.87	1		4.095898
79	309	4	0	25	12	0	29	9	6	253.33	0		6.770074
91	363	2	0	25	0	7	28	13	9	366.26	0		18.073213
91	365	7	0	25	13	6	26	9	13	436.26	0		7.505073
91	366	9	0	25	0	16	35	5	14	313	0		17.306433
91	364	6	0	0	12	18	25	10	7	331.87	1		4.095898


-------------------------------------------------------------------------------------------------------------------
Tour_Id:			15
No_of_Customers:		3
No_of_Items:			11
Customer_Sequence:		49 7 73 

CustId	Id	TypeId	Rotated	x	y	z	Length	Width	Height	mass	Fragility	LoadBearingStrength
73	285	10	0	0	0	0	16	9	10	172.50	0		36.693544
73	283	4	0	0	9	0	29	9	6	253.33	0		6.770074
7	24	2	0	29	0	0	28	13	9	366.26	0		18.073213
73	284	6	0	0	9	6	25	10	7	331.87	1		4.095898
73	286	10	0	0	0	10	16	9	10	172.50	0		36.693544
7	27	10	0	0	0	20	16	9	10	172.50	0		36.693544
7	25	6	0	0	9	13	25	10	7	331.87	1		4.095898
7	26	6	0	0	9	20	25	10	7	331.87	1		4.095898
49	193	9	0	0	19	0	35	5	14	313	0		17.306433
49	191	4	0	29	0	9	29	9	6	253.33	0		6.770074
49	192	8	0	35	13	0	12	10	8	254.46	1		10.663735


-------------------------------------------------------------------------------------------------------------------
Tour_Id:			16
No_of_Customers:		3
No_of_Items:			12
Customer_Sequence:		63 12 96 

CustId	Id	TypeId	Rotated	x	y	z	Length	Width	Height	mass	Fragility	LoadBearingStrength
96	383	2	0	0	0	0	28	13	9	366.26	0		18.073213
96	382	1	0	0	13	0	25	12	11	345.78	0		6.876115
96	385	4	0	0	0	9	29	9	6	253.33	0		6.770074
96	384	3	0	25	13	0	34	12	7	761.23	0		30.738667
12	44	1	0	0	13	11	25	12	11	345.78	0		6.876115
12	45	2	0	29	0	0	28	13	9	366.26	0		18.073213
12	47	7	0	0	0	15	26	9	13	436.26	0		7.505073
12	46	6	0	0	13	22	25	10	7	331.87	1		4.095898
63	246	5	0	25	13	7	32	9	14	609.89	0		20.453122
63	245	2	0	29	0	9	28	13	9	366.26	0		18.073213
63	247	6	0	25	13	21	25	10	7	331.87	1		4.095898
63	248	8	0	26	0	18	12	10	8	254.46	1		10.663735


-------------------------------------------------------------------------------------------------------------------
Tour_Id:			17
No_of_Customers:		2
No_of_Items:			10
Customer_Sequence:		17 56 

CustId	Id	TypeId	Rotated	x	y	z	Length	Width	Height	mass	Fragility	LoadBearingStrength
17	65	6	0	0	0	0	25	10	7	331.87	1		4.095898
56	219	1	0	0	10	0	25	12	11	345.78	0		6.876115
56	221	9	0	25	10	0	35	5	14	313	0		17.306433
56	222	10	0	0	10	11	16	9	10	172.50	0		36.693544
56	220	5	0	25	15	0	32	9	14	609.89	0		20.453122
17	64	5	0	25	0	0	32	9	14	609.89	0		20.453122
17	61	3	0	25	10	14	34	12	7	761.23	0		30.738667
17	62	3	0	25	10	21	34	12	7	761.23	0		30.738667
17	63	5	0	25	0	14	32	9	14	609.89	0		20.453122
17	66	6	0	0	0	7	25	10	7	331.87	1		4.095898


-------------------------------------------------------------------------------------------------------------------
Tour_Id:			18
No_of_Customers:		2
No_of_Items:			11
Customer_Sequence:		40 9 

CustId	Id	TypeId	Rotated	x	y	z	Length	Width	Height	mass	Fragility	LoadBearingStrength
9	32	2	0	0	0	0	28	13	9	366.26	0		18.073213
9	33	2	0	0	0	9	28	13	9	366.26	0		18.073213
9	35	9	0	0	13	0	35	5	14	313	0		17.306433
40	160	2	0	0	0	18	28	13	9	366.26	0		18.073213
9	34	4	0	28	0	0	29	9	6	253.33	0		6.770074
40	158	1	0	28	0	6	25	12	11	345.78	0		6.876115
9	37	10	0	35	13	0	16	9	10	172.50	0		36.693544
40	159	1	0	28	0	17	25	12	11	345.78	0		6.876115
9	36	9	0	0	18	0	35	5	14	313	0		17.306433
40	161	3	0	0	13	14	34	12	7	761.23	0		30.738667
40	162	4	0	0	13	21	29	9	6	253.33	0		6.770074


-------------------------------------------------------------------------------------------------------------------
Tour_Id:			19
No_of_Customers:		3
No_of_Items:			13
Customer_Sequence:		77 62 25 

CustId	Id	TypeId	Rotated	x	y	z	Length	Width	Height	mass	Fragility	LoadBearingStrength
25	96	5	0	0	0	0	32	9	14	609.89	0		20.453122
25	97	9	0	0	9	0	35	5	14	313	0		17.306433
25	99	9	0	0	14	0	35	5	14	313	0		17.306433
62	243	7	0	0	0	14	26	9	13	436.26	0		7.505073
25	98	9	0	0	19	0	35	5	14	313	0		17.306433
25	95	3	0	0	9	14	34	12	7	761.23	0		30.738667
62	242	2	0	0	9	21	28	13	9	366.26	0		18.073213
25	94	1	0	35	0	0	25	12	11	345.78	0		6.876115
62	244	8	0	35	12	0	12	10	8	254.46	1		10.663735
77	297	1	0	35	0	11	25	12	11	345.78	0		6.876115
77	298	4	0	28	0	22	29	9	6	253.33	0		6.770074
77	299	8	0	35	12	8	12	10	8	254.46	1		10.663735
77	300	8	0	34	12	16	12	10	8	254.46	1		10.663735


-------------------------------------------------------------------------------------------------------------------
Tour_Id:			20
No_of_Customers:		3
No_of_Items:			12
Customer_Sequence:		59 27 52 

CustId	Id	TypeId	Rotated	x	y	z	Length	Width	Height	mass	Fragility	LoadBearingStrength
52	205	3	0	0	0	0	34	12	7	761.23	0		30.738667
52	206	4	0	0	12	0	29	9	6	253.33	0		6.770074
52	207	6	0	0	12	6	25	10	7	331.87	1		4.095898
59	234	9	0	0	0	7	35	5	14	313	0		17.306433
27	102	1	0	29	12	0	25	12	11	345.78	0		6.876115
27	103	2	0	29	12	11	28	13	9	366.26	0		18.073213
27	105	8	0	0	12	13	12	10	8	254.46	1		10.663735
27	104	8	0	0	12	21	12	10	8	254.46	1		10.663735
59	231	2	0	29	12	20	28	13	9	366.26	0		18.073213
59	230	1	0	35	0	0	25	12	11	345.78	0		6.876115
59	233	9	0	0	5	7	35	5	14	313	0		17.306433
59	232	3	0	0	0	21	34	12	7	761.23	0		30.738667


-------------------------------------------------------------------------------------------------------------------
Tour_Id:			21
No_of_Customers:		4
No_of_Items:			12
Customer_Sequence:		70 60 93 4 

CustId	Id	TypeId	Rotated	x	y	z	Length	Width	Height	mass	Fragility	LoadBearingStrength
4	14	1	0	0	0	0	25	12	11	345.78	0		6.876115
4	15	9	0	0	12	0	35	5	14	313	0		17.306433
4	16	9	0	0	17	0	35	5	14	313	0		17.306433
93	371	2	0	0	12	14	28	13	9	366.26	0		18.073213
93	372	4	0	0	0	11	29	9	6	253.33	0		6.770074
93	373	8	0	0	0	17	12	10	8	254.46	1		10.663735
60	235	3	0	0	12	23	34	12	7	761.23	0		30.738667
60	236	10	0	12	0	17	16	9	10	172.50	0		36.693544
70	275	7	0	29	0	0	26	9	13	436.26	0		7.505073
70	272	4	0	29	0	13	29	9	6	253.33	0		6.770074
70	273	4	0	28	0	19	29	9	6	253.33	0		6.770074
70	274	6	0	35	12	0	25	10	7	331.87	1		4.095898


-------------------------------------------------------------------------------------------------------------------
Tour_Id:			22
No_of_Customers:		3
No_of_Items:			11
Customer_Sequence:		22 6 32 

CustId	Id	TypeId	Rotated	x	y	z	Length	Width	Height	mass	Fragility	LoadBearingStrength
32	124	7	0	0	0	0	26	9	13	436.26	0		7.505073
32	122	4	0	0	9	0	29	9	6	253.33	0		6.770074
32	123	4	0	0	9	6	29	9	6	253.33	0		6.770074
32	125	8	0	0	9	12	12	10	8	254.46	1		10.663735
32	126	8	0	0	9	20	12	10	8	254.46	1		10.663735
6	21	2	0	29	0	0	28	13	9	366.26	0		18.073213
6	22	8	0	12	9	12	12	10	8	254.46	1		10.663735
6	23	8	0	12	9	20	12	10	8	254.46	1		10.663735
22	84	5	0	0	0	13	32	9	14	609.89	0		20.453122
22	83	2	0	32	0	9	28	13	9	366.26	0		18.073213
22	85	8	0	29	13	0	12	10	8	254.46	1		10.663735


-------------------------------------------------------------------------------------------------------------------
Tour_Id:			23
No_of_Customers:		2
No_of_Items:			10
Customer_Sequence:		50 54 

CustId	Id	TypeId	Rotated	x	y	z	Length	Width	Height	mass	Fragility	LoadBearingStrength
54	215	8	0	0	0	0	12	10	8	254.46	1		10.663735
54	213	2	0	0	10	0	28	13	9	366.26	0		18.073213
50	194	2	0	0	10	9	28	13	9	366.26	0		18.073213
54	216	9	0	12	0	0	35	5	14	313	0		17.306433
50	199	9	0	12	5	0	35	5	14	313	0		17.306433
54	214	4	0	28	10	0	29	9	6	253.33	0		6.770074
50	196	5	0	12	0	14	32	9	14	609.89	0		20.453122
50	198	6	0	0	10	18	25	10	7	331.87	1		4.095898
50	195	4	0	28	10	6	29	9	6	253.33	0		6.770074
50	197	5	0	28	10	12	32	9	14	609.89	0		20.453122


-------------------------------------------------------------------------------------------------------------------
Tour_Id:			24
No_of_Customers:		2
No_of_Items:			11
Customer_Sequence:		86 61 

CustId	Id	TypeId	Rotated	x	y	z	Length	Width	Height	mass	Fragility	LoadBearingStrength
61	238	1	0	0	0	0	25	12	11	345.78	0		6.876115
61	239	3	0	0	12	0	34	12	7	761.23	0		30.738667
61	241	9	0	0	12	7	35	5	14	313	0		17.306433
61	237	1	0	0	0	11	25	12	11	345.78	0		6.876115
61	240	8	0	0	0	22	12	10	8	254.46	1		10.663735
86	342	7	0	25	0	0	26	9	13	436.26	0		7.505073
86	343	9	0	0	17	7	35	5	14	313	0		17.306433
86	341	5	0	25	0	13	32	9	14	609.89	0		20.453122
86	340	2	0	0	12	21	28	13	9	366.26	0		18.073213
86	339	1	0	35	9	0	25	12	11	345.78	0		6.876115
86	338	1	0	35	9	11	25	12	11	345.78	0		6.876115


-------------------------------------------------------------------------------------------------------------------
Tour_Id:			25
No_of_Customers:		3
No_of_Items:			13
Customer_Sequence:		48 20 88 

CustId	Id	TypeId	Rotated	x	y	z	Length	Width	Height	mass	Fragility	LoadBearingStrength
88	351	3	0	0	0	0	34	12	7	761.23	0		30.738667
88	350	1	0	0	12	0	25	12	11	345.78	0		6.876115
88	352	9	0	0	0	7	35	5	14	313	0		17.306433
20	75	3	0	25	12	0	34	12	7	761.23	0		30.738667
20	76	4	0	0	12	11	29	9	6	253.33	0		6.770074
20	78	9	0	0	5	7	35	5	14	313	0		17.306433
48	187	2	0	0	0	21	28	13	9	366.26	0		18.073213
48	185	1	0	35	0	0	25	12	11	345.78	0		6.876115
48	186	1	0	35	0	11	25	12	11	345.78	0		6.876115
20	77	6	0	0	13	17	25	10	7	331.87	1		4.095898
48	188	2	0	29	12	7	28	13	9	366.26	0		18.073213
48	189	7	0	29	12	16	26	9	13	436.26	0		7.505073
48	190	8	0	35	0	22	12	10	8	254.46	1		10.663735


-------------------------------------------------------------------------------------------------------------------
Tour_Id:			26
No_of_Customers:		4
No_of_Items:			14
Customer_Sequence:		74 2 26 37 

CustId	Id	TypeId	Rotated	x	y	z	Length	Width	Height	mass	Fragility	LoadBearingStrength
37	146	1	0	0	0	0	25	12	11	345.78	0		6.876115
37	147	4	0	0	12	0	29	9	6	253.33	0		6.770074
37	148	6	0	0	12	6	25	10	7	331.87	1		4.095898
37	149	8	0	0	0	11	12	10	8	254.46	1		10.663735
26	100	3	0	25	0	0	34	12	7	761.23	0		30.738667
74	287	3	0	25	0	7	34	12	7	761.23	0		30.738667
2	6	2	0	29	12	0	28	13	9	366.26	0		18.073213
2	9	7	0	25	12	9	26	9	13	436.26	0		7.505073
2	7	4	0	25	12	22	29	9	6	253.33	0		6.770074
2	8	6	0	0	12	13	25	10	7	331.87	1		4.095898
2	10	8	0	0	0	19	12	10	8	254.46	1		10.663735
26	101	8	0	12	0	11	12	10	8	254.46	1		10.663735
74	288	4	0	25	0	14	29	9	6	253.33	0		6.770074
74	289	6	0	25	0	20	25	10	7	331.87	1		4.095898


-------------------------------------------------------------------------------------------------------------------
Tour_Id:			27
No_of_Customers:		3
No_of_Items:			11
Customer_Sequence:		8 46 94 

CustId	Id	TypeId	Rotated	x	y	z	Length	Width	Height	mass	Fragility	LoadBearingStrength
46	178	1	0	0	0	0	25	12	11	345.78	0		6.876115
94	374	6	0	0	12	0	25	10	7	331.87	1		4.095898
94	375	6	0	0	12	7	25	10	7	331.87	1		4.095898
46	181	9	0	25	0	0	35	5	14	313	0		17.306433
46	179	5	0	25	5	0	32	9	14	609.89	0		20.453122
94	376	9	0	25	14	0	35	5	14	313	0		17.306433
46	180	6	0	0	0	11	25	10	7	331.87	1		4.095898
8	29	5	0	25	0	14	32	9	14	609.89	0		20.453122
8	28	1	0	25	9	14	25	12	11	345.78	0		6.876115
8	31	9	0	25	19	0	35	5	14	313	0		17.306433
8	30	8	0	0	12	14	12	10	8	254.46	1		10.663735


-------------------------------------------------------------------------------------------------------------------
Tour_Id:			28
No_of_Customers:		3
No_of_Items:			13
Customer_Sequence:		80 11 75 

CustId	Id	TypeId	Rotated	x	y	z	Length	Width	Height	mass	Fragility	LoadBearingStrength
75	290	2	0	0	0	0	28	13	9	366.26	0		18.073213
75	293	10	0	0	13	0	16	9	10	172.50	0		36.693544
75	292	4	0	0	0	9	29	9	6	253.33	0		6.770074
80	311	3	0	16	13	0	34	12	7	761.23	0		30.738667
75	291	4	0	0	0	15	29	9	6	253.33	0		6.770074
11	42	7	0	29	0	0	26	9	13	436.26	0		7.505073
11	43	8	0	0	13	10	12	10	8	254.46	1		10.663735
80	314	5	0	16	13	7	32	9	14	609.89	0		20.453122
11	41	4	0	0	0	21	29	9	6	253.33	0		6.770074
11	40	1	0	29	0	13	25	12	11	345.78	0		6.876115
80	312	4	0	16	13	21	29	9	6	253.33	0		6.770074
80	313	4	0	29	0	24	29	9	6	253.33	0		6.770074
80	315	8	0	0	13	18	12	10	8	254.46	1		10.663735


-------------------------------------------------------------------------------------------------------------------
Tour_Id:			29
No_of_Customers:		4
No_of_Items:			14
Customer_Sequence:		69 16 82 29 

CustId	Id	TypeId	Rotated	x	y	z	Length	Width	Height	mass	Fragility	LoadBearingStrength
29	109	1	0	0	0	0	25	12	11	345.78	0		6.876115
29	110	1	0	0	12	0	25	12	11	345.78	0		6.876115
29	113	8	0	0	0	11	12	10	8	254.46	1		10.663735
29	112	3	0	25	0	0	34	12	7	761.23	0		30.738667
29	111	3	0	25	12	0	34	12	7	761.23	0		30.738667
82	322	10	0	0	10	11	16	9	10	172.50	0		36.693544
82	321	8	0	0	0	19	12	10	8	254.46	1		10.663735
82	320	8	0	0	10	21	12	10	8	254.46	1		10.663735
82	319	6	1	16	0	11	25	10	7	331.87	1		4.095898
69	269	1	0	26	0	7	25	12	11	345.78	0		6.876115
16	60	8	1	16	0	18	12	10	8	254.46	1		10.663735
16	59	5	0	26	12	7	32	9	14	609.89	0		20.453122
69	270	1	0	26	0	18	25	12	11	345.78	0		6.876115
69	271	6	0	26	12	21	25	10	7	331.87	1		4.095898


-------------------------------------------------------------------------------------------------------------------
Tour_Id:			30
No_of_Customers:		3
No_of_Items:			14
Customer_Sequence:		83 45 23 

CustId	Id	TypeId	Rotated	x	y	z	Length	Width	Height	mass	Fragility	LoadBearingStrength
23	90	10	0	0	0	0	16	9	10	172.50	0		36.693544
23	88	9	0	0	9	0	35	5	14	313	0		17.306433
23	89	9	0	0	14	0	35	5	14	313	0		17.306433
23	87	9	0	0	19	0	35	5	14	313	0		17.306433
23	91	10	0	0	0	10	16	9	10	172.50	0		36.693544
23	86	8	0	0	9	14	12	10	8	254.46	1		10.663735
45	176	6	0	12	9	14	25	10	7	331.87	1		4.095898
45	177	8	0	0	9	22	12	10	8	254.46	1		10.663735
83	324	5	0	16	0	0	32	9	14	609.89	0		20.453122
83	323	1	1	48	0	0	25	12	11	345.78	0		6.876115
83	326	7	0	16	0	14	26	9	13	436.26	0		7.505073
83	328	9	0	0	19	14	35	5	14	313	0		17.306433
83	325	6	0	12	9	21	25	10	7	331.87	1		4.095898
83	327	8	0	48	0	11	12	10	8	254.46	1		10.663735


-------------------------------------------------------------------------------------------------------------------
Tour_Id:			31
No_of_Customers:		2
No_of_Items:			8
Customer_Sequence:		33 68 

CustId	Id	TypeId	Rotated	x	y	z	Length	Width	Height	mass	Fragility	LoadBearingStrength
68	266	3	0	0	0	0	34	12	7	761.23	0		30.738667
68	265	2	0	0	12	0	28	13	9	366.26	0		18.073213
68	267	3	0	0	0	7	34	12	7	761.23	0		30.738667
33	130	10	0	0	12	9	16	9	10	172.50	0		36.693544
68	268	3	0	0	0	14	34	12	7	761.23	0		30.738667
33	129	5	0	28	12	0	32	9	14	609.89	0		20.453122
33	127	3	0	0	0	21	34	12	7	761.23	0		30.738667
33	128	5	0	28	12	14	32	9	14	609.89	0		20.453122


-------------------------------------------------------------------------------------------------------------------
Tour_Id:			32
No_of_Customers:		3
No_of_Items:			11
Customer_Sequence:		18 90 10 

CustId	Id	TypeId	Rotated	x	y	z	Length	Width	Height	mass	Fragility	LoadBearingStrength
90	357	1	0	0	0	0	25	12	11	345.78	0		6.876115
10	38	5	0	0	12	0	32	9	14	609.89	0		20.453122
90	359	6	0	0	0	11	25	10	7	331.87	1		4.095898
18	68	3	0	25	0	0	34	12	7	761.23	0		30.738667
90	358	2	0	32	12	0	28	13	9	366.26	0		18.073213
10	39	8	0	0	12	14	12	10	8	254.46	1		10.663735
90	360	6	0	0	0	18	25	10	7	331.87	1		4.095898
18	69	5	0	25	0	7	32	9	14	609.89	0		20.453122
18	67	1	0	32	12	9	25	12	11	345.78	0		6.876115
90	361	10	0	12	12	14	16	9	10	172.50	0		36.693544
18	70	8	0	25	0	21	12	10	8	254.46	1		10.663735


-------------------------------------------------------------------------------------------------------------------
Tour_Id:			33
No_of_Customers:		4
No_of_Items:			12
Customer_Sequence:		43 55 51 84 

CustId	Id	TypeId	Rotated	x	y	z	Length	Width	Height	mass	Fragility	LoadBearingStrength
84	329	1	0	0	0	0	25	12	11	345.78	0		6.876115
51	200	2	0	0	12	0	28	13	9	366.26	0		18.073213
84	330	3	0	25	0	0	34	12	7	761.23	0		30.738667
84	331	6	0	0	0	11	25	10	7	331.87	1		4.095898
51	204	10	0	0	12	9	16	9	10	172.50	0		36.693544
43	173	10	0	0	12	19	16	9	10	172.50	0		36.693544
51	202	7	0	25	0	7	26	9	13	436.26	0		7.505073
51	203	8	0	0	0	18	12	10	8	254.46	1		10.663735
55	217	2	0	28	12	0	28	13	9	366.26	0		18.073213
51	201	4	0	25	0	20	29	9	6	253.33	0		6.770074
55	218	8	0	16	12	9	12	10	8	254.46	1		10.663735
43	172	6	0	28	12	9	25	10	7	331.87	1		4.095898


-------------------------------------------------------------------------------------------------------------------
Tour_Id:			34
No_of_Customers:		3
No_of_Items:			11
Customer_Sequence:		1 28 100 

CustId	Id	TypeId	Rotated	x	y	z	Length	Width	Height	mass	Fragility	LoadBearingStrength
100	398	1	0	0	0	0	25	12	11	345.78	0		6.876115
100	399	2	0	0	12	0	28	13	9	366.26	0		18.073213
100	400	7	0	0	12	9	26	9	13	436.26	0		7.505073
28	107	4	0	0	0	11	29	9	6	253.33	0		6.770074
28	106	1	0	0	0	17	25	12	11	345.78	0		6.876115
28	108	5	0	28	12	0	32	9	14	609.89	0		20.453122
1	4	5	0	28	12	14	32	9	14	609.89	0		20.453122
1	1	4	0	29	0	0	29	9	6	253.33	0		6.770074
1	2	4	0	29	0	6	29	9	6	253.33	0		6.770074
1	3	4	0	29	0	12	29	9	6	253.33	0		6.770074
1	5	8	0	0	12	22	12	10	8	254.46	1		10.663735


-------------------------------------------------------------------------------------------------------------------
Tour_Id:			35
No_of_Customers:		4
No_of_Items:			13
Customer_Sequence:		44 21 89 38 

CustId	Id	TypeId	Rotated	x	y	z	Length	Width	Height	mass	Fragility	LoadBearingStrength
38	150	5	0	0	0	0	32	9	14	609.89	0		20.453122
38	151	9	0	0	9	0	35	5	14	313	0		17.306433
38	152	10	0	0	14	0	16	9	10	172.50	0		36.693544
89	355	5	0	0	0	14	32	9	14	609.89	0		20.453122
89	353	1	0	35	0	0	25	12	11	345.78	0		6.876115
89	354	4	0	16	14	0	29	9	6	253.33	0		6.770074
89	356	10	0	0	14	10	16	9	10	172.50	0		36.693544
21	79	5	0	16	14	6	32	9	14	609.89	0		20.453122
21	81	9	0	0	9	14	35	5	14	313	0		17.306433
21	82	10	0	0	14	20	16	9	10	172.50	0		36.693544
21	80	8	0	16	14	20	12	10	8	254.46	1		10.663735
44	175	10	0	28	14	20	16	9	10	172.50	0		36.693544
44	174	6	0	35	0	11	25	10	7	331.87	1		4.095898


