Name:				492_n100_m400_bt100
Problem:			3L-VRPTW
Number_of_used_Vehicles:	33
Total_Travel_Distance:		2452.52
Calculation_Time:		3600.00
Total_Iterations:		11401
ConstraintSet:			P1

-------------------------------------------------------------------------------------------------------------------
Tour_Id:			1
No_of_Customers:		2
No_of_Items:			9
Customer_Sequence:		14 48 

CustId	Id	TypeId	Rotated	x	y	z	Length	Width	Height	mass	Fragility	LoadBearingStrength
48	186	5	0	0	0	0	25	7	8	276.41	0		13.845513
48	190	93	0	0	7	0	17	12	11	516.49	1		7.040505
48	189	84	0	0	19	0	13	5	7	224.88	0		38.041586
14	54	71	0	17	7	0	22	8	12	500.18	0		74.705955
48	187	14	0	0	0	8	30	7	10	1606.45	0		37.522796
48	188	83	0	0	0	18	23	5	9	135.07	0		20.986407
14	55	87	1	39	0	0	22	11	13	835.01	0		11.928470
14	52	66	1	39	0	13	23	13	10	581.05	0		32.757202
14	53	67	0	39	0	23	14	14	7	162.09	0		8.133562


-------------------------------------------------------------------------------------------------------------------
Tour_Id:			2
No_of_Customers:		3
No_of_Items:			12
Customer_Sequence:		84 52 63 

CustId	Id	TypeId	Rotated	x	y	z	Length	Width	Height	mass	Fragility	LoadBearingStrength
63	249	1	0	0	0	0	14	12	14	574.02	0		14.509007
63	252	62	0	0	12	0	26	12	8	557.19	0		30.905755
52	208	6	0	0	12	8	31	11	12	436.17	0		4.060877
52	209	14	0	0	12	20	30	7	10	1606.45	0		37.522796
63	251	26	0	14	0	0	19	12	13	800.27	0		41.931570
63	250	16	0	0	0	14	17	5	12	279.79	0		58.163050
52	212	92	0	33	0	0	26	12	9	353.29	1		2.078568
52	211	88	0	17	0	13	21	6	9	317.99	0		50.739042
52	210	49	0	0	19	20	29	5	6	177.58	1		4.270031
84	333	9	0	31	12	0	27	11	14	533.41	0		17.394381
84	335	45	0	31	12	14	23	8	10	202.88	0		3.745215
84	334	16	0	14	6	13	17	5	12	279.79	0		58.163050


-------------------------------------------------------------------------------------------------------------------
Tour_Id:			3
No_of_Customers:		3
No_of_Items:			14
Customer_Sequence:		51 76 35 

CustId	Id	TypeId	Rotated	x	y	z	Length	Width	Height	mass	Fragility	LoadBearingStrength
35	138	52	0	0	0	0	28	14	6	288.42	1		19.654913
35	137	52	0	0	0	6	28	14	6	288.42	1		19.654913
76	302	98	0	0	14	0	33	11	6	285.23	0		27.252189
76	299	32	0	0	14	6	33	7	11	600.34	0		11.264221
76	301	56	0	0	14	17	27	8	11	376.98	0		11.350543
35	139	72	0	0	0	12	31	12	6	345.88	1		6.283091
51	206	90	0	31	0	0	24	8	7	305.19	0		14.445358
35	136	34	0	31	8	0	15	5	7	143.75	0		38.176881
76	303	100	0	33	14	0	22	11	7	1283.84	0		51.236780
51	204	17	0	31	0	7	27	11	10	952.27	0		85.635863
51	207	96	0	31	0	17	28	12	7	463.89	0		51.769382
51	203	2	0	33	14	7	16	11	8	299.58	0		18.458229
76	300	52	0	0	0	18	28	14	6	288.42	1		19.654913
51	205	37	0	33	12	15	16	13	8	211.51	1		20.357421


-------------------------------------------------------------------------------------------------------------------
Tour_Id:			4
No_of_Customers:		4
No_of_Items:			12
Customer_Sequence:		56 72 34 10 

CustId	Id	TypeId	Rotated	x	y	z	Length	Width	Height	mass	Fragility	LoadBearingStrength
34	133	9	0	0	0	0	27	11	14	533.41	0		17.394381
10	37	36	0	0	11	0	14	12	7	1491.02	0		80.593743
10	36	28	0	14	11	0	22	6	9	219.36	0		98.173630
34	135	72	0	0	0	14	31	12	6	345.88	1		6.283091
34	134	37	0	0	0	20	16	13	8	211.51	1		20.357421
72	288	69	0	14	17	0	33	8	14	446.88	0		35.600510
72	285	3	0	14	17	14	35	5	12	448.77	0		15.967729
72	287	67	0	36	0	0	14	14	7	162.09	0		8.133562
72	286	38	0	36	0	7	15	14	13	744.28	1		5.423788
56	227	22	1	51	0	0	21	9	12	260.76	0		4.159073
56	228	65	1	51	0	12	13	5	8	114.05	0		14.565870
56	226	12	0	16	0	20	30	10	9	1116.13	1		6.299783


-------------------------------------------------------------------------------------------------------------------
Tour_Id:			5
No_of_Customers:		2
No_of_Items:			10
Customer_Sequence:		24 92 

CustId	Id	TypeId	Rotated	x	y	z	Length	Width	Height	mass	Fragility	LoadBearingStrength
92	362	33	0	0	0	0	35	14	14	1375.99	0		65.575533
92	363	40	0	0	14	0	29	7	14	408.24	0		12.049910
24	90	33	0	0	0	14	35	14	14	1375.99	0		65.575533
92	360	5	0	0	14	14	25	7	8	276.41	0		13.845513
92	361	5	0	0	14	22	25	7	8	276.41	0		13.845513
92	364	58	0	29	14	0	30	10	8	308.71	0		10.525809
24	93	58	0	29	14	8	30	10	8	308.71	0		10.525809
24	92	46	0	25	14	16	31	11	7	607.73	0		26.341435
24	94	98	0	25	14	23	33	11	6	285.23	0		27.252189
24	91	45	0	35	0	0	23	8	10	202.88	0		3.745215


-------------------------------------------------------------------------------------------------------------------
Tour_Id:			6
No_of_Customers:		4
No_of_Items:			15
Customer_Sequence:		87 74 44 7 

CustId	Id	TypeId	Rotated	x	y	z	Length	Width	Height	mass	Fragility	LoadBearingStrength
7	22	6	0	0	0	0	31	11	12	436.17	0		4.060877
7	27	99	0	0	11	0	14	5	14	238.91	0		15.186717
7	24	82	0	0	0	12	30	10	6	1514.76	0		56.521919
7	25	93	0	0	0	18	17	12	11	516.49	1		7.040505
7	26	96	0	14	11	0	28	12	7	463.89	0		51.769382
7	23	36	0	14	11	7	14	12	7	1491.02	0		80.593743
44	170	5	0	0	12	14	25	7	8	276.41	0		13.845513
44	172	67	0	28	11	7	14	14	7	162.09	0		8.133562
44	171	25	0	0	12	22	22	9	6	127.35	1		3.095567
74	294	19	0	31	0	0	27	11	9	616.88	0		44.778130
87	344	5	0	31	0	9	25	7	8	276.41	0		13.845513
87	346	44	0	25	10	14	20	13	8	430	0		9.231499
74	295	76	0	42	11	0	18	9	9	462.70	0		11.733277
87	345	38	0	45	7	9	15	14	13	744.28	1		5.423788
87	347	72	0	22	12	22	31	12	6	345.88	1		6.283091


-------------------------------------------------------------------------------------------------------------------
Tour_Id:			7
No_of_Customers:		3
No_of_Items:			12
Customer_Sequence:		12 70 45 

CustId	Id	TypeId	Rotated	x	y	z	Length	Width	Height	mass	Fragility	LoadBearingStrength
45	174	41	0	0	0	0	20	13	12	799.02	0		17.045644
45	173	40	0	0	13	0	29	7	14	408.24	0		12.049910
45	175	59	0	0	0	12	15	11	10	617.59	0		194.461820
45	176	97	0	0	13	14	22	6	9	182.91	0		8.343280
12	47	65	0	0	20	0	13	5	8	114.05	0		14.565870
70	279	43	0	20	0	0	25	9	8	264.31	0		12.840185
12	46	38	0	45	0	0	15	14	13	744.28	1		5.423788
70	278	25	0	20	0	8	22	9	6	127.35	1		3.095567
12	44	6	0	29	14	0	31	11	12	436.17	0		4.060877
12	45	22	0	29	14	12	21	9	12	260.76	0		4.159073
70	276	10	0	0	0	22	14	9	6	148.84	0		31.728180
70	277	20	0	20	0	14	21	11	12	409.06	1		12.185261


-------------------------------------------------------------------------------------------------------------------
Tour_Id:			8
No_of_Customers:		3
No_of_Items:			13
Customer_Sequence:		55 31 39 

CustId	Id	TypeId	Rotated	x	y	z	Length	Width	Height	mass	Fragility	LoadBearingStrength
39	152	8	0	0	0	0	26	8	11	620.09	0		12.900262
31	125	91	0	0	8	0	33	5	14	2944.19	0		93.801920
39	153	100	0	0	13	0	22	11	7	1283.84	0		51.236780
31	122	35	0	0	13	7	26	12	7	621.95	0		15.412978
31	124	89	0	0	8	14	28	10	7	301.27	0		8.775002
55	220	45	0	0	0	11	23	8	10	202.88	0		3.745215
31	123	81	0	26	13	0	25	12	11	859.50	1		23.952972
55	223	60	0	33	0	0	17	12	12	382.15	0		13.571120
31	121	13	0	0	18	14	28	6	11	408.51	0		20.076599
55	221	45	1	51	0	0	23	8	10	202.88	0		3.745215
55	224	63	0	0	0	21	14	8	6	411.86	0		53.616089
55	222	54	0	28	13	11	23	9	11	482.37	1		3.099783
55	225	77	1	14	0	21	15	11	6	214	1		4.882101


-------------------------------------------------------------------------------------------------------------------
Tour_Id:			9
No_of_Customers:		3
No_of_Items:			13
Customer_Sequence:		40 59 83 

CustId	Id	TypeId	Rotated	x	y	z	Length	Width	Height	mass	Fragility	LoadBearingStrength
83	331	36	0	0	0	0	14	12	7	1491.02	0		80.593743
83	328	14	0	0	12	0	30	7	10	1606.45	0		37.522796
40	155	14	0	0	12	10	30	7	10	1606.45	0		37.522796
83	332	76	0	0	0	7	18	9	9	462.70	0		11.733277
59	239	22	0	0	0	16	21	9	12	260.76	0		4.159073
83	329	21	0	18	0	0	32	10	9	355.18	0		4.506790
59	237	11	0	18	0	9	26	11	7	201.85	0		9.717798
59	240	59	0	21	0	16	15	11	10	617.59	0		194.461820
40	157	79	0	30	12	0	22	10	14	312.84	0		3.796877
83	330	29	0	0	19	0	30	5	8	269.88	0		21.327205
40	156	22	0	30	11	14	21	9	12	260.76	0		4.159073
59	238	16	0	0	19	8	17	5	12	279.79	0		58.163050
40	154	12	0	0	11	20	30	10	9	1116.13	1		6.299783


-------------------------------------------------------------------------------------------------------------------
Tour_Id:			10
No_of_Customers:		3
No_of_Items:			13
Customer_Sequence:		80 49 22 

CustId	Id	TypeId	Rotated	x	y	z	Length	Width	Height	mass	Fragility	LoadBearingStrength
22	83	87	0	0	0	0	22	11	13	835.01	0		11.928470
22	84	96	0	0	11	0	28	12	7	463.89	0		51.769382
22	82	30	0	0	11	7	28	5	8	252.01	0		8.001405
49	194	42	0	22	0	0	33	11	11	617.45	0		7.556437
49	195	55	0	0	16	7	34	7	9	421.67	0		6.671585
49	196	70	0	0	0	13	22	9	8	187.41	0		5.359609
49	191	29	0	0	11	15	30	5	8	269.88	0		21.327205
49	192	36	0	28	11	0	14	12	7	1491.02	0		80.593743
49	193	38	0	42	11	0	15	14	13	744.28	1		5.423788
80	319	86	0	22	0	11	29	11	12	588.37	0		41.399370
80	320	98	0	22	0	23	33	11	6	285.23	0		27.252189
80	317	30	0	0	16	16	28	5	8	252.01	0		8.001405
80	318	37	0	42	11	13	16	13	8	211.51	1		20.357421


-------------------------------------------------------------------------------------------------------------------
Tour_Id:			11
No_of_Customers:		3
No_of_Items:			12
Customer_Sequence:		61 94 4 

CustId	Id	TypeId	Rotated	x	y	z	Length	Width	Height	mass	Fragility	LoadBearingStrength
4	12	27	0	0	0	0	19	11	13	422.70	0		12.440104
4	13	37	0	0	11	0	16	13	8	211.51	1		20.357421
4	14	93	0	0	11	8	17	12	11	516.49	1		7.040505
4	11	20	0	0	0	13	21	11	12	409.06	1		12.185261
94	372	24	0	17	11	0	28	9	9	625.64	0		8.394693
94	374	83	0	17	20	0	23	5	9	135.07	0		20.986407
61	243	35	0	17	11	9	26	12	7	621.95	0		15.412978
94	371	17	0	21	0	0	27	11	10	952.27	0		85.635863
61	246	91	0	17	11	16	33	5	14	2944.19	0		93.801920
94	373	43	0	21	0	10	25	9	8	264.31	0		12.840185
61	244	55	0	17	16	16	34	7	9	421.67	0		6.671585
61	245	89	0	21	0	18	28	10	7	301.27	0		8.775002


-------------------------------------------------------------------------------------------------------------------
Tour_Id:			12
No_of_Customers:		3
No_of_Items:			12
Customer_Sequence:		18 97 67 

CustId	Id	TypeId	Rotated	x	y	z	Length	Width	Height	mass	Fragility	LoadBearingStrength
67	267	44	0	0	0	0	20	13	8	430	0		9.231499
67	268	59	0	0	13	0	15	11	10	617.59	0		194.461820
97	386	85	0	0	0	8	13	12	14	619.44	0		96.867835
97	384	48	0	0	13	10	15	12	12	739.53	0		33.803774
97	383	8	0	15	13	0	26	8	11	620.09	0		12.900262
67	266	43	0	20	0	0	25	9	8	264.31	0		12.840185
97	382	6	0	13	0	8	31	11	12	436.17	0		4.060877
97	385	53	1	0	0	22	18	10	8	1057.25	1		14.078889
18	73	69	0	15	13	11	33	8	14	446.88	0		35.600510
18	74	87	1	48	0	0	22	11	13	835.01	0		11.928470
18	71	21	0	13	0	20	32	10	9	355.18	0		4.506790
18	72	43	1	48	0	13	25	9	8	264.31	0		12.840185


-------------------------------------------------------------------------------------------------------------------
Tour_Id:			13
No_of_Customers:		3
No_of_Items:			13
Customer_Sequence:		99 82 100 

CustId	Id	TypeId	Rotated	x	y	z	Length	Width	Height	mass	Fragility	LoadBearingStrength
100	398	38	0	0	0	0	15	14	13	744.28	1		5.423788
82	326	37	0	0	0	13	16	13	8	211.51	1		20.357421
100	397	15	0	0	14	0	29	7	14	305.31	0		23.186088
100	399	57	0	15	0	0	12	12	6	92.56	1		4.000836
82	327	53	0	0	0	21	18	10	8	1057.25	1		14.078889
82	325	19	0	27	0	0	27	11	9	616.88	0		44.778130
82	324	5	0	0	13	14	25	7	8	276.41	0		13.845513
99	396	99	0	27	0	9	14	5	14	238.91	0		15.186717
99	392	8	0	27	5	9	26	8	11	620.09	0		12.900262
100	400	86	0	29	14	0	29	11	12	588.37	0		41.399370
99	395	82	0	29	13	12	30	10	6	1514.76	0		56.521919
99	394	68	0	29	13	18	16	12	10	236.12	0		8.952336
99	393	63	0	0	13	22	14	8	6	411.86	0		53.616089


-------------------------------------------------------------------------------------------------------------------
Tour_Id:			14
No_of_Customers:		3
No_of_Items:			12
Customer_Sequence:		25 86 41 

CustId	Id	TypeId	Rotated	x	y	z	Length	Width	Height	mass	Fragility	LoadBearingStrength
41	159	6	0	0	0	0	31	11	12	436.17	0		4.060877
41	160	79	0	0	11	0	22	10	14	312.84	0		3.796877
86	340	52	0	22	11	0	28	14	6	288.42	1		19.654913
86	343	93	0	0	11	14	17	12	11	516.49	1		7.040505
86	341	75	0	0	0	12	27	11	7	344.25	0		20.413751
41	158	2	0	31	0	0	16	11	8	299.58	0		18.458229
86	339	32	0	0	0	19	33	7	11	600.34	0		11.264221
25	95	50	1	50	0	0	25	10	13	616.50	0		22.483560
86	342	81	0	22	11	6	25	12	11	859.50	1		23.952972
25	98	79	1	50	0	13	22	10	14	312.84	0		3.796877
25	96	59	0	33	0	8	15	11	10	617.59	0		194.461820
25	97	67	0	33	0	18	14	14	7	162.09	0		8.133562


-------------------------------------------------------------------------------------------------------------------
Tour_Id:			15
No_of_Customers:		3
No_of_Items:			13
Customer_Sequence:		16 38 19 

CustId	Id	TypeId	Rotated	x	y	z	Length	Width	Height	mass	Fragility	LoadBearingStrength
19	77	96	0	0	0	0	28	12	7	463.89	0		51.769382
19	75	49	0	0	12	0	29	5	6	177.58	1		4.270031
38	148	15	0	0	17	0	29	7	14	305.31	0		23.186088
19	76	56	0	0	0	7	27	8	11	376.98	0		11.350543
16	65	69	0	0	17	14	33	8	14	446.88	0		35.600510
38	150	44	0	29	0	0	20	13	8	430	0		9.231499
38	149	30	0	0	8	7	28	5	8	252.01	0		8.001405
38	151	72	0	29	13	0	31	12	6	345.88	1		6.283091
16	64	35	0	29	0	8	26	12	7	621.95	0		15.412978
16	63	31	0	0	8	15	32	6	12	445.80	0		14.027224
16	60	2	0	32	0	15	16	11	8	299.58	0		18.458229
16	62	30	0	0	0	18	28	5	8	252.01	0		8.001405
16	61	25	0	29	13	6	22	9	6	127.35	1		3.095567


-------------------------------------------------------------------------------------------------------------------
Tour_Id:			16
No_of_Customers:		3
No_of_Items:			12
Customer_Sequence:		50 2 1 

CustId	Id	TypeId	Rotated	x	y	z	Length	Width	Height	mass	Fragility	LoadBearingStrength
1	2	26	0	0	0	0	19	12	13	800.27	0		41.931570
1	3	62	0	0	12	0	26	12	8	557.19	0		30.905755
1	1	23	0	0	12	8	13	13	10	253.03	1		1.727411
2	5	22	0	0	0	13	21	9	12	260.76	0		4.159073
2	4	15	0	21	0	0	29	7	14	305.31	0		23.186088
50	200	44	0	26	12	0	20	13	8	430	0		9.231499
50	199	42	0	13	12	8	33	11	11	617.45	0		7.556437
50	201	50	1	50	0	0	25	10	13	616.50	0		22.483560
50	198	40	0	21	0	14	29	7	14	408.24	0		12.049910
50	197	19	0	13	12	19	27	11	9	616.88	0		44.778130
2	6	83	0	21	7	0	23	5	9	135.07	0		20.986407
50	202	84	0	21	7	9	13	5	7	224.88	0		38.041586


-------------------------------------------------------------------------------------------------------------------
Tour_Id:			17
No_of_Customers:		3
No_of_Items:			12
Customer_Sequence:		47 54 28 

CustId	Id	TypeId	Rotated	x	y	z	Length	Width	Height	mass	Fragility	LoadBearingStrength
28	108	15	0	0	0	0	29	7	14	305.31	0		23.186088
28	109	48	0	0	7	0	15	12	12	739.53	0		33.803774
28	110	56	0	0	0	14	27	8	11	376.98	0		11.350543
28	111	71	0	15	7	0	22	8	12	500.18	0		74.705955
47	184	80	0	0	8	12	28	10	14	401.34	0		3.887160
54	218	10	0	15	15	0	14	9	6	148.84	0		31.728180
47	182	60	0	37	0	0	17	12	12	382.15	0		13.571120
54	219	66	0	37	12	0	23	13	10	581.05	0		32.757202
47	181	59	0	37	12	10	15	11	10	617.59	0		194.461820
47	185	81	0	29	0	12	25	12	11	859.50	1		23.952972
47	183	72	0	28	0	23	31	12	6	345.88	1		6.283091
47	180	37	0	37	12	20	16	13	8	211.51	1		20.357421


-------------------------------------------------------------------------------------------------------------------
Tour_Id:			18
No_of_Customers:		3
No_of_Items:			12
Customer_Sequence:		62 29 78 

CustId	Id	TypeId	Rotated	x	y	z	Length	Width	Height	mass	Fragility	LoadBearingStrength
78	311	86	0	0	0	0	29	11	12	588.37	0		41.399370
78	310	66	0	0	11	0	23	13	10	581.05	0		32.757202
29	114	83	0	0	11	10	23	5	9	135.07	0		20.986407
78	308	53	0	0	0	12	18	10	8	1057.25	1		14.078889
29	113	48	0	23	11	0	15	12	12	739.53	0		33.803774
78	307	40	0	29	0	0	29	7	14	408.24	0		12.049910
29	112	41	0	38	11	0	20	13	12	799.02	0		17.045644
78	306	8	0	29	0	14	26	8	11	620.09	0		12.900262
78	309	53	0	0	0	20	18	10	8	1057.25	1		14.078889
29	115	84	0	0	16	10	13	5	7	224.88	0		38.041586
62	248	31	0	23	11	12	32	6	12	445.80	0		14.027224
62	247	3	0	23	17	12	35	5	12	448.77	0		15.967729


-------------------------------------------------------------------------------------------------------------------
Tour_Id:			19
No_of_Customers:		3
No_of_Items:			10
Customer_Sequence:		75 15 81 

CustId	Id	TypeId	Rotated	x	y	z	Length	Width	Height	mass	Fragility	LoadBearingStrength
81	322	66	0	0	0	0	23	13	10	581.05	0		32.757202
81	323	66	0	0	0	10	23	13	10	581.05	0		32.757202
81	321	56	0	0	13	0	27	8	11	376.98	0		11.350543
15	59	98	0	23	0	0	33	11	6	285.23	0		27.252189
15	57	35	0	0	0	20	26	12	7	621.95	0		15.412978
75	297	64	0	26	0	6	34	10	12	423.15	0		13.861938
15	58	63	0	0	13	11	14	8	6	411.86	0		53.616089
75	296	64	0	26	0	18	34	10	12	423.15	0		13.861938
15	56	6	0	27	13	0	31	11	12	436.17	0		4.060877
75	298	80	0	27	13	12	28	10	14	401.34	0		3.887160


-------------------------------------------------------------------------------------------------------------------
Tour_Id:			20
No_of_Customers:		3
No_of_Items:			14
Customer_Sequence:		42 11 90 

CustId	Id	TypeId	Rotated	x	y	z	Length	Width	Height	mass	Fragility	LoadBearingStrength
90	354	62	0	0	0	0	26	12	8	557.19	0		30.905755
11	41	75	0	0	12	0	27	11	7	344.25	0		20.413751
90	353	43	0	0	0	8	25	9	8	264.31	0		12.840185
11	38	1	0	0	12	7	14	12	14	574.02	0		14.509007
11	42	81	0	0	0	16	25	12	11	859.50	1		23.952972
11	39	1	0	14	12	7	14	12	14	574.02	0		14.509007
90	355	98	0	26	0	0	33	11	6	285.23	0		27.252189
11	40	5	0	0	12	21	25	7	8	276.41	0		13.845513
42	163	42	0	26	0	6	33	11	11	617.45	0		7.556437
42	164	64	0	25	0	17	34	10	12	423.15	0		13.861938
11	43	89	0	27	12	0	28	10	7	301.27	0		8.775002
42	162	39	0	28	12	7	28	10	12	864.70	0		6.416750
42	165	97	0	0	19	21	22	6	9	182.91	0		8.343280
42	161	34	0	28	12	19	15	5	7	143.75	0		38.176881


-------------------------------------------------------------------------------------------------------------------
Tour_Id:			21
No_of_Customers:		3
No_of_Items:			11
Customer_Sequence:		69 46 58 

CustId	Id	TypeId	Rotated	x	y	z	Length	Width	Height	mass	Fragility	LoadBearingStrength
58	233	9	0	0	0	0	27	11	14	533.41	0		17.394381
58	236	79	0	0	11	0	22	10	14	312.84	0		3.796877
46	179	76	0	0	0	14	18	9	9	462.70	0		11.733277
58	235	68	0	0	9	14	16	12	10	236.12	0		8.952336
46	178	66	0	22	11	0	23	13	10	581.05	0		32.757202
46	177	58	0	22	11	10	30	10	8	308.71	0		10.525809
58	234	11	0	27	0	0	26	11	7	201.85	0		9.717798
69	275	64	0	22	11	18	34	10	12	423.15	0		13.861938
69	273	21	0	27	0	7	32	10	9	355.18	0		4.506790
69	272	5	0	27	0	16	25	7	8	276.41	0		13.845513
69	274	57	0	0	9	24	12	12	6	92.56	1		4.000836


-------------------------------------------------------------------------------------------------------------------
Tour_Id:			22
No_of_Customers:		2
No_of_Items:			8
Customer_Sequence:		33 64 

CustId	Id	TypeId	Rotated	x	y	z	Length	Width	Height	mass	Fragility	LoadBearingStrength
64	253	3	0	0	0	0	35	5	12	448.77	0		15.967729
64	256	86	0	0	5	0	29	11	12	588.37	0		41.399370
33	129	15	0	0	16	0	29	7	14	305.31	0		23.186088
64	255	19	0	0	0	12	27	11	9	616.88	0		44.778130
64	254	12	0	0	0	21	30	10	9	1116.13	1		6.299783
33	131	27	0	35	0	0	19	11	13	422.70	0		12.440104
33	132	75	0	29	11	0	27	11	7	344.25	0		20.413751
33	130	18	0	29	11	7	27	14	10	1057.20	1		3.480135


-------------------------------------------------------------------------------------------------------------------
Tour_Id:			23
No_of_Customers:		3
No_of_Items:			12
Customer_Sequence:		88 68 65 

CustId	Id	TypeId	Rotated	x	y	z	Length	Width	Height	mass	Fragility	LoadBearingStrength
65	260	69	0	0	0	0	33	8	14	446.88	0		35.600510
65	261	69	0	0	8	0	33	8	14	446.88	0		35.600510
65	258	26	0	0	0	14	19	12	13	800.27	0		41.931570
65	259	62	0	33	0	0	26	12	8	557.19	0		30.905755
65	257	14	0	0	16	0	30	7	10	1606.45	0		37.522796
65	262	78	0	19	0	14	16	11	13	230.59	1		2.693014
88	349	14	0	0	16	10	30	7	10	1606.45	0		37.522796
68	269	10	0	30	16	0	14	9	6	148.84	0		31.728180
68	271	53	0	35	0	8	18	10	8	1057.25	1		14.078889
88	348	1	0	44	12	0	14	12	14	574.02	0		14.509007
88	350	85	0	44	12	14	13	12	14	619.44	0		96.867835
68	270	20	0	35	0	16	21	11	12	409.06	1		12.185261


-------------------------------------------------------------------------------------------------------------------
Tour_Id:			24
No_of_Customers:		3
No_of_Items:			10
Customer_Sequence:		5 6 8 

CustId	Id	TypeId	Rotated	x	y	z	Length	Width	Height	mass	Fragility	LoadBearingStrength
8	28	41	0	0	0	0	20	13	12	799.02	0		17.045644
6	18	33	0	20	0	0	35	14	14	1375.99	0		65.575533
8	30	70	0	0	14	0	22	9	8	187.41	0		5.359609
8	29	46	0	22	14	0	31	11	7	607.73	0		26.341435
6	20	87	0	0	14	8	22	11	13	835.01	0		11.928470
6	19	60	0	0	0	12	17	12	12	382.15	0		13.571120
6	21	97	0	0	14	21	22	6	9	182.91	0		8.343280
5	15	33	0	20	0	14	35	14	14	1375.99	0		65.575533
5	16	42	0	22	14	7	33	11	11	617.45	0		7.556437
5	17	56	0	22	14	18	27	8	11	376.98	0		11.350543


-------------------------------------------------------------------------------------------------------------------
Tour_Id:			25
No_of_Customers:		3
No_of_Items:			11
Customer_Sequence:		36 20 79 

CustId	Id	TypeId	Rotated	x	y	z	Length	Width	Height	mass	Fragility	LoadBearingStrength
79	314	39	0	0	0	0	28	10	12	864.70	0		6.416750
79	316	60	0	0	10	0	17	12	12	382.15	0		13.571120
79	315	52	0	0	0	12	28	14	6	288.42	1		19.654913
20	78	15	0	28	0	0	29	7	14	305.31	0		23.186088
79	312	10	0	0	14	12	14	9	6	148.84	0		31.728180
20	79	21	0	28	7	0	32	10	9	355.18	0		4.506790
36	143	100	0	28	7	9	22	11	7	1283.84	0		51.236780
36	142	81	0	0	0	18	25	12	11	859.50	1		23.952972
36	141	45	0	28	7	16	23	8	10	202.88	0		3.745215
79	313	31	0	17	18	0	32	6	12	445.80	0		14.027224
36	140	14	0	14	18	12	30	7	10	1606.45	0		37.522796


-------------------------------------------------------------------------------------------------------------------
Tour_Id:			26
No_of_Customers:		3
No_of_Items:			12
Customer_Sequence:		96 98 57 

CustId	Id	TypeId	Rotated	x	y	z	Length	Width	Height	mass	Fragility	LoadBearingStrength
57	232	98	0	0	0	0	33	11	6	285.23	0		27.252189
57	230	35	0	0	11	0	26	12	7	621.95	0		15.412978
57	229	19	0	0	0	6	27	11	9	616.88	0		44.778130
57	231	79	0	0	11	7	22	10	14	312.84	0		3.796877
98	391	79	0	0	0	15	22	10	14	312.84	0		3.796877
98	388	19	0	26	11	0	27	11	9	616.88	0		44.778130
96	381	64	0	22	11	9	34	10	12	423.15	0		13.861938
96	380	46	0	0	10	21	31	11	7	607.73	0		26.341435
98	387	11	0	33	0	0	26	11	7	201.85	0		9.717798
98	390	43	0	27	0	7	25	9	8	264.31	0		12.840185
98	389	40	0	22	0	15	29	7	14	408.24	0		12.049910
96	379	19	0	31	10	21	27	11	9	616.88	0		44.778130


-------------------------------------------------------------------------------------------------------------------
Tour_Id:			27
No_of_Customers:		3
No_of_Items:			11
Customer_Sequence:		13 21 73 

CustId	Id	TypeId	Rotated	x	y	z	Length	Width	Height	mass	Fragility	LoadBearingStrength
73	291	76	0	0	0	0	18	9	9	462.70	0		11.733277
73	292	90	0	0	9	0	24	8	7	305.19	0		14.445358
73	289	16	0	0	17	0	17	5	12	279.79	0		58.163050
13	51	87	0	24	0	0	22	11	13	835.01	0		11.928470
73	293	96	0	24	11	0	28	12	7	463.89	0		51.769382
21	80	33	0	17	11	7	35	14	14	1375.99	0		65.575533
21	81	92	0	17	11	21	26	12	9	353.29	1		2.078568
73	290	54	0	0	0	9	23	9	11	482.37	1		3.099783
13	48	17	0	24	0	13	27	11	10	952.27	0		85.635863
13	50	45	1	52	0	0	23	8	10	202.88	0		3.745215
13	49	28	1	52	0	10	22	6	9	219.36	0		98.173630


-------------------------------------------------------------------------------------------------------------------
Tour_Id:			28
No_of_Customers:		2
No_of_Items:			11
Customer_Sequence:		93 30 

CustId	Id	TypeId	Rotated	x	y	z	Length	Width	Height	mass	Fragility	LoadBearingStrength
30	119	66	0	0	0	0	23	13	10	581.05	0		32.757202
30	120	69	0	0	13	0	33	8	14	446.88	0		35.600510
30	116	11	0	0	0	10	26	11	7	201.85	0		9.717798
30	117	22	0	0	13	14	21	9	12	260.76	0		4.159073
93	370	80	0	26	0	0	28	10	14	401.34	0		3.887160
30	118	45	0	0	0	17	23	8	10	202.88	0		3.745215
93	369	61	0	26	0	14	30	10	12	373.75	0		17.744625
93	365	1	0	33	13	0	14	12	14	574.02	0		14.509007
93	366	2	0	21	11	14	16	11	8	299.58	0		18.458229
93	367	28	1	54	0	0	22	6	9	219.36	0		98.173630
93	368	53	0	21	10	22	18	10	8	1057.25	1		14.078889


-------------------------------------------------------------------------------------------------------------------
Tour_Id:			29
No_of_Customers:		4
No_of_Items:			16
Customer_Sequence:		89 9 17 3 

CustId	Id	TypeId	Rotated	x	y	z	Length	Width	Height	mass	Fragility	LoadBearingStrength
3	10	64	0	0	0	0	34	10	12	423.15	0		13.861938
3	7	35	0	0	10	0	26	12	7	621.95	0		15.412978
3	9	62	0	0	10	7	26	12	8	557.19	0		30.905755
17	67	23	0	0	10	15	13	13	10	253.03	1		1.727411
17	70	62	0	26	10	0	26	12	8	557.19	0		30.905755
17	69	51	0	0	0	12	12	8	11	295.86	0		37.454858
3	8	43	0	34	0	0	25	9	8	264.31	0		12.840185
17	68	45	0	12	0	12	23	8	10	202.88	0		3.745215
9	31	7	0	13	10	15	14	14	8	336.54	0		59.194296
9	33	35	0	26	10	8	26	12	7	621.95	0		15.412978
17	66	10	0	0	0	23	14	9	6	148.84	0		31.728180
9	32	30	0	14	0	22	28	5	8	252.01	0		8.001405
9	34	51	0	27	10	15	12	8	11	295.86	0		37.454858
9	35	73	0	35	0	8	22	7	10	271.32	1		6.123639
89	351	65	0	27	18	15	13	5	8	114.05	0		14.565870
89	352	77	1	40	7	15	15	11	6	214	1		4.882101


-------------------------------------------------------------------------------------------------------------------
Tour_Id:			30
No_of_Customers:		3
No_of_Items:			10
Customer_Sequence:		85 77 71 

CustId	Id	TypeId	Rotated	x	y	z	Length	Width	Height	mass	Fragility	LoadBearingStrength
71	282	81	0	0	0	0	25	12	11	859.50	1		23.952972
77	304	52	0	0	0	11	28	14	6	288.42	1		19.654913
71	283	93	0	0	12	0	17	12	11	516.49	1		7.040505
77	305	61	0	28	0	0	30	10	12	373.75	0		17.744625
85	337	23	0	0	0	17	13	13	10	253.03	1		1.727411
71	280	8	0	17	12	0	26	8	11	620.09	0		12.900262
71	281	25	0	0	14	11	22	9	6	127.35	1		3.095567
71	284	97	0	22	14	11	22	6	9	182.91	0		8.343280
85	336	7	0	44	10	0	14	14	8	336.54	0		59.194296
85	338	61	0	28	0	12	30	10	12	373.75	0		17.744625


-------------------------------------------------------------------------------------------------------------------
Tour_Id:			31
No_of_Customers:		4
No_of_Items:			14
Customer_Sequence:		66 23 60 91 

CustId	Id	TypeId	Rotated	x	y	z	Length	Width	Height	mass	Fragility	LoadBearingStrength
91	357	15	0	0	0	0	29	7	14	305.31	0		23.186088
91	356	1	0	0	7	0	14	12	14	574.02	0		14.509007
60	241	21	0	0	0	14	32	10	9	355.18	0		4.506790
91	359	49	0	0	19	0	29	5	6	177.58	1		4.270031
91	358	30	0	14	7	0	28	5	8	252.01	0		8.001405
66	263	32	0	14	12	0	33	7	11	600.34	0		11.264221
60	242	76	0	42	0	0	18	9	9	462.70	0		11.733277
23	85	13	0	29	19	0	28	6	11	408.51	0		20.076599
23	86	35	0	0	0	23	26	12	7	621.95	0		15.412978
23	88	78	0	42	0	9	16	11	13	230.59	1		2.693014
23	87	77	0	42	0	22	15	11	6	214	1		4.882101
23	89	84	0	0	10	14	13	5	7	224.88	0		38.041586
66	264	52	0	26	11	11	28	14	6	288.42	1		19.654913
66	265	78	0	26	11	17	16	11	13	230.59	1		2.693014


-------------------------------------------------------------------------------------------------------------------
Tour_Id:			32
No_of_Customers:		4
No_of_Items:			16
Customer_Sequence:		37 53 27 43 

CustId	Id	TypeId	Rotated	x	y	z	Length	Width	Height	mass	Fragility	LoadBearingStrength
43	168	55	0	0	0	0	34	7	9	421.67	0		6.671585
43	166	2	0	0	7	0	16	11	8	299.58	0		18.458229
43	167	30	0	0	18	0	28	5	8	252.01	0		8.001405
27	107	69	0	0	0	9	33	8	14	446.88	0		35.600510
53	214	27	0	0	8	8	19	11	13	422.70	0		12.440104
27	106	63	0	0	0	23	14	8	6	411.86	0		53.616089
27	105	8	0	34	0	0	26	8	11	620.09	0		12.900262
53	213	11	0	28	8	0	26	11	7	201.85	0		9.717798
53	215	37	0	0	8	21	16	13	8	211.51	1		20.357421
53	217	100	0	28	8	7	22	11	7	1283.84	0		51.236780
37	147	63	0	14	0	23	14	8	6	411.86	0		53.616089
43	169	99	0	28	19	0	14	5	14	238.91	0		15.186717
37	145	15	0	28	8	14	29	7	14	305.31	0		23.186088
37	144	4	0	28	15	14	19	8	13	2511.96	0		247.332882
37	146	16	0	33	0	11	17	5	12	279.79	0		58.163050
53	216	47	0	42	19	0	17	5	8	71.01	0		10.764466


-------------------------------------------------------------------------------------------------------------------
Tour_Id:			33
No_of_Customers:		3
No_of_Items:			13
Customer_Sequence:		26 32 95 

CustId	Id	TypeId	Rotated	x	y	z	Length	Width	Height	mass	Fragility	LoadBearingStrength
95	377	66	0	0	0	0	23	13	10	581.05	0		32.757202
95	375	21	0	0	13	0	32	10	9	355.18	0		4.506790
95	378	68	0	0	13	9	16	12	10	236.12	0		8.952336
32	128	92	0	0	0	10	26	12	9	353.29	1		2.078568
95	376	48	0	16	13	9	15	12	12	739.53	0		33.803774
26	104	91	0	26	0	0	33	5	14	2944.19	0		93.801920
32	127	43	0	32	13	0	25	9	8	264.31	0		12.840185
26	102	79	0	32	13	8	22	10	14	312.84	0		3.796877
32	126	14	0	26	5	0	30	7	10	1606.45	0		37.522796
26	100	55	0	26	5	10	34	7	9	421.67	0		6.671585
26	103	89	0	32	13	22	28	10	7	301.27	0		8.775002
26	101	74	0	26	0	14	19	5	13	206.05	0		27.932669
26	99	49	0	26	5	19	29	5	6	177.58	1		4.270031


