Name:				496_n100_m400_bt3
Problem:			3L-VRPTW
Number_of_used_Vehicles:	10
Total_Travel_Distance:		1058.51
Calculation_Time:		992.27
Total_Iterations:		19265
ConstraintSet:			P1

-------------------------------------------------------------------------------------------------------------------
Tour_Id:			1
No_of_Customers:		12
No_of_Items:			53
Customer_Sequence:		75 100 27 38 73 13 56 95 81 25 99 53 

CustId	Id	TypeId	Rotated	x	y	z	Length	Width	Height	mass	Fragility	LoadBearingStrength
53	208	2	0	0	0	0	17	4	8	225.09	0		16.329322
53	209	2	0	0	4	0	17	4	8	225.09	0		16.329322
53	210	3	0	0	8	0	12	2	5	118.41	0		76.983913
53	207	1	0	0	10	0	12	4	3	88	1		3.829894
99	395	2	0	0	14	0	17	4	8	225.09	0		16.329322
99	396	2	0	0	18	0	17	4	8	225.09	0		16.329322
99	397	2	0	0	0	8	17	4	8	225.09	0		16.329322
99	398	3	0	0	22	0	12	2	5	118.41	0		76.983913
99	394	1	0	0	10	3	12	4	3	88	1		3.829894
25	101	3	0	0	8	5	12	2	5	118.41	0		76.983913
25	99	1	0	0	10	6	12	4	3	88	1		3.829894
25	100	1	0	0	4	8	12	4	3	88	1		3.829894
81	324	2	0	0	14	8	17	4	8	225.09	0		16.329322
81	325	2	0	0	18	8	17	4	8	225.09	0		16.329322
81	320	1	0	0	10	9	12	4	3	88	1		3.829894
81	321	1	0	0	4	11	12	4	3	88	1		3.829894
81	322	1	0	0	10	12	12	4	3	88	1		3.829894
81	323	1	0	0	4	14	12	4	3	88	1		3.829894
95	380	3	0	0	22	5	12	2	5	118.41	0		76.983913
95	381	3	0	0	8	10	12	2	5	118.41	0		76.983913
95	382	3	0	0	22	10	12	2	5	118.41	0		76.983913
95	378	1	0	0	8	15	12	4	3	88	1		3.829894
95	379	1	0	0	0	16	12	4	3	88	1		3.829894
56	221	2	0	0	14	16	17	4	8	225.09	0		16.329322
56	222	2	0	0	18	16	17	4	8	225.09	0		16.329322
56	223	3	0	0	22	15	12	2	5	118.41	0		76.983913
56	224	3	0	0	22	20	12	2	5	118.41	0		76.983913
13	55	3	0	0	14	24	12	2	5	118.41	0		76.983913
13	56	3	0	0	16	24	12	2	5	118.41	0		76.983913
13	53	1	0	0	4	17	12	4	3	88	1		3.829894
13	54	1	0	0	8	18	12	4	3	88	1		3.829894
73	292	2	0	12	8	0	17	4	8	225.09	0		16.329322
73	293	2	0	12	8	8	17	4	8	225.09	0		16.329322
73	294	2	0	12	8	16	17	4	8	225.09	0		16.329322
73	290	1	0	0	0	19	12	4	3	88	1		3.829894
73	291	1	0	0	4	20	12	4	3	88	1		3.829894
38	154	2	0	17	0	0	17	4	8	225.09	0		16.329322
38	155	3	0	0	18	24	12	2	5	118.41	0		76.983913
38	152	1	0	0	0	22	12	4	3	88	1		3.829894
38	153	1	0	0	4	23	12	4	3	88	1		3.829894
27	108	2	0	17	4	0	17	4	8	225.09	0		16.329322
27	109	3	0	0	20	24	12	2	5	118.41	0		76.983913
27	105	1	0	0	0	25	12	4	3	88	1		3.829894
27	106	1	0	0	4	26	12	4	3	88	1		3.829894
27	107	1	0	12	4	8	12	4	3	88	1		3.829894
100	399	2	0	17	12	0	17	4	8	225.09	0		16.329322
100	400	3	0	0	22	25	12	2	5	118.41	0		76.983913
75	300	2	0	17	16	0	17	4	8	225.09	0		16.329322
75	301	2	0	17	20	0	17	4	8	225.09	0		16.329322
75	302	2	0	17	0	8	17	4	8	225.09	0		16.329322
75	303	3	0	12	0	16	12	2	5	118.41	0		76.983913
75	298	1	0	12	4	11	12	4	3	88	1		3.829894
75	299	1	0	12	4	14	12	4	3	88	1		3.829894


-------------------------------------------------------------------------------------------------------------------
Tour_Id:			2
No_of_Customers:		10
No_of_Items:			45
Customer_Sequence:		15 61 57 7 3 46 96 63 55 91 

CustId	Id	TypeId	Rotated	x	y	z	Length	Width	Height	mass	Fragility	LoadBearingStrength
91	362	2	0	0	0	0	17	4	8	225.09	0		16.329322
91	363	2	0	0	4	0	17	4	8	225.09	0		16.329322
91	360	1	0	0	8	0	12	4	3	88	1		3.829894
91	361	1	0	0	12	0	12	4	3	88	1		3.829894
55	219	2	0	0	16	0	17	4	8	225.09	0		16.329322
55	220	2	0	0	20	0	17	4	8	225.09	0		16.329322
55	216	1	0	0	8	3	12	4	3	88	1		3.829894
55	217	1	0	0	12	3	12	4	3	88	1		3.829894
55	218	1	0	0	8	6	12	4	3	88	1		3.829894
63	251	2	0	0	0	8	17	4	8	225.09	0		16.329322
63	252	2	0	0	4	8	17	4	8	225.09	0		16.329322
63	253	3	0	0	16	8	12	2	5	118.41	0		76.983913
63	254	3	0	0	18	8	12	2	5	118.41	0		76.983913
63	255	3	0	0	20	8	12	2	5	118.41	0		76.983913
63	250	1	0	0	12	6	12	4	3	88	1		3.829894
96	385	2	0	0	0	16	17	4	8	225.09	0		16.329322
96	386	3	0	0	22	8	12	2	5	118.41	0		76.983913
96	383	1	0	0	8	9	12	4	3	88	1		3.829894
96	384	1	0	0	12	9	12	4	3	88	1		3.829894
46	182	2	0	0	4	16	17	4	8	225.09	0		16.329322
46	183	3	0	0	16	13	12	2	5	118.41	0		76.983913
46	184	3	0	0	18	13	12	2	5	118.41	0		76.983913
3	9	3	0	0	20	13	12	2	5	118.41	0		76.983913
3	8	1	0	0	8	12	12	4	3	88	1		3.829894
7	24	2	0	12	8	0	17	4	8	225.09	0		16.329322
7	25	2	0	12	12	0	17	4	8	225.09	0		16.329322
7	26	3	0	0	22	13	12	2	5	118.41	0		76.983913
7	27	3	0	0	16	18	12	2	5	118.41	0		76.983913
7	28	3	0	0	18	18	12	2	5	118.41	0		76.983913
7	23	1	0	0	12	12	12	4	3	88	1		3.829894
57	228	2	0	12	8	8	17	4	8	225.09	0		16.329322
57	229	2	0	12	12	8	17	4	8	225.09	0		16.329322
57	230	3	0	0	20	18	12	2	5	118.41	0		76.983913
57	225	1	0	0	8	15	12	4	3	88	1		3.829894
57	226	1	0	0	12	15	12	4	3	88	1		3.829894
57	227	1	0	0	8	18	12	4	3	88	1		3.829894
61	246	3	0	0	22	18	12	2	5	118.41	0		76.983913
61	244	1	0	0	12	18	12	4	3	88	1		3.829894
61	245	1	0	0	8	21	12	4	3	88	1		3.829894
15	60	2	0	12	8	16	17	4	8	225.09	0		16.329322
15	61	2	0	12	12	16	17	4	8	225.09	0		16.329322
15	62	2	0	17	0	0	17	4	8	225.09	0		16.329322
15	63	2	0	17	4	0	17	4	8	225.09	0		16.329322
15	64	3	0	0	16	23	12	2	5	118.41	0		76.983913
15	59	1	0	0	12	21	12	4	3	88	1		3.829894


-------------------------------------------------------------------------------------------------------------------
Tour_Id:			3
No_of_Customers:		10
No_of_Items:			41
Customer_Sequence:		32 72 26 71 33 21 30 62 50 60 

CustId	Id	TypeId	Rotated	x	y	z	Length	Width	Height	mass	Fragility	LoadBearingStrength
60	241	2	0	0	0	0	17	4	8	225.09	0		16.329322
60	242	2	0	0	4	0	17	4	8	225.09	0		16.329322
60	243	2	0	0	8	0	17	4	8	225.09	0		16.329322
60	240	1	0	0	12	0	12	4	3	88	1		3.829894
50	197	2	0	0	16	0	17	4	8	225.09	0		16.329322
50	198	3	0	0	20	0	12	2	5	118.41	0		76.983913
50	199	3	0	0	22	0	12	2	5	118.41	0		76.983913
50	200	3	0	0	20	5	12	2	5	118.41	0		76.983913
50	201	3	0	0	22	5	12	2	5	118.41	0		76.983913
62	249	2	0	0	0	8	17	4	8	225.09	0		16.329322
62	247	1	0	0	12	3	12	4	3	88	1		3.829894
62	248	1	0	0	12	6	12	4	3	88	1		3.829894
30	119	2	0	0	4	8	17	4	8	225.09	0		16.329322
30	120	2	0	0	8	8	17	4	8	225.09	0		16.329322
30	121	2	0	0	16	8	17	4	8	225.09	0		16.329322
30	118	1	0	0	12	9	12	4	3	88	1		3.829894
21	85	2	0	0	0	16	17	4	8	225.09	0		16.329322
21	86	2	0	0	4	16	17	4	8	225.09	0		16.329322
21	83	1	0	0	20	10	12	4	3	88	1		3.829894
21	84	1	0	0	12	12	12	4	3	88	1		3.829894
33	134	3	0	0	8	16	12	2	5	118.41	0		76.983913
33	135	3	0	0	10	16	12	2	5	118.41	0		76.983913
33	136	3	0	0	16	16	12	2	5	118.41	0		76.983913
33	133	1	0	0	20	13	12	4	3	88	1		3.829894
71	283	2	0	12	12	0	17	4	8	225.09	0		16.329322
71	284	3	0	0	18	16	12	2	5	118.41	0		76.983913
71	285	3	0	0	8	21	12	2	5	118.41	0		76.983913
71	282	1	0	0	12	15	12	4	3	88	1		3.829894
26	103	2	0	12	20	0	17	4	8	225.09	0		16.329322
26	104	2	0	12	12	8	17	4	8	225.09	0		16.329322
26	102	1	0	0	20	16	12	4	3	88	1		3.829894
72	288	2	0	12	20	8	17	4	8	225.09	0		16.329322
72	289	3	0	0	10	21	12	2	5	118.41	0		76.983913
72	286	1	0	0	12	18	12	4	3	88	1		3.829894
72	287	1	0	0	20	19	12	4	3	88	1		3.829894
32	131	2	1	12	8	16	17	4	8	225.09	0		16.329322
32	132	2	0	17	0	0	17	4	8	225.09	0		16.329322
32	127	1	0	0	12	21	12	4	3	88	1		3.829894
32	128	1	0	0	16	21	12	4	3	88	1		3.829894
32	129	1	0	0	20	22	12	4	3	88	1		3.829894
32	130	1	0	0	0	24	12	4	3	88	1		3.829894


-------------------------------------------------------------------------------------------------------------------
Tour_Id:			4
No_of_Customers:		11
No_of_Items:			38
Customer_Sequence:		1 44 11 9 68 74 12 80 45 10 43 

CustId	Id	TypeId	Rotated	x	y	z	Length	Width	Height	mass	Fragility	LoadBearingStrength
43	173	2	0	0	0	0	17	4	8	225.09	0		16.329322
43	174	3	0	0	4	0	12	2	5	118.41	0		76.983913
43	172	1	0	0	6	0	12	4	3	88	1		3.829894
10	41	2	0	0	10	0	17	4	8	225.09	0		16.329322
10	42	2	0	0	14	0	17	4	8	225.09	0		16.329322
10	43	2	0	0	18	0	17	4	8	225.09	0		16.329322
10	44	3	0	0	22	0	12	2	5	118.41	0		76.983913
10	40	1	0	0	6	3	12	4	3	88	1		3.829894
45	179	2	0	0	0	8	17	4	8	225.09	0		16.329322
45	180	2	0	0	10	8	17	4	8	225.09	0		16.329322
45	181	3	0	0	4	5	12	2	5	118.41	0		76.983913
45	178	1	0	0	6	6	12	4	3	88	1		3.829894
80	319	2	0	0	14	8	17	4	8	225.09	0		16.329322
80	317	1	0	0	18	8	12	4	3	88	1		3.829894
80	318	1	0	0	6	9	12	4	3	88	1		3.829894
12	51	2	0	0	0	16	17	4	8	225.09	0		16.329322
12	52	2	0	0	10	16	17	4	8	225.09	0		16.329322
12	49	1	0	0	18	11	12	4	3	88	1		3.829894
12	50	1	0	0	6	12	12	4	3	88	1		3.829894
74	297	2	0	0	14	16	17	4	8	225.09	0		16.329322
74	295	1	0	0	18	14	12	4	3	88	1		3.829894
74	296	1	0	0	6	15	12	4	3	88	1		3.829894
68	271	2	0	12	4	0	17	4	8	225.09	0		16.329322
68	270	1	0	0	18	17	12	4	3	88	1		3.829894
9	37	2	0	12	4	8	17	4	8	225.09	0		16.329322
9	38	2	0	12	4	16	17	4	8	225.09	0		16.329322
9	39	2	0	17	0	0	17	4	8	225.09	0		16.329322
9	35	1	0	0	6	18	12	4	3	88	1		3.829894
9	36	1	0	0	18	20	12	4	3	88	1		3.829894
11	47	2	0	17	8	0	17	4	8	225.09	0		16.329322
11	48	3	0	0	22	5	12	2	5	118.41	0		76.983913
11	45	1	0	0	18	23	12	4	3	88	1		3.829894
11	46	1	0	0	0	24	12	4	3	88	1		3.829894
44	177	2	0	17	12	0	17	4	8	225.09	0		16.329322
44	175	1	0	0	10	24	12	4	3	88	1		3.829894
44	176	1	0	0	14	24	12	4	3	88	1		3.829894
1	2	3	0	0	22	10	12	2	5	118.41	0		76.983913
1	1	1	0	0	18	26	12	4	3	88	1		3.829894


-------------------------------------------------------------------------------------------------------------------
Tour_Id:			5
No_of_Customers:		11
No_of_Items:			42
Customer_Sequence:		86 39 2 42 83 48 49 84 52 67 18 

CustId	Id	TypeId	Rotated	x	y	z	Length	Width	Height	mass	Fragility	LoadBearingStrength
18	74	2	0	0	0	0	17	4	8	225.09	0		16.329322
18	75	2	0	0	4	0	17	4	8	225.09	0		16.329322
18	73	1	0	0	8	0	12	4	3	88	1		3.829894
67	268	2	0	0	12	0	17	4	8	225.09	0		16.329322
67	269	3	0	0	16	0	12	2	5	118.41	0		76.983913
67	267	1	0	0	18	0	12	4	3	88	1		3.829894
52	205	2	0	0	0	8	17	4	8	225.09	0		16.329322
52	206	3	0	0	22	0	12	2	5	118.41	0		76.983913
84	333	2	0	0	4	8	17	4	8	225.09	0		16.329322
84	334	2	0	0	12	8	17	4	8	225.09	0		16.329322
84	335	2	0	0	0	16	17	4	8	225.09	0		16.329322
84	336	2	0	0	4	16	17	4	8	225.09	0		16.329322
84	337	2	0	0	12	16	17	4	8	225.09	0		16.329322
49	195	2	0	12	8	0	17	4	8	225.09	0		16.329322
49	196	3	0	0	16	5	12	2	5	118.41	0		76.983913
49	193	1	0	0	8	3	12	4	3	88	1		3.829894
49	194	1	0	0	18	3	12	4	3	88	1		3.829894
48	190	2	0	12	16	0	17	4	8	225.09	0		16.329322
48	191	3	0	0	22	5	12	2	5	118.41	0		76.983913
48	192	3	0	0	16	10	12	2	5	118.41	0		76.983913
83	330	2	0	12	20	0	17	4	8	225.09	0		16.329322
83	331	3	0	0	22	10	12	2	5	118.41	0		76.983913
83	332	3	0	0	16	15	12	2	5	118.41	0		76.983913
42	168	2	0	12	8	8	17	4	8	225.09	0		16.329322
42	169	2	0	12	16	8	17	4	8	225.09	0		16.329322
42	170	3	0	0	22	15	12	2	5	118.41	0		76.983913
42	171	3	0	0	16	20	12	2	5	118.41	0		76.983913
42	167	1	0	0	0	24	12	4	3	88	1		3.829894
2	5	2	0	12	20	8	17	4	8	225.09	0		16.329322
2	6	3	0	0	22	20	12	2	5	118.41	0		76.983913
2	7	3	0	0	4	24	12	2	5	118.41	0		76.983913
2	3	1	0	0	12	24	12	4	3	88	1		3.829894
2	4	1	0	0	0	27	12	4	3	88	1		3.829894
39	156	2	0	12	8	16	17	4	8	225.09	0		16.329322
39	157	2	0	12	16	16	17	4	8	225.09	0		16.329322
39	158	2	0	12	20	16	17	4	8	225.09	0		16.329322
39	159	3	0	0	6	24	12	2	5	118.41	0		76.983913
86	344	2	0	17	0	0	17	4	8	225.09	0		16.329322
86	345	3	0	0	16	25	12	2	5	118.41	0		76.983913
86	346	3	0	0	22	25	12	2	5	118.41	0		76.983913
86	342	1	0	0	12	27	12	4	3	88	1		3.829894
86	343	1	1	12	0	24	12	4	3	88	1		3.829894


-------------------------------------------------------------------------------------------------------------------
Tour_Id:			6
No_of_Customers:		10
No_of_Items:			41
Customer_Sequence:		65 93 78 4 6 8 54 34 90 64 

CustId	Id	TypeId	Rotated	x	y	z	Length	Width	Height	mass	Fragility	LoadBearingStrength
64	256	2	0	0	0	0	17	4	8	225.09	0		16.329322
64	257	2	0	0	4	0	17	4	8	225.09	0		16.329322
90	359	3	0	0	8	0	12	2	5	118.41	0		76.983913
90	357	1	0	0	10	0	12	4	3	88	1		3.829894
90	358	1	0	0	14	0	12	4	3	88	1		3.829894
34	138	3	0	0	18	0	12	2	5	118.41	0		76.983913
34	139	3	0	0	20	0	12	2	5	118.41	0		76.983913
34	140	3	0	0	22	0	12	2	5	118.41	0		76.983913
34	137	1	0	0	10	3	12	4	3	88	1		3.829894
54	213	2	0	0	0	8	17	4	8	225.09	0		16.329322
54	214	2	0	0	4	8	17	4	8	225.09	0		16.329322
54	215	3	0	0	8	5	12	2	5	118.41	0		76.983913
54	211	1	0	0	14	3	12	4	3	88	1		3.829894
54	212	1	0	0	18	5	12	4	3	88	1		3.829894
8	30	2	0	0	0	16	17	4	8	225.09	0		16.329322
8	31	2	0	0	4	16	17	4	8	225.09	0		16.329322
8	32	2	0	12	8	0	17	4	8	225.09	0		16.329322
8	33	3	0	0	22	5	12	2	5	118.41	0		76.983913
8	34	3	0	0	8	10	12	2	5	118.41	0		76.983913
8	29	1	0	0	10	6	12	4	3	88	1		3.829894
6	19	2	0	12	12	0	17	4	8	225.09	0		16.329322
6	20	2	0	12	16	0	17	4	8	225.09	0		16.329322
6	21	2	0	12	20	0	17	4	8	225.09	0		16.329322
6	22	3	0	0	22	10	12	2	5	118.41	0		76.983913
6	18	1	0	0	14	6	12	4	3	88	1		3.829894
4	11	2	0	12	8	8	17	4	8	225.09	0		16.329322
4	12	2	0	12	12	8	17	4	8	225.09	0		16.329322
4	13	3	0	0	8	15	12	2	5	118.41	0		76.983913
4	10	1	0	0	18	8	12	4	3	88	1		3.829894
78	314	3	0	0	22	15	12	2	5	118.41	0		76.983913
78	311	1	0	0	18	11	12	4	3	88	1		3.829894
78	312	1	0	0	18	14	12	4	3	88	1		3.829894
78	313	1	0	0	18	17	12	4	3	88	1		3.829894
93	370	2	0	12	16	8	17	4	8	225.09	0		16.329322
93	371	2	0	12	20	8	17	4	8	225.09	0		16.329322
93	372	3	0	0	8	20	12	2	5	118.41	0		76.983913
93	369	1	0	0	18	20	12	4	3	88	1		3.829894
65	258	2	0	12	8	16	17	4	8	225.09	0		16.329322
65	259	3	0	0	22	20	12	2	5	118.41	0		76.983913
65	260	3	0	0	0	24	12	2	5	118.41	0		76.983913
65	261	3	0	0	2	24	12	2	5	118.41	0		76.983913


-------------------------------------------------------------------------------------------------------------------
Tour_Id:			7
No_of_Customers:		10
No_of_Items:			41
Customer_Sequence:		5 17 94 82 79 47 85 58 23 88 

CustId	Id	TypeId	Rotated	x	y	z	Length	Width	Height	mass	Fragility	LoadBearingStrength
88	352	2	0	0	0	0	17	4	8	225.09	0		16.329322
88	353	2	0	0	4	0	17	4	8	225.09	0		16.329322
88	354	3	0	0	8	0	12	2	5	118.41	0		76.983913
88	350	1	0	0	10	0	12	4	3	88	1		3.829894
88	351	1	0	0	14	0	12	4	3	88	1		3.829894
23	94	2	0	0	18	0	17	4	8	225.09	0		16.329322
23	95	2	0	0	0	8	17	4	8	225.09	0		16.329322
23	93	1	0	0	10	3	12	4	3	88	1		3.829894
58	232	2	0	0	4	8	17	4	8	225.09	0		16.329322
58	233	2	0	0	18	8	17	4	8	225.09	0		16.329322
58	234	3	0	0	22	0	12	2	5	118.41	0		76.983913
58	231	1	0	0	14	3	12	4	3	88	1		3.829894
85	340	3	0	0	8	5	12	2	5	118.41	0		76.983913
85	341	3	0	0	22	5	12	2	5	118.41	0		76.983913
85	338	1	0	0	10	6	12	4	3	88	1		3.829894
85	339	1	0	0	14	6	12	4	3	88	1		3.829894
47	188	2	0	0	0	16	17	4	8	225.09	0		16.329322
47	189	3	0	0	8	10	12	2	5	118.41	0		76.983913
47	185	1	0	0	10	9	12	4	3	88	1		3.829894
47	186	1	0	0	14	9	12	4	3	88	1		3.829894
47	187	1	0	0	10	12	12	4	3	88	1		3.829894
79	315	3	0	0	22	10	12	2	5	118.41	0		76.983913
79	316	3	0	0	8	15	12	2	5	118.41	0		76.983913
82	328	2	0	0	4	16	17	4	8	225.09	0		16.329322
82	329	3	0	0	22	15	12	2	5	118.41	0		76.983913
82	326	1	0	0	14	12	12	4	3	88	1		3.829894
82	327	1	0	0	10	15	12	4	3	88	1		3.829894
94	373	2	0	0	18	16	17	4	8	225.09	0		16.329322
94	374	2	0	12	8	0	17	4	8	225.09	0		16.329322
94	375	2	0	12	12	0	17	4	8	225.09	0		16.329322
94	376	2	0	12	8	8	17	4	8	225.09	0		16.329322
94	377	3	0	0	8	20	12	2	5	118.41	0		76.983913
17	69	3	0	0	22	20	12	2	5	118.41	0		76.983913
17	70	3	0	0	0	24	12	2	5	118.41	0		76.983913
17	71	3	0	0	2	24	12	2	5	118.41	0		76.983913
17	72	3	0	0	4	24	12	2	5	118.41	0		76.983913
17	68	1	0	0	14	15	12	4	3	88	1		3.829894
5	14	2	0	12	12	8	17	4	8	225.09	0		16.329322
5	15	2	0	12	8	16	17	4	8	225.09	0		16.329322
5	16	2	0	12	12	16	17	4	8	225.09	0		16.329322
5	17	3	0	0	6	24	12	2	5	118.41	0		76.983913


-------------------------------------------------------------------------------------------------------------------
Tour_Id:			8
No_of_Customers:		10
No_of_Items:			36
Customer_Sequence:		76 97 36 37 51 89 14 59 66 35 

CustId	Id	TypeId	Rotated	x	y	z	Length	Width	Height	mass	Fragility	LoadBearingStrength
35	141	3	0	0	0	0	12	2	5	118.41	0		76.983913
35	142	3	0	0	2	0	12	2	5	118.41	0		76.983913
66	264	2	0	0	4	0	17	4	8	225.09	0		16.329322
66	265	3	0	0	8	0	12	2	5	118.41	0		76.983913
66	266	3	0	0	10	0	12	2	5	118.41	0		76.983913
66	262	1	0	0	12	0	12	4	3	88	1		3.829894
66	263	1	0	0	16	0	12	4	3	88	1		3.829894
59	235	2	0	0	20	0	17	4	8	225.09	0		16.329322
59	236	2	0	0	4	8	17	4	8	225.09	0		16.329322
59	237	2	0	0	20	8	17	4	8	225.09	0		16.329322
59	238	3	0	0	0	5	12	2	5	118.41	0		76.983913
59	239	3	0	0	2	5	12	2	5	118.41	0		76.983913
14	58	2	0	0	4	16	17	4	8	225.09	0		16.329322
14	57	1	0	0	12	3	12	4	3	88	1		3.829894
89	355	2	0	0	20	16	17	4	8	225.09	0		16.329322
89	356	2	0	12	0	0	17	4	8	225.09	0		16.329322
51	203	3	0	0	8	5	12	2	5	118.41	0		76.983913
51	204	3	0	0	10	5	12	2	5	118.41	0		76.983913
51	202	1	0	0	16	3	12	4	3	88	1		3.829894
37	150	2	0	12	8	0	17	4	8	225.09	0		16.329322
37	151	3	0	0	0	10	12	2	5	118.41	0		76.983913
37	148	1	0	0	12	6	12	4	3	88	1		3.829894
37	149	1	0	0	16	6	12	4	3	88	1		3.829894
36	145	2	0	12	12	0	17	4	8	225.09	0		16.329322
36	146	3	0	0	2	10	12	2	5	118.41	0		76.983913
36	147	3	0	0	8	10	12	2	5	118.41	0		76.983913
36	143	1	0	0	12	9	12	4	3	88	1		3.829894
36	144	1	0	0	16	9	12	4	3	88	1		3.829894
97	389	2	0	12	16	0	17	4	8	225.09	0		16.329322
97	390	3	0	0	10	10	12	2	5	118.41	0		76.983913
97	387	1	0	0	12	12	12	4	3	88	1		3.829894
97	388	1	0	0	16	12	12	4	3	88	1		3.829894
76	307	2	0	12	0	8	17	4	8	225.09	0		16.329322
76	304	1	0	0	0	15	12	4	3	88	1		3.829894
76	305	1	0	0	8	15	12	4	3	88	1		3.829894
76	306	1	0	0	12	15	12	4	3	88	1		3.829894


-------------------------------------------------------------------------------------------------------------------
Tour_Id:			9
No_of_Customers:		10
No_of_Items:			44
Customer_Sequence:		22 19 70 41 16 77 24 69 31 29 

CustId	Id	TypeId	Rotated	x	y	z	Length	Width	Height	mass	Fragility	LoadBearingStrength
29	114	2	0	0	0	0	17	4	8	225.09	0		16.329322
29	115	3	0	0	4	0	12	2	5	118.41	0		76.983913
29	116	3	0	0	6	0	12	2	5	118.41	0		76.983913
29	117	3	0	0	8	0	12	2	5	118.41	0		76.983913
29	113	1	0	0	10	0	12	4	3	88	1		3.829894
31	126	2	0	0	14	0	17	4	8	225.09	0		16.329322
31	122	1	0	0	18	0	12	4	3	88	1		3.829894
31	123	1	0	0	10	3	12	4	3	88	1		3.829894
31	124	1	0	0	18	3	12	4	3	88	1		3.829894
31	125	1	0	0	4	5	12	4	3	88	1		3.829894
69	274	2	0	0	0	8	17	4	8	225.09	0		16.329322
69	275	2	0	0	14	8	17	4	8	225.09	0		16.329322
69	276	3	0	0	22	0	12	2	5	118.41	0		76.983913
69	277	3	0	0	8	5	12	2	5	118.41	0		76.983913
69	272	1	0	0	10	6	12	4	3	88	1		3.829894
69	273	1	0	0	18	6	12	4	3	88	1		3.829894
24	96	2	0	0	0	16	17	4	8	225.09	0		16.329322
24	97	2	0	0	14	16	17	4	8	225.09	0		16.329322
24	98	2	0	12	4	0	17	4	8	225.09	0		16.329322
77	310	2	0	12	8	0	17	4	8	225.09	0		16.329322
77	308	1	0	0	4	8	12	4	3	88	1		3.829894
77	309	1	0	0	10	9	12	4	3	88	1		3.829894
16	65	2	0	12	18	0	17	4	8	225.09	0		16.329322
16	66	3	0	0	22	5	12	2	5	118.41	0		76.983913
16	67	3	0	0	8	10	12	2	5	118.41	0		76.983913
41	165	2	0	12	4	8	17	4	8	225.09	0		16.329322
41	166	2	0	12	8	8	17	4	8	225.09	0		16.329322
41	163	1	0	0	18	9	12	4	3	88	1		3.829894
41	164	1	0	0	4	11	12	4	3	88	1		3.829894
70	278	3	0	0	22	10	12	2	5	118.41	0		76.983913
70	279	3	0	0	22	15	12	2	5	118.41	0		76.983913
70	280	3	0	0	22	20	12	2	5	118.41	0		76.983913
70	281	3	0	0	0	24	12	2	5	118.41	0		76.983913
19	78	3	0	0	2	24	12	2	5	118.41	0		76.983913
19	79	3	0	0	14	24	12	2	5	118.41	0		76.983913
19	80	3	0	0	16	24	12	2	5	118.41	0		76.983913
19	76	1	0	0	18	12	12	4	3	88	1		3.829894
19	77	1	0	0	18	15	12	4	3	88	1		3.829894
22	87	2	0	12	18	8	17	4	8	225.09	0		16.329322
22	88	2	0	12	4	16	17	4	8	225.09	0		16.329322
22	89	2	0	12	8	16	17	4	8	225.09	0		16.329322
22	90	2	0	12	18	16	17	4	8	225.09	0		16.329322
22	91	3	0	0	22	25	12	2	5	118.41	0		76.983913
22	92	3	0	12	12	0	12	2	5	118.41	0		76.983913


-------------------------------------------------------------------------------------------------------------------
Tour_Id:			10
No_of_Customers:		6
No_of_Items:			19
Customer_Sequence:		92 87 40 28 98 20 

CustId	Id	TypeId	Rotated	x	y	z	Length	Width	Height	mass	Fragility	LoadBearingStrength
20	82	2	0	0	0	0	17	4	8	225.09	0		16.329322
20	81	1	0	0	4	0	12	4	3	88	1		3.829894
98	392	3	0	0	8	0	12	2	5	118.41	0		76.983913
98	393	3	0	0	10	0	12	2	5	118.41	0		76.983913
98	391	1	0	0	12	0	12	4	3	88	1		3.829894
28	111	2	0	0	16	0	17	4	8	225.09	0		16.329322
28	112	2	0	0	20	0	17	4	8	225.09	0		16.329322
28	110	1	0	0	4	3	12	4	3	88	1		3.829894
40	161	3	0	0	8	5	12	2	5	118.41	0		76.983913
40	162	3	0	0	10	5	12	2	5	118.41	0		76.983913
40	160	1	0	0	12	3	12	4	3	88	1		3.829894
87	347	1	0	0	4	6	12	4	3	88	1		3.829894
87	348	1	0	0	12	6	12	4	3	88	1		3.829894
87	349	1	0	0	0	8	12	4	3	88	1		3.829894
92	366	3	0	0	16	8	12	2	5	118.41	0		76.983913
92	367	3	0	0	18	8	12	2	5	118.41	0		76.983913
92	368	3	0	0	20	8	12	2	5	118.41	0		76.983913
92	364	1	0	0	4	9	12	4	3	88	1		3.829894
92	365	1	0	0	12	9	12	4	3	88	1		3.829894


