Name:				499_n100_m400_bt3
Problem:			3L-VRPTW
Number_of_used_Vehicles:	15
Total_Travel_Distance:		1575.58
Calculation_Time:		181.20
Total_Iterations:		25001
ConstraintSet:			P1

-------------------------------------------------------------------------------------------------------------------
Tour_Id:			1
No_of_Customers:		8
No_of_Items:			35
Customer_Sequence:		75 6 38 7 63 35 32 81 

CustId	Id	TypeId	Rotated	x	y	z	Length	Width	Height	mass	Fragility	LoadBearingStrength
81	322	2	0	0	0	0	13	4	4	104.35	0		9.899010
81	323	2	0	0	4	0	13	4	4	104.35	0		9.899010
81	320	1	0	0	8	0	8	2	8	46.24	0		8.113771
81	321	1	0	0	10	0	8	2	8	46.24	0		8.113771
81	324	3	0	0	12	0	15	2	6	161.17	1		10.156409
81	325	3	0	0	14	0	15	2	6	161.17	1		10.156409
32	123	2	0	0	16	0	13	4	4	104.35	0		9.899010
32	124	2	0	0	20	0	13	4	4	104.35	0		9.899010
32	125	2	0	0	0	4	13	4	4	104.35	0		9.899010
32	126	2	0	0	4	4	13	4	4	104.35	0		9.899010
35	139	2	0	0	16	4	13	4	4	104.35	0		9.899010
35	140	2	0	0	20	4	13	4	4	104.35	0		9.899010
35	141	2	0	0	0	8	13	4	4	104.35	0		9.899010
35	137	1	0	0	4	8	8	2	8	46.24	0		8.113771
35	138	1	0	0	6	8	8	2	8	46.24	0		8.113771
35	142	3	0	0	12	6	15	2	6	161.17	1		10.156409
63	249	2	0	0	16	8	13	4	4	104.35	0		9.899010
63	250	2	0	0	20	8	13	4	4	104.35	0		9.899010
63	251	3	0	0	14	6	15	2	6	161.17	1		10.156409
7	29	1	0	0	8	8	8	2	8	46.24	0		8.113771
7	30	1	0	0	10	8	8	2	8	46.24	0		8.113771
7	31	1	0	0	0	12	8	2	8	46.24	0		8.113771
7	32	1	0	0	2	12	8	2	8	46.24	0		8.113771
38	151	2	0	0	16	12	13	4	4	104.35	0		9.899010
38	152	3	0	0	12	12	15	2	6	161.17	1		10.156409
6	26	2	0	0	20	12	13	4	4	104.35	0		9.899010
6	27	2	0	0	16	16	13	4	4	104.35	0		9.899010
6	23	1	0	0	4	16	8	2	8	46.24	0		8.113771
6	24	1	0	0	6	16	8	2	8	46.24	0		8.113771
6	25	1	0	0	8	16	8	2	8	46.24	0		8.113771
6	28	3	0	0	14	12	15	2	6	161.17	1		10.156409
75	301	2	0	0	20	16	13	4	4	104.35	0		9.899010
75	302	2	0	0	16	20	13	4	4	104.35	0		9.899010
75	299	1	0	0	10	16	8	2	8	46.24	0		8.113771
75	300	1	0	0	0	20	8	2	8	46.24	0		8.113771


-------------------------------------------------------------------------------------------------------------------
Tour_Id:			2
No_of_Customers:		8
No_of_Items:			31
Customer_Sequence:		48 21 68 22 64 24 11 83 

CustId	Id	TypeId	Rotated	x	y	z	Length	Width	Height	mass	Fragility	LoadBearingStrength
83	332	2	0	0	0	0	13	4	4	104.35	0		9.899010
83	330	1	0	0	4	0	8	2	8	46.24	0		8.113771
83	331	1	0	0	6	0	8	2	8	46.24	0		8.113771
83	333	3	0	0	8	0	15	2	6	161.17	1		10.156409
11	44	2	0	0	10	0	13	4	4	104.35	0		9.899010
11	43	1	0	0	14	0	8	2	8	46.24	0		8.113771
11	45	3	0	0	16	0	15	2	6	161.17	1		10.156409
11	46	3	0	0	18	0	15	2	6	161.17	1		10.156409
24	97	2	0	0	20	0	13	4	4	104.35	0		9.899010
24	95	1	0	0	0	4	8	2	8	46.24	0		8.113771
24	96	1	0	0	2	4	8	2	8	46.24	0		8.113771
64	252	2	0	0	10	4	13	4	4	104.35	0		9.899010
64	253	2	0	0	20	4	13	4	4	104.35	0		9.899010
64	254	3	0	0	8	6	15	2	6	161.17	1		10.156409
64	255	3	0	0	16	6	15	2	6	161.17	1		10.156409
64	256	3	0	0	18	6	15	2	6	161.17	1		10.156409
22	87	1	0	0	4	8	8	2	8	46.24	0		8.113771
22	88	1	0	0	6	8	8	2	8	46.24	0		8.113771
22	89	1	0	0	10	8	8	2	8	46.24	0		8.113771
68	274	2	0	0	12	8	13	4	4	104.35	0		9.899010
68	272	1	0	0	20	8	8	2	8	46.24	0		8.113771
68	273	1	0	0	22	8	8	2	8	46.24	0		8.113771
68	275	3	0	0	8	12	15	2	6	161.17	1		10.156409
68	276	3	0	0	12	12	15	2	6	161.17	1		10.156409
21	86	2	0	8	4	0	13	4	4	104.35	0		9.899010
21	84	1	0	0	0	12	8	2	8	46.24	0		8.113771
21	85	1	0	0	2	12	8	2	8	46.24	0		8.113771
48	189	2	0	8	4	4	13	4	4	104.35	0		9.899010
48	188	1	0	0	14	12	8	2	8	46.24	0		8.113771
48	190	3	0	0	16	12	15	2	6	161.17	1		10.156409
48	191	3	0	0	18	12	15	2	6	161.17	1		10.156409


-------------------------------------------------------------------------------------------------------------------
Tour_Id:			3
No_of_Customers:		7
No_of_Items:			28
Customer_Sequence:		33 1 17 100 94 96 14 

CustId	Id	TypeId	Rotated	x	y	z	Length	Width	Height	mass	Fragility	LoadBearingStrength
14	57	2	0	0	0	0	13	4	4	104.35	0		9.899010
14	58	2	0	0	4	0	13	4	4	104.35	0		9.899010
14	56	1	0	0	8	0	8	2	8	46.24	0		8.113771
96	382	2	0	0	10	0	13	4	4	104.35	0		9.899010
96	381	1	0	0	14	0	8	2	8	46.24	0		8.113771
96	383	3	0	0	16	0	15	2	6	161.17	1		10.156409
94	373	2	0	0	18	0	13	4	4	104.35	0		9.899010
94	374	2	0	0	0	4	13	4	4	104.35	0		9.899010
94	375	2	0	0	4	4	13	4	4	104.35	0		9.899010
94	376	2	0	0	10	4	13	4	4	104.35	0		9.899010
100	398	2	0	0	18	4	13	4	4	104.35	0		9.899010
100	399	2	0	0	0	8	13	4	4	104.35	0		9.899010
100	400	3	0	0	22	0	15	2	6	161.17	1		10.156409
17	66	2	0	0	4	8	13	4	4	104.35	0		9.899010
17	67	2	0	0	8	8	13	4	4	104.35	0		9.899010
17	68	2	0	0	12	8	13	4	4	104.35	0		9.899010
17	65	1	0	0	18	8	8	2	8	46.24	0		8.113771
17	69	3	0	0	16	6	15	2	6	161.17	1		10.156409
17	70	3	0	0	22	6	15	2	6	161.17	1		10.156409
1	2	2	0	0	0	12	13	4	4	104.35	0		9.899010
1	3	2	0	0	4	12	13	4	4	104.35	0		9.899010
1	1	1	0	0	20	8	8	2	8	46.24	0		8.113771
1	4	3	0	0	8	12	15	2	6	161.17	1		10.156409
1	5	3	0	0	10	12	15	2	6	161.17	1		10.156409
33	127	2	0	0	12	12	13	4	4	104.35	0		9.899010
33	128	3	0	0	16	12	15	2	6	161.17	1		10.156409
33	129	3	0	0	22	12	15	2	6	161.17	1		10.156409
33	130	3	0	0	0	16	15	2	6	161.17	1		10.156409


-------------------------------------------------------------------------------------------------------------------
Tour_Id:			4
No_of_Customers:		6
No_of_Items:			20
Customer_Sequence:		40 36 72 9 10 8 

CustId	Id	TypeId	Rotated	x	y	z	Length	Width	Height	mass	Fragility	LoadBearingStrength
8	33	1	0	0	0	0	8	2	8	46.24	0		8.113771
8	34	1	0	0	2	0	8	2	8	46.24	0		8.113771
10	40	2	0	0	4	0	13	4	4	104.35	0		9.899010
10	41	2	0	0	8	0	13	4	4	104.35	0		9.899010
10	42	3	0	0	12	0	15	2	6	161.17	1		10.156409
9	39	2	0	0	14	0	13	4	4	104.35	0		9.899010
9	35	1	0	0	18	0	8	2	8	46.24	0		8.113771
9	36	1	0	0	20	0	8	2	8	46.24	0		8.113771
9	37	1	0	0	22	0	8	2	8	46.24	0		8.113771
9	38	1	0	0	4	4	8	2	8	46.24	0		8.113771
72	290	2	0	0	6	4	13	4	4	104.35	0		9.899010
72	289	1	0	0	10	4	8	2	8	46.24	0		8.113771
72	291	3	0	0	14	4	15	2	6	161.17	1		10.156409
36	145	2	0	0	6	8	13	4	4	104.35	0		9.899010
36	143	1	0	0	16	4	8	2	8	46.24	0		8.113771
36	144	1	0	0	0	8	8	2	8	46.24	0		8.113771
36	146	3	0	0	12	6	15	2	6	161.17	1		10.156409
40	157	2	0	0	4	12	13	4	4	104.35	0		9.899010
40	158	2	0	0	8	12	13	4	4	104.35	0		9.899010
40	156	1	0	0	2	8	8	2	8	46.24	0		8.113771


-------------------------------------------------------------------------------------------------------------------
Tour_Id:			5
No_of_Customers:		8
No_of_Items:			32
Customer_Sequence:		85 71 73 62 27 80 70 61 

CustId	Id	TypeId	Rotated	x	y	z	Length	Width	Height	mass	Fragility	LoadBearingStrength
61	242	2	0	0	0	0	13	4	4	104.35	0		9.899010
61	241	1	0	0	4	0	8	2	8	46.24	0		8.113771
61	243	3	0	0	6	0	15	2	6	161.17	1		10.156409
70	281	2	0	0	8	0	13	4	4	104.35	0		9.899010
70	279	1	0	0	12	0	8	2	8	46.24	0		8.113771
70	280	1	0	0	14	0	8	2	8	46.24	0		8.113771
70	282	3	0	0	16	0	15	2	6	161.17	1		10.156409
70	283	3	0	0	18	0	15	2	6	161.17	1		10.156409
70	284	3	0	0	20	0	15	2	6	161.17	1		10.156409
80	317	2	0	0	0	4	13	4	4	104.35	0		9.899010
80	318	3	0	0	22	0	15	2	6	161.17	1		10.156409
80	319	3	0	0	8	4	15	2	6	161.17	1		10.156409
27	102	2	0	0	0	8	13	4	4	104.35	0		9.899010
27	103	2	0	0	0	12	13	4	4	104.35	0		9.899010
27	104	2	0	0	0	16	13	4	4	104.35	0		9.899010
27	105	3	0	0	10	4	15	2	6	161.17	1		10.156409
27	106	3	0	0	6	6	15	2	6	161.17	1		10.156409
62	247	2	0	0	0	20	13	4	4	104.35	0		9.899010
62	244	1	0	0	4	8	8	2	8	46.24	0		8.113771
62	245	1	0	0	12	8	8	2	8	46.24	0		8.113771
62	246	1	0	0	14	8	8	2	8	46.24	0		8.113771
62	248	3	0	0	16	6	15	2	6	161.17	1		10.156409
73	292	1	0	0	4	16	8	2	8	46.24	0		8.113771
73	293	3	0	0	18	6	15	2	6	161.17	1		10.156409
73	294	3	0	0	20	6	15	2	6	161.17	1		10.156409
71	285	2	0	0	0	24	13	4	4	104.35	0		9.899010
71	286	3	0	0	22	6	15	2	6	161.17	1		10.156409
71	287	3	0	0	8	10	15	2	6	161.17	1		10.156409
71	288	3	0	0	10	10	15	2	6	161.17	1		10.156409
85	338	2	0	8	12	0	13	4	4	104.35	0		9.899010
85	337	1	0	0	12	16	8	2	8	46.24	0		8.113771
85	339	3	0	0	6	12	15	2	6	161.17	1		10.156409


-------------------------------------------------------------------------------------------------------------------
Tour_Id:			6
No_of_Customers:		7
No_of_Items:			25
Customer_Sequence:		82 66 45 77 47 3 18 

CustId	Id	TypeId	Rotated	x	y	z	Length	Width	Height	mass	Fragility	LoadBearingStrength
18	72	2	0	0	0	0	13	4	4	104.35	0		9.899010
18	71	1	0	0	4	0	8	2	8	46.24	0		8.113771
3	10	2	0	0	6	0	13	4	4	104.35	0		9.899010
3	11	2	0	0	10	0	13	4	4	104.35	0		9.899010
3	12	2	0	0	14	0	13	4	4	104.35	0		9.899010
3	9	1	0	0	18	0	8	2	8	46.24	0		8.113771
3	13	3	0	0	20	0	15	2	6	161.17	1		10.156409
47	186	2	0	0	0	4	13	4	4	104.35	0		9.899010
47	185	1	0	0	22	0	8	2	8	46.24	0		8.113771
47	187	3	0	0	6	4	15	2	6	161.17	1		10.156409
77	307	1	0	0	8	4	8	2	8	46.24	0		8.113771
77	308	3	0	0	10	4	15	2	6	161.17	1		10.156409
77	309	3	0	0	12	4	15	2	6	161.17	1		10.156409
77	310	3	0	0	14	4	15	2	6	161.17	1		10.156409
45	178	2	0	0	0	8	13	4	4	104.35	0		9.899010
45	179	2	0	0	0	12	13	4	4	104.35	0		9.899010
45	177	1	0	0	16	4	8	2	8	46.24	0		8.113771
66	263	2	0	0	0	16	13	4	4	104.35	0		9.899010
66	264	2	0	0	0	20	13	4	4	104.35	0		9.899010
66	265	2	0	0	0	24	13	4	4	104.35	0		9.899010
66	262	1	0	0	4	8	8	2	8	46.24	0		8.113771
82	326	1	0	0	18	8	8	2	8	46.24	0		8.113771
82	327	3	0	0	20	6	15	2	6	161.17	1		10.156409
82	328	3	0	0	6	10	15	2	6	161.17	1		10.156409
82	329	3	0	0	10	10	15	2	6	161.17	1		10.156409


-------------------------------------------------------------------------------------------------------------------
Tour_Id:			7
No_of_Customers:		7
No_of_Items:			34
Customer_Sequence:		20 92 98 99 4 56 86 

CustId	Id	TypeId	Rotated	x	y	z	Length	Width	Height	mass	Fragility	LoadBearingStrength
86	341	2	0	0	0	0	13	4	4	104.35	0		9.899010
86	340	1	0	0	4	0	8	2	8	46.24	0		8.113771
86	342	3	0	0	6	0	15	2	6	161.17	1		10.156409
86	343	3	0	0	8	0	15	2	6	161.17	1		10.156409
86	344	3	0	0	10	0	15	2	6	161.17	1		10.156409
56	218	1	0	0	12	0	8	2	8	46.24	0		8.113771
56	219	1	0	0	14	0	8	2	8	46.24	0		8.113771
56	220	3	0	0	16	0	15	2	6	161.17	1		10.156409
56	221	3	0	0	18	0	15	2	6	161.17	1		10.156409
4	16	2	0	0	20	0	13	4	4	104.35	0		9.899010
4	14	1	0	0	0	4	8	2	8	46.24	0		8.113771
4	15	1	0	0	2	4	8	2	8	46.24	0		8.113771
4	17	3	0	0	20	4	15	2	6	161.17	1		10.156409
4	18	3	0	0	22	4	15	2	6	161.17	1		10.156409
4	19	3	0	0	6	6	15	2	6	161.17	1		10.156409
99	394	1	0	0	4	8	8	2	8	46.24	0		8.113771
99	395	1	0	0	12	8	8	2	8	46.24	0		8.113771
99	396	3	0	0	8	6	15	2	6	161.17	1		10.156409
99	397	3	0	0	10	6	15	2	6	161.17	1		10.156409
98	389	2	0	8	12	0	13	4	4	104.35	0		9.899010
98	390	2	0	8	12	4	13	4	4	104.35	0		9.899010
98	391	2	0	8	12	8	13	4	4	104.35	0		9.899010
98	388	1	0	0	14	8	8	2	8	46.24	0		8.113771
98	392	3	0	0	16	6	15	2	6	161.17	1		10.156409
98	393	3	0	0	18	6	15	2	6	161.17	1		10.156409
92	366	1	0	0	0	12	8	2	8	46.24	0		8.113771
92	367	1	0	0	2	12	8	2	8	46.24	0		8.113771
92	368	1	0	0	4	16	8	2	8	46.24	0		8.113771
92	369	1	0	0	12	16	8	2	8	46.24	0		8.113771
20	80	2	0	8	12	12	13	4	4	104.35	0		9.899010
20	81	2	0	8	12	16	13	4	4	104.35	0		9.899010
20	79	1	0	0	14	16	8	2	8	46.24	0		8.113771
20	82	3	0	0	20	10	15	2	6	161.17	1		10.156409
20	83	3	0	0	22	10	15	2	6	161.17	1		10.156409


-------------------------------------------------------------------------------------------------------------------
Tour_Id:			8
No_of_Customers:		7
No_of_Items:			29
Customer_Sequence:		58 30 87 34 59 16 39 

CustId	Id	TypeId	Rotated	x	y	z	Length	Width	Height	mass	Fragility	LoadBearingStrength
39	155	2	0	0	0	0	13	4	4	104.35	0		9.899010
39	153	1	0	0	4	0	8	2	8	46.24	0		8.113771
39	154	1	0	0	6	0	8	2	8	46.24	0		8.113771
16	62	2	0	0	8	0	13	4	4	104.35	0		9.899010
16	63	2	0	0	12	0	13	4	4	104.35	0		9.899010
16	64	3	0	0	16	0	15	2	6	161.17	1		10.156409
59	231	2	0	0	18	0	13	4	4	104.35	0		9.899010
59	232	3	0	0	22	0	15	2	6	161.17	1		10.156409
59	233	3	0	0	0	4	15	2	6	161.17	1		10.156409
59	234	3	0	0	2	4	15	2	6	161.17	1		10.156409
59	235	3	0	0	8	4	15	2	6	161.17	1		10.156409
59	236	3	0	0	10	4	15	2	6	161.17	1		10.156409
34	132	2	0	0	12	4	13	4	4	104.35	0		9.899010
34	133	2	0	0	18	4	13	4	4	104.35	0		9.899010
34	131	1	0	0	4	8	8	2	8	46.24	0		8.113771
34	134	3	0	0	16	6	15	2	6	161.17	1		10.156409
34	135	3	0	0	22	6	15	2	6	161.17	1		10.156409
34	136	3	0	0	12	8	15	2	6	161.17	1		10.156409
87	346	2	0	0	18	8	13	4	4	104.35	0		9.899010
87	345	1	0	0	6	8	8	2	8	46.24	0		8.113771
87	347	3	0	0	14	8	15	2	6	161.17	1		10.156409
30	119	2	0	0	18	12	13	4	4	104.35	0		9.899010
30	118	1	0	0	4	16	8	2	8	46.24	0		8.113771
58	226	2	0	0	18	16	13	4	4	104.35	0		9.899010
58	227	2	0	0	18	20	13	4	4	104.35	0		9.899010
58	228	2	0	0	18	24	13	4	4	104.35	0		9.899010
58	229	2	0	8	4	0	13	4	4	104.35	0		9.899010
58	230	2	0	8	4	4	13	4	4	104.35	0		9.899010
58	225	1	0	0	6	16	8	2	8	46.24	0		8.113771


-------------------------------------------------------------------------------------------------------------------
Tour_Id:			9
No_of_Customers:		7
No_of_Items:			24
Customer_Sequence:		91 90 49 5 53 50 26 

CustId	Id	TypeId	Rotated	x	y	z	Length	Width	Height	mass	Fragility	LoadBearingStrength
26	101	2	0	0	0	0	13	4	4	104.35	0		9.899010
26	100	1	0	0	4	0	8	2	8	46.24	0		8.113771
50	195	1	0	0	6	0	8	2	8	46.24	0		8.113771
50	196	3	0	0	8	0	15	2	6	161.17	1		10.156409
53	206	2	0	0	10	0	13	4	4	104.35	0		9.899010
53	207	2	0	0	14	0	13	4	4	104.35	0		9.899010
53	208	3	0	0	18	0	15	2	6	161.17	1		10.156409
53	209	3	0	0	20	0	15	2	6	161.17	1		10.156409
5	21	2	0	0	0	4	13	4	4	104.35	0		9.899010
5	20	1	0	0	22	0	8	2	8	46.24	0		8.113771
5	22	3	0	0	10	4	15	2	6	161.17	1		10.156409
49	193	2	0	0	12	4	13	4	4	104.35	0		9.899010
49	192	1	0	0	16	4	8	2	8	46.24	0		8.113771
49	194	3	0	0	8	6	15	2	6	161.17	1		10.156409
90	358	2	0	0	0	8	13	4	4	104.35	0		9.899010
90	356	1	0	0	4	8	8	2	8	46.24	0		8.113771
90	357	1	0	0	6	8	8	2	8	46.24	0		8.113771
90	359	3	0	0	18	6	15	2	6	161.17	1		10.156409
91	362	2	0	0	12	8	13	4	4	104.35	0		9.899010
91	363	2	0	0	0	12	13	4	4	104.35	0		9.899010
91	364	2	0	0	12	12	13	4	4	104.35	0		9.899010
91	360	1	0	0	22	8	8	2	8	46.24	0		8.113771
91	361	1	0	0	16	12	8	2	8	46.24	0		8.113771
91	365	3	0	0	20	6	15	2	6	161.17	1		10.156409


-------------------------------------------------------------------------------------------------------------------
Tour_Id:			10
No_of_Customers:		7
No_of_Items:			28
Customer_Sequence:		25 74 55 23 19 46 52 

CustId	Id	TypeId	Rotated	x	y	z	Length	Width	Height	mass	Fragility	LoadBearingStrength
52	202	2	0	0	0	0	13	4	4	104.35	0		9.899010
52	203	2	0	0	4	0	13	4	4	104.35	0		9.899010
52	204	3	0	0	8	0	15	2	6	161.17	1		10.156409
52	205	3	0	0	10	0	15	2	6	161.17	1		10.156409
46	180	2	0	0	12	0	13	4	4	104.35	0		9.899010
46	181	2	0	0	16	0	13	4	4	104.35	0		9.899010
46	182	3	0	0	20	0	15	2	6	161.17	1		10.156409
46	183	3	0	0	22	0	15	2	6	161.17	1		10.156409
46	184	3	0	0	0	4	15	2	6	161.17	1		10.156409
19	73	2	0	0	2	4	13	4	4	104.35	0		9.899010
19	74	2	0	0	12	4	13	4	4	104.35	0		9.899010
19	75	3	0	0	6	4	15	2	6	161.17	1		10.156409
19	76	3	0	0	16	4	15	2	6	161.17	1		10.156409
19	77	3	0	0	18	4	15	2	6	161.17	1		10.156409
19	78	3	0	0	8	6	15	2	6	161.17	1		10.156409
23	92	2	0	0	2	8	13	4	4	104.35	0		9.899010
23	93	2	0	0	12	8	13	4	4	104.35	0		9.899010
23	90	1	0	0	2	12	8	2	8	46.24	0		8.113771
23	91	1	0	0	4	12	8	2	8	46.24	0		8.113771
23	94	3	0	0	10	6	15	2	6	161.17	1		10.156409
55	217	2	0	0	12	12	13	4	4	104.35	0		9.899010
55	216	1	0	0	12	16	8	2	8	46.24	0		8.113771
74	296	2	0	13	12	0	13	4	4	104.35	0		9.899010
74	295	1	0	0	14	16	8	2	8	46.24	0		8.113771
74	297	3	0	0	20	6	15	2	6	161.17	1		10.156409
74	298	3	0	0	22	6	15	2	6	161.17	1		10.156409
25	98	3	0	0	0	10	15	2	6	161.17	1		10.156409
25	99	3	0	0	6	10	15	2	6	161.17	1		10.156409


-------------------------------------------------------------------------------------------------------------------
Tour_Id:			11
No_of_Customers:		7
No_of_Items:			31
Customer_Sequence:		54 88 43 51 2 31 37 

CustId	Id	TypeId	Rotated	x	y	z	Length	Width	Height	mass	Fragility	LoadBearingStrength
37	147	2	0	0	0	0	13	4	4	104.35	0		9.899010
37	148	3	0	0	4	0	15	2	6	161.17	1		10.156409
37	149	3	0	0	6	0	15	2	6	161.17	1		10.156409
37	150	3	0	0	8	0	15	2	6	161.17	1		10.156409
31	121	2	0	0	10	0	13	4	4	104.35	0		9.899010
31	120	1	0	0	14	0	8	2	8	46.24	0		8.113771
31	122	3	0	0	16	0	15	2	6	161.17	1		10.156409
2	6	1	0	0	18	0	8	2	8	46.24	0		8.113771
2	7	3	0	0	20	0	15	2	6	161.17	1		10.156409
2	8	3	0	0	22	0	15	2	6	161.17	1		10.156409
51	198	2	0	0	0	4	13	4	4	104.35	0		9.899010
51	199	2	0	0	10	4	13	4	4	104.35	0		9.899010
51	200	2	0	0	0	8	13	4	4	104.35	0		9.899010
51	197	1	0	0	10	8	8	2	8	46.24	0		8.113771
51	201	3	0	0	4	6	15	2	6	161.17	1		10.156409
43	168	2	0	0	12	8	13	4	4	104.35	0		9.899010
43	169	2	0	0	0	12	13	4	4	104.35	0		9.899010
43	170	2	0	0	12	12	13	4	4	104.35	0		9.899010
43	171	2	0	0	0	16	13	4	4	104.35	0		9.899010
43	167	1	0	0	18	8	8	2	8	46.24	0		8.113771
43	172	3	0	0	6	6	15	2	6	161.17	1		10.156409
88	348	1	0	0	10	16	8	2	8	46.24	0		8.113771
88	349	1	0	0	12	16	8	2	8	46.24	0		8.113771
88	350	3	0	0	8	6	15	2	6	161.17	1		10.156409
88	351	3	0	0	16	6	15	2	6	161.17	1		10.156409
54	212	2	0	0	0	20	13	4	4	104.35	0		9.899010
54	213	2	0	0	0	24	13	4	4	104.35	0		9.899010
54	210	1	0	0	14	16	8	2	8	46.24	0		8.113771
54	211	1	0	0	18	16	8	2	8	46.24	0		8.113771
54	214	3	0	0	20	6	15	2	6	161.17	1		10.156409
54	215	3	0	0	22	6	15	2	6	161.17	1		10.156409


-------------------------------------------------------------------------------------------------------------------
Tour_Id:			12
No_of_Customers:		6
No_of_Items:			26
Customer_Sequence:		60 67 78 41 29 42 

CustId	Id	TypeId	Rotated	x	y	z	Length	Width	Height	mass	Fragility	LoadBearingStrength
42	164	2	0	0	0	0	13	4	4	104.35	0		9.899010
42	165	3	0	0	4	0	15	2	6	161.17	1		10.156409
42	166	3	0	0	6	0	15	2	6	161.17	1		10.156409
29	115	2	0	0	8	0	13	4	4	104.35	0		9.899010
29	116	2	0	0	12	0	13	4	4	104.35	0		9.899010
29	117	2	0	0	16	0	13	4	4	104.35	0		9.899010
29	113	1	0	0	20	0	8	2	8	46.24	0		8.113771
29	114	1	0	0	22	0	8	2	8	46.24	0		8.113771
41	162	2	0	0	0	4	13	4	4	104.35	0		9.899010
41	163	2	0	0	8	4	13	4	4	104.35	0		9.899010
41	159	1	0	0	12	4	8	2	8	46.24	0		8.113771
41	160	1	0	0	14	4	8	2	8	46.24	0		8.113771
41	161	1	0	0	16	4	8	2	8	46.24	0		8.113771
78	312	2	0	0	0	8	13	4	4	104.35	0		9.899010
78	313	2	0	0	8	8	13	4	4	104.35	0		9.899010
78	311	1	0	0	18	4	8	2	8	46.24	0		8.113771
67	269	2	0	0	0	12	13	4	4	104.35	0		9.899010
67	270	2	0	0	8	12	13	4	4	104.35	0		9.899010
67	266	1	0	0	20	8	8	2	8	46.24	0		8.113771
67	267	1	0	0	22	8	8	2	8	46.24	0		8.113771
67	268	1	0	0	12	12	8	2	8	46.24	0		8.113771
67	271	3	0	0	4	6	15	2	6	161.17	1		10.156409
60	237	1	0	0	14	12	8	2	8	46.24	0		8.113771
60	238	1	0	0	16	12	8	2	8	46.24	0		8.113771
60	239	1	0	0	18	12	8	2	8	46.24	0		8.113771
60	240	1	0	0	0	16	8	2	8	46.24	0		8.113771


-------------------------------------------------------------------------------------------------------------------
Tour_Id:			13
No_of_Customers:		6
No_of_Items:			24
Customer_Sequence:		57 76 28 97 84 95 

CustId	Id	TypeId	Rotated	x	y	z	Length	Width	Height	mass	Fragility	LoadBearingStrength
95	379	2	0	0	0	0	13	4	4	104.35	0		9.899010
95	380	2	0	0	4	0	13	4	4	104.35	0		9.899010
95	377	1	0	0	8	0	8	2	8	46.24	0		8.113771
95	378	1	0	0	10	0	8	2	8	46.24	0		8.113771
84	334	1	0	0	12	0	8	2	8	46.24	0		8.113771
84	335	3	0	0	14	0	15	2	6	161.17	1		10.156409
84	336	3	0	0	16	0	15	2	6	161.17	1		10.156409
97	384	1	0	0	18	0	8	2	8	46.24	0		8.113771
97	385	1	0	0	20	0	8	2	8	46.24	0		8.113771
97	386	1	0	0	22	0	8	2	8	46.24	0		8.113771
97	387	3	0	0	0	4	15	2	6	161.17	1		10.156409
28	110	2	0	0	2	4	13	4	4	104.35	0		9.899010
28	111	2	0	0	2	8	13	4	4	104.35	0		9.899010
28	107	1	0	0	6	4	8	2	8	46.24	0		8.113771
28	108	1	0	0	8	8	8	2	8	46.24	0		8.113771
28	109	1	0	0	10	8	8	2	8	46.24	0		8.113771
28	112	3	0	0	14	6	15	2	6	161.17	1		10.156409
76	304	2	0	0	2	12	13	4	4	104.35	0		9.899010
76	305	2	0	0	2	16	13	4	4	104.35	0		9.899010
76	306	2	0	0	2	20	13	4	4	104.35	0		9.899010
76	303	1	0	0	12	8	8	2	8	46.24	0		8.113771
57	222	1	0	0	18	8	8	2	8	46.24	0		8.113771
57	223	3	0	0	16	6	15	2	6	161.17	1		10.156409
57	224	3	0	0	0	10	15	2	6	161.17	1		10.156409


-------------------------------------------------------------------------------------------------------------------
Tour_Id:			14
No_of_Customers:		5
No_of_Items:			18
Customer_Sequence:		15 12 93 65 44 

CustId	Id	TypeId	Rotated	x	y	z	Length	Width	Height	mass	Fragility	LoadBearingStrength
44	173	2	0	0	0	0	13	4	4	104.35	0		9.899010
44	174	3	0	0	4	0	15	2	6	161.17	1		10.156409
44	175	3	0	0	6	0	15	2	6	161.17	1		10.156409
44	176	3	0	0	8	0	15	2	6	161.17	1		10.156409
65	259	2	0	0	10	0	13	4	4	104.35	0		9.899010
65	257	1	0	0	14	0	8	2	8	46.24	0		8.113771
65	258	1	0	0	16	0	8	2	8	46.24	0		8.113771
65	260	3	0	0	18	0	15	2	6	161.17	1		10.156409
65	261	3	0	0	20	0	15	2	6	161.17	1		10.156409
93	370	1	0	0	22	0	8	2	8	46.24	0		8.113771
93	371	1	0	0	0	4	8	2	8	46.24	0		8.113771
93	372	3	0	0	2	4	15	2	6	161.17	1		10.156409
12	47	1	0	0	10	4	8	2	8	46.24	0		8.113771
12	48	1	0	0	12	4	8	2	8	46.24	0		8.113771
12	49	3	0	0	4	6	15	2	6	161.17	1		10.156409
15	60	2	0	8	14	0	13	4	4	104.35	0		9.899010
15	59	1	0	0	14	8	8	2	8	46.24	0		8.113771
15	61	3	0	0	6	6	15	2	6	161.17	1		10.156409


-------------------------------------------------------------------------------------------------------------------
Tour_Id:			15
No_of_Customers:		4
No_of_Items:			15
Customer_Sequence:		69 89 13 79 

CustId	Id	TypeId	Rotated	x	y	z	Length	Width	Height	mass	Fragility	LoadBearingStrength
79	314	2	0	0	0	0	13	4	4	104.35	0		9.899010
79	315	2	0	0	4	0	13	4	4	104.35	0		9.899010
79	316	3	0	0	8	0	15	2	6	161.17	1		10.156409
13	51	2	0	0	10	0	13	4	4	104.35	0		9.899010
13	52	2	0	0	14	0	13	4	4	104.35	0		9.899010
13	53	2	0	0	18	0	13	4	4	104.35	0		9.899010
13	50	1	0	0	22	0	8	2	8	46.24	0		8.113771
13	54	3	0	0	0	4	15	2	6	161.17	1		10.156409
13	55	3	0	0	2	4	15	2	6	161.17	1		10.156409
89	353	2	0	0	4	4	13	4	4	104.35	0		9.899010
89	354	2	0	0	10	4	13	4	4	104.35	0		9.899010
89	355	2	0	0	14	4	13	4	4	104.35	0		9.899010
89	352	1	0	0	18	4	8	2	8	46.24	0		8.113771
69	277	1	0	0	20	4	8	2	8	46.24	0		8.113771
69	278	3	0	0	8	6	15	2	6	161.17	1		10.156409


