Name:				500_n100_m400_bt3
Problem:			3L-VRPTW
Number_of_used_Vehicles:	13
Total_Travel_Distance:		1385.95
Calculation_Time:		430.29
Total_Iterations:		14602
ConstraintSet:			P1

-------------------------------------------------------------------------------------------------------------------
Tour_Id:			1
No_of_Customers:		6
No_of_Items:			31
Customer_Sequence:		18 97 31 30 51 55 

CustId	Id	TypeId	Rotated	x	y	z	Length	Width	Height	mass	Fragility	LoadBearingStrength
55	219	3	0	0	0	0	6	5	7	175.90	0		116.446761
55	220	3	0	0	5	0	6	5	7	175.90	0		116.446761
55	215	1	0	0	10	0	8	4	4	87.56	0		5.532129
55	216	1	0	0	14	0	8	4	4	87.56	0		5.532129
55	217	2	0	0	18	0	11	4	5	75.41	1		3.015603
55	218	2	0	0	18	5	11	4	5	75.41	1		3.015603
51	203	3	0	0	10	4	6	5	7	175.90	0		116.446761
51	204	3	0	0	0	7	6	5	7	175.90	0		116.446761
51	205	3	0	0	5	7	6	5	7	175.90	0		116.446761
51	202	2	0	0	18	10	11	4	5	75.41	1		3.015603
30	124	3	0	0	10	11	6	5	7	175.90	0		116.446761
30	125	3	0	0	0	14	6	5	7	175.90	0		116.446761
30	121	1	0	0	5	14	8	4	4	87.56	0		5.532129
30	122	1	0	0	5	18	8	4	4	87.56	0		5.532129
30	123	2	0	0	18	15	11	4	5	75.41	1		3.015603
31	126	1	0	0	10	18	8	4	4	87.56	0		5.532129
31	127	1	0	0	0	21	8	4	4	87.56	0		5.532129
31	128	2	0	0	18	20	11	4	5	75.41	1		3.015603
31	129	2	0	0	18	25	11	4	5	75.41	1		3.015603
97	385	3	0	0	4	22	6	5	7	175.90	0		116.446761
97	386	3	0	0	9	22	6	5	7	175.90	0		116.446761
97	387	3	0	8	0	0	6	5	7	175.90	0		116.446761
97	388	3	0	8	5	0	6	5	7	175.90	0		116.446761
97	389	3	0	8	10	0	6	5	7	175.90	0		116.446761
97	384	1	0	0	0	25	8	4	4	87.56	0		5.532129
18	79	3	0	8	0	7	6	5	7	175.90	0		116.446761
18	74	1	0	8	5	7	8	4	4	87.56	0		5.532129
18	75	2	0	11	15	0	11	4	5	75.41	1		3.015603
18	76	2	0	11	19	0	11	4	5	75.41	1		3.015603
18	77	2	0	11	15	5	11	4	5	75.41	1		3.015603
18	78	2	0	11	19	5	11	4	5	75.41	1		3.015603


-------------------------------------------------------------------------------------------------------------------
Tour_Id:			2
No_of_Customers:		9
No_of_Items:			36
Customer_Sequence:		96 62 52 20 86 95 80 73 3 

CustId	Id	TypeId	Rotated	x	y	z	Length	Width	Height	mass	Fragility	LoadBearingStrength
3	11	3	0	0	0	0	6	5	7	175.90	0		116.446761
3	10	1	0	0	5	0	8	4	4	87.56	0		5.532129
73	283	1	0	0	9	0	8	4	4	87.56	0		5.532129
73	284	1	0	0	13	0	8	4	4	87.56	0		5.532129
73	285	1	0	0	17	0	8	4	4	87.56	0		5.532129
73	286	2	0	0	21	0	11	4	5	75.41	1		3.015603
73	287	2	1	0	5	4	11	4	5	75.41	1		3.015603
73	288	2	0	0	21	5	11	4	5	75.41	1		3.015603
80	320	3	0	0	16	4	6	5	7	175.90	0		116.446761
80	315	1	0	0	0	7	8	4	4	87.56	0		5.532129
80	316	1	0	0	0	11	8	4	4	87.56	0		5.532129
80	317	2	1	0	4	9	11	4	5	75.41	1		3.015603
80	318	2	0	0	21	10	11	4	5	75.41	1		3.015603
80	319	2	1	0	4	14	11	4	5	75.41	1		3.015603
95	379	3	0	0	15	11	6	5	7	175.90	0		116.446761
95	377	1	0	0	0	15	8	4	4	87.56	0		5.532129
95	378	1	0	0	15	18	8	4	4	87.56	0		5.532129
86	344	3	0	0	15	22	6	5	7	175.90	0		116.446761
86	345	3	1	4	5	4	6	5	7	175.90	0		116.446761
86	343	2	0	0	20	15	11	4	5	75.41	1		3.015603
20	84	1	0	0	0	19	8	4	4	87.56	0		5.532129
20	85	1	0	0	0	23	8	4	4	87.56	0		5.532129
20	86	1	1	4	4	11	8	4	4	87.56	0		5.532129
20	87	2	1	0	4	19	11	4	5	75.41	1		3.015603
20	88	2	0	0	20	20	11	4	5	75.41	1		3.015603
52	206	1	1	4	4	15	8	4	4	87.56	0		5.532129
52	207	2	1	0	4	24	11	4	5	75.41	1		3.015603
62	242	3	1	4	4	19	6	5	7	175.90	0		116.446761
62	243	3	0	8	11	0	6	5	7	175.90	0		116.446761
62	239	1	1	4	4	26	8	4	4	87.56	0		5.532129
62	240	1	0	8	16	0	8	4	4	87.56	0		5.532129
62	241	2	0	0	20	25	11	4	5	75.41	1		3.015603
96	383	3	0	8	11	7	6	5	7	175.90	0		116.446761
96	380	2	0	8	0	0	11	4	5	75.41	1		3.015603
96	381	2	0	8	0	5	11	4	5	75.41	1		3.015603
96	382	2	0	8	0	10	11	4	5	75.41	1		3.015603


-------------------------------------------------------------------------------------------------------------------
Tour_Id:			3
No_of_Customers:		10
No_of_Items:			48
Customer_Sequence:		22 82 21 68 74 39 40 15 2 58 

CustId	Id	TypeId	Rotated	x	y	z	Length	Width	Height	mass	Fragility	LoadBearingStrength
58	230	3	0	0	0	0	6	5	7	175.90	0		116.446761
58	227	1	0	0	5	0	8	4	4	87.56	0		5.532129
58	228	2	0	0	9	0	11	4	5	75.41	1		3.015603
58	229	2	0	0	13	0	11	4	5	75.41	1		3.015603
2	4	1	0	0	17	0	8	4	4	87.56	0		5.532129
2	5	1	0	0	21	0	8	4	4	87.56	0		5.532129
2	6	2	0	0	9	5	11	4	5	75.41	1		3.015603
2	7	2	0	0	13	5	11	4	5	75.41	1		3.015603
2	8	2	0	0	9	10	11	4	5	75.41	1		3.015603
2	9	2	0	0	13	10	11	4	5	75.41	1		3.015603
15	61	3	0	0	17	4	6	5	7	175.90	0		116.446761
15	62	3	0	0	0	7	6	5	7	175.90	0		116.446761
15	63	3	0	0	17	11	6	5	7	175.90	0		116.446761
15	64	3	0	0	0	14	6	5	7	175.90	0		116.446761
15	60	1	0	0	5	4	8	4	4	87.56	0		5.532129
40	162	3	0	0	17	18	6	5	7	175.90	0		116.446761
40	163	3	0	0	0	21	6	5	7	175.90	0		116.446761
40	164	3	0	6	0	0	6	5	7	175.90	0		116.446761
40	165	3	0	6	0	7	6	5	7	175.90	0		116.446761
40	160	1	0	0	5	8	8	4	4	87.56	0		5.532129
40	161	1	0	0	5	12	8	4	4	87.56	0		5.532129
39	159	3	0	0	5	16	6	5	7	175.90	0		116.446761
39	155	1	0	0	5	23	8	4	4	87.56	0		5.532129
39	156	1	0	0	17	25	8	4	4	87.56	0		5.532129
39	157	2	0	0	10	15	11	4	5	75.41	1		3.015603
39	158	2	0	0	10	20	11	4	5	75.41	1		3.015603
74	293	3	0	6	0	14	6	5	7	175.90	0		116.446761
74	294	3	0	6	0	21	6	5	7	175.90	0		116.446761
74	289	1	0	8	5	0	8	4	4	87.56	0		5.532129
74	290	1	0	8	17	0	8	4	4	87.56	0		5.532129
74	291	2	0	0	9	25	11	4	5	75.41	1		3.015603
74	292	2	0	8	21	0	11	4	5	75.41	1		3.015603
68	268	3	0	11	9	0	6	5	7	175.90	0		116.446761
68	265	1	0	8	5	4	8	4	4	87.56	0		5.532129
68	266	1	0	8	17	4	8	4	4	87.56	0		5.532129
68	267	2	0	6	21	5	11	4	5	75.41	1		3.015603
21	91	3	0	11	9	7	6	5	7	175.90	0		116.446761
21	89	1	0	8	5	8	8	4	4	87.56	0		5.532129
21	90	2	0	6	21	10	11	4	5	75.41	1		3.015603
82	330	3	0	11	9	14	6	5	7	175.90	0		116.446761
82	331	3	0	11	9	21	6	5	7	175.90	0		116.446761
82	327	1	0	8	17	8	8	4	4	87.56	0		5.532129
82	328	1	0	8	5	12	8	4	4	87.56	0		5.532129
82	329	1	0	8	17	12	8	4	4	87.56	0		5.532129
22	94	3	0	8	17	16	6	5	7	175.90	0		116.446761
22	95	3	0	8	17	23	6	5	7	175.90	0		116.446761
22	92	2	0	12	0	0	11	4	5	75.41	1		3.015603
22	93	2	0	12	0	5	11	4	5	75.41	1		3.015603


-------------------------------------------------------------------------------------------------------------------
Tour_Id:			4
No_of_Customers:		8
No_of_Items:			23
Customer_Sequence:		1 11 78 32 61 37 93 53 

CustId	Id	TypeId	Rotated	x	y	z	Length	Width	Height	mass	Fragility	LoadBearingStrength
53	209	3	0	0	0	0	6	5	7	175.90	0		116.446761
53	208	1	0	0	5	0	8	4	4	87.56	0		5.532129
93	372	3	0	0	9	0	6	5	7	175.90	0		116.446761
93	370	1	0	0	14	0	8	4	4	87.56	0		5.532129
93	371	1	0	0	18	0	8	4	4	87.56	0		5.532129
37	148	1	0	0	5	4	8	4	4	87.56	0		5.532129
37	149	1	0	0	14	4	8	4	4	87.56	0		5.532129
37	150	1	0	0	18	4	8	4	4	87.56	0		5.532129
37	151	2	0	6	0	0	11	4	5	75.41	1		3.015603
61	238	3	0	0	0	7	6	5	7	175.90	0		116.446761
61	237	1	0	0	9	7	8	4	4	87.56	0		5.532129
32	131	3	0	0	13	8	6	5	7	175.90	0		116.446761
32	130	1	0	0	5	8	8	4	4	87.56	0		5.532129
78	310	3	0	0	18	8	6	5	7	175.90	0		116.446761
78	311	3	0	0	5	12	6	5	7	175.90	0		116.446761
78	308	1	0	0	0	14	8	4	4	87.56	0		5.532129
78	309	2	1	0	13	15	11	4	5	75.41	1		3.015603
11	44	3	0	0	0	18	6	5	7	175.90	0		116.446761
11	42	1	0	0	5	19	8	4	4	87.56	0		5.532129
11	43	1	0	0	5	23	8	4	4	87.56	0		5.532129
1	3	3	0	8	4	0	6	5	7	175.90	0		116.446761
1	1	1	0	0	0	25	8	4	4	87.56	0		5.532129
1	2	2	1	0	13	20	11	4	5	75.41	1		3.015603


-------------------------------------------------------------------------------------------------------------------
Tour_Id:			5
No_of_Customers:		9
No_of_Items:			37
Customer_Sequence:		59 36 67 19 7 6 17 29 28 

CustId	Id	TypeId	Rotated	x	y	z	Length	Width	Height	mass	Fragility	LoadBearingStrength
28	117	3	0	0	0	0	6	5	7	175.90	0		116.446761
28	118	3	0	0	5	0	6	5	7	175.90	0		116.446761
28	113	1	0	0	10	0	8	4	4	87.56	0		5.532129
28	114	2	0	0	14	0	11	4	5	75.41	1		3.015603
28	115	2	0	0	18	0	11	4	5	75.41	1		3.015603
28	116	2	0	0	14	5	11	4	5	75.41	1		3.015603
29	120	3	0	0	0	7	6	5	7	175.90	0		116.446761
29	119	2	0	0	18	5	11	4	5	75.41	1		3.015603
17	73	3	0	0	5	7	6	5	7	175.90	0		116.446761
17	69	1	0	0	10	4	8	4	4	87.56	0		5.532129
17	70	1	0	0	10	8	8	4	4	87.56	0		5.532129
17	71	1	0	0	10	12	8	4	4	87.56	0		5.532129
17	72	2	0	0	14	10	11	4	5	75.41	1		3.015603
6	24	3	0	0	0	14	6	5	7	175.90	0		116.446761
6	20	1	0	0	5	14	8	4	4	87.56	0		5.532129
6	21	2	0	0	18	10	11	4	5	75.41	1		3.015603
6	22	2	0	0	14	15	11	4	5	75.41	1		3.015603
6	23	2	0	0	18	15	11	4	5	75.41	1		3.015603
7	26	3	0	0	5	18	6	5	7	175.90	0		116.446761
7	27	3	0	0	0	21	6	5	7	175.90	0		116.446761
7	28	3	0	6	0	0	6	5	7	175.90	0		116.446761
7	29	3	0	6	0	7	6	5	7	175.90	0		116.446761
7	25	2	0	0	14	20	11	4	5	75.41	1		3.015603
19	82	3	0	6	0	14	6	5	7	175.90	0		116.446761
19	83	3	0	6	0	21	6	5	7	175.90	0		116.446761
19	80	1	0	0	10	16	8	4	4	87.56	0		5.532129
19	81	2	0	0	18	20	11	4	5	75.41	1		3.015603
67	263	3	0	8	5	0	6	5	7	175.90	0		116.446761
67	264	3	0	8	5	7	6	5	7	175.90	0		116.446761
67	261	2	0	0	14	25	11	4	5	75.41	1		3.015603
67	262	2	0	0	18	25	11	4	5	75.41	1		3.015603
36	146	1	0	0	10	20	8	4	4	87.56	0		5.532129
36	147	1	0	0	10	24	8	4	4	87.56	0		5.532129
59	233	3	0	8	5	14	6	5	7	175.90	0		116.446761
59	234	3	0	8	5	21	6	5	7	175.90	0		116.446761
59	231	1	0	0	5	25	8	4	4	87.56	0		5.532129
59	232	2	0	8	10	0	11	4	5	75.41	1		3.015603


-------------------------------------------------------------------------------------------------------------------
Tour_Id:			6
No_of_Customers:		9
No_of_Items:			35
Customer_Sequence:		8 64 12 70 10 42 89 5 69 

CustId	Id	TypeId	Rotated	x	y	z	Length	Width	Height	mass	Fragility	LoadBearingStrength
69	272	3	0	0	0	0	6	5	7	175.90	0		116.446761
69	269	1	0	0	5	0	8	4	4	87.56	0		5.532129
69	270	2	0	0	9	0	11	4	5	75.41	1		3.015603
69	271	2	0	0	13	0	11	4	5	75.41	1		3.015603
5	19	3	0	0	17	0	6	5	7	175.90	0		116.446761
5	16	1	0	0	5	4	8	4	4	87.56	0		5.532129
5	17	1	0	0	0	7	8	4	4	87.56	0		5.532129
5	18	1	0	0	17	7	8	4	4	87.56	0		5.532129
89	354	3	0	0	4	8	6	5	7	175.90	0		116.446761
89	355	3	0	0	17	11	6	5	7	175.90	0		116.446761
89	356	3	0	0	4	15	6	5	7	175.90	0		116.446761
89	353	2	0	0	9	5	11	4	5	75.41	1		3.015603
42	170	3	0	0	17	18	6	5	7	175.90	0		116.446761
42	171	3	0	0	4	22	6	5	7	175.90	0		116.446761
42	172	3	0	8	0	0	6	5	7	175.90	0		116.446761
42	169	2	0	0	13	5	11	4	5	75.41	1		3.015603
10	40	3	0	8	0	7	6	5	7	175.90	0		116.446761
10	41	3	0	8	17	0	6	5	7	175.90	0		116.446761
10	39	2	0	0	9	10	11	4	5	75.41	1		3.015603
70	274	3	0	8	17	7	6	5	7	175.90	0		116.446761
70	275	3	0	8	0	14	6	5	7	175.90	0		116.446761
70	273	2	0	0	13	10	11	4	5	75.41	1		3.015603
12	47	3	0	8	17	14	6	5	7	175.90	0		116.446761
12	48	3	0	8	0	21	6	5	7	175.90	0		116.446761
12	49	3	0	8	17	21	6	5	7	175.90	0		116.446761
12	45	2	0	0	9	15	11	4	5	75.41	1		3.015603
12	46	2	0	0	13	15	11	4	5	75.41	1		3.015603
64	250	3	0	11	5	0	6	5	7	175.90	0		116.446761
64	248	1	0	11	10	0	8	4	4	87.56	0		5.532129
64	249	1	0	11	10	4	8	4	4	87.56	0		5.532129
8	32	3	0	11	5	7	6	5	7	175.90	0		116.446761
8	33	3	0	11	10	8	6	5	7	175.90	0		116.446761
8	34	3	0	11	5	14	6	5	7	175.90	0		116.446761
8	30	1	0	11	10	15	8	4	4	87.56	0		5.532129
8	31	2	0	0	9	20	11	4	5	75.41	1		3.015603


-------------------------------------------------------------------------------------------------------------------
Tour_Id:			7
No_of_Customers:		8
No_of_Items:			33
Customer_Sequence:		47 54 43 91 27 50 23 90 

CustId	Id	TypeId	Rotated	x	y	z	Length	Width	Height	mass	Fragility	LoadBearingStrength
90	360	3	0	0	0	0	6	5	7	175.90	0		116.446761
90	361	3	0	0	5	0	6	5	7	175.90	0		116.446761
90	357	1	0	0	10	0	8	4	4	87.56	0		5.532129
90	358	2	0	0	14	0	11	4	5	75.41	1		3.015603
90	359	2	0	0	18	0	11	4	5	75.41	1		3.015603
23	96	1	0	0	10	4	8	4	4	87.56	0		5.532129
23	97	2	0	0	14	5	11	4	5	75.41	1		3.015603
23	98	2	0	0	18	5	11	4	5	75.41	1		3.015603
50	201	3	0	0	0	7	6	5	7	175.90	0		116.446761
50	199	2	0	0	14	10	11	4	5	75.41	1		3.015603
50	200	2	0	0	18	10	11	4	5	75.41	1		3.015603
27	111	3	0	0	5	7	6	5	7	175.90	0		116.446761
27	112	3	0	0	0	14	6	5	7	175.90	0		116.446761
27	109	2	0	0	14	15	11	4	5	75.41	1		3.015603
27	110	2	0	0	18	15	11	4	5	75.41	1		3.015603
91	365	3	0	0	5	14	6	5	7	175.90	0		116.446761
91	362	1	0	0	10	8	8	4	4	87.56	0		5.532129
91	363	1	0	0	10	12	8	4	4	87.56	0		5.532129
91	364	2	0	0	14	20	11	4	5	75.41	1		3.015603
43	175	3	0	0	0	21	6	5	7	175.90	0		116.446761
43	173	2	0	0	18	20	11	4	5	75.41	1		3.015603
43	174	2	0	0	14	25	11	4	5	75.41	1		3.015603
54	213	3	0	0	5	21	6	5	7	175.90	0		116.446761
54	214	3	0	6	0	0	6	5	7	175.90	0		116.446761
54	210	1	0	0	10	16	8	4	4	87.56	0		5.532129
54	211	1	0	0	10	20	8	4	4	87.56	0		5.532129
54	212	2	0	0	18	25	11	4	5	75.41	1		3.015603
47	187	3	0	6	5	0	6	5	7	175.90	0		116.446761
47	188	3	0	6	0	7	6	5	7	175.90	0		116.446761
47	189	3	0	6	5	7	6	5	7	175.90	0		116.446761
47	190	3	0	6	0	14	6	5	7	175.90	0		116.446761
47	185	2	0	8	10	0	11	4	5	75.41	1		3.015603
47	186	2	0	8	10	5	11	4	5	75.41	1		3.015603


-------------------------------------------------------------------------------------------------------------------
Tour_Id:			8
No_of_Customers:		7
No_of_Items:			28
Customer_Sequence:		33 85 9 38 16 63 66 

CustId	Id	TypeId	Rotated	x	y	z	Length	Width	Height	mass	Fragility	LoadBearingStrength
66	256	1	0	0	0	0	8	4	4	87.56	0		5.532129
66	257	1	0	0	4	0	8	4	4	87.56	0		5.532129
66	258	1	0	0	8	0	8	4	4	87.56	0		5.532129
66	259	2	0	0	12	0	11	4	5	75.41	1		3.015603
66	260	2	0	0	16	0	11	4	5	75.41	1		3.015603
63	246	3	0	0	20	0	6	5	7	175.90	0		116.446761
63	247	3	0	0	0	4	6	5	7	175.90	0		116.446761
63	244	1	0	0	5	4	8	4	4	87.56	0		5.532129
63	245	2	0	0	12	5	11	4	5	75.41	1		3.015603
16	67	3	0	0	20	7	6	5	7	175.90	0		116.446761
16	68	3	0	0	5	8	6	5	7	175.90	0		116.446761
16	65	1	0	0	0	11	8	4	4	87.56	0		5.532129
16	66	1	0	0	20	14	8	4	4	87.56	0		5.532129
38	153	3	0	0	0	15	6	5	7	175.90	0		116.446761
38	154	3	0	0	5	15	6	5	7	175.90	0		116.446761
38	152	2	0	0	16	5	11	4	5	75.41	1		3.015603
9	36	3	0	0	20	18	6	5	7	175.90	0		116.446761
9	37	3	0	0	0	22	6	5	7	175.90	0		116.446761
9	38	3	0	0	5	22	6	5	7	175.90	0		116.446761
9	35	2	0	0	12	10	11	4	5	75.41	1		3.015603
85	342	3	0	8	0	0	6	5	7	175.90	0		116.446761
85	338	1	0	0	20	25	8	4	4	87.56	0		5.532129
85	339	1	0	8	5	0	8	4	4	87.56	0		5.532129
85	340	1	0	8	5	4	8	4	4	87.56	0		5.532129
85	341	1	0	6	4	8	8	4	4	87.56	0		5.532129
33	132	1	0	6	4	12	8	4	4	87.56	0		5.532129
33	133	2	0	0	16	10	11	4	5	75.41	1		3.015603
33	134	2	0	0	12	15	11	4	5	75.41	1		3.015603


-------------------------------------------------------------------------------------------------------------------
Tour_Id:			9
No_of_Customers:		8
No_of_Items:			30
Customer_Sequence:		75 14 56 83 87 94 57 100 

CustId	Id	TypeId	Rotated	x	y	z	Length	Width	Height	mass	Fragility	LoadBearingStrength
100	398	3	0	0	0	0	6	5	7	175.90	0		116.446761
100	399	3	0	0	5	0	6	5	7	175.90	0		116.446761
100	400	3	0	0	10	0	6	5	7	175.90	0		116.446761
100	397	2	0	0	15	0	11	4	5	75.41	1		3.015603
57	225	3	0	0	19	0	6	5	7	175.90	0		116.446761
57	226	3	0	0	0	7	6	5	7	175.90	0		116.446761
94	376	3	0	0	5	7	6	5	7	175.90	0		116.446761
94	373	2	0	0	15	5	11	4	5	75.41	1		3.015603
94	374	2	0	0	15	10	11	4	5	75.41	1		3.015603
94	375	2	1	0	0	14	11	4	5	75.41	1		3.015603
87	348	3	0	0	19	7	6	5	7	175.90	0		116.446761
87	346	1	0	0	11	7	8	4	4	87.56	0		5.532129
87	347	2	0	0	15	15	11	4	5	75.41	1		3.015603
83	332	1	0	0	11	11	8	4	4	87.56	0		5.532129
83	333	2	1	0	0	19	11	4	5	75.41	1		3.015603
83	334	2	0	0	15	20	11	4	5	75.41	1		3.015603
83	335	2	1	0	0	24	11	4	5	75.41	1		3.015603
56	224	3	0	0	19	14	6	5	7	175.90	0		116.446761
56	221	1	0	0	11	15	8	4	4	87.56	0		5.532129
56	222	1	0	0	11	19	8	4	4	87.56	0		5.532129
56	223	2	0	0	15	25	11	4	5	75.41	1		3.015603
14	56	1	0	0	19	21	8	4	4	87.56	0		5.532129
14	57	2	0	6	0	0	11	4	5	75.41	1		3.015603
14	58	2	0	6	4	0	11	4	5	75.41	1		3.015603
14	59	2	0	6	19	0	11	4	5	75.41	1		3.015603
75	295	1	0	0	11	23	8	4	4	87.56	0		5.532129
75	296	1	0	0	19	25	8	4	4	87.56	0		5.532129
75	297	1	0	8	8	0	8	4	4	87.56	0		5.532129
75	298	2	0	6	0	5	11	4	5	75.41	1		3.015603
75	299	2	0	6	4	5	11	4	5	75.41	1		3.015603


-------------------------------------------------------------------------------------------------------------------
Tour_Id:			10
No_of_Customers:		6
No_of_Items:			28
Customer_Sequence:		65 26 49 24 35 13 

CustId	Id	TypeId	Rotated	x	y	z	Length	Width	Height	mass	Fragility	LoadBearingStrength
13	54	3	0	0	0	0	6	5	7	175.90	0		116.446761
13	55	3	0	0	5	0	6	5	7	175.90	0		116.446761
13	50	1	0	0	10	0	8	4	4	87.56	0		5.532129
13	51	1	0	0	14	0	8	4	4	87.56	0		5.532129
13	52	2	0	0	18	0	11	4	5	75.41	1		3.015603
13	53	2	0	0	18	5	11	4	5	75.41	1		3.015603
35	143	3	0	0	10	4	6	5	7	175.90	0		116.446761
35	144	3	0	0	0	7	6	5	7	175.90	0		116.446761
35	145	3	0	0	5	7	6	5	7	175.90	0		116.446761
35	141	1	0	0	10	11	8	4	4	87.56	0		5.532129
35	142	2	0	0	18	10	11	4	5	75.41	1		3.015603
24	102	3	0	0	0	14	6	5	7	175.90	0		116.446761
24	103	3	0	0	5	14	6	5	7	175.90	0		116.446761
24	99	1	0	0	10	15	8	4	4	87.56	0		5.532129
24	100	1	0	0	10	19	8	4	4	87.56	0		5.532129
24	101	2	0	0	18	15	11	4	5	75.41	1		3.015603
49	194	1	0	0	0	21	8	4	4	87.56	0		5.532129
49	195	2	0	0	18	20	11	4	5	75.41	1		3.015603
49	196	2	0	0	18	25	11	4	5	75.41	1		3.015603
49	197	2	0	6	0	0	11	4	5	75.41	1		3.015603
49	198	2	0	6	4	0	11	4	5	75.41	1		3.015603
26	108	3	0	0	4	21	6	5	7	175.90	0		116.446761
26	107	1	0	0	9	23	8	4	4	87.56	0		5.532129
65	254	3	0	8	8	0	6	5	7	175.90	0		116.446761
65	255	3	0	8	13	0	6	5	7	175.90	0		116.446761
65	251	1	0	0	0	25	8	4	4	87.56	0		5.532129
65	252	1	0	8	8	7	8	4	4	87.56	0		5.532129
65	253	2	0	6	4	5	11	4	5	75.41	1		3.015603


-------------------------------------------------------------------------------------------------------------------
Tour_Id:			11
No_of_Customers:		7
No_of_Items:			21
Customer_Sequence:		84 92 79 76 72 41 88 

CustId	Id	TypeId	Rotated	x	y	z	Length	Width	Height	mass	Fragility	LoadBearingStrength
88	349	1	0	0	0	0	8	4	4	87.56	0		5.532129
88	350	2	0	0	4	0	11	4	5	75.41	1		3.015603
88	351	2	0	0	8	0	11	4	5	75.41	1		3.015603
88	352	2	0	0	12	0	11	4	5	75.41	1		3.015603
41	168	3	0	0	16	0	6	5	7	175.90	0		116.446761
41	166	1	0	0	21	0	8	4	4	87.56	0		5.532129
41	167	1	0	0	0	4	8	4	4	87.56	0		5.532129
72	282	3	0	0	16	7	6	5	7	175.90	0		116.446761
72	280	2	0	0	4	5	11	4	5	75.41	1		3.015603
72	281	2	0	0	8	5	11	4	5	75.41	1		3.015603
76	300	1	0	0	21	4	8	4	4	87.56	0		5.532129
76	301	2	0	0	12	5	11	4	5	75.41	1		3.015603
79	314	3	0	0	16	14	6	5	7	175.90	0		116.446761
79	312	2	0	0	4	10	11	4	5	75.41	1		3.015603
79	313	2	0	0	8	10	11	4	5	75.41	1		3.015603
92	366	1	0	0	0	8	8	4	4	87.56	0		5.532129
92	367	1	0	0	21	8	8	4	4	87.56	0		5.532129
92	368	1	0	0	0	12	8	4	4	87.56	0		5.532129
92	369	2	0	0	12	10	11	4	5	75.41	1		3.015603
84	337	3	0	0	0	16	6	5	7	175.90	0		116.446761
84	336	2	0	0	5	15	11	4	5	75.41	1		3.015603


-------------------------------------------------------------------------------------------------------------------
Tour_Id:			12
No_of_Customers:		6
No_of_Items:			23
Customer_Sequence:		44 99 98 71 81 25 

CustId	Id	TypeId	Rotated	x	y	z	Length	Width	Height	mass	Fragility	LoadBearingStrength
25	104	3	0	0	0	0	6	5	7	175.90	0		116.446761
25	105	3	0	0	5	0	6	5	7	175.90	0		116.446761
25	106	3	0	0	10	0	6	5	7	175.90	0		116.446761
81	326	3	0	0	15	0	6	5	7	175.90	0		116.446761
81	321	1	0	0	20	0	8	4	4	87.56	0		5.532129
81	322	2	1	0	0	7	11	4	5	75.41	1		3.015603
81	323	2	1	0	11	7	11	4	5	75.41	1		3.015603
81	324	2	1	0	0	12	11	4	5	75.41	1		3.015603
81	325	2	1	0	11	12	11	4	5	75.41	1		3.015603
71	279	3	0	6	0	0	6	5	7	175.90	0		116.446761
71	276	1	0	4	0	7	8	4	4	87.56	0		5.532129
71	277	1	0	4	0	11	8	4	4	87.56	0		5.532129
71	278	2	1	0	0	17	11	4	5	75.41	1		3.015603
98	390	1	0	4	0	15	8	4	4	87.56	0		5.532129
98	391	1	0	4	0	19	8	4	4	87.56	0		5.532129
99	396	3	0	4	0	23	6	5	7	175.90	0		116.446761
99	392	1	0	6	5	0	8	4	4	87.56	0		5.532129
99	393	2	1	0	11	17	11	4	5	75.41	1		3.015603
99	394	2	1	0	4	22	11	4	5	75.41	1		3.015603
99	395	2	0	6	9	0	11	4	5	75.41	1		3.015603
44	178	3	0	6	13	0	6	5	7	175.90	0		116.446761
44	176	1	1	4	11	7	8	4	4	87.56	0		5.532129
44	177	2	0	8	18	0	11	4	5	75.41	1		3.015603


-------------------------------------------------------------------------------------------------------------------
Tour_Id:			13
No_of_Customers:		7
No_of_Items:			27
Customer_Sequence:		77 34 60 46 4 48 45 

CustId	Id	TypeId	Rotated	x	y	z	Length	Width	Height	mass	Fragility	LoadBearingStrength
45	181	3	0	0	0	0	6	5	7	175.90	0		116.446761
45	182	3	0	0	5	0	6	5	7	175.90	0		116.446761
45	179	1	0	0	10	0	8	4	4	87.56	0		5.532129
45	180	1	0	0	14	0	8	4	4	87.56	0		5.532129
48	193	3	0	0	18	0	6	5	7	175.90	0		116.446761
48	191	1	0	0	10	4	8	4	4	87.56	0		5.532129
48	192	2	0	6	0	0	11	4	5	75.41	1		3.015603
4	13	3	0	0	0	7	6	5	7	175.90	0		116.446761
4	14	3	0	0	5	7	6	5	7	175.90	0		116.446761
4	15	3	0	0	18	7	6	5	7	175.90	0		116.446761
4	12	1	0	0	14	4	8	4	4	87.56	0		5.532129
46	184	3	0	0	10	8	6	5	7	175.90	0		116.446761
46	183	2	0	6	4	0	11	4	5	75.41	1		3.015603
60	235	1	0	0	0	14	8	4	4	87.56	0		5.532129
60	236	1	0	0	4	14	8	4	4	87.56	0		5.532129
34	138	3	0	0	18	14	6	5	7	175.90	0		116.446761
34	139	3	0	0	10	15	6	5	7	175.90	0		116.446761
34	140	3	0	0	0	18	6	5	7	175.90	0		116.446761
34	135	1	0	0	5	18	8	4	4	87.56	0		5.532129
34	136	1	0	0	18	21	8	4	4	87.56	0		5.532129
34	137	1	0	0	5	22	8	4	4	87.56	0		5.532129
77	306	3	0	0	9	22	6	5	7	175.90	0		116.446761
77	307	3	0	8	8	0	6	5	7	175.90	0		116.446761
77	302	1	0	0	0	25	8	4	4	87.56	0		5.532129
77	303	1	0	0	18	25	8	4	4	87.56	0		5.532129
77	304	2	0	8	13	0	11	4	5	75.41	1		3.015603
77	305	2	0	8	17	0	11	4	5	75.41	1		3.015603


