Name:				506_n100_m400_bt100
Problem:			3L-VRPTW
Number_of_used_Vehicles:	14
Total_Travel_Distance:		1369.06
Calculation_Time:		662.01
Total_Iterations:		21933
ConstraintSet:			P1

-------------------------------------------------------------------------------------------------------------------
Tour_Id:			1
No_of_Customers:		10
No_of_Items:			41
Customer_Sequence:		16 73 79 36 39 43 47 1 34 40 

CustId	Id	TypeId	Rotated	x	y	z	Length	Width	Height	mass	Fragility	LoadBearingStrength
40	153	9	0	0	0	0	12	4	8	194.43	0		17.405791
40	155	38	0	0	4	0	14	5	4	161.30	0		8.819057
40	152	2	0	0	9	0	7	7	5	232.73	0		189.064668
40	154	24	0	0	16	0	9	2	6	90.30	0		31.198045
40	156	56	0	0	18	0	13	2	4	48.25	0		52.431272
34	129	48	0	0	20	0	11	5	5	182.33	0		20.227352
34	128	15	0	0	4	4	9	5	4	130.69	0		30.547006
34	130	96	0	0	18	4	15	2	5	144.77	0		96.342796
1	3	97	0	0	20	5	13	3	8	174.52	0		21.773967
1	2	35	0	7	9	0	17	4	4	270.14	0		203.126887
1	1	27	0	0	0	8	10	3	4	61.70	1		4.990387
47	186	67	0	0	3	8	10	6	6	293.10	0		33.415158
47	187	81	0	0	20	13	10	3	7	199.44	0		110.523720
47	185	1	0	0	9	5	7	5	3	34.31	0		5.162163
43	169	7	0	15	13	0	16	6	5	426.32	0		38.614142
43	172	82	0	0	3	14	12	5	8	748.67	0		104.960756
43	170	31	0	0	3	22	10	6	6	336.08	0		30.777525
43	168	2	0	15	13	5	7	7	5	232.73	0		189.064668
43	171	44	0	0	9	8	6	5	8	353.21	1		20.868318
39	148	45	0	22	13	5	11	6	5	261.57	0		32.920804
39	151	98	0	0	23	5	14	2	4	168.02	0		405.573747
39	149	53	0	0	20	20	6	3	4	107.79	0		163.565261
39	150	69	0	0	0	12	11	3	4	101.37	1		14.545819
36	134	22	0	10	8	4	14	5	8	395.21	0		50.759579
36	135	34	0	10	8	12	12	5	5	267.85	0		71.151479
36	136	72	0	15	13	10	17	7	7	618.73	1		7.544803
79	319	40	0	10	8	17	14	5	8	398.99	0		98.479915
79	317	13	0	14	0	0	13	6	6	430.57	0		154.460132
79	318	37	0	12	0	6	9	6	6	292.78	0		45.011595
73	291	12	0	27	0	0	13	6	6	312.98	0		32.772003
73	293	79	0	10	8	25	13	6	5	358.02	0		79.779494
73	290	8	0	13	20	0	16	3	8	679.42	0		129.117294
73	289	2	0	12	0	12	7	7	5	232.73	0		189.064668
73	292	72	0	15	13	17	17	7	7	618.73	1		7.544803
73	294	86	0	21	0	6	15	4	7	343.64	1		9.047260
16	62	13	0	24	6	0	13	6	6	430.57	0		154.460132
16	63	25	0	24	4	6	11	6	7	239.30	0		16.745795
16	64	38	0	24	4	13	14	5	4	161.30	0		8.819057
16	66	81	0	13	20	8	10	3	7	199.44	0		110.523720
16	65	80	0	12	0	17	6	5	6	162.95	0		34.549588
16	61	10	0	10	0	23	8	5	4	113.24	0		122.307645


-------------------------------------------------------------------------------------------------------------------
Tour_Id:			2
No_of_Customers:		8
No_of_Items:			30
Customer_Sequence:		95 13 4 90 86 84 35 53 

CustId	Id	TypeId	Rotated	x	y	z	Length	Width	Height	mass	Fragility	LoadBearingStrength
53	208	78	0	0	0	0	10	6	8	172.82	0		20.309033
53	207	67	0	0	6	0	10	6	6	293.10	0		33.415158
53	209	83	0	0	12	0	12	3	7	82.61	0		28.189903
53	206	65	0	0	15	0	11	3	5	159.71	0		53.056937
35	131	77	0	0	18	0	10	5	8	175.80	0		14.560287
35	132	84	0	0	12	7	15	3	8	314.65	0		49.086707
35	133	97	0	0	15	5	13	3	8	174.52	0		21.773967
84	334	41	0	0	6	6	8	4	3	92.83	0		44.563507
84	335	69	0	0	0	8	11	3	4	101.37	1		14.545819
86	342	2	0	10	18	0	7	7	5	232.73	0		189.064668
86	344	88	0	0	18	8	8	5	4	88.18	0		40.735808
86	343	73	0	0	6	9	6	5	6	70.04	1		22.179696
90	359	79	0	10	3	0	13	6	5	358.02	0		79.779494
90	358	21	0	0	18	12	7	4	3	36.84	0		10.621076
90	360	87	0	0	3	8	12	2	3	61.59	1		8.100827
90	361	87	0	0	3	11	12	2	3	61.59	1		8.100827
4	14	39	0	12	3	5	11	6	6	178.18	0		51.838674
4	16	97	0	0	15	13	13	3	8	174.52	0		21.773967
4	15	73	0	0	6	15	6	5	6	70.04	1		22.179696
4	13	11	0	0	0	12	11	3	5	95.52	1		7.162362
13	51	89	0	15	9	0	16	7	7	733.06	0		28.086161
13	49	31	0	12	3	11	10	6	6	336.08	0		30.777525
13	50	32	0	0	18	15	6	5	5	143.83	0		29.509100
13	52	100	0	0	11	15	11	4	3	94.69	0		39.163000
95	380	83	0	0	11	18	12	3	7	82.61	0		28.189903
95	379	71	0	10	18	5	9	6	3	153.77	0		217.414700
95	376	24	0	0	15	21	9	2	6	90.30	0		31.198045
95	377	24	0	8	18	8	9	2	6	90.30	0		31.198045
95	378	29	0	12	3	17	13	5	6	254.70	1		5.447898
95	375	19	0	0	0	17	11	4	7	227.60	1		13.893875


-------------------------------------------------------------------------------------------------------------------
Tour_Id:			3
No_of_Customers:		8
No_of_Items:			23
Customer_Sequence:		2 61 71 33 23 91 18 44 

CustId	Id	TypeId	Rotated	x	y	z	Length	Width	Height	mass	Fragility	LoadBearingStrength
44	173	10	0	0	0	0	8	5	4	113.24	0		122.307645
44	174	86	0	0	5	0	15	4	7	343.64	1		9.047260
44	175	87	0	0	9	0	12	2	3	61.59	1		8.100827
18	72	51	0	0	11	0	17	4	4	151.20	0		22.870162
18	73	69	0	0	15	0	11	3	4	101.37	1		14.545819
91	362	35	0	0	18	0	17	4	4	270.14	0		203.126887
91	363	87	0	0	22	0	12	2	3	61.59	1		8.100827
23	91	45	0	15	0	0	11	6	5	261.57	0		32.920804
23	92	71	0	15	0	5	9	6	3	153.77	0		217.414700
33	125	13	0	17	6	0	13	6	6	430.57	0		154.460132
33	127	76	0	0	11	4	16	3	7	327.37	0		13.837938
33	124	2	0	15	0	8	7	7	5	232.73	0		189.064668
33	126	44	0	0	14	4	6	5	8	353.21	1		20.868318
71	280	39	0	17	12	0	11	6	6	178.18	0		51.838674
71	282	96	0	0	19	4	15	2	5	144.77	0		96.342796
71	281	93	0	17	18	0	14	6	3	142.70	1		10.729356
61	236	6	0	16	7	6	16	6	5	351.67	0		13.276334
61	239	85	0	16	13	6	11	4	6	124.46	0		53.273766
61	237	15	0	15	0	13	9	5	4	130.69	0		30.547006
61	238	62	0	15	0	17	7	6	4	90.07	0		16.929222
2	6	35	0	16	7	11	17	4	4	270.14	0		203.126887
2	4	5	0	17	18	3	11	7	6	266.87	1		5.870866
2	5	11	0	16	13	12	11	3	5	95.52	1		7.162362


-------------------------------------------------------------------------------------------------------------------
Tour_Id:			4
No_of_Customers:		8
No_of_Items:			34
Customer_Sequence:		10 30 38 93 65 76 70 48 

CustId	Id	TypeId	Rotated	x	y	z	Length	Width	Height	mass	Fragility	LoadBearingStrength
48	190	100	0	0	0	0	11	4	3	94.69	0		39.163000
48	188	23	0	0	4	0	9	3	3	32.60	0		55.291739
48	189	87	0	0	7	0	12	2	3	61.59	1		8.100827
70	276	17	0	0	9	0	14	6	7	255.41	0		15.342077
70	274	13	0	0	15	0	13	6	6	430.57	0		154.460132
70	278	67	0	0	0	3	10	6	6	293.10	0		33.415158
70	279	95	0	0	21	0	10	4	8	313.32	0		26.478630
70	277	60	0	0	15	6	7	6	7	130.25	0		14.359719
70	275	15	0	0	9	7	9	5	4	130.69	0		30.547006
76	306	50	0	0	21	8	6	4	3	69.92	0		47.761848
76	307	50	0	0	0	9	6	4	3	69.92	0		47.761848
76	305	27	0	0	6	3	10	3	4	61.70	1		4.990387
65	254	51	0	10	21	0	17	4	4	151.20	0		22.870162
65	252	30	0	0	9	11	7	6	6	362.75	0		26.510162
65	255	99	0	10	21	4	11	4	3	188.08	0		90.993564
65	251	26	0	11	0	0	12	6	8	459.64	1		13.663236
65	253	33	0	12	6	0	17	2	5	129.99	1		7.409727
93	367	12	0	13	15	0	13	6	6	312.98	0		32.772003
93	369	76	0	7	15	6	16	3	7	327.37	0		13.837938
93	366	2	0	0	15	13	7	7	5	232.73	0		189.064668
93	370	81	0	7	18	6	10	3	7	199.44	0		110.523720
93	368	16	0	0	0	12	6	5	7	155.52	1		16.977081
38	146	42	0	7	15	13	13	6	8	379.49	0		35.836942
38	147	60	0	0	9	17	7	6	7	130.25	0		14.359719
38	145	38	0	7	15	21	14	5	4	161.30	0		8.819057
38	143	15	1	0	15	18	9	5	4	130.69	0		30.547006
38	144	15	1	0	15	22	9	5	4	130.69	0		30.547006
30	116	36	0	14	8	0	16	6	3	156.66	0		23.931894
30	115	26	0	10	0	8	12	6	8	459.64	1		13.663236
30	117	87	0	0	6	7	12	2	3	61.59	1		8.100827
10	40	9	0	10	21	7	12	4	8	194.43	0		17.405791
10	42	31	0	14	8	3	10	6	6	336.08	0		30.777525
10	41	20	0	5	15	25	14	3	4	126.81	0		30.599724
10	43	72	0	29	0	0	17	7	7	618.73	1		7.544803


-------------------------------------------------------------------------------------------------------------------
Tour_Id:			5
No_of_Customers:		9
No_of_Items:			33
Customer_Sequence:		69 98 57 58 11 49 67 52 62 

CustId	Id	TypeId	Rotated	x	y	z	Length	Width	Height	mass	Fragility	LoadBearingStrength
62	243	57	0	0	0	0	16	6	6	520.89	0		21.098958
62	241	40	0	0	6	0	14	5	8	398.99	0		98.479915
62	240	12	0	0	11	0	13	6	6	312.98	0		32.772003
62	242	46	0	0	17	0	10	4	7	172.19	1		6.726549
62	244	93	0	0	0	6	14	6	3	142.70	1		10.729356
52	204	82	0	0	11	6	12	5	8	748.67	0		104.960756
52	205	90	0	0	21	0	17	3	5	370.56	0		55.541881
52	202	21	0	0	21	5	7	4	3	36.84	0		10.621076
52	203	73	0	0	6	8	6	5	6	70.04	1		22.179696
67	261	25	0	0	11	14	11	6	7	239.30	0		16.745795
67	264	95	0	0	11	21	10	4	8	313.32	0		26.478630
67	262	38	0	13	11	0	14	5	4	161.30	0		8.819057
67	260	18	0	6	6	8	8	5	7	188.46	0		39.377311
67	263	71	0	13	11	4	9	6	3	153.77	0		217.414700
49	192	14	0	16	0	0	15	7	5	320.10	0		29.149744
49	193	47	0	12	11	7	9	7	3	130.99	0		19.403988
49	191	10	0	6	6	15	8	5	4	113.24	0		122.307645
11	45	28	0	14	7	0	14	4	5	134.89	0		19.833038
11	46	91	0	10	18	0	17	3	4	99.67	0		25.647449
11	44	24	0	0	21	8	9	2	6	90.30	0		31.198045
58	225	11	0	0	0	9	11	3	5	95.52	1		7.162362
58	226	11	0	0	3	9	11	3	5	95.52	1		7.162362
57	222	57	0	16	0	5	16	6	6	520.89	0		21.098958
57	224	97	0	10	18	4	13	3	8	174.52	0		21.773967
57	223	58	0	6	6	19	6	3	5	57.81	0		177.637669
57	221	46	0	0	0	14	10	4	7	172.19	1		6.726549
98	391	22	0	14	6	5	14	5	8	395.21	0		50.759579
98	392	43	0	14	6	13	15	6	5	384.48	0		124.165180
98	393	61	0	10	18	12	13	4	6	201.12	0		30.365407
98	394	69	0	0	0	21	11	3	4	101.37	1		14.545819
69	271	9	0	10	18	18	12	4	8	194.43	0		17.405791
69	273	45	0	12	12	10	11	6	5	261.57	0		32.920804
69	272	15	0	10	18	26	9	5	4	130.69	0		30.547006


-------------------------------------------------------------------------------------------------------------------
Tour_Id:			6
No_of_Customers:		9
No_of_Items:			32
Customer_Sequence:		14 60 31 59 87 63 32 12 21 

CustId	Id	TypeId	Rotated	x	y	z	Length	Width	Height	mass	Fragility	LoadBearingStrength
21	83	6	0	0	0	0	16	6	5	351.67	0		13.276334
21	85	31	0	0	6	0	10	6	6	336.08	0		30.777525
21	86	76	0	0	12	0	16	3	7	327.37	0		13.837938
21	87	80	0	0	15	0	6	5	6	162.95	0		34.549588
21	84	20	0	0	20	0	14	3	4	126.81	0		30.599724
12	48	78	0	0	0	5	10	6	8	172.82	0		20.309033
12	47	41	0	0	20	4	8	4	3	92.83	0		44.563507
32	122	78	0	0	6	6	10	6	8	172.82	0		20.309033
32	121	37	0	0	0	13	9	6	6	292.78	0		45.011595
32	123	100	0	0	12	7	11	4	3	94.69	0		39.163000
32	120	33	0	6	15	0	17	2	5	129.99	1		7.409727
63	245	25	0	0	6	14	11	6	7	239.30	0		16.745795
63	248	90	0	6	17	0	17	3	5	370.56	0		55.541881
63	247	65	0	0	12	10	11	3	5	159.71	0		53.056937
63	246	44	0	0	20	7	6	5	8	353.21	1		20.868318
87	346	78	0	0	0	19	10	6	8	172.82	0		20.309033
87	347	90	0	6	17	5	17	3	5	370.56	0		55.541881
87	348	91	0	6	17	10	17	3	4	99.67	0		25.647449
87	345	73	0	0	20	15	6	5	6	70.04	1		22.179696
59	228	25	0	0	6	21	11	6	7	239.30	0		16.745795
59	230	74	0	11	6	0	12	6	6	196.34	0		21.659908
59	227	8	0	6	17	14	16	3	8	679.42	0		129.117294
59	229	62	0	10	0	5	7	6	4	90.07	0		16.929222
31	118	4	0	23	0	0	13	7	7	258.73	0		11.015901
31	119	64	0	23	7	0	17	7	6	227.93	1		6.042786
60	231	42	0	23	14	0	13	6	8	379.49	0		35.836942
60	235	75	0	23	0	7	12	6	4	222.25	0		54.181151
60	232	47	0	23	14	8	9	7	3	130.99	0		19.403988
60	234	72	0	16	7	6	17	7	7	618.73	1		7.544803
60	233	49	0	0	12	15	6	3	6	114.51	1		13.346531
14	53	14	0	36	0	0	15	7	5	320.10	0		29.149744
14	54	91	0	6	17	22	17	3	4	99.67	0		25.647449


-------------------------------------------------------------------------------------------------------------------
Tour_Id:			7
No_of_Customers:		8
No_of_Items:			29
Customer_Sequence:		81 41 28 56 46 100 75 20 

CustId	Id	TypeId	Rotated	x	y	z	Length	Width	Height	mass	Fragility	LoadBearingStrength
20	82	76	0	0	0	0	16	3	7	327.37	0		13.837938
20	80	15	0	0	3	0	9	5	4	130.69	0		30.547006
20	81	21	0	0	8	0	7	4	3	36.84	0		10.621076
20	79	5	0	0	12	0	11	7	6	266.87	1		5.870866
75	303	22	0	0	19	0	14	5	8	395.21	0		50.759579
75	301	6	0	9	3	0	16	6	5	351.67	0		13.276334
75	302	12	0	0	19	8	13	6	6	312.98	0		32.772003
75	304	38	0	0	19	14	14	5	4	161.30	0		8.819057
75	300	1	0	0	3	4	7	5	3	34.31	0		5.162163
100	397	12	0	0	0	7	13	6	6	312.98	0		32.772003
100	398	20	0	0	0	13	14	3	4	126.81	0		30.599724
100	400	50	0	0	3	13	6	4	3	69.92	0		47.761848
100	399	27	0	0	12	6	10	3	4	61.70	1		4.990387
46	182	6	0	11	9	0	16	6	5	351.67	0		13.276334
46	184	25	0	0	19	18	11	6	7	239.30	0		16.745795
46	183	18	0	11	6	5	8	5	7	188.46	0		39.377311
56	220	93	0	0	19	25	14	6	3	142.70	1		10.729356
56	219	27	0	0	15	6	10	3	4	61.70	1		4.990387
28	106	37	0	14	15	0	9	6	6	292.78	0		45.011595
28	107	59	0	0	0	17	12	2	3	31.51	0		23.770779
28	108	86	0	11	11	5	15	4	7	343.64	1		9.047260
41	161	78	0	14	15	6	10	6	8	172.82	0		20.309033
41	160	13	0	14	15	14	13	6	6	430.57	0		154.460132
41	158	9	0	14	21	0	12	4	8	194.43	0		17.405791
41	157	1	0	11	6	12	7	5	3	34.31	0		5.162163
41	159	11	0	0	15	10	11	3	5	95.52	1		7.162362
81	324	36	0	14	15	20	16	6	3	156.66	0		23.931894
81	323	18	0	11	6	15	8	5	7	188.46	0		39.377311
81	325	87	0	0	0	20	12	2	3	61.59	1		8.100827


-------------------------------------------------------------------------------------------------------------------
Tour_Id:			8
No_of_Customers:		7
No_of_Items:			34
Customer_Sequence:		55 97 68 8 7 66 22 

CustId	Id	TypeId	Rotated	x	y	z	Length	Width	Height	mass	Fragility	LoadBearingStrength
22	89	31	0	0	0	0	10	6	6	336.08	0		30.777525
22	88	20	0	0	6	0	14	3	4	126.81	0		30.599724
22	90	88	0	0	9	0	8	5	4	88.18	0		40.735808
66	258	75	0	0	14	0	12	6	4	222.25	0		54.181151
66	257	20	0	0	20	0	14	3	4	126.81	0		30.599724
66	256	1	0	0	6	4	7	5	3	34.31	0		5.162163
66	259	93	1	0	11	4	14	6	3	142.70	1		10.729356
7	26	17	0	10	0	0	14	6	7	255.41	0		15.342077
7	28	76	1	7	6	4	16	3	7	327.37	0		13.837938
7	29	88	0	0	0	6	8	5	4	88.18	0		40.735808
7	27	24	0	0	0	10	9	2	6	90.30	0		31.198045
7	24	5	1	0	5	7	11	7	6	266.87	1		5.870866
7	25	11	1	0	5	13	11	3	5	95.52	1		7.162362
8	31	61	1	7	6	11	13	4	6	201.12	0		30.365407
8	33	97	1	7	6	17	13	3	8	174.52	0		21.773967
8	32	71	0	9	0	7	9	6	3	153.77	0		217.414700
8	30	53	0	0	2	10	6	3	4	107.79	0		163.565261
68	269	57	0	12	9	0	16	6	6	520.89	0		21.098958
68	267	40	0	12	15	0	14	5	8	398.99	0		98.479915
68	265	6	0	11	9	6	16	6	5	351.67	0		13.276334
68	270	82	0	9	0	10	12	5	8	748.67	0		104.960756
68	266	35	0	11	9	11	17	4	4	270.14	0		203.126887
68	268	56	1	7	6	25	13	2	4	48.25	0		52.431272
97	388	17	0	11	15	8	14	6	7	255.41	0		15.342077
97	387	12	0	9	0	18	13	6	6	312.98	0		32.772003
97	389	45	0	9	0	24	11	6	5	261.57	0		32.920804
97	390	75	1	11	9	15	12	6	4	222.25	0		54.181151
97	386	1	0	10	9	19	7	5	3	34.31	0		5.162163
55	213	9	0	17	9	15	12	4	8	194.43	0		17.405791
55	214	45	0	24	0	0	11	6	5	261.57	0		32.920804
55	218	97	0	14	6	0	13	3	8	174.52	0		21.773967
55	217	60	0	10	14	19	7	6	7	130.25	0		14.359719
55	215	47	0	17	14	15	9	7	3	130.99	0		19.403988
55	216	49	0	10	9	22	6	3	6	114.51	1		13.346531


-------------------------------------------------------------------------------------------------------------------
Tour_Id:			9
No_of_Customers:		4
No_of_Items:			23
Customer_Sequence:		42 89 29 17 

CustId	Id	TypeId	Rotated	x	y	z	Length	Width	Height	mass	Fragility	LoadBearingStrength
17	69	34	0	0	0	0	12	5	5	267.85	0		71.151479
17	68	28	0	0	5	0	14	4	5	134.89	0		19.833038
17	70	65	0	0	9	0	11	3	5	159.71	0		53.056937
17	71	96	0	0	12	0	15	2	5	144.77	0		96.342796
17	67	5	0	0	14	0	11	7	6	266.87	1		5.870866
29	109	6	0	0	0	5	16	6	5	351.67	0		13.276334
29	110	6	0	0	6	5	16	6	5	351.67	0		13.276334
29	111	25	0	0	0	10	11	6	7	239.30	0		16.745795
29	113	79	0	0	6	10	13	6	5	358.02	0		79.779494
29	112	30	0	0	6	15	7	6	6	362.75	0		26.510162
29	114	98	0	0	21	0	14	2	4	168.02	0		405.573747
89	353	22	0	0	0	17	14	5	8	395.21	0		50.759579
89	352	8	0	11	14	0	16	3	8	679.42	0		129.117294
89	356	83	0	11	17	0	12	3	7	82.61	0		28.189903
89	354	54	0	0	6	21	9	4	7	141.59	0		88.451538
89	355	81	0	11	17	7	10	3	7	199.44	0		110.523720
89	357	99	0	0	0	25	11	4	3	188.08	0		90.993564
42	162	9	0	14	20	0	12	4	8	194.43	0		17.405791
42	166	84	0	11	14	8	15	3	8	314.65	0		49.086707
42	167	96	0	0	12	5	15	2	5	144.77	0		96.342796
42	164	41	1	9	6	15	8	4	3	92.83	0		44.563507
42	165	64	0	16	0	0	17	7	6	227.93	1		6.042786
42	163	11	0	11	17	14	11	3	5	95.52	1		7.162362


-------------------------------------------------------------------------------------------------------------------
Tour_Id:			10
No_of_Customers:		8
No_of_Items:			31
Customer_Sequence:		82 88 24 96 99 74 15 78 

CustId	Id	TypeId	Rotated	x	y	z	Length	Width	Height	mass	Fragility	LoadBearingStrength
78	316	68	0	0	0	0	7	6	7	112.93	0		73.144894
78	314	29	0	0	6	0	13	5	6	254.70	1		5.447898
78	315	29	0	0	11	0	13	5	6	254.70	1		5.447898
15	59	57	0	0	16	0	16	6	6	520.89	0		21.098958
15	56	22	0	0	16	6	14	5	8	395.21	0		50.759579
15	58	40	0	0	16	14	14	5	8	398.99	0		98.479915
15	57	31	0	0	16	22	10	6	6	336.08	0		30.777525
15	60	72	0	0	6	6	17	7	7	618.73	1		7.544803
15	55	19	0	0	6	13	11	4	7	227.60	1		13.893875
74	297	31	0	7	0	0	10	6	6	336.08	0		30.777525
74	298	75	0	7	0	6	12	6	4	222.25	0		54.181151
74	296	18	0	7	0	10	8	5	7	188.46	0		39.377311
74	299	96	0	0	22	0	15	2	5	144.77	0		96.342796
74	295	16	0	0	0	7	6	5	7	155.52	1		16.977081
99	396	8	0	13	13	0	16	3	8	679.42	0		129.117294
99	395	1	0	7	0	17	7	5	3	34.31	0		5.162163
96	383	43	0	16	16	0	15	6	5	384.48	0		124.165180
96	384	67	0	16	16	5	10	6	6	293.10	0		33.415158
96	385	70	0	7	0	20	7	6	3	60.05	0		14.018601
96	382	24	0	0	22	5	9	2	6	90.30	0		31.198045
96	381	1	0	7	0	23	7	5	3	34.31	0		5.162163
24	93	13	0	14	16	11	13	6	6	430.57	0		154.460132
24	94	77	0	14	16	17	10	5	8	175.80	0		14.560287
24	95	88	0	7	0	26	8	5	4	88.18	0		40.735808
88	350	91	0	13	13	8	17	3	4	99.67	0		25.647449
88	351	98	0	13	13	12	14	2	4	168.02	0		405.573747
88	349	72	0	17	6	0	17	7	7	618.73	1		7.544803
82	327	14	0	31	13	0	15	7	5	320.10	0		29.149744
82	329	85	0	19	0	0	11	4	6	124.46	0		53.273766
82	328	81	0	15	22	0	10	3	7	199.44	0		110.523720
82	326	11	0	0	10	13	11	3	5	95.52	1		7.162362


-------------------------------------------------------------------------------------------------------------------
Tour_Id:			11
No_of_Customers:		5
No_of_Items:			23
Customer_Sequence:		5 51 77 54 85 

CustId	Id	TypeId	Rotated	x	y	z	Length	Width	Height	mass	Fragility	LoadBearingStrength
85	337	25	0	0	0	0	11	6	7	239.30	0		16.745795
85	339	45	0	0	6	0	11	6	5	261.57	0		32.920804
85	338	36	0	0	12	0	16	6	3	156.66	0		23.931894
85	336	15	0	0	18	0	9	5	4	130.69	0		30.547006
85	341	64	0	9	18	0	17	7	6	227.93	1		6.042786
85	340	49	0	0	12	3	6	3	6	114.51	1		13.346531
54	211	67	0	0	6	5	10	6	6	293.10	0		33.415158
54	210	63	0	11	0	0	17	5	6	328.27	1		5.823617
54	212	93	0	0	0	7	14	6	3	142.70	1		10.729356
77	309	8	0	0	15	3	16	3	8	679.42	0		129.117294
77	311	38	0	11	6	0	14	5	4	161.30	0		8.819057
77	313	81	0	0	6	11	10	3	7	199.44	0		110.523720
77	308	1	0	11	6	4	7	5	3	34.31	0		5.162163
77	310	21	0	0	9	11	7	4	3	36.84	0		10.621076
77	312	44	0	0	0	10	6	5	8	353.21	1		20.868318
51	199	35	0	16	11	0	17	4	4	270.14	0		203.126887
51	201	80	0	0	9	14	6	5	6	162.95	0		34.549588
51	200	64	0	9	18	6	17	7	6	227.93	1		6.042786
5	21	89	0	26	15	0	16	7	7	733.06	0		28.086161
5	17	12	0	26	15	7	13	6	6	312.98	0		32.772003
5	18	38	0	25	5	0	14	5	4	161.30	0		8.819057
5	19	55	0	0	15	11	12	2	8	117.05	0		25.111200
5	20	72	0	9	18	12	17	7	7	618.73	1		7.544803


-------------------------------------------------------------------------------------------------------------------
Tour_Id:			12
No_of_Customers:		7
No_of_Items:			34
Customer_Sequence:		26 37 45 72 83 9 6 

CustId	Id	TypeId	Rotated	x	y	z	Length	Width	Height	mass	Fragility	LoadBearingStrength
6	23	60	0	0	0	0	7	6	7	130.25	0		14.359719
6	22	49	0	0	6	0	6	3	6	114.51	1		13.346531
9	37	42	0	0	9	0	13	6	8	379.49	0		35.836942
9	34	12	0	0	15	0	13	6	6	312.98	0		32.772003
9	35	25	0	0	15	6	11	6	7	239.30	0		16.745795
9	36	36	0	0	9	8	16	6	3	156.66	0		23.931894
9	39	99	0	0	21	0	11	4	3	188.08	0		90.993564
9	38	98	0	0	21	3	14	2	4	168.02	0		405.573747
83	330	13	0	0	9	11	13	6	6	430.57	0		154.460132
83	332	61	0	0	15	13	13	4	6	201.12	0		30.365407
83	331	58	0	0	0	7	6	3	5	57.81	0		177.637669
83	333	63	0	0	9	17	17	5	6	328.27	1		5.823617
72	288	89	0	7	0	0	16	7	7	733.06	0		28.086161
72	285	25	0	6	0	7	11	6	7	239.30	0		16.745795
72	283	8	0	0	15	19	16	3	8	679.42	0		129.117294
72	287	71	0	6	0	14	9	6	3	153.77	0		217.414700
72	284	10	0	6	0	17	8	5	4	113.24	0		122.307645
72	286	59	0	0	23	3	12	2	3	31.51	0		23.770779
45	176	14	0	16	14	0	15	7	5	320.10	0		29.149744
45	179	45	0	16	14	5	11	6	5	261.57	0		32.920804
45	178	38	0	16	14	10	14	5	4	161.30	0		8.819057
45	180	52	0	6	0	21	6	6	6	392.50	0		129.762001
45	177	20	0	14	21	0	14	3	4	126.81	0		30.599724
45	181	99	0	0	15	27	11	4	3	188.08	0		90.993564
37	139	89	0	23	0	0	16	7	7	733.06	0		28.086161
37	137	6	0	17	0	7	16	6	5	351.67	0		13.276334
37	142	100	0	14	21	4	11	4	3	94.69	0		39.163000
37	141	98	0	0	23	6	14	2	4	168.02	0		405.573747
37	140	94	0	0	9	23	10	4	6	116.17	1		15.969803
37	138	27	0	14	21	7	10	3	4	61.70	1		4.990387
26	101	7	0	17	0	12	16	6	5	426.32	0		38.614142
26	100	1	0	6	0	27	7	5	3	34.31	0		5.162163
26	102	41	0	14	0	17	8	4	3	92.83	0		44.563507
26	103	59	0	0	19	13	12	2	3	31.51	0		23.770779


-------------------------------------------------------------------------------------------------------------------
Tour_Id:			13
No_of_Customers:		6
No_of_Items:			22
Customer_Sequence:		80 3 27 64 19 94 

CustId	Id	TypeId	Rotated	x	y	z	Length	Width	Height	mass	Fragility	LoadBearingStrength
94	372	75	0	0	0	0	12	6	4	222.25	0		54.181151
94	373	75	0	0	6	0	12	6	4	222.25	0		54.181151
94	374	75	0	0	12	0	12	6	4	222.25	0		54.181151
94	371	15	0	0	18	0	9	5	4	130.69	0		30.547006
19	78	89	0	0	0	4	16	7	7	733.06	0		28.086161
19	77	83	0	0	7	4	12	3	7	82.61	0		28.189903
19	74	15	0	0	10	4	9	5	4	130.69	0		30.547006
19	76	64	0	0	0	11	17	7	6	227.93	1		6.042786
19	75	16	0	0	15	4	6	5	7	155.52	1		16.977081
64	250	83	0	0	20	4	12	3	7	82.61	0		28.189903
64	249	15	0	0	10	8	9	5	4	130.69	0		30.547006
27	104	4	0	12	7	0	13	7	7	258.73	0		11.015901
27	105	14	0	12	14	0	15	7	5	320.10	0		29.149744
3	11	68	0	0	10	12	7	6	7	112.93	0		73.144894
3	12	80	0	0	10	19	6	5	6	162.95	0		34.549588
3	10	53	0	0	7	11	6	3	4	107.79	0		163.565261
3	8	29	0	0	0	17	13	5	6	254.70	1		5.447898
3	9	46	0	0	20	11	10	4	7	172.19	1		6.726549
3	7	27	0	0	20	18	10	3	4	61.70	1		4.990387
80	322	84	0	9	10	7	15	3	8	314.65	0		49.086707
80	320	38	0	9	14	5	14	5	4	161.30	0		8.819057
80	321	52	0	9	13	9	6	6	6	392.50	0		129.762001


-------------------------------------------------------------------------------------------------------------------
Tour_Id:			14
No_of_Customers:		3
No_of_Items:			11
Customer_Sequence:		92 25 50 

CustId	Id	TypeId	Rotated	x	y	z	Length	Width	Height	mass	Fragility	LoadBearingStrength
50	195	17	0	0	0	0	14	6	7	255.41	0		15.342077
50	194	6	0	0	6	0	16	6	5	351.67	0		13.276334
50	197	84	0	0	12	0	15	3	8	314.65	0		49.086707
50	198	92	0	0	15	0	12	5	5	145.03	0		26.492497
50	196	73	0	0	20	0	6	5	6	70.04	1		22.179696
25	97	15	0	0	6	5	9	5	4	130.69	0		30.547006
25	96	3	0	0	15	5	16	2	5	129.20	0		86.141837
25	99	56	0	0	17	5	13	2	4	48.25	0		52.431272
25	98	23	0	0	0	7	9	3	3	32.60	0		55.291739
92	364	28	0	6	20	0	14	4	5	134.89	0		19.833038
92	365	64	0	16	0	0	17	7	6	227.93	1		6.042786


