Name:				513_n100_m400_bt3
Problem:			3L-VRPTW
Number_of_used_Vehicles:	28
Total_Travel_Distance:		2199.19
Calculation_Time:		173.15
Total_Iterations:		24493
ConstraintSet:			P1

-------------------------------------------------------------------------------------------------------------------
Tour_Id:			1
No_of_Customers:		3
No_of_Items:			12
Customer_Sequence:		91 40 87 

CustId	Id	TypeId	Rotated	x	y	z	Length	Width	Height	mass	Fragility	LoadBearingStrength
87	349	2	0	0	0	0	18	14	6	660.65	0		22.175666
87	352	3	0	0	0	6	19	13	12	1626.49	1		8.336729
87	348	1	0	0	14	0	17	6	9	364.83	0		34.685953
87	351	3	0	0	0	18	19	13	12	1626.49	1		8.336729
40	162	1	0	0	13	9	17	6	9	364.83	0		34.685953
40	161	1	0	0	13	18	17	6	9	364.83	0		34.685953
87	350	2	0	18	0	0	18	14	6	660.65	0		22.175666
40	163	3	0	19	0	6	19	13	12	1626.49	1		8.336729
40	164	3	0	19	0	18	19	13	12	1626.49	1		8.336729
91	366	2	0	38	0	0	18	14	6	660.65	0		22.175666
91	365	1	0	17	14	0	17	6	9	364.83	0		34.685953
91	367	3	0	38	0	6	19	13	12	1626.49	1		8.336729


-------------------------------------------------------------------------------------------------------------------
Tour_Id:			2
No_of_Customers:		3
No_of_Items:			15
Customer_Sequence:		86 92 55 

CustId	Id	TypeId	Rotated	x	y	z	Length	Width	Height	mass	Fragility	LoadBearingStrength
55	219	2	0	0	0	0	18	14	6	660.65	0		22.175666
55	217	1	0	0	14	0	17	6	9	364.83	0		34.685953
55	218	1	0	0	0	6	17	6	9	364.83	0		34.685953
92	372	2	0	18	0	0	18	14	6	660.65	0		22.175666
92	368	1	0	0	6	6	17	6	9	364.83	0		34.685953
92	373	3	0	0	0	15	19	13	12	1626.49	1		8.336729
92	370	1	0	0	14	9	17	6	9	364.83	0		34.685953
86	347	3	0	19	0	6	19	13	12	1626.49	1		8.336729
92	369	1	0	0	13	18	17	6	9	364.83	0		34.685953
86	342	2	0	36	0	0	18	14	6	660.65	0		22.175666
86	343	2	0	38	0	6	18	14	6	660.65	0		22.175666
86	344	2	0	38	0	12	18	14	6	660.65	0		22.175666
86	345	3	0	19	0	18	19	13	12	1626.49	1		8.336729
86	346	3	0	38	0	18	19	13	12	1626.49	1		8.336729
92	371	1	0	17	14	0	17	6	9	364.83	0		34.685953


-------------------------------------------------------------------------------------------------------------------
Tour_Id:			3
No_of_Customers:		3
No_of_Items:			11
Customer_Sequence:		69 59 60 

CustId	Id	TypeId	Rotated	x	y	z	Length	Width	Height	mass	Fragility	LoadBearingStrength
60	236	1	0	0	0	0	17	6	9	364.83	0		34.685953
60	237	3	0	0	6	0	19	13	12	1626.49	1		8.336729
59	232	2	0	19	0	0	18	14	6	660.65	0		22.175666
59	230	1	0	0	19	0	17	6	9	364.83	0		34.685953
59	231	1	0	0	0	9	17	6	9	364.83	0		34.685953
59	233	3	0	0	6	12	19	13	12	1626.49	1		8.336729
59	234	3	0	19	0	6	19	13	12	1626.49	1		8.336729
59	235	3	0	19	0	18	19	13	12	1626.49	1		8.336729
69	274	2	0	38	0	0	18	14	6	660.65	0		22.175666
69	275	3	0	38	0	6	19	13	12	1626.49	1		8.336729
69	276	3	0	38	0	18	19	13	12	1626.49	1		8.336729


-------------------------------------------------------------------------------------------------------------------
Tour_Id:			4
No_of_Customers:		4
No_of_Items:			15
Customer_Sequence:		98 65 62 70 

CustId	Id	TypeId	Rotated	x	y	z	Length	Width	Height	mass	Fragility	LoadBearingStrength
70	279	2	0	0	0	0	18	14	6	660.65	0		22.175666
62	247	3	0	0	0	6	19	13	12	1626.49	1		8.336729
70	278	1	0	0	14	0	17	6	9	364.83	0		34.685953
62	249	3	0	0	0	18	19	13	12	1626.49	1		8.336729
62	246	2	0	18	0	0	18	14	6	660.65	0		22.175666
62	244	1	0	0	13	9	17	6	9	364.83	0		34.685953
70	277	1	0	17	14	0	17	6	9	364.83	0		34.685953
62	248	3	0	19	0	6	19	13	12	1626.49	1		8.336729
62	245	2	0	36	0	0	18	14	6	660.65	0		22.175666
65	260	1	0	0	13	18	17	6	9	364.83	0		34.685953
65	261	1	0	17	13	9	17	6	9	364.83	0		34.685953
98	393	2	0	38	0	6	18	14	6	660.65	0		22.175666
98	394	2	0	38	0	12	18	14	6	660.65	0		22.175666
98	392	1	0	17	13	18	17	6	9	364.83	0		34.685953
98	395	3	0	19	0	18	19	13	12	1626.49	1		8.336729


-------------------------------------------------------------------------------------------------------------------
Tour_Id:			5
No_of_Customers:		3
No_of_Items:			16
Customer_Sequence:		47 7 73 

CustId	Id	TypeId	Rotated	x	y	z	Length	Width	Height	mass	Fragility	LoadBearingStrength
73	293	2	0	0	0	0	18	14	6	660.65	0		22.175666
73	290	1	0	0	14	0	17	6	9	364.83	0		34.685953
73	291	1	0	0	0	6	17	6	9	364.83	0		34.685953
73	292	1	0	0	6	6	17	6	9	364.83	0		34.685953
73	294	3	0	0	0	15	19	13	12	1626.49	1		8.336729
7	27	2	0	19	0	0	18	14	6	660.65	0		22.175666
7	28	2	0	19	0	6	18	14	6	660.65	0		22.175666
7	26	1	0	0	14	9	17	6	9	364.83	0		34.685953
7	29	3	0	19	0	12	19	13	12	1626.49	1		8.336729
7	30	3	0	37	0	0	19	13	12	1626.49	1		8.336729
47	185	1	0	0	13	18	17	6	9	364.83	0		34.685953
47	186	1	0	17	14	0	17	6	9	364.83	0		34.685953
47	187	1	0	17	14	9	17	6	9	364.83	0		34.685953
47	188	1	0	17	13	18	17	6	9	364.83	0		34.685953
47	189	1	0	34	14	0	17	6	9	364.83	0		34.685953
47	190	3	0	38	0	12	19	13	12	1626.49	1		8.336729


-------------------------------------------------------------------------------------------------------------------
Tour_Id:			6
No_of_Customers:		3
No_of_Items:			11
Customer_Sequence:		96 58 64 

CustId	Id	TypeId	Rotated	x	y	z	Length	Width	Height	mass	Fragility	LoadBearingStrength
64	257	2	0	0	0	0	18	14	6	660.65	0		22.175666
64	256	1	0	0	14	0	17	6	9	364.83	0		34.685953
64	258	3	0	0	0	6	19	13	12	1626.49	1		8.336729
64	259	3	0	0	0	18	19	13	12	1626.49	1		8.336729
58	226	1	0	0	14	9	17	6	9	364.83	0		34.685953
58	227	1	0	0	13	18	17	6	9	364.83	0		34.685953
58	228	1	0	17	14	0	17	6	9	364.83	0		34.685953
58	229	3	0	19	0	0	19	13	12	1626.49	1		8.336729
96	387	1	0	17	13	9	17	6	9	364.83	0		34.685953
96	388	3	0	19	0	12	19	13	12	1626.49	1		8.336729
96	389	3	0	38	0	0	19	13	12	1626.49	1		8.336729


-------------------------------------------------------------------------------------------------------------------
Tour_Id:			7
No_of_Customers:		5
No_of_Items:			19
Customer_Sequence:		93 95 3 71 39 

CustId	Id	TypeId	Rotated	x	y	z	Length	Width	Height	mass	Fragility	LoadBearingStrength
39	158	1	0	0	0	0	17	6	9	364.83	0		34.685953
39	159	1	0	0	6	0	17	6	9	364.83	0		34.685953
39	160	1	0	0	12	0	17	6	9	364.83	0		34.685953
71	283	2	0	0	0	9	18	14	6	660.65	0		22.175666
71	280	1	0	0	18	0	17	6	9	364.83	0		34.685953
71	281	1	0	0	14	9	17	6	9	364.83	0		34.685953
3	9	2	0	0	0	15	18	14	6	660.65	0		22.175666
71	284	3	0	18	0	0	19	13	12	1626.49	1		8.336729
71	282	1	0	0	14	18	17	6	9	364.83	0		34.685953
3	10	2	0	0	0	21	18	14	6	660.65	0		22.175666
3	8	1	0	17	14	0	17	6	9	364.83	0		34.685953
95	386	2	0	37	0	0	18	14	6	660.65	0		22.175666
3	11	3	0	18	0	12	19	13	12	1626.49	1		8.336729
95	384	1	0	17	14	9	17	6	9	364.83	0		34.685953
95	385	1	0	17	14	18	17	6	9	364.83	0		34.685953
93	375	2	0	37	0	6	18	14	6	660.65	0		22.175666
93	376	2	0	37	0	12	18	14	6	660.65	0		22.175666
93	374	1	0	34	14	0	17	6	9	364.83	0		34.685953
93	377	3	0	37	0	18	19	13	12	1626.49	1		8.336729


-------------------------------------------------------------------------------------------------------------------
Tour_Id:			8
No_of_Customers:		3
No_of_Items:			14
Customer_Sequence:		49 5 1 

CustId	Id	TypeId	Rotated	x	y	z	Length	Width	Height	mass	Fragility	LoadBearingStrength
1	2	2	0	0	0	0	18	14	6	660.65	0		22.175666
1	4	3	0	0	0	6	19	13	12	1626.49	1		8.336729
1	1	1	0	0	14	0	17	6	9	364.83	0		34.685953
1	3	2	0	18	0	0	18	14	6	660.65	0		22.175666
5	18	2	0	19	0	6	18	14	6	660.65	0		22.175666
5	19	2	0	19	0	12	18	14	6	660.65	0		22.175666
5	22	3	0	0	0	18	19	13	12	1626.49	1		8.336729
5	21	2	0	19	0	18	18	14	6	660.65	0		22.175666
5	17	1	0	0	13	9	17	6	9	364.83	0		34.685953
5	20	2	0	19	0	24	18	14	6	660.65	0		22.175666
49	195	1	0	17	14	0	17	6	9	364.83	0		34.685953
49	196	2	0	37	0	0	18	14	6	660.65	0		22.175666
49	197	3	0	37	0	6	19	13	12	1626.49	1		8.336729
49	198	3	0	37	0	18	19	13	12	1626.49	1		8.336729


-------------------------------------------------------------------------------------------------------------------
Tour_Id:			9
No_of_Customers:		5
No_of_Items:			15
Customer_Sequence:		12 82 32 27 97 

CustId	Id	TypeId	Rotated	x	y	z	Length	Width	Height	mass	Fragility	LoadBearingStrength
97	390	3	0	0	0	0	19	13	12	1626.49	1		8.336729
97	391	3	0	0	0	12	19	13	12	1626.49	1		8.336729
27	109	1	0	0	13	0	17	6	9	364.83	0		34.685953
27	110	1	0	0	19	0	17	6	9	364.83	0		34.685953
32	129	2	0	19	0	0	18	14	6	660.65	0		22.175666
32	128	1	0	0	13	9	17	6	9	364.83	0		34.685953
32	130	3	0	19	0	6	19	13	12	1626.49	1		8.336729
82	325	2	0	38	0	0	18	14	6	660.65	0		22.175666
82	326	2	0	38	0	6	18	14	6	660.65	0		22.175666
82	327	2	0	38	0	12	18	14	6	660.65	0		22.175666
82	328	3	0	19	0	18	19	13	12	1626.49	1		8.336729
12	49	1	0	0	19	9	17	6	9	364.83	0		34.685953
12	50	1	0	0	13	18	17	6	9	364.83	0		34.685953
12	51	1	0	0	19	18	17	6	9	364.83	0		34.685953
12	52	1	0	17	14	0	17	6	9	364.83	0		34.685953


-------------------------------------------------------------------------------------------------------------------
Tour_Id:			10
No_of_Customers:		5
No_of_Items:			19
Customer_Sequence:		68 25 99 84 24 

CustId	Id	TypeId	Rotated	x	y	z	Length	Width	Height	mass	Fragility	LoadBearingStrength
24	102	2	0	0	0	0	18	14	6	660.65	0		22.175666
24	103	2	0	0	0	6	18	14	6	660.65	0		22.175666
24	98	1	0	0	14	0	17	6	9	364.83	0		34.685953
24	99	1	0	0	14	9	17	6	9	364.83	0		34.685953
24	100	1	0	0	0	12	17	6	9	364.83	0		34.685953
24	101	1	0	0	6	12	17	6	9	364.83	0		34.685953
84	335	2	0	0	0	21	18	14	6	660.65	0		22.175666
84	336	2	0	18	0	0	18	14	6	660.65	0		22.175666
84	338	3	0	18	0	6	19	13	12	1626.49	1		8.336729
84	333	1	0	0	14	18	17	6	9	364.83	0		34.685953
84	334	1	0	17	14	0	17	6	9	364.83	0		34.685953
84	337	2	0	36	0	0	18	14	6	660.65	0		22.175666
99	396	1	0	17	14	9	17	6	9	364.83	0		34.685953
99	397	3	0	18	0	18	19	13	12	1626.49	1		8.336729
25	104	1	0	17	14	18	17	6	9	364.83	0		34.685953
25	105	1	0	34	14	0	17	6	9	364.83	0		34.685953
68	271	2	0	37	0	6	18	14	6	660.65	0		22.175666
68	272	2	0	37	0	12	18	14	6	660.65	0		22.175666
68	273	2	0	37	0	18	18	14	6	660.65	0		22.175666


-------------------------------------------------------------------------------------------------------------------
Tour_Id:			11
No_of_Customers:		3
No_of_Items:			13
Customer_Sequence:		4 100 14 

CustId	Id	TypeId	Rotated	x	y	z	Length	Width	Height	mass	Fragility	LoadBearingStrength
14	56	2	0	0	0	0	18	14	6	660.65	0		22.175666
14	59	3	0	0	0	6	19	13	12	1626.49	1		8.336729
14	55	1	0	0	14	0	17	6	9	364.83	0		34.685953
14	58	3	0	0	0	18	19	13	12	1626.49	1		8.336729
14	57	2	0	18	0	0	18	14	6	660.65	0		22.175666
100	398	1	0	0	13	9	17	6	9	364.83	0		34.685953
100	400	2	0	19	0	6	18	14	6	660.65	0		22.175666
4	13	2	0	19	0	12	18	14	6	660.65	0		22.175666
100	399	2	0	36	0	0	18	14	6	660.65	0		22.175666
4	12	1	0	0	13	18	17	6	9	364.83	0		34.685953
4	14	3	0	19	0	18	19	13	12	1626.49	1		8.336729
4	15	3	0	37	0	6	19	13	12	1626.49	1		8.336729
4	16	3	0	38	0	18	19	13	12	1626.49	1		8.336729


-------------------------------------------------------------------------------------------------------------------
Tour_Id:			12
No_of_Customers:		3
No_of_Items:			13
Customer_Sequence:		18 81 94 

CustId	Id	TypeId	Rotated	x	y	z	Length	Width	Height	mass	Fragility	LoadBearingStrength
94	381	2	0	0	0	0	18	14	6	660.65	0		22.175666
94	382	2	0	0	0	6	18	14	6	660.65	0		22.175666
94	378	1	0	0	14	0	17	6	9	364.83	0		34.685953
94	379	1	0	0	14	9	17	6	9	364.83	0		34.685953
94	380	1	0	0	0	12	17	6	9	364.83	0		34.685953
81	322	1	0	0	6	12	17	6	9	364.83	0		34.685953
81	323	2	0	0	0	21	18	14	6	660.65	0		22.175666
94	383	3	0	18	0	0	19	13	12	1626.49	1		8.336729
18	74	2	0	37	0	0	18	14	6	660.65	0		22.175666
81	324	3	0	18	0	12	19	13	12	1626.49	1		8.336729
18	73	1	0	0	14	18	17	6	9	364.83	0		34.685953
18	75	3	0	37	0	6	19	13	12	1626.49	1		8.336729
18	76	3	0	37	0	18	19	13	12	1626.49	1		8.336729


-------------------------------------------------------------------------------------------------------------------
Tour_Id:			13
No_of_Customers:		3
No_of_Items:			16
Customer_Sequence:		72 22 33 

CustId	Id	TypeId	Rotated	x	y	z	Length	Width	Height	mass	Fragility	LoadBearingStrength
33	133	2	0	0	0	0	18	14	6	660.65	0		22.175666
33	134	2	0	0	0	6	18	14	6	660.65	0		22.175666
33	135	2	0	0	0	12	18	14	6	660.65	0		22.175666
33	131	1	0	0	14	0	17	6	9	364.83	0		34.685953
33	132	1	0	0	14	9	17	6	9	364.83	0		34.685953
22	89	2	0	0	0	18	18	14	6	660.65	0		22.175666
22	90	2	0	0	0	24	18	14	6	660.65	0		22.175666
22	91	2	0	18	0	0	18	14	6	660.65	0		22.175666
22	88	1	0	0	14	18	17	6	9	364.83	0		34.685953
22	92	3	0	18	0	6	19	13	12	1626.49	1		8.336729
22	93	3	0	18	0	18	19	13	12	1626.49	1		8.336729
72	287	2	0	37	0	0	18	14	6	660.65	0		22.175666
72	288	2	0	37	0	6	18	14	6	660.65	0		22.175666
72	289	2	0	37	0	12	18	14	6	660.65	0		22.175666
72	285	1	0	17	14	0	17	6	9	364.83	0		34.685953
72	286	1	0	17	14	9	17	6	9	364.83	0		34.685953


-------------------------------------------------------------------------------------------------------------------
Tour_Id:			14
No_of_Customers:		2
No_of_Items:			9
Customer_Sequence:		51 50 

CustId	Id	TypeId	Rotated	x	y	z	Length	Width	Height	mass	Fragility	LoadBearingStrength
50	201	2	0	0	0	0	18	14	6	660.65	0		22.175666
50	199	1	0	0	14	0	17	6	9	364.83	0		34.685953
50	200	1	0	0	0	6	17	6	9	364.83	0		34.685953
50	202	3	0	18	0	0	19	13	12	1626.49	1		8.336729
51	203	1	0	0	14	9	17	6	9	364.83	0		34.685953
51	204	1	0	0	0	15	17	6	9	364.83	0		34.685953
51	205	1	0	0	14	18	17	6	9	364.83	0		34.685953
51	206	3	0	17	0	12	19	13	12	1626.49	1		8.336729
51	207	3	0	37	0	0	19	13	12	1626.49	1		8.336729


-------------------------------------------------------------------------------------------------------------------
Tour_Id:			15
No_of_Customers:		4
No_of_Items:			15
Customer_Sequence:		85 10 44 15 

CustId	Id	TypeId	Rotated	x	y	z	Length	Width	Height	mass	Fragility	LoadBearingStrength
15	61	2	0	0	0	0	18	14	6	660.65	0		22.175666
15	60	1	0	0	14	0	17	6	9	364.83	0		34.685953
15	62	3	0	0	0	6	19	13	12	1626.49	1		8.336729
15	63	3	0	0	0	18	19	13	12	1626.49	1		8.336729
44	177	2	0	19	0	0	18	14	6	660.65	0		22.175666
44	176	1	0	0	14	9	17	6	9	364.83	0		34.685953
10	45	3	0	19	0	6	19	13	12	1626.49	1		8.336729
10	40	1	0	0	13	18	17	6	9	364.83	0		34.685953
10	41	1	0	17	14	0	17	6	9	364.83	0		34.685953
10	42	1	0	17	13	9	17	6	9	364.83	0		34.685953
10	44	3	0	19	0	18	19	13	12	1626.49	1		8.336729
10	43	2	0	37	0	0	18	14	6	660.65	0		22.175666
85	339	2	0	38	0	6	18	14	6	660.65	0		22.175666
85	340	2	0	38	0	12	18	14	6	660.65	0		22.175666
85	341	2	0	38	0	18	18	14	6	660.65	0		22.175666


-------------------------------------------------------------------------------------------------------------------
Tour_Id:			16
No_of_Customers:		4
No_of_Items:			16
Customer_Sequence:		30 54 6 21 

CustId	Id	TypeId	Rotated	x	y	z	Length	Width	Height	mass	Fragility	LoadBearingStrength
21	85	2	0	0	0	0	18	14	6	660.65	0		22.175666
21	86	2	0	0	0	6	18	14	6	660.65	0		22.175666
21	83	1	0	0	14	0	17	6	9	364.83	0		34.685953
21	84	1	0	0	14	9	17	6	9	364.83	0		34.685953
21	87	3	0	0	0	12	19	13	12	1626.49	1		8.336729
6	23	1	0	0	14	18	17	6	9	364.83	0		34.685953
6	24	1	0	17	14	0	17	6	9	364.83	0		34.685953
6	25	1	0	17	14	9	17	6	9	364.83	0		34.685953
54	215	2	0	19	0	0	18	14	6	660.65	0		22.175666
54	214	1	0	17	13	18	17	6	9	364.83	0		34.685953
54	216	3	0	19	0	6	19	13	12	1626.49	1		8.336729
30	120	2	0	38	0	0	18	14	6	660.65	0		22.175666
30	121	2	0	38	0	6	18	14	6	660.65	0		22.175666
30	122	2	0	38	0	12	18	14	6	660.65	0		22.175666
30	123	2	0	38	0	18	18	14	6	660.65	0		22.175666
30	124	3	0	19	0	18	19	13	12	1626.49	1		8.336729


-------------------------------------------------------------------------------------------------------------------
Tour_Id:			17
No_of_Customers:		3
No_of_Items:			13
Customer_Sequence:		29 63 13 

CustId	Id	TypeId	Rotated	x	y	z	Length	Width	Height	mass	Fragility	LoadBearingStrength
13	53	2	0	0	0	0	18	14	6	660.65	0		22.175666
13	54	2	0	0	0	6	18	14	6	660.65	0		22.175666
63	251	2	0	0	0	12	18	14	6	660.65	0		22.175666
63	255	3	0	0	0	18	19	13	12	1626.49	1		8.336729
63	250	1	0	0	14	0	17	6	9	364.83	0		34.685953
63	253	2	0	18	0	0	18	14	6	660.65	0		22.175666
63	254	3	0	18	0	6	19	13	12	1626.49	1		8.336729
63	252	2	0	36	0	0	18	14	6	660.65	0		22.175666
29	116	2	0	37	0	6	18	14	6	660.65	0		22.175666
29	117	2	0	37	0	12	18	14	6	660.65	0		22.175666
29	115	1	0	0	14	9	17	6	9	364.83	0		34.685953
29	118	3	0	19	0	18	19	13	12	1626.49	1		8.336729
29	119	3	0	38	0	18	19	13	12	1626.49	1		8.336729


-------------------------------------------------------------------------------------------------------------------
Tour_Id:			18
No_of_Customers:		5
No_of_Items:			17
Customer_Sequence:		80 74 53 16 52 

CustId	Id	TypeId	Rotated	x	y	z	Length	Width	Height	mass	Fragility	LoadBearingStrength
52	210	2	0	0	0	0	18	14	6	660.65	0		22.175666
52	208	1	0	0	14	0	17	6	9	364.83	0		34.685953
52	211	3	0	0	0	6	19	13	12	1626.49	1		8.336729
52	209	1	0	0	14	9	17	6	9	364.83	0		34.685953
16	65	1	0	0	14	18	17	6	9	364.83	0		34.685953
16	67	2	0	19	0	0	18	14	6	660.65	0		22.175666
16	64	1	0	17	14	0	17	6	9	364.83	0		34.685953
53	213	2	0	19	0	6	18	14	6	660.65	0		22.175666
53	212	2	0	19	0	12	18	14	6	660.65	0		22.175666
16	66	2	0	37	0	0	18	14	6	660.65	0		22.175666
74	295	1	0	17	14	9	17	6	9	364.83	0		34.685953
74	297	2	0	19	0	18	18	14	6	660.65	0		22.175666
74	296	2	0	19	0	24	18	14	6	660.65	0		22.175666
74	298	3	0	0	0	18	19	13	12	1626.49	1		8.336729
80	320	2	0	37	0	6	18	14	6	660.65	0		22.175666
80	319	1	0	17	14	18	17	6	9	364.83	0		34.685953
80	321	3	0	37	0	12	19	13	12	1626.49	1		8.336729


-------------------------------------------------------------------------------------------------------------------
Tour_Id:			19
No_of_Customers:		3
No_of_Items:			12
Customer_Sequence:		66 34 89 

CustId	Id	TypeId	Rotated	x	y	z	Length	Width	Height	mass	Fragility	LoadBearingStrength
89	360	3	0	0	0	0	19	13	12	1626.49	1		8.336729
89	357	1	0	0	13	0	17	6	9	364.83	0		34.685953
89	358	1	0	0	19	0	17	6	9	364.83	0		34.685953
89	359	2	0	19	0	0	18	14	6	660.65	0		22.175666
34	136	1	0	0	13	9	17	6	9	364.83	0		34.685953
34	138	3	0	0	0	12	19	13	12	1626.49	1		8.336729
34	137	1	0	0	19	9	17	6	9	364.83	0		34.685953
34	139	3	0	19	0	6	19	13	12	1626.49	1		8.336729
66	262	2	0	38	0	0	18	14	6	660.65	0		22.175666
66	263	3	0	19	0	18	19	13	12	1626.49	1		8.336729
66	264	3	0	38	0	6	19	13	12	1626.49	1		8.336729
66	265	3	0	38	0	18	19	13	12	1626.49	1		8.336729


-------------------------------------------------------------------------------------------------------------------
Tour_Id:			20
No_of_Customers:		3
No_of_Items:			12
Customer_Sequence:		11 61 31 

CustId	Id	TypeId	Rotated	x	y	z	Length	Width	Height	mass	Fragility	LoadBearingStrength
31	125	1	0	0	0	0	17	6	9	364.83	0		34.685953
31	126	1	0	0	6	0	17	6	9	364.83	0		34.685953
31	127	3	0	0	12	0	19	13	12	1626.49	1		8.336729
61	238	2	0	19	0	0	18	14	6	660.65	0		22.175666
61	239	2	0	19	0	6	18	14	6	660.65	0		22.175666
61	240	2	0	19	0	12	18	14	6	660.65	0		22.175666
61	241	2	0	19	0	18	18	14	6	660.65	0		22.175666
61	242	3	0	0	12	12	19	13	12	1626.49	1		8.336729
61	243	3	0	37	0	0	19	13	12	1626.49	1		8.336729
11	47	2	0	19	0	24	18	14	6	660.65	0		22.175666
11	46	1	0	19	14	0	17	6	9	364.83	0		34.685953
11	48	3	0	37	0	12	19	13	12	1626.49	1		8.336729


-------------------------------------------------------------------------------------------------------------------
Tour_Id:			21
No_of_Customers:		4
No_of_Items:			14
Customer_Sequence:		56 23 45 9 

CustId	Id	TypeId	Rotated	x	y	z	Length	Width	Height	mass	Fragility	LoadBearingStrength
9	36	2	0	0	0	0	18	14	6	660.65	0		22.175666
9	35	1	0	0	14	0	17	6	9	364.83	0		34.685953
9	37	3	0	0	0	6	19	13	12	1626.49	1		8.336729
9	38	3	0	0	0	18	19	13	12	1626.49	1		8.336729
9	39	3	0	19	0	0	19	13	12	1626.49	1		8.336729
45	179	2	0	38	0	0	18	14	6	660.65	0		22.175666
45	178	1	0	0	14	9	17	6	9	364.83	0		34.685953
45	180	3	0	19	0	12	19	13	12	1626.49	1		8.336729
23	96	2	0	38	0	6	18	14	6	660.65	0		22.175666
23	94	1	0	0	13	18	17	6	9	364.83	0		34.685953
23	95	1	0	17	14	0	17	6	9	364.83	0		34.685953
23	97	3	0	38	0	12	19	13	12	1626.49	1		8.336729
56	220	1	0	17	14	9	17	6	9	364.83	0		34.685953
56	221	1	0	17	13	18	17	6	9	364.83	0		34.685953


-------------------------------------------------------------------------------------------------------------------
Tour_Id:			22
No_of_Customers:		5
No_of_Items:			17
Customer_Sequence:		43 76 88 75 77 

CustId	Id	TypeId	Rotated	x	y	z	Length	Width	Height	mass	Fragility	LoadBearingStrength
77	306	1	0	0	0	0	17	6	9	364.83	0		34.685953
77	307	1	0	0	6	0	17	6	9	364.83	0		34.685953
77	308	3	0	0	12	0	19	13	12	1626.49	1		8.336729
88	353	1	0	0	0	9	17	6	9	364.83	0		34.685953
88	355	2	0	19	0	0	18	14	6	660.65	0		22.175666
88	356	3	0	0	12	12	19	13	12	1626.49	1		8.336729
75	302	1	0	0	6	9	17	6	9	364.83	0		34.685953
88	354	2	0	19	0	6	18	14	6	660.65	0		22.175666
76	304	2	0	19	0	12	18	14	6	660.65	0		22.175666
75	301	1	0	0	6	18	17	6	9	364.83	0		34.685953
75	300	1	0	19	14	0	17	6	9	364.83	0		34.685953
75	299	1	0	36	14	0	17	6	9	364.83	0		34.685953
76	303	1	0	0	0	18	17	6	9	364.83	0		34.685953
76	305	3	0	19	0	18	19	13	12	1626.49	1		8.336729
43	175	2	0	38	0	0	18	14	6	660.65	0		22.175666
43	173	1	0	19	14	9	17	6	9	364.83	0		34.685953
43	174	1	0	19	13	18	17	6	9	364.83	0		34.685953


-------------------------------------------------------------------------------------------------------------------
Tour_Id:			23
No_of_Customers:		3
No_of_Items:			13
Customer_Sequence:		67 36 20 

CustId	Id	TypeId	Rotated	x	y	z	Length	Width	Height	mass	Fragility	LoadBearingStrength
20	80	2	0	0	0	0	18	14	6	660.65	0		22.175666
20	81	3	0	0	0	6	19	13	12	1626.49	1		8.336729
20	82	3	0	0	0	18	19	13	12	1626.49	1		8.336729
36	146	2	0	19	0	0	18	14	6	660.65	0		22.175666
36	142	1	0	0	14	0	17	6	9	364.83	0		34.685953
36	143	1	0	0	13	9	17	6	9	364.83	0		34.685953
36	144	1	0	0	13	18	17	6	9	364.83	0		34.685953
36	145	1	0	17	14	0	17	6	9	364.83	0		34.685953
67	268	2	0	19	0	6	18	14	6	660.65	0		22.175666
67	269	2	0	19	0	12	18	14	6	660.65	0		22.175666
67	266	1	0	17	14	9	17	6	9	364.83	0		34.685953
67	267	1	0	17	13	18	17	6	9	364.83	0		34.685953
67	270	3	0	19	0	18	19	13	12	1626.49	1		8.336729


-------------------------------------------------------------------------------------------------------------------
Tour_Id:			24
No_of_Customers:		3
No_of_Items:			14
Customer_Sequence:		78 57 38 

CustId	Id	TypeId	Rotated	x	y	z	Length	Width	Height	mass	Fragility	LoadBearingStrength
38	154	2	0	0	0	0	18	14	6	660.65	0		22.175666
38	157	3	0	0	0	6	19	13	12	1626.49	1		8.336729
38	155	2	0	18	0	0	18	14	6	660.65	0		22.175666
38	156	2	0	19	0	6	18	14	6	660.65	0		22.175666
38	153	2	0	19	0	12	18	14	6	660.65	0		22.175666
57	222	1	0	0	14	0	17	6	9	364.83	0		34.685953
57	223	2	0	19	0	18	18	14	6	660.65	0		22.175666
38	152	1	0	37	0	0	17	6	9	364.83	0		34.685953
57	224	3	0	0	0	18	19	13	12	1626.49	1		8.336729
57	225	3	0	37	6	0	19	13	12	1626.49	1		8.336729
78	311	2	0	19	0	24	18	14	6	660.65	0		22.175666
78	309	1	0	17	19	0	17	6	9	364.83	0		34.685953
78	310	1	0	17	19	9	17	6	9	364.83	0		34.685953
78	312	3	0	37	6	12	19	13	12	1626.49	1		8.336729


-------------------------------------------------------------------------------------------------------------------
Tour_Id:			25
No_of_Customers:		4
No_of_Items:			15
Customer_Sequence:		83 26 46 48 

CustId	Id	TypeId	Rotated	x	y	z	Length	Width	Height	mass	Fragility	LoadBearingStrength
48	193	2	0	0	0	0	18	14	6	660.65	0		22.175666
46	184	3	0	0	0	6	19	13	12	1626.49	1		8.336729
48	191	1	0	0	14	0	17	6	9	364.83	0		34.685953
48	192	1	0	0	13	9	17	6	9	364.83	0		34.685953
46	182	1	0	0	13	18	17	6	9	364.83	0		34.685953
48	194	2	0	18	0	0	18	14	6	660.65	0		22.175666
26	107	3	0	0	0	18	19	13	12	1626.49	1		8.336729
46	181	1	0	17	14	0	17	6	9	364.83	0		34.685953
26	106	3	0	19	0	6	19	13	12	1626.49	1		8.336729
46	183	2	0	36	0	0	18	14	6	660.65	0		22.175666
26	108	3	0	19	0	18	19	13	12	1626.49	1		8.336729
83	330	2	0	38	0	6	18	14	6	660.65	0		22.175666
83	331	2	0	38	0	12	18	14	6	660.65	0		22.175666
83	332	2	0	38	0	18	18	14	6	660.65	0		22.175666
83	329	1	0	17	13	9	17	6	9	364.83	0		34.685953


-------------------------------------------------------------------------------------------------------------------
Tour_Id:			26
No_of_Customers:		4
No_of_Items:			14
Customer_Sequence:		90 41 19 28 

CustId	Id	TypeId	Rotated	x	y	z	Length	Width	Height	mass	Fragility	LoadBearingStrength
28	111	2	0	0	0	0	18	14	6	660.65	0		22.175666
28	112	2	0	0	0	6	18	14	6	660.65	0		22.175666
28	113	2	0	0	0	12	18	14	6	660.65	0		22.175666
28	114	3	0	0	0	18	19	13	12	1626.49	1		8.336729
19	78	2	0	19	0	0	18	14	6	660.65	0		22.175666
19	77	1	0	0	14	0	17	6	9	364.83	0		34.685953
19	79	3	0	19	0	6	19	13	12	1626.49	1		8.336729
41	167	2	0	38	0	0	18	14	6	660.65	0		22.175666
41	165	1	0	0	14	9	17	6	9	364.83	0		34.685953
41	166	1	0	0	13	18	17	6	9	364.83	0		34.685953
90	362	2	0	38	0	6	18	14	6	660.65	0		22.175666
90	361	1	0	17	14	0	17	6	9	364.83	0		34.685953
90	363	3	0	19	0	18	19	13	12	1626.49	1		8.336729
90	364	3	0	38	0	12	19	13	12	1626.49	1		8.336729


-------------------------------------------------------------------------------------------------------------------
Tour_Id:			27
No_of_Customers:		5
No_of_Items:			19
Customer_Sequence:		2 8 37 17 35 

CustId	Id	TypeId	Rotated	x	y	z	Length	Width	Height	mass	Fragility	LoadBearingStrength
35	141	3	0	0	0	0	19	13	12	1626.49	1		8.336729
35	140	1	0	0	13	0	17	6	9	364.83	0		34.685953
17	68	1	0	0	19	0	17	6	9	364.83	0		34.685953
17	71	2	0	19	0	0	18	14	6	660.65	0		22.175666
17	69	1	0	0	13	9	17	6	9	364.83	0		34.685953
17	70	1	0	0	19	9	17	6	9	364.83	0		34.685953
17	72	3	0	0	0	12	19	13	12	1626.49	1		8.336729
37	149	2	0	19	0	6	18	14	6	660.65	0		22.175666
37	150	2	0	19	0	12	18	14	6	660.65	0		22.175666
8	32	1	0	0	13	18	17	6	9	364.83	0		34.685953
37	147	1	0	0	19	18	17	6	9	364.83	0		34.685953
37	148	1	0	17	14	0	17	6	9	364.83	0		34.685953
8	31	1	0	17	14	9	17	6	9	364.83	0		34.685953
37	151	2	0	37	0	0	18	14	6	660.65	0		22.175666
2	7	2	0	19	0	18	18	14	6	660.65	0		22.175666
8	33	1	0	17	14	18	17	6	9	364.83	0		34.685953
2	6	2	0	19	0	24	18	14	6	660.65	0		22.175666
8	34	3	0	37	0	6	19	13	12	1626.49	1		8.336729
2	5	1	0	34	14	0	17	6	9	364.83	0		34.685953


-------------------------------------------------------------------------------------------------------------------
Tour_Id:			28
No_of_Customers:		2
No_of_Items:			11
Customer_Sequence:		42 79 

CustId	Id	TypeId	Rotated	x	y	z	Length	Width	Height	mass	Fragility	LoadBearingStrength
79	317	3	0	0	0	0	19	13	12	1626.49	1		8.336729
79	314	2	0	19	0	0	18	14	6	660.65	0		22.175666
79	315	3	0	0	0	12	19	13	12	1626.49	1		8.336729
79	316	3	0	19	0	6	19	13	12	1626.49	1		8.336729
79	313	2	0	37	0	0	18	14	6	660.65	0		22.175666
79	318	3	0	19	0	18	19	13	12	1626.49	1		8.336729
42	168	1	0	0	14	0	17	6	9	364.83	0		34.685953
42	169	1	0	0	13	9	17	6	9	364.83	0		34.685953
42	170	1	0	0	13	18	17	6	9	364.83	0		34.685953
42	171	3	0	38	0	6	19	13	12	1626.49	1		8.336729
42	172	3	0	38	0	18	19	13	12	1626.49	1		8.336729


