Name:				515_n100_m400_bt3
Problem:			3L-VRPTW
Number_of_used_Vehicles:	20
Total_Travel_Distance:		1662.60
Calculation_Time:		3600.00
Total_Iterations:		2434
ConstraintSet:			P1

-------------------------------------------------------------------------------------------------------------------
Tour_Id:			1
No_of_Customers:		7
No_of_Items:			24
Customer_Sequence:		14 59 36 96 13 93 65 

CustId	Id	TypeId	Rotated	x	y	z	Length	Width	Height	mass	Fragility	LoadBearingStrength
65	254	1	0	0	0	0	18	5	7	79.71	0		2.037349
65	252	1	0	0	5	0	18	5	7	79.71	0		2.037349
13	50	3	0	0	10	0	23	10	9	775.02	1		4.266060
65	256	3	0	0	0	7	23	10	9	775.02	1		4.266060
65	255	2	0	18	0	0	30	8	7	390.83	0		10.471452
65	253	1	0	0	20	0	18	5	7	79.71	0		2.037349
93	376	2	0	23	0	7	30	8	7	390.83	0		10.471452
93	377	3	0	0	0	16	23	10	9	775.02	1		4.266060
36	142	3	0	0	10	9	23	10	9	775.02	1		4.266060
93	375	2	0	23	0	14	30	8	7	390.83	0		10.471452
96	387	2	0	23	8	0	30	8	7	390.83	0		10.471452
96	388	2	0	23	16	0	30	8	7	390.83	0		10.471452
96	385	1	0	0	20	7	18	5	7	79.71	0		2.037349
13	49	2	0	23	0	21	30	8	7	390.83	0		10.471452
36	140	1	0	0	20	14	18	5	7	79.71	0		2.037349
36	141	1	0	0	20	21	18	5	7	79.71	0		2.037349
96	386	1	1	53	0	0	18	5	7	79.71	0		2.037349
59	230	2	0	23	8	7	30	8	7	390.83	0		10.471452
59	228	1	0	23	16	7	18	5	7	79.71	0		2.037349
59	229	1	0	23	8	14	18	5	7	79.71	0		2.037349
59	231	3	0	0	10	18	23	10	9	775.02	1		4.266060
14	53	2	0	23	13	14	30	8	7	390.83	0		10.471452
14	51	1	0	23	8	21	18	5	7	79.71	0		2.037349
14	52	1	0	23	13	21	18	5	7	79.71	0		2.037349


-------------------------------------------------------------------------------------------------------------------
Tour_Id:			2
No_of_Customers:		3
No_of_Items:			10
Customer_Sequence:		46 48 29 

CustId	Id	TypeId	Rotated	x	y	z	Length	Width	Height	mass	Fragility	LoadBearingStrength
29	110	1	0	0	0	0	18	5	7	79.71	0		2.037349
29	111	1	0	0	5	0	18	5	7	79.71	0		2.037349
29	112	1	0	0	10	0	18	5	7	79.71	0		2.037349
48	183	2	0	0	15	0	30	8	7	390.83	0		10.471452
48	184	2	0	0	10	7	30	8	7	390.83	0		10.471452
48	185	2	0	0	10	14	30	8	7	390.83	0		10.471452
48	186	3	0	0	0	7	23	10	9	775.02	1		4.266060
46	176	2	0	0	10	21	30	8	7	390.83	0		10.471452
46	177	3	0	0	0	16	23	10	9	775.02	1		4.266060
46	178	3	0	23	0	0	23	10	9	775.02	1		4.266060


-------------------------------------------------------------------------------------------------------------------
Tour_Id:			3
No_of_Customers:		5
No_of_Items:			21
Customer_Sequence:		74 19 58 28 16 

CustId	Id	TypeId	Rotated	x	y	z	Length	Width	Height	mass	Fragility	LoadBearingStrength
16	59	2	0	0	0	0	30	8	7	390.83	0		10.471452
16	60	2	0	0	8	0	30	8	7	390.83	0		10.471452
16	61	2	0	0	16	0	30	8	7	390.83	0		10.471452
28	107	2	0	0	0	7	30	8	7	390.83	0		10.471452
28	108	2	0	0	8	7	30	8	7	390.83	0		10.471452
58	226	1	0	0	16	7	18	5	7	79.71	0		2.037349
19	70	2	0	0	0	14	30	8	7	390.83	0		10.471452
58	224	1	0	0	8	14	18	5	7	79.71	0		2.037349
19	71	3	0	0	0	21	23	10	9	775.02	1		4.266060
28	109	3	0	30	0	0	23	10	9	775.02	1		4.266060
58	227	3	0	30	10	0	23	10	9	775.02	1		4.266060
19	69	2	0	0	13	14	30	8	7	390.83	0		10.471452
58	223	1	0	30	20	0	18	5	7	79.71	0		2.037349
19	68	1	0	0	10	21	18	5	7	79.71	0		2.037349
58	225	1	0	18	20	7	18	5	7	79.71	0		2.037349
19	72	3	0	30	0	9	23	10	9	775.02	1		4.266060
74	291	1	0	0	15	21	18	5	7	79.71	0		2.037349
19	73	3	0	30	10	9	23	10	9	775.02	1		4.266060
74	292	1	1	53	0	0	18	5	7	79.71	0		2.037349
74	293	3	0	30	0	18	23	10	9	775.02	1		4.266060
74	294	3	0	30	10	18	23	10	9	775.02	1		4.266060


-------------------------------------------------------------------------------------------------------------------
Tour_Id:			4
No_of_Customers:		5
No_of_Items:			24
Customer_Sequence:		45 64 49 84 44 

CustId	Id	TypeId	Rotated	x	y	z	Length	Width	Height	mass	Fragility	LoadBearingStrength
84	345	3	0	0	0	0	23	10	9	775.02	1		4.266060
44	171	2	0	0	10	0	30	8	7	390.83	0		10.471452
44	172	2	0	0	10	7	30	8	7	390.83	0		10.471452
44	168	1	0	0	18	0	18	5	7	79.71	0		2.037349
44	169	1	0	0	18	7	18	5	7	79.71	0		2.037349
84	342	2	0	0	10	14	30	8	7	390.83	0		10.471452
84	343	2	0	0	10	21	30	8	7	390.83	0		10.471452
49	190	2	0	23	0	0	30	8	7	390.83	0		10.471452
84	344	3	0	0	0	9	23	10	9	775.02	1		4.266060
44	170	2	0	30	10	0	30	8	7	390.83	0		10.471452
84	341	1	0	0	18	14	18	5	7	79.71	0		2.037349
49	187	1	0	0	18	21	18	5	7	79.71	0		2.037349
49	188	1	0	18	18	0	18	5	7	79.71	0		2.037349
49	189	1	0	18	18	7	18	5	7	79.71	0		2.037349
49	191	3	0	0	0	18	23	10	9	775.02	1		4.266060
49	192	3	0	23	0	7	23	10	9	775.02	1		4.266060
64	249	2	0	30	10	7	30	8	7	390.83	0		10.471452
64	250	2	0	30	10	14	30	8	7	390.83	0		10.471452
64	251	2	0	30	10	21	30	8	7	390.83	0		10.471452
64	247	1	0	18	18	14	18	5	7	79.71	0		2.037349
64	248	1	0	18	18	21	18	5	7	79.71	0		2.037349
45	173	1	0	36	18	0	18	5	7	79.71	0		2.037349
45	174	1	0	36	18	7	18	5	7	79.71	0		2.037349
45	175	3	0	23	0	16	23	10	9	775.02	1		4.266060


-------------------------------------------------------------------------------------------------------------------
Tour_Id:			5
No_of_Customers:		5
No_of_Items:			23
Customer_Sequence:		26 7 54 31 89 

CustId	Id	TypeId	Rotated	x	y	z	Length	Width	Height	mass	Fragility	LoadBearingStrength
89	359	2	0	0	0	0	30	8	7	390.83	0		10.471452
89	360	2	0	0	8	0	30	8	7	390.83	0		10.471452
89	361	2	0	0	16	0	30	8	7	390.83	0		10.471452
89	362	2	0	0	0	7	30	8	7	390.83	0		10.471452
31	121	2	0	0	8	7	30	8	7	390.83	0		10.471452
31	122	2	0	0	16	7	30	8	7	390.83	0		10.471452
31	123	2	0	0	0	14	30	8	7	390.83	0		10.471452
31	119	1	0	0	8	14	18	5	7	79.71	0		2.037349
31	120	1	0	0	13	14	18	5	7	79.71	0		2.037349
54	206	2	0	0	0	21	30	8	7	390.83	0		10.471452
54	205	1	0	0	18	14	18	5	7	79.71	0		2.037349
54	207	3	0	0	8	21	23	10	9	775.02	1		4.266060
7	28	2	0	30	0	0	30	8	7	390.83	0		10.471452
54	208	3	0	30	8	0	23	10	9	775.02	1		4.266060
7	26	1	0	0	18	21	18	5	7	79.71	0		2.037349
7	27	1	0	30	18	0	18	5	7	79.71	0		2.037349
7	29	3	0	30	8	9	23	10	9	775.02	1		4.266060
26	99	2	0	30	0	7	30	8	7	390.83	0		10.471452
26	100	2	0	30	0	14	30	8	7	390.83	0		10.471452
26	101	2	0	30	0	21	30	8	7	390.83	0		10.471452
26	97	1	0	30	18	7	18	5	7	79.71	0		2.037349
26	98	1	0	18	18	14	18	5	7	79.71	0		2.037349
26	102	3	0	30	8	18	23	10	9	775.02	1		4.266060


-------------------------------------------------------------------------------------------------------------------
Tour_Id:			6
No_of_Customers:		4
No_of_Items:			19
Customer_Sequence:		69 6 76 71 

CustId	Id	TypeId	Rotated	x	y	z	Length	Width	Height	mass	Fragility	LoadBearingStrength
71	278	2	0	0	0	0	30	8	7	390.83	0		10.471452
71	279	2	0	0	8	0	30	8	7	390.83	0		10.471452
76	302	2	0	0	16	0	30	8	7	390.83	0		10.471452
71	280	3	0	0	0	7	23	10	9	775.02	1		4.266060
76	304	2	0	0	10	7	30	8	7	390.83	0		10.471452
76	303	2	0	0	10	14	30	8	7	390.83	0		10.471452
71	277	1	0	30	0	0	18	5	7	79.71	0		2.037349
76	301	1	0	0	18	7	18	5	7	79.71	0		2.037349
6	23	2	0	0	10	21	30	8	7	390.83	0		10.471452
6	22	1	0	0	18	14	18	5	7	79.71	0		2.037349
69	270	1	0	0	18	21	18	5	7	79.71	0		2.037349
6	24	2	0	30	5	0	30	8	7	390.83	0		10.471452
6	21	1	0	23	0	7	18	5	7	79.71	0		2.037349
76	306	3	0	0	0	16	23	10	9	775.02	1		4.266060
76	305	3	0	30	13	0	23	10	9	775.02	1		4.266060
69	269	1	0	23	5	7	18	5	7	79.71	0		2.037349
6	25	3	0	30	13	9	23	10	9	775.02	1		4.266060
69	271	1	0	23	0	14	18	5	7	79.71	0		2.037349
69	272	3	0	30	13	18	23	10	9	775.02	1		4.266060


-------------------------------------------------------------------------------------------------------------------
Tour_Id:			7
No_of_Customers:		5
No_of_Items:			20
Customer_Sequence:		23 38 35 15 97 

CustId	Id	TypeId	Rotated	x	y	z	Length	Width	Height	mass	Fragility	LoadBearingStrength
97	389	3	0	0	0	0	23	10	9	775.02	1		4.266060
97	390	3	0	0	10	0	23	10	9	775.02	1		4.266060
15	55	2	0	23	0	0	30	8	7	390.83	0		10.471452
15	56	2	0	23	8	0	30	8	7	390.83	0		10.471452
15	57	2	0	23	16	0	30	8	7	390.83	0		10.471452
15	58	2	0	23	0	7	30	8	7	390.83	0		10.471452
15	54	1	0	0	20	0	18	5	7	79.71	0		2.037349
35	135	2	0	23	8	7	30	8	7	390.83	0		10.471452
38	151	2	0	23	16	7	30	8	7	390.83	0		10.471452
35	136	2	0	23	0	14	30	8	7	390.83	0		10.471452
35	137	3	0	0	10	9	23	10	9	775.02	1		4.266060
35	138	3	0	0	8	18	23	10	9	775.02	1		4.266060
35	139	3	0	23	0	21	23	10	9	775.02	1		4.266060
35	134	1	0	0	20	7	18	5	7	79.71	0		2.037349
38	149	1	0	0	20	14	18	5	7	79.71	0		2.037349
38	150	1	0	0	20	21	18	5	7	79.71	0		2.037349
23	86	1	0	23	10	14	18	5	7	79.71	0		2.037349
23	87	1	0	23	15	14	18	5	7	79.71	0		2.037349
23	88	1	0	23	20	14	18	5	7	79.71	0		2.037349
23	89	3	0	23	10	21	23	10	9	775.02	1		4.266060


-------------------------------------------------------------------------------------------------------------------
Tour_Id:			8
No_of_Customers:		4
No_of_Items:			22
Customer_Sequence:		77 33 30 12 

CustId	Id	TypeId	Rotated	x	y	z	Length	Width	Height	mass	Fragility	LoadBearingStrength
12	47	2	0	0	0	0	30	8	7	390.83	0		10.471452
12	45	1	0	0	8	0	18	5	7	79.71	0		2.037349
12	48	3	0	0	13	0	23	10	9	775.02	1		4.266060
12	46	1	0	0	0	7	18	5	7	79.71	0		2.037349
30	115	2	0	0	5	7	30	8	7	390.83	0		10.471452
30	116	3	0	0	13	9	23	10	9	775.02	1		4.266060
33	129	2	0	0	0	14	30	8	7	390.83	0		10.471452
30	113	1	0	0	8	14	18	5	7	79.71	0		2.037349
30	117	3	0	0	13	18	23	10	9	775.02	1		4.266060
30	118	3	0	23	13	0	23	10	9	775.02	1		4.266060
33	127	1	0	0	0	21	18	5	7	79.71	0		2.037349
33	130	3	0	23	13	9	23	10	9	775.02	1		4.266060
77	311	2	0	0	5	21	30	8	7	390.83	0		10.471452
33	128	2	0	30	0	0	30	8	7	390.83	0		10.471452
30	114	1	0	18	8	0	18	5	7	79.71	0		2.037349
33	131	3	0	23	13	18	23	10	9	775.02	1		4.266060
77	309	2	0	30	0	7	30	8	7	390.83	0		10.471452
77	310	2	0	30	0	14	30	8	7	390.83	0		10.471452
33	126	1	0	36	8	0	18	5	7	79.71	0		2.037349
77	307	1	0	18	0	21	18	5	7	79.71	0		2.037349
77	308	1	0	30	8	7	18	5	7	79.71	0		2.037349
77	312	3	0	36	0	21	23	10	9	775.02	1		4.266060


-------------------------------------------------------------------------------------------------------------------
Tour_Id:			9
No_of_Customers:		5
No_of_Items:			17
Customer_Sequence:		5 95 4 34 51 

CustId	Id	TypeId	Rotated	x	y	z	Length	Width	Height	mass	Fragility	LoadBearingStrength
51	195	1	0	0	0	0	18	5	7	79.71	0		2.037349
51	196	2	0	0	5	0	30	8	7	390.83	0		10.471452
95	382	3	0	0	13	0	23	10	9	775.02	1		4.266060
34	132	1	0	0	0	7	18	5	7	79.71	0		2.037349
34	133	2	0	0	5	7	30	8	7	390.83	0		10.471452
4	14	1	0	0	0	14	18	5	7	79.71	0		2.037349
4	13	1	0	0	5	14	18	5	7	79.71	0		2.037349
4	15	3	0	0	0	21	23	10	9	775.02	1		4.266060
4	16	3	0	30	0	0	23	10	9	775.02	1		4.266060
95	380	2	0	23	13	0	30	8	7	390.83	0		10.471452
95	381	2	0	23	13	7	30	8	7	390.83	0		10.471452
95	383	3	0	0	13	9	23	10	9	775.02	1		4.266060
95	384	3	0	0	13	18	23	10	9	775.02	1		4.266060
5	17	2	0	23	13	14	30	8	7	390.83	0		10.471452
5	18	3	0	23	13	21	23	10	9	775.02	1		4.266060
5	19	3	0	30	0	9	23	10	9	775.02	1		4.266060
5	20	3	0	30	0	18	23	10	9	775.02	1		4.266060


-------------------------------------------------------------------------------------------------------------------
Tour_Id:			10
No_of_Customers:		5
No_of_Items:			22
Customer_Sequence:		87 11 37 94 73 

CustId	Id	TypeId	Rotated	x	y	z	Length	Width	Height	mass	Fragility	LoadBearingStrength
73	289	3	0	0	0	0	23	10	9	775.02	1		4.266060
73	285	1	0	0	10	0	18	5	7	79.71	0		2.037349
73	287	3	0	0	15	0	23	10	9	775.02	1		4.266060
73	288	3	0	0	0	9	23	10	9	775.02	1		4.266060
37	148	3	0	0	15	9	23	10	9	775.02	1		4.266060
94	378	1	0	0	10	7	18	5	7	79.71	0		2.037349
94	379	2	0	23	0	0	30	8	7	390.83	0		10.471452
73	290	3	0	0	0	18	23	10	9	775.02	1		4.266060
87	355	3	0	0	15	18	23	10	9	775.02	1		4.266060
37	146	2	0	23	8	0	30	8	7	390.83	0		10.471452
37	144	1	0	0	10	14	18	5	7	79.71	0		2.037349
73	286	2	0	23	16	0	30	8	7	390.83	0		10.471452
11	41	2	0	23	0	7	30	8	7	390.83	0		10.471452
37	147	2	0	23	8	7	30	8	7	390.83	0		10.471452
37	145	1	0	0	10	21	18	5	7	79.71	0		2.037349
11	42	2	0	23	16	7	30	8	7	390.83	0		10.471452
11	40	1	0	23	0	14	18	5	7	79.71	0		2.037349
11	44	2	0	23	5	14	30	8	7	390.83	0		10.471452
87	354	1	0	23	13	14	18	5	7	79.71	0		2.037349
11	43	2	0	23	0	21	30	8	7	390.83	0		10.471452
37	143	1	1	53	0	0	18	5	7	79.71	0		2.037349
87	356	3	0	23	8	21	23	10	9	775.02	1		4.266060


-------------------------------------------------------------------------------------------------------------------
Tour_Id:			11
No_of_Customers:		5
No_of_Items:			19
Customer_Sequence:		90 47 1 81 75 

CustId	Id	TypeId	Rotated	x	y	z	Length	Width	Height	mass	Fragility	LoadBearingStrength
75	296	2	0	0	0	0	30	8	7	390.83	0		10.471452
75	297	2	0	0	8	0	30	8	7	390.83	0		10.471452
75	300	3	0	0	0	7	23	10	9	775.02	1		4.266060
81	327	2	0	0	16	0	30	8	7	390.83	0		10.471452
75	295	1	0	0	10	7	18	5	7	79.71	0		2.037349
75	298	2	0	30	0	0	30	8	7	390.83	0		10.471452
81	329	3	0	0	15	7	23	10	9	775.02	1		4.266060
75	299	2	0	23	0	7	30	8	7	390.83	0		10.471452
47	182	2	0	23	0	14	30	8	7	390.83	0		10.471452
1	1	2	0	30	8	0	30	8	7	390.83	0		10.471452
81	326	1	0	0	10	14	18	5	7	79.71	0		2.037349
1	2	2	0	23	8	7	30	8	7	390.83	0		10.471452
1	3	3	0	0	0	16	23	10	9	775.02	1		4.266060
47	179	2	0	23	8	14	30	8	7	390.83	0		10.471452
47	180	2	0	23	0	21	30	8	7	390.83	0		10.471452
47	181	2	0	23	8	21	30	8	7	390.83	0		10.471452
81	328	3	0	0	15	16	23	10	9	775.02	1		4.266060
90	364	2	0	30	16	0	30	8	7	390.83	0		10.471452
90	363	1	0	23	16	7	18	5	7	79.71	0		2.037349


-------------------------------------------------------------------------------------------------------------------
Tour_Id:			12
No_of_Customers:		4
No_of_Items:			13
Customer_Sequence:		9 52 72 39 

CustId	Id	TypeId	Rotated	x	y	z	Length	Width	Height	mass	Fragility	LoadBearingStrength
72	281	1	0	0	0	0	18	5	7	79.71	0		2.037349
39	153	2	0	0	5	0	30	8	7	390.83	0		10.471452
39	154	3	0	0	13	0	23	10	9	775.02	1		4.266060
39	155	3	0	0	13	9	23	10	9	775.02	1		4.266060
72	282	2	0	0	0	7	30	8	7	390.83	0		10.471452
72	283	2	0	0	0	14	30	8	7	390.83	0		10.471452
39	152	2	0	23	13	0	30	8	7	390.83	0		10.471452
72	284	3	0	0	13	18	23	10	9	775.02	1		4.266060
52	197	2	0	0	0	21	30	8	7	390.83	0		10.471452
52	198	3	0	23	13	7	23	10	9	775.02	1		4.266060
9	35	3	0	23	13	16	23	10	9	775.02	1		4.266060
9	36	3	0	30	0	0	23	10	9	775.02	1		4.266060
9	37	3	0	30	0	9	23	10	9	775.02	1		4.266060


-------------------------------------------------------------------------------------------------------------------
Tour_Id:			13
No_of_Customers:		6
No_of_Items:			20
Customer_Sequence:		85 60 80 50 61 8 

CustId	Id	TypeId	Rotated	x	y	z	Length	Width	Height	mass	Fragility	LoadBearingStrength
8	34	3	0	0	0	0	23	10	9	775.02	1		4.266060
8	32	2	0	0	10	0	30	8	7	390.83	0		10.471452
8	33	2	0	0	10	7	30	8	7	390.83	0		10.471452
8	30	1	0	0	18	0	18	5	7	79.71	0		2.037349
8	31	2	0	0	10	14	30	8	7	390.83	0		10.471452
61	234	1	0	0	18	7	18	5	7	79.71	0		2.037349
61	235	1	0	0	18	14	18	5	7	79.71	0		2.037349
61	236	3	0	0	0	9	23	10	9	775.02	1		4.266060
50	193	2	0	0	10	21	30	8	7	390.83	0		10.471452
80	324	1	0	0	18	21	18	5	7	79.71	0		2.037349
60	232	2	0	23	0	0	30	8	7	390.83	0		10.471452
50	194	3	0	0	0	18	23	10	9	775.02	1		4.266060
80	325	3	0	30	10	0	23	10	9	775.02	1		4.266060
80	323	1	0	18	20	0	18	5	7	79.71	0		2.037349
60	233	3	0	23	0	7	23	10	9	775.02	1		4.266060
85	346	1	0	18	20	7	18	5	7	79.71	0		2.037349
85	347	1	0	18	20	14	18	5	7	79.71	0		2.037349
85	348	3	0	23	0	16	23	10	9	775.02	1		4.266060
85	349	3	0	30	10	9	23	10	9	775.02	1		4.266060
85	350	3	0	30	10	18	23	10	9	775.02	1		4.266060


-------------------------------------------------------------------------------------------------------------------
Tour_Id:			14
No_of_Customers:		5
No_of_Items:			21
Customer_Sequence:		53 67 82 86 22 

CustId	Id	TypeId	Rotated	x	y	z	Length	Width	Height	mass	Fragility	LoadBearingStrength
82	334	3	0	0	0	0	23	10	9	775.02	1		4.266060
22	84	2	0	0	10	0	30	8	7	390.83	0		10.471452
22	85	2	0	0	10	7	30	8	7	390.83	0		10.471452
82	331	3	0	0	0	9	23	10	9	775.02	1		4.266060
22	82	1	0	0	18	0	18	5	7	79.71	0		2.037349
86	352	2	0	0	10	14	30	8	7	390.83	0		10.471452
86	353	2	0	0	10	21	30	8	7	390.83	0		10.471452
86	351	1	0	0	18	7	18	5	7	79.71	0		2.037349
82	330	1	0	0	18	14	18	5	7	79.71	0		2.037349
22	81	1	0	18	18	0	18	5	7	79.71	0		2.037349
82	332	3	0	0	0	18	23	10	9	775.02	1		4.266060
82	333	3	0	23	0	0	23	10	9	775.02	1		4.266060
22	83	2	0	30	10	0	30	8	7	390.83	0		10.471452
67	262	2	0	30	10	7	30	8	7	390.83	0		10.471452
67	261	1	0	0	18	21	18	5	7	79.71	0		2.037349
53	201	2	0	30	10	14	30	8	7	390.83	0		10.471452
53	202	2	0	30	10	21	30	8	7	390.83	0		10.471452
53	199	1	0	18	18	7	18	5	7	79.71	0		2.037349
53	200	1	0	18	18	14	18	5	7	79.71	0		2.037349
53	203	3	0	23	0	9	23	10	9	775.02	1		4.266060
53	204	3	0	23	0	18	23	10	9	775.02	1		4.266060


-------------------------------------------------------------------------------------------------------------------
Tour_Id:			15
No_of_Customers:		6
No_of_Items:			27
Customer_Sequence:		63 68 25 18 92 3 

CustId	Id	TypeId	Rotated	x	y	z	Length	Width	Height	mass	Fragility	LoadBearingStrength
3	10	2	0	0	0	0	30	8	7	390.83	0		10.471452
3	11	2	0	0	8	0	30	8	7	390.83	0		10.471452
3	12	2	0	0	16	0	30	8	7	390.83	0		10.471452
68	265	1	0	0	0	7	18	5	7	79.71	0		2.037349
18	66	3	0	0	5	7	23	10	9	775.02	1		4.266060
3	9	1	0	0	15	7	18	5	7	79.71	0		2.037349
18	65	2	0	30	0	0	30	8	7	390.83	0		10.471452
92	371	1	0	0	20	7	18	5	7	79.71	0		2.037349
92	372	1	0	0	15	14	18	5	7	79.71	0		2.037349
92	370	1	0	0	20	14	18	5	7	79.71	0		2.037349
92	373	2	0	30	8	0	30	8	7	390.83	0		10.471452
25	95	2	0	23	5	7	30	8	7	390.83	0		10.471452
25	94	2	0	23	5	14	30	8	7	390.83	0		10.471452
18	67	3	0	0	5	16	23	10	9	775.02	1		4.266060
25	96	3	0	0	15	21	23	10	9	775.02	1		4.266060
68	268	2	0	23	5	21	30	8	7	390.83	0		10.471452
68	263	1	0	0	0	14	18	5	7	79.71	0		2.037349
68	264	1	0	0	0	21	18	5	7	79.71	0		2.037349
92	374	2	0	30	16	0	30	8	7	390.83	0		10.471452
63	245	2	0	23	13	7	30	8	7	390.83	0		10.471452
68	267	1	0	18	0	7	18	5	7	79.71	0		2.037349
63	242	1	0	18	0	14	18	5	7	79.71	0		2.037349
68	266	1	0	36	0	7	18	5	7	79.71	0		2.037349
63	241	1	0	18	0	21	18	5	7	79.71	0		2.037349
63	246	3	0	23	13	14	23	10	9	775.02	1		4.266060
63	244	1	0	36	0	14	18	5	7	79.71	0		2.037349
63	243	1	0	36	0	21	18	5	7	79.71	0		2.037349


-------------------------------------------------------------------------------------------------------------------
Tour_Id:			16
No_of_Customers:		4
No_of_Items:			17
Customer_Sequence:		24 78 62 21 

CustId	Id	TypeId	Rotated	x	y	z	Length	Width	Height	mass	Fragility	LoadBearingStrength
21	78	2	0	0	0	0	30	8	7	390.83	0		10.471452
21	79	2	0	0	8	0	30	8	7	390.83	0		10.471452
21	80	3	0	0	0	7	23	10	9	775.02	1		4.266060
62	237	2	0	0	16	0	30	8	7	390.83	0		10.471452
62	238	2	0	0	10	7	30	8	7	390.83	0		10.471452
62	239	3	0	0	10	14	23	10	9	775.02	1		4.266060
62	240	3	0	0	0	16	23	10	9	775.02	1		4.266060
78	316	2	0	30	0	0	30	8	7	390.83	0		10.471452
78	318	3	0	23	0	7	23	10	9	775.02	1		4.266060
78	313	1	0	0	20	7	18	5	7	79.71	0		2.037349
78	314	1	0	0	20	14	18	5	7	79.71	0		2.037349
78	315	1	0	0	20	21	18	5	7	79.71	0		2.037349
78	317	2	0	30	8	0	30	8	7	390.83	0		10.471452
24	91	2	0	30	16	0	30	8	7	390.83	0		10.471452
24	90	1	0	18	20	7	18	5	7	79.71	0		2.037349
24	92	3	0	23	0	16	23	10	9	775.02	1		4.266060
24	93	3	0	30	10	7	23	10	9	775.02	1		4.266060


-------------------------------------------------------------------------------------------------------------------
Tour_Id:			17
No_of_Customers:		6
No_of_Items:			23
Customer_Sequence:		56 32 79 2 17 66 

CustId	Id	TypeId	Rotated	x	y	z	Length	Width	Height	mass	Fragility	LoadBearingStrength
17	63	3	0	0	0	0	23	10	9	775.02	1		4.266060
66	257	1	0	0	10	0	18	5	7	79.71	0		2.037349
66	258	1	0	0	15	0	18	5	7	79.71	0		2.037349
66	260	3	0	0	10	7	23	10	9	775.02	1		4.266060
17	62	2	0	23	0	0	30	8	7	390.83	0		10.471452
66	259	2	0	18	10	0	30	8	7	390.83	0		10.471452
17	64	3	0	0	0	9	23	10	9	775.02	1		4.266060
2	4	1	0	0	20	0	18	5	7	79.71	0		2.037349
2	5	1	0	0	20	7	18	5	7	79.71	0		2.037349
32	125	3	0	0	10	16	23	10	9	775.02	1		4.266060
79	322	2	0	23	0	7	30	8	7	390.83	0		10.471452
2	6	1	0	0	20	14	18	5	7	79.71	0		2.037349
2	7	1	0	0	20	21	18	5	7	79.71	0		2.037349
79	319	1	0	18	20	0	18	5	7	79.71	0		2.037349
79	320	1	0	18	20	7	18	5	7	79.71	0		2.037349
56	214	2	0	23	10	7	30	8	7	390.83	0		10.471452
32	124	1	0	18	20	14	18	5	7	79.71	0		2.037349
2	8	3	0	0	0	18	23	10	9	775.02	1		4.266060
79	321	1	0	23	0	14	18	5	7	79.71	0		2.037349
56	215	2	0	23	5	14	30	8	7	390.83	0		10.471452
56	212	1	0	18	20	21	18	5	7	79.71	0		2.037349
56	213	1	0	23	13	14	18	5	7	79.71	0		2.037349
56	216	3	0	23	0	21	23	10	9	775.02	1		4.266060


-------------------------------------------------------------------------------------------------------------------
Tour_Id:			18
No_of_Customers:		6
No_of_Items:			21
Customer_Sequence:		40 99 98 43 70 100 

CustId	Id	TypeId	Rotated	x	y	z	Length	Width	Height	mass	Fragility	LoadBearingStrength
70	276	3	0	0	0	0	23	10	9	775.02	1		4.266060
100	400	2	0	0	10	0	30	8	7	390.83	0		10.471452
70	273	2	0	0	10	7	30	8	7	390.83	0		10.471452
43	165	1	0	0	18	0	18	5	7	79.71	0		2.037349
43	166	2	0	0	10	14	30	8	7	390.83	0		10.471452
70	274	2	0	23	0	0	30	8	7	390.83	0		10.471452
70	275	3	0	0	0	9	23	10	9	775.02	1		4.266060
100	399	1	0	30	10	0	18	5	7	79.71	0		2.037349
40	157	2	0	0	10	21	30	8	7	390.83	0		10.471452
98	393	2	0	23	0	7	30	8	7	390.83	0		10.471452
98	394	2	0	23	0	14	30	8	7	390.83	0		10.471452
98	391	1	0	0	18	7	18	5	7	79.71	0		2.037349
98	392	1	0	0	18	14	18	5	7	79.71	0		2.037349
99	395	1	0	0	18	21	18	5	7	79.71	0		2.037349
99	398	2	0	23	0	21	30	8	7	390.83	0		10.471452
99	397	2	0	30	15	0	30	8	7	390.83	0		10.471452
99	396	1	0	30	10	7	18	5	7	79.71	0		2.037349
43	167	3	0	0	0	18	23	10	9	775.02	1		4.266060
40	158	2	0	30	15	7	30	8	7	390.83	0		10.471452
40	156	1	0	30	10	14	18	5	7	79.71	0		2.037349
40	159	3	0	30	15	14	23	10	9	775.02	1		4.266060


-------------------------------------------------------------------------------------------------------------------
Tour_Id:			19
No_of_Customers:		5
No_of_Items:			17
Customer_Sequence:		41 27 42 83 10 

CustId	Id	TypeId	Rotated	x	y	z	Length	Width	Height	mass	Fragility	LoadBearingStrength
10	38	2	0	0	0	0	30	8	7	390.83	0		10.471452
10	39	2	0	0	8	0	30	8	7	390.83	0		10.471452
83	336	2	0	0	16	0	30	8	7	390.83	0		10.471452
83	340	3	0	0	0	7	23	10	9	775.02	1		4.266060
42	162	1	0	0	10	7	18	5	7	79.71	0		2.037349
42	163	2	0	0	15	7	30	8	7	390.83	0		10.471452
83	335	1	0	30	0	0	18	5	7	79.71	0		2.037349
83	337	2	0	30	5	0	30	8	7	390.83	0		10.471452
83	339	3	0	0	0	16	23	10	9	775.02	1		4.266060
83	338	2	0	23	0	7	30	8	7	390.83	0		10.471452
42	164	3	0	0	10	14	23	10	9	775.02	1		4.266060
27	104	2	0	23	0	14	30	8	7	390.83	0		10.471452
27	103	1	0	23	8	7	18	5	7	79.71	0		2.037349
27	105	3	0	23	0	21	23	10	9	775.02	1		4.266060
27	106	3	0	30	13	0	23	10	9	775.02	1		4.266060
41	160	3	0	30	13	9	23	10	9	775.02	1		4.266060
41	161	3	0	30	13	18	23	10	9	775.02	1		4.266060


-------------------------------------------------------------------------------------------------------------------
Tour_Id:			20
No_of_Customers:		5
No_of_Items:			20
Customer_Sequence:		88 55 57 20 91 

CustId	Id	TypeId	Rotated	x	y	z	Length	Width	Height	mass	Fragility	LoadBearingStrength
91	366	2	0	0	0	0	30	8	7	390.83	0		10.471452
91	367	2	0	0	8	0	30	8	7	390.83	0		10.471452
91	368	2	0	0	16	0	30	8	7	390.83	0		10.471452
91	365	1	0	0	0	7	18	5	7	79.71	0		2.037349
91	369	3	0	0	5	7	23	10	9	775.02	1		4.266060
20	74	2	0	0	15	7	30	8	7	390.83	0		10.471452
20	75	2	0	0	15	14	30	8	7	390.83	0		10.471452
20	76	3	0	0	5	16	23	10	9	775.02	1		4.266060
20	77	3	0	0	15	21	23	10	9	775.02	1		4.266060
57	220	2	0	30	0	0	30	8	7	390.83	0		10.471452
57	221	2	0	23	0	7	30	8	7	390.83	0		10.471452
57	217	1	0	0	0	14	18	5	7	79.71	0		2.037349
57	218	1	0	0	0	21	18	5	7	79.71	0		2.037349
57	219	1	0	23	0	14	18	5	7	79.71	0		2.037349
57	222	3	0	30	8	0	23	10	9	775.02	1		4.266060
55	209	1	0	23	0	21	18	5	7	79.71	0		2.037349
55	210	3	0	30	8	9	23	10	9	775.02	1		4.266060
55	211	3	0	30	8	18	23	10	9	775.02	1		4.266060
88	357	1	0	30	18	0	18	5	7	79.71	0		2.037349
88	358	1	0	30	18	7	18	5	7	79.71	0		2.037349


