Name:				517_n100_m400_bt10
Problem:			3L-VRPTW
Number_of_used_Vehicles:	29
Total_Travel_Distance:		2163.77
Calculation_Time:		3600.00
Total_Iterations:		21420
ConstraintSet:			P1

-------------------------------------------------------------------------------------------------------------------
Tour_Id:			1
No_of_Customers:		3
No_of_Items:			9
Customer_Sequence:		35 97 93 

CustId	Id	TypeId	Rotated	x	y	z	Length	Width	Height	mass	Fragility	LoadBearingStrength
93	367	9	0	0	0	0	26	7	9	496.64	1		4.378987
93	366	9	0	0	7	0	26	7	9	496.64	1		4.378987
93	365	7	0	0	14	0	29	10	11	568.18	0		14.193701
97	386	7	0	0	14	11	29	10	11	568.18	0		14.193701
97	387	10	0	26	0	0	13	8	9	375.70	0		60.852534
35	141	4	0	0	0	9	24	11	11	1451.92	1		5.307686
35	142	7	0	29	14	0	29	10	11	568.18	0		14.193701
35	140	4	0	29	14	11	24	11	11	1451.92	1		5.307686
97	388	10	0	39	0	0	13	8	9	375.70	0		60.852534


-------------------------------------------------------------------------------------------------------------------
Tour_Id:			2
No_of_Customers:		3
No_of_Items:			14
Customer_Sequence:		92 34 77 

CustId	Id	TypeId	Rotated	x	y	z	Length	Width	Height	mass	Fragility	LoadBearingStrength
77	297	3	0	0	0	0	28	10	10	457.07	0		24.641921
77	298	3	0	0	10	0	28	10	10	457.07	0		24.641921
92	362	8	0	0	0	10	27	7	10	655.04	0		18.309790
77	299	4	0	0	7	10	24	11	11	1451.92	1		5.307686
77	301	10	0	28	0	0	13	8	9	375.70	0		60.852534
34	137	1	0	28	8	0	20	12	12	387.64	0		4.211617
34	139	5	0	28	8	12	13	11	11	382.27	0		11.858141
34	138	2	1	48	0	0	19	11	6	202.97	0		12.714309
92	359	1	1	48	0	6	20	12	12	387.64	0		4.211617
92	363	10	0	28	0	9	13	8	9	375.70	0		60.852534
92	361	6	1	41	8	12	14	7	13	168.93	0		19.434956
77	300	9	0	0	7	21	26	7	9	496.64	1		4.378987
92	364	10	0	27	0	18	13	8	9	375.70	0		60.852534
92	360	4	1	48	0	18	24	11	11	1451.92	1		5.307686


-------------------------------------------------------------------------------------------------------------------
Tour_Id:			3
No_of_Customers:		1
No_of_Items:			0
Customer_Sequence:		66 

-------------------------------------------------------------------------------------------------------------------
Tour_Id:			4
No_of_Customers:		4
No_of_Items:			15
Customer_Sequence:		49 96 10 52 

CustId	Id	TypeId	Rotated	x	y	z	Length	Width	Height	mass	Fragility	LoadBearingStrength
52	194	1	0	0	0	0	20	12	12	387.64	0		4.211617
52	195	1	0	0	12	0	20	12	12	387.64	0		4.211617
10	37	7	0	20	0	0	29	10	11	568.18	0		14.193701
10	34	1	0	0	0	12	20	12	12	387.64	0		4.211617
10	38	8	0	20	10	0	27	7	10	655.04	0		18.309790
96	385	10	0	0	12	12	13	8	9	375.70	0		60.852534
96	380	2	0	0	0	24	19	11	6	202.97	0		12.714309
10	36	6	0	20	0	11	14	7	13	168.93	0		19.434956
96	381	2	1	49	0	0	19	11	6	202.97	0		12.714309
10	35	5	0	34	0	11	13	11	11	382.27	0		11.858141
96	383	9	0	20	17	0	26	7	9	496.64	1		4.378987
96	382	4	1	49	0	6	24	11	11	1451.92	1		5.307686
96	384	9	0	20	17	9	26	7	9	496.64	1		4.378987
49	185	4	1	47	0	17	24	11	11	1451.92	1		5.307686
49	186	9	0	20	17	18	26	7	9	496.64	1		4.378987


-------------------------------------------------------------------------------------------------------------------
Tour_Id:			5
No_of_Customers:		4
No_of_Items:			20
Customer_Sequence:		5 8 24 32 

CustId	Id	TypeId	Rotated	x	y	z	Length	Width	Height	mass	Fragility	LoadBearingStrength
32	131	7	0	0	0	0	29	10	11	568.18	0		14.193701
32	132	8	0	0	10	0	27	7	10	655.04	0		18.309790
32	128	5	0	0	0	11	13	11	11	382.27	0		11.858141
32	129	5	0	13	0	11	13	11	11	382.27	0		11.858141
24	92	5	0	27	10	0	13	11	11	382.27	0		11.858141
24	93	8	0	0	17	0	27	7	10	655.04	0		18.309790
24	95	9	0	0	11	10	26	7	9	496.64	1		4.378987
24	91	2	0	0	0	22	19	11	6	202.97	0		12.714309
32	130	6	0	29	0	0	14	7	13	168.93	0		19.434956
24	94	8	0	0	18	10	27	7	10	655.04	0		18.309790
8	28	6	0	26	0	13	14	7	13	168.93	0		19.434956
5	17	10	0	27	10	11	13	8	9	375.70	0		60.852534
8	29	6	0	43	0	0	14	7	13	168.93	0		19.434956
8	27	2	0	40	7	0	19	11	6	202.97	0		12.714309
8	30	10	0	40	0	13	13	8	9	375.70	0		60.852534
5	14	1	0	40	8	6	20	12	12	387.64	0		4.211617
5	15	1	0	40	8	18	20	12	12	387.64	0		4.211617
5	16	8	0	0	18	20	27	7	10	655.04	0		18.309790
24	96	9	0	0	11	19	26	7	9	496.64	1		4.378987
5	18	10	0	27	10	20	13	8	9	375.70	0		60.852534


-------------------------------------------------------------------------------------------------------------------
Tour_Id:			6
No_of_Customers:		4
No_of_Items:			14
Customer_Sequence:		3 11 39 54 

CustId	Id	TypeId	Rotated	x	y	z	Length	Width	Height	mass	Fragility	LoadBearingStrength
11	40	7	0	0	0	0	29	10	11	568.18	0		14.193701
54	200	2	0	0	10	0	19	11	6	202.97	0		12.714309
11	41	9	0	0	0	11	26	7	9	496.64	1		4.378987
54	204	8	0	19	10	0	27	7	10	655.04	0		18.309790
54	201	2	0	0	10	6	19	11	6	202.97	0		12.714309
54	202	4	0	0	10	12	24	11	11	1451.92	1		5.307686
39	153	6	0	24	10	10	14	7	13	168.93	0		19.434956
39	152	5	0	46	10	0	13	11	11	382.27	0		11.858141
11	39	7	0	29	0	0	29	10	11	568.18	0		14.193701
54	203	6	0	24	17	0	14	7	13	168.93	0		19.434956
3	8	7	0	26	0	11	29	10	11	568.18	0		14.193701
3	7	5	0	46	10	11	13	11	11	382.27	0		11.858141
3	6	2	0	38	0	22	19	11	6	202.97	0		12.714309
3	9	10	0	24	17	13	13	8	9	375.70	0		60.852534


-------------------------------------------------------------------------------------------------------------------
Tour_Id:			7
No_of_Customers:		4
No_of_Items:			16
Customer_Sequence:		87 70 38 78 

CustId	Id	TypeId	Rotated	x	y	z	Length	Width	Height	mass	Fragility	LoadBearingStrength
78	302	1	0	0	0	0	20	12	12	387.64	0		4.211617
78	305	7	0	0	12	0	29	10	11	568.18	0		14.193701
78	304	3	0	0	12	11	28	10	10	457.07	0		24.641921
78	303	2	0	0	0	12	19	11	6	202.97	0		12.714309
78	306	10	0	0	0	18	13	8	9	375.70	0		60.852534
38	149	3	0	20	0	0	28	10	10	457.07	0		24.641921
38	150	5	0	20	0	10	13	11	11	382.27	0		11.858141
38	151	10	0	0	12	21	13	8	9	375.70	0		60.852534
70	265	1	0	29	12	0	20	12	12	387.64	0		4.211617
70	266	1	0	28	11	12	20	12	12	387.64	0		4.211617
70	269	5	0	33	0	10	13	11	11	382.27	0		11.858141
70	270	9	0	20	0	21	26	7	9	496.64	1		4.378987
70	268	2	0	28	11	24	19	11	6	202.97	0		12.714309
70	267	2	1	49	0	0	19	11	6	202.97	0		12.714309
87	340	2	1	49	0	6	19	11	6	202.97	0		12.714309
87	341	4	1	48	0	12	24	11	11	1451.92	1		5.307686


-------------------------------------------------------------------------------------------------------------------
Tour_Id:			8
No_of_Customers:		4
No_of_Items:			13
Customer_Sequence:		51 20 1 55 

CustId	Id	TypeId	Rotated	x	y	z	Length	Width	Height	mass	Fragility	LoadBearingStrength
55	205	3	0	0	0	0	28	10	10	457.07	0		24.641921
55	206	5	0	0	10	0	13	11	11	382.27	0		11.858141
1	1	2	0	13	10	0	19	11	6	202.97	0		12.714309
20	77	3	0	0	0	10	28	10	10	457.07	0		24.641921
55	207	6	1	0	10	11	14	7	13	168.93	0		19.434956
1	2	5	0	13	10	6	13	11	11	382.27	0		11.858141
51	189	3	0	0	0	20	28	10	10	457.07	0		24.641921
20	76	2	0	32	0	0	19	11	6	202.97	0		12.714309
20	78	4	0	28	0	6	24	11	11	1451.92	1		5.307686
51	191	8	0	32	11	0	27	7	10	655.04	0		18.309790
51	190	4	0	28	0	17	24	11	11	1451.92	1		5.307686
51	192	9	0	26	11	10	26	7	9	496.64	1		4.378987
51	193	9	0	26	11	19	26	7	9	496.64	1		4.378987


-------------------------------------------------------------------------------------------------------------------
Tour_Id:			9
No_of_Customers:		3
No_of_Items:			14
Customer_Sequence:		64 73 14 

CustId	Id	TypeId	Rotated	x	y	z	Length	Width	Height	mass	Fragility	LoadBearingStrength
14	52	7	0	0	0	0	29	10	11	568.18	0		14.193701
14	53	8	0	0	10	0	27	7	10	655.04	0		18.309790
14	50	1	0	0	0	11	20	12	12	387.64	0		4.211617
14	51	6	0	0	17	0	14	7	13	168.93	0		19.434956
73	279	8	0	14	17	0	27	7	10	655.04	0		18.309790
73	278	6	0	0	17	13	14	7	13	168.93	0		19.434956
73	277	2	0	0	0	23	19	11	6	202.97	0		12.714309
73	280	9	0	14	17	10	26	7	9	496.64	1		4.378987
73	281	9	0	14	17	19	26	7	9	496.64	1		4.378987
64	240	7	0	29	0	0	29	10	11	568.18	0		14.193701
64	241	7	0	20	0	11	29	10	11	568.18	0		14.193701
64	242	8	0	27	10	0	27	7	10	655.04	0		18.309790
64	244	10	0	41	17	0	13	8	9	375.70	0		60.852534
64	243	9	0	20	10	10	26	7	9	496.64	1		4.378987


-------------------------------------------------------------------------------------------------------------------
Tour_Id:			10
No_of_Customers:		3
No_of_Items:			13
Customer_Sequence:		46 86 60 

CustId	Id	TypeId	Rotated	x	y	z	Length	Width	Height	mass	Fragility	LoadBearingStrength
60	225	4	0	0	0	0	24	11	11	1451.92	1		5.307686
60	226	7	0	0	11	0	29	10	11	568.18	0		14.193701
60	228	10	0	0	11	11	13	8	9	375.70	0		60.852534
46	175	7	0	24	0	0	29	10	11	568.18	0		14.193701
60	224	2	0	13	11	11	19	11	6	202.97	0		12.714309
86	339	8	0	32	10	0	27	7	10	655.04	0		18.309790
86	338	5	0	13	11	17	13	11	11	382.27	0		11.858141
86	337	4	0	0	0	11	24	11	11	1451.92	1		5.307686
46	174	7	0	24	0	11	29	10	11	568.18	0		14.193701
60	227	9	0	32	17	0	26	7	9	496.64	1		4.378987
46	176	8	0	32	10	10	27	7	10	655.04	0		18.309790
46	178	10	0	32	10	20	13	8	9	375.70	0		60.852534
46	177	9	0	32	17	9	26	7	9	496.64	1		4.378987


-------------------------------------------------------------------------------------------------------------------
Tour_Id:			11
No_of_Customers:		4
No_of_Items:			13
Customer_Sequence:		79 44 13 58 

CustId	Id	TypeId	Rotated	x	y	z	Length	Width	Height	mass	Fragility	LoadBearingStrength
58	217	3	0	0	0	0	28	10	10	457.07	0		24.641921
58	218	8	0	0	10	0	27	7	10	655.04	0		18.309790
44	167	8	0	0	17	0	27	7	10	655.04	0		18.309790
13	46	1	0	0	0	10	20	12	12	387.64	0		4.211617
13	49	10	1	20	0	10	13	8	9	375.70	0		60.852534
13	47	5	0	28	0	0	13	11	11	382.27	0		11.858141
44	165	5	0	0	13	10	13	11	11	382.27	0		11.858141
44	166	5	0	13	13	10	13	11	11	382.27	0		11.858141
79	307	3	0	28	11	0	28	10	10	457.07	0		24.641921
44	168	9	0	0	12	21	26	7	9	496.64	1		4.378987
79	308	4	0	28	11	10	24	11	11	1451.92	1		5.307686
79	309	5	0	28	0	11	13	11	11	382.27	0		11.858141
13	48	5	0	41	0	0	13	11	11	382.27	0		11.858141


-------------------------------------------------------------------------------------------------------------------
Tour_Id:			12
No_of_Customers:		3
No_of_Items:			12
Customer_Sequence:		33 89 42 

CustId	Id	TypeId	Rotated	x	y	z	Length	Width	Height	mass	Fragility	LoadBearingStrength
42	160	1	0	0	0	0	20	12	12	387.64	0		4.211617
89	347	3	0	0	12	0	28	10	10	457.07	0		24.641921
42	161	9	0	0	0	12	26	7	9	496.64	1		4.378987
89	345	1	0	0	12	10	20	12	12	387.64	0		4.211617
89	346	2	0	0	12	22	19	11	6	202.97	0		12.714309
89	349	5	0	26	0	0	13	11	11	382.27	0		11.858141
89	350	10	1	20	12	10	13	8	9	375.70	0		60.852534
89	348	5	0	26	0	11	13	11	11	382.27	0		11.858141
33	136	7	0	28	11	0	29	10	11	568.18	0		14.193701
33	135	6	0	28	11	11	14	7	13	168.93	0		19.434956
33	134	5	0	39	0	0	13	11	11	382.27	0		11.858141
33	133	4	1	42	0	11	24	11	11	1451.92	1		5.307686


-------------------------------------------------------------------------------------------------------------------
Tour_Id:			13
No_of_Customers:		4
No_of_Items:			18
Customer_Sequence:		100 7 75 40 

CustId	Id	TypeId	Rotated	x	y	z	Length	Width	Height	mass	Fragility	LoadBearingStrength
40	154	5	0	0	0	0	13	11	11	382.27	0		11.858141
40	155	6	0	0	11	0	14	7	13	168.93	0		19.434956
40	156	6	0	0	18	0	14	7	13	168.93	0		19.434956
7	24	2	0	13	0	0	19	11	6	202.97	0		12.714309
75	288	1	0	14	11	0	20	12	12	387.64	0		4.211617
75	289	6	0	0	11	13	14	7	13	168.93	0		19.434956
75	291	10	0	0	0	11	13	8	9	375.70	0		60.852534
7	25	3	0	32	0	0	28	10	10	457.07	0		24.641921
75	290	9	0	14	11	12	26	7	9	496.64	1		4.378987
7	23	1	0	40	10	0	20	12	12	387.64	0		4.211617
75	292	10	0	0	0	20	13	8	9	375.70	0		60.852534
40	157	6	0	0	18	13	14	7	13	168.93	0		19.434956
7	26	5	0	13	0	6	13	11	11	382.27	0		11.858141
100	396	1	0	40	10	12	20	12	12	387.64	0		4.211617
100	397	3	0	32	0	10	28	10	10	457.07	0		24.641921
100	398	5	0	13	0	17	13	11	11	382.27	0		11.858141
100	400	10	0	32	0	20	13	8	9	375.70	0		60.852534
100	399	9	0	14	11	21	26	7	9	496.64	1		4.378987


-------------------------------------------------------------------------------------------------------------------
Tour_Id:			14
No_of_Customers:		5
No_of_Items:			15
Customer_Sequence:		25 48 17 47 69 

CustId	Id	TypeId	Rotated	x	y	z	Length	Width	Height	mass	Fragility	LoadBearingStrength
69	262	5	0	0	0	0	13	11	11	382.27	0		11.858141
47	179	3	0	0	11	0	28	10	10	457.07	0		24.641921
69	261	2	0	13	0	0	19	11	6	202.97	0		12.714309
69	264	10	0	0	0	11	13	8	9	375.70	0		60.852534
17	65	4	0	0	11	10	24	11	11	1451.92	1		5.307686
69	263	6	0	13	0	6	14	7	13	168.93	0		19.434956
47	180	8	0	28	11	0	27	7	10	655.04	0		18.309790
47	182	10	0	0	0	20	13	8	9	375.70	0		60.852534
17	66	8	0	24	11	10	27	7	10	655.04	0		18.309790
47	181	8	0	28	18	0	27	7	10	655.04	0		18.309790
48	183	4	0	32	0	0	24	11	11	1451.92	1		5.307686
48	184	9	0	0	11	21	26	7	9	496.64	1		4.378987
25	98	8	0	24	18	10	27	7	10	655.04	0		18.309790
25	99	10	0	13	0	19	13	8	9	375.70	0		60.852534
25	97	4	0	27	0	11	24	11	11	1451.92	1		5.307686


-------------------------------------------------------------------------------------------------------------------
Tour_Id:			15
No_of_Customers:		4
No_of_Items:			16
Customer_Sequence:		4 82 45 65 

CustId	Id	TypeId	Rotated	x	y	z	Length	Width	Height	mass	Fragility	LoadBearingStrength
65	246	3	0	0	0	0	28	10	10	457.07	0		24.641921
65	247	5	0	0	10	0	13	11	11	382.27	0		11.858141
65	245	2	0	13	10	0	19	11	6	202.97	0		12.714309
45	170	7	0	0	0	10	29	10	11	568.18	0		14.193701
45	171	7	0	29	0	0	29	10	11	568.18	0		14.193701
45	173	10	0	0	10	11	13	8	9	375.70	0		60.852534
4	11	2	0	0	0	21	19	11	6	202.97	0		12.714309
4	12	7	0	29	0	11	29	10	11	568.18	0		14.193701
45	169	1	0	13	10	6	20	12	12	387.64	0		4.211617
82	322	9	0	33	10	0	26	7	9	496.64	1		4.378987
82	323	10	0	0	11	20	13	8	9	375.70	0		60.852534
45	172	8	0	33	17	0	27	7	10	655.04	0		18.309790
82	321	6	0	33	17	10	14	7	13	168.93	0		19.434956
4	10	2	0	29	0	22	19	11	6	202.97	0		12.714309
82	320	5	0	13	11	18	13	11	11	382.27	0		11.858141
4	13	9	0	33	10	9	26	7	9	496.64	1		4.378987


-------------------------------------------------------------------------------------------------------------------
Tour_Id:			16
No_of_Customers:		4
No_of_Items:			17
Customer_Sequence:		85 91 63 99 

CustId	Id	TypeId	Rotated	x	y	z	Length	Width	Height	mass	Fragility	LoadBearingStrength
99	394	6	0	0	0	0	14	7	13	168.93	0		19.434956
99	395	6	0	0	7	0	14	7	13	168.93	0		19.434956
99	393	4	0	0	14	0	24	11	11	1451.92	1		5.307686
91	354	5	0	0	0	13	13	11	11	382.27	0		11.858141
63	237	2	0	14	0	0	19	11	6	202.97	0		12.714309
63	239	9	0	0	14	11	26	7	9	496.64	1		4.378987
91	355	8	0	26	11	0	27	7	10	655.04	0		18.309790
63	238	8	0	26	18	0	27	7	10	655.04	0		18.309790
91	357	10	0	14	0	6	13	8	9	375.70	0		60.852534
91	358	10	0	13	0	15	13	8	9	375.70	0		60.852534
91	356	9	0	0	14	20	26	7	9	496.64	1		4.378987
85	333	3	0	26	11	10	28	10	10	457.07	0		24.641921
85	332	2	0	0	0	24	19	11	6	202.97	0		12.714309
85	335	8	0	26	11	20	27	7	10	655.04	0		18.309790
85	331	2	0	33	0	0	19	11	6	202.97	0		12.714309
85	334	8	0	27	0	6	27	7	10	655.04	0		18.309790
85	336	9	0	26	0	16	26	7	9	496.64	1		4.378987


-------------------------------------------------------------------------------------------------------------------
Tour_Id:			17
No_of_Customers:		3
No_of_Items:			13
Customer_Sequence:		74 53 62 

CustId	Id	TypeId	Rotated	x	y	z	Length	Width	Height	mass	Fragility	LoadBearingStrength
62	234	1	0	0	0	0	20	12	12	387.64	0		4.211617
74	285	5	0	0	12	0	13	11	11	382.27	0		11.858141
62	235	5	0	0	0	12	13	11	11	382.27	0		11.858141
62	236	6	1	13	0	12	14	7	13	168.93	0		19.434956
53	199	6	0	20	0	0	14	7	13	168.93	0		19.434956
74	286	5	0	13	14	0	13	11	11	382.27	0		11.858141
53	197	4	0	34	0	0	24	11	11	1451.92	1		5.307686
74	282	3	0	0	14	11	28	10	10	457.07	0		24.641921
53	198	6	0	20	0	13	14	7	13	168.93	0		19.434956
53	196	4	0	34	0	11	24	11	11	1451.92	1		5.307686
74	287	10	0	0	14	21	13	8	9	375.70	0		60.852534
74	283	4	0	28	11	0	24	11	11	1451.92	1		5.307686
74	284	4	0	28	11	11	24	11	11	1451.92	1		5.307686


-------------------------------------------------------------------------------------------------------------------
Tour_Id:			18
No_of_Customers:		3
No_of_Items:			12
Customer_Sequence:		59 37 43 

CustId	Id	TypeId	Rotated	x	y	z	Length	Width	Height	mass	Fragility	LoadBearingStrength
43	164	7	0	0	0	0	29	10	11	568.18	0		14.193701
43	162	1	0	0	10	0	20	12	12	387.64	0		4.211617
37	147	7	0	0	0	11	29	10	11	568.18	0		14.193701
37	145	2	0	0	10	12	19	11	6	202.97	0		12.714309
43	163	5	0	20	10	0	13	11	11	382.27	0		11.858141
37	146	7	0	29	0	0	29	10	11	568.18	0		14.193701
59	221	3	0	29	0	11	28	10	10	457.07	0		24.641921
59	219	1	0	0	10	18	20	12	12	387.64	0		4.211617
37	148	9	0	33	10	0	26	7	9	496.64	1		4.378987
59	222	8	0	33	17	0	27	7	10	655.04	0		18.309790
59	220	2	0	29	0	21	19	11	6	202.97	0		12.714309
59	223	10	0	20	10	11	13	8	9	375.70	0		60.852534


-------------------------------------------------------------------------------------------------------------------
Tour_Id:			19
No_of_Customers:		3
No_of_Items:			13
Customer_Sequence:		27 23 90 

CustId	Id	TypeId	Rotated	x	y	z	Length	Width	Height	mass	Fragility	LoadBearingStrength
90	353	8	0	0	0	0	27	7	10	655.04	0		18.309790
90	351	5	0	0	7	0	13	11	11	382.27	0		11.858141
90	352	5	0	0	7	11	13	11	11	382.27	0		11.858141
27	106	8	0	0	18	0	27	7	10	655.04	0		18.309790
23	88	5	0	13	7	0	13	11	11	382.27	0		11.858141
23	86	1	0	27	0	0	20	12	12	387.64	0		4.211617
23	90	10	0	13	7	11	13	8	9	375.70	0		60.852534
23	87	4	0	27	0	12	24	11	11	1451.92	1		5.307686
27	104	3	0	27	12	0	28	10	10	457.07	0		24.641921
23	89	10	0	13	7	20	13	8	9	375.70	0		60.852534
27	107	8	0	0	18	10	27	7	10	655.04	0		18.309790
27	103	2	0	27	12	10	19	11	6	202.97	0		12.714309
27	105	4	0	27	12	16	24	11	11	1451.92	1		5.307686


-------------------------------------------------------------------------------------------------------------------
Tour_Id:			20
No_of_Customers:		4
No_of_Items:			13
Customer_Sequence:		88 68 6 22 

CustId	Id	TypeId	Rotated	x	y	z	Length	Width	Height	mass	Fragility	LoadBearingStrength
6	20	4	0	0	0	0	24	11	11	1451.92	1		5.307686
22	84	6	0	0	11	0	14	7	13	168.93	0		19.434956
22	83	5	0	14	11	0	13	11	11	382.27	0		11.858141
22	85	10	0	0	11	13	13	8	9	375.70	0		60.852534
6	21	7	0	24	0	0	29	10	11	568.18	0		14.193701
88	344	7	0	24	0	11	29	10	11	568.18	0		14.193701
6	22	8	0	27	11	0	27	7	10	655.04	0		18.309790
68	258	5	0	14	11	11	13	11	11	382.27	0		11.858141
68	260	10	0	27	10	10	13	8	9	375.70	0		60.852534
68	259	9	0	27	18	0	26	7	9	496.64	1		4.378987
6	19	4	0	0	0	11	24	11	11	1451.92	1		5.307686
88	343	6	0	40	10	10	14	7	13	168.93	0		19.434956
88	342	2	0	0	11	22	19	11	6	202.97	0		12.714309


-------------------------------------------------------------------------------------------------------------------
Tour_Id:			21
No_of_Customers:		3
No_of_Items:			13
Customer_Sequence:		21 15 98 

CustId	Id	TypeId	Rotated	x	y	z	Length	Width	Height	mass	Fragility	LoadBearingStrength
98	389	1	0	0	0	0	20	12	12	387.64	0		4.211617
98	391	8	0	0	12	0	27	7	10	655.04	0		18.309790
98	390	4	0	0	0	12	24	11	11	1451.92	1		5.307686
98	392	10	0	0	12	10	13	8	9	375.70	0		60.852534
15	56	8	0	24	0	0	27	7	10	655.04	0		18.309790
15	54	3	0	27	12	0	28	10	10	457.07	0		24.641921
15	55	7	0	13	12	10	29	10	11	568.18	0		14.193701
15	57	10	0	0	11	19	13	8	9	375.70	0		60.852534
15	58	10	0	13	12	21	13	8	9	375.70	0		60.852534
21	80	5	0	42	12	10	13	11	11	382.27	0		11.858141
21	81	6	0	24	0	10	14	7	13	168.93	0		19.434956
21	79	2	0	26	12	21	19	11	6	202.97	0		12.714309
21	82	10	0	38	0	10	13	8	9	375.70	0		60.852534


-------------------------------------------------------------------------------------------------------------------
Tour_Id:			22
No_of_Customers:		3
No_of_Items:			14
Customer_Sequence:		29 56 83 

CustId	Id	TypeId	Rotated	x	y	z	Length	Width	Height	mass	Fragility	LoadBearingStrength
83	327	5	0	0	0	0	13	11	11	382.27	0		11.858141
83	326	5	0	0	11	0	13	11	11	382.27	0		11.858141
83	325	3	0	13	0	0	28	10	10	457.07	0		24.641921
56	209	2	1	0	0	11	19	11	6	202.97	0		12.714309
83	324	2	0	13	10	0	19	11	6	202.97	0		12.714309
56	210	5	0	0	0	17	13	11	11	382.27	0		11.858141
56	211	6	0	0	11	17	14	7	13	168.93	0		19.434956
56	208	1	0	14	10	6	20	12	12	387.64	0		4.211617
29	112	1	0	14	10	18	20	12	12	387.64	0		4.211617
29	117	8	0	13	0	10	27	7	10	655.04	0		18.309790
29	115	5	0	34	10	0	13	11	11	382.27	0		11.858141
29	116	6	1	34	7	11	14	7	13	168.93	0		19.434956
29	113	4	1	47	0	0	24	11	11	1451.92	1		5.307686
29	114	4	1	47	0	11	24	11	11	1451.92	1		5.307686


-------------------------------------------------------------------------------------------------------------------
Tour_Id:			23
No_of_Customers:		3
No_of_Items:			12
Customer_Sequence:		2 28 57 

CustId	Id	TypeId	Rotated	x	y	z	Length	Width	Height	mass	Fragility	LoadBearingStrength
57	215	8	0	0	0	0	27	7	10	655.04	0		18.309790
57	216	8	0	0	7	0	27	7	10	655.04	0		18.309790
57	213	1	0	0	0	10	20	12	12	387.64	0		4.211617
28	108	1	0	27	0	0	20	12	12	387.64	0		4.211617
57	214	7	0	0	14	0	29	10	11	568.18	0		14.193701
57	212	1	0	0	12	11	20	12	12	387.64	0		4.211617
28	110	2	0	0	0	22	19	11	6	202.97	0		12.714309
28	111	6	1	20	0	10	14	7	13	168.93	0		19.434956
28	109	1	0	27	0	12	20	12	12	387.64	0		4.211617
2	5	7	0	29	12	0	29	10	11	568.18	0		14.193701
2	3	1	0	27	12	11	20	12	12	387.64	0		4.211617
2	4	5	0	47	0	0	13	11	11	382.27	0		11.858141


-------------------------------------------------------------------------------------------------------------------
Tour_Id:			24
No_of_Customers:		4
No_of_Items:			16
Customer_Sequence:		84 61 41 95 

CustId	Id	TypeId	Rotated	x	y	z	Length	Width	Height	mass	Fragility	LoadBearingStrength
95	376	6	0	0	0	0	14	7	13	168.93	0		19.434956
95	379	10	0	0	7	0	13	8	9	375.70	0		60.852534
95	374	3	0	0	15	0	28	10	10	457.07	0		24.641921
84	330	8	0	0	15	10	27	7	10	655.04	0		18.309790
95	378	10	0	0	7	9	13	8	9	375.70	0		60.852534
95	375	5	0	14	0	0	13	11	11	382.27	0		11.858141
61	233	6	0	0	0	13	14	7	13	168.93	0		19.434956
41	159	5	0	27	0	0	13	11	11	382.27	0		11.858141
61	229	1	0	14	0	11	20	12	12	387.64	0		4.211617
61	230	1	0	40	0	0	20	12	12	387.64	0		4.211617
41	158	3	0	28	12	0	28	10	10	457.07	0		24.641921
95	377	10	0	0	7	18	13	8	9	375.70	0		60.852534
61	232	4	0	34	0	12	24	11	11	1451.92	1		5.307686
84	329	3	0	27	12	10	28	10	10	457.07	0		24.641921
61	231	2	0	14	0	23	19	11	6	202.97	0		12.714309
84	328	2	0	27	12	20	19	11	6	202.97	0		12.714309


-------------------------------------------------------------------------------------------------------------------
Tour_Id:			25
No_of_Customers:		4
No_of_Items:			13
Customer_Sequence:		26 12 76 36 

CustId	Id	TypeId	Rotated	x	y	z	Length	Width	Height	mass	Fragility	LoadBearingStrength
36	143	1	0	0	0	0	20	12	12	387.64	0		4.211617
76	294	1	0	0	12	0	20	12	12	387.64	0		4.211617
76	293	1	0	0	0	12	20	12	12	387.64	0		4.211617
36	144	9	0	20	0	0	26	7	9	496.64	1		4.378987
76	295	3	0	20	7	0	28	10	10	457.07	0		24.641921
76	296	5	0	0	12	12	13	11	11	382.27	0		11.858141
12	43	5	0	20	7	10	13	11	11	382.27	0		11.858141
12	44	6	0	20	18	0	14	7	13	168.93	0		19.434956
12	45	6	0	20	18	13	14	7	13	168.93	0		19.434956
12	42	4	1	48	0	0	24	11	11	1451.92	1		5.307686
26	100	2	0	0	0	24	19	11	6	202.97	0		12.714309
26	102	10	0	20	7	21	13	8	9	375.70	0		60.852534
26	101	4	1	48	0	11	24	11	11	1451.92	1		5.307686


-------------------------------------------------------------------------------------------------------------------
Tour_Id:			26
No_of_Customers:		3
No_of_Items:			12
Customer_Sequence:		72 16 9 

CustId	Id	TypeId	Rotated	x	y	z	Length	Width	Height	mass	Fragility	LoadBearingStrength
9	32	5	0	0	0	0	13	11	11	382.27	0		11.858141
16	59	1	0	0	11	0	20	12	12	387.64	0		4.211617
9	31	4	0	13	0	0	24	11	11	1451.92	1		5.307686
16	63	7	0	20	11	0	29	10	11	568.18	0		14.193701
9	33	10	0	0	0	11	13	8	9	375.70	0		60.852534
16	61	5	0	0	11	12	13	11	11	382.27	0		11.858141
16	62	6	1	13	11	12	14	7	13	168.93	0		19.434956
72	274	3	0	20	11	11	28	10	10	457.07	0		24.641921
16	64	9	0	13	0	11	26	7	9	496.64	1		4.378987
16	60	2	0	37	0	0	19	11	6	202.97	0		12.714309
72	275	6	1	49	11	0	14	7	13	168.93	0		19.434956
72	276	6	1	49	11	13	14	7	13	168.93	0		19.434956


-------------------------------------------------------------------------------------------------------------------
Tour_Id:			27
No_of_Customers:		2
No_of_Items:			12
Customer_Sequence:		94 81 

CustId	Id	TypeId	Rotated	x	y	z	Length	Width	Height	mass	Fragility	LoadBearingStrength
94	371	7	0	0	0	0	29	10	11	568.18	0		14.193701
81	314	1	0	0	10	0	20	12	12	387.64	0		4.211617
94	372	7	0	0	0	11	29	10	11	568.18	0		14.193701
81	315	5	0	0	10	12	13	11	11	382.27	0		11.858141
81	316	6	1	13	10	12	14	7	13	168.93	0		19.434956
81	318	8	0	20	10	0	27	7	10	655.04	0		18.309790
81	319	8	0	20	17	0	27	7	10	655.04	0		18.309790
81	317	6	0	20	10	10	14	7	13	168.93	0		19.434956
94	369	3	0	29	0	0	28	10	10	457.07	0		24.641921
94	373	8	0	20	17	10	27	7	10	655.04	0		18.309790
94	368	2	0	34	0	10	19	11	6	202.97	0		12.714309
94	370	4	0	34	0	16	24	11	11	1451.92	1		5.307686


-------------------------------------------------------------------------------------------------------------------
Tour_Id:			28
No_of_Customers:		4
No_of_Items:			16
Customer_Sequence:		18 71 19 67 

CustId	Id	TypeId	Rotated	x	y	z	Length	Width	Height	mass	Fragility	LoadBearingStrength
67	256	5	0	0	0	0	13	11	11	382.27	0		11.858141
67	254	1	0	0	11	0	20	12	12	387.64	0		4.211617
19	74	10	0	0	0	11	13	8	9	375.70	0		60.852534
67	255	2	0	0	11	12	19	11	6	202.97	0		12.714309
19	72	6	0	13	0	0	14	7	13	168.93	0		19.434956
19	73	6	0	13	0	13	14	7	13	168.93	0		19.434956
67	257	6	0	20	11	0	14	7	13	168.93	0		19.434956
71	272	6	0	20	18	0	14	7	13	168.93	0		19.434956
18	67	1	0	0	11	18	20	12	12	387.64	0		4.211617
71	271	4	0	27	0	0	24	11	11	1451.92	1		5.307686
71	273	9	0	27	0	11	26	7	9	496.64	1		4.378987
19	75	10	0	0	0	20	13	8	9	375.70	0		60.852534
18	70	5	0	20	11	13	13	11	11	382.27	0		11.858141
18	68	4	0	34	11	0	24	11	11	1451.92	1		5.307686
18	69	4	0	34	7	11	24	11	11	1451.92	1		5.307686
18	71	9	0	27	0	20	26	7	9	496.64	1		4.378987


-------------------------------------------------------------------------------------------------------------------
Tour_Id:			29
No_of_Customers:		4
No_of_Items:			16
Customer_Sequence:		30 80 31 50 

CustId	Id	TypeId	Rotated	x	y	z	Length	Width	Height	mass	Fragility	LoadBearingStrength
31	126	6	0	0	0	0	14	7	13	168.93	0		19.434956
50	188	10	0	0	7	0	13	8	9	375.70	0		60.852534
50	187	3	0	0	15	0	28	10	10	457.07	0		24.641921
31	124	3	0	0	15	10	28	10	10	457.07	0		24.641921
31	125	5	0	14	0	0	13	11	11	382.27	0		11.858141
31	123	1	0	27	0	0	20	12	12	387.64	0		4.211617
31	127	6	0	0	7	9	14	7	13	168.93	0		19.434956
80	313	8	0	0	15	20	27	7	10	655.04	0		18.309790
80	310	2	0	27	0	12	19	11	6	202.97	0		12.714309
80	312	6	0	0	0	13	14	7	13	168.93	0		19.434956
80	311	5	0	27	0	18	13	11	11	382.27	0		11.858141
30	120	7	0	28	15	0	29	10	11	568.18	0		14.193701
30	118	3	0	28	15	11	28	10	10	457.07	0		24.641921
30	119	6	1	47	0	0	14	7	13	168.93	0		19.434956
30	121	10	0	28	15	21	13	8	9	375.70	0		60.852534
30	122	10	0	41	15	21	13	8	9	375.70	0		60.852534


