Name:				519_n100_m400_bt10
Problem:			3L-VRPTW
Number_of_used_Vehicles:	43
Total_Travel_Distance:		2872.37
Calculation_Time:		3600.00
Total_Iterations:		9788
ConstraintSet:			P1

-------------------------------------------------------------------------------------------------------------------
Tour_Id:			1
No_of_Customers:		2
No_of_Items:			10
Customer_Sequence:		47 37 

CustId	Id	TypeId	Rotated	x	y	z	Length	Width	Height	mass	Fragility	LoadBearingStrength
37	148	4	0	0	0	0	20	13	13	442.49	0		12.602869
37	152	9	0	0	13	0	33	11	13	901.46	0		8.497658
37	147	2	0	0	13	13	27	11	14	747.97	0		68.454834
37	151	9	0	20	0	0	33	11	13	901.46	0		8.497658
47	189	1	0	0	0	13	20	9	8	230.81	0		39.044801
37	150	7	0	33	13	0	21	12	11	285.86	0		50.973549
37	149	5	0	33	13	11	22	5	12	337.09	0		21.964717
47	192	8	0	20	0	13	34	12	11	626.72	1		2.095577
47	191	5	0	33	18	11	22	5	12	337.09	0		21.964717
47	190	5	1	55	0	0	22	5	12	337.09	0		21.964717


-------------------------------------------------------------------------------------------------------------------
Tour_Id:			2
No_of_Customers:		3
No_of_Items:			10
Customer_Sequence:		41 48 13 

CustId	Id	TypeId	Rotated	x	y	z	Length	Width	Height	mass	Fragility	LoadBearingStrength
13	53	4	0	0	0	0	20	13	13	442.49	0		12.602869
48	195	8	0	0	13	0	34	12	11	626.72	1		2.095577
13	54	10	0	0	0	13	13	8	10	143.17	0		7.982819
48	197	9	0	20	0	0	33	11	13	901.46	0		8.497658
48	193	5	0	0	8	13	22	5	12	337.09	0		21.964717
48	198	10	0	13	0	13	13	8	10	143.17	0		7.982819
48	194	7	0	26	0	13	21	12	11	285.86	0		50.973549
48	196	8	0	0	13	11	34	12	11	626.72	1		2.095577
41	165	4	0	34	12	0	20	13	13	442.49	0		12.602869
41	166	6	0	34	12	13	23	13	11	423.89	1		2.316178


-------------------------------------------------------------------------------------------------------------------
Tour_Id:			3
No_of_Customers:		2
No_of_Items:			9
Customer_Sequence:		58 44 

CustId	Id	TypeId	Rotated	x	y	z	Length	Width	Height	mass	Fragility	LoadBearingStrength
44	177	6	0	0	0	0	23	13	11	423.89	1		2.316178
44	179	7	0	0	13	0	21	12	11	285.86	0		50.973549
44	176	6	0	0	0	11	23	13	11	423.89	1		2.316178
44	180	8	0	21	13	0	34	12	11	626.72	1		2.095577
58	235	3	0	23	0	0	27	11	14	569.23	0		9.575649
44	178	7	0	0	13	11	21	12	11	285.86	0		50.973549
58	233	1	0	0	13	22	20	9	8	230.81	0		39.044801
58	234	1	0	23	0	14	20	9	8	230.81	0		39.044801
58	236	10	1	50	0	0	13	8	10	143.17	0		7.982819


-------------------------------------------------------------------------------------------------------------------
Tour_Id:			4
No_of_Customers:		2
No_of_Items:			10
Customer_Sequence:		9 64 

CustId	Id	TypeId	Rotated	x	y	z	Length	Width	Height	mass	Fragility	LoadBearingStrength
64	258	2	0	0	0	0	27	11	14	747.97	0		68.454834
64	260	7	0	0	11	0	21	12	11	285.86	0		50.973549
64	259	6	0	0	11	11	23	13	11	423.89	1		2.316178
9	39	2	0	0	0	14	27	11	14	747.97	0		68.454834
64	262	10	0	21	11	0	13	8	10	143.17	0		7.982819
9	37	2	0	27	0	0	27	11	14	747.97	0		68.454834
9	38	2	0	27	0	14	27	11	14	747.97	0		68.454834
64	261	10	0	23	11	10	13	8	10	143.17	0		7.982819
9	40	4	0	36	11	0	20	13	13	442.49	0		12.602869
9	41	7	0	36	11	13	21	12	11	285.86	0		50.973549


-------------------------------------------------------------------------------------------------------------------
Tour_Id:			5
No_of_Customers:		2
No_of_Items:			8
Customer_Sequence:		30 80 

CustId	Id	TypeId	Rotated	x	y	z	Length	Width	Height	mass	Fragility	LoadBearingStrength
80	321	9	0	0	0	0	33	11	13	901.46	0		8.497658
80	319	7	0	0	11	0	21	12	11	285.86	0		50.973549
80	320	8	0	0	0	13	34	12	11	626.72	1		2.095577
30	117	7	0	0	12	11	21	12	11	285.86	0		50.973549
30	118	7	0	21	12	0	21	12	11	285.86	0		50.973549
30	119	7	0	21	12	11	21	12	11	285.86	0		50.973549
30	115	1	0	0	12	22	20	9	8	230.81	0		39.044801
30	116	6	1	42	0	0	23	13	11	423.89	1		2.316178


-------------------------------------------------------------------------------------------------------------------
Tour_Id:			6
No_of_Customers:		3
No_of_Items:			12
Customer_Sequence:		3 50 97 

CustId	Id	TypeId	Rotated	x	y	z	Length	Width	Height	mass	Fragility	LoadBearingStrength
97	384	9	0	0	0	0	33	11	13	901.46	0		8.497658
97	386	10	0	0	11	0	13	8	10	143.17	0		7.982819
50	205	10	0	0	11	10	13	8	10	143.17	0		7.982819
97	385	9	0	0	0	13	33	11	13	901.46	0		8.497658
97	383	3	0	33	0	0	27	11	14	569.23	0		9.575649
50	204	1	0	13	11	0	20	9	8	230.81	0		39.044801
3	11	2	0	33	11	0	27	11	14	747.97	0		68.454834
3	12	3	0	33	0	14	27	11	14	569.23	0		9.575649
3	13	4	0	33	11	14	20	13	13	442.49	0		12.602869
3	10	1	0	13	11	8	20	9	8	230.81	0		39.044801
3	14	5	0	0	20	0	22	5	12	337.09	0		21.964717
3	15	10	0	0	11	20	13	8	10	143.17	0		7.982819


-------------------------------------------------------------------------------------------------------------------
Tour_Id:			7
No_of_Customers:		2
No_of_Items:			9
Customer_Sequence:		21 31 

CustId	Id	TypeId	Rotated	x	y	z	Length	Width	Height	mass	Fragility	LoadBearingStrength
31	121	4	0	0	0	0	20	13	13	442.49	0		12.602869
31	120	1	0	0	13	0	20	9	8	230.81	0		39.044801
31	122	6	0	0	0	13	23	13	11	423.89	1		2.316178
21	84	2	0	20	13	0	27	11	14	747.97	0		68.454834
21	85	3	0	20	13	14	27	11	14	569.23	0		9.575649
21	86	4	0	23	0	0	20	13	13	442.49	0		12.602869
21	83	1	0	0	13	8	20	9	8	230.81	0		39.044801
21	88	10	0	0	13	16	13	8	10	143.17	0		7.982819
21	87	6	0	23	0	13	23	13	11	423.89	1		2.316178


-------------------------------------------------------------------------------------------------------------------
Tour_Id:			8
No_of_Customers:		2
No_of_Items:			8
Customer_Sequence:		11 63 

CustId	Id	TypeId	Rotated	x	y	z	Length	Width	Height	mass	Fragility	LoadBearingStrength
63	255	6	0	0	0	0	23	13	11	423.89	1		2.316178
63	257	9	0	0	13	0	33	11	13	901.46	0		8.497658
11	45	6	0	0	0	11	23	13	11	423.89	1		2.316178
63	254	3	0	0	13	13	27	11	14	569.23	0		9.575649
11	48	9	0	23	0	0	33	11	13	901.46	0		8.497658
11	47	8	0	23	0	13	34	12	11	626.72	1		2.095577
63	256	7	0	33	13	0	21	12	11	285.86	0		50.973549
11	46	6	0	33	12	11	23	13	11	423.89	1		2.316178


-------------------------------------------------------------------------------------------------------------------
Tour_Id:			9
No_of_Customers:		3
No_of_Items:			9
Customer_Sequence:		79 22 42 

CustId	Id	TypeId	Rotated	x	y	z	Length	Width	Height	mass	Fragility	LoadBearingStrength
42	169	9	0	0	0	0	33	11	13	901.46	0		8.497658
42	170	9	0	0	11	0	33	11	13	901.46	0		8.497658
22	89	1	0	0	0	13	20	9	8	230.81	0		39.044801
42	167	2	0	0	9	13	27	11	14	747.97	0		68.454834
22	90	2	0	33	0	0	27	11	14	747.97	0		68.454834
42	168	4	0	33	11	0	20	13	13	442.49	0		12.602869
79	318	9	0	27	11	13	33	11	13	901.46	0		8.497658
22	91	10	0	20	0	13	13	8	10	143.17	0		7.982819
79	317	2	0	33	0	14	27	11	14	747.97	0		68.454834


-------------------------------------------------------------------------------------------------------------------
Tour_Id:			10
No_of_Customers:		3
No_of_Items:			8
Customer_Sequence:		25 56 20 

CustId	Id	TypeId	Rotated	x	y	z	Length	Width	Height	mass	Fragility	LoadBearingStrength
20	81	4	0	0	0	0	20	13	13	442.49	0		12.602869
56	227	2	0	0	13	0	27	11	14	747.97	0		68.454834
20	82	5	0	0	0	13	22	5	12	337.09	0		21.964717
25	101	8	0	22	0	0	34	12	11	626.72	1		2.095577
25	99	3	0	0	13	14	27	11	14	569.23	0		9.575649
25	102	10	0	0	5	13	13	8	10	143.17	0		7.982819
56	228	6	0	27	12	0	23	13	11	423.89	1		2.316178
25	100	6	0	22	0	11	23	13	11	423.89	1		2.316178


-------------------------------------------------------------------------------------------------------------------
Tour_Id:			11
No_of_Customers:		2
No_of_Items:			8
Customer_Sequence:		95 1 

CustId	Id	TypeId	Rotated	x	y	z	Length	Width	Height	mass	Fragility	LoadBearingStrength
1	2	2	0	0	0	0	27	11	14	747.97	0		68.454834
1	5	8	0	0	11	0	34	12	11	626.72	1		2.095577
1	1	1	0	0	0	14	20	9	8	230.81	0		39.044801
1	3	3	0	27	0	0	27	11	14	569.23	0		9.575649
1	4	6	0	0	11	11	23	13	11	423.89	1		2.316178
95	377	9	0	20	0	14	33	11	13	901.46	0		8.497658
95	376	4	0	34	11	0	20	13	13	442.49	0		12.602869
95	375	1	0	0	0	22	20	9	8	230.81	0		39.044801


-------------------------------------------------------------------------------------------------------------------
Tour_Id:			12
No_of_Customers:		3
No_of_Items:			9
Customer_Sequence:		23 68 90 

CustId	Id	TypeId	Rotated	x	y	z	Length	Width	Height	mass	Fragility	LoadBearingStrength
90	354	4	0	0	0	0	20	13	13	442.49	0		12.602869
90	353	3	0	0	13	0	27	11	14	569.23	0		9.575649
68	274	4	0	0	0	13	20	13	13	442.49	0		12.602869
23	92	1	0	0	13	14	20	9	8	230.81	0		39.044801
68	273	3	0	20	0	0	27	11	14	569.23	0		9.575649
68	275	5	0	20	0	14	22	5	12	337.09	0		21.964717
68	272	2	0	27	13	0	27	11	14	747.97	0		68.454834
23	94	10	0	20	5	14	13	8	10	143.17	0		7.982819
23	93	8	0	20	13	14	34	12	11	626.72	1		2.095577


-------------------------------------------------------------------------------------------------------------------
Tour_Id:			13
No_of_Customers:		3
No_of_Items:			12
Customer_Sequence:		71 8 66 

CustId	Id	TypeId	Rotated	x	y	z	Length	Width	Height	mass	Fragility	LoadBearingStrength
66	266	2	0	0	0	0	27	11	14	747.97	0		68.454834
66	268	10	0	0	11	0	13	8	10	143.17	0		7.982819
66	267	3	0	0	0	14	27	11	14	569.23	0		9.575649
8	32	4	0	13	11	0	20	13	13	442.49	0		12.602869
8	35	10	0	0	11	10	13	8	10	143.17	0		7.982819
8	33	5	0	13	11	13	22	5	12	337.09	0		21.964717
71	287	3	0	27	0	0	27	11	14	569.23	0		9.575649
8	34	6	0	33	11	0	23	13	11	423.89	1		2.316178
71	286	2	0	27	0	14	27	11	14	747.97	0		68.454834
8	36	10	0	0	11	20	13	8	10	143.17	0		7.982819
71	288	5	0	13	16	13	22	5	12	337.09	0		21.964717
71	289	6	0	35	11	11	23	13	11	423.89	1		2.316178


-------------------------------------------------------------------------------------------------------------------
Tour_Id:			14
No_of_Customers:		2
No_of_Items:			10
Customer_Sequence:		94 2 

CustId	Id	TypeId	Rotated	x	y	z	Length	Width	Height	mass	Fragility	LoadBearingStrength
2	6	2	0	0	0	0	27	11	14	747.97	0		68.454834
2	7	2	0	0	11	0	27	11	14	747.97	0		68.454834
2	8	5	0	0	0	14	22	5	12	337.09	0		21.964717
2	9	10	0	0	5	14	13	8	10	143.17	0		7.982819
94	374	9	0	27	0	0	33	11	13	901.46	0		8.497658
94	372	6	0	27	11	0	23	13	11	423.89	1		2.316178
94	369	1	0	0	13	14	20	9	8	230.81	0		39.044801
94	371	5	1	22	0	14	22	5	12	337.09	0		21.964717
94	370	2	0	27	0	13	27	11	14	747.97	0		68.454834
94	373	6	0	27	11	11	23	13	11	423.89	1		2.316178


-------------------------------------------------------------------------------------------------------------------
Tour_Id:			15
No_of_Customers:		3
No_of_Items:			9
Customer_Sequence:		76 6 84 

CustId	Id	TypeId	Rotated	x	y	z	Length	Width	Height	mass	Fragility	LoadBearingStrength
84	334	7	0	0	0	0	21	12	11	285.86	0		50.973549
6	26	9	0	0	12	0	33	11	13	901.46	0		8.497658
84	335	8	0	21	0	0	34	12	11	626.72	1		2.095577
6	24	4	0	0	12	13	20	13	13	442.49	0		12.602869
6	23	3	0	33	12	0	27	11	14	569.23	0		9.575649
6	25	7	0	0	0	11	21	12	11	285.86	0		50.973549
6	27	10	0	20	12	13	13	8	10	143.17	0		7.982819
76	308	4	0	33	12	14	20	13	13	442.49	0		12.602869
76	309	8	0	21	0	11	34	12	11	626.72	1		2.095577


-------------------------------------------------------------------------------------------------------------------
Tour_Id:			16
No_of_Customers:		2
No_of_Items:			11
Customer_Sequence:		19 61 

CustId	Id	TypeId	Rotated	x	y	z	Length	Width	Height	mass	Fragility	LoadBearingStrength
61	245	2	0	0	0	0	27	11	14	747.97	0		68.454834
61	250	10	0	0	11	0	13	8	10	143.17	0		7.982819
61	246	2	0	0	0	14	27	11	14	747.97	0		68.454834
61	248	4	0	13	11	0	20	13	13	442.49	0		12.602869
19	76	2	0	27	0	0	27	11	14	747.97	0		68.454834
19	79	6	0	13	11	13	23	13	11	423.89	1		2.316178
61	247	4	0	33	11	0	20	13	13	442.49	0		12.602869
19	80	7	0	36	11	13	21	12	11	285.86	0		50.973549
19	77	3	0	27	0	14	27	11	14	569.23	0		9.575649
19	78	5	1	54	0	0	22	5	12	337.09	0		21.964717
61	249	10	0	0	11	10	13	8	10	143.17	0		7.982819


-------------------------------------------------------------------------------------------------------------------
Tour_Id:			17
No_of_Customers:		2
No_of_Items:			9
Customer_Sequence:		34 85 

CustId	Id	TypeId	Rotated	x	y	z	Length	Width	Height	mass	Fragility	LoadBearingStrength
85	338	8	0	0	0	0	34	12	11	626.72	1		2.095577
85	336	2	0	0	12	0	27	11	14	747.97	0		68.454834
85	339	10	0	0	12	14	13	8	10	143.17	0		7.982819
85	337	6	0	27	12	0	23	13	11	423.89	1		2.316178
34	135	7	0	34	0	0	21	12	11	285.86	0		50.973549
34	133	5	0	34	0	11	22	5	12	337.09	0		21.964717
34	137	10	0	13	12	14	13	8	10	143.17	0		7.982819
34	136	8	0	0	0	11	34	12	11	626.72	1		2.095577
34	134	6	0	27	12	11	23	13	11	423.89	1		2.316178


-------------------------------------------------------------------------------------------------------------------
Tour_Id:			18
No_of_Customers:		2
No_of_Items:			9
Customer_Sequence:		67 69 

CustId	Id	TypeId	Rotated	x	y	z	Length	Width	Height	mass	Fragility	LoadBearingStrength
69	280	9	0	0	0	0	33	11	13	901.46	0		8.497658
69	281	9	0	0	11	0	33	11	13	901.46	0		8.497658
69	278	6	0	0	0	13	23	13	11	423.89	1		2.316178
69	279	7	0	0	13	13	21	12	11	285.86	0		50.973549
69	277	3	0	33	0	0	27	11	14	569.23	0		9.575649
69	276	3	0	33	11	0	27	11	14	569.23	0		9.575649
67	269	4	0	33	0	14	20	13	13	442.49	0		12.602869
67	271	7	0	33	13	14	21	12	11	285.86	0		50.973549
67	270	5	1	54	0	14	22	5	12	337.09	0		21.964717


-------------------------------------------------------------------------------------------------------------------
Tour_Id:			19
No_of_Customers:		3
No_of_Items:			11
Customer_Sequence:		12 93 78 

CustId	Id	TypeId	Rotated	x	y	z	Length	Width	Height	mass	Fragility	LoadBearingStrength
78	315	3	0	0	0	0	27	11	14	569.23	0		9.575649
93	364	3	0	0	11	0	27	11	14	569.23	0		9.575649
78	316	5	0	0	0	14	22	5	12	337.09	0		21.964717
93	366	7	0	0	5	14	21	12	11	285.86	0		50.973549
93	367	7	0	27	0	0	21	12	11	285.86	0		50.973549
93	368	7	0	27	12	0	21	12	11	285.86	0		50.973549
12	50	6	0	27	0	11	23	13	11	423.89	1		2.316178
12	49	3	0	27	13	11	27	11	14	569.23	0		9.575649
12	51	7	1	48	0	0	21	12	11	285.86	0		50.973549
12	52	10	1	50	0	11	13	8	10	143.17	0		7.982819
93	365	5	0	0	17	14	22	5	12	337.09	0		21.964717


-------------------------------------------------------------------------------------------------------------------
Tour_Id:			20
No_of_Customers:		2
No_of_Items:			10
Customer_Sequence:		5 51 

CustId	Id	TypeId	Rotated	x	y	z	Length	Width	Height	mass	Fragility	LoadBearingStrength
51	207	3	0	0	0	0	27	11	14	569.23	0		9.575649
51	206	3	0	0	11	0	27	11	14	569.23	0		9.575649
51	209	5	0	0	0	14	22	5	12	337.09	0		21.964717
51	208	4	0	0	5	14	20	13	13	442.49	0		12.602869
51	210	9	0	27	0	0	33	11	13	901.46	0		8.497658
5	20	9	0	27	11	0	33	11	13	901.46	0		8.497658
5	21	10	1	20	5	14	13	8	10	143.17	0		7.982819
5	18	1	0	28	0	13	20	9	8	230.81	0		39.044801
5	19	7	0	28	9	13	21	12	11	285.86	0		50.973549
5	22	10	1	49	0	13	13	8	10	143.17	0		7.982819


-------------------------------------------------------------------------------------------------------------------
Tour_Id:			21
No_of_Customers:		2
No_of_Items:			10
Customer_Sequence:		49 17 

CustId	Id	TypeId	Rotated	x	y	z	Length	Width	Height	mass	Fragility	LoadBearingStrength
17	66	2	0	0	0	0	27	11	14	747.97	0		68.454834
17	67	3	0	0	11	0	27	11	14	569.23	0		9.575649
17	68	4	0	0	0	14	20	13	13	442.49	0		12.602869
17	69	4	0	27	0	0	20	13	13	442.49	0		12.602869
49	202	7	0	0	13	14	21	12	11	285.86	0		50.973549
49	200	5	1	21	0	14	22	5	12	337.09	0		21.964717
49	201	6	0	27	0	13	23	13	11	423.89	1		2.316178
49	199	3	0	27	13	0	27	11	14	569.23	0		9.575649
49	203	8	0	26	13	14	34	12	11	626.72	1		2.095577
17	70	10	0	47	0	0	13	8	10	143.17	0		7.982819


-------------------------------------------------------------------------------------------------------------------
Tour_Id:			22
No_of_Customers:		2
No_of_Items:			9
Customer_Sequence:		55 96 

CustId	Id	TypeId	Rotated	x	y	z	Length	Width	Height	mass	Fragility	LoadBearingStrength
96	378	2	0	0	0	0	27	11	14	747.97	0		68.454834
96	379	3	0	0	11	0	27	11	14	569.23	0		9.575649
96	382	7	0	0	0	14	21	12	11	285.86	0		50.973549
96	380	4	0	0	12	14	20	13	13	442.49	0		12.602869
55	225	6	0	27	0	0	23	13	11	423.89	1		2.316178
55	226	9	0	27	13	0	33	11	13	901.46	0		8.497658
55	223	3	0	27	13	13	27	11	14	569.23	0		9.575649
55	224	6	0	27	0	11	23	13	11	423.89	1		2.316178
96	381	5	1	21	0	14	22	5	12	337.09	0		21.964717


-------------------------------------------------------------------------------------------------------------------
Tour_Id:			23
No_of_Customers:		3
No_of_Items:			9
Customer_Sequence:		26 62 29 

CustId	Id	TypeId	Rotated	x	y	z	Length	Width	Height	mass	Fragility	LoadBearingStrength
29	112	2	0	0	0	0	27	11	14	747.97	0		68.454834
29	113	8	0	0	11	0	34	12	11	626.72	1		2.095577
26	104	4	0	0	0	14	20	13	13	442.49	0		12.602869
62	252	2	0	27	0	0	27	11	14	747.97	0		68.454834
29	114	8	0	0	13	11	34	12	11	626.72	1		2.095577
62	253	7	0	34	11	0	21	12	11	285.86	0		50.973549
26	105	9	0	20	0	14	33	11	13	901.46	0		8.497658
62	251	1	0	34	13	11	20	9	8	230.81	0		39.044801
26	103	1	0	34	11	19	20	9	8	230.81	0		39.044801


-------------------------------------------------------------------------------------------------------------------
Tour_Id:			24
No_of_Customers:		3
No_of_Items:			12
Customer_Sequence:		57 72 88 

CustId	Id	TypeId	Rotated	x	y	z	Length	Width	Height	mass	Fragility	LoadBearingStrength
88	347	4	0	0	0	0	20	13	13	442.49	0		12.602869
88	348	5	0	0	13	0	22	5	12	337.09	0		21.964717
88	349	10	0	0	0	13	13	8	10	143.17	0		7.982819
72	290	4	0	20	0	0	20	13	13	442.49	0		12.602869
72	291	5	0	0	18	0	22	5	12	337.09	0		21.964717
57	230	7	0	0	13	12	21	12	11	285.86	0		50.973549
72	292	5	0	0	8	13	22	5	12	337.09	0		21.964717
72	293	8	0	22	13	0	34	12	11	626.72	1		2.095577
72	294	10	0	13	0	13	13	8	10	143.17	0		7.982819
57	229	4	0	40	0	0	20	13	13	442.49	0		12.602869
57	232	9	0	26	0	13	33	11	13	901.46	0		8.497658
57	231	8	0	22	13	11	34	12	11	626.72	1		2.095577


-------------------------------------------------------------------------------------------------------------------
Tour_Id:			25
No_of_Customers:		2
No_of_Items:			8
Customer_Sequence:		89 87 

CustId	Id	TypeId	Rotated	x	y	z	Length	Width	Height	mass	Fragility	LoadBearingStrength
87	345	9	0	0	0	0	33	11	13	901.46	0		8.497658
87	346	9	0	0	11	0	33	11	13	901.46	0		8.497658
87	342	2	0	0	0	13	27	11	14	747.97	0		68.454834
89	350	1	0	0	11	13	20	9	8	230.81	0		39.044801
87	343	2	0	33	0	0	27	11	14	747.97	0		68.454834
89	351	2	0	27	0	14	27	11	14	747.97	0		68.454834
87	344	4	0	33	11	0	20	13	13	442.49	0		12.602869
89	352	8	0	20	11	13	34	12	11	626.72	1		2.095577


-------------------------------------------------------------------------------------------------------------------
Tour_Id:			26
No_of_Customers:		2
No_of_Items:			8
Customer_Sequence:		7 46 

CustId	Id	TypeId	Rotated	x	y	z	Length	Width	Height	mass	Fragility	LoadBearingStrength
46	186	3	0	0	0	0	27	11	14	569.23	0		9.575649
46	185	1	0	0	11	0	20	9	8	230.81	0		39.044801
46	188	10	0	0	11	8	13	8	10	143.17	0		7.982819
46	187	8	0	20	11	0	34	12	11	626.72	1		2.095577
7	31	9	0	0	0	14	33	11	13	901.46	0		8.497658
7	28	2	0	27	0	0	27	11	14	747.97	0		68.454834
7	29	3	0	33	0	14	27	11	14	569.23	0		9.575649
7	30	6	0	20	11	11	23	13	11	423.89	1		2.316178


-------------------------------------------------------------------------------------------------------------------
Tour_Id:			27
No_of_Customers:		2
No_of_Items:			8
Customer_Sequence:		82 24 

CustId	Id	TypeId	Rotated	x	y	z	Length	Width	Height	mass	Fragility	LoadBearingStrength
24	98	9	0	0	0	0	33	11	13	901.46	0		8.497658
24	96	3	0	0	11	0	27	11	14	569.23	0		9.575649
24	95	1	0	0	0	13	20	9	8	230.81	0		39.044801
82	327	7	0	0	11	14	21	12	11	285.86	0		50.973549
82	326	3	0	27	11	0	27	11	14	569.23	0		9.575649
24	97	5	0	33	0	0	22	5	12	337.09	0		21.964717
82	329	10	0	20	0	13	13	8	10	143.17	0		7.982819
82	328	8	0	21	11	14	34	12	11	626.72	1		2.095577


-------------------------------------------------------------------------------------------------------------------
Tour_Id:			28
No_of_Customers:		3
No_of_Items:			8
Customer_Sequence:		53 4 38 

CustId	Id	TypeId	Rotated	x	y	z	Length	Width	Height	mass	Fragility	LoadBearingStrength
38	154	6	0	0	0	0	23	13	11	423.89	1		2.316178
38	153	3	0	0	13	0	27	11	14	569.23	0		9.575649
53	215	3	0	0	13	14	27	11	14	569.23	0		9.575649
38	155	6	0	0	0	11	23	13	11	423.89	1		2.316178
4	17	9	0	23	0	0	33	11	13	901.46	0		8.497658
38	156	9	0	27	13	0	33	11	13	901.46	0		8.497658
4	16	4	0	23	0	13	20	13	13	442.49	0		12.602869
53	216	7	0	27	13	13	21	12	11	285.86	0		50.973549


-------------------------------------------------------------------------------------------------------------------
Tour_Id:			29
No_of_Customers:		2
No_of_Items:			8
Customer_Sequence:		77 36 

CustId	Id	TypeId	Rotated	x	y	z	Length	Width	Height	mass	Fragility	LoadBearingStrength
36	144	2	0	0	0	0	27	11	14	747.97	0		68.454834
36	145	3	0	0	11	0	27	11	14	569.23	0		9.575649
36	146	3	0	0	0	14	27	11	14	569.23	0		9.575649
77	311	3	0	0	11	14	27	11	14	569.23	0		9.575649
77	312	6	0	27	0	0	23	13	11	423.89	1		2.316178
77	310	2	0	27	13	0	27	11	14	747.97	0		68.454834
77	313	6	0	27	0	11	23	13	11	423.89	1		2.316178
77	314	9	0	27	13	14	33	11	13	901.46	0		8.497658


-------------------------------------------------------------------------------------------------------------------
Tour_Id:			30
No_of_Customers:		2
No_of_Items:			11
Customer_Sequence:		98 59 

CustId	Id	TypeId	Rotated	x	y	z	Length	Width	Height	mass	Fragility	LoadBearingStrength
59	238	2	0	0	0	0	27	11	14	747.97	0		68.454834
59	237	2	0	0	11	0	27	11	14	747.97	0		68.454834
98	388	5	0	0	0	14	22	5	12	337.09	0		21.964717
59	241	10	0	0	5	14	13	8	10	143.17	0		7.982819
98	391	9	0	27	0	0	33	11	13	901.46	0		8.497658
59	240	9	0	27	11	0	33	11	13	901.46	0		8.497658
59	239	7	0	0	13	14	21	12	11	285.86	0		50.973549
98	387	4	0	27	0	13	20	13	13	442.49	0		12.602869
98	389	5	1	22	0	14	22	5	12	337.09	0		21.964717
98	392	10	0	27	13	13	13	8	10	143.17	0		7.982819
98	390	6	1	47	0	13	23	13	11	423.89	1		2.316178


-------------------------------------------------------------------------------------------------------------------
Tour_Id:			31
No_of_Customers:		3
No_of_Items:			11
Customer_Sequence:		86 65 32 

CustId	Id	TypeId	Rotated	x	y	z	Length	Width	Height	mass	Fragility	LoadBearingStrength
32	124	3	0	0	0	0	27	11	14	569.23	0		9.575649
32	127	7	0	0	11	0	21	12	11	285.86	0		50.973549
32	125	5	0	0	11	11	22	5	12	337.09	0		21.964717
32	123	1	0	0	16	11	20	9	8	230.81	0		39.044801
65	265	9	0	0	0	14	33	11	13	901.46	0		8.497658
32	126	6	0	22	11	0	23	13	11	423.89	1		2.316178
86	340	1	0	0	16	19	20	9	8	230.81	0		39.044801
65	263	2	0	27	0	0	27	11	14	747.97	0		68.454834
32	128	10	0	45	11	0	13	8	10	143.17	0		7.982819
65	264	7	0	33	0	14	21	12	11	285.86	0		50.973549
86	341	6	0	22	12	11	23	13	11	423.89	1		2.316178


-------------------------------------------------------------------------------------------------------------------
Tour_Id:			32
No_of_Customers:		2
No_of_Items:			9
Customer_Sequence:		91 54 

CustId	Id	TypeId	Rotated	x	y	z	Length	Width	Height	mass	Fragility	LoadBearingStrength
54	221	9	0	0	0	0	33	11	13	901.46	0		8.497658
54	218	4	0	0	11	0	20	13	13	442.49	0		12.602869
54	219	4	0	0	0	13	20	13	13	442.49	0		12.602869
54	220	7	0	0	13	13	21	12	11	285.86	0		50.973549
54	217	1	0	20	11	0	20	9	8	230.81	0		39.044801
54	222	10	0	20	0	13	13	8	10	143.17	0		7.982819
91	356	7	1	40	0	0	21	12	11	285.86	0		50.973549
91	357	7	1	40	0	11	21	12	11	285.86	0		50.973549
91	355	5	1	52	0	0	22	5	12	337.09	0		21.964717


-------------------------------------------------------------------------------------------------------------------
Tour_Id:			33
No_of_Customers:		2
No_of_Items:			8
Customer_Sequence:		16 15 

CustId	Id	TypeId	Rotated	x	y	z	Length	Width	Height	mass	Fragility	LoadBearingStrength
15	60	9	0	0	0	0	33	11	13	901.46	0		8.497658
15	58	4	0	0	11	0	20	13	13	442.49	0		12.602869
15	59	7	0	0	0	13	21	12	11	285.86	0		50.973549
15	61	10	0	0	12	13	13	8	10	143.17	0		7.982819
15	62	10	1	13	12	13	13	8	10	143.17	0		7.982819
16	64	2	0	21	11	0	27	11	14	747.97	0		68.454834
16	65	3	0	21	11	14	27	11	14	569.23	0		9.575649
16	63	1	0	33	0	0	20	9	8	230.81	0		39.044801


-------------------------------------------------------------------------------------------------------------------
Tour_Id:			34
No_of_Customers:		2
No_of_Items:			8
Customer_Sequence:		43 73 

CustId	Id	TypeId	Rotated	x	y	z	Length	Width	Height	mass	Fragility	LoadBearingStrength
73	296	2	0	0	0	0	27	11	14	747.97	0		68.454834
73	297	5	0	0	11	0	22	5	12	337.09	0		21.964717
43	173	2	0	0	0	14	27	11	14	747.97	0		68.454834
43	171	2	0	22	11	0	27	11	14	747.97	0		68.454834
43	175	6	0	22	11	14	23	13	11	423.89	1		2.316178
73	295	1	0	0	16	0	20	9	8	230.81	0		39.044801
43	174	3	0	27	0	0	27	11	14	569.23	0		9.575649
43	172	2	0	27	0	14	27	11	14	747.97	0		68.454834


-------------------------------------------------------------------------------------------------------------------
Tour_Id:			35
No_of_Customers:		2
No_of_Items:			9
Customer_Sequence:		35 60 

CustId	Id	TypeId	Rotated	x	y	z	Length	Width	Height	mass	Fragility	LoadBearingStrength
60	243	6	0	0	0	0	23	13	11	423.89	1		2.316178
60	244	8	0	0	13	0	34	12	11	626.72	1		2.095577
35	139	2	0	23	0	0	27	11	14	747.97	0		68.454834
60	242	1	0	34	13	0	20	9	8	230.81	0		39.044801
35	140	4	0	23	0	14	20	13	13	442.49	0		12.602869
35	138	1	0	34	13	8	20	9	8	230.81	0		39.044801
35	141	5	0	34	13	16	22	5	12	337.09	0		21.964717
35	142	5	1	54	0	0	22	5	12	337.09	0		21.964717
35	143	8	0	0	13	11	34	12	11	626.72	1		2.095577


-------------------------------------------------------------------------------------------------------------------
Tour_Id:			36
No_of_Customers:		2
No_of_Items:			9
Customer_Sequence:		45 18 

CustId	Id	TypeId	Rotated	x	y	z	Length	Width	Height	mass	Fragility	LoadBearingStrength
18	74	9	0	0	0	0	33	11	13	901.46	0		8.497658
18	72	2	0	0	11	0	27	11	14	747.97	0		68.454834
18	71	1	0	0	0	13	20	9	8	230.81	0		39.044801
45	183	7	0	0	11	14	21	12	11	285.86	0		50.973549
18	75	10	0	20	0	13	13	8	10	143.17	0		7.982819
18	73	3	0	27	11	0	27	11	14	569.23	0		9.575649
45	184	9	0	21	11	14	33	11	13	901.46	0		8.497658
45	182	3	0	33	0	0	27	11	14	569.23	0		9.575649
45	181	3	0	33	0	14	27	11	14	569.23	0		9.575649


-------------------------------------------------------------------------------------------------------------------
Tour_Id:			37
No_of_Customers:		2
No_of_Items:			10
Customer_Sequence:		40 70 

CustId	Id	TypeId	Rotated	x	y	z	Length	Width	Height	mass	Fragility	LoadBearingStrength
70	282	4	0	0	0	0	20	13	13	442.49	0		12.602869
40	160	7	0	0	13	0	21	12	11	285.86	0		50.973549
70	284	7	0	0	0	13	21	12	11	285.86	0		50.973549
70	285	9	0	20	0	0	33	11	13	901.46	0		8.497658
70	283	5	0	21	0	13	22	5	12	337.09	0		21.964717
40	159	3	0	0	13	11	27	11	14	569.23	0		9.575649
40	161	9	0	27	11	0	33	11	13	901.46	0		8.497658
40	162	10	0	21	5	13	13	8	10	143.17	0		7.982819
40	163	10	0	34	5	13	13	8	10	143.17	0		7.982819
40	164	10	0	27	13	13	13	8	10	143.17	0		7.982819


-------------------------------------------------------------------------------------------------------------------
Tour_Id:			38
No_of_Customers:		4
No_of_Items:			10
Customer_Sequence:		39 28 100 75 

CustId	Id	TypeId	Rotated	x	y	z	Length	Width	Height	mass	Fragility	LoadBearingStrength
75	305	3	0	0	0	0	27	11	14	569.23	0		9.575649
75	304	1	0	0	11	0	20	9	8	230.81	0		39.044801
75	306	5	0	0	20	0	22	5	12	337.09	0		21.964717
28	110	2	0	0	0	14	27	11	14	747.97	0		68.454834
100	399	8	0	22	11	0	34	12	11	626.72	1		2.095577
100	400	9	0	27	0	0	33	11	13	901.46	0		8.497658
75	307	10	0	0	11	8	13	8	10	143.17	0		7.982819
28	111	5	0	0	20	12	22	5	12	337.09	0		21.964717
39	157	9	0	27	0	13	33	11	13	901.46	0		8.497658
39	158	10	0	0	11	18	13	8	10	143.17	0		7.982819


-------------------------------------------------------------------------------------------------------------------
Tour_Id:			39
No_of_Customers:		2
No_of_Items:			9
Customer_Sequence:		14 99 

CustId	Id	TypeId	Rotated	x	y	z	Length	Width	Height	mass	Fragility	LoadBearingStrength
99	398	9	0	0	0	0	33	11	13	901.46	0		8.497658
99	396	7	0	0	11	0	21	12	11	285.86	0		50.973549
99	394	5	0	0	11	11	22	5	12	337.09	0		21.964717
99	397	8	0	22	11	0	34	12	11	626.72	1		2.095577
14	57	9	0	0	0	13	33	11	13	901.46	0		8.497658
14	55	3	0	33	0	0	27	11	14	569.23	0		9.575649
14	56	7	0	33	0	14	21	12	11	285.86	0		50.973549
99	395	6	0	22	12	11	23	13	11	423.89	1		2.316178
99	393	1	0	0	16	11	20	9	8	230.81	0		39.044801


-------------------------------------------------------------------------------------------------------------------
Tour_Id:			40
No_of_Customers:		2
No_of_Items:			10
Customer_Sequence:		92 83 

CustId	Id	TypeId	Rotated	x	y	z	Length	Width	Height	mass	Fragility	LoadBearingStrength
92	358	2	0	0	0	0	27	11	14	747.97	0		68.454834
83	331	4	0	0	11	0	20	13	13	442.49	0		12.602869
83	332	4	0	0	11	13	20	13	13	442.49	0		12.602869
83	330	4	0	20	11	0	20	13	13	442.49	0		12.602869
92	362	7	0	20	11	13	21	12	11	285.86	0		50.973549
92	363	9	0	0	0	14	33	11	13	901.46	0		8.497658
92	359	3	0	27	0	0	27	11	14	569.23	0		9.575649
83	333	10	0	40	11	0	13	8	10	143.17	0		7.982819
92	360	3	0	33	0	14	27	11	14	569.23	0		9.575649
92	361	5	1	54	0	0	22	5	12	337.09	0		21.964717


-------------------------------------------------------------------------------------------------------------------
Tour_Id:			41
No_of_Customers:		3
No_of_Items:			11
Customer_Sequence:		10 52 33 

CustId	Id	TypeId	Rotated	x	y	z	Length	Width	Height	mass	Fragility	LoadBearingStrength
33	132	9	0	0	0	0	33	11	13	901.46	0		8.497658
33	129	7	0	0	11	0	21	12	11	285.86	0		50.973549
33	131	8	0	0	0	13	34	12	11	626.72	1		2.095577
33	130	7	0	0	12	11	21	12	11	285.86	0		50.973549
52	213	3	0	21	12	0	27	11	14	569.23	0		9.575649
52	212	1	0	0	12	22	20	9	8	230.81	0		39.044801
52	211	1	0	21	12	14	20	9	8	230.81	0		39.044801
52	214	7	0	34	0	0	21	12	11	285.86	0		50.973549
10	44	7	0	34	0	11	21	12	11	285.86	0		50.973549
10	42	1	0	20	12	22	20	9	8	230.81	0		39.044801
10	43	1	0	34	0	22	20	9	8	230.81	0		39.044801


-------------------------------------------------------------------------------------------------------------------
Tour_Id:			42
No_of_Customers:		2
No_of_Items:			8
Customer_Sequence:		81 27 

CustId	Id	TypeId	Rotated	x	y	z	Length	Width	Height	mass	Fragility	LoadBearingStrength
27	106	2	0	0	0	0	27	11	14	747.97	0		68.454834
27	108	6	0	0	11	0	23	13	11	423.89	1		2.316178
27	107	5	0	0	0	14	22	5	12	337.09	0		21.964717
27	109	7	0	23	11	0	21	12	11	285.86	0		50.973549
81	323	9	0	27	0	0	33	11	13	901.46	0		8.497658
81	324	9	0	27	0	13	33	11	13	901.46	0		8.497658
81	325	10	0	0	5	14	13	8	10	143.17	0		7.982819
81	322	8	0	0	13	11	34	12	11	626.72	1		2.095577


-------------------------------------------------------------------------------------------------------------------
Tour_Id:			43
No_of_Customers:		1
No_of_Items:			0
Customer_Sequence:		74 

