Name:				521_n100_m400_bt100
Problem:			3L-VRPTW
Number_of_used_Vehicles:	35
Total_Travel_Distance:		2577.84
Calculation_Time:		3600.00
Total_Iterations:		4501
ConstraintSet:			P1

-------------------------------------------------------------------------------------------------------------------
Tour_Id:			1
No_of_Customers:		4
No_of_Items:			15
Customer_Sequence:		55 57 11 33 

CustId	Id	TypeId	Rotated	x	y	z	Length	Width	Height	mass	Fragility	LoadBearingStrength
33	133	84	0	0	0	0	19	12	9	2229.54	0		108.412672
33	130	27	0	0	12	0	13	13	12	834.36	0		15.538137
33	131	50	0	13	12	0	31	9	7	580.01	0		25.822736
33	129	25	0	0	0	9	19	8	12	251.35	0		48.755536
11	39	39	0	13	12	7	24	10	12	417.65	0		4.938560
33	132	60	0	0	0	21	17	5	6	301.82	1		19.121692
11	41	65	0	19	0	0	26	9	12	376.63	0		10.058945
11	40	49	0	13	12	19	25	11	10	418.10	1		3.348084
57	225	9	0	19	0	12	16	10	6	416.73	0		28.230352
57	226	28	0	19	0	18	14	9	7	98.29	0		7.994143
55	218	35	1	45	0	0	20	10	7	222.29	0		35.214723
55	216	3	1	45	0	7	24	9	6	234.80	0		12.748273
55	220	72	1	45	0	13	25	6	8	161.29	0		15.252717
55	219	36	1	35	0	12	12	8	9	125.96	0		54.469155
55	217	24	0	33	0	21	16	9	7	228	1		10.804573


-------------------------------------------------------------------------------------------------------------------
Tour_Id:			2
No_of_Customers:		2
No_of_Items:			12
Customer_Sequence:		87 43 

CustId	Id	TypeId	Rotated	x	y	z	Length	Width	Height	mass	Fragility	LoadBearingStrength
43	170	59	0	0	0	0	28	6	9	216.60	0		10.901518
43	169	59	0	0	6	0	28	6	9	216.60	0		10.901518
43	172	98	0	0	12	0	21	13	6	170.74	0		44.994888
43	167	25	0	0	12	6	19	8	12	251.35	0		48.755536
43	171	67	0	28	0	0	19	14	9	1306.09	0		197.424915
43	168	26	0	0	0	9	26	10	12	523.96	1		2.946887
87	342	63	0	21	14	0	30	9	14	621.96	0		23.359658
87	343	94	0	26	0	9	21	14	12	426.26	0		15.646528
87	341	39	0	21	14	14	24	10	12	417.65	0		4.938560
87	338	2	1	51	0	0	20	9	13	358.57	0		18.106923
87	340	33	0	0	20	6	19	5	12	148.35	1		2.840369
87	339	24	0	0	10	18	16	9	7	228	1		10.804573


-------------------------------------------------------------------------------------------------------------------
Tour_Id:			3
No_of_Customers:		4
No_of_Items:			13
Customer_Sequence:		29 8 100 90 

CustId	Id	TypeId	Rotated	x	y	z	Length	Width	Height	mass	Fragility	LoadBearingStrength
90	355	91	0	0	0	0	17	14	9	405.95	0		17.865882
90	353	19	0	0	14	0	23	10	12	319.95	0		16.231029
100	398	35	0	0	0	9	20	10	7	222.29	0		35.214723
100	397	6	0	0	14	12	25	11	10	436.31	0		6.795077
90	354	25	0	23	14	0	19	8	12	251.35	0		48.755536
100	400	95	0	0	14	22	28	6	8	145.91	0		3.872287
100	399	49	0	20	0	0	25	11	10	418.10	1		3.348084
8	30	79	0	0	0	16	16	5	14	146.93	0		18.651757
29	111	81	0	42	14	0	14	11	12	278.19	0		12.989680
8	29	15	0	20	0	10	18	12	7	175.41	1		4.579440
8	31	82	0	45	0	0	14	7	6	79.04	0		24.951444
29	110	53	0	42	14	12	17	9	8	573.80	0		43.940027
29	109	22	0	20	0	17	14	12	11	280.57	1		2.710848


-------------------------------------------------------------------------------------------------------------------
Tour_Id:			4
No_of_Customers:		3
No_of_Items:			13
Customer_Sequence:		36 85 22 

CustId	Id	TypeId	Rotated	x	y	z	Length	Width	Height	mass	Fragility	LoadBearingStrength
22	81	42	0	0	0	0	29	14	14	1026.73	0		12.567334
36	143	74	0	0	0	14	17	12	7	231.80	0		34.460861
22	82	96	0	29	0	0	19	13	14	449.51	1		2.920788
85	333	65	0	0	14	0	26	9	12	376.63	0		10.058945
85	332	61	0	29	13	0	29	12	9	483.12	0		21.672689
85	330	26	0	0	14	12	26	10	12	523.96	1		2.946887
85	331	60	0	0	14	24	17	5	6	301.82	1		19.121692
36	142	67	0	0	0	21	19	14	9	1306.09	0		197.424915
36	144	78	0	26	14	9	17	10	10	246.27	0		7.192272
22	80	18	1	48	0	0	13	12	13	371.68	0		20.561085
36	139	7	0	26	14	19	22	8	8	210.04	0		19.358117
36	141	36	1	19	0	14	12	8	9	125.96	0		54.469155
36	140	11	0	27	0	14	14	12	11	216.94	1		2.342541


-------------------------------------------------------------------------------------------------------------------
Tour_Id:			5
No_of_Customers:		3
No_of_Items:			11
Customer_Sequence:		59 97 34 

CustId	Id	TypeId	Rotated	x	y	z	Length	Width	Height	mass	Fragility	LoadBearingStrength
34	134	8	0	0	0	0	28	12	12	467.91	0		2.907221
34	136	84	0	0	12	0	19	12	9	2229.54	0		108.412672
34	135	45	0	0	12	9	21	9	12	363.51	1		5.618800
97	386	80	0	0	0	12	21	10	7	260.61	0		8.150450
97	385	31	0	0	0	19	28	6	10	245.25	0		6.263931
59	233	85	0	21	12	0	29	9	14	653.48	0		12.184401
59	232	62	0	21	12	14	21	12	12	485.23	0		13.508927
59	230	2	0	28	0	0	20	9	13	358.57	0		18.106923
59	231	55	0	28	0	13	16	8	13	256.10	1		2.240179
59	235	99	1	50	0	0	23	9	12	2781.99	1		43.064272
59	234	99	1	50	0	12	23	9	12	2781.99	1		43.064272


-------------------------------------------------------------------------------------------------------------------
Tour_Id:			6
No_of_Customers:		2
No_of_Items:			9
Customer_Sequence:		88 72 

CustId	Id	TypeId	Rotated	x	y	z	Length	Width	Height	mass	Fragility	LoadBearingStrength
72	283	76	0	0	0	0	16	14	13	509.99	0		4.080527
88	347	47	0	0	14	0	34	6	14	328.04	0		6.842346
72	284	93	0	0	20	0	22	5	14	282.43	0		16.733403
88	346	44	0	0	14	14	22	10	14	572.88	0		18.588092
72	282	29	0	16	0	0	29	8	11	496.11	0		11.468619
88	344	12	0	16	0	11	23	10	12	1640.62	0		55.830906
88	349	91	1	45	0	0	17	14	9	405.95	0		17.865882
88	345	41	0	0	0	13	16	10	10	223.87	0		7.134969
88	348	82	0	0	0	23	14	7	6	79.04	0		24.951444


-------------------------------------------------------------------------------------------------------------------
Tour_Id:			7
No_of_Customers:		2
No_of_Items:			11
Customer_Sequence:		54 3 

CustId	Id	TypeId	Rotated	x	y	z	Length	Width	Height	mass	Fragility	LoadBearingStrength
3	11	81	0	0	0	0	14	11	12	278.19	0		12.989680
3	10	73	0	0	11	0	14	13	12	258.64	0		6.647057
3	8	21	0	14	0	0	34	12	6	385.24	0		16.423286
54	211	27	0	0	0	12	13	13	12	834.36	0		15.538137
3	9	54	0	14	12	0	35	13	6	410.14	1		3.423541
54	213	44	0	14	0	6	22	10	14	572.88	0		18.588092
3	7	10	0	0	13	12	17	10	8	310.43	0		38.100889
54	214	81	0	36	0	6	14	11	12	278.19	0		12.989680
54	212	32	0	0	13	20	20	11	7	189.40	0		28.384139
54	215	95	0	13	0	20	28	6	8	145.91	0		3.872287
54	210	20	0	20	11	6	18	8	14	349.39	1		4.532442


-------------------------------------------------------------------------------------------------------------------
Tour_Id:			8
No_of_Customers:		3
No_of_Items:			11
Customer_Sequence:		42 98 14 

CustId	Id	TypeId	Rotated	x	y	z	Length	Width	Height	mass	Fragility	LoadBearingStrength
14	49	34	0	0	0	0	16	7	11	440.03	0		172.768695
14	48	8	0	0	7	0	28	12	12	467.91	0		2.907221
98	390	47	0	0	19	0	34	6	14	328.04	0		6.842346
98	392	87	0	28	0	0	27	14	12	804.49	0		8.534586
98	388	16	0	0	7	12	16	11	8	200.31	0		13.429564
42	166	47	0	0	19	14	34	6	14	328.04	0		6.842346
98	391	79	0	0	0	11	16	5	14	146.93	0		18.651757
98	387	15	0	0	7	20	18	12	7	175.41	1		4.579440
42	164	4	0	18	0	12	28	12	14	725.10	0		7.802398
98	389	26	0	34	14	0	26	10	12	523.96	1		2.946887
42	165	11	0	34	12	12	14	12	11	216.94	1		2.342541


-------------------------------------------------------------------------------------------------------------------
Tour_Id:			9
No_of_Customers:		3
No_of_Items:			8
Customer_Sequence:		76 1 58 

CustId	Id	TypeId	Rotated	x	y	z	Length	Width	Height	mass	Fragility	LoadBearingStrength
1	2	70	0	0	0	0	34	14	13	1000.17	0		48.961899
58	227	6	0	0	14	0	25	11	10	436.31	0		6.795077
58	229	45	0	0	14	10	21	9	12	363.51	1		5.618800
58	228	38	0	25	14	0	33	8	10	420.22	0		4.099418
76	295	70	0	0	0	13	34	14	13	1000.17	0		48.961899
1	1	27	0	34	0	0	13	13	12	834.36	0		15.538137
76	296	73	0	34	0	12	14	13	12	258.64	0		6.647057
76	294	37	0	34	0	24	14	14	6	123.98	0		9.072133


-------------------------------------------------------------------------------------------------------------------
Tour_Id:			10
No_of_Customers:		2
No_of_Items:			8
Customer_Sequence:		4 77 

CustId	Id	TypeId	Rotated	x	y	z	Length	Width	Height	mass	Fragility	LoadBearingStrength
77	299	76	0	0	0	0	16	14	13	509.99	0		4.080527
4	12	13	0	16	0	0	33	13	13	1010.83	1		5.884260
77	301	83	0	0	14	0	31	6	8	267.81	0		10.403151
4	13	18	0	0	0	13	13	12	13	371.68	0		20.561085
77	300	78	0	31	13	0	17	10	10	246.27	0		7.192272
77	297	15	0	31	13	10	18	12	7	175.41	1		4.579440
77	298	22	0	31	13	17	14	12	11	280.57	1		2.710848
4	14	96	0	13	0	13	19	13	14	449.51	1		2.920788


-------------------------------------------------------------------------------------------------------------------
Tour_Id:			11
No_of_Customers:		3
No_of_Items:			12
Customer_Sequence:		49 95 41 

CustId	Id	TypeId	Rotated	x	y	z	Length	Width	Height	mass	Fragility	LoadBearingStrength
41	162	19	0	0	0	0	23	10	12	319.95	0		16.231029
41	163	91	0	0	10	0	17	14	9	405.95	0		17.865882
41	161	16	0	0	10	9	16	11	8	200.31	0		13.429564
95	378	66	0	0	0	12	27	8	14	556.36	0		6.754690
95	379	78	0	0	10	17	17	10	10	246.27	0		7.192272
95	377	37	0	17	10	0	14	14	6	123.98	0		9.072133
95	376	20	0	17	10	6	18	8	14	349.39	1		4.532442
49	194	62	0	35	0	0	21	12	12	485.23	0		13.508927
49	192	39	0	35	12	0	24	10	12	417.65	0		4.938560
49	193	49	0	35	0	12	25	11	10	418.10	1		3.348084
49	191	37	0	35	11	12	14	14	6	123.98	0		9.072133
49	190	16	0	35	11	18	16	11	8	200.31	0		13.429564


-------------------------------------------------------------------------------------------------------------------
Tour_Id:			12
No_of_Customers:		3
No_of_Items:			15
Customer_Sequence:		83 48 39 

CustId	Id	TypeId	Rotated	x	y	z	Length	Width	Height	mass	Fragility	LoadBearingStrength
39	158	94	0	0	0	0	21	14	12	426.26	0		15.646528
39	157	88	0	0	14	0	33	11	8	633.81	0		14.128148
39	155	29	0	0	14	8	29	8	11	496.11	0		11.468619
39	156	35	0	0	0	12	20	10	7	222.29	0		35.214723
48	186	52	0	21	0	0	19	13	14	525.74	0		14.594775
48	187	55	0	20	0	14	16	8	13	256.10	1		2.240179
48	189	91	1	0	0	19	17	14	9	405.95	0		17.865882
48	188	56	0	0	17	19	12	6	10	115.15	0		11.232744
48	185	14	0	33	14	0	24	7	8	155	0		7.731794
83	323	52	0	40	0	0	19	13	14	525.74	0		14.594775
83	326	73	0	36	0	14	14	13	12	258.64	0		6.647057
83	322	41	0	29	13	8	16	10	10	223.87	0		7.134969
83	321	9	0	29	13	18	16	10	6	416.73	0		28.230352
83	325	71	0	12	17	19	12	5	9	105.50	0		28.869389
83	324	55	1	50	0	14	16	8	13	256.10	1		2.240179


-------------------------------------------------------------------------------------------------------------------
Tour_Id:			13
No_of_Customers:		3
No_of_Items:			11
Customer_Sequence:		35 10 37 

CustId	Id	TypeId	Rotated	x	y	z	Length	Width	Height	mass	Fragility	LoadBearingStrength
37	148	70	0	0	0	0	34	14	13	1000.17	0		48.961899
10	38	86	0	0	0	13	34	14	11	945.84	0		16.512858
37	145	10	0	0	14	0	17	10	8	310.43	0		38.100889
37	149	100	0	34	0	0	18	12	6	754.21	0		42.032126
37	147	63	0	17	14	0	30	9	14	621.96	0		23.359658
10	35	71	0	17	14	14	12	5	9	105.50	0		28.869389
10	37	76	0	34	0	6	16	14	13	509.99	0		4.080527
37	146	24	0	0	14	8	16	9	7	228	1		10.804573
10	36	71	0	17	19	14	12	5	9	105.50	0		28.869389
35	138	57	0	29	14	14	17	8	10	156.93	0		7.408263
35	137	54	0	0	0	24	35	13	6	410.14	1		3.423541


-------------------------------------------------------------------------------------------------------------------
Tour_Id:			14
No_of_Customers:		2
No_of_Items:			8
Customer_Sequence:		79 99 

CustId	Id	TypeId	Rotated	x	y	z	Length	Width	Height	mass	Fragility	LoadBearingStrength
99	393	18	0	0	0	0	13	12	13	371.68	0		20.561085
99	394	54	0	0	12	0	35	13	6	410.14	1		3.423541
99	396	100	0	13	0	0	18	12	6	754.21	0		42.032126
99	395	93	0	13	0	6	22	5	14	282.43	0		16.733403
79	307	62	0	35	0	0	21	12	12	485.23	0		13.508927
79	308	76	0	35	0	12	16	14	13	509.99	0		4.080527
79	306	27	0	35	12	0	13	13	12	834.36	0		15.538137
79	305	11	0	0	12	6	14	12	11	216.94	1		2.342541


-------------------------------------------------------------------------------------------------------------------
Tour_Id:			15
No_of_Customers:		2
No_of_Items:			12
Customer_Sequence:		93 32 

CustId	Id	TypeId	Rotated	x	y	z	Length	Width	Height	mass	Fragility	LoadBearingStrength
32	123	8	0	0	0	0	28	12	12	467.91	0		2.907221
32	126	39	0	0	12	0	24	10	12	417.65	0		4.938560
32	127	63	0	0	0	12	30	9	14	621.96	0		23.359658
32	128	80	0	0	9	12	21	10	7	260.61	0		8.150450
32	124	16	0	0	9	19	16	11	8	200.31	0		13.429564
32	125	19	0	24	12	0	23	10	12	319.95	0		16.231029
93	370	75	0	21	9	12	22	10	8	347.59	0		21.569234
93	367	19	0	30	0	0	23	10	12	319.95	0		16.231029
93	372	92	0	47	12	0	12	12	13	358.28	0		11.789418
93	371	85	0	30	0	12	29	9	14	653.48	0		12.184401
93	369	59	0	16	9	20	28	6	9	216.60	0		10.901518
93	368	58	0	47	12	13	12	9	14	228.57	0		13.055399


-------------------------------------------------------------------------------------------------------------------
Tour_Id:			16
No_of_Customers:		4
No_of_Items:			12
Customer_Sequence:		44 64 68 53 

CustId	Id	TypeId	Rotated	x	y	z	Length	Width	Height	mass	Fragility	LoadBearingStrength
53	209	97	0	0	0	0	22	11	12	505.18	1		3.290104
53	207	10	0	0	11	0	17	10	8	310.43	0		38.100889
53	208	15	0	0	11	8	18	12	7	175.41	1		4.579440
68	271	27	0	18	11	0	13	13	12	834.36	0		15.538137
68	270	23	0	22	0	0	26	8	9	212.29	0		4.356818
68	269	20	0	0	0	12	18	8	14	349.39	1		4.532442
64	258	87	0	31	11	0	27	14	12	804.49	0		8.534586
64	257	75	0	18	11	12	22	10	8	347.59	0		21.569234
64	255	20	0	0	11	15	18	8	14	349.39	1		4.532442
64	256	22	0	40	11	12	14	12	11	280.57	1		2.710848
44	173	39	0	22	0	9	24	10	12	417.65	0		4.938560
44	174	72	0	18	0	21	25	6	8	161.29	0		15.252717


-------------------------------------------------------------------------------------------------------------------
Tour_Id:			17
No_of_Customers:		4
No_of_Items:			13
Customer_Sequence:		15 47 75 17 

CustId	Id	TypeId	Rotated	x	y	z	Length	Width	Height	mass	Fragility	LoadBearingStrength
17	60	88	0	0	0	0	33	11	8	633.81	0		14.128148
17	59	16	0	0	11	0	16	11	8	200.31	0		13.429564
17	61	95	0	0	0	8	28	6	8	145.91	0		3.872287
75	293	95	0	0	6	8	28	6	8	145.91	0		3.872287
75	292	79	0	0	12	8	16	5	14	146.93	0		18.651757
47	181	17	0	0	0	16	31	12	14	951.09	0		14.476959
47	184	87	0	33	0	0	27	14	12	804.49	0		8.534586
47	182	51	0	33	0	12	19	13	11	458.96	0		20.994659
47	183	71	0	0	17	8	12	5	9	105.50	0		28.869389
15	51	30	0	16	14	0	35	9	6	239.37	0		17.488014
15	52	37	0	31	0	23	14	14	6	123.98	0		9.072133
15	53	79	0	16	14	6	16	5	14	146.93	0		18.651757
15	50	20	0	32	14	6	18	8	14	349.39	1		4.532442


-------------------------------------------------------------------------------------------------------------------
Tour_Id:			18
No_of_Customers:		2
No_of_Items:			11
Customer_Sequence:		30 92 

CustId	Id	TypeId	Rotated	x	y	z	Length	Width	Height	mass	Fragility	LoadBearingStrength
92	362	4	0	0	0	0	28	12	14	725.10	0		7.802398
92	366	88	0	0	12	0	33	11	8	633.81	0		14.128148
92	365	67	0	0	0	14	19	14	9	1306.09	0		197.424915
30	114	17	0	28	0	0	31	12	14	951.09	0		14.476959
92	363	29	0	0	14	8	29	8	11	496.11	0		11.468619
92	364	52	0	33	12	0	19	13	14	525.74	0		14.594775
30	117	67	0	19	0	14	19	14	9	1306.09	0		197.424915
30	115	18	0	38	0	14	13	12	13	371.68	0		20.561085
30	116	41	0	0	14	19	16	10	10	223.87	0		7.134969
30	112	9	0	0	0	23	16	10	6	416.73	0		28.230352
30	113	15	0	16	0	23	18	12	7	175.41	1		4.579440


-------------------------------------------------------------------------------------------------------------------
Tour_Id:			19
No_of_Customers:		4
No_of_Items:			12
Customer_Sequence:		45 40 46 61 

CustId	Id	TypeId	Rotated	x	y	z	Length	Width	Height	mass	Fragility	LoadBearingStrength
61	244	61	0	0	0	0	29	12	9	483.12	0		21.672689
61	242	1	0	0	12	0	34	8	10	351.56	0		10.154052
61	243	31	0	0	0	9	28	6	10	245.25	0		6.263931
46	179	58	0	0	12	10	12	9	14	228.57	0		13.055399
46	178	8	0	29	0	0	28	12	12	467.91	0		2.907221
61	245	69	0	0	6	9	19	5	12	985.23	0		69.085686
46	180	99	0	12	12	10	23	9	12	2781.99	1		43.064272
40	160	72	0	0	0	19	25	6	8	161.29	0		15.252717
40	159	15	0	12	12	22	18	12	7	175.41	1		4.579440
45	176	61	0	28	0	12	29	12	9	483.12	0		21.672689
45	177	75	0	25	0	21	22	10	8	347.59	0		21.569234
45	175	53	0	35	12	0	17	9	8	573.80	0		43.940027


-------------------------------------------------------------------------------------------------------------------
Tour_Id:			20
No_of_Customers:		2
No_of_Items:			10
Customer_Sequence:		52 20 

CustId	Id	TypeId	Rotated	x	y	z	Length	Width	Height	mass	Fragility	LoadBearingStrength
20	73	86	0	0	0	0	34	14	11	945.84	0		16.512858
20	70	1	0	0	14	0	34	8	10	351.56	0		10.154052
20	72	52	0	0	0	11	19	13	14	525.74	0		14.594775
20	71	18	0	19	0	11	13	12	13	371.68	0		20.561085
52	203	65	0	0	14	10	26	9	12	376.63	0		10.058945
52	205	92	0	34	0	0	12	12	13	358.28	0		11.789418
52	204	81	0	32	0	13	14	11	12	278.19	0		12.989680
52	202	14	0	0	13	22	24	7	8	155	0		7.731794
52	201	2	0	34	12	0	20	9	13	358.57	0		18.106923
52	206	97	0	32	11	13	22	11	12	505.18	1		3.290104


-------------------------------------------------------------------------------------------------------------------
Tour_Id:			21
No_of_Customers:		4
No_of_Items:			12
Customer_Sequence:		89 71 69 13 

CustId	Id	TypeId	Rotated	x	y	z	Length	Width	Height	mass	Fragility	LoadBearingStrength
13	45	18	0	0	0	0	13	12	13	371.68	0		20.561085
13	46	46	0	0	12	0	21	11	9	299.03	0		49.145286
13	47	61	0	13	0	0	29	12	9	483.12	0		21.672689
71	279	22	0	0	12	9	14	12	11	280.57	1		2.710848
69	273	57	0	0	0	13	17	8	10	156.93	0		7.408263
69	272	43	0	17	0	9	29	12	13	879.48	1		6.257234
71	280	56	1	14	12	9	12	6	10	115.15	0		11.232744
69	274	98	0	21	12	0	21	13	6	170.74	0		44.994888
71	281	68	0	17	0	22	20	8	8	228.39	1		18.018543
89	350	4	0	21	12	6	28	12	14	725.10	0		7.802398
89	351	19	1	49	0	0	23	10	12	319.95	0		16.231029
89	352	38	0	21	12	20	33	8	10	420.22	0		4.099418


-------------------------------------------------------------------------------------------------------------------
Tour_Id:			22
No_of_Customers:		2
No_of_Items:			10
Customer_Sequence:		24 16 

CustId	Id	TypeId	Rotated	x	y	z	Length	Width	Height	mass	Fragility	LoadBearingStrength
16	58	64	0	0	0	0	35	14	14	1357.71	0		95.409889
16	57	39	0	0	14	0	24	10	12	417.65	0		4.938560
16	55	29	0	0	14	12	29	8	11	496.11	0		11.468619
16	56	30	0	0	0	14	35	9	6	239.37	0		17.488014
16	54	3	0	0	0	20	24	9	6	234.80	0		12.748273
24	90	29	0	29	14	0	29	8	11	496.11	0		11.468619
24	92	91	0	35	0	0	17	14	9	405.95	0		17.865882
24	89	27	0	35	0	9	13	13	12	834.36	0		15.538137
24	88	25	0	29	14	11	19	8	12	251.35	0		48.755536
24	91	60	0	0	9	14	17	5	6	301.82	1		19.121692


-------------------------------------------------------------------------------------------------------------------
Tour_Id:			23
No_of_Customers:		2
No_of_Items:			10
Customer_Sequence:		25 81 

CustId	Id	TypeId	Rotated	x	y	z	Length	Width	Height	mass	Fragility	LoadBearingStrength
81	316	87	0	0	0	0	27	14	12	804.49	0		8.534586
81	313	44	0	0	14	0	22	10	14	572.88	0		18.588092
25	94	48	0	0	0	12	23	14	12	530.57	0		22.817274
81	315	80	0	0	14	14	21	10	7	260.61	0		8.150450
81	314	74	0	27	0	0	17	12	7	231.80	0		34.460861
81	317	93	0	22	14	0	22	5	14	282.43	0		16.733403
25	95	62	0	27	0	7	21	12	12	485.23	0		13.508927
25	96	62	1	48	0	0	21	12	12	485.23	0		13.508927
25	97	90	0	0	0	24	29	8	6	251.55	0		11.971127
25	93	24	0	0	14	21	16	9	7	228	1		10.804573


-------------------------------------------------------------------------------------------------------------------
Tour_Id:			24
No_of_Customers:		2
No_of_Items:			11
Customer_Sequence:		91 67 

CustId	Id	TypeId	Rotated	x	y	z	Length	Width	Height	mass	Fragility	LoadBearingStrength
67	266	66	0	0	0	0	27	8	14	556.36	0		6.754690
67	267	73	0	0	8	0	14	13	12	258.64	0		6.647057
67	268	88	0	14	8	0	33	11	8	633.81	0		14.128148
67	264	10	0	0	8	12	17	10	8	310.43	0		38.100889
67	265	15	0	0	8	20	18	12	7	175.41	1		4.579440
91	359	38	0	0	0	14	33	8	10	420.22	0		4.099418
91	356	21	0	18	8	8	34	12	6	385.24	0		16.423286
91	357	21	0	18	8	14	34	12	6	385.24	0		16.423286
91	361	84	0	18	8	20	19	12	9	2229.54	0		108.412672
91	360	75	1	47	0	0	22	10	8	347.59	0		21.569234
91	358	33	0	14	20	0	19	5	12	148.35	1		2.840369


-------------------------------------------------------------------------------------------------------------------
Tour_Id:			25
No_of_Customers:		3
No_of_Items:			13
Customer_Sequence:		38 2 80 

CustId	Id	TypeId	Rotated	x	y	z	Length	Width	Height	mass	Fragility	LoadBearingStrength
80	311	48	0	0	0	0	23	14	12	530.57	0		22.817274
2	6	44	0	0	14	0	22	10	14	572.88	0		18.588092
80	312	99	0	0	0	12	23	9	12	2781.99	1		43.064272
80	309	22	0	23	0	0	14	12	11	280.57	1		2.710848
80	310	46	0	37	0	0	21	11	9	299.03	0		49.145286
2	3	1	0	22	14	0	34	8	10	351.56	0		10.154052
2	5	35	0	0	14	14	20	10	7	222.29	0		35.214723
2	4	3	0	0	14	21	24	9	6	234.80	0		12.748273
38	152	44	0	24	12	10	22	10	14	572.88	0		18.588092
38	153	46	0	37	0	9	21	11	9	299.03	0		49.145286
38	151	25	0	37	0	18	19	8	12	251.35	0		48.755536
38	150	5	0	24	12	24	21	13	6	306.32	0		62.593135
38	154	93	0	0	9	12	22	5	14	282.43	0		16.733403


-------------------------------------------------------------------------------------------------------------------
Tour_Id:			26
No_of_Customers:		2
No_of_Items:			11
Customer_Sequence:		96 21 

CustId	Id	TypeId	Rotated	x	y	z	Length	Width	Height	mass	Fragility	LoadBearingStrength
21	77	48	0	0	0	0	23	14	12	530.57	0		22.817274
21	78	65	0	0	14	0	26	9	12	376.63	0		10.058945
21	75	6	0	0	0	12	25	11	10	436.31	0		6.795077
21	79	75	0	0	11	12	22	10	8	347.59	0		21.569234
21	74	5	0	0	11	20	21	13	6	306.32	0		62.593135
21	76	26	0	25	0	0	26	10	12	523.96	1		2.946887
96	384	85	0	26	14	0	29	9	14	653.48	0		12.184401
96	381	23	0	26	14	14	26	8	9	212.29	0		4.356818
96	383	58	1	51	0	0	12	9	14	228.57	0		13.055399
96	380	14	0	0	0	22	24	7	8	155	0		7.731794
96	382	49	0	25	0	12	25	11	10	418.10	1		3.348084


-------------------------------------------------------------------------------------------------------------------
Tour_Id:			27
No_of_Customers:		4
No_of_Items:			15
Customer_Sequence:		62 12 51 60 

CustId	Id	TypeId	Rotated	x	y	z	Length	Width	Height	mass	Fragility	LoadBearingStrength
60	241	84	0	0	0	0	19	12	9	2229.54	0		108.412672
60	239	16	0	0	12	0	16	11	8	200.31	0		13.429564
60	240	16	0	0	12	8	16	11	8	200.31	0		13.429564
60	238	14	0	0	0	9	24	7	8	155	0		7.731794
60	236	9	0	0	12	16	16	10	6	416.73	0		28.230352
60	237	9	0	0	12	22	16	10	6	416.73	0		28.230352
51	200	90	0	16	12	0	29	8	6	251.55	0		11.971127
51	199	60	0	0	7	9	17	5	6	301.82	1		19.121692
12	42	30	0	24	0	0	35	9	6	239.37	0		17.488014
12	43	41	0	16	12	6	16	10	10	223.87	0		7.134969
12	44	69	0	0	0	17	19	5	12	985.23	0		69.085686
62	247	17	0	24	0	6	31	12	14	951.09	0		14.476959
62	246	1	0	19	0	20	34	8	10	351.56	0		10.154052
62	249	81	0	16	12	16	14	11	12	278.19	0		12.989680
62	248	71	0	32	12	6	12	5	9	105.50	0		28.869389


-------------------------------------------------------------------------------------------------------------------
Tour_Id:			28
No_of_Customers:		4
No_of_Items:			15
Customer_Sequence:		74 82 94 23 

CustId	Id	TypeId	Rotated	x	y	z	Length	Width	Height	mass	Fragility	LoadBearingStrength
23	85	48	0	0	0	0	23	14	12	530.57	0		22.817274
23	87	98	0	0	0	12	21	13	6	170.74	0		44.994888
23	84	16	0	0	14	0	16	11	8	200.31	0		13.429564
23	83	3	0	0	0	18	24	9	6	234.80	0		12.748273
94	374	88	0	16	14	0	33	11	8	633.81	0		14.128148
94	373	17	0	24	0	0	31	12	14	951.09	0		14.476959
23	86	60	0	0	9	18	17	5	6	301.82	1		19.121692
94	375	99	0	0	14	8	23	9	12	2781.99	1		43.064272
82	319	52	0	23	12	8	19	13	14	525.74	0		14.594775
82	318	14	0	23	12	22	24	7	8	155	0		7.731794
82	320	77	0	0	14	20	12	9	8	168.08	1		17.097307
74	291	92	0	24	0	14	12	12	13	358.28	0		11.789418
74	289	35	0	36	0	14	20	10	7	222.29	0		35.214723
74	290	72	0	23	19	22	25	6	8	161.29	0		15.252717
74	288	9	0	36	0	21	16	10	6	416.73	0		28.230352


-------------------------------------------------------------------------------------------------------------------
Tour_Id:			29
No_of_Customers:		4
No_of_Items:			14
Customer_Sequence:		31 5 9 84 

CustId	Id	TypeId	Rotated	x	y	z	Length	Width	Height	mass	Fragility	LoadBearingStrength
84	329	67	0	0	0	0	19	14	9	1306.09	0		197.424915
84	327	27	0	0	0	9	13	13	12	834.36	0		15.538137
84	328	32	0	0	14	0	20	11	7	189.40	0		28.384139
5	17	74	0	0	0	21	17	12	7	231.80	0		34.460861
5	15	39	0	0	14	7	24	10	12	417.65	0		4.938560
9	33	82	1	13	0	9	14	7	6	79.04	0		24.951444
9	32	56	0	20	0	0	12	6	10	115.15	0		11.232744
9	34	93	0	20	6	0	22	5	14	282.43	0		16.733403
5	16	49	0	0	13	19	25	11	10	418.10	1		3.348084
31	122	86	0	25	11	0	34	14	11	945.84	0		16.512858
31	121	84	0	25	11	11	19	12	9	2229.54	0		108.412672
31	118	27	0	44	11	11	13	13	12	834.36	0		15.538137
31	119	33	0	20	6	14	19	5	12	148.35	1		2.840369
31	120	60	0	25	11	20	17	5	6	301.82	1		19.121692


-------------------------------------------------------------------------------------------------------------------
Tour_Id:			30
No_of_Customers:		3
No_of_Items:			11
Customer_Sequence:		73 70 86 

CustId	Id	TypeId	Rotated	x	y	z	Length	Width	Height	mass	Fragility	LoadBearingStrength
86	335	21	0	0	0	0	34	12	6	385.24	0		16.423286
86	336	23	0	0	12	0	26	8	9	212.29	0		4.356818
86	334	10	0	0	0	6	17	10	8	310.43	0		38.100889
86	337	34	0	0	12	9	16	7	11	440.03	0		172.768695
70	276	8	0	26	12	0	28	12	12	467.91	0		2.907221
70	277	29	0	26	12	12	29	8	11	496.11	0		11.468619
70	278	57	0	0	0	14	17	8	10	156.93	0		7.408263
70	275	3	0	26	12	23	24	9	6	234.80	0		12.748273
73	287	72	0	34	0	0	25	6	8	161.29	0		15.252717
73	286	20	0	34	0	8	18	8	14	349.39	1		4.532442
73	285	11	0	17	0	6	14	12	11	216.94	1		2.342541


-------------------------------------------------------------------------------------------------------------------
Tour_Id:			31
No_of_Customers:		3
No_of_Items:			13
Customer_Sequence:		18 6 65 

CustId	Id	TypeId	Rotated	x	y	z	Length	Width	Height	mass	Fragility	LoadBearingStrength
6	19	73	0	0	0	0	14	13	12	258.64	0		6.647057
65	259	32	0	0	13	0	20	11	7	189.40	0		28.384139
65	260	57	0	0	13	7	17	8	10	156.93	0		7.408263
6	20	74	0	0	0	12	17	12	7	231.80	0		34.460861
6	22	80	0	0	0	19	21	10	7	260.61	0		8.150450
6	18	2	0	0	13	17	20	9	13	358.57	0		18.106923
6	21	74	0	14	0	0	17	12	7	231.80	0		34.460861
18	67	87	0	31	0	0	27	14	12	804.49	0		8.534586
18	62	38	0	20	14	0	33	8	10	420.22	0		4.099418
18	64	59	0	20	14	10	28	6	9	216.60	0		10.901518
18	63	55	0	31	0	12	16	8	13	256.10	1		2.240179
18	66	77	0	47	0	12	12	9	8	168.08	1		17.097307
18	65	60	0	20	14	19	17	5	6	301.82	1		19.121692


-------------------------------------------------------------------------------------------------------------------
Tour_Id:			32
No_of_Customers:		3
No_of_Items:			11
Customer_Sequence:		56 78 27 

CustId	Id	TypeId	Rotated	x	y	z	Length	Width	Height	mass	Fragility	LoadBearingStrength
27	104	51	0	0	0	0	19	13	11	458.96	0		20.994659
78	304	86	0	19	0	0	34	14	11	945.84	0		16.512858
27	103	46	0	0	14	0	21	11	9	299.03	0		49.145286
27	102	26	0	0	14	9	26	10	12	523.96	1		2.946887
27	105	81	0	0	0	11	14	11	12	278.19	0		12.989680
78	303	72	0	14	0	11	25	6	8	161.29	0		15.252717
78	302	11	0	39	0	11	14	12	11	216.94	1		2.342541
56	222	39	0	26	14	0	24	10	12	417.65	0		4.938560
56	221	6	0	26	12	12	25	11	10	436.31	0		6.795077
56	224	100	0	26	12	22	18	12	6	754.21	0		42.032126
56	223	68	0	0	14	21	20	8	8	228.39	1		18.018543


-------------------------------------------------------------------------------------------------------------------
Tour_Id:			33
No_of_Customers:		2
No_of_Items:			9
Customer_Sequence:		7 66 

CustId	Id	TypeId	Rotated	x	y	z	Length	Width	Height	mass	Fragility	LoadBearingStrength
66	263	64	0	0	0	0	35	14	14	1357.71	0		95.409889
66	261	12	0	0	14	0	23	10	12	1640.62	0		55.830906
66	262	23	0	0	14	12	26	8	9	212.29	0		4.356818
7	25	43	0	0	0	14	29	12	13	879.48	1		6.257234
7	24	29	0	26	14	0	29	8	11	496.11	0		11.468619
7	28	74	0	35	0	0	17	12	7	231.80	0		34.460861
7	26	50	0	26	14	11	31	9	7	580.01	0		25.822736
7	23	14	0	0	14	21	24	7	8	155	0		7.731794
7	27	61	0	26	12	18	29	12	9	483.12	0		21.672689


-------------------------------------------------------------------------------------------------------------------
Tour_Id:			34
No_of_Customers:		3
No_of_Items:			9
Customer_Sequence:		19 26 28 

CustId	Id	TypeId	Rotated	x	y	z	Length	Width	Height	mass	Fragility	LoadBearingStrength
28	107	70	0	0	0	0	34	14	13	1000.17	0		48.961899
28	106	38	0	0	14	0	33	8	10	420.22	0		4.099418
28	108	93	0	0	14	10	22	5	14	282.43	0		16.733403
26	99	19	0	0	0	13	23	10	12	319.95	0		16.231029
26	101	51	0	34	0	0	19	13	11	458.96	0		20.994659
26	100	46	0	33	14	0	21	11	9	299.03	0		49.145286
26	98	14	0	33	14	9	24	7	8	155	0		7.731794
19	68	34	0	33	14	17	16	7	11	440.03	0		172.768695
19	69	96	0	34	0	11	19	13	14	449.51	1		2.920788


-------------------------------------------------------------------------------------------------------------------
Tour_Id:			35
No_of_Customers:		2
No_of_Items:			9
Customer_Sequence:		50 63 

CustId	Id	TypeId	Rotated	x	y	z	Length	Width	Height	mass	Fragility	LoadBearingStrength
63	251	17	0	0	0	0	31	12	14	951.09	0		14.476959
63	250	13	0	0	12	0	33	13	13	1010.83	1		5.884260
63	254	99	0	0	12	13	23	9	12	2781.99	1		43.064272
63	252	36	0	0	0	14	12	8	9	125.96	0		54.469155
63	253	67	0	33	0	0	19	14	9	1306.09	0		197.424915
50	196	6	0	12	0	14	25	11	10	436.31	0		6.795077
50	195	2	0	33	14	0	20	9	13	358.57	0		18.106923
50	198	91	0	37	0	9	17	14	9	405.95	0		17.865882
50	197	11	0	23	12	13	14	12	11	216.94	1		2.342541


