Name:				523_n100_m400_bt100
Problem:			3L-VRPTW
Number_of_used_Vehicles:	36
Total_Travel_Distance:		2684.78
Calculation_Time:		3600.00
Total_Iterations:		4610
ConstraintSet:			P1

-------------------------------------------------------------------------------------------------------------------
Tour_Id:			1
No_of_Customers:		3
No_of_Items:			9
Customer_Sequence:		44 85 30 

CustId	Id	TypeId	Rotated	x	y	z	Length	Width	Height	mass	Fragility	LoadBearingStrength
30	111	75	0	0	0	0	15	13	11	1140.31	1		27.680608
85	332	94	0	0	13	0	32	9	6	181.66	0		6.735135
44	167	87	0	0	13	6	32	12	14	968.50	0		17.426270
85	333	100	0	15	0	0	33	7	10	572.70	1		4.665353
30	110	8	0	15	7	0	27	6	10	208.40	0		3.258445
44	164	23	0	0	13	20	25	11	10	313.97	0		3.051048
44	166	73	0	32	13	0	25	7	10	254.34	0		10.631984
44	163	5	0	15	7	10	16	6	11	524.04	0		69.335766
44	165	60	1	32	0	10	19	14	11	294.34	1		1.811139


-------------------------------------------------------------------------------------------------------------------
Tour_Id:			2
No_of_Customers:		3
No_of_Items:			13
Customer_Sequence:		99 100 32 

CustId	Id	TypeId	Rotated	x	y	z	Length	Width	Height	mass	Fragility	LoadBearingStrength
32	118	87	0	0	0	0	32	12	14	968.50	0		17.426270
32	119	98	0	0	12	0	22	12	11	1089.46	0		51.107351
32	116	45	0	0	12	11	23	7	7	437.64	0		97.944073
32	117	61	0	0	19	11	13	5	7	46.74	0		30.989348
100	396	27	0	0	0	14	35	9	12	589.42	0		9.214554
100	400	72	0	0	12	18	26	10	9	473.31	0		11.174242
100	395	12	0	23	12	0	15	7	14	291.37	0		16.232807
100	399	61	0	22	19	0	13	5	7	46.74	0		30.989348
100	398	59	0	38	0	0	21	13	6	332.41	1		4.623980
100	397	50	1	32	0	0	12	6	12	93.12	1		4.659632
99	394	24	0	38	13	0	13	12	8	173.24	0		5.117943
99	392	5	0	38	13	8	16	6	11	524.04	0		69.335766
99	393	16	0	38	13	19	20	5	9	123.64	0		11.412342


-------------------------------------------------------------------------------------------------------------------
Tour_Id:			3
No_of_Customers:		3
No_of_Items:			10
Customer_Sequence:		12 28 88 

CustId	Id	TypeId	Rotated	x	y	z	Length	Width	Height	mass	Fragility	LoadBearingStrength
88	342	54	0	0	0	0	26	14	6	402.24	0		15.277407
28	103	94	0	0	14	0	32	9	6	181.66	0		6.735135
88	341	31	0	0	0	6	27	9	7	297.69	1		3.080077
28	101	58	0	0	9	6	35	12	7	521.93	0		37.439286
12	40	93	0	0	9	13	35	12	14	908.27	0		18.599855
28	100	37	0	35	0	0	23	10	7	213.34	0		15.595696
88	343	95	0	0	0	13	30	6	12	381.74	1		4.232152
28	102	81	0	35	10	0	18	8	13	201.51	0		20.995613
12	38	29	0	30	0	7	22	9	12	263.50	0		20.998603
12	39	31	0	30	0	19	27	9	7	297.69	1		3.080077


-------------------------------------------------------------------------------------------------------------------
Tour_Id:			4
No_of_Customers:		3
No_of_Items:			11
Customer_Sequence:		95 60 57 

CustId	Id	TypeId	Rotated	x	y	z	Length	Width	Height	mass	Fragility	LoadBearingStrength
57	220	82	0	0	0	0	23	12	12	395.16	0		19.587729
57	219	80	0	0	12	0	20	7	14	324.98	0		8.407635
57	217	47	0	0	19	0	21	5	10	177.11	0		9.640590
57	218	63	0	0	19	10	23	5	6	112.02	1		3.077895
60	231	93	0	23	0	0	35	12	14	908.27	0		18.599855
60	228	22	0	23	12	0	31	12	14	1061.51	0		6.913212
60	230	65	0	23	0	14	33	10	13	1386.41	0		26.190711
60	229	62	0	0	0	12	19	7	12	214.14	0		10.910012
95	376	80	0	0	12	14	20	7	14	324.98	0		8.407635
95	375	76	0	23	10	14	33	14	14	1318.53	1		7.401924
95	374	63	0	0	19	16	23	5	6	112.02	1		3.077895


-------------------------------------------------------------------------------------------------------------------
Tour_Id:			5
No_of_Customers:		4
No_of_Items:			15
Customer_Sequence:		19 8 39 80 

CustId	Id	TypeId	Rotated	x	y	z	Length	Width	Height	mass	Fragility	LoadBearingStrength
80	312	1	0	0	0	0	32	8	10	286.22	0		5.044721
80	314	90	0	0	8	0	21	10	12	1603.36	0		26.794214
39	150	62	0	0	18	0	19	7	12	214.14	0		10.910012
39	147	3	0	0	8	12	19	12	8	201.09	0		38.311319
8	23	62	0	0	0	10	19	7	12	214.14	0		10.910012
80	313	61	0	21	8	0	13	5	7	46.74	0		30.989348
39	148	35	0	0	8	20	12	10	8	175.20	1		6.830172
19	65	61	0	0	20	12	13	5	7	46.74	0		30.989348
8	24	67	0	0	0	22	24	7	8	204.97	0		68.651459
19	64	58	0	21	13	0	35	12	7	521.93	0		37.439286
19	63	29	0	21	8	7	22	9	12	263.50	0		20.998603
19	66	77	0	19	7	19	18	10	10	340.51	0		12.648270
39	149	37	0	34	0	0	23	10	7	213.34	0		15.595696
19	68	100	0	21	17	7	33	7	10	572.70	1		4.665353
19	67	85	0	43	0	7	14	9	10	240.05	1		28.556868


-------------------------------------------------------------------------------------------------------------------
Tour_Id:			6
No_of_Customers:		3
No_of_Items:			10
Customer_Sequence:		47 26 41 

CustId	Id	TypeId	Rotated	x	y	z	Length	Width	Height	mass	Fragility	LoadBearingStrength
41	157	90	0	0	0	0	21	10	12	1603.36	0		26.794214
26	92	36	0	0	10	0	25	13	10	486.78	1		2.312740
26	91	33	0	25	0	0	34	12	12	563.72	0		11.071991
41	156	5	0	0	0	12	16	6	11	524.04	0		69.335766
26	93	60	0	0	10	10	19	14	11	294.34	1		1.811139
47	180	88	0	25	12	0	34	13	11	863.88	0		62.708959
47	179	86	0	16	0	12	33	9	11	513.99	0		62.878887
47	177	73	0	19	12	11	25	7	10	254.34	0		10.631984
47	178	84	0	19	19	11	30	6	9	207.63	0		10.197725
47	176	47	0	19	19	20	21	5	10	177.11	0		9.640590


-------------------------------------------------------------------------------------------------------------------
Tour_Id:			7
No_of_Customers:		3
No_of_Items:			12
Customer_Sequence:		40 91 55 

CustId	Id	TypeId	Rotated	x	y	z	Length	Width	Height	mass	Fragility	LoadBearingStrength
55	209	22	0	0	0	0	31	12	14	1061.51	0		6.913212
91	359	83	0	0	12	0	19	13	9	248.18	0		12.009591
55	210	40	0	0	0	14	13	5	14	159.97	0		16.231961
55	211	41	0	31	0	0	27	12	6	250.51	0		15.283206
91	358	79	0	31	0	6	29	14	8	3567.31	0		72.952137
91	357	40	0	0	12	9	13	5	14	159.97	0		16.231961
91	356	10	0	13	0	14	27	13	6	225.64	1		9.946988
40	154	86	0	19	14	0	33	9	11	513.99	0		62.878887
40	153	49	0	40	0	14	13	12	14	656.39	0		20.399772
40	155	94	0	13	14	11	32	9	6	181.66	0		6.735135
40	152	12	1	53	0	14	15	7	14	291.37	0		16.232807
40	151	10	0	13	0	20	27	13	6	225.64	1		9.946988


-------------------------------------------------------------------------------------------------------------------
Tour_Id:			8
No_of_Customers:		2
No_of_Items:			10
Customer_Sequence:		36 72 

CustId	Id	TypeId	Rotated	x	y	z	Length	Width	Height	mass	Fragility	LoadBearingStrength
72	278	16	0	0	0	0	20	5	9	123.64	0		11.412342
72	279	29	0	0	5	0	22	9	12	263.50	0		20.998603
72	280	54	0	22	0	0	26	14	6	402.24	0		15.277407
72	282	81	0	0	14	0	18	8	13	201.51	0		20.995613
72	283	86	0	18	14	0	33	9	11	513.99	0		62.878887
72	281	76	0	22	0	6	33	14	14	1318.53	1		7.401924
36	137	96	0	0	14	13	23	8	10	308.66	0		44.772980
36	135	42	0	23	14	11	15	10	11	206.25	0		14.242890
36	134	12	0	38	14	11	15	7	14	291.37	0		16.232807
36	136	45	0	0	14	23	23	7	7	437.64	0		97.944073


-------------------------------------------------------------------------------------------------------------------
Tour_Id:			9
No_of_Customers:		2
No_of_Items:			10
Customer_Sequence:		89 79 

CustId	Id	TypeId	Rotated	x	y	z	Length	Width	Height	mass	Fragility	LoadBearingStrength
79	309	34	0	0	0	0	28	11	12	1076.91	0		26.895944
79	310	51	0	0	11	0	29	9	11	292.23	0		9.326822
79	311	94	0	0	11	11	32	9	6	181.66	0		6.735135
79	308	2	0	0	0	12	32	10	12	520.43	1		2.929498
89	346	11	0	0	11	17	32	9	9	367.45	0		41.129257
89	349	57	0	32	0	0	15	8	14	349.77	0		11.376829
89	344	8	0	32	8	0	27	6	10	208.40	0		3.258445
89	345	8	0	32	14	0	27	6	10	208.40	0		3.258445
89	348	36	0	32	8	10	25	13	10	486.78	1		2.312740
89	347	35	0	32	8	20	12	10	8	175.20	1		6.830172


-------------------------------------------------------------------------------------------------------------------
Tour_Id:			10
No_of_Customers:		2
No_of_Items:			12
Customer_Sequence:		6 51 

CustId	Id	TypeId	Rotated	x	y	z	Length	Width	Height	mass	Fragility	LoadBearingStrength
51	196	80	0	0	0	0	20	7	14	324.98	0		8.407635
51	193	26	0	0	7	0	27	10	8	238.95	0		7.143757
51	195	53	0	0	17	0	28	7	8	272.81	0		65.036230
51	194	42	0	0	7	8	15	10	11	206.25	0		14.242890
51	197	99	0	27	0	0	28	11	13	761.03	0		19.951033
51	192	6	0	0	17	8	29	6	9	173.30	0		16.978599
6	15	27	0	20	0	13	35	9	12	589.42	0		9.214554
6	18	80	0	0	0	14	20	7	14	324.98	0		8.407635
6	16	47	0	0	17	17	21	5	10	177.11	0		9.640590
6	14	14	0	0	7	19	12	9	7	92.88	0		20.768212
6	17	75	0	29	11	0	15	13	11	1140.31	1		27.680608
6	19	85	0	29	11	11	14	9	10	240.05	1		28.556868


-------------------------------------------------------------------------------------------------------------------
Tour_Id:			11
No_of_Customers:		3
No_of_Items:			10
Customer_Sequence:		4 31 16 

CustId	Id	TypeId	Rotated	x	y	z	Length	Width	Height	mass	Fragility	LoadBearingStrength
16	55	26	0	0	0	0	27	10	8	238.95	0		7.143757
16	56	31	0	0	10	0	27	9	7	297.69	1		3.080077
31	114	48	0	0	0	8	23	11	6	198.29	0		41.977961
31	115	92	0	27	0	0	32	13	13	918.57	0		22.059989
31	112	30	0	0	0	14	22	12	7	239.12	0		6.260129
16	54	6	0	0	19	0	29	6	9	173.30	0		16.978599
31	113	46	0	0	19	9	19	5	8	121.88	0		34.295845
4	11	93	0	23	0	13	35	12	14	908.27	0		18.599855
4	10	78	0	29	13	0	29	10	12	509.35	0		8.098728
4	9	17	0	29	13	12	12	10	13	219.82	0		13.957431


-------------------------------------------------------------------------------------------------------------------
Tour_Id:			12
No_of_Customers:		2
No_of_Items:			10
Customer_Sequence:		9 33 

CustId	Id	TypeId	Rotated	x	y	z	Length	Width	Height	mass	Fragility	LoadBearingStrength
33	120	27	0	0	0	0	35	9	12	589.42	0		9.214554
33	123	60	0	0	9	0	19	14	11	294.34	1		1.811139
33	124	79	0	19	9	0	29	14	8	3567.31	0		72.952137
33	121	53	0	0	0	12	28	7	8	272.81	0		65.036230
33	122	59	0	0	9	11	21	13	6	332.41	1		4.623980
9	27	56	0	21	9	8	34	14	12	822.03	0		9.601281
9	28	58	0	21	9	20	35	12	7	521.93	0		37.439286
9	29	73	0	0	0	20	25	7	10	254.34	0		10.631984
9	25	25	0	35	0	0	21	9	9	245.49	0		14.362805
9	26	40	0	35	0	9	13	5	14	159.97	0		16.231961


-------------------------------------------------------------------------------------------------------------------
Tour_Id:			13
No_of_Customers:		4
No_of_Items:			10
Customer_Sequence:		97 45 67 1 

CustId	Id	TypeId	Rotated	x	y	z	Length	Width	Height	mass	Fragility	LoadBearingStrength
1	2	29	0	0	0	0	22	9	12	263.50	0		20.998603
67	258	88	0	0	9	0	34	13	11	863.88	0		62.708959
1	1	25	0	0	0	12	21	9	9	245.49	0		14.362805
67	256	21	0	0	9	11	28	7	13	672.67	0		27.378565
67	257	60	0	34	0	0	19	14	11	294.34	1		1.811139
45	169	64	0	0	16	11	34	5	12	562.11	0		34.690096
45	168	37	0	34	14	0	23	10	7	213.34	0		15.595696
97	384	23	0	34	14	7	25	11	10	313.97	0		3.051048
97	383	7	0	34	14	17	22	9	11	399.38	0		30.405624
97	385	55	0	28	0	11	26	11	12	460.40	1		7.555331


-------------------------------------------------------------------------------------------------------------------
Tour_Id:			14
No_of_Customers:		4
No_of_Items:			11
Customer_Sequence:		53 2 20 23 

CustId	Id	TypeId	Rotated	x	y	z	Length	Width	Height	mass	Fragility	LoadBearingStrength
23	81	38	0	0	0	0	27	10	13	492.98	0		24.109207
23	79	16	0	0	10	0	20	5	9	123.64	0		11.412342
20	71	66	0	0	15	0	27	7	7	555.07	1		9.898133
20	69	7	0	0	0	13	22	9	11	399.38	0		30.405624
20	70	31	0	0	15	7	27	9	7	297.69	1		3.080077
23	80	19	0	27	0	0	30	11	10	2103.02	0		26.907934
2	4	22	0	27	11	0	31	12	14	1061.51	0		6.913212
2	3	17	0	27	0	10	12	10	13	219.82	0		13.957431
53	205	86	0	27	11	14	33	9	11	513.99	0		62.878887
53	203	74	0	39	0	10	12	11	9	699.19	0		24.516183
53	204	85	0	0	15	14	14	9	10	240.05	1		28.556868


-------------------------------------------------------------------------------------------------------------------
Tour_Id:			15
No_of_Customers:		2
No_of_Items:			10
Customer_Sequence:		46 74 

CustId	Id	TypeId	Rotated	x	y	z	Length	Width	Height	mass	Fragility	LoadBearingStrength
74	289	27	0	0	0	0	35	9	12	589.42	0		9.214554
74	288	26	0	0	9	0	27	10	8	238.95	0		7.143757
74	291	54	0	27	9	0	26	14	6	402.24	0		15.277407
74	290	30	0	0	9	8	22	12	7	239.12	0		6.260129
46	175	86	0	0	0	12	33	9	11	513.99	0		62.878887
46	170	4	0	0	9	15	16	12	13	448.26	0		25.558476
46	171	21	0	27	9	6	28	7	13	672.67	0		27.378565
46	174	51	0	27	9	19	29	9	11	292.23	0		9.326822
46	172	29	0	27	16	6	22	9	12	263.50	0		20.998603
46	173	46	0	35	0	0	19	5	8	121.88	0		34.295845


-------------------------------------------------------------------------------------------------------------------
Tour_Id:			16
No_of_Customers:		2
No_of_Items:			11
Customer_Sequence:		59 15 

CustId	Id	TypeId	Rotated	x	y	z	Length	Width	Height	mass	Fragility	LoadBearingStrength
15	49	33	0	0	0	0	34	12	12	563.72	0		11.071991
15	52	65	0	0	12	0	33	10	13	1386.41	0		26.190711
15	48	11	0	0	0	12	32	9	9	367.45	0		41.129257
15	50	38	0	0	12	13	27	10	13	492.98	0		24.109207
15	53	91	0	33	12	0	15	9	13	963.78	0		54.644944
15	51	62	0	27	12	13	19	7	12	214.14	0		10.910012
59	223	23	0	34	0	0	25	11	10	313.97	0		3.051048
59	227	94	0	0	0	21	32	9	6	181.66	0		6.735135
59	225	37	0	34	0	10	23	10	7	213.34	0		15.595696
59	226	48	0	32	0	17	23	11	6	198.29	0		41.977961
59	224	31	0	32	0	23	27	9	7	297.69	1		3.080077


-------------------------------------------------------------------------------------------------------------------
Tour_Id:			17
No_of_Customers:		3
No_of_Items:			13
Customer_Sequence:		75 54 86 

CustId	Id	TypeId	Rotated	x	y	z	Length	Width	Height	mass	Fragility	LoadBearingStrength
86	336	88	0	0	0	0	34	13	11	863.88	0		62.708959
86	337	88	0	0	0	11	34	13	11	863.88	0		62.708959
86	334	37	0	0	13	0	23	10	7	213.34	0		15.595696
54	206	48	0	0	13	7	23	11	6	198.29	0		41.977961
54	208	83	0	34	0	0	19	13	9	248.18	0		12.009591
86	335	70	0	0	0	22	23	8	8	780.07	0		34.273470
54	207	59	0	34	0	9	21	13	6	332.41	1		4.623980
75	293	27	0	23	13	0	35	9	12	589.42	0		9.214554
75	297	72	0	0	13	13	26	10	9	473.31	0		11.174242
75	292	8	0	26	13	12	27	6	10	208.40	0		3.258445
75	294	48	0	0	8	22	23	11	6	198.29	0		41.977961
75	295	50	0	34	0	15	12	6	12	93.12	1		4.659632
75	296	63	0	0	19	22	23	5	6	112.02	1		3.077895


-------------------------------------------------------------------------------------------------------------------
Tour_Id:			18
No_of_Customers:		3
No_of_Items:			11
Customer_Sequence:		18 69 92 

CustId	Id	TypeId	Rotated	x	y	z	Length	Width	Height	mass	Fragility	LoadBearingStrength
92	361	7	0	0	0	0	22	9	11	399.38	0		30.405624
92	363	36	0	0	9	0	25	13	10	486.78	1		2.312740
69	268	98	0	0	0	11	22	12	11	1089.46	0		51.107351
92	360	1	0	22	0	0	32	8	10	286.22	0		5.044721
92	364	95	0	0	12	10	30	6	12	381.74	1		4.232152
92	362	11	0	25	9	0	32	9	9	367.45	0		41.129257
69	267	51	0	22	0	10	29	9	11	292.23	0		9.326822
69	265	21	0	25	18	0	28	7	13	672.67	0		27.378565
69	266	26	0	0	0	22	27	10	8	238.95	0		7.143757
18	61	80	0	25	18	13	20	7	14	324.98	0		8.407635
18	62	84	0	27	0	21	30	6	9	207.63	0		10.197725


-------------------------------------------------------------------------------------------------------------------
Tour_Id:			19
No_of_Customers:		3
No_of_Items:			10
Customer_Sequence:		50 48 5 

CustId	Id	TypeId	Rotated	x	y	z	Length	Width	Height	mass	Fragility	LoadBearingStrength
5	12	60	0	0	0	0	19	14	11	294.34	1		1.811139
5	13	81	0	0	14	0	18	8	13	201.51	0		20.995613
48	183	39	0	0	14	13	18	8	13	278.04	0		4.361909
48	181	9	0	19	0	0	15	12	11	732.37	0		27.350688
48	184	48	0	18	14	0	23	11	6	198.29	0		41.977961
50	190	76	0	0	0	11	33	14	14	1318.53	1		7.401924
50	191	99	0	18	14	6	28	11	13	761.03	0		19.951033
50	188	70	0	18	14	19	23	8	8	780.07	0		34.273470
48	182	23	0	34	0	0	25	11	10	313.97	0		3.051048
50	189	75	0	34	0	10	15	13	11	1140.31	1		27.680608


-------------------------------------------------------------------------------------------------------------------
Tour_Id:			20
No_of_Customers:		4
No_of_Items:			14
Customer_Sequence:		7 35 64 76 

CustId	Id	TypeId	Rotated	x	y	z	Length	Width	Height	mass	Fragility	LoadBearingStrength
76	299	99	0	0	0	0	28	11	13	761.03	0		19.951033
76	298	41	0	0	11	0	27	12	6	250.51	0		15.283206
64	247	90	0	0	11	6	21	10	12	1603.36	0		26.794214
64	246	48	0	0	0	13	23	11	6	198.29	0		41.977961
35	133	82	0	0	11	18	23	12	12	395.16	0		19.587729
35	129	47	0	0	0	19	21	5	10	177.11	0		9.640590
35	130	54	0	27	11	0	26	14	6	402.24	0		15.277407
64	245	13	0	28	0	0	18	11	10	452.05	0		21.059549
35	132	74	0	21	11	6	12	11	9	699.19	0		24.516183
35	131	54	0	33	11	6	26	14	6	402.24	0		15.277407
35	128	36	0	33	11	12	25	13	10	486.78	1		2.312740
7	22	84	0	0	5	19	30	6	9	207.63	0		10.197725
7	20	12	0	30	0	10	15	7	14	291.37	0		16.232807
7	21	59	0	33	11	22	21	13	6	332.41	1		4.623980


-------------------------------------------------------------------------------------------------------------------
Tour_Id:			21
No_of_Customers:		2
No_of_Items:			11
Customer_Sequence:		68 56 

CustId	Id	TypeId	Rotated	x	y	z	Length	Width	Height	mass	Fragility	LoadBearingStrength
56	213	57	0	0	0	0	15	8	14	349.77	0		11.376829
56	215	83	0	0	8	0	19	13	9	248.18	0		12.009591
56	212	5	0	0	8	9	16	6	11	524.04	0		69.335766
56	216	91	0	0	14	9	15	9	13	963.78	0		54.644944
56	214	73	0	15	0	0	25	7	10	254.34	0		10.631984
68	262	73	0	15	0	10	25	7	10	254.34	0		10.631984
68	263	79	0	19	8	0	29	14	8	3567.31	0		72.952137
68	264	80	0	19	7	8	20	7	14	324.98	0		8.407635
68	259	30	1	48	0	0	22	12	7	239.12	0		6.260129
68	260	42	0	19	14	8	15	10	11	206.25	0		14.242890
68	261	69	1	48	0	7	21	12	7	180.73	1		7.686659


-------------------------------------------------------------------------------------------------------------------
Tour_Id:			22
No_of_Customers:		3
No_of_Items:			11
Customer_Sequence:		87 83 49 

CustId	Id	TypeId	Rotated	x	y	z	Length	Width	Height	mass	Fragility	LoadBearingStrength
49	187	93	0	0	0	0	35	12	14	908.27	0		18.599855
83	324	29	0	0	12	0	22	9	12	263.50	0		20.998603
49	185	50	0	0	0	14	12	6	12	93.12	1		4.659632
83	325	58	0	22	12	0	35	12	7	521.93	0		37.439286
87	339	54	0	12	0	14	26	14	6	402.24	0		15.277407
83	326	70	0	0	14	12	23	8	8	780.07	0		34.273470
83	323	23	0	23	14	7	25	11	10	313.97	0		3.051048
83	322	6	0	0	14	20	29	6	9	173.30	0		16.978599
49	186	73	0	35	0	0	25	7	10	254.34	0		10.631984
87	340	83	0	12	0	20	19	13	9	248.18	0		12.009591
87	338	39	0	29	14	17	18	8	13	278.04	0		4.361909


-------------------------------------------------------------------------------------------------------------------
Tour_Id:			23
No_of_Customers:		2
No_of_Items:			11
Customer_Sequence:		66 90 

CustId	Id	TypeId	Rotated	x	y	z	Length	Width	Height	mass	Fragility	LoadBearingStrength
90	353	65	0	0	0	0	33	10	13	1386.41	0		26.190711
90	355	88	0	0	10	0	34	13	11	863.88	0		62.708959
90	351	33	0	0	10	11	34	12	12	563.72	0		11.071991
90	350	27	0	0	0	13	35	9	12	589.42	0		9.214554
90	352	42	0	33	0	0	15	10	11	206.25	0		14.242890
66	253	58	0	0	10	23	35	12	7	521.93	0		37.439286
90	354	74	0	34	10	0	12	11	9	699.19	0		24.516183
66	251	3	1	48	0	0	19	12	8	201.09	0		38.311319
66	255	91	0	34	10	9	15	9	13	963.78	0		54.644944
66	254	62	1	49	0	8	19	7	12	214.14	0		10.910012
66	252	50	0	46	19	0	12	6	12	93.12	1		4.659632


-------------------------------------------------------------------------------------------------------------------
Tour_Id:			24
No_of_Customers:		3
No_of_Items:			11
Customer_Sequence:		21 94 43 

CustId	Id	TypeId	Rotated	x	y	z	Length	Width	Height	mass	Fragility	LoadBearingStrength
43	161	75	0	0	0	0	15	13	11	1140.31	1		27.680608
94	373	89	0	0	13	0	28	8	10	377.54	0		17.131685
94	369	9	0	15	0	0	15	12	11	732.37	0		27.350688
94	368	8	0	0	13	10	27	6	10	208.40	0		3.258445
94	372	79	0	30	0	0	29	14	8	3567.31	0		72.952137
43	162	75	0	0	0	11	15	13	11	1140.31	1		27.680608
94	370	43	0	30	0	8	22	13	12	624.03	0		29.374850
94	371	51	0	28	14	0	29	9	11	292.23	0		9.326822
21	74	65	0	27	13	11	33	10	13	1386.41	0		26.190711
21	72	8	0	0	13	20	27	6	10	208.40	0		3.258445
21	73	59	0	30	0	20	21	13	6	332.41	1		4.623980


-------------------------------------------------------------------------------------------------------------------
Tour_Id:			25
No_of_Customers:		2
No_of_Items:			8
Customer_Sequence:		58 96 

CustId	Id	TypeId	Rotated	x	y	z	Length	Width	Height	mass	Fragility	LoadBearingStrength
96	377	34	0	0	0	0	28	11	12	1076.91	0		26.895944
96	381	47	0	0	11	0	21	5	10	177.11	0		9.640590
96	378	39	0	0	16	0	18	8	13	278.04	0		4.361909
96	379	45	0	0	0	12	23	7	7	437.64	0		97.944073
96	382	88	0	21	11	0	34	13	11	863.88	0		62.708959
96	380	46	0	0	11	10	19	5	8	121.88	0		34.295845
58	222	79	0	21	11	11	29	14	8	3567.31	0		72.952137
58	221	53	0	0	0	19	28	7	8	272.81	0		65.036230


-------------------------------------------------------------------------------------------------------------------
Tour_Id:			26
No_of_Customers:		4
No_of_Items:			17
Customer_Sequence:		93 25 38 84 

CustId	Id	TypeId	Rotated	x	y	z	Length	Width	Height	mass	Fragility	LoadBearingStrength
84	328	43	0	0	0	0	22	13	12	624.03	0		29.374850
84	327	26	0	0	13	0	27	10	8	238.95	0		7.143757
84	331	77	0	0	13	8	18	10	10	340.51	0		12.648270
84	329	45	0	0	0	12	23	7	7	437.64	0		97.944073
84	330	47	0	0	7	12	21	5	10	177.11	0		9.640590
38	144	47	0	0	13	18	21	5	10	177.11	0		9.640590
38	143	19	0	23	0	0	30	11	10	2103.02	0		26.907934
38	145	74	0	23	0	10	12	11	9	699.19	0		24.516183
38	146	87	0	27	13	0	32	12	14	968.50	0		17.426270
25	90	94	0	27	13	14	32	9	6	181.66	0		6.735135
25	89	72	0	27	13	20	26	10	9	473.31	0		11.174242
25	87	45	0	0	0	19	23	7	7	437.64	0		97.944073
25	86	5	0	0	18	18	16	6	11	524.04	0		69.335766
25	88	61	0	0	7	22	13	5	7	46.74	0		30.989348
93	366	32	0	35	0	10	20	9	12	390.91	0		10.746468
93	367	37	0	35	0	22	23	10	7	213.34	0		15.595696
93	365	14	0	23	0	19	12	9	7	92.88	0		20.768212


-------------------------------------------------------------------------------------------------------------------
Tour_Id:			27
No_of_Customers:		3
No_of_Items:			11
Customer_Sequence:		62 29 82 

CustId	Id	TypeId	Rotated	x	y	z	Length	Width	Height	mass	Fragility	LoadBearingStrength
29	106	28	0	0	0	0	18	13	10	295	0		8.785553
82	320	26	0	0	13	0	27	10	8	238.95	0		7.143757
29	108	76	0	27	0	0	33	14	14	1318.53	1		7.401924
29	105	28	0	0	0	10	18	13	10	295	0		8.785553
29	109	86	0	27	14	0	33	9	11	513.99	0		62.878887
82	321	69	0	0	13	8	21	12	7	180.73	1		7.686659
29	104	10	0	27	0	14	27	13	6	225.64	1		9.946988
29	107	50	0	0	13	15	12	6	12	93.12	1		4.659632
62	238	44	0	0	0	20	19	7	10	154.99	0		10.285786
62	239	44	0	27	14	11	19	7	10	154.99	0		10.285786
62	240	100	0	19	0	20	33	7	10	572.70	1		4.665353


-------------------------------------------------------------------------------------------------------------------
Tour_Id:			28
No_of_Customers:		3
No_of_Items:			9
Customer_Sequence:		13 10 63 

CustId	Id	TypeId	Rotated	x	y	z	Length	Width	Height	mass	Fragility	LoadBearingStrength
63	244	98	0	0	0	0	22	12	11	1089.46	0		51.107351
10	31	92	0	0	12	0	32	13	13	918.57	0		22.059989
63	241	22	0	22	0	0	31	12	14	1061.51	0		6.913212
63	243	81	0	0	0	11	18	8	13	201.51	0		20.995613
10	30	39	0	0	12	13	18	8	13	278.04	0		4.361909
63	242	65	0	22	0	14	33	10	13	1386.41	0		26.190711
13	41	21	0	32	12	0	28	7	13	672.67	0		27.378565
13	42	24	0	18	12	13	13	12	8	173.24	0		5.117943
13	43	74	0	18	10	21	12	11	9	699.19	0		24.516183


-------------------------------------------------------------------------------------------------------------------
Tour_Id:			29
No_of_Customers:		2
No_of_Items:			11
Customer_Sequence:		52 27 

CustId	Id	TypeId	Rotated	x	y	z	Length	Width	Height	mass	Fragility	LoadBearingStrength
27	97	58	0	0	0	0	35	12	7	521.93	0		37.439286
27	96	48	0	0	12	0	23	11	6	198.29	0		41.977961
27	99	86	0	0	0	7	33	9	11	513.99	0		62.878887
52	201	86	0	0	0	18	33	9	11	513.99	0		62.878887
52	202	93	0	23	12	0	35	12	14	908.27	0		18.599855
27	95	14	0	0	12	6	12	9	7	92.88	0		20.768212
27	98	69	0	35	0	0	21	12	7	180.73	1		7.686659
52	200	86	0	23	12	14	33	9	11	513.99	0		62.878887
27	94	5	0	0	12	13	16	6	11	524.04	0		69.335766
52	198	66	0	33	0	7	27	7	7	555.07	1		9.898133
52	199	85	0	33	0	14	14	9	10	240.05	1		28.556868


-------------------------------------------------------------------------------------------------------------------
Tour_Id:			30
No_of_Customers:		2
No_of_Items:			10
Customer_Sequence:		61 78 

CustId	Id	TypeId	Rotated	x	y	z	Length	Width	Height	mass	Fragility	LoadBearingStrength
78	307	60	0	0	0	0	19	14	11	294.34	1		1.811139
78	305	26	0	0	14	0	27	10	8	238.95	0		7.143757
78	304	18	0	0	0	11	24	13	13	515.92	1		3.002181
78	306	27	0	0	14	8	35	9	12	589.42	0		9.214554
61	232	5	0	24	0	0	16	6	11	524.04	0		69.335766
61	233	9	0	40	0	0	15	12	11	732.37	0		27.350688
61	236	77	0	0	13	20	18	10	10	340.51	0		12.648270
61	235	36	0	35	12	0	25	13	10	486.78	1		2.312740
61	237	100	0	24	0	11	33	7	10	572.70	1		4.665353
61	234	31	0	24	0	21	27	9	7	297.69	1		3.080077


-------------------------------------------------------------------------------------------------------------------
Tour_Id:			31
No_of_Customers:		3
No_of_Items:			11
Customer_Sequence:		65 73 77 

CustId	Id	TypeId	Rotated	x	y	z	Length	Width	Height	mass	Fragility	LoadBearingStrength
77	303	98	0	0	0	0	22	12	11	1089.46	0		51.107351
73	284	3	0	0	12	0	19	12	8	201.09	0		38.311319
77	301	58	0	22	0	0	35	12	7	521.93	0		37.439286
77	300	23	0	0	0	11	25	11	10	313.97	0		3.051048
73	287	88	0	19	12	0	34	13	11	863.88	0		62.708959
73	286	86	0	19	12	11	33	9	11	513.99	0		62.878887
77	302	86	0	25	0	7	33	9	11	513.99	0		62.878887
73	285	52	0	0	12	8	18	11	8	314.05	0		14.952389
65	250	74	0	0	0	21	12	11	9	699.19	0		24.516183
65	249	14	0	12	0	21	12	9	7	92.88	0		20.768212
65	248	2	0	25	0	18	32	10	12	520.43	1		2.929498


-------------------------------------------------------------------------------------------------------------------
Tour_Id:			32
No_of_Customers:		3
No_of_Items:			12
Customer_Sequence:		24 14 71 

CustId	Id	TypeId	Rotated	x	y	z	Length	Width	Height	mass	Fragility	LoadBearingStrength
71	277	92	0	0	0	0	32	13	13	918.57	0		22.059989
71	275	13	0	0	13	0	18	11	10	452.05	0		21.059549
71	274	8	0	0	0	13	27	6	10	208.40	0		3.258445
71	276	52	0	0	13	10	18	11	8	314.05	0		14.952389
24	82	33	0	18	13	0	34	12	12	563.72	0		11.071991
14	47	99	0	32	0	0	28	11	13	761.03	0		19.951033
14	45	62	0	0	6	13	19	7	12	214.14	0		10.910012
14	46	74	0	0	13	18	12	11	9	699.19	0		24.516183
24	84	77	0	18	13	12	18	10	10	340.51	0		12.648270
14	44	22	0	27	0	13	31	12	14	1061.51	0		6.913212
24	85	91	0	36	13	12	15	9	13	963.78	0		54.644944
24	83	35	0	18	13	22	12	10	8	175.20	1		6.830172


-------------------------------------------------------------------------------------------------------------------
Tour_Id:			33
No_of_Customers:		2
No_of_Items:			10
Customer_Sequence:		98 3 

CustId	Id	TypeId	Rotated	x	y	z	Length	Width	Height	mass	Fragility	LoadBearingStrength
98	388	78	0	0	0	0	29	10	12	509.35	0		8.098728
3	8	94	0	0	10	0	32	9	6	181.66	0		6.735135
3	6	84	0	0	19	0	30	6	9	207.63	0		10.197725
3	5	34	0	32	10	0	28	11	12	1076.91	0		26.895944
98	387	36	0	0	0	12	25	13	10	486.78	1		2.312740
3	7	84	0	0	13	6	30	6	9	207.63	0		10.197725
98	386	23	0	32	10	12	25	11	10	313.97	0		3.051048
98	391	90	0	29	0	0	21	10	12	1603.36	0		26.794214
98	390	80	0	0	13	15	20	7	14	324.98	0		8.407635
98	389	78	0	25	0	12	29	10	12	509.35	0		8.098728


-------------------------------------------------------------------------------------------------------------------
Tour_Id:			34
No_of_Customers:		3
No_of_Items:			13
Customer_Sequence:		17 34 11 

CustId	Id	TypeId	Rotated	x	y	z	Length	Width	Height	mass	Fragility	LoadBearingStrength
11	37	87	0	0	0	0	32	12	14	968.50	0		17.426270
11	33	4	0	0	12	0	16	12	13	448.26	0		25.558476
11	36	74	0	0	12	13	12	11	9	699.19	0		24.516183
11	34	63	0	0	0	14	23	5	6	112.02	1		3.077895
11	32	3	0	16	12	0	19	12	8	201.09	0		38.311319
11	35	69	0	16	12	8	21	12	7	180.73	1		7.686659
34	127	42	0	32	0	0	15	10	11	206.25	0		14.242890
17	60	83	1	47	0	0	19	13	9	248.18	0		12.009591
34	125	14	0	0	12	22	12	9	7	92.88	0		20.768212
34	126	18	0	16	12	15	24	13	13	515.92	1		3.002181
17	58	53	0	0	5	14	28	7	8	272.81	0		65.036230
17	59	74	0	32	0	11	12	11	9	699.19	0		24.516183
17	57	18	1	47	0	9	24	13	13	515.92	1		3.002181


-------------------------------------------------------------------------------------------------------------------
Tour_Id:			35
No_of_Customers:		3
No_of_Items:			13
Customer_Sequence:		81 37 42 

CustId	Id	TypeId	Rotated	x	y	z	Length	Width	Height	mass	Fragility	LoadBearingStrength
42	159	38	0	0	0	0	27	10	13	492.98	0		24.109207
42	158	24	0	0	10	0	13	12	8	173.24	0		5.117943
42	160	63	0	0	0	13	23	5	6	112.02	1		3.077895
37	142	88	0	13	10	0	34	13	11	863.88	0		62.708959
37	140	40	0	0	10	8	13	5	14	159.97	0		16.231961
37	139	16	0	0	5	13	20	5	9	123.64	0		11.412342
37	138	5	0	13	10	11	16	6	11	524.04	0		69.335766
81	318	66	0	0	5	22	27	7	7	555.07	1		9.898133
81	317	64	0	13	16	11	34	5	12	562.11	0		34.690096
81	315	28	1	47	0	0	18	13	10	295	0		8.785553
37	141	80	0	27	0	0	20	7	14	324.98	0		8.407635
81	316	46	0	23	0	14	19	5	8	121.88	0		34.295845
81	319	82	1	47	0	10	23	12	12	395.16	0		19.587729


-------------------------------------------------------------------------------------------------------------------
Tour_Id:			36
No_of_Customers:		2
No_of_Items:			9
Customer_Sequence:		22 70 

CustId	Id	TypeId	Rotated	x	y	z	Length	Width	Height	mass	Fragility	LoadBearingStrength
70	271	49	0	0	0	0	13	12	14	656.39	0		20.399772
70	272	56	0	13	0	0	34	14	12	822.03	0		9.601281
70	273	93	0	13	0	12	35	12	14	908.27	0		18.599855
70	270	26	0	0	14	0	27	10	8	238.95	0		7.143757
22	77	81	0	0	14	8	18	8	13	201.51	0		20.995613
22	75	32	0	27	14	0	20	9	12	390.91	0		10.746468
70	269	17	0	0	0	14	12	10	13	219.82	0		13.957431
22	78	84	0	18	12	12	30	6	9	207.63	0		10.197725
22	76	70	0	0	12	21	23	8	8	780.07	0		34.273470


