Name:				526_n100_m400_bt3
Problem:			3L-VRPTW
Number_of_used_Vehicles:	14
Total_Travel_Distance:		1348.93
Calculation_Time:		602.32
Total_Iterations:		20498
ConstraintSet:			P1

-------------------------------------------------------------------------------------------------------------------
Tour_Id:			1
No_of_Customers:		9
No_of_Items:			31
Customer_Sequence:		1 55 93 15 31 78 61 98 92 

CustId	Id	TypeId	Rotated	x	y	z	Length	Width	Height	mass	Fragility	LoadBearingStrength
92	363	2	0	0	0	0	17	7	5	527.58	1		5.566252
92	364	2	0	0	7	0	17	7	5	527.58	1		5.566252
98	386	1	0	0	14	0	16	7	3	286.60	0		16.447400
98	387	1	0	0	14	3	16	7	3	286.60	0		16.447400
98	388	1	0	0	14	6	16	7	3	286.60	0		16.447400
98	389	1	0	16	14	0	16	7	3	286.60	0		16.447400
98	390	3	0	0	14	9	7	6	6	241.92	0		79.853342
61	245	1	0	16	14	3	16	7	3	286.60	0		16.447400
61	246	1	0	16	14	6	16	7	3	286.60	0		16.447400
61	247	2	0	0	0	5	17	7	5	527.58	1		5.566252
78	308	1	0	7	14	9	16	7	3	286.60	0		16.447400
78	309	1	0	7	14	12	16	7	3	286.60	0		16.447400
78	310	3	0	0	14	15	7	6	6	241.92	0		79.853342
78	311	3	0	0	14	21	7	6	6	241.92	0		79.853342
31	126	1	0	7	14	15	16	7	3	286.60	0		16.447400
31	127	1	0	7	14	18	16	7	3	286.60	0		16.447400
31	128	2	0	0	7	5	17	7	5	527.58	1		5.566252
31	129	2	0	0	0	10	17	7	5	527.58	1		5.566252
15	61	1	0	7	14	21	16	7	3	286.60	0		16.447400
15	62	1	0	7	14	24	16	7	3	286.60	0		16.447400
15	63	3	0	17	0	0	7	6	6	241.92	0		79.853342
15	64	3	0	17	6	0	7	6	6	241.92	0		79.853342
93	365	1	0	24	0	0	16	7	3	286.60	0		16.447400
93	367	3	0	17	0	6	7	6	6	241.92	0		79.853342
93	366	2	0	0	7	10	17	7	5	527.58	1		5.566252
55	222	1	0	24	7	0	16	7	3	286.60	0		16.447400
55	223	1	0	24	0	3	16	7	3	286.60	0		16.447400
1	1	1	0	24	7	3	16	7	3	286.60	0		16.447400
1	2	1	0	17	6	6	16	7	3	286.60	0		16.447400
1	3	2	0	0	0	15	17	7	5	527.58	1		5.566252
1	4	2	0	0	7	15	17	7	5	527.58	1		5.566252


-------------------------------------------------------------------------------------------------------------------
Tour_Id:			2
No_of_Customers:		8
No_of_Items:			30
Customer_Sequence:		96 63 84 69 90 62 64 53 

CustId	Id	TypeId	Rotated	x	y	z	Length	Width	Height	mass	Fragility	LoadBearingStrength
53	215	1	0	0	0	0	16	7	3	286.60	0		16.447400
53	216	1	0	0	7	0	16	7	3	286.60	0		16.447400
53	217	2	0	0	14	0	17	7	5	527.58	1		5.566252
53	218	2	0	0	0	3	17	7	5	527.58	1		5.566252
64	255	1	0	0	7	3	16	7	3	286.60	0		16.447400
64	256	1	0	0	7	6	16	7	3	286.60	0		16.447400
64	259	3	0	0	7	9	7	6	6	241.92	0		79.853342
64	257	2	0	0	14	5	17	7	5	527.58	1		5.566252
64	258	2	0	0	0	8	17	7	5	527.58	1		5.566252
62	248	1	0	16	7	0	16	7	3	286.60	0		16.447400
62	249	2	0	0	13	10	17	7	5	527.58	1		5.566252
90	354	1	0	17	14	0	16	7	3	286.60	0		16.447400
90	355	3	0	0	7	15	7	6	6	241.92	0		79.853342
90	356	3	0	0	7	21	7	6	6	241.92	0		79.853342
69	275	3	0	7	7	9	7	6	6	241.92	0		79.853342
69	272	2	0	0	0	13	17	7	5	527.58	1		5.566252
69	273	2	0	0	13	15	17	7	5	527.58	1		5.566252
69	274	2	0	0	0	18	17	7	5	527.58	1		5.566252
84	331	2	0	0	13	20	17	7	5	527.58	1		5.566252
84	332	2	0	0	0	23	17	7	5	527.58	1		5.566252
63	250	1	0	17	0	0	16	7	3	286.60	0		16.447400
63	253	3	0	7	7	15	7	6	6	241.92	0		79.853342
63	254	3	0	7	7	21	7	6	6	241.92	0		79.853342
63	251	2	0	17	0	3	17	7	5	527.58	1		5.566252
63	252	2	0	17	7	3	17	7	5	527.58	1		5.566252
96	380	3	0	17	14	3	7	6	6	241.92	0		79.853342
96	381	3	0	17	14	9	7	6	6	241.92	0		79.853342
96	377	2	0	17	0	8	17	7	5	527.58	1		5.566252
96	378	2	0	17	7	8	17	7	5	527.58	1		5.566252
96	379	2	0	17	0	13	17	7	5	527.58	1		5.566252


-------------------------------------------------------------------------------------------------------------------
Tour_Id:			3
No_of_Customers:		6
No_of_Items:			20
Customer_Sequence:		48 11 24 47 73 36 

CustId	Id	TypeId	Rotated	x	y	z	Length	Width	Height	mass	Fragility	LoadBearingStrength
36	150	3	0	0	0	0	7	6	6	241.92	0		79.853342
36	151	3	0	0	6	0	7	6	6	241.92	0		79.853342
36	148	2	0	0	12	0	17	7	5	527.58	1		5.566252
36	149	2	0	0	12	5	17	7	5	527.58	1		5.566252
73	288	1	0	7	0	0	16	7	3	286.60	0		16.447400
73	289	1	0	7	0	3	16	7	3	286.60	0		16.447400
73	290	1	0	0	0	6	16	7	3	286.60	0		16.447400
73	291	3	0	0	19	0	7	6	6	241.92	0		79.853342
47	191	1	0	0	0	9	16	7	3	286.60	0		16.447400
47	192	2	0	0	12	10	17	7	5	527.58	1		5.566252
47	193	2	0	0	0	12	17	7	5	527.58	1		5.566252
24	104	1	0	17	7	0	16	7	3	286.60	0		16.447400
24	105	1	0	17	14	0	16	7	3	286.60	0		16.447400
24	107	3	0	0	19	6	7	6	6	241.92	0		79.853342
24	106	2	0	0	12	15	17	7	5	527.58	1		5.566252
11	50	1	0	17	7	3	16	7	3	286.60	0		16.447400
11	51	1	0	17	14	3	16	7	3	286.60	0		16.447400
48	194	1	0	17	7	6	16	7	3	286.60	0		16.447400
48	196	3	0	0	19	12	7	6	6	241.92	0		79.853342
48	195	2	0	0	0	17	17	7	5	527.58	1		5.566252


-------------------------------------------------------------------------------------------------------------------
Tour_Id:			4
No_of_Customers:		7
No_of_Items:			25
Customer_Sequence:		94 59 8 25 32 38 14 

CustId	Id	TypeId	Rotated	x	y	z	Length	Width	Height	mass	Fragility	LoadBearingStrength
14	58	1	0	0	0	0	16	7	3	286.60	0		16.447400
14	59	2	0	0	7	0	17	7	5	527.58	1		5.566252
14	60	2	0	0	14	0	17	7	5	527.58	1		5.566252
38	155	1	0	0	0	3	16	7	3	286.60	0		16.447400
38	157	3	0	0	0	6	7	6	6	241.92	0		79.853342
38	158	3	0	0	0	12	7	6	6	241.92	0		79.853342
38	156	2	0	0	7	5	17	7	5	527.58	1		5.566252
32	130	1	0	16	0	0	16	7	3	286.60	0		16.447400
32	131	1	0	16	0	3	16	7	3	286.60	0		16.447400
32	132	3	0	0	0	18	7	6	6	241.92	0		79.853342
25	108	1	0	7	0	6	16	7	3	286.60	0		16.447400
25	109	3	0	0	0	24	7	6	6	241.92	0		79.853342
8	33	1	0	7	0	9	16	7	3	286.60	0		16.447400
8	36	3	0	7	0	12	7	6	6	241.92	0		79.853342
8	37	3	0	7	0	18	7	6	6	241.92	0		79.853342
8	34	2	0	0	14	5	17	7	5	527.58	1		5.566252
8	35	2	0	0	7	10	17	7	5	527.58	1		5.566252
59	237	1	0	17	7	0	16	7	3	286.60	0		16.447400
59	238	1	0	17	14	0	16	7	3	286.60	0		16.447400
59	241	3	0	7	0	24	7	6	6	241.92	0		79.853342
59	239	2	0	0	14	10	17	7	5	527.58	1		5.566252
59	240	2	0	0	6	15	17	7	5	527.58	1		5.566252
94	368	1	0	17	7	3	16	7	3	286.60	0		16.447400
94	369	1	0	17	14	3	16	7	3	286.60	0		16.447400
94	370	2	0	0	13	15	17	7	5	527.58	1		5.566252


-------------------------------------------------------------------------------------------------------------------
Tour_Id:			5
No_of_Customers:		8
No_of_Items:			33
Customer_Sequence:		87 16 83 89 39 44 4 9 

CustId	Id	TypeId	Rotated	x	y	z	Length	Width	Height	mass	Fragility	LoadBearingStrength
9	38	1	0	0	0	0	16	7	3	286.60	0		16.447400
9	43	3	0	0	7	0	7	6	6	241.92	0		79.853342
9	39	2	0	0	13	0	17	7	5	527.58	1		5.566252
9	40	2	0	0	0	3	17	7	5	527.58	1		5.566252
9	41	2	0	0	13	5	17	7	5	527.58	1		5.566252
9	42	2	0	0	0	8	17	7	5	527.58	1		5.566252
4	16	3	0	0	7	6	7	6	6	241.92	0		79.853342
4	13	2	0	0	13	10	17	7	5	527.58	1		5.566252
4	14	2	0	0	0	13	17	7	5	527.58	1		5.566252
4	15	2	0	0	13	15	17	7	5	527.58	1		5.566252
44	178	1	0	17	0	0	16	7	3	286.60	0		16.447400
44	179	1	0	17	7	0	16	7	3	286.60	0		16.447400
44	180	1	0	17	14	0	16	7	3	286.60	0		16.447400
44	181	3	0	0	7	12	7	6	6	241.92	0		79.853342
44	182	3	0	0	7	18	7	6	6	241.92	0		79.853342
39	162	3	0	0	7	24	7	6	6	241.92	0		79.853342
39	163	3	0	17	0	3	7	6	6	241.92	0		79.853342
39	159	2	0	0	0	18	17	7	5	527.58	1		5.566252
39	160	2	0	0	13	20	17	7	5	527.58	1		5.566252
39	161	2	0	0	0	23	17	7	5	527.58	1		5.566252
89	352	1	0	17	6	3	16	7	3	286.60	0		16.447400
89	353	3	0	17	13	3	7	6	6	241.92	0		79.853342
83	328	1	0	17	6	6	16	7	3	286.60	0		16.447400
83	329	2	1	17	0	9	17	7	5	527.58	1		5.566252
83	330	2	1	17	0	14	17	7	5	527.58	1		5.566252
16	65	3	0	24	0	3	7	6	6	241.92	0		79.853342
16	66	3	0	24	13	3	7	6	6	241.92	0		79.853342
16	67	3	0	24	0	9	7	6	6	241.92	0		79.853342
16	68	3	0	24	6	9	7	6	6	241.92	0		79.853342
87	345	1	1	24	0	15	16	7	3	286.60	0		16.447400
87	346	1	1	24	0	18	16	7	3	286.60	0		16.447400
87	347	3	0	24	12	9	7	6	6	241.92	0		79.853342
87	348	3	0	24	0	21	7	6	6	241.92	0		79.853342


-------------------------------------------------------------------------------------------------------------------
Tour_Id:			6
No_of_Customers:		9
No_of_Items:			37
Customer_Sequence:		99 17 5 74 52 65 33 58 60 

CustId	Id	TypeId	Rotated	x	y	z	Length	Width	Height	mass	Fragility	LoadBearingStrength
60	242	1	0	0	0	0	16	7	3	286.60	0		16.447400
60	243	3	0	0	7	0	7	6	6	241.92	0		79.853342
60	244	3	0	0	13	0	7	6	6	241.92	0		79.853342
58	232	1	0	0	0	3	16	7	3	286.60	0		16.447400
58	233	1	0	0	0	6	16	7	3	286.60	0		16.447400
58	235	3	0	0	19	0	7	6	6	241.92	0		79.853342
58	236	3	0	0	7	6	7	6	6	241.92	0		79.853342
58	234	2	0	0	0	9	17	7	5	527.58	1		5.566252
33	133	1	0	7	7	0	16	7	3	286.60	0		16.447400
33	134	1	0	7	14	0	16	7	3	286.60	0		16.447400
33	137	3	0	0	13	6	7	6	6	241.92	0		79.853342
33	135	2	0	0	0	14	17	7	5	527.58	1		5.566252
33	136	2	0	0	0	19	17	7	5	527.58	1		5.566252
65	260	1	1	0	7	12	16	7	3	286.60	0		16.447400
65	261	3	0	0	19	6	7	6	6	241.92	0		79.853342
52	212	1	1	0	7	15	16	7	3	286.60	0		16.447400
52	214	3	0	0	7	18	7	6	6	241.92	0		79.853342
52	213	2	0	0	0	24	17	7	5	527.58	1		5.566252
74	292	1	0	7	7	3	16	7	3	286.60	0		16.447400
74	293	1	0	7	14	3	16	7	3	286.60	0		16.447400
74	294	3	0	0	13	18	7	6	6	241.92	0		79.853342
5	17	1	1	0	7	24	16	7	3	286.60	0		16.447400
5	18	1	0	7	7	6	16	7	3	286.60	0		16.447400
5	19	1	0	7	14	6	16	7	3	286.60	0		16.447400
5	22	3	0	7	7	9	7	6	6	241.92	0		79.853342
5	20	2	0	7	13	9	17	7	5	527.58	1		5.566252
5	21	2	0	7	13	14	17	7	5	527.58	1		5.566252
17	69	1	0	17	0	0	16	7	3	286.60	0		16.447400
17	70	1	0	17	0	3	16	7	3	286.60	0		16.447400
17	72	3	0	7	7	15	7	6	6	241.92	0		79.853342
17	73	3	0	7	7	21	7	6	6	241.92	0		79.853342
17	74	3	0	14	7	9	7	6	6	241.92	0		79.853342
17	71	2	0	7	13	19	17	7	5	527.58	1		5.566252
99	391	1	0	17	0	6	16	7	3	286.60	0		16.447400
99	393	3	0	14	7	15	7	6	6	241.92	0		79.853342
99	394	3	0	14	7	21	7	6	6	241.92	0		79.853342
99	392	2	0	7	13	24	17	7	5	527.58	1		5.566252


-------------------------------------------------------------------------------------------------------------------
Tour_Id:			7
No_of_Customers:		7
No_of_Items:			30
Customer_Sequence:		76 10 34 28 71 81 27 

CustId	Id	TypeId	Rotated	x	y	z	Length	Width	Height	mass	Fragility	LoadBearingStrength
27	115	1	0	0	0	0	16	7	3	286.60	0		16.447400
27	116	2	0	0	7	0	17	7	5	527.58	1		5.566252
27	117	2	0	0	14	0	17	7	5	527.58	1		5.566252
81	320	1	0	0	0	3	16	7	3	286.60	0		16.447400
81	321	3	0	0	0	6	7	6	6	241.92	0		79.853342
81	322	3	0	0	0	12	7	6	6	241.92	0		79.853342
81	323	3	0	0	0	18	7	6	6	241.92	0		79.853342
71	282	3	0	0	0	24	7	6	6	241.92	0		79.853342
71	279	2	0	0	7	5	17	7	5	527.58	1		5.566252
71	280	2	0	0	14	5	17	7	5	527.58	1		5.566252
71	281	2	0	0	6	10	17	7	5	527.58	1		5.566252
28	118	1	0	17	0	0	16	7	3	286.60	0		16.447400
28	119	3	0	7	0	6	7	6	6	241.92	0		79.853342
28	120	3	0	7	0	12	7	6	6	241.92	0		79.853342
34	138	1	0	17	7	0	16	7	3	286.60	0		16.447400
34	139	1	0	17	14	0	16	7	3	286.60	0		16.447400
34	140	1	0	17	0	3	16	7	3	286.60	0		16.447400
34	142	3	0	7	0	18	7	6	6	241.92	0		79.853342
34	141	2	0	0	13	10	17	7	5	527.58	1		5.566252
10	44	1	0	17	7	3	16	7	3	286.60	0		16.447400
10	47	3	0	7	0	24	7	6	6	241.92	0		79.853342
10	48	3	0	14	0	6	7	6	6	241.92	0		79.853342
10	49	3	0	14	0	12	7	6	6	241.92	0		79.853342
10	45	2	0	0	6	15	17	7	5	527.58	1		5.566252
10	46	2	0	0	13	15	17	7	5	527.58	1		5.566252
76	301	1	0	17	14	3	16	7	3	286.60	0		16.447400
76	302	2	0	0	6	20	17	7	5	527.58	1		5.566252
76	303	2	0	0	13	20	17	7	5	527.58	1		5.566252
76	304	2	0	17	6	6	17	7	5	527.58	1		5.566252
76	305	2	0	17	13	6	17	7	5	527.58	1		5.566252


-------------------------------------------------------------------------------------------------------------------
Tour_Id:			8
No_of_Customers:		8
No_of_Items:			31
Customer_Sequence:		29 56 97 42 26 21 85 54 

CustId	Id	TypeId	Rotated	x	y	z	Length	Width	Height	mass	Fragility	LoadBearingStrength
54	220	3	0	0	0	0	7	6	6	241.92	0		79.853342
54	221	3	0	0	6	0	7	6	6	241.92	0		79.853342
54	219	2	0	0	12	0	17	7	5	527.58	1		5.566252
85	333	1	1	0	0	6	16	7	3	286.60	0		16.447400
85	334	1	1	0	0	9	16	7	3	286.60	0		16.447400
85	335	1	1	0	0	12	16	7	3	286.60	0		16.447400
85	336	1	1	0	0	15	16	7	3	286.60	0		16.447400
85	338	3	0	0	19	0	7	6	6	241.92	0		79.853342
85	337	2	1	0	0	18	17	7	5	527.58	1		5.566252
21	88	1	0	7	0	0	16	7	3	286.60	0		16.447400
21	89	1	0	7	0	3	16	7	3	286.60	0		16.447400
21	90	1	0	7	0	6	16	7	3	286.60	0		16.447400
21	93	3	0	0	19	6	7	6	6	241.92	0		79.853342
21	91	2	1	0	0	23	17	7	5	527.58	1		5.566252
21	92	2	0	7	0	9	17	7	5	527.58	1		5.566252
26	110	1	0	17	7	0	16	7	3	286.60	0		16.447400
26	113	3	0	0	19	12	7	6	6	241.92	0		79.853342
26	114	3	0	0	19	18	7	6	6	241.92	0		79.853342
26	111	2	0	7	0	14	17	7	5	527.58	1		5.566252
26	112	2	0	7	0	19	17	7	5	527.58	1		5.566252
42	170	1	0	17	14	0	16	7	3	286.60	0		16.447400
42	172	3	0	0	19	24	7	6	6	241.92	0		79.853342
42	171	2	0	7	0	24	17	7	5	527.58	1		5.566252
97	382	3	0	17	7	3	7	6	6	241.92	0		79.853342
97	383	3	0	17	13	3	7	6	6	241.92	0		79.853342
97	384	3	0	17	7	9	7	6	6	241.92	0		79.853342
97	385	3	0	17	13	9	7	6	6	241.92	0		79.853342
56	224	2	0	24	0	0	17	7	5	527.58	1		5.566252
56	225	2	1	24	7	3	17	7	5	527.58	1		5.566252
29	121	1	1	17	7	15	16	7	3	286.60	0		16.447400
29	122	3	0	17	7	18	7	6	6	241.92	0		79.853342


-------------------------------------------------------------------------------------------------------------------
Tour_Id:			9
No_of_Customers:		9
No_of_Items:			36
Customer_Sequence:		20 22 79 6 19 51 80 41 77 

CustId	Id	TypeId	Rotated	x	y	z	Length	Width	Height	mass	Fragility	LoadBearingStrength
77	306	1	0	0	0	0	16	7	3	286.60	0		16.447400
77	307	3	0	0	7	0	7	6	6	241.92	0		79.853342
41	167	1	0	0	13	0	16	7	3	286.60	0		16.447400
41	168	1	0	0	0	3	16	7	3	286.60	0		16.447400
41	169	2	0	0	13	3	17	7	5	527.58	1		5.566252
80	316	1	0	0	0	6	16	7	3	286.60	0		16.447400
80	319	3	0	0	7	6	7	6	6	241.92	0		79.853342
80	317	2	0	0	13	8	17	7	5	527.58	1		5.566252
80	318	2	0	0	0	9	17	7	5	527.58	1		5.566252
51	209	3	0	0	7	12	7	6	6	241.92	0		79.853342
51	210	3	0	0	7	18	7	6	6	241.92	0		79.853342
51	211	3	0	0	7	24	7	6	6	241.92	0		79.853342
51	208	2	0	0	13	13	17	7	5	527.58	1		5.566252
19	82	3	0	7	7	0	7	6	6	241.92	0		79.853342
19	83	3	0	7	7	6	7	6	6	241.92	0		79.853342
19	80	2	0	0	0	14	17	7	5	527.58	1		5.566252
19	81	2	0	0	13	18	17	7	5	527.58	1		5.566252
6	23	1	0	17	0	0	16	7	3	286.60	0		16.447400
6	24	1	0	17	7	0	16	7	3	286.60	0		16.447400
6	25	1	0	17	14	0	16	7	3	286.60	0		16.447400
6	26	1	0	17	0	3	16	7	3	286.60	0		16.447400
6	27	2	0	0	0	19	17	7	5	527.58	1		5.566252
79	312	1	0	17	7	3	16	7	3	286.60	0		16.447400
79	313	1	0	17	14	3	16	7	3	286.60	0		16.447400
79	315	3	0	7	7	12	7	6	6	241.92	0		79.853342
79	314	2	0	0	13	23	17	7	5	527.58	1		5.566252
22	94	1	0	17	0	6	16	7	3	286.60	0		16.447400
22	95	1	0	17	7	6	16	7	3	286.60	0		16.447400
22	97	3	0	7	7	18	7	6	6	241.92	0		79.853342
22	98	3	0	7	7	24	7	6	6	241.92	0		79.853342
22	99	3	0	17	14	6	7	6	6	241.92	0		79.853342
22	96	2	0	0	0	24	17	7	5	527.58	1		5.566252
20	84	1	0	17	0	9	16	7	3	286.60	0		16.447400
20	85	1	0	17	7	9	16	7	3	286.60	0		16.447400
20	86	1	0	17	0	12	16	7	3	286.60	0		16.447400
20	87	3	0	17	7	12	7	6	6	241.92	0		79.853342


-------------------------------------------------------------------------------------------------------------------
Tour_Id:			10
No_of_Customers:		8
No_of_Items:			32
Customer_Sequence:		100 2 70 68 67 75 46 45 

CustId	Id	TypeId	Rotated	x	y	z	Length	Width	Height	mass	Fragility	LoadBearingStrength
45	183	1	0	0	0	0	16	7	3	286.60	0		16.447400
45	188	3	0	0	7	0	7	6	6	241.92	0		79.853342
45	184	2	0	0	13	0	17	7	5	527.58	1		5.566252
45	185	2	0	0	0	3	17	7	5	527.58	1		5.566252
45	186	2	0	0	13	5	17	7	5	527.58	1		5.566252
45	187	2	0	0	0	8	17	7	5	527.58	1		5.566252
46	190	3	0	0	7	6	7	6	6	241.92	0		79.853342
46	189	2	0	0	13	10	17	7	5	527.58	1		5.566252
75	295	1	0	17	0	0	16	7	3	286.60	0		16.447400
75	296	1	0	17	7	0	16	7	3	286.60	0		16.447400
75	300	3	0	0	7	12	7	6	6	241.92	0		79.853342
75	297	2	0	0	0	13	17	7	5	527.58	1		5.566252
75	298	2	0	0	13	15	17	7	5	527.58	1		5.566252
75	299	2	0	0	0	18	17	7	5	527.58	1		5.566252
67	266	1	0	17	14	0	16	7	3	286.60	0		16.447400
67	268	3	0	0	7	18	7	6	6	241.92	0		79.853342
67	267	2	0	0	13	20	17	7	5	527.58	1		5.566252
68	269	1	0	17	0	3	16	7	3	286.60	0		16.447400
68	270	1	0	17	7	3	16	7	3	286.60	0		16.447400
68	271	1	0	17	14	3	16	7	3	286.60	0		16.447400
70	276	1	0	17	0	6	16	7	3	286.60	0		16.447400
70	277	1	0	17	7	6	16	7	3	286.60	0		16.447400
70	278	2	0	0	0	23	17	7	5	527.58	1		5.566252
2	5	1	0	17	14	6	16	7	3	286.60	0		16.447400
2	6	1	0	17	0	9	16	7	3	286.60	0		16.447400
2	7	2	0	17	7	9	17	7	5	527.58	1		5.566252
100	395	1	0	17	14	9	16	7	3	286.60	0		16.447400
100	396	1	0	17	0	12	16	7	3	286.60	0		16.447400
100	397	1	0	17	14	12	16	7	3	286.60	0		16.447400
100	398	1	0	17	0	15	16	7	3	286.60	0		16.447400
100	399	3	0	0	7	24	7	6	6	241.92	0		79.853342
100	400	3	0	17	13	15	7	6	6	241.92	0		79.853342


-------------------------------------------------------------------------------------------------------------------
Tour_Id:			11
No_of_Customers:		6
No_of_Items:			27
Customer_Sequence:		49 43 30 88 18 50 

CustId	Id	TypeId	Rotated	x	y	z	Length	Width	Height	mass	Fragility	LoadBearingStrength
50	203	1	0	0	0	0	16	7	3	286.60	0		16.447400
50	204	1	0	0	7	0	16	7	3	286.60	0		16.447400
50	205	1	0	0	14	0	16	7	3	286.60	0		16.447400
50	207	3	0	0	0	3	7	6	6	241.92	0		79.853342
50	206	2	0	0	6	3	17	7	5	527.58	1		5.566252
18	75	1	0	0	13	3	16	7	3	286.60	0		16.447400
18	76	1	0	0	13	6	16	7	3	286.60	0		16.447400
18	79	3	0	0	0	9	7	6	6	241.92	0		79.853342
18	77	2	0	0	6	8	17	7	5	527.58	1		5.566252
18	78	2	0	0	13	9	17	7	5	527.58	1		5.566252
88	349	1	0	17	0	0	16	7	3	286.60	0		16.447400
88	351	3	0	0	0	15	7	6	6	241.92	0		79.853342
88	350	2	0	0	6	13	17	7	5	527.58	1		5.566252
30	123	1	0	17	7	0	16	7	3	286.60	0		16.447400
30	124	2	0	0	13	14	17	7	5	527.58	1		5.566252
30	125	2	0	0	6	18	17	7	5	527.58	1		5.566252
43	175	3	0	0	0	21	7	6	6	241.92	0		79.853342
43	176	3	0	7	0	3	7	6	6	241.92	0		79.853342
43	177	3	0	7	0	9	7	6	6	241.92	0		79.853342
43	173	2	0	0	13	19	17	7	5	527.58	1		5.566252
43	174	2	0	0	6	23	17	7	5	527.58	1		5.566252
49	197	1	0	17	14	0	16	7	3	286.60	0		16.447400
49	198	1	0	17	0	3	16	7	3	286.60	0		16.447400
49	199	1	0	17	7	3	16	7	3	286.60	0		16.447400
49	200	2	0	0	13	24	17	7	5	527.58	1		5.566252
49	201	2	0	17	14	3	17	7	5	527.58	1		5.566252
49	202	2	0	17	0	6	17	7	5	527.58	1		5.566252


-------------------------------------------------------------------------------------------------------------------
Tour_Id:			12
No_of_Customers:		5
No_of_Items:			23
Customer_Sequence:		95 40 3 72 23 

CustId	Id	TypeId	Rotated	x	y	z	Length	Width	Height	mass	Fragility	LoadBearingStrength
23	100	1	0	0	0	0	16	7	3	286.60	0		16.447400
23	101	1	0	0	7	0	16	7	3	286.60	0		16.447400
23	103	3	0	0	14	0	7	6	6	241.92	0		79.853342
23	102	2	0	0	0	3	17	7	5	527.58	1		5.566252
72	283	1	0	0	7	3	16	7	3	286.60	0		16.447400
72	284	1	0	0	7	6	16	7	3	286.60	0		16.447400
72	285	1	0	0	7	9	16	7	3	286.60	0		16.447400
72	286	1	0	0	7	12	16	7	3	286.60	0		16.447400
72	287	2	0	0	0	8	17	7	5	527.58	1		5.566252
3	8	1	0	0	7	15	16	7	3	286.60	0		16.447400
3	12	3	0	0	14	6	7	6	6	241.92	0		79.853342
3	9	2	0	0	0	13	17	7	5	527.58	1		5.566252
3	10	2	0	0	0	18	17	7	5	527.58	1		5.566252
3	11	2	0	0	7	18	17	7	5	527.58	1		5.566252
40	164	1	0	7	14	0	16	7	3	286.60	0		16.447400
40	166	3	0	0	14	12	7	6	6	241.92	0		79.853342
40	165	2	0	0	0	23	17	7	5	527.58	1		5.566252
95	371	1	0	7	14	3	16	7	3	286.60	0		16.447400
95	372	1	0	7	14	6	16	7	3	286.60	0		16.447400
95	373	1	0	7	14	9	16	7	3	286.60	0		16.447400
95	374	1	0	7	14	12	16	7	3	286.60	0		16.447400
95	375	2	0	0	7	23	17	7	5	527.58	1		5.566252
95	376	2	0	7	14	15	17	7	5	527.58	1		5.566252


-------------------------------------------------------------------------------------------------------------------
Tour_Id:			13
No_of_Customers:		6
No_of_Items:			27
Customer_Sequence:		86 35 13 57 37 66 

CustId	Id	TypeId	Rotated	x	y	z	Length	Width	Height	mass	Fragility	LoadBearingStrength
66	262	1	0	0	0	0	16	7	3	286.60	0		16.447400
66	263	1	0	0	7	0	16	7	3	286.60	0		16.447400
66	264	2	0	0	14	0	17	7	5	527.58	1		5.566252
66	265	2	0	0	0	3	17	7	5	527.58	1		5.566252
37	153	3	0	0	7	3	7	6	6	241.92	0		79.853342
37	154	3	0	0	7	9	7	6	6	241.92	0		79.853342
37	152	2	0	0	13	5	17	7	5	527.58	1		5.566252
57	226	1	0	17	0	0	16	7	3	286.60	0		16.447400
57	227	1	0	17	7	0	16	7	3	286.60	0		16.447400
57	228	1	0	17	14	0	16	7	3	286.60	0		16.447400
57	229	1	0	17	0	3	16	7	3	286.60	0		16.447400
57	231	3	0	0	7	15	7	6	6	241.92	0		79.853342
57	230	2	0	0	0	8	17	7	5	527.58	1		5.566252
13	55	1	0	17	7	3	16	7	3	286.60	0		16.447400
13	57	3	0	0	7	21	7	6	6	241.92	0		79.853342
13	56	2	0	0	13	10	17	7	5	527.58	1		5.566252
35	143	1	0	17	14	3	16	7	3	286.60	0		16.447400
35	145	3	0	17	0	6	7	6	6	241.92	0		79.853342
35	146	3	0	17	6	6	7	6	6	241.92	0		79.853342
35	147	3	0	17	12	6	7	6	6	241.92	0		79.853342
35	144	2	0	0	0	13	17	7	5	527.58	1		5.566252
86	339	1	1	17	0	12	16	7	3	286.60	0		16.447400
86	340	1	1	17	0	15	16	7	3	286.60	0		16.447400
86	341	1	1	17	0	18	16	7	3	286.60	0		16.447400
86	342	1	1	17	0	21	16	7	3	286.60	0		16.447400
86	344	3	0	17	0	24	7	6	6	241.92	0		79.853342
86	343	2	0	0	13	15	17	7	5	527.58	1		5.566252


-------------------------------------------------------------------------------------------------------------------
Tour_Id:			14
No_of_Customers:		4
No_of_Items:			18
Customer_Sequence:		91 82 7 12 

CustId	Id	TypeId	Rotated	x	y	z	Length	Width	Height	mass	Fragility	LoadBearingStrength
12	52	1	0	0	0	0	16	7	3	286.60	0		16.447400
12	53	2	0	0	7	0	17	7	5	527.58	1		5.566252
12	54	2	0	0	14	0	17	7	5	527.58	1		5.566252
7	28	1	0	0	0	3	16	7	3	286.60	0		16.447400
7	29	1	0	0	0	6	16	7	3	286.60	0		16.447400
7	32	3	0	0	0	9	7	6	6	241.92	0		79.853342
7	30	2	0	0	7	5	17	7	5	527.58	1		5.566252
7	31	2	0	0	14	5	17	7	5	527.58	1		5.566252
82	326	3	0	0	0	15	7	6	6	241.92	0		79.853342
82	327	3	0	0	0	21	7	6	6	241.92	0		79.853342
82	324	2	0	0	6	10	17	7	5	527.58	1		5.566252
82	325	2	0	0	13	10	17	7	5	527.58	1		5.566252
91	357	1	0	17	0	0	16	7	3	286.60	0		16.447400
91	358	1	0	17	7	0	16	7	3	286.60	0		16.447400
91	361	3	0	7	0	9	7	6	6	241.92	0		79.853342
91	362	3	0	7	0	15	7	6	6	241.92	0		79.853342
91	359	2	0	0	6	15	17	7	5	527.58	1		5.566252
91	360	2	0	0	13	15	17	7	5	527.58	1		5.566252


