Name:				527_n100_m400_bt3
Problem:			3L-VRPTW
Number_of_used_Vehicles:	15
Total_Travel_Distance:		1522.50
Calculation_Time:		186.12
Total_Iterations:		19136
ConstraintSet:			P1

-------------------------------------------------------------------------------------------------------------------
Tour_Id:			1
No_of_Customers:		8
No_of_Items:			31
Customer_Sequence:		22 55 53 75 67 95 52 20 

CustId	Id	TypeId	Rotated	x	y	z	Length	Width	Height	mass	Fragility	LoadBearingStrength
20	90	3	0	0	0	0	12	5	3	127.76	0		10.638418
20	88	1	0	0	5	0	7	2	6	69.42	0		23.261522
20	89	1	0	0	7	0	7	2	6	69.42	0		23.261522
52	221	3	0	0	9	0	12	5	3	127.76	0		10.638418
52	222	3	0	0	14	0	12	5	3	127.76	0		10.638418
52	223	3	0	0	19	0	12	5	3	127.76	0		10.638418
52	218	1	0	0	0	3	7	2	6	69.42	0		23.261522
52	219	2	0	0	9	3	11	6	7	223.94	1		8.923292
52	220	2	0	0	15	3	11	6	7	223.94	1		8.923292
95	382	3	0	12	0	0	12	5	3	127.76	0		10.638418
95	380	1	0	0	2	3	7	2	6	69.42	0		23.261522
95	381	2	0	0	9	10	11	6	7	223.94	1		8.923292
67	282	3	0	7	0	3	12	5	3	127.76	0		10.638418
67	283	3	0	7	0	6	12	5	3	127.76	0		10.638418
67	279	1	0	0	21	3	7	2	6	69.42	0		23.261522
67	280	1	0	0	5	6	7	2	6	69.42	0		23.261522
67	281	1	0	0	7	6	7	2	6	69.42	0		23.261522
75	311	3	0	0	0	9	12	5	3	127.76	0		10.638418
75	309	2	0	0	15	10	11	6	7	223.94	1		8.923292
75	310	2	0	0	0	12	11	6	7	223.94	1		8.923292
53	225	3	0	12	5	0	12	5	3	127.76	0		10.638418
53	226	3	0	11	5	3	12	5	3	127.76	0		10.638418
53	224	1	0	0	21	9	7	2	6	69.42	0		23.261522
55	234	3	0	11	5	6	12	5	3	127.76	0		10.638418
55	231	1	0	0	6	12	7	2	6	69.42	0		23.261522
55	232	1	0	0	21	15	7	2	6	69.42	0		23.261522
55	233	1	0	0	6	18	7	2	6	69.42	0		23.261522
22	96	3	0	11	5	9	12	5	3	127.76	0		10.638418
22	97	3	0	11	5	12	12	5	3	127.76	0		10.638418
22	94	1	0	0	21	21	7	2	6	69.42	0		23.261522
22	95	1	0	0	6	24	7	2	6	69.42	0		23.261522


-------------------------------------------------------------------------------------------------------------------
Tour_Id:			2
No_of_Customers:		10
No_of_Items:			37
Customer_Sequence:		26 39 1 27 87 90 79 65 7 21 

CustId	Id	TypeId	Rotated	x	y	z	Length	Width	Height	mass	Fragility	LoadBearingStrength
21	93	3	0	0	0	0	12	5	3	127.76	0		10.638418
21	91	2	0	0	5	0	11	6	7	223.94	1		8.923292
21	92	2	0	0	11	0	11	6	7	223.94	1		8.923292
7	26	3	0	0	17	0	12	5	3	127.76	0		10.638418
7	27	3	0	0	0	3	12	5	3	127.76	0		10.638418
7	28	3	0	0	17	3	12	5	3	127.76	0		10.638418
7	29	3	0	0	0	6	12	5	3	127.76	0		10.638418
7	24	1	0	0	22	0	7	2	6	69.42	0		23.261522
7	25	1	0	0	17	6	7	2	6	69.42	0		23.261522
65	273	2	0	0	5	7	11	6	7	223.94	1		8.923292
65	274	2	0	0	11	7	11	6	7	223.94	1		8.923292
79	320	1	0	0	19	6	7	2	6	69.42	0		23.261522
79	321	2	0	0	5	14	11	6	7	223.94	1		8.923292
90	364	3	0	0	0	9	12	5	3	127.76	0		10.638418
90	365	3	0	0	0	12	12	5	3	127.76	0		10.638418
90	363	2	0	0	11	14	11	6	7	223.94	1		8.923292
87	356	3	0	0	0	15	12	5	3	127.76	0		10.638418
87	353	1	0	0	21	6	7	2	6	69.42	0		23.261522
87	354	2	0	0	5	21	11	6	7	223.94	1		8.923292
87	355	2	0	0	11	21	11	6	7	223.94	1		8.923292
27	117	3	0	0	0	18	12	5	3	127.76	0		10.638418
27	112	1	0	0	17	12	7	2	6	69.42	0		23.261522
27	113	2	0	11	5	0	11	6	7	223.94	1		8.923292
27	114	2	0	11	11	0	11	6	7	223.94	1		8.923292
27	115	2	0	11	5	7	11	6	7	223.94	1		8.923292
27	116	2	0	11	11	7	11	6	7	223.94	1		8.923292
1	4	3	0	0	0	21	12	5	3	127.76	0		10.638418
1	5	3	0	0	0	24	12	5	3	127.76	0		10.638418
1	1	1	0	0	19	12	7	2	6	69.42	0		23.261522
1	2	2	0	11	5	14	11	6	7	223.94	1		8.923292
1	3	2	0	11	11	14	11	6	7	223.94	1		8.923292
39	167	3	0	0	0	27	12	5	3	127.76	0		10.638418
39	165	1	0	0	21	12	7	2	6	69.42	0		23.261522
39	166	1	0	0	17	18	7	2	6	69.42	0		23.261522
26	110	3	0	12	0	0	12	5	3	127.76	0		10.638418
26	111	3	0	12	17	0	12	5	3	127.76	0		10.638418
26	109	2	0	11	5	21	11	6	7	223.94	1		8.923292


-------------------------------------------------------------------------------------------------------------------
Tour_Id:			3
No_of_Customers:		6
No_of_Items:			25
Customer_Sequence:		43 77 45 69 42 37 

CustId	Id	TypeId	Rotated	x	y	z	Length	Width	Height	mass	Fragility	LoadBearingStrength
37	158	3	0	0	0	0	12	5	3	127.76	0		10.638418
37	159	3	0	0	5	0	12	5	3	127.76	0		10.638418
37	156	2	0	0	10	0	11	6	7	223.94	1		8.923292
37	157	2	0	0	16	0	11	6	7	223.94	1		8.923292
42	184	3	0	0	0	3	12	5	3	127.76	0		10.638418
42	179	1	0	0	22	0	7	2	6	69.42	0		23.261522
42	180	2	0	0	0	6	11	6	7	223.94	1		8.923292
42	181	2	0	0	10	7	11	6	7	223.94	1		8.923292
42	182	2	0	0	16	7	11	6	7	223.94	1		8.923292
42	183	2	0	0	0	13	11	6	7	223.94	1		8.923292
69	290	3	0	11	10	0	12	5	3	127.76	0		10.638418
69	288	1	0	0	6	3	7	2	6	69.42	0		23.261522
69	289	2	0	0	10	14	11	6	7	223.94	1		8.923292
45	195	3	0	11	15	0	12	5	3	127.76	0		10.638418
45	193	1	0	0	8	3	7	2	6	69.42	0		23.261522
45	194	2	0	0	16	14	11	6	7	223.94	1		8.923292
77	314	2	0	0	0	20	11	6	7	223.94	1		8.923292
77	315	2	0	0	10	21	11	6	7	223.94	1		8.923292
77	316	2	0	0	16	21	11	6	7	223.94	1		8.923292
43	189	3	0	11	20	0	12	5	3	127.76	0		10.638418
43	190	3	0	11	10	3	12	5	3	127.76	0		10.638418
43	185	1	0	0	22	6	7	2	6	69.42	0		23.261522
43	186	2	0	11	15	3	11	6	7	223.94	1		8.923292
43	187	2	0	11	15	10	11	6	7	223.94	1		8.923292
43	188	2	0	11	15	17	11	6	7	223.94	1		8.923292


-------------------------------------------------------------------------------------------------------------------
Tour_Id:			4
No_of_Customers:		6
No_of_Items:			23
Customer_Sequence:		36 100 30 80 2 93 

CustId	Id	TypeId	Rotated	x	y	z	Length	Width	Height	mass	Fragility	LoadBearingStrength
93	375	3	0	0	0	0	12	5	3	127.76	0		10.638418
93	373	1	0	0	5	0	7	2	6	69.42	0		23.261522
93	374	2	0	0	7	0	11	6	7	223.94	1		8.923292
2	6	1	0	0	13	0	7	2	6	69.42	0		23.261522
2	7	1	0	0	15	0	7	2	6	69.42	0		23.261522
2	8	2	0	0	17	0	11	6	7	223.94	1		8.923292
80	322	1	0	0	23	0	7	2	6	69.42	0		23.261522
80	323	2	0	0	7	7	11	6	7	223.94	1		8.923292
80	324	2	0	0	17	7	11	6	7	223.94	1		8.923292
80	325	2	0	0	7	14	11	6	7	223.94	1		8.923292
30	127	1	0	0	0	3	7	2	6	69.42	0		23.261522
30	128	2	0	0	17	14	11	6	7	223.94	1		8.923292
30	129	2	0	0	7	21	11	6	7	223.94	1		8.923292
100	400	3	0	11	5	0	12	5	3	127.76	0		10.638418
100	395	1	0	0	2	3	7	2	6	69.42	0		23.261522
100	396	1	0	0	5	6	7	2	6	69.42	0		23.261522
100	397	1	0	0	13	6	7	2	6	69.42	0		23.261522
100	398	1	0	0	15	6	7	2	6	69.42	0		23.261522
100	399	2	0	0	17	21	11	6	7	223.94	1		8.923292
36	152	1	0	0	23	6	7	2	6	69.42	0		23.261522
36	153	1	0	0	0	9	7	2	6	69.42	0		23.261522
36	154	1	0	0	2	9	7	2	6	69.42	0		23.261522
36	155	2	0	11	10	0	11	6	7	223.94	1		8.923292


-------------------------------------------------------------------------------------------------------------------
Tour_Id:			5
No_of_Customers:		8
No_of_Items:			34
Customer_Sequence:		41 46 89 78 40 82 86 76 

CustId	Id	TypeId	Rotated	x	y	z	Length	Width	Height	mass	Fragility	LoadBearingStrength
76	312	2	0	0	0	0	11	6	7	223.94	1		8.923292
76	313	2	0	0	6	0	11	6	7	223.94	1		8.923292
86	352	3	0	0	12	0	12	5	3	127.76	0		10.638418
86	350	1	0	0	17	0	7	2	6	69.42	0		23.261522
86	351	2	0	0	19	0	11	6	7	223.94	1		8.923292
82	336	3	0	0	12	3	12	5	3	127.76	0		10.638418
82	337	3	0	0	12	6	12	5	3	127.76	0		10.638418
82	332	1	0	0	17	6	7	2	6	69.42	0		23.261522
82	333	1	0	0	12	9	7	2	6	69.42	0		23.261522
82	334	1	0	0	14	9	7	2	6	69.42	0		23.261522
82	335	2	0	0	0	7	11	6	7	223.94	1		8.923292
40	173	3	0	11	0	0	12	5	3	127.76	0		10.638418
40	168	1	0	0	17	12	7	2	6	69.42	0		23.261522
40	169	1	0	0	12	15	7	2	6	69.42	0		23.261522
40	170	1	0	0	14	15	7	2	6	69.42	0		23.261522
40	171	1	0	0	17	18	7	2	6	69.42	0		23.261522
40	172	2	0	0	6	7	11	6	7	223.94	1		8.923292
78	319	3	0	11	5	0	12	5	3	127.76	0		10.638418
78	317	1	0	0	12	21	7	2	6	69.42	0		23.261522
78	318	1	0	0	14	21	7	2	6	69.42	0		23.261522
89	362	3	0	11	17	0	12	5	3	127.76	0		10.638418
89	359	1	0	0	17	24	7	2	6	69.42	0		23.261522
89	360	1	0	11	10	0	7	2	6	69.42	0		23.261522
89	361	2	0	0	19	7	11	6	7	223.94	1		8.923292
46	200	3	0	11	0	3	12	5	3	127.76	0		10.638418
46	196	1	0	11	22	0	7	2	6	69.42	0		23.261522
46	197	1	0	11	5	3	7	2	6	69.42	0		23.261522
46	198	1	0	11	7	3	7	2	6	69.42	0		23.261522
46	199	1	0	11	17	3	7	2	6	69.42	0		23.261522
41	177	3	0	11	0	6	12	5	3	127.76	0		10.638418
41	178	3	0	11	0	9	12	5	3	127.76	0		10.638418
41	174	1	0	11	19	3	7	2	6	69.42	0		23.261522
41	175	2	0	0	0	14	11	6	7	223.94	1		8.923292
41	176	2	0	0	6	14	11	6	7	223.94	1		8.923292


-------------------------------------------------------------------------------------------------------------------
Tour_Id:			6
No_of_Customers:		4
No_of_Items:			16
Customer_Sequence:		25 58 19 5 

CustId	Id	TypeId	Rotated	x	y	z	Length	Width	Height	mass	Fragility	LoadBearingStrength
5	19	3	0	0	0	0	12	5	3	127.76	0		10.638418
5	17	1	0	0	5	0	7	2	6	69.42	0		23.261522
5	18	1	0	0	7	0	7	2	6	69.42	0		23.261522
19	86	3	0	0	9	0	12	5	3	127.76	0		10.638418
19	87	3	0	0	14	0	12	5	3	127.76	0		10.638418
19	83	1	0	0	19	0	7	2	6	69.42	0		23.261522
19	84	2	0	0	9	3	11	6	7	223.94	1		8.923292
19	85	2	0	0	9	10	11	6	7	223.94	1		8.923292
58	246	3	0	0	0	3	12	5	3	127.76	0		10.638418
58	244	1	0	0	21	0	7	2	6	69.42	0		23.261522
58	245	1	0	0	23	0	7	2	6	69.42	0		23.261522
25	108	3	0	0	0	6	12	5	3	127.76	0		10.638418
25	104	1	0	0	15	3	7	2	6	69.42	0		23.261522
25	105	2	0	0	0	9	11	6	7	223.94	1		8.923292
25	106	2	0	0	0	16	11	6	7	223.94	1		8.923292
25	107	2	0	0	9	17	11	6	7	223.94	1		8.923292


-------------------------------------------------------------------------------------------------------------------
Tour_Id:			7
No_of_Customers:		8
No_of_Items:			34
Customer_Sequence:		33 18 64 72 38 48 17 68 

CustId	Id	TypeId	Rotated	x	y	z	Length	Width	Height	mass	Fragility	LoadBearingStrength
68	286	3	0	0	0	0	12	5	3	127.76	0		10.638418
68	287	3	0	0	5	0	12	5	3	127.76	0		10.638418
68	284	1	0	0	10	0	7	2	6	69.42	0		23.261522
68	285	2	0	0	12	0	11	6	7	223.94	1		8.923292
17	77	2	0	0	18	0	11	6	7	223.94	1		8.923292
17	78	2	0	0	0	3	11	6	7	223.94	1		8.923292
17	79	2	0	0	12	7	11	6	7	223.94	1		8.923292
48	205	1	0	0	6	3	7	2	6	69.42	0		23.261522
48	206	1	0	0	8	3	7	2	6	69.42	0		23.261522
48	207	2	0	0	18	7	11	6	7	223.94	1		8.923292
48	208	2	0	0	0	10	11	6	7	223.94	1		8.923292
38	163	3	0	11	10	0	12	5	3	127.76	0		10.638418
38	164	3	0	11	15	0	12	5	3	127.76	0		10.638418
38	160	1	0	0	10	6	7	2	6	69.42	0		23.261522
38	161	1	0	0	6	9	7	2	6	69.42	0		23.261522
38	162	2	0	0	12	14	11	6	7	223.94	1		8.923292
72	298	3	0	11	20	0	12	5	3	127.76	0		10.638418
72	299	3	0	11	10	3	12	5	3	127.76	0		10.638418
72	296	1	0	0	8	9	7	2	6	69.42	0		23.261522
72	297	2	0	0	18	14	11	6	7	223.94	1		8.923292
64	271	3	0	11	15	3	12	5	3	127.76	0		10.638418
64	272	3	0	11	20	3	12	5	3	127.76	0		10.638418
64	267	1	0	0	10	12	7	2	6	69.42	0		23.261522
64	268	1	0	0	6	15	7	2	6	69.42	0		23.261522
64	269	2	0	0	0	17	11	6	7	223.94	1		8.923292
64	270	2	0	0	12	21	11	6	7	223.94	1		8.923292
18	82	3	0	11	10	6	12	5	3	127.76	0		10.638418
18	80	1	0	0	8	15	7	2	6	69.42	0		23.261522
18	81	2	0	0	18	21	11	6	7	223.94	1		8.923292
33	138	3	0	11	15	6	12	5	3	127.76	0		10.638418
33	139	3	0	11	20	6	12	5	3	127.76	0		10.638418
33	135	2	0	11	10	9	11	6	7	223.94	1		8.923292
33	136	2	0	11	16	9	11	6	7	223.94	1		8.923292
33	137	2	0	11	10	16	11	6	7	223.94	1		8.923292


-------------------------------------------------------------------------------------------------------------------
Tour_Id:			8
No_of_Customers:		7
No_of_Items:			26
Customer_Sequence:		74 32 88 8 96 84 94 

CustId	Id	TypeId	Rotated	x	y	z	Length	Width	Height	mass	Fragility	LoadBearingStrength
94	379	3	0	0	0	0	12	5	3	127.76	0		10.638418
94	376	1	0	0	5	0	7	2	6	69.42	0		23.261522
94	377	1	0	0	7	0	7	2	6	69.42	0		23.261522
94	378	2	0	0	9	0	11	6	7	223.94	1		8.923292
84	346	3	0	0	15	0	12	5	3	127.76	0		10.638418
84	347	3	0	0	20	0	12	5	3	127.76	0		10.638418
84	344	1	0	0	0	3	7	2	6	69.42	0		23.261522
84	345	1	0	0	2	3	7	2	6	69.42	0		23.261522
96	383	1	0	0	15	3	7	2	6	69.42	0		23.261522
96	384	2	0	0	17	3	11	6	7	223.94	1		8.923292
96	385	2	0	0	9	7	11	6	7	223.94	1		8.923292
8	32	3	0	11	5	0	12	5	3	127.76	0		10.638418
8	33	3	0	11	10	0	12	5	3	127.76	0		10.638418
8	34	3	0	11	5	3	12	5	3	127.76	0		10.638418
8	35	3	0	11	10	3	12	5	3	127.76	0		10.638418
8	30	1	0	0	23	3	7	2	6	69.42	0		23.261522
8	31	1	0	0	5	6	7	2	6	69.42	0		23.261522
88	358	3	0	11	5	6	12	5	3	127.76	0		10.638418
88	357	1	0	0	7	6	7	2	6	69.42	0		23.261522
32	133	1	0	0	0	9	7	2	6	69.42	0		23.261522
32	134	1	0	0	2	9	7	2	6	69.42	0		23.261522
74	307	3	0	11	10	6	12	5	3	127.76	0		10.638418
74	308	3	0	11	5	9	12	5	3	127.76	0		10.638418
74	304	1	0	0	15	9	7	2	6	69.42	0		23.261522
74	305	2	0	0	17	10	11	6	7	223.94	1		8.923292
74	306	2	0	0	9	14	11	6	7	223.94	1		8.923292


-------------------------------------------------------------------------------------------------------------------
Tour_Id:			9
No_of_Customers:		5
No_of_Items:			26
Customer_Sequence:		63 9 62 11 28 

CustId	Id	TypeId	Rotated	x	y	z	Length	Width	Height	mass	Fragility	LoadBearingStrength
28	120	3	0	0	0	0	12	5	3	127.76	0		10.638418
28	121	3	0	0	5	0	12	5	3	127.76	0		10.638418
28	122	3	0	0	10	0	12	5	3	127.76	0		10.638418
28	118	1	0	0	15	0	7	2	6	69.42	0		23.261522
28	119	2	0	0	17	0	11	6	7	223.94	1		8.923292
11	50	3	0	0	0	3	12	5	3	127.76	0		10.638418
11	51	3	0	0	5	3	12	5	3	127.76	0		10.638418
11	46	1	0	0	23	0	7	2	6	69.42	0		23.261522
11	47	2	0	0	0	6	11	6	7	223.94	1		8.923292
11	48	2	0	0	17	7	11	6	7	223.94	1		8.923292
11	49	2	0	0	0	13	11	6	7	223.94	1		8.923292
62	260	3	0	0	10	3	12	5	3	127.76	0		10.638418
62	258	1	0	0	6	6	7	2	6	69.42	0		23.261522
62	259	2	0	0	8	6	11	6	7	223.94	1		8.923292
9	40	3	0	11	15	0	12	5	3	127.76	0		10.638418
9	41	3	0	11	20	0	12	5	3	127.76	0		10.638418
9	36	1	0	0	14	6	7	2	6	69.42	0		23.261522
9	37	1	0	0	23	6	7	2	6	69.42	0		23.261522
9	38	2	0	0	8	13	11	6	7	223.94	1		8.923292
9	39	2	0	0	17	14	11	6	7	223.94	1		8.923292
63	265	3	0	11	15	3	12	5	3	127.76	0		10.638418
63	266	3	0	11	20	3	12	5	3	127.76	0		10.638418
63	261	1	0	0	6	12	7	2	6	69.42	0		23.261522
63	262	2	0	0	0	20	11	6	7	223.94	1		8.923292
63	263	2	0	0	8	20	11	6	7	223.94	1		8.923292
63	264	2	0	0	17	21	11	6	7	223.94	1		8.923292


-------------------------------------------------------------------------------------------------------------------
Tour_Id:			10
No_of_Customers:		7
No_of_Items:			28
Customer_Sequence:		47 34 60 49 31 13 56 

CustId	Id	TypeId	Rotated	x	y	z	Length	Width	Height	mass	Fragility	LoadBearingStrength
56	238	3	0	0	0	0	12	5	3	127.76	0		10.638418
56	239	3	0	0	5	0	12	5	3	127.76	0		10.638418
56	235	1	0	0	10	0	7	2	6	69.42	0		23.261522
56	236	1	0	0	12	0	7	2	6	69.42	0		23.261522
56	237	1	0	0	14	0	7	2	6	69.42	0		23.261522
13	60	3	0	0	16	0	12	5	3	127.76	0		10.638418
13	61	3	0	0	0	3	12	5	3	127.76	0		10.638418
13	57	1	0	0	21	0	7	2	6	69.42	0		23.261522
13	58	2	0	0	0	6	11	6	7	223.94	1		8.923292
13	59	2	0	0	0	13	11	6	7	223.94	1		8.923292
31	130	1	0	0	23	0	7	2	6	69.42	0		23.261522
31	131	1	0	0	16	3	7	2	6	69.42	0		23.261522
31	132	2	0	0	0	20	11	6	7	223.94	1		8.923292
49	210	3	0	7	10	0	12	5	3	127.76	0		10.638418
49	209	2	0	7	10	3	11	6	7	223.94	1		8.923292
60	252	3	0	12	0	0	12	5	3	127.76	0		10.638418
60	250	1	0	0	18	3	7	2	6	69.42	0		23.261522
60	251	2	0	7	10	10	11	6	7	223.94	1		8.923292
34	143	3	0	12	5	0	12	5	3	127.76	0		10.638418
34	144	3	0	12	16	0	12	5	3	127.76	0		10.638418
34	145	3	0	7	16	3	12	5	3	127.76	0		10.638418
34	140	1	0	0	6	3	7	2	6	69.42	0		23.261522
34	141	2	0	7	16	6	11	6	7	223.94	1		8.923292
34	142	2	0	7	16	13	11	6	7	223.94	1		8.923292
47	203	3	0	12	0	3	12	5	3	127.76	0		10.638418
47	204	3	0	11	0	6	12	5	3	127.76	0		10.638418
47	201	1	0	0	8	3	7	2	6	69.42	0		23.261522
47	202	1	0	0	22	6	7	2	6	69.42	0		23.261522


-------------------------------------------------------------------------------------------------------------------
Tour_Id:			11
No_of_Customers:		6
No_of_Items:			25
Customer_Sequence:		29 50 98 57 61 81 

CustId	Id	TypeId	Rotated	x	y	z	Length	Width	Height	mass	Fragility	LoadBearingStrength
81	330	3	0	0	0	0	12	5	3	127.76	0		10.638418
81	331	3	0	0	5	0	12	5	3	127.76	0		10.638418
81	326	1	0	0	10	0	7	2	6	69.42	0		23.261522
81	327	2	0	0	12	0	11	6	7	223.94	1		8.923292
81	328	2	0	0	18	0	11	6	7	223.94	1		8.923292
81	329	2	0	0	0	3	11	6	7	223.94	1		8.923292
61	257	3	0	11	10	0	12	5	3	127.76	0		10.638418
61	253	1	0	0	6	3	7	2	6	69.42	0		23.261522
61	254	1	0	0	8	3	7	2	6	69.42	0		23.261522
61	255	1	0	0	10	6	7	2	6	69.42	0		23.261522
61	256	2	0	0	12	7	11	6	7	223.94	1		8.923292
57	243	3	0	11	15	0	12	5	3	127.76	0		10.638418
57	240	1	0	0	6	9	7	2	6	69.42	0		23.261522
57	241	1	0	0	8	9	7	2	6	69.42	0		23.261522
57	242	2	0	0	18	7	11	6	7	223.94	1		8.923292
98	391	3	0	11	20	0	12	5	3	127.76	0		10.638418
98	389	1	0	0	10	12	7	2	6	69.42	0		23.261522
98	390	2	0	0	0	10	11	6	7	223.94	1		8.923292
50	211	1	0	0	6	15	7	2	6	69.42	0		23.261522
50	212	1	0	0	8	15	7	2	6	69.42	0		23.261522
50	213	1	0	0	10	18	7	2	6	69.42	0		23.261522
29	123	1	0	0	6	21	7	2	6	69.42	0		23.261522
29	124	1	0	0	8	21	7	2	6	69.42	0		23.261522
29	125	2	0	0	12	14	11	6	7	223.94	1		8.923292
29	126	2	0	0	18	14	11	6	7	223.94	1		8.923292


-------------------------------------------------------------------------------------------------------------------
Tour_Id:			12
No_of_Customers:		9
No_of_Items:			31
Customer_Sequence:		99 51 4 10 3 71 24 85 66 

CustId	Id	TypeId	Rotated	x	y	z	Length	Width	Height	mass	Fragility	LoadBearingStrength
66	278	3	0	0	0	0	12	5	3	127.76	0		10.638418
66	275	1	0	0	5	0	7	2	6	69.42	0		23.261522
66	276	1	0	0	7	0	7	2	6	69.42	0		23.261522
66	277	2	0	0	9	0	11	6	7	223.94	1		8.923292
85	348	1	0	0	15	0	7	2	6	69.42	0		23.261522
85	349	2	0	0	17	0	11	6	7	223.94	1		8.923292
24	103	3	0	0	0	3	12	5	3	127.76	0		10.638418
24	101	2	0	0	0	6	11	6	7	223.94	1		8.923292
24	102	2	0	0	9	7	11	6	7	223.94	1		8.923292
71	294	3	0	11	5	0	12	5	3	127.76	0		10.638418
71	295	3	0	11	10	0	12	5	3	127.76	0		10.638418
71	293	1	0	0	23	0	7	2	6	69.42	0		23.261522
3	12	3	0	11	15	0	12	5	3	127.76	0		10.638418
3	13	3	0	11	20	0	12	5	3	127.76	0		10.638418
3	9	1	0	0	6	6	7	2	6	69.42	0		23.261522
3	10	1	0	0	15	6	7	2	6	69.42	0		23.261522
3	11	2	0	0	17	7	11	6	7	223.94	1		8.923292
10	44	3	0	11	5	3	12	5	3	127.76	0		10.638418
10	45	3	0	11	10	3	12	5	3	127.76	0		10.638418
10	42	1	0	0	23	6	7	2	6	69.42	0		23.261522
10	43	2	0	0	0	13	11	6	7	223.94	1		8.923292
4	16	3	0	11	15	3	12	5	3	127.76	0		10.638418
4	14	1	0	0	6	12	7	2	6	69.42	0		23.261522
4	15	2	0	0	8	14	11	6	7	223.94	1		8.923292
51	216	3	0	11	20	3	12	5	3	127.76	0		10.638418
51	217	3	0	11	5	6	12	5	3	127.76	0		10.638418
51	214	1	0	0	15	12	7	2	6	69.42	0		23.261522
51	215	2	0	0	17	14	11	6	7	223.94	1		8.923292
99	392	1	0	0	23	12	7	2	6	69.42	0		23.261522
99	393	1	0	0	6	18	7	2	6	69.42	0		23.261522
99	394	1	0	0	15	18	7	2	6	69.42	0		23.261522


-------------------------------------------------------------------------------------------------------------------
Tour_Id:			13
No_of_Customers:		6
No_of_Items:			27
Customer_Sequence:		54 15 70 35 83 16 

CustId	Id	TypeId	Rotated	x	y	z	Length	Width	Height	mass	Fragility	LoadBearingStrength
16	76	3	0	0	0	0	12	5	3	127.76	0		10.638418
16	73	1	0	0	5	0	7	2	6	69.42	0		23.261522
16	74	2	0	0	7	0	11	6	7	223.94	1		8.923292
16	75	2	0	0	13	0	11	6	7	223.94	1		8.923292
83	338	1	0	0	19	0	7	2	6	69.42	0		23.261522
83	339	1	0	0	21	0	7	2	6	69.42	0		23.261522
83	340	2	0	0	7	7	11	6	7	223.94	1		8.923292
83	341	2	0	0	13	7	11	6	7	223.94	1		8.923292
83	342	2	0	0	7	14	11	6	7	223.94	1		8.923292
83	343	2	0	0	13	14	11	6	7	223.94	1		8.923292
35	151	3	0	0	0	3	12	5	3	127.76	0		10.638418
35	146	2	0	0	0	6	11	6	7	223.94	1		8.923292
35	147	2	0	0	0	13	11	6	7	223.94	1		8.923292
35	148	2	0	0	0	20	11	6	7	223.94	1		8.923292
35	149	2	0	0	6	21	11	6	7	223.94	1		8.923292
35	150	2	0	0	12	21	11	6	7	223.94	1		8.923292
70	291	2	0	7	19	0	11	6	7	223.94	1		8.923292
70	292	2	0	11	5	0	11	6	7	223.94	1		8.923292
15	72	3	0	11	11	0	12	5	3	127.76	0		10.638418
15	68	1	0	11	16	0	7	2	6	69.42	0		23.261522
15	69	1	0	11	11	3	7	2	6	69.42	0		23.261522
15	70	1	0	11	13	3	7	2	6	69.42	0		23.261522
15	71	2	0	7	19	7	11	6	7	223.94	1		8.923292
54	230	3	0	12	0	0	12	5	3	127.76	0		10.638418
54	227	1	0	11	16	6	7	2	6	69.42	0		23.261522
54	228	1	0	11	11	9	7	2	6	69.42	0		23.261522
54	229	2	0	7	19	14	11	6	7	223.94	1		8.923292


-------------------------------------------------------------------------------------------------------------------
Tour_Id:			14
No_of_Customers:		5
No_of_Items:			17
Customer_Sequence:		97 92 12 44 59 

CustId	Id	TypeId	Rotated	x	y	z	Length	Width	Height	mass	Fragility	LoadBearingStrength
59	249	3	0	0	0	0	12	5	3	127.76	0		10.638418
59	247	1	0	0	5	0	7	2	6	69.42	0		23.261522
59	248	1	0	0	7	0	7	2	6	69.42	0		23.261522
44	191	1	0	0	9	0	7	2	6	69.42	0		23.261522
44	192	1	0	0	11	0	7	2	6	69.42	0		23.261522
12	56	3	0	0	13	0	12	5	3	127.76	0		10.638418
12	52	1	0	0	18	0	7	2	6	69.42	0		23.261522
12	53	1	0	0	20	0	7	2	6	69.42	0		23.261522
12	54	2	0	7	5	0	11	6	7	223.94	1		8.923292
12	55	2	0	7	18	0	11	6	7	223.94	1		8.923292
92	369	1	0	0	0	3	7	2	6	69.42	0		23.261522
92	370	1	0	0	2	3	7	2	6	69.42	0		23.261522
92	371	2	0	7	5	7	11	6	7	223.94	1		8.923292
92	372	2	0	7	18	7	11	6	7	223.94	1		8.923292
97	388	3	0	0	13	3	12	5	3	127.76	0		10.638418
97	386	1	0	0	11	6	7	2	6	69.42	0		23.261522
97	387	2	0	7	5	14	11	6	7	223.94	1		8.923292


-------------------------------------------------------------------------------------------------------------------
Tour_Id:			15
No_of_Customers:		5
No_of_Items:			20
Customer_Sequence:		23 14 73 6 91 

CustId	Id	TypeId	Rotated	x	y	z	Length	Width	Height	mass	Fragility	LoadBearingStrength
91	368	3	0	0	0	0	12	5	3	127.76	0		10.638418
91	366	1	0	0	5	0	7	2	6	69.42	0		23.261522
91	367	1	0	0	7	0	7	2	6	69.42	0		23.261522
6	21	3	0	0	9	0	12	5	3	127.76	0		10.638418
6	22	3	0	0	14	0	12	5	3	127.76	0		10.638418
6	23	3	0	0	19	0	12	5	3	127.76	0		10.638418
6	20	2	0	0	9	3	11	6	7	223.94	1		8.923292
73	303	3	0	0	0	3	12	5	3	127.76	0		10.638418
73	300	1	0	0	15	3	7	2	6	69.42	0		23.261522
73	301	1	0	0	17	3	7	2	6	69.42	0		23.261522
73	302	2	0	0	19	3	11	6	7	223.94	1		8.923292
14	66	3	0	0	0	6	12	5	3	127.76	0		10.638418
14	67	3	0	0	0	9	12	5	3	127.76	0		10.638418
14	62	1	0	0	5	6	7	2	6	69.42	0		23.261522
14	63	2	0	0	9	10	11	6	7	223.94	1		8.923292
14	64	2	0	0	19	10	11	6	7	223.94	1		8.923292
14	65	2	0	0	0	12	11	6	7	223.94	1		8.923292
23	100	3	0	12	0	0	12	5	3	127.76	0		10.638418
23	98	1	0	0	7	6	7	2	6	69.42	0		23.261522
23	99	1	0	0	15	9	7	2	6	69.42	0		23.261522


