Name:				528_n100_m400_bt3
Problem:			3L-VRPTW
Number_of_used_Vehicles:	16
Total_Travel_Distance:		1595.40
Calculation_Time:		1392.17
Total_Iterations:		23159
ConstraintSet:			P1

-------------------------------------------------------------------------------------------------------------------
Tour_Id:			1
No_of_Customers:		7
No_of_Items:			27
Customer_Sequence:		40 95 32 34 3 68 92 

CustId	Id	TypeId	Rotated	x	y	z	Length	Width	Height	mass	Fragility	LoadBearingStrength
92	364	1	0	0	0	0	17	4	7	366.48	0		10.896370
92	365	1	0	0	4	0	17	4	7	366.48	0		10.896370
92	366	2	0	0	8	0	8	4	5	130.40	0		122.143671
92	367	2	0	0	12	0	8	4	5	130.40	0		122.143671
92	368	3	0	0	16	0	10	4	7	252.24	1		71.090934
92	369	3	0	0	20	0	10	4	7	252.24	1		71.090934
68	264	1	0	0	0	7	17	4	7	366.48	0		10.896370
68	265	2	0	0	8	5	8	4	5	130.40	0		122.143671
68	266	2	0	0	12	5	8	4	5	130.40	0		122.143671
3	7	2	0	0	4	7	8	4	5	130.40	0		122.143671
3	8	2	0	0	8	10	8	4	5	130.40	0		122.143671
3	9	3	0	0	16	7	10	4	7	252.24	1		71.090934
3	10	3	0	0	20	7	10	4	7	252.24	1		71.090934
34	134	1	0	0	0	14	17	4	7	366.48	0		10.896370
34	135	2	0	0	12	10	8	4	5	130.40	0		122.143671
34	136	3	0	0	4	12	10	4	7	252.24	1		71.090934
32	123	1	0	0	0	21	17	4	7	366.48	0		10.896370
32	124	2	0	0	8	15	8	4	5	130.40	0		122.143671
32	125	2	0	0	12	15	8	4	5	130.40	0		122.143671
32	126	2	0	0	8	20	8	4	5	130.40	0		122.143671
32	127	3	0	0	16	14	10	4	7	252.24	1		71.090934
95	378	1	0	8	8	0	17	4	7	366.48	0		10.896370
95	379	1	0	8	12	0	17	4	7	366.48	0		10.896370
95	380	3	0	0	20	14	10	4	7	252.24	1		71.090934
40	156	1	0	8	8	7	17	4	7	366.48	0		10.896370
40	157	2	0	0	12	20	8	4	5	130.40	0		122.143671
40	158	3	0	0	4	19	10	4	7	252.24	1		71.090934


-------------------------------------------------------------------------------------------------------------------
Tour_Id:			2
No_of_Customers:		6
No_of_Items:			24
Customer_Sequence:		18 7 38 82 24 90 

CustId	Id	TypeId	Rotated	x	y	z	Length	Width	Height	mass	Fragility	LoadBearingStrength
90	356	1	0	0	0	0	17	4	7	366.48	0		10.896370
90	357	1	0	0	4	0	17	4	7	366.48	0		10.896370
90	358	1	0	0	8	0	17	4	7	366.48	0		10.896370
90	359	1	0	0	12	0	17	4	7	366.48	0		10.896370
90	360	3	0	0	16	0	10	4	7	252.24	1		71.090934
24	88	1	0	0	20	0	17	4	7	366.48	0		10.896370
24	89	2	0	0	0	7	8	4	5	130.40	0		122.143671
24	90	2	0	0	4	7	8	4	5	130.40	0		122.143671
24	91	3	0	0	8	7	10	4	7	252.24	1		71.090934
24	92	3	0	0	12	7	10	4	7	252.24	1		71.090934
24	93	3	0	0	16	7	10	4	7	252.24	1		71.090934
82	323	1	0	0	20	7	17	4	7	366.48	0		10.896370
82	324	2	0	0	0	12	8	4	5	130.40	0		122.143671
38	149	1	0	0	20	14	17	4	7	366.48	0		10.896370
38	150	3	0	0	4	12	10	4	7	252.24	1		71.090934
38	151	3	0	0	8	14	10	4	7	252.24	1		71.090934
38	152	3	0	0	12	14	10	4	7	252.24	1		71.090934
7	21	1	0	0	20	21	17	4	7	366.48	0		10.896370
7	22	2	0	0	0	17	8	4	5	130.40	0		122.143671
7	23	3	0	0	16	14	10	4	7	252.24	1		71.090934
18	64	1	0	10	16	0	17	4	7	366.48	0		10.896370
18	65	1	0	10	16	7	17	4	7	366.48	0		10.896370
18	66	2	0	0	0	22	8	4	5	130.40	0		122.143671
18	67	3	0	0	4	19	10	4	7	252.24	1		71.090934


-------------------------------------------------------------------------------------------------------------------
Tour_Id:			3
No_of_Customers:		7
No_of_Items:			29
Customer_Sequence:		98 62 77 43 22 93 10 

CustId	Id	TypeId	Rotated	x	y	z	Length	Width	Height	mass	Fragility	LoadBearingStrength
10	34	1	0	0	0	0	17	4	7	366.48	0		10.896370
10	35	2	0	0	4	0	8	4	5	130.40	0		122.143671
10	36	2	0	0	8	0	8	4	5	130.40	0		122.143671
10	37	3	0	0	12	0	10	4	7	252.24	1		71.090934
10	38	3	0	0	16	0	10	4	7	252.24	1		71.090934
93	370	1	0	0	20	0	17	4	7	366.48	0		10.896370
93	371	3	0	0	4	5	10	4	7	252.24	1		71.090934
22	79	1	0	0	0	7	17	4	7	366.48	0		10.896370
22	80	1	0	0	20	7	17	4	7	366.48	0		10.896370
22	81	2	0	0	8	5	8	4	5	130.40	0		122.143671
22	82	2	0	0	8	10	8	4	5	130.40	0		122.143671
22	83	3	0	0	12	7	10	4	7	252.24	1		71.090934
43	167	1	0	0	0	14	17	4	7	366.48	0		10.896370
43	168	1	0	0	20	14	17	4	7	366.48	0		10.896370
43	169	2	0	0	8	15	8	4	5	130.40	0		122.143671
43	170	2	0	0	8	20	8	4	5	130.40	0		122.143671
43	171	3	0	0	16	7	10	4	7	252.24	1		71.090934
77	299	1	0	0	0	21	17	4	7	366.48	0		10.896370
77	300	2	0	0	20	21	8	4	5	130.40	0		122.143671
77	301	2	0	0	8	25	8	4	5	130.40	0		122.143671
77	302	2	0	8	8	0	8	4	5	130.40	0		122.143671
62	238	1	0	10	12	0	17	4	7	366.48	0		10.896370
62	239	1	0	10	16	0	17	4	7	366.48	0		10.896370
62	240	1	0	10	12	7	17	4	7	366.48	0		10.896370
62	241	3	0	0	4	12	10	4	7	252.24	1		71.090934
98	389	1	0	10	16	7	17	4	7	366.48	0		10.896370
98	390	1	0	10	12	14	17	4	7	366.48	0		10.896370
98	391	1	0	10	16	14	17	4	7	366.48	0		10.896370
98	392	1	0	10	12	21	17	4	7	366.48	0		10.896370


-------------------------------------------------------------------------------------------------------------------
Tour_Id:			4
No_of_Customers:		5
No_of_Items:			21
Customer_Sequence:		72 31 94 76 79 

CustId	Id	TypeId	Rotated	x	y	z	Length	Width	Height	mass	Fragility	LoadBearingStrength
79	309	1	0	0	0	0	17	4	7	366.48	0		10.896370
79	310	2	0	0	4	0	8	4	5	130.40	0		122.143671
79	311	2	0	0	8	0	8	4	5	130.40	0		122.143671
79	312	3	0	0	12	0	10	4	7	252.24	1		71.090934
76	297	1	0	0	16	0	17	4	7	366.48	0		10.896370
76	298	2	0	0	20	0	8	4	5	130.40	0		122.143671
94	372	1	0	0	0	7	17	4	7	366.48	0		10.896370
94	373	1	0	0	16	7	17	4	7	366.48	0		10.896370
94	374	2	0	0	4	5	8	4	5	130.40	0		122.143671
94	375	2	0	0	8	5	8	4	5	130.40	0		122.143671
94	376	3	0	0	20	5	10	4	7	252.24	1		71.090934
94	377	3	0	0	12	7	10	4	7	252.24	1		71.090934
31	117	1	0	0	0	14	17	4	7	366.48	0		10.896370
31	118	1	0	0	16	14	17	4	7	366.48	0		10.896370
31	119	2	0	0	4	10	8	4	5	130.40	0		122.143671
31	120	2	0	0	8	10	8	4	5	130.40	0		122.143671
31	121	3	0	0	20	12	10	4	7	252.24	1		71.090934
31	122	3	0	0	12	14	10	4	7	252.24	1		71.090934
72	281	1	0	0	0	21	17	4	7	366.48	0		10.896370
72	282	3	0	0	4	15	10	4	7	252.24	1		71.090934
72	283	3	0	0	8	15	10	4	7	252.24	1		71.090934


-------------------------------------------------------------------------------------------------------------------
Tour_Id:			5
No_of_Customers:		8
No_of_Items:			32
Customer_Sequence:		26 37 36 49 48 47 27 59 

CustId	Id	TypeId	Rotated	x	y	z	Length	Width	Height	mass	Fragility	LoadBearingStrength
59	226	1	0	0	0	0	17	4	7	366.48	0		10.896370
59	227	1	0	0	4	0	17	4	7	366.48	0		10.896370
59	228	2	0	0	8	0	8	4	5	130.40	0		122.143671
59	229	3	0	0	12	0	10	4	7	252.24	1		71.090934
59	230	3	0	0	16	0	10	4	7	252.24	1		71.090934
27	100	2	0	0	20	0	8	4	5	130.40	0		122.143671
27	101	3	0	0	8	5	10	4	7	252.24	1		71.090934
27	102	3	0	0	20	5	10	4	7	252.24	1		71.090934
47	181	1	0	0	0	7	17	4	7	366.48	0		10.896370
47	182	3	0	0	4	7	10	4	7	252.24	1		71.090934
47	183	3	0	0	12	7	10	4	7	252.24	1		71.090934
48	184	2	0	0	0	14	8	4	5	130.40	0		122.143671
48	185	2	0	0	0	19	8	4	5	130.40	0		122.143671
48	186	2	0	0	0	24	8	4	5	130.40	0		122.143671
48	187	3	0	0	16	7	10	4	7	252.24	1		71.090934
49	188	1	0	10	12	0	17	4	7	366.48	0		10.896370
49	189	1	0	10	16	0	17	4	7	366.48	0		10.896370
49	190	1	0	10	20	0	17	4	7	366.48	0		10.896370
49	191	1	1	10	4	7	17	4	7	366.48	0		10.896370
49	192	2	0	8	0	14	8	4	5	130.40	0		122.143671
36	140	1	0	10	21	7	17	4	7	366.48	0		10.896370
36	141	1	1	10	4	14	17	4	7	366.48	0		10.896370
36	142	2	0	8	0	19	8	4	5	130.40	0		122.143671
36	143	2	0	8	0	24	8	4	5	130.40	0		122.143671
36	144	3	0	0	4	14	10	4	7	252.24	1		71.090934
37	145	3	0	0	4	21	10	4	7	252.24	1		71.090934
37	146	3	0	10	21	14	10	4	7	252.24	1		71.090934
37	147	3	1	10	4	21	10	4	7	252.24	1		71.090934
37	148	3	1	10	14	21	10	4	7	252.24	1		71.090934
26	97	1	0	17	0	0	17	4	7	366.48	0		10.896370
26	98	2	0	17	4	0	8	4	5	130.40	0		122.143671
26	99	3	0	17	8	0	10	4	7	252.24	1		71.090934


-------------------------------------------------------------------------------------------------------------------
Tour_Id:			6
No_of_Customers:		7
No_of_Items:			31
Customer_Sequence:		28 4 15 86 69 8 2 

CustId	Id	TypeId	Rotated	x	y	z	Length	Width	Height	mass	Fragility	LoadBearingStrength
2	3	1	0	0	0	0	17	4	7	366.48	0		10.896370
2	4	2	0	0	4	0	8	4	5	130.40	0		122.143671
2	5	3	0	0	8	0	10	4	7	252.24	1		71.090934
2	6	3	0	0	12	0	10	4	7	252.24	1		71.090934
8	24	1	0	0	16	0	17	4	7	366.48	0		10.896370
8	25	2	0	0	20	0	8	4	5	130.40	0		122.143671
8	26	2	0	0	4	5	8	4	5	130.40	0		122.143671
8	27	3	0	0	20	5	10	4	7	252.24	1		71.090934
8	28	3	0	0	0	7	10	4	7	252.24	1		71.090934
8	29	3	0	0	8	7	10	4	7	252.24	1		71.090934
69	267	1	0	0	16	7	17	4	7	366.48	0		10.896370
69	268	3	0	0	12	7	10	4	7	252.24	1		71.090934
69	269	3	0	0	4	10	10	4	7	252.24	1		71.090934
86	339	2	0	0	16	14	8	4	5	130.40	0		122.143671
86	340	2	0	0	16	19	8	4	5	130.40	0		122.143671
86	341	2	0	0	16	24	8	4	5	130.40	0		122.143671
86	342	3	0	0	20	12	10	4	7	252.24	1		71.090934
86	343	3	0	0	0	14	10	4	7	252.24	1		71.090934
86	344	3	0	0	8	14	10	4	7	252.24	1		71.090934
15	53	1	0	10	8	0	17	4	7	366.48	0		10.896370
15	54	1	0	10	12	0	17	4	7	366.48	0		10.896370
15	55	2	0	8	16	14	8	4	5	130.40	0		122.143671
15	56	3	0	0	12	14	10	4	7	252.24	1		71.090934
4	11	1	0	10	8	7	17	4	7	366.48	0		10.896370
4	12	1	0	10	12	7	17	4	7	366.48	0		10.896370
28	103	1	0	10	8	14	17	4	7	366.48	0		10.896370
28	104	1	0	10	12	14	17	4	7	366.48	0		10.896370
28	105	1	0	10	8	21	17	4	7	366.48	0		10.896370
28	106	2	0	8	16	19	8	4	5	130.40	0		122.143671
28	107	3	0	0	4	17	10	4	7	252.24	1		71.090934
28	108	3	0	0	20	19	10	4	7	252.24	1		71.090934


-------------------------------------------------------------------------------------------------------------------
Tour_Id:			7
No_of_Customers:		7
No_of_Items:			26
Customer_Sequence:		44 46 88 58 80 96 9 

CustId	Id	TypeId	Rotated	x	y	z	Length	Width	Height	mass	Fragility	LoadBearingStrength
9	30	1	0	0	0	0	17	4	7	366.48	0		10.896370
9	31	1	0	0	4	0	17	4	7	366.48	0		10.896370
9	32	1	0	0	8	0	17	4	7	366.48	0		10.896370
9	33	3	0	0	12	0	10	4	7	252.24	1		71.090934
96	381	1	0	0	16	0	17	4	7	366.48	0		10.896370
96	382	1	0	0	20	0	17	4	7	366.48	0		10.896370
96	383	2	0	0	0	7	8	4	5	130.40	0		122.143671
96	384	2	0	0	4	7	8	4	5	130.40	0		122.143671
80	313	1	0	0	8	7	17	4	7	366.48	0		10.896370
80	314	1	0	0	16	7	17	4	7	366.48	0		10.896370
80	315	1	0	0	20	7	17	4	7	366.48	0		10.896370
80	316	2	0	0	0	12	8	4	5	130.40	0		122.143671
80	317	3	0	0	12	7	10	4	7	252.24	1		71.090934
58	222	1	0	0	8	14	17	4	7	366.48	0		10.896370
58	223	2	0	0	4	12	8	4	5	130.40	0		122.143671
58	224	2	0	0	16	14	8	4	5	130.40	0		122.143671
58	225	2	0	0	20	14	8	4	5	130.40	0		122.143671
88	349	1	0	0	8	21	17	4	7	366.48	0		10.896370
88	350	3	0	0	12	14	10	4	7	252.24	1		71.090934
88	351	3	0	0	0	17	10	4	7	252.24	1		71.090934
46	177	1	0	10	12	0	17	4	7	366.48	0		10.896370
46	178	1	0	10	12	7	17	4	7	366.48	0		10.896370
46	179	2	0	0	4	17	8	4	5	130.40	0		122.143671
46	180	2	0	0	16	19	8	4	5	130.40	0		122.143671
44	172	1	0	10	12	14	17	4	7	366.48	0		10.896370
44	173	1	0	10	12	21	17	4	7	366.48	0		10.896370


-------------------------------------------------------------------------------------------------------------------
Tour_Id:			8
No_of_Customers:		6
No_of_Items:			25
Customer_Sequence:		50 71 14 41 42 74 

CustId	Id	TypeId	Rotated	x	y	z	Length	Width	Height	mass	Fragility	LoadBearingStrength
74	289	1	0	0	0	0	17	4	7	366.48	0		10.896370
74	290	1	0	0	4	0	17	4	7	366.48	0		10.896370
74	291	1	0	0	8	0	17	4	7	366.48	0		10.896370
74	292	3	0	0	12	0	10	4	7	252.24	1		71.090934
42	164	2	0	0	16	0	8	4	5	130.40	0		122.143671
42	165	3	0	0	20	0	10	4	7	252.24	1		71.090934
42	166	3	0	0	16	5	10	4	7	252.24	1		71.090934
41	159	1	0	0	0	7	17	4	7	366.48	0		10.896370
41	160	1	0	0	4	7	17	4	7	366.48	0		10.896370
41	161	3	0	0	8	7	10	4	7	252.24	1		71.090934
41	162	3	0	0	12	7	10	4	7	252.24	1		71.090934
41	163	3	0	0	20	7	10	4	7	252.24	1		71.090934
14	48	1	0	0	0	14	17	4	7	366.48	0		10.896370
14	49	2	0	0	4	14	8	4	5	130.40	0		122.143671
14	50	3	0	0	16	12	10	4	7	252.24	1		71.090934
14	51	3	0	0	8	14	10	4	7	252.24	1		71.090934
14	52	3	0	0	12	14	10	4	7	252.24	1		71.090934
71	276	1	0	0	0	21	17	4	7	366.48	0		10.896370
71	277	1	0	10	12	0	17	4	7	366.48	0		10.896370
71	278	2	0	0	4	19	8	4	5	130.40	0		122.143671
71	279	3	0	0	20	14	10	4	7	252.24	1		71.090934
71	280	3	0	0	16	19	10	4	7	252.24	1		71.090934
50	193	1	0	10	16	0	17	4	7	366.48	0		10.896370
50	194	2	0	0	4	24	8	4	5	130.40	0		122.143671
50	195	2	0	8	4	14	8	4	5	130.40	0		122.143671


-------------------------------------------------------------------------------------------------------------------
Tour_Id:			9
No_of_Customers:		6
No_of_Items:			25
Customer_Sequence:		1 63 99 20 66 29 

CustId	Id	TypeId	Rotated	x	y	z	Length	Width	Height	mass	Fragility	LoadBearingStrength
29	109	1	0	0	0	0	17	4	7	366.48	0		10.896370
29	110	1	0	0	4	0	17	4	7	366.48	0		10.896370
29	111	2	0	0	8	0	8	4	5	130.40	0		122.143671
29	112	3	0	0	12	0	10	4	7	252.24	1		71.090934
66	256	1	0	0	16	0	17	4	7	366.48	0		10.896370
66	257	1	0	0	20	0	17	4	7	366.48	0		10.896370
66	258	1	0	0	0	7	17	4	7	366.48	0		10.896370
66	259	1	0	0	4	7	17	4	7	366.48	0		10.896370
66	260	2	0	0	8	5	8	4	5	130.40	0		122.143671
20	71	1	0	0	16	7	17	4	7	366.48	0		10.896370
20	72	3	0	0	12	7	10	4	7	252.24	1		71.090934
20	73	3	0	0	20	7	10	4	7	252.24	1		71.090934
99	393	1	0	0	0	14	17	4	7	366.48	0		10.896370
99	394	1	0	0	4	14	17	4	7	366.48	0		10.896370
99	395	3	0	0	8	10	10	4	7	252.24	1		71.090934
99	396	3	0	0	12	14	10	4	7	252.24	1		71.090934
99	397	3	0	0	16	14	10	4	7	252.24	1		71.090934
63	242	1	0	0	0	21	17	4	7	366.48	0		10.896370
63	243	1	0	0	4	21	17	4	7	366.48	0		10.896370
63	244	2	0	10	12	0	8	4	5	130.40	0		122.143671
63	245	2	0	10	12	5	8	4	5	130.40	0		122.143671
63	246	3	0	0	20	14	10	4	7	252.24	1		71.090934
63	247	3	0	0	8	17	10	4	7	252.24	1		71.090934
1	1	1	0	17	0	0	17	4	7	366.48	0		10.896370
1	2	2	0	10	20	7	8	4	5	130.40	0		122.143671


-------------------------------------------------------------------------------------------------------------------
Tour_Id:			10
No_of_Customers:		6
No_of_Items:			19
Customer_Sequence:		35 6 51 12 52 100 

CustId	Id	TypeId	Rotated	x	y	z	Length	Width	Height	mass	Fragility	LoadBearingStrength
100	398	1	0	0	0	0	17	4	7	366.48	0		10.896370
100	399	3	0	0	4	0	10	4	7	252.24	1		71.090934
100	400	3	0	0	8	0	10	4	7	252.24	1		71.090934
52	199	1	0	0	12	0	17	4	7	366.48	0		10.896370
52	200	1	0	0	16	0	17	4	7	366.48	0		10.896370
52	201	1	0	0	20	0	17	4	7	366.48	0		10.896370
52	202	2	0	0	0	7	8	4	5	130.40	0		122.143671
52	203	3	0	0	4	7	10	4	7	252.24	1		71.090934
12	42	1	0	0	12	7	17	4	7	366.48	0		10.896370
12	43	2	0	0	16	7	8	4	5	130.40	0		122.143671
51	196	2	0	0	20	7	8	4	5	130.40	0		122.143671
51	197	3	0	0	8	7	10	4	7	252.24	1		71.090934
51	198	3	0	0	0	12	10	4	7	252.24	1		71.090934
6	18	1	0	0	12	14	17	4	7	366.48	0		10.896370
6	19	1	0	0	12	21	17	4	7	366.48	0		10.896370
6	20	1	0	10	4	0	17	4	7	366.48	0		10.896370
35	137	1	0	10	8	0	17	4	7	366.48	0		10.896370
35	138	3	0	0	16	12	10	4	7	252.24	1		71.090934
35	139	3	0	0	20	12	10	4	7	252.24	1		71.090934


-------------------------------------------------------------------------------------------------------------------
Tour_Id:			11
No_of_Customers:		7
No_of_Items:			30
Customer_Sequence:		54 78 60 55 21 75 53 

CustId	Id	TypeId	Rotated	x	y	z	Length	Width	Height	mass	Fragility	LoadBearingStrength
53	204	1	0	0	0	0	17	4	7	366.48	0		10.896370
53	205	2	0	0	4	0	8	4	5	130.40	0		122.143671
53	206	3	0	0	8	0	10	4	7	252.24	1		71.090934
53	207	3	0	0	12	0	10	4	7	252.24	1		71.090934
53	208	3	0	0	16	0	10	4	7	252.24	1		71.090934
75	293	2	0	0	20	0	8	4	5	130.40	0		122.143671
75	294	2	0	0	4	5	8	4	5	130.40	0		122.143671
75	295	3	0	0	20	5	10	4	7	252.24	1		71.090934
75	296	3	0	0	0	7	10	4	7	252.24	1		71.090934
21	74	1	0	8	4	0	17	4	7	366.48	0		10.896370
21	75	1	0	8	4	7	17	4	7	366.48	0		10.896370
21	76	2	0	0	4	10	8	4	5	130.40	0		122.143671
21	77	3	0	0	8	7	10	4	7	252.24	1		71.090934
21	78	3	0	0	12	7	10	4	7	252.24	1		71.090934
55	212	1	0	8	4	14	17	4	7	366.48	0		10.896370
55	213	2	0	0	4	15	8	4	5	130.40	0		122.143671
55	214	3	0	0	16	7	10	4	7	252.24	1		71.090934
55	215	3	0	0	20	12	10	4	7	252.24	1		71.090934
60	231	1	0	8	4	21	17	4	7	366.48	0		10.896370
60	232	2	0	10	8	0	8	4	5	130.40	0		122.143671
60	233	3	0	0	0	14	10	4	7	252.24	1		71.090934
78	303	1	0	10	12	0	17	4	7	366.48	0		10.896370
78	304	1	0	10	16	0	17	4	7	366.48	0		10.896370
78	305	1	0	10	20	0	17	4	7	366.48	0		10.896370
78	306	2	0	10	8	5	8	4	5	130.40	0		122.143671
78	307	3	0	0	8	14	10	4	7	252.24	1		71.090934
78	308	3	0	0	12	14	10	4	7	252.24	1		71.090934
54	209	3	0	0	16	14	10	4	7	252.24	1		71.090934
54	210	3	0	0	20	19	10	4	7	252.24	1		71.090934
54	211	3	0	0	0	21	10	4	7	252.24	1		71.090934


-------------------------------------------------------------------------------------------------------------------
Tour_Id:			12
No_of_Customers:		6
No_of_Items:			26
Customer_Sequence:		30 25 16 56 84 89 

CustId	Id	TypeId	Rotated	x	y	z	Length	Width	Height	mass	Fragility	LoadBearingStrength
89	352	1	0	0	0	0	17	4	7	366.48	0		10.896370
89	353	1	0	0	4	0	17	4	7	366.48	0		10.896370
89	354	1	0	0	8	0	17	4	7	366.48	0		10.896370
89	355	3	0	0	12	0	10	4	7	252.24	1		71.090934
84	329	1	0	0	16	0	17	4	7	366.48	0		10.896370
84	330	1	0	0	20	0	17	4	7	366.48	0		10.896370
84	331	2	0	0	0	7	8	4	5	130.40	0		122.143671
84	332	2	0	0	4	7	8	4	5	130.40	0		122.143671
84	333	3	0	0	8	7	10	4	7	252.24	1		71.090934
84	334	3	0	0	12	7	10	4	7	252.24	1		71.090934
56	216	1	0	0	16	7	17	4	7	366.48	0		10.896370
56	217	3	0	0	20	7	10	4	7	252.24	1		71.090934
56	218	3	0	0	0	12	10	4	7	252.24	1		71.090934
56	219	3	0	0	4	12	10	4	7	252.24	1		71.090934
16	57	1	0	0	16	14	17	4	7	366.48	0		10.896370
16	58	1	0	0	16	21	17	4	7	366.48	0		10.896370
16	59	2	0	10	12	0	8	4	5	130.40	0		122.143671
16	60	2	0	10	12	5	8	4	5	130.40	0		122.143671
16	61	3	0	0	8	14	10	4	7	252.24	1		71.090934
25	94	1	0	17	0	0	17	4	7	366.48	0		10.896370
25	95	1	0	17	4	0	17	4	7	366.48	0		10.896370
25	96	2	0	10	8	7	8	4	5	130.40	0		122.143671
30	113	1	0	17	16	0	17	4	7	366.48	0		10.896370
30	114	2	0	10	20	7	8	4	5	130.40	0		122.143671
30	115	3	0	0	12	14	10	4	7	252.24	1		71.090934
30	116	3	0	0	20	14	10	4	7	252.24	1		71.090934


-------------------------------------------------------------------------------------------------------------------
Tour_Id:			13
No_of_Customers:		9
No_of_Items:			38
Customer_Sequence:		85 61 70 5 23 39 73 67 97 

CustId	Id	TypeId	Rotated	x	y	z	Length	Width	Height	mass	Fragility	LoadBearingStrength
97	385	1	0	0	0	0	17	4	7	366.48	0		10.896370
97	386	2	0	0	4	0	8	4	5	130.40	0		122.143671
97	387	2	0	0	8	0	8	4	5	130.40	0		122.143671
97	388	3	0	0	12	0	10	4	7	252.24	1		71.090934
67	261	2	0	0	16	0	8	4	5	130.40	0		122.143671
67	262	2	0	0	20	0	8	4	5	130.40	0		122.143671
67	263	3	0	0	4	5	10	4	7	252.24	1		71.090934
73	284	1	0	0	0	7	17	4	7	366.48	0		10.896370
73	285	1	0	0	0	14	17	4	7	366.48	0		10.896370
73	286	3	0	0	8	5	10	4	7	252.24	1		71.090934
73	287	3	0	0	16	5	10	4	7	252.24	1		71.090934
73	288	3	0	0	20	5	10	4	7	252.24	1		71.090934
39	153	1	0	0	0	21	17	4	7	366.48	0		10.896370
39	154	3	0	0	12	7	10	4	7	252.24	1		71.090934
39	155	3	0	0	4	12	10	4	7	252.24	1		71.090934
23	84	1	0	10	12	0	17	4	7	366.48	0		10.896370
23	85	3	0	0	8	12	10	4	7	252.24	1		71.090934
23	86	3	0	0	16	12	10	4	7	252.24	1		71.090934
23	87	3	0	0	20	12	10	4	7	252.24	1		71.090934
5	13	1	0	10	16	0	17	4	7	366.48	0		10.896370
5	14	1	0	10	20	0	17	4	7	366.48	0		10.896370
5	15	2	0	10	12	7	8	4	5	130.40	0		122.143671
5	16	2	0	10	16	7	8	4	5	130.40	0		122.143671
5	17	3	0	0	12	14	10	4	7	252.24	1		71.090934
70	270	1	0	10	20	7	17	4	7	366.48	0		10.896370
70	271	1	0	10	20	14	17	4	7	366.48	0		10.896370
70	272	1	0	10	20	21	17	4	7	366.48	0		10.896370
70	273	2	0	10	12	12	8	4	5	130.40	0		122.143671
70	274	2	0	10	16	12	8	4	5	130.40	0		122.143671
70	275	3	0	0	4	19	10	4	7	252.24	1		71.090934
61	234	1	0	17	0	0	17	4	7	366.48	0		10.896370
61	235	2	0	10	12	17	8	4	5	130.40	0		122.143671
61	236	2	0	10	16	17	8	4	5	130.40	0		122.143671
61	237	3	0	0	8	19	10	4	7	252.24	1		71.090934
85	335	2	0	10	12	22	8	4	5	130.40	0		122.143671
85	336	2	0	10	16	22	8	4	5	130.40	0		122.143671
85	337	2	0	17	4	0	8	4	5	130.40	0		122.143671
85	338	3	0	17	8	0	10	4	7	252.24	1		71.090934


-------------------------------------------------------------------------------------------------------------------
Tour_Id:			14
No_of_Customers:		6
No_of_Items:			24
Customer_Sequence:		17 64 45 83 87 33 

CustId	Id	TypeId	Rotated	x	y	z	Length	Width	Height	mass	Fragility	LoadBearingStrength
33	128	1	0	0	0	0	17	4	7	366.48	0		10.896370
33	129	1	0	0	4	0	17	4	7	366.48	0		10.896370
33	130	2	0	0	8	0	8	4	5	130.40	0		122.143671
33	131	2	0	0	12	0	8	4	5	130.40	0		122.143671
33	132	3	0	0	16	0	10	4	7	252.24	1		71.090934
33	133	3	0	0	20	0	10	4	7	252.24	1		71.090934
87	345	2	0	0	8	5	8	4	5	130.40	0		122.143671
87	346	2	0	0	12	5	8	4	5	130.40	0		122.143671
87	347	3	0	0	0	7	10	4	7	252.24	1		71.090934
87	348	3	0	0	4	7	10	4	7	252.24	1		71.090934
83	325	1	0	8	8	0	17	4	7	366.48	0		10.896370
83	326	1	0	8	12	0	17	4	7	366.48	0		10.896370
83	327	1	0	8	8	7	17	4	7	366.48	0		10.896370
83	328	3	0	0	16	7	10	4	7	252.24	1		71.090934
45	174	1	0	8	12	7	17	4	7	366.48	0		10.896370
45	175	1	0	8	8	14	17	4	7	366.48	0		10.896370
45	176	3	0	0	20	7	10	4	7	252.24	1		71.090934
64	248	1	0	8	12	14	17	4	7	366.48	0		10.896370
64	249	1	0	8	8	21	17	4	7	366.48	0		10.896370
64	250	2	0	8	12	21	8	4	5	130.40	0		122.143671
64	251	2	0	10	16	0	8	4	5	130.40	0		122.143671
64	252	2	0	10	20	0	8	4	5	130.40	0		122.143671
17	62	1	0	17	0	0	17	4	7	366.48	0		10.896370
17	63	1	0	10	0	7	17	4	7	366.48	0		10.896370


-------------------------------------------------------------------------------------------------------------------
Tour_Id:			15
No_of_Customers:		6
No_of_Items:			20
Customer_Sequence:		57 13 81 65 11 19 

CustId	Id	TypeId	Rotated	x	y	z	Length	Width	Height	mass	Fragility	LoadBearingStrength
19	68	2	0	0	0	0	8	4	5	130.40	0		122.143671
19	69	3	0	0	4	0	10	4	7	252.24	1		71.090934
19	70	3	0	0	8	0	10	4	7	252.24	1		71.090934
11	39	1	0	0	12	0	17	4	7	366.48	0		10.896370
11	40	1	0	0	16	0	17	4	7	366.48	0		10.896370
11	41	1	0	0	20	0	17	4	7	366.48	0		10.896370
65	253	1	0	0	12	7	17	4	7	366.48	0		10.896370
65	254	2	0	0	0	5	8	4	5	130.40	0		122.143671
65	255	2	0	0	16	7	8	4	5	130.40	0		122.143671
81	318	1	0	0	20	7	17	4	7	366.48	0		10.896370
81	319	1	0	0	12	14	17	4	7	366.48	0		10.896370
81	320	2	0	0	0	10	8	4	5	130.40	0		122.143671
81	321	2	0	0	16	12	8	4	5	130.40	0		122.143671
81	322	3	0	0	4	7	10	4	7	252.24	1		71.090934
13	44	1	0	0	20	14	17	4	7	366.48	0		10.896370
13	45	1	0	0	12	21	17	4	7	366.48	0		10.896370
13	46	2	0	0	0	15	8	4	5	130.40	0		122.143671
13	47	3	0	0	8	7	10	4	7	252.24	1		71.090934
57	220	1	0	0	20	21	17	4	7	366.48	0		10.896370
57	221	3	0	0	4	14	10	4	7	252.24	1		71.090934


-------------------------------------------------------------------------------------------------------------------
Tour_Id:			16
No_of_Customers:		1
No_of_Items:			0
Customer_Sequence:		91 

