Name:				531_n100_m400_bt10
Problem:			3L-VRPTW
Number_of_used_Vehicles:	13
Total_Travel_Distance:		1241.38
Calculation_Time:		914.10
Total_Iterations:		15284
ConstraintSet:			P1

-------------------------------------------------------------------------------------------------------------------
Tour_Id:			1
No_of_Customers:		10
No_of_Items:			37
Customer_Sequence:		56 97 96 71 48 14 10 74 66 9 

CustId	Id	TypeId	Rotated	x	y	z	Length	Width	Height	mass	Fragility	LoadBearingStrength
9	28	3	0	0	0	0	16	6	3	86.59	0		13.766293
9	29	10	0	0	6	0	9	3	5	57.08	1		4.462826
66	249	4	0	0	9	0	17	3	6	164.56	0		61.354300
66	248	3	0	0	12	0	16	6	3	86.59	0		13.766293
66	251	7	0	0	18	0	16	2	6	347.20	0		61.915473
66	252	9	0	0	20	0	6	5	6	121.93	0		21.984344
66	253	9	0	0	0	3	6	5	6	121.93	0		21.984344
66	250	5	0	0	12	3	9	4	8	383.35	1		9.140192
74	287	4	0	0	9	6	17	3	6	164.56	0		61.354300
74	286	2	0	0	18	6	11	4	3	84.36	0		35.704252
74	288	10	0	0	6	5	9	3	5	57.08	1		4.462826
10	31	4	0	0	9	12	17	3	6	164.56	0		61.354300
10	32	4	0	0	9	18	17	3	6	164.56	0		61.354300
10	33	9	0	0	0	9	6	5	6	121.93	0		21.984344
10	30	1	0	0	18	9	13	3	3	120.37	0		74.974858
14	45	7	0	0	16	3	16	2	6	347.20	0		61.915473
14	46	7	0	0	16	9	16	2	6	347.20	0		61.915473
14	47	9	0	0	0	15	6	5	6	121.93	0		21.984344
14	43	1	0	0	18	12	13	3	3	120.37	0		74.974858
14	44	5	0	0	12	11	9	4	8	383.35	1		9.140192
48	178	6	0	0	16	15	16	4	3	176.87	0		13.105979
48	179	9	0	0	16	18	6	5	6	121.93	0		21.984344
48	177	5	0	0	5	10	9	4	8	383.35	1		9.140192
71	277	8	0	0	9	24	9	2	4	69.47	0		14.107497
71	276	5	0	0	5	18	9	4	8	383.35	1		9.140192
96	378	4	0	9	6	0	17	3	6	164.56	0		61.354300
96	379	10	0	0	12	19	9	3	5	57.08	1		4.462826
97	382	3	0	16	0	0	16	6	3	86.59	0		13.766293
97	383	7	0	6	0	3	16	2	6	347.20	0		61.915473
97	384	7	0	6	2	3	16	2	6	347.20	0		61.915473
97	385	9	0	0	0	21	6	5	6	121.93	0		21.984344
97	380	1	0	6	0	9	13	3	3	120.37	0		74.974858
97	381	1	0	6	0	12	13	3	3	120.37	0		74.974858
56	210	9	0	0	15	24	6	5	6	121.93	0		21.984344
56	208	1	0	6	0	15	13	3	3	120.37	0		74.974858
56	209	8	0	6	0	18	9	2	4	69.47	0		14.107497
56	211	10	0	0	11	24	9	3	5	57.08	1		4.462826


-------------------------------------------------------------------------------------------------------------------
Tour_Id:			2
No_of_Customers:		9
No_of_Items:			38
Customer_Sequence:		33 6 55 95 54 99 50 40 11 

CustId	Id	TypeId	Rotated	x	y	z	Length	Width	Height	mass	Fragility	LoadBearingStrength
11	34	4	0	0	0	0	17	3	6	164.56	0		61.354300
11	35	7	0	0	3	0	16	2	6	347.20	0		61.915473
11	36	10	0	0	5	0	9	3	5	57.08	1		4.462826
40	146	2	0	0	8	0	11	4	3	84.36	0		35.704252
40	147	2	0	0	12	0	11	4	3	84.36	0		35.704252
40	145	1	0	0	16	0	13	3	3	120.37	0		74.974858
50	183	4	0	0	19	0	17	3	6	164.56	0		61.354300
50	184	6	0	0	0	6	16	4	3	176.87	0		13.105979
50	185	9	0	0	8	3	6	5	6	121.93	0		21.984344
99	393	6	0	0	19	6	16	4	3	176.87	0		13.105979
99	396	9	0	0	13	3	6	5	6	121.93	0		21.984344
99	394	8	0	0	22	0	9	2	4	69.47	0		14.107497
99	395	8	0	0	0	9	9	2	4	69.47	0		14.107497
99	392	5	1	0	8	9	9	4	8	383.35	1		9.140192
54	199	6	0	0	19	9	16	4	3	176.87	0		13.105979
54	200	8	0	0	2	9	9	2	4	69.47	0		14.107497
54	201	10	0	0	5	5	9	3	5	57.08	1		4.462826
54	202	10	0	0	5	10	9	3	5	57.08	1		4.462826
54	203	10	0	0	19	12	9	3	5	57.08	1		4.462826
95	372	4	0	9	5	0	17	3	6	164.56	0		61.354300
95	373	4	0	9	4	6	17	3	6	164.56	0		61.354300
95	374	4	0	9	4	12	17	3	6	164.56	0		61.354300
95	375	4	0	9	4	18	17	3	6	164.56	0		61.354300
95	376	4	0	9	4	24	17	3	6	164.56	0		61.354300
95	377	8	0	0	0	13	9	2	4	69.47	0		14.107497
55	204	6	0	11	8	0	16	4	3	176.87	0		13.105979
55	205	6	0	6	8	3	16	4	3	176.87	0		13.105979
55	206	7	0	6	8	6	16	2	6	347.20	0		61.915473
55	207	9	0	6	12	3	6	5	6	121.93	0		21.984344
6	20	4	0	12	12	0	17	3	6	164.56	0		61.354300
6	19	3	0	17	15	0	16	6	3	86.59	0		13.766293
6	18	2	0	12	10	6	11	4	3	84.36	0		35.704252
6	21	8	0	0	2	13	9	2	4	69.47	0		14.107497
33	118	3	0	17	15	3	16	6	3	86.59	0		13.766293
33	121	6	0	4	10	9	16	4	3	176.87	0		13.105979
33	117	1	0	4	8	12	13	3	3	120.37	0		74.974858
33	119	5	0	0	0	17	9	4	8	383.35	1		9.140192
33	120	5	1	0	7	17	9	4	8	383.35	1		9.140192


-------------------------------------------------------------------------------------------------------------------
Tour_Id:			3
No_of_Customers:		7
No_of_Items:			26
Customer_Sequence:		44 30 65 64 39 91 23 

CustId	Id	TypeId	Rotated	x	y	z	Length	Width	Height	mass	Fragility	LoadBearingStrength
23	77	4	0	0	0	0	17	3	6	164.56	0		61.354300
23	78	6	0	0	3	0	16	4	3	176.87	0		13.105979
23	79	8	0	0	7	0	9	2	4	69.47	0		14.107497
23	80	8	0	0	9	0	9	2	4	69.47	0		14.107497
23	81	8	0	0	11	0	9	2	4	69.47	0		14.107497
23	82	10	0	0	13	0	9	3	5	57.08	1		4.462826
91	359	7	0	0	16	0	16	2	6	347.20	0		61.915473
91	360	9	0	0	18	0	6	5	6	121.93	0		21.984344
91	357	1	0	0	3	3	13	3	3	120.37	0		74.974858
91	358	5	0	0	6	4	9	4	8	383.35	1		9.140192
39	143	4	0	0	0	6	17	3	6	164.56	0		61.354300
39	142	3	0	6	18	0	16	6	3	86.59	0		13.766293
39	144	6	0	0	0	12	16	4	3	176.87	0		13.105979
64	243	7	0	0	16	6	16	2	6	347.20	0		61.915473
64	244	7	0	0	4	6	16	2	6	347.20	0		61.915473
64	242	1	0	0	0	15	13	3	3	120.37	0		74.974858
65	245	3	0	9	7	0	16	6	3	86.59	0		13.766293
65	246	7	0	0	4	12	16	2	6	347.20	0		61.915473
65	247	9	0	0	18	6	6	5	6	121.93	0		21.984344
30	106	4	0	0	0	18	17	3	6	164.56	0		61.354300
30	105	3	0	6	18	3	16	6	3	86.59	0		13.766293
30	107	6	0	0	0	24	16	4	3	176.87	0		13.105979
44	159	2	0	0	16	12	11	4	3	84.36	0		35.704252
44	161	8	0	0	10	4	9	2	4	69.47	0		14.107497
44	160	5	0	0	6	12	9	4	8	383.35	1		9.140192
44	162	10	0	0	13	5	9	3	5	57.08	1		4.462826


-------------------------------------------------------------------------------------------------------------------
Tour_Id:			4
No_of_Customers:		11
No_of_Items:			37
Customer_Sequence:		43 27 53 35 82 28 85 81 49 18 20 

CustId	Id	TypeId	Rotated	x	y	z	Length	Width	Height	mass	Fragility	LoadBearingStrength
20	66	2	0	0	0	0	11	4	3	84.36	0		35.704252
20	67	8	0	0	4	0	9	2	4	69.47	0		14.107497
18	61	6	0	0	6	0	16	4	3	176.87	0		13.105979
18	62	8	0	0	10	0	9	2	4	69.47	0		14.107497
18	63	10	0	0	12	0	9	3	5	57.08	1		4.462826
49	180	4	0	0	15	0	17	3	6	164.56	0		61.354300
49	182	9	0	0	18	0	6	5	6	121.93	0		21.984344
49	181	8	0	0	23	0	9	2	4	69.47	0		14.107497
81	316	9	0	0	15	6	6	5	6	121.93	0		21.984344
81	314	2	0	0	0	3	11	4	3	84.36	0		35.704252
81	315	2	0	0	6	3	11	4	3	84.36	0		35.704252
81	313	1	0	0	0	6	13	3	3	120.37	0		74.974858
85	331	4	0	0	0	9	17	3	6	164.56	0		61.354300
85	330	3	0	13	0	0	16	6	3	86.59	0		13.766293
85	332	9	0	0	6	6	6	5	6	121.93	0		21.984344
85	328	2	0	0	0	15	11	4	3	84.36	0		35.704252
85	329	2	0	0	0	18	11	4	3	84.36	0		35.704252
28	97	5	0	0	11	5	9	4	8	383.35	1		9.140192
28	98	10	0	0	11	13	9	3	5	57.08	1		4.462826
82	317	1	0	0	0	21	13	3	3	120.37	0		74.974858
82	318	5	0	0	11	18	9	4	8	383.35	1		9.140192
82	319	10	0	0	0	24	9	3	5	57.08	1		4.462826
35	127	3	0	16	6	0	16	6	3	86.59	0		13.766293
35	126	2	0	6	18	0	11	4	3	84.36	0		35.704252
35	128	10	0	6	18	3	9	3	5	57.08	1		4.462826
53	197	7	0	9	12	0	16	2	6	347.20	0		61.915473
53	195	1	0	6	15	6	13	3	3	120.37	0		74.974858
53	198	8	0	0	4	4	9	2	4	69.47	0		14.107497
53	196	5	0	6	18	8	9	4	8	383.35	1		9.140192
27	95	4	0	6	15	9	17	3	6	164.56	0		61.354300
27	94	2	0	11	3	3	11	4	3	84.36	0		35.704252
27	93	1	0	6	15	15	13	3	3	120.37	0		74.974858
27	96	8	0	0	23	4	9	2	4	69.47	0		14.107497
43	157	4	0	6	15	18	17	3	6	164.56	0		61.354300
43	156	2	0	6	15	24	11	4	3	84.36	0		35.704252
43	155	1	0	6	15	27	13	3	3	120.37	0		74.974858
43	158	5	0	11	7	3	9	4	8	383.35	1		9.140192


-------------------------------------------------------------------------------------------------------------------
Tour_Id:			5
No_of_Customers:		8
No_of_Items:			34
Customer_Sequence:		92 58 80 29 93 68 13 24 

CustId	Id	TypeId	Rotated	x	y	z	Length	Width	Height	mass	Fragility	LoadBearingStrength
24	85	3	0	0	0	0	16	6	3	86.59	0		13.766293
24	83	2	0	0	6	0	11	4	3	84.36	0		35.704252
24	84	2	0	0	10	0	11	4	3	84.36	0		35.704252
13	41	7	0	0	14	0	16	2	6	347.20	0		61.915473
13	40	1	0	0	16	0	13	3	3	120.37	0		74.974858
13	42	8	0	0	19	0	9	2	4	69.47	0		14.107497
68	260	4	0	0	21	0	17	3	6	164.56	0		61.354300
68	259	3	0	0	0	3	16	6	3	86.59	0		13.766293
68	262	6	0	0	0	6	16	4	3	176.87	0		13.105979
68	263	9	0	0	6	3	6	5	6	121.93	0		21.984344
68	261	5	0	0	21	6	9	4	8	383.35	1		9.140192
93	364	4	0	0	16	3	17	3	6	164.56	0		61.354300
93	365	4	0	0	0	9	17	3	6	164.56	0		61.354300
93	366	7	0	0	4	6	16	2	6	347.20	0		61.915473
93	367	9	0	0	6	9	6	5	6	121.93	0		21.984344
93	368	9	0	0	6	15	6	5	6	121.93	0		21.984344
93	369	10	0	0	11	3	9	3	5	57.08	1		4.462826
29	103	6	0	0	16	9	16	4	3	176.87	0		13.105979
29	104	7	0	0	14	6	16	2	6	347.20	0		61.915473
29	100	2	0	0	14	12	11	4	3	84.36	0		35.704252
29	101	2	0	0	0	15	11	4	3	84.36	0		35.704252
29	99	1	0	0	14	15	13	3	3	120.37	0		74.974858
29	102	5	0	0	21	14	9	4	8	383.35	1		9.140192
80	310	6	0	11	6	0	16	4	3	176.87	0		13.105979
80	312	9	0	0	0	18	6	5	6	121.93	0		21.984344
80	309	1	0	0	14	18	13	3	3	120.37	0		74.974858
80	311	8	0	0	4	12	9	2	4	69.47	0		14.107497
58	217	3	0	16	10	0	16	6	3	86.59	0		13.766293
58	218	6	0	6	6	3	16	4	3	176.87	0		13.105979
58	216	2	0	0	14	21	11	4	3	84.36	0		35.704252
58	219	8	0	0	18	12	9	2	4	69.47	0		14.107497
92	362	6	0	6	6	6	16	4	3	176.87	0		13.105979
92	363	7	0	6	6	9	16	2	6	347.20	0		61.915473
92	361	5	0	0	21	22	9	4	8	383.35	1		9.140192


-------------------------------------------------------------------------------------------------------------------
Tour_Id:			6
No_of_Customers:		9
No_of_Items:			44
Customer_Sequence:		70 62 61 69 51 75 60 73 2 

CustId	Id	TypeId	Rotated	x	y	z	Length	Width	Height	mass	Fragility	LoadBearingStrength
2	6	4	0	0	0	0	17	3	6	164.56	0		61.354300
2	5	3	0	0	3	0	16	6	3	86.59	0		13.766293
2	7	7	0	0	9	0	16	2	6	347.20	0		61.915473
2	8	8	0	0	11	0	9	2	4	69.47	0		14.107497
73	282	4	0	0	13	0	17	3	6	164.56	0		61.354300
73	281	3	0	0	16	0	16	6	3	86.59	0		13.766293
73	283	6	0	0	3	3	16	4	3	176.87	0		13.105979
73	284	9	0	0	16	3	6	5	6	121.93	0		21.984344
73	285	9	0	0	0	6	6	5	6	121.93	0		21.984344
60	225	4	0	0	22	0	17	3	6	164.56	0		61.354300
60	226	4	0	0	13	6	17	3	6	164.56	0		61.354300
60	224	3	0	16	3	0	16	6	3	86.59	0		13.766293
60	227	8	0	0	7	3	9	2	4	69.47	0		14.107497
75	289	4	0	0	22	6	17	3	6	164.56	0		61.354300
75	290	4	0	0	13	12	17	3	6	164.56	0		61.354300
75	292	6	0	0	13	18	16	4	3	176.87	0		13.105979
75	293	8	0	0	11	4	9	2	4	69.47	0		14.107497
75	291	5	0	0	13	21	9	4	8	383.35	1		9.140192
75	294	10	0	0	22	12	9	3	5	57.08	1		4.462826
51	187	4	0	16	9	0	17	3	6	164.56	0		61.354300
51	188	7	0	0	5	6	16	2	6	347.20	0		61.915473
51	189	9	0	0	0	12	6	5	6	121.93	0		21.984344
51	186	2	0	6	0	6	11	4	3	84.36	0		35.704252
51	190	10	0	0	22	17	9	3	5	57.08	1		4.462826
69	266	3	0	16	16	0	16	6	3	86.59	0		13.766293
69	268	6	0	16	16	3	16	4	3	176.87	0		13.105979
69	269	6	0	16	4	3	16	4	3	176.87	0		13.105979
69	264	2	0	6	0	9	11	4	3	84.36	0		35.704252
69	265	2	0	6	0	12	11	4	3	84.36	0		35.704252
69	267	5	0	6	0	15	9	4	8	383.35	1		9.140192
61	228	3	0	16	4	6	16	6	3	86.59	0		13.766293
61	229	6	0	16	16	6	16	4	3	176.87	0		13.105979
61	230	6	0	16	4	9	16	4	3	176.87	0		13.105979
62	234	6	0	16	16	9	16	4	3	176.87	0		13.105979
62	235	9	0	0	17	9	6	5	6	121.93	0		21.984344
62	231	1	0	16	4	12	13	3	3	120.37	0		74.974858
62	232	5	0	9	13	21	9	4	8	383.35	1		9.140192
62	233	5	0	16	16	12	9	4	8	383.35	1		9.140192
70	272	4	0	16	4	15	17	3	6	164.56	0		61.354300
70	273	4	0	16	4	21	17	3	6	164.56	0		61.354300
70	270	3	0	32	0	0	16	6	3	86.59	0		13.766293
70	271	3	0	32	12	0	16	6	3	86.59	0		13.766293
70	275	6	0	16	4	27	16	4	3	176.87	0		13.105979
70	274	5	0	25	16	12	9	4	8	383.35	1		9.140192


-------------------------------------------------------------------------------------------------------------------
Tour_Id:			7
No_of_Customers:		8
No_of_Items:			32
Customer_Sequence:		3 94 89 88 19 63 16 8 

CustId	Id	TypeId	Rotated	x	y	z	Length	Width	Height	mass	Fragility	LoadBearingStrength
8	26	4	0	0	0	0	17	3	6	164.56	0		61.354300
8	25	3	0	0	3	0	16	6	3	86.59	0		13.766293
8	27	5	0	0	9	0	9	4	8	383.35	1		9.140192
16	50	4	0	0	13	0	17	3	6	164.56	0		61.354300
16	51	7	0	0	16	0	16	2	6	347.20	0		61.915473
16	52	7	0	0	18	0	16	2	6	347.20	0		61.915473
16	55	9	0	0	20	0	6	5	6	121.93	0		21.984344
16	53	8	0	0	3	3	9	2	4	69.47	0		14.107497
16	54	8	0	0	5	3	9	2	4	69.47	0		14.107497
63	237	3	0	0	13	6	16	6	3	86.59	0		13.766293
63	239	6	0	0	13	9	16	4	3	176.87	0		13.105979
63	240	6	0	0	13	12	16	4	3	176.87	0		13.105979
63	236	1	0	0	0	6	13	3	3	120.37	0		74.974858
63	238	5	0	0	19	6	9	4	8	383.35	1		9.140192
63	241	10	0	0	3	7	9	3	5	57.08	1		4.462826
19	65	6	0	0	13	15	16	4	3	176.87	0		13.105979
19	64	5	0	0	9	8	9	4	8	383.35	1		9.140192
88	343	3	0	16	3	0	16	6	3	86.59	0		13.766293
88	344	6	0	0	13	18	16	4	3	176.87	0		13.105979
88	345	6	0	0	13	21	16	4	3	176.87	0		13.105979
88	346	7	0	0	7	3	16	2	6	347.20	0		61.915473
88	347	10	0	0	0	9	9	3	5	57.08	1		4.462826
89	349	3	0	16	16	0	16	6	3	86.59	0		13.766293
89	351	7	0	0	7	9	16	2	6	347.20	0		61.915473
89	352	9	0	0	13	24	6	5	6	121.93	0		21.984344
89	348	1	0	6	13	24	13	3	3	120.37	0		74.974858
89	350	5	0	0	3	12	9	4	8	383.35	1		9.140192
94	371	7	0	0	7	15	16	2	6	347.20	0		61.915473
94	370	2	0	6	13	27	11	4	3	84.36	0		35.704252
3	9	4	0	9	9	0	17	3	6	164.56	0		61.354300
3	10	7	0	0	7	21	16	2	6	347.20	0		61.915473
3	11	9	0	16	3	3	6	5	6	121.93	0		21.984344


-------------------------------------------------------------------------------------------------------------------
Tour_Id:			8
No_of_Customers:		7
No_of_Items:			29
Customer_Sequence:		41 100 1 26 17 42 98 

CustId	Id	TypeId	Rotated	x	y	z	Length	Width	Height	mass	Fragility	LoadBearingStrength
98	391	6	0	0	0	0	16	4	3	176.87	0		13.105979
98	387	2	0	0	4	0	11	4	3	84.36	0		35.704252
98	388	2	0	0	8	0	11	4	3	84.36	0		35.704252
98	386	1	0	0	12	0	13	3	3	120.37	0		74.974858
98	389	5	0	0	15	0	9	4	8	383.35	1		9.140192
98	390	5	0	0	19	0	9	4	8	383.35	1		9.140192
42	153	7	0	0	23	0	16	2	6	347.20	0		61.915473
42	154	9	0	0	0	3	6	5	6	121.93	0		21.984344
17	57	6	0	9	15	0	16	4	3	176.87	0		13.105979
17	58	7	0	0	12	3	16	2	6	347.20	0		61.915473
17	59	9	0	0	5	3	6	5	6	121.93	0		21.984344
17	56	1	1	0	0	9	13	3	3	120.37	0		74.974858
17	60	10	0	0	15	8	9	3	5	57.08	1		4.462826
26	91	4	0	9	19	0	17	3	6	164.56	0		61.354300
26	90	3	0	11	4	0	16	6	3	86.59	0		13.766293
26	92	9	0	6	0	3	6	5	6	121.93	0		21.984344
1	3	6	0	6	5	3	16	4	3	176.87	0		13.105979
1	4	9	0	3	0	9	6	5	6	121.93	0		21.984344
1	1	1	1	0	0	12	13	3	3	120.37	0		74.974858
1	2	5	0	0	18	8	9	4	8	383.35	1		9.140192
100	398	4	1	0	0	15	17	3	6	164.56	0		61.354300
100	400	6	1	0	0	21	16	4	3	176.87	0		13.105979
100	397	1	1	0	0	24	13	3	3	120.37	0		74.974858
100	399	5	0	0	17	16	9	4	8	383.35	1		9.140192
41	151	4	0	6	5	6	17	3	6	164.56	0		61.354300
41	149	2	1	0	0	27	11	4	3	84.36	0		35.704252
41	150	2	0	6	5	12	11	4	3	84.36	0		35.704252
41	148	1	0	4	5	15	13	3	3	120.37	0		74.974858
41	152	8	0	0	23	6	9	2	4	69.47	0		14.107497


-------------------------------------------------------------------------------------------------------------------
Tour_Id:			9
No_of_Customers:		8
No_of_Items:			27
Customer_Sequence:		57 15 77 7 52 12 83 78 

CustId	Id	TypeId	Rotated	x	y	z	Length	Width	Height	mass	Fragility	LoadBearingStrength
78	302	3	0	0	0	0	16	6	3	86.59	0		13.766293
78	301	2	0	0	6	0	11	4	3	84.36	0		35.704252
78	303	10	0	0	10	0	9	3	5	57.08	1		4.462826
83	322	6	0	0	13	0	16	4	3	176.87	0		13.105979
83	323	6	0	0	17	0	16	4	3	176.87	0		13.105979
83	321	2	0	0	21	0	11	4	3	84.36	0		35.704252
83	320	1	0	0	0	3	13	3	3	120.37	0		74.974858
83	324	10	0	0	3	3	9	3	5	57.08	1		4.462826
12	37	4	0	0	13	3	17	3	6	164.56	0		61.354300
12	38	7	0	0	16	3	16	2	6	347.20	0		61.915473
12	39	8	0	0	6	3	9	2	4	69.47	0		14.107497
52	194	9	0	0	18	3	6	5	6	121.93	0		21.984344
52	192	8	0	0	8	3	9	2	4	69.47	0		14.107497
52	193	8	0	0	23	3	9	2	4	69.47	0		14.107497
52	191	5	0	0	6	7	9	4	8	383.35	1		9.140192
7	22	3	0	0	13	9	16	6	3	86.59	0		13.766293
7	23	6	0	0	13	12	16	4	3	176.87	0		13.105979
7	24	7	0	0	0	6	16	2	6	347.20	0		61.915473
77	298	4	0	0	13	15	17	3	6	164.56	0		61.354300
77	300	7	0	0	0	12	16	2	6	347.20	0		61.915473
77	299	5	0	0	2	8	9	4	8	383.35	1		9.140192
15	48	3	0	11	6	0	16	6	3	86.59	0		13.766293
15	49	5	0	0	6	15	9	4	8	383.35	1		9.140192
57	212	3	0	9	6	3	16	6	3	86.59	0		13.766293
57	215	9	0	0	19	9	6	5	6	121.93	0		21.984344
57	214	8	0	0	17	12	9	2	4	69.47	0		14.107497
57	213	5	0	0	2	16	9	4	8	383.35	1		9.140192


-------------------------------------------------------------------------------------------------------------------
Tour_Id:			10
No_of_Customers:		5
No_of_Items:			22
Customer_Sequence:		90 38 21 4 45 

CustId	Id	TypeId	Rotated	x	y	z	Length	Width	Height	mass	Fragility	LoadBearingStrength
45	164	3	0	0	0	0	16	6	3	86.59	0		13.766293
45	166	7	0	0	6	0	16	2	6	347.20	0		61.915473
45	163	1	0	0	8	0	13	3	3	120.37	0		74.974858
45	165	5	0	0	11	0	9	4	8	383.35	1		9.140192
4	14	6	0	0	15	0	16	4	3	176.87	0		13.105979
4	15	7	0	0	19	0	16	2	6	347.20	0		61.915473
4	13	2	0	0	21	0	11	4	3	84.36	0		35.704252
4	12	1	0	0	0	3	13	3	3	120.37	0		74.974858
21	68	7	0	0	3	3	16	2	6	347.20	0		61.915473
21	69	8	0	0	8	3	9	2	4	69.47	0		14.107497
21	70	8	0	0	15	3	9	2	4	69.47	0		14.107497
21	71	8	0	0	17	3	9	2	4	69.47	0		14.107497
38	140	6	0	9	11	0	16	4	3	176.87	0		13.105979
38	141	6	0	9	11	3	16	4	3	176.87	0		13.105979
38	138	2	0	0	21	3	11	4	3	84.36	0		35.704252
38	136	1	0	0	0	6	13	3	3	120.37	0		74.974858
38	137	1	0	0	19	6	13	3	3	120.37	0		74.974858
38	139	5	0	0	15	7	9	4	8	383.35	1		9.140192
90	355	4	0	0	0	9	17	3	6	164.56	0		61.354300
90	354	3	0	16	0	0	16	6	3	86.59	0		13.766293
90	356	9	0	9	11	6	6	5	6	121.93	0		21.984344
90	353	2	0	0	19	9	11	4	3	84.36	0		35.704252


-------------------------------------------------------------------------------------------------------------------
Tour_Id:			11
No_of_Customers:		9
No_of_Items:			32
Customer_Sequence:		72 47 32 84 5 46 59 36 76 

CustId	Id	TypeId	Rotated	x	y	z	Length	Width	Height	mass	Fragility	LoadBearingStrength
76	295	6	0	0	0	0	16	4	3	176.87	0		13.105979
76	296	7	0	0	4	0	16	2	6	347.20	0		61.915473
76	297	9	0	0	6	0	6	5	6	121.93	0		21.984344
36	129	2	0	0	11	0	11	4	3	84.36	0		35.704252
36	130	2	0	0	15	0	11	4	3	84.36	0		35.704252
36	131	8	0	0	19	0	9	2	4	69.47	0		14.107497
59	221	3	0	9	19	0	16	6	3	86.59	0		13.766293
59	220	1	0	0	0	3	13	3	3	120.37	0		74.974858
59	222	8	0	0	21	0	9	2	4	69.47	0		14.107497
59	223	10	0	0	11	3	9	3	5	57.08	1		4.462826
46	169	4	0	0	0	6	17	3	6	164.56	0		61.354300
46	170	7	0	0	4	6	16	2	6	347.20	0		61.915473
46	168	2	0	0	14	3	11	4	3	84.36	0		35.704252
46	167	1	0	0	14	6	13	3	3	120.37	0		74.974858
46	171	8	0	0	19	4	9	2	4	69.47	0		14.107497
46	172	10	0	0	11	8	9	3	5	57.08	1		4.462826
5	17	7	0	0	14	9	16	2	6	347.20	0		61.915473
5	16	5	0	0	0	12	9	4	8	383.35	1		9.140192
84	325	7	0	0	4	12	16	2	6	347.20	0		61.915473
84	327	9	0	0	6	6	6	5	6	121.93	0		21.984344
84	326	8	0	0	21	4	9	2	4	69.47	0		14.107497
32	114	3	0	9	18	3	16	6	3	86.59	0		13.766293
32	115	7	0	0	14	15	16	2	6	347.20	0		61.915473
32	113	2	0	0	19	8	11	4	3	84.36	0		35.704252
32	116	8	0	0	19	11	9	2	4	69.47	0		14.107497
47	175	4	0	6	6	0	17	3	6	164.56	0		61.354300
47	174	3	0	17	0	0	16	6	3	86.59	0		13.766293
47	173	1	0	6	6	6	13	3	3	120.37	0		74.974858
47	176	8	0	0	21	11	9	2	4	69.47	0		14.107497
72	278	6	0	11	19	6	16	4	3	176.87	0		13.105979
72	279	7	0	0	4	18	16	2	6	347.20	0		61.915473
72	280	10	0	0	11	13	9	3	5	57.08	1		4.462826


-------------------------------------------------------------------------------------------------------------------
Tour_Id:			12
No_of_Customers:		8
No_of_Items:			36
Customer_Sequence:		67 25 79 86 37 22 34 31 

CustId	Id	TypeId	Rotated	x	y	z	Length	Width	Height	mass	Fragility	LoadBearingStrength
31	111	7	0	0	0	0	16	2	6	347.20	0		61.915473
31	109	2	0	0	2	0	11	4	3	84.36	0		35.704252
31	108	1	0	0	6	0	13	3	3	120.37	0		74.974858
31	112	8	0	0	9	0	9	2	4	69.47	0		14.107497
31	110	5	0	0	11	0	9	4	8	383.35	1		9.140192
34	123	7	0	0	15	0	16	2	6	347.20	0		61.915473
34	122	2	0	0	17	0	11	4	3	84.36	0		35.704252
34	124	8	0	0	21	0	9	2	4	69.47	0		14.107497
34	125	8	0	0	23	0	9	2	4	69.47	0		14.107497
22	74	4	0	0	6	3	17	3	6	164.56	0		61.354300
22	75	4	0	0	6	9	17	3	6	164.56	0		61.354300
22	73	3	0	9	9	0	16	6	3	86.59	0		13.766293
22	72	1	0	0	2	3	13	3	3	120.37	0		74.974858
22	76	10	0	0	17	3	9	3	5	57.08	1		4.462826
37	132	7	0	0	0	6	16	2	6	347.20	0		61.915473
37	133	7	0	0	2	6	16	2	6	347.20	0		61.915473
37	135	9	0	0	0	12	6	5	6	121.93	0		21.984344
37	134	8	0	0	9	4	9	2	4	69.47	0		14.107497
86	334	4	0	0	6	15	17	3	6	164.56	0		61.354300
86	336	6	0	0	6	21	16	4	3	176.87	0		13.105979
86	333	1	0	0	6	24	13	3	3	120.37	0		74.974858
86	335	5	0	0	20	4	9	4	8	383.35	1		9.140192
79	305	4	0	9	21	0	17	3	6	164.56	0		61.354300
79	307	6	0	9	10	3	16	4	3	176.87	0		13.105979
79	308	7	0	0	15	6	16	2	6	347.20	0		61.915473
79	304	2	0	0	6	27	11	4	3	84.36	0		35.704252
79	306	5	0	0	10	8	9	4	8	383.35	1		9.140192
25	88	6	0	9	10	6	16	4	3	176.87	0		13.105979
25	89	6	0	9	21	6	16	4	3	176.87	0		13.105979
25	86	1	0	6	0	12	13	3	3	120.37	0		74.974858
25	87	5	0	0	20	12	9	4	8	383.35	1		9.140192
67	254	4	0	6	0	15	17	3	6	164.56	0		61.354300
67	255	6	0	6	0	21	16	4	3	176.87	0		13.105979
67	256	7	0	0	15	12	16	2	6	347.20	0		61.915473
67	257	9	0	0	0	18	6	5	6	121.93	0		21.984344
67	258	9	0	0	0	24	6	5	6	121.93	0		21.984344


-------------------------------------------------------------------------------------------------------------------
Tour_Id:			13
No_of_Customers:		1
No_of_Items:			0
Customer_Sequence:		87 

