Name:				532_n100_m400_bt10
Problem:			3L-VRPTW
Number_of_used_Vehicles:	15
Total_Travel_Distance:		1494.67
Calculation_Time:		260.66
Total_Iterations:		18111
ConstraintSet:			P1

-------------------------------------------------------------------------------------------------------------------
Tour_Id:			1
No_of_Customers:		7
No_of_Items:			31
Customer_Sequence:		94 93 73 42 95 65 80 

CustId	Id	TypeId	Rotated	x	y	z	Length	Width	Height	mass	Fragility	LoadBearingStrength
80	312	4	0	0	0	0	16	7	7	378.62	0		12.461237
80	313	8	0	0	7	0	13	7	8	319.85	0		6.213538
80	310	3	0	0	14	0	16	2	6	154.34	0		31.487443
80	311	3	0	0	16	0	16	2	6	154.34	0		31.487443
80	314	9	0	0	18	0	16	4	6	269.24	1		28.471688
65	248	4	0	0	0	7	16	7	7	378.62	0		12.461237
65	249	9	0	0	14	6	16	4	6	269.24	1		28.471688
65	250	9	0	0	18	6	16	4	6	269.24	1		28.471688
95	375	4	0	0	7	8	16	7	7	378.62	0		12.461237
95	376	4	0	0	0	14	16	7	7	378.62	0		12.461237
95	373	1	0	0	7	15	12	4	8	499.99	0		29.312214
95	378	10	0	0	0	21	13	5	4	242.85	0		90.205989
95	374	3	0	0	22	0	16	2	6	154.34	0		31.487443
95	377	7	0	0	7	23	6	5	4	110.05	0		43.058696
42	166	8	0	16	0	0	13	7	8	319.85	0		6.213538
42	167	10	0	0	0	25	13	5	4	242.85	0		90.205989
42	163	6	0	16	7	0	11	5	4	182.83	0		12.904187
42	164	7	0	6	7	23	6	5	4	110.05	0		43.058696
42	165	7	1	12	7	15	6	5	4	110.05	0		43.058696
73	278	4	0	16	13	0	16	7	7	378.62	0		12.461237
73	279	4	0	16	13	7	16	7	7	378.62	0		12.461237
73	280	7	0	12	7	19	6	5	4	110.05	0		43.058696
73	277	2	0	0	7	27	8	4	3	38.83	0		16.321528
73	281	9	0	0	14	12	16	4	6	269.24	1		28.471688
73	282	9	0	0	18	12	16	4	6	269.24	1		28.471688
93	368	8	0	16	0	8	13	7	8	319.85	0		6.213538
93	367	5	0	0	22	6	7	2	8	51.78	1		5.028218
94	369	1	0	16	20	0	12	4	8	499.99	0		29.312214
94	372	3	0	0	5	21	16	2	6	154.34	0		31.487443
94	370	2	0	8	5	27	8	4	3	38.83	0		16.321528
94	371	2	0	12	7	23	8	4	3	38.83	0		16.321528


-------------------------------------------------------------------------------------------------------------------
Tour_Id:			2
No_of_Customers:		7
No_of_Items:			24
Customer_Sequence:		44 48 69 55 3 18 96 

CustId	Id	TypeId	Rotated	x	y	z	Length	Width	Height	mass	Fragility	LoadBearingStrength
96	380	6	0	0	0	0	11	5	4	182.83	0		12.904187
96	379	2	0	0	5	0	8	4	3	38.83	0		16.321528
96	381	9	0	0	9	0	16	4	6	269.24	1		28.471688
18	66	1	0	0	13	0	12	4	8	499.99	0		29.312214
18	68	6	0	0	17	0	11	5	4	182.83	0		12.904187
18	67	2	0	0	5	3	8	4	3	38.83	0		16.321528
3	13	8	0	11	0	0	13	7	8	319.85	0		6.213538
3	9	1	0	0	17	4	12	4	8	499.99	0		29.312214
3	10	1	0	0	13	8	12	4	8	499.99	0		29.312214
3	12	6	0	0	0	4	11	5	4	182.83	0		12.904187
3	11	3	0	0	22	0	16	2	6	154.34	0		31.487443
55	210	1	0	0	0	8	12	4	8	499.99	0		29.312214
55	213	10	0	12	13	0	13	5	4	242.85	0		90.205989
55	211	6	0	0	17	12	11	5	4	182.83	0		12.904187
55	212	7	0	0	0	16	6	5	4	110.05	0		43.058696
69	262	1	0	0	13	16	12	4	8	499.99	0		29.312214
69	263	7	0	0	17	16	6	5	4	110.05	0		43.058696
48	183	8	0	12	0	8	13	7	8	319.85	0		6.213538
48	180	1	0	6	0	16	12	4	8	499.99	0		29.312214
48	182	7	0	0	0	20	6	5	4	110.05	0		43.058696
48	181	2	0	0	17	20	8	4	3	38.83	0		16.321528
48	184	9	0	0	7	6	16	4	6	269.24	1		28.471688
44	171	10	0	0	0	24	13	5	4	242.85	0		90.205989
44	170	7	0	0	17	23	6	5	4	110.05	0		43.058696


-------------------------------------------------------------------------------------------------------------------
Tour_Id:			3
No_of_Customers:		7
No_of_Items:			25
Customer_Sequence:		24 78 40 76 90 70 32 

CustId	Id	TypeId	Rotated	x	y	z	Length	Width	Height	mass	Fragility	LoadBearingStrength
32	124	4	0	0	0	0	16	7	7	378.62	0		12.461237
32	126	9	0	0	7	0	16	4	6	269.24	1		28.471688
32	125	5	0	0	11	0	7	2	8	51.78	1		5.028218
70	268	8	0	0	13	0	13	7	8	319.85	0		6.213538
70	269	8	0	0	0	7	13	7	8	319.85	0		6.213538
70	267	6	0	0	20	0	11	5	4	182.83	0		12.904187
70	264	5	0	0	7	6	7	2	8	51.78	1		5.028218
70	265	5	0	0	20	4	7	2	8	51.78	1		5.028218
70	266	5	0	0	22	4	7	2	8	51.78	1		5.028218
90	357	8	0	0	13	8	13	7	8	319.85	0		6.213538
90	356	7	0	0	0	15	6	5	4	110.05	0		43.058696
76	296	4	0	0	13	16	16	7	7	378.62	0		12.461237
76	297	6	0	0	13	23	11	5	4	182.83	0		12.904187
76	295	3	0	0	5	15	16	2	6	154.34	0		31.487443
76	298	7	0	0	0	19	6	5	4	110.05	0		43.058696
76	294	2	0	0	0	23	8	4	3	38.83	0		16.321528
40	156	8	0	16	0	0	13	7	8	319.85	0		6.213538
40	155	7	0	0	0	26	6	5	4	110.05	0		43.058696
78	303	10	0	11	20	0	13	5	4	242.85	0		90.205989
78	304	10	0	7	20	4	13	5	4	242.85	0		90.205989
78	301	6	0	7	20	8	11	5	4	182.83	0		12.904187
78	302	6	0	7	20	12	11	5	4	182.83	0		12.904187
24	92	7	0	8	0	15	6	5	4	110.05	0		43.058696
24	90	5	0	0	9	6	7	2	8	51.78	1		5.028218
24	91	5	0	0	11	8	7	2	8	51.78	1		5.028218


-------------------------------------------------------------------------------------------------------------------
Tour_Id:			4
No_of_Customers:		8
No_of_Items:			26
Customer_Sequence:		14 1 43 33 98 37 35 82 

CustId	Id	TypeId	Rotated	x	y	z	Length	Width	Height	mass	Fragility	LoadBearingStrength
82	322	6	0	0	0	0	11	5	4	182.83	0		12.904187
82	321	3	0	0	5	0	16	2	6	154.34	0		31.487443
82	320	2	0	0	7	0	8	4	3	38.83	0		16.321528
35	135	1	0	0	11	0	12	4	8	499.99	0		29.312214
35	136	1	0	0	15	0	12	4	8	499.99	0		29.312214
35	137	1	0	0	19	0	12	4	8	499.99	0		29.312214
35	138	3	0	0	23	0	16	2	6	154.34	0		31.487443
37	143	8	0	0	11	8	13	7	8	319.85	0		6.213538
37	145	10	0	0	0	4	13	5	4	242.85	0		90.205989
37	142	2	0	0	7	3	8	4	3	38.83	0		16.321528
37	144	9	0	0	5	6	16	4	6	269.24	1		28.471688
98	388	4	0	0	11	16	16	7	7	378.62	0		12.461237
98	389	4	0	0	11	23	16	7	7	378.62	0		12.461237
98	391	8	0	13	9	0	13	7	8	319.85	0		6.213538
98	390	6	0	0	0	8	11	5	4	182.83	0		12.904187
98	387	3	0	0	23	6	16	2	6	154.34	0		31.487443
33	128	10	0	0	18	8	13	5	4	242.85	0		90.205989
33	127	2	0	0	0	12	8	4	3	38.83	0		16.321528
43	169	7	0	0	18	12	6	5	4	110.05	0		43.058696
43	168	5	0	0	4	12	7	2	8	51.78	1		5.028218
1	1	1	0	13	0	0	12	4	8	499.99	0		29.312214
1	2	3	0	0	23	12	16	2	6	154.34	0		31.487443
1	3	5	0	0	6	12	7	2	8	51.78	1		5.028218
1	4	5	0	0	0	15	7	2	8	51.78	1		5.028218
14	50	1	0	11	0	8	12	4	8	499.99	0		29.312214
14	51	2	0	0	18	16	8	4	3	38.83	0		16.321528


-------------------------------------------------------------------------------------------------------------------
Tour_Id:			5
No_of_Customers:		6
No_of_Items:			29
Customer_Sequence:		5 21 88 26 10 77 

CustId	Id	TypeId	Rotated	x	y	z	Length	Width	Height	mass	Fragility	LoadBearingStrength
77	299	4	0	0	0	0	16	7	7	378.62	0		12.461237
77	300	7	0	0	7	0	6	5	4	110.05	0		43.058696
10	36	4	0	0	12	0	16	7	7	378.62	0		12.461237
10	32	1	0	0	19	0	12	4	8	499.99	0		29.312214
10	33	1	0	0	0	7	12	4	8	499.99	0		29.312214
10	34	1	0	0	4	7	12	4	8	499.99	0		29.312214
10	35	2	0	0	7	4	8	4	3	38.83	0		16.321528
10	37	9	0	0	12	7	16	4	6	269.24	1		28.471688
26	100	8	0	0	0	15	13	7	8	319.85	0		6.213538
26	101	10	0	0	0	23	13	5	4	242.85	0		90.205989
26	97	7	0	0	19	8	6	5	4	110.05	0		43.058696
26	98	7	0	0	19	12	6	5	4	110.05	0		43.058696
26	99	7	0	0	19	16	6	5	4	110.05	0		43.058696
26	96	2	0	0	8	7	8	4	3	38.83	0		16.321528
88	347	1	0	8	8	0	12	4	8	499.99	0		29.312214
88	350	6	0	12	19	0	11	5	4	182.83	0		12.904187
88	351	6	0	12	19	4	11	5	4	182.83	0		12.904187
88	348	3	0	0	16	7	16	2	6	154.34	0		31.487443
88	349	3	0	0	16	13	16	2	6	154.34	0		31.487443
88	352	9	0	0	12	13	16	4	6	269.24	1		28.471688
21	77	8	0	16	0	0	13	7	8	319.85	0		6.213538
21	78	8	0	13	0	8	13	7	8	319.85	0		6.213538
21	76	3	0	0	16	19	16	2	6	154.34	0		31.487443
21	75	2	0	0	8	10	8	4	3	38.83	0		16.321528
21	79	9	0	0	12	19	16	4	6	269.24	1		28.471688
5	17	4	0	13	0	16	16	7	7	378.62	0		12.461237
5	18	8	0	16	12	0	13	7	8	319.85	0		6.213538
5	16	3	0	0	5	23	16	2	6	154.34	0		31.487443
5	19	9	0	6	18	8	16	4	6	269.24	1		28.471688


-------------------------------------------------------------------------------------------------------------------
Tour_Id:			6
No_of_Customers:		6
No_of_Items:			21
Customer_Sequence:		39 66 52 45 91 100 

CustId	Id	TypeId	Rotated	x	y	z	Length	Width	Height	mass	Fragility	LoadBearingStrength
100	399	4	0	0	0	0	16	7	7	378.62	0		12.461237
100	398	1	0	0	7	0	12	4	8	499.99	0		29.312214
100	400	9	0	0	11	0	16	4	6	269.24	1		28.471688
91	362	8	0	0	15	0	13	7	8	319.85	0		6.213538
91	358	1	0	0	0	7	12	4	8	499.99	0		29.312214
91	361	7	0	0	7	8	6	5	4	110.05	0		43.058696
91	359	2	0	0	15	8	8	4	3	38.83	0		16.321528
91	360	5	0	0	22	0	7	2	8	51.78	1		5.028218
45	173	8	0	13	15	0	13	7	8	319.85	0		6.213538
45	172	1	0	0	0	15	12	4	8	499.99	0		29.312214
52	196	1	0	8	15	8	12	4	8	499.99	0		29.312214
52	197	7	0	0	15	11	6	5	4	110.05	0		43.058696
52	198	9	0	0	0	23	16	4	6	269.24	1		28.471688
52	199	9	0	6	19	8	16	4	6	269.24	1		28.471688
66	253	8	0	16	0	0	13	7	8	319.85	0		6.213538
66	251	3	0	0	4	7	16	2	6	154.34	0		31.487443
66	252	5	0	0	12	6	7	2	8	51.78	1		5.028218
39	153	7	0	0	6	12	6	5	4	110.05	0		43.058696
39	154	7	0	0	6	16	6	5	4	110.05	0		43.058696
39	151	5	0	0	4	13	7	2	8	51.78	1		5.028218
39	152	5	0	0	12	14	7	2	8	51.78	1		5.028218


-------------------------------------------------------------------------------------------------------------------
Tour_Id:			7
No_of_Customers:		7
No_of_Items:			32
Customer_Sequence:		83 15 16 57 29 89 72 

CustId	Id	TypeId	Rotated	x	y	z	Length	Width	Height	mass	Fragility	LoadBearingStrength
72	274	8	0	0	0	0	13	7	8	319.85	0		6.213538
72	275	8	0	0	7	0	13	7	8	319.85	0		6.213538
72	273	7	0	0	14	0	6	5	4	110.05	0		43.058696
72	272	2	0	0	19	0	8	4	3	38.83	0		16.321528
72	276	9	0	0	0	8	16	4	6	269.24	1		28.471688
89	353	1	0	0	4	8	12	4	8	499.99	0		29.312214
89	355	10	0	0	8	8	13	5	4	242.85	0		90.205989
89	354	2	0	0	19	3	8	4	3	38.83	0		16.321528
29	114	6	0	0	8	12	11	5	4	182.83	0		12.904187
29	115	7	0	0	14	4	6	5	4	110.05	0		43.058696
29	112	2	0	0	19	6	8	4	3	38.83	0		16.321528
29	116	9	0	0	0	14	16	4	6	269.24	1		28.471688
29	117	9	0	0	4	16	16	4	6	269.24	1		28.471688
29	113	5	0	0	23	0	7	2	8	51.78	1		5.028218
57	218	4	0	13	8	0	16	7	7	378.62	0		12.461237
57	219	10	0	0	8	16	13	5	4	242.85	0		90.205989
16	61	6	0	0	8	20	11	5	4	182.83	0		12.904187
16	59	3	0	7	23	0	16	2	6	154.34	0		31.487443
16	57	2	0	0	13	8	8	4	3	38.83	0		16.321528
16	58	2	0	0	19	9	8	4	3	38.83	0		16.321528
16	60	5	0	0	17	8	7	2	8	51.78	1		5.028218
15	52	1	0	8	15	0	12	4	8	499.99	0		29.312214
15	55	6	0	0	8	24	11	5	4	182.83	0		12.904187
15	53	3	0	7	17	8	16	2	6	154.34	0		31.487443
15	54	3	0	7	23	6	16	2	6	154.34	0		31.487443
15	56	9	0	0	0	20	16	4	6	269.24	1		28.471688
83	326	4	0	13	8	7	16	7	7	378.62	0		12.461237
83	323	1	0	8	19	0	12	4	8	499.99	0		29.312214
83	327	6	0	13	8	14	11	5	4	182.83	0		12.904187
83	325	3	0	7	23	12	16	2	6	154.34	0		31.487443
83	328	7	0	0	19	12	6	5	4	110.05	0		43.058696
83	324	2	0	0	13	11	8	4	3	38.83	0		16.321528


-------------------------------------------------------------------------------------------------------------------
Tour_Id:			8
No_of_Customers:		6
No_of_Items:			27
Customer_Sequence:		75 68 54 51 13 47 

CustId	Id	TypeId	Rotated	x	y	z	Length	Width	Height	mass	Fragility	LoadBearingStrength
47	178	4	0	0	0	0	16	7	7	378.62	0		12.461237
47	179	8	0	0	7	0	13	7	8	319.85	0		6.213538
47	177	2	0	0	14	0	8	4	3	38.83	0		16.321528
13	49	8	0	0	18	0	13	7	8	319.85	0		6.213538
13	47	5	0	0	14	3	7	2	8	51.78	1		5.028218
13	48	5	0	0	16	3	7	2	8	51.78	1		5.028218
51	194	6	0	0	0	7	11	5	4	182.83	0		12.904187
51	192	3	0	0	5	7	16	2	6	154.34	0		31.487443
51	195	7	0	0	7	8	6	5	4	110.05	0		43.058696
51	193	5	0	0	12	8	7	2	8	51.78	1		5.028218
54	205	4	0	0	18	8	16	7	7	378.62	0		12.461237
54	207	8	0	0	18	15	13	7	8	319.85	0		6.213538
54	208	8	0	13	7	0	13	7	8	319.85	0		6.213538
54	204	1	0	0	0	11	12	4	8	499.99	0		29.312214
54	206	7	0	0	7	12	6	5	4	110.05	0		43.058696
54	209	9	0	0	0	19	16	4	6	269.24	1		28.471688
68	261	10	0	0	18	23	13	5	4	242.85	0		90.205989
68	258	6	0	6	7	8	11	5	4	182.83	0		12.904187
68	257	2	0	0	7	16	8	4	3	38.83	0		16.321528
68	259	9	0	8	14	0	16	4	6	269.24	1		28.471688
68	260	9	0	7	14	6	16	4	6	269.24	1		28.471688
75	288	1	0	8	7	12	12	4	8	499.99	0		29.312214
75	289	1	0	8	7	20	12	4	8	499.99	0		29.312214
75	293	6	0	16	0	0	11	5	4	182.83	0		12.904187
75	290	2	0	0	7	19	8	4	3	38.83	0		16.321528
75	291	5	0	0	5	13	7	2	8	51.78	1		5.028218
75	292	5	0	0	11	16	7	2	8	51.78	1		5.028218


-------------------------------------------------------------------------------------------------------------------
Tour_Id:			9
No_of_Customers:		7
No_of_Items:			27
Customer_Sequence:		6 20 2 71 38 41 17 

CustId	Id	TypeId	Rotated	x	y	z	Length	Width	Height	mass	Fragility	LoadBearingStrength
17	62	1	0	0	0	0	12	4	8	499.99	0		29.312214
17	65	10	0	0	4	0	13	5	4	242.85	0		90.205989
17	63	2	0	0	9	0	8	4	3	38.83	0		16.321528
17	64	5	0	0	13	0	7	2	8	51.78	1		5.028218
41	160	4	0	0	15	0	16	7	7	378.62	0		12.461237
41	162	6	0	0	4	4	11	5	4	182.83	0		12.904187
41	158	3	0	0	22	0	16	2	6	154.34	0		31.487443
41	159	3	0	0	22	6	16	2	6	154.34	0		31.487443
41	157	2	0	0	9	3	8	4	3	38.83	0		16.321528
41	161	5	0	0	9	6	7	2	8	51.78	1		5.028218
38	148	6	0	0	15	7	11	5	4	182.83	0		12.904187
38	149	6	0	0	0	8	11	5	4	182.83	0		12.904187
38	150	7	0	0	15	11	6	5	4	110.05	0		43.058696
38	146	2	0	0	5	8	8	4	3	38.83	0		16.321528
38	147	5	0	0	11	6	7	2	8	51.78	1		5.028218
71	270	1	0	0	0	12	12	4	8	499.99	0		29.312214
71	271	3	0	0	20	7	16	2	6	154.34	0		31.487443
2	8	8	0	13	0	0	13	7	8	319.85	0		6.213538
2	5	1	0	0	0	20	12	4	8	499.99	0		29.312214
2	6	1	0	8	9	0	12	4	8	499.99	0		29.312214
2	7	5	0	0	13	8	7	2	8	51.78	1		5.028218
20	74	10	0	12	0	8	13	5	4	242.85	0		90.205989
20	73	6	0	8	9	8	11	5	4	182.83	0		12.904187
20	72	3	0	0	22	12	16	2	6	154.34	0		31.487443
6	21	8	0	16	14	0	13	7	8	319.85	0		6.213538
6	20	1	0	7	9	12	12	4	8	499.99	0		29.312214
6	22	9	0	7	9	20	16	4	6	269.24	1		28.471688


-------------------------------------------------------------------------------------------------------------------
Tour_Id:			10
No_of_Customers:		5
No_of_Items:			23
Customer_Sequence:		97 22 4 60 99 

CustId	Id	TypeId	Rotated	x	y	z	Length	Width	Height	mass	Fragility	LoadBearingStrength
99	392	1	0	0	0	0	12	4	8	499.99	0		29.312214
99	393	1	0	0	4	0	12	4	8	499.99	0		29.312214
99	397	10	0	0	8	0	13	5	4	242.85	0		90.205989
99	395	6	0	0	13	0	11	5	4	182.83	0		12.904187
99	396	7	0	0	18	0	6	5	4	110.05	0		43.058696
99	394	5	0	0	23	0	7	2	8	51.78	1		5.028218
60	228	8	0	0	8	4	13	7	8	319.85	0		6.213538
60	230	10	0	0	0	8	13	5	4	242.85	0		90.205989
60	226	6	0	0	15	4	11	5	4	182.83	0		12.904187
60	227	7	0	0	15	8	6	5	4	110.05	0		43.058696
60	225	2	0	0	0	12	8	4	3	38.83	0		16.321528
60	229	9	1	0	4	12	16	4	6	269.24	1		28.471688
4	14	6	0	11	15	0	11	5	4	182.83	0		12.904187
4	15	9	1	0	0	18	16	4	6	269.24	1		28.471688
22	81	4	0	13	0	0	16	7	7	378.62	0		12.461237
22	80	1	1	8	0	12	12	4	8	499.99	0		29.312214
22	83	10	0	7	20	0	13	5	4	242.85	0		90.205989
22	82	5	0	0	20	4	7	2	8	51.78	1		5.028218
97	384	4	0	13	7	0	16	7	7	378.62	0		12.461237
97	382	1	0	7	20	4	12	4	8	499.99	0		29.312214
97	386	10	0	11	15	4	13	5	4	242.85	0		90.205989
97	385	6	0	6	15	8	11	5	4	182.83	0		12.904187
97	383	3	0	4	15	12	16	2	6	154.34	0		31.487443


-------------------------------------------------------------------------------------------------------------------
Tour_Id:			11
No_of_Customers:		5
No_of_Items:			24
Customer_Sequence:		23 64 8 49 28 

CustId	Id	TypeId	Rotated	x	y	z	Length	Width	Height	mass	Fragility	LoadBearingStrength
28	106	1	0	0	0	0	12	4	8	499.99	0		29.312214
28	107	1	0	0	4	0	12	4	8	499.99	0		29.312214
28	108	2	0	0	8	0	8	4	3	38.83	0		16.321528
28	109	2	0	0	12	0	8	4	3	38.83	0		16.321528
28	110	9	0	0	16	0	16	4	6	269.24	1		28.471688
28	111	9	0	0	20	0	16	4	6	269.24	1		28.471688
49	185	1	0	0	0	8	12	4	8	499.99	0		29.312214
49	189	10	0	8	8	0	13	5	4	242.85	0		90.205989
49	187	7	0	0	8	3	6	5	4	110.05	0		43.058696
49	186	2	0	0	8	7	8	4	3	38.83	0		16.321528
49	188	9	0	0	16	6	16	4	6	269.24	1		28.471688
8	28	8	0	12	0	0	13	7	8	319.85	0		6.213538
8	29	10	0	8	8	4	13	5	4	242.85	0		90.205989
8	26	6	0	0	0	16	11	5	4	182.83	0		12.904187
8	27	7	0	0	8	10	6	5	4	110.05	0		43.058696
64	247	8	0	8	5	8	13	7	8	319.85	0		6.213538
64	246	3	0	8	13	0	16	2	6	154.34	0		31.487443
64	245	2	0	0	8	14	8	4	3	38.83	0		16.321528
23	86	4	0	8	5	16	16	7	7	378.62	0		12.461237
23	89	8	0	16	15	0	13	7	8	319.85	0		6.213538
23	84	1	0	0	0	20	12	4	8	499.99	0		29.312214
23	85	2	0	0	8	17	8	4	3	38.83	0		16.321528
23	87	5	0	0	20	6	7	2	8	51.78	1		5.028218
23	88	5	0	0	22	6	7	2	8	51.78	1		5.028218


-------------------------------------------------------------------------------------------------------------------
Tour_Id:			12
No_of_Customers:		8
No_of_Items:			28
Customer_Sequence:		84 19 9 85 30 92 27 11 

CustId	Id	TypeId	Rotated	x	y	z	Length	Width	Height	mass	Fragility	LoadBearingStrength
11	41	4	0	0	0	0	16	7	7	378.62	0		12.461237
11	42	8	0	0	7	0	13	7	8	319.85	0		6.213538
11	38	1	0	0	14	0	12	4	8	499.99	0		29.312214
11	40	3	0	0	18	0	16	2	6	154.34	0		31.487443
11	39	2	0	0	20	0	8	4	3	38.83	0		16.321528
11	43	9	0	0	0	7	16	4	6	269.24	1		28.471688
27	102	1	0	0	7	8	12	4	8	499.99	0		29.312214
27	105	10	0	0	11	8	13	5	4	242.85	0		90.205989
27	103	2	0	0	20	3	8	4	3	38.83	0		16.321528
27	104	5	0	0	18	6	7	2	8	51.78	1		5.028218
92	364	6	0	0	11	12	11	5	4	182.83	0		12.904187
92	365	6	0	0	7	16	11	5	4	182.83	0		12.904187
92	363	3	0	0	4	7	16	2	6	154.34	0		31.487443
92	366	9	0	0	0	13	16	4	6	269.24	1		28.471688
30	118	1	0	0	12	16	12	4	8	499.99	0		29.312214
30	119	2	0	0	20	6	8	4	3	38.83	0		16.321528
30	120	2	0	0	20	9	8	4	3	38.83	0		16.321528
85	334	10	0	0	7	20	13	5	4	242.85	0		90.205989
85	331	2	0	0	20	12	8	4	3	38.83	0		16.321528
85	333	9	0	0	0	19	16	4	6	269.24	1		28.471688
85	332	5	0	0	16	8	7	2	8	51.78	1		5.028218
9	30	4	0	13	7	0	16	7	7	378.62	0		12.461237
9	31	5	0	0	4	13	7	2	8	51.78	1		5.028218
19	69	4	0	13	6	7	16	7	7	378.62	0		12.461237
19	70	9	0	0	7	24	16	4	6	269.24	1		28.471688
19	71	9	0	0	11	24	16	4	6	269.24	1		28.471688
84	329	4	0	16	14	0	16	7	7	378.62	0		12.461237
84	330	6	0	16	0	0	11	5	4	182.83	0		12.904187


-------------------------------------------------------------------------------------------------------------------
Tour_Id:			13
No_of_Customers:		6
No_of_Items:			24
Customer_Sequence:		56 34 87 50 46 36 

CustId	Id	TypeId	Rotated	x	y	z	Length	Width	Height	mass	Fragility	LoadBearingStrength
36	141	8	0	0	0	0	13	7	8	319.85	0		6.213538
36	140	6	0	0	7	0	11	5	4	182.83	0		12.904187
36	139	5	0	0	12	0	7	2	8	51.78	1		5.028218
46	174	2	0	0	14	0	8	4	3	38.83	0		16.321528
46	175	2	0	0	18	0	8	4	3	38.83	0		16.321528
46	176	9	0	0	0	8	16	4	6	269.24	1		28.471688
50	190	4	0	8	12	0	16	7	7	378.62	0		12.461237
50	191	10	0	0	7	4	13	5	4	242.85	0		90.205989
87	344	4	0	0	4	8	16	7	7	378.62	0		12.461237
87	345	4	0	0	4	15	16	7	7	378.62	0		12.461237
87	341	1	0	0	4	22	12	4	8	499.99	0		29.312214
87	342	1	0	0	8	22	12	4	8	499.99	0		29.312214
87	346	10	0	8	19	0	13	5	4	242.85	0		90.205989
87	343	3	0	7	12	7	16	2	6	154.34	0		31.487443
34	132	6	0	7	14	7	11	5	4	182.83	0		12.904187
34	129	2	0	7	14	11	8	4	3	38.83	0		16.321528
34	130	2	0	7	14	14	8	4	3	38.83	0		16.321528
34	133	9	0	0	0	14	16	4	6	269.24	1		28.471688
34	134	9	0	0	0	20	16	4	6	269.24	1		28.471688
34	131	5	0	7	12	13	7	2	8	51.78	1		5.028218
56	215	8	0	16	0	0	13	7	8	319.85	0		6.213538
56	217	10	0	8	19	4	13	5	4	242.85	0		90.205989
56	214	2	0	7	14	17	8	4	3	38.83	0		16.321528
56	216	9	0	8	19	8	16	4	6	269.24	1		28.471688


-------------------------------------------------------------------------------------------------------------------
Tour_Id:			14
No_of_Customers:		8
No_of_Items:			33
Customer_Sequence:		74 86 53 79 7 62 67 59 

CustId	Id	TypeId	Rotated	x	y	z	Length	Width	Height	mass	Fragility	LoadBearingStrength
59	222	8	0	0	0	0	13	7	8	319.85	0		6.213538
59	223	10	0	0	7	0	13	5	4	242.85	0		90.205989
59	224	10	0	0	12	0	13	5	4	242.85	0		90.205989
67	256	8	0	0	17	0	13	7	8	319.85	0		6.213538
67	254	1	0	0	7	4	12	4	8	499.99	0		29.312214
67	255	3	0	0	11	4	16	2	6	154.34	0		31.487443
62	239	10	0	0	0	8	13	5	4	242.85	0		90.205989
62	236	6	0	0	17	8	11	5	4	182.83	0		12.904187
62	237	7	0	0	0	12	6	5	4	110.05	0		43.058696
62	238	9	0	0	13	4	16	4	6	269.24	1		28.471688
7	24	8	0	13	0	0	13	7	8	319.85	0		6.213538
7	23	3	0	0	5	8	16	2	6	154.34	0		31.487443
7	25	9	0	0	11	10	16	4	6	269.24	1		28.471688
79	305	1	0	0	7	12	12	4	8	499.99	0		29.312214
79	306	3	0	0	22	8	16	2	6	154.34	0		31.487443
79	307	3	0	0	5	14	16	2	6	154.34	0		31.487443
79	309	7	0	0	17	12	6	5	4	110.05	0		43.058696
79	308	5	0	0	15	10	7	2	8	51.78	1		5.028218
53	201	8	0	0	5	20	13	7	8	319.85	0		6.213538
53	203	10	0	13	17	0	13	5	4	242.85	0		90.205989
53	200	2	0	0	0	16	8	4	3	38.83	0		16.321528
53	202	9	0	13	7	0	16	4	6	269.24	1		28.471688
86	335	4	0	26	0	0	16	7	7	378.62	0		12.461237
86	336	8	0	16	0	8	13	7	8	319.85	0		6.213538
86	337	8	0	16	0	16	13	7	8	319.85	0		6.213538
86	338	9	0	13	17	4	16	4	6	269.24	1		28.471688
86	339	9	0	13	7	6	16	4	6	269.24	1		28.471688
86	340	9	0	11	17	10	16	4	6	269.24	1		28.471688
74	287	8	0	29	7	0	13	7	8	319.85	0		6.213538
74	284	3	0	0	22	14	16	2	6	154.34	0		31.487443
74	285	3	0	0	22	20	16	2	6	154.34	0		31.487443
74	286	7	0	0	17	16	6	5	4	110.05	0		43.058696
74	283	2	0	0	17	20	8	4	3	38.83	0		16.321528


-------------------------------------------------------------------------------------------------------------------
Tour_Id:			15
No_of_Customers:		7
No_of_Items:			26
Customer_Sequence:		63 31 12 61 81 25 58 

CustId	Id	TypeId	Rotated	x	y	z	Length	Width	Height	mass	Fragility	LoadBearingStrength
58	221	4	0	0	0	0	16	7	7	378.62	0		12.461237
58	220	2	0	0	7	0	8	4	3	38.83	0		16.321528
25	93	4	0	0	11	0	16	7	7	378.62	0		12.461237
25	95	10	0	0	18	0	13	5	4	242.85	0		90.205989
25	94	6	0	0	18	4	11	5	4	182.83	0		12.904187
81	315	4	0	0	0	7	16	7	7	378.62	0		12.461237
81	316	4	0	0	11	7	16	7	7	378.62	0		12.461237
81	319	8	0	0	0	14	13	7	8	319.85	0		6.213538
81	318	7	0	0	18	8	6	5	4	110.05	0		43.058696
81	317	5	0	0	23	0	7	2	8	51.78	1		5.028218
61	231	1	0	0	11	14	12	4	8	499.99	0		29.312214
61	235	10	0	0	0	22	13	5	4	242.85	0		90.205989
61	232	2	0	0	7	3	8	4	3	38.83	0		16.321528
61	233	9	0	0	15	14	16	4	6	269.24	1		28.471688
61	234	9	0	0	15	20	16	4	6	269.24	1		28.471688
12	44	1	0	0	11	22	12	4	8	499.99	0		29.312214
12	46	6	0	0	0	26	11	5	4	182.83	0		12.904187
12	45	2	0	0	7	6	8	4	3	38.83	0		16.321528
31	121	2	0	0	7	9	8	4	3	38.83	0		16.321528
31	123	9	0	8	7	0	16	4	6	269.24	1		28.471688
31	122	5	0	0	23	8	7	2	8	51.78	1		5.028218
63	240	1	0	16	0	0	12	4	8	499.99	0		29.312214
63	241	3	0	0	5	22	16	2	6	154.34	0		31.487443
63	244	7	0	16	11	0	6	5	4	110.05	0		43.058696
63	242	5	0	0	7	12	7	2	8	51.78	1		5.028218
63	243	5	0	0	9	12	7	2	8	51.78	1		5.028218


