Name:				534_n100_m400_bt10
Problem:			3L-VRPTW
Number_of_used_Vehicles:	15
Total_Travel_Distance:		1431.01
Calculation_Time:		344.42
Total_Iterations:		14782
ConstraintSet:			P1

-------------------------------------------------------------------------------------------------------------------
Tour_Id:			1
No_of_Customers:		9
No_of_Items:			33
Customer_Sequence:		62 43 34 4 89 35 38 81 54 

CustId	Id	TypeId	Rotated	x	y	z	Length	Width	Height	mass	Fragility	LoadBearingStrength
54	221	9	0	0	0	0	14	5	7	398.79	0		18.185805
54	218	1	0	0	5	0	15	4	8	266.89	0		22.792522
54	220	8	0	0	9	0	9	2	4	28.67	0		12.843699
54	219	7	0	0	11	0	13	6	6	450.29	1		10.733549
81	325	10	0	0	17	0	16	5	6	290.45	0		39.621096
81	326	10	0	0	17	6	16	5	6	290.45	0		39.621096
81	324	7	0	0	11	6	13	6	6	450.29	1		10.733549
81	323	5	0	0	0	7	9	4	3	91.42	1		5.836377
38	155	10	0	0	4	8	16	5	6	290.45	0		39.621096
38	151	3	0	0	22	0	15	3	6	201.03	0		73.899431
38	153	6	0	0	22	6	7	3	7	115.28	0		13.893937
38	154	7	0	0	11	12	13	6	6	450.29	1		10.733549
38	152	5	0	0	0	10	9	4	3	91.42	1		5.836377
35	141	9	0	0	17	12	14	5	7	398.79	0		18.185805
35	142	9	0	0	4	14	14	5	7	398.79	0		18.185805
35	140	6	0	0	22	13	7	3	7	115.28	0		13.893937
89	351	9	0	0	17	19	14	5	7	398.79	0		18.185805
89	350	5	0	0	0	13	9	4	3	91.42	1		5.836377
4	14	10	0	0	4	21	16	5	6	290.45	0		39.621096
4	11	6	0	0	22	20	7	3	7	115.28	0		13.893937
4	12	6	0	7	22	6	7	3	7	115.28	0		13.893937
4	13	7	0	0	11	18	13	6	6	450.29	1		10.733549
4	10	5	0	0	0	16	9	4	3	91.42	1		5.836377
34	139	10	0	13	9	0	16	5	6	290.45	0		39.621096
34	138	7	0	0	11	24	13	6	6	450.29	1		10.733549
43	172	1	0	13	9	6	15	4	8	266.89	0		22.792522
43	173	3	0	13	14	0	15	3	6	201.03	0		73.899431
43	176	8	0	0	17	26	9	2	4	28.67	0		12.843699
43	174	5	0	0	0	19	9	4	3	91.42	1		5.836377
43	175	5	0	0	0	22	9	4	3	91.42	1		5.836377
62	253	10	0	13	9	14	16	5	6	290.45	0		39.621096
62	254	10	0	13	9	20	16	5	6	290.45	0		39.621096
62	252	7	0	16	17	0	13	6	6	450.29	1		10.733549


-------------------------------------------------------------------------------------------------------------------
Tour_Id:			2
No_of_Customers:		9
No_of_Items:			34
Customer_Sequence:		63 24 30 65 46 57 47 93 55 

CustId	Id	TypeId	Rotated	x	y	z	Length	Width	Height	mass	Fragility	LoadBearingStrength
55	225	4	0	0	0	0	15	7	5	587.02	0		28.930026
55	222	2	0	0	7	0	15	5	6	211.58	0		49.944301
55	223	3	0	0	12	0	15	3	6	201.03	0		73.899431
55	224	3	0	0	15	0	15	3	6	201.03	0		73.899431
55	226	8	0	0	18	0	9	2	4	28.67	0		12.843699
93	373	10	0	0	20	0	16	5	6	290.45	0		39.621096
93	369	2	0	0	0	5	15	5	6	211.58	0		49.944301
93	370	3	0	0	7	6	15	3	6	201.03	0		73.899431
93	371	3	0	0	10	6	15	3	6	201.03	0		73.899431
93	372	7	0	0	13	6	13	6	6	450.29	1		10.733549
47	191	9	0	0	19	6	14	5	7	398.79	0		18.185805
47	189	3	0	0	0	11	15	3	6	201.03	0		73.899431
47	190	6	0	0	7	12	7	3	7	115.28	0		13.893937
57	233	8	0	0	5	5	9	2	4	28.67	0		12.843699
57	232	7	0	0	10	12	13	6	6	450.29	1		10.733549
57	231	5	0	0	19	13	9	4	3	91.42	1		5.836377
46	188	9	0	15	0	0	14	5	7	398.79	0		18.185805
46	187	6	0	0	0	17	7	3	7	115.28	0		13.893937
65	262	4	0	15	5	0	15	7	5	587.02	0		28.930026
65	261	1	0	15	12	0	15	4	8	266.89	0		22.792522
65	264	6	0	0	7	19	7	3	7	115.28	0		13.893937
65	263	5	0	0	19	16	9	4	3	91.42	1		5.836377
30	117	1	0	15	16	0	15	4	8	266.89	0		22.792522
30	118	2	0	15	5	5	15	5	6	211.58	0		49.944301
30	119	6	0	7	7	12	7	3	7	115.28	0		13.893937
24	94	4	0	15	12	8	15	7	5	587.02	0		28.930026
24	96	9	0	15	0	7	14	5	7	398.79	0		18.185805
24	92	1	0	15	5	11	15	4	8	266.89	0		22.792522
24	93	3	0	7	7	19	15	3	6	201.03	0		73.899431
24	95	6	0	7	0	17	7	3	7	115.28	0		13.893937
63	255	4	0	13	12	13	15	7	5	587.02	0		28.930026
63	256	4	0	13	12	18	15	7	5	587.02	0		28.930026
63	258	8	0	0	0	24	9	2	4	28.67	0		12.843699
63	257	7	0	0	10	18	13	6	6	450.29	1		10.733549


-------------------------------------------------------------------------------------------------------------------
Tour_Id:			3
No_of_Customers:		9
No_of_Items:			35
Customer_Sequence:		70 56 76 91 17 11 31 3 100 

CustId	Id	TypeId	Rotated	x	y	z	Length	Width	Height	mass	Fragility	LoadBearingStrength
100	398	4	0	0	0	0	15	7	5	587.02	0		28.930026
100	400	9	0	0	7	0	14	5	7	398.79	0		18.185805
100	399	7	0	0	12	0	13	6	6	450.29	1		10.733549
3	7	6	0	0	18	0	7	3	7	115.28	0		13.893937
3	8	6	0	0	21	0	7	3	7	115.28	0		13.893937
3	9	6	0	0	0	5	7	3	7	115.28	0		13.893937
31	123	4	0	7	18	0	15	7	5	587.02	0		28.930026
31	120	1	0	0	3	5	15	4	8	266.89	0		22.792522
31	121	1	0	0	7	7	15	4	8	266.89	0		22.792522
31	122	3	0	0	3	13	15	3	6	201.03	0		73.899431
31	124	7	0	0	12	6	13	6	6	450.29	1		10.733549
31	125	7	0	0	11	12	13	6	6	450.29	1		10.733549
11	39	4	0	7	18	5	15	7	5	587.02	0		28.930026
11	40	8	0	0	0	12	9	2	4	28.67	0		12.843699
11	41	8	0	0	7	15	9	2	4	28.67	0		12.843699
17	66	4	0	7	18	10	15	7	5	587.02	0		28.930026
17	68	10	0	7	18	15	16	5	6	290.45	0		39.621096
17	67	8	0	0	9	15	9	2	4	28.67	0		12.843699
91	361	9	0	7	18	21	14	5	7	398.79	0		18.185805
91	362	10	0	13	12	0	16	5	6	290.45	0		39.621096
91	358	3	0	0	3	19	15	3	6	201.03	0		73.899431
91	360	8	0	0	0	16	9	2	4	28.67	0		12.843699
91	359	5	0	0	11	18	9	4	3	91.42	1		5.836377
76	306	1	0	13	12	6	15	4	8	266.89	0		22.792522
76	307	6	0	0	7	19	7	3	7	115.28	0		13.893937
56	227	4	0	15	0	0	15	7	5	587.02	0		28.930026
56	229	9	0	13	11	14	14	5	7	398.79	0		18.185805
56	230	10	0	9	11	21	16	5	6	290.45	0		39.621096
56	228	8	0	0	0	20	9	2	4	28.67	0		12.843699
70	283	9	0	15	0	5	14	5	7	398.79	0		18.185805
70	284	9	0	15	0	12	14	5	7	398.79	0		18.185805
70	285	10	0	15	0	19	16	5	6	290.45	0		39.621096
70	280	2	0	23	17	0	15	5	6	211.58	0		49.944301
70	281	3	0	15	7	0	15	3	6	201.03	0		73.899431
70	282	6	0	9	7	15	7	3	7	115.28	0		13.893937


-------------------------------------------------------------------------------------------------------------------
Tour_Id:			4
No_of_Customers:		6
No_of_Items:			25
Customer_Sequence:		95 16 59 7 73 85 

CustId	Id	TypeId	Rotated	x	y	z	Length	Width	Height	mass	Fragility	LoadBearingStrength
85	337	2	0	0	0	0	15	5	6	211.58	0		49.944301
85	338	6	0	0	5	0	7	3	7	115.28	0		13.893937
73	297	9	0	0	8	0	14	5	7	398.79	0		18.185805
73	294	1	0	0	13	0	15	4	8	266.89	0		22.792522
73	295	2	0	0	17	0	15	5	6	211.58	0		49.944301
73	296	3	0	0	22	0	15	3	6	201.03	0		73.899431
7	23	2	0	0	0	6	15	5	6	211.58	0		49.944301
7	24	3	0	0	17	6	15	3	6	201.03	0		73.899431
7	25	8	0	0	20	6	9	2	4	28.67	0		12.843699
7	26	8	0	0	22	6	9	2	4	28.67	0		12.843699
59	242	9	0	0	8	7	14	5	7	398.79	0		18.185805
59	238	2	0	0	0	12	15	5	6	211.58	0		49.944301
59	239	3	0	0	13	8	15	3	6	201.03	0		73.899431
59	240	3	0	0	17	12	15	3	6	201.03	0		73.899431
59	241	8	0	0	5	7	9	2	4	28.67	0		12.843699
16	65	10	0	0	8	14	16	5	6	290.45	0		39.621096
16	60	2	0	0	0	18	15	5	6	211.58	0		49.944301
16	61	3	0	0	13	14	15	3	6	201.03	0		73.899431
16	62	3	0	0	17	18	15	3	6	201.03	0		73.899431
16	64	6	0	0	20	10	7	3	7	115.28	0		13.893937
16	63	5	0	0	8	20	9	4	3	91.42	1		5.836377
95	377	1	0	0	12	20	15	4	8	266.89	0		22.792522
95	379	6	0	0	20	17	7	3	7	115.28	0		13.893937
95	380	7	0	0	0	24	13	6	6	450.29	1		10.733549
95	378	5	0	0	8	23	9	4	3	91.42	1		5.836377


-------------------------------------------------------------------------------------------------------------------
Tour_Id:			5
No_of_Customers:		8
No_of_Items:			25
Customer_Sequence:		49 15 82 26 6 78 97 18 

CustId	Id	TypeId	Rotated	x	y	z	Length	Width	Height	mass	Fragility	LoadBearingStrength
18	70	7	0	0	0	0	13	6	6	450.29	1		10.733549
18	69	5	0	0	6	0	9	4	3	91.42	1		5.836377
97	388	9	0	0	10	0	14	5	7	398.79	0		18.185805
97	387	1	0	0	15	0	15	4	8	266.89	0		22.792522
78	312	9	0	0	19	0	14	5	7	398.79	0		18.185805
78	311	7	0	0	0	6	13	6	6	450.29	1		10.733549
6	20	2	0	0	10	7	15	5	6	211.58	0		49.944301
6	22	8	0	0	19	7	9	2	4	28.67	0		12.843699
6	21	7	0	0	0	12	13	6	6	450.29	1		10.733549
26	100	1	0	0	15	8	15	4	8	266.89	0		22.792522
26	101	3	0	0	21	7	15	3	6	201.03	0		73.899431
26	103	8	0	0	19	11	9	2	4	28.67	0		12.843699
26	102	7	0	0	0	18	13	6	6	450.29	1		10.733549
82	329	4	0	13	0	0	15	7	5	587.02	0		28.930026
82	327	2	0	0	10	13	15	5	6	211.58	0		49.944301
82	328	3	0	0	21	13	15	3	6	201.03	0		73.899431
15	57	4	0	13	0	5	15	7	5	587.02	0		28.930026
15	58	10	0	0	15	16	16	5	6	290.45	0		39.621096
15	59	10	0	0	10	19	16	5	6	290.45	0		39.621096
15	55	1	0	0	20	19	15	4	8	266.89	0		22.792522
15	56	2	0	0	15	22	15	5	6	211.58	0		49.944301
49	196	4	0	13	0	10	15	7	5	587.02	0		28.930026
49	199	10	0	13	0	15	16	5	6	290.45	0		39.621096
49	198	7	0	0	0	24	13	6	6	450.29	1		10.733549
49	197	5	0	0	10	25	9	4	3	91.42	1		5.836377


-------------------------------------------------------------------------------------------------------------------
Tour_Id:			6
No_of_Customers:		10
No_of_Items:			42
Customer_Sequence:		90 14 75 42 84 21 60 77 50 40 

CustId	Id	TypeId	Rotated	x	y	z	Length	Width	Height	mass	Fragility	LoadBearingStrength
40	161	6	0	0	0	0	7	3	7	115.28	0		13.893937
40	163	8	0	0	3	0	9	2	4	28.67	0		12.843699
40	162	7	0	0	5	0	13	6	6	450.29	1		10.733549
50	205	9	0	0	11	0	14	5	7	398.79	0		18.185805
50	201	6	0	0	16	0	7	3	7	115.28	0		13.893937
50	202	6	0	0	19	0	7	3	7	115.28	0		13.893937
50	203	6	0	0	22	0	7	3	7	115.28	0		13.893937
50	204	7	0	0	5	6	13	6	6	450.29	1		10.733549
50	200	5	0	0	11	7	9	4	3	91.42	1		5.836377
77	308	2	0	7	16	0	15	5	6	211.58	0		49.944301
77	309	3	0	7	0	0	15	3	6	201.03	0		73.899431
77	310	3	0	7	21	0	15	3	6	201.03	0		73.899431
60	243	4	0	7	16	6	15	7	5	587.02	0		28.930026
60	245	10	0	7	16	11	16	5	6	290.45	0		39.621096
60	244	6	0	0	0	7	7	3	7	115.28	0		13.893937
21	83	10	0	7	16	17	16	5	6	290.45	0		39.621096
21	80	1	0	7	0	6	15	4	8	266.89	0		22.792522
21	82	8	0	0	0	14	9	2	4	28.67	0		12.843699
21	81	7	0	0	4	12	13	6	6	450.29	1		10.733549
84	335	1	0	9	0	14	15	4	8	266.89	0		22.792522
84	336	5	0	0	11	10	9	4	3	91.42	1		5.836377
42	167	4	0	13	4	0	15	7	5	587.02	0		28.930026
42	170	10	0	7	16	23	16	5	6	290.45	0		39.621096
42	171	10	0	9	0	22	16	5	6	290.45	0		39.621096
42	169	8	0	7	21	11	9	2	4	28.67	0		12.843699
42	168	5	0	0	10	13	9	4	3	91.42	1		5.836377
75	304	4	0	23	11	0	15	7	5	587.02	0		28.930026
75	301	1	0	13	5	5	15	4	8	266.89	0		22.792522
75	302	3	0	13	5	13	15	3	6	201.03	0		73.899431
75	303	3	0	13	5	19	15	3	6	201.03	0		73.899431
75	305	6	0	14	11	0	7	3	7	115.28	0		13.893937
14	53	10	0	23	18	0	16	5	6	290.45	0		39.621096
14	54	10	0	21	11	5	16	5	6	290.45	0		39.621096
14	50	3	0	21	11	11	15	3	6	201.03	0		73.899431
14	51	6	0	9	11	7	7	3	7	115.28	0		13.893937
14	52	7	0	23	18	6	13	6	6	450.29	1		10.733549
90	354	4	0	28	0	0	15	7	5	587.02	0		28.930026
90	352	1	0	21	11	17	15	4	8	266.89	0		22.792522
90	353	3	0	25	0	5	15	3	6	201.03	0		73.899431
90	356	6	0	25	0	11	7	3	7	115.28	0		13.893937
90	357	6	0	25	0	18	7	3	7	115.28	0		13.893937
90	355	5	0	13	5	25	9	4	3	91.42	1		5.836377


-------------------------------------------------------------------------------------------------------------------
Tour_Id:			7
No_of_Customers:		7
No_of_Items:			28
Customer_Sequence:		28 94 64 52 10 33 92 

CustId	Id	TypeId	Rotated	x	y	z	Length	Width	Height	mass	Fragility	LoadBearingStrength
92	366	9	0	0	0	0	14	5	7	398.79	0		18.185805
92	367	10	0	0	5	0	16	5	6	290.45	0		39.621096
92	368	10	0	0	10	0	16	5	6	290.45	0		39.621096
92	363	2	0	0	15	0	15	5	6	211.58	0		49.944301
92	364	6	0	0	20	0	7	3	7	115.28	0		13.893937
92	365	7	0	0	5	6	13	6	6	450.29	1		10.733549
33	134	4	0	0	11	6	15	7	5	587.02	0		28.930026
33	135	9	0	0	0	7	14	5	7	398.79	0		18.185805
33	136	10	0	0	11	11	16	5	6	290.45	0		39.621096
33	137	10	0	0	0	14	16	5	6	290.45	0		39.621096
33	132	2	0	0	11	17	15	5	6	211.58	0		49.944301
33	133	2	0	0	0	20	15	5	6	211.58	0		49.944301
10	36	1	0	7	20	0	15	4	8	266.89	0		22.792522
10	37	1	0	7	20	8	15	4	8	266.89	0		22.792522
10	38	8	0	0	18	6	9	2	4	28.67	0		12.843699
52	214	9	0	0	11	23	14	5	7	398.79	0		18.185805
52	215	10	0	7	20	16	16	5	6	290.45	0		39.621096
52	212	1	0	7	20	22	15	4	8	266.89	0		22.792522
52	213	6	0	16	0	0	7	3	7	115.28	0		13.893937
64	260	6	0	16	3	0	7	3	7	115.28	0		13.893937
64	259	5	0	0	5	12	9	4	3	91.42	1		5.836377
94	376	10	0	16	6	0	16	5	6	290.45	0		39.621096
94	374	3	0	16	11	0	15	3	6	201.03	0		73.899431
94	375	7	0	16	14	0	13	6	6	450.29	1		10.733549
28	112	9	0	13	6	6	14	5	7	398.79	0		18.185805
28	113	10	0	9	6	13	16	5	6	290.45	0		39.621096
28	110	3	0	9	6	19	15	3	6	201.03	0		73.899431
28	111	6	0	16	11	6	7	3	7	115.28	0		13.893937


-------------------------------------------------------------------------------------------------------------------
Tour_Id:			8
No_of_Customers:		7
No_of_Items:			23
Customer_Sequence:		61 2 74 37 48 41 72 

CustId	Id	TypeId	Rotated	x	y	z	Length	Width	Height	mass	Fragility	LoadBearingStrength
72	292	2	0	0	0	0	15	5	6	211.58	0		49.944301
72	293	5	0	0	5	0	9	4	3	91.42	1		5.836377
41	165	4	0	0	9	0	15	7	5	587.02	0		28.930026
41	166	10	0	0	16	0	16	5	6	290.45	0		39.621096
41	164	2	0	0	9	5	15	5	6	211.58	0		49.944301
48	193	8	0	0	21	0	9	2	4	28.67	0		12.843699
48	194	8	0	0	23	0	9	2	4	28.67	0		12.843699
48	195	8	0	0	21	4	9	2	4	28.67	0		12.843699
48	192	5	0	0	5	3	9	4	3	91.42	1		5.836377
37	150	10	0	0	0	6	16	5	6	290.45	0		39.621096
37	148	5	0	0	5	6	9	4	3	91.42	1		5.836377
37	149	5	0	0	16	6	9	4	3	91.42	1		5.836377
74	298	1	0	0	9	11	15	4	8	266.89	0		22.792522
74	299	2	0	0	0	12	15	5	6	211.58	0		49.944301
74	300	3	0	0	0	18	15	3	6	201.03	0		73.899431
2	5	9	0	0	9	19	14	5	7	398.79	0		18.185805
2	6	10	0	15	5	0	16	5	6	290.45	0		39.621096
61	251	9	0	15	10	0	14	5	7	398.79	0		18.185805
61	246	2	0	15	5	6	15	5	6	211.58	0		49.944301
61	247	3	0	0	0	24	15	3	6	201.03	0		73.899431
61	249	8	0	0	23	4	9	2	4	28.67	0		12.843699
61	250	8	0	0	14	5	9	2	4	28.67	0		12.843699
61	248	5	0	0	20	8	9	4	3	91.42	1		5.836377


-------------------------------------------------------------------------------------------------------------------
Tour_Id:			9
No_of_Customers:		4
No_of_Items:			15
Customer_Sequence:		87 32 23 88 

CustId	Id	TypeId	Rotated	x	y	z	Length	Width	Height	mass	Fragility	LoadBearingStrength
88	347	2	0	0	0	0	15	5	6	211.58	0		49.944301
88	349	8	0	0	5	0	9	2	4	28.67	0		12.843699
88	348	7	0	0	7	0	13	6	6	450.29	1		10.733549
23	90	4	0	0	13	0	15	7	5	587.02	0		28.930026
23	91	5	0	0	20	0	9	4	3	91.42	1		5.836377
32	131	10	0	0	13	5	16	5	6	290.45	0		39.621096
32	126	1	0	0	0	6	15	4	8	266.89	0		22.792522
32	127	2	0	0	13	11	15	5	6	211.58	0		49.944301
32	128	2	0	0	0	14	15	5	6	211.58	0		49.944301
32	129	3	0	0	13	17	15	3	6	201.03	0		73.899431
32	130	8	0	0	5	4	9	2	4	28.67	0		12.843699
87	343	4	0	15	0	0	15	7	5	587.02	0		28.930026
87	345	10	0	0	0	20	16	5	6	290.45	0		39.621096
87	346	10	0	9	20	0	16	5	6	290.45	0		39.621096
87	344	5	0	0	20	3	9	4	3	91.42	1		5.836377


-------------------------------------------------------------------------------------------------------------------
Tour_Id:			10
No_of_Customers:		7
No_of_Items:			31
Customer_Sequence:		53 29 5 71 20 99 22 

CustId	Id	TypeId	Rotated	x	y	z	Length	Width	Height	mass	Fragility	LoadBearingStrength
22	89	10	0	0	0	0	16	5	6	290.45	0		39.621096
22	84	1	0	0	5	0	15	4	8	266.89	0		22.792522
22	85	2	0	0	9	0	15	5	6	211.58	0		49.944301
22	86	3	0	0	14	0	15	3	6	201.03	0		73.899431
22	87	6	0	0	17	0	7	3	7	115.28	0		13.893937
22	88	7	0	0	9	6	13	6	6	450.29	1		10.733549
99	397	9	0	0	20	0	14	5	7	398.79	0		18.185805
99	394	3	0	0	0	6	15	3	6	201.03	0		73.899431
99	396	8	0	0	3	6	9	2	4	28.67	0		12.843699
99	395	7	0	0	17	7	13	6	6	450.29	1		10.733549
20	75	4	0	15	5	0	15	7	5	587.02	0		28.930026
20	78	9	0	14	17	0	14	5	7	398.79	0		18.185805
20	79	10	0	13	17	7	16	5	6	290.45	0		39.621096
20	77	6	0	0	5	8	7	3	7	115.28	0		13.893937
20	76	5	0	0	0	12	9	4	3	91.42	1		5.836377
71	287	4	0	15	5	5	15	7	5	587.02	0		28.930026
71	290	9	0	13	17	13	14	5	7	398.79	0		18.185805
71	291	9	0	13	17	20	14	5	7	398.79	0		18.185805
71	286	2	0	15	12	0	15	5	6	211.58	0		49.944301
71	289	8	0	0	15	6	9	2	4	28.67	0		12.843699
71	288	7	0	0	8	12	13	6	6	450.29	1		10.733549
5	19	9	0	13	12	6	14	5	7	398.79	0		18.185805
5	15	2	0	13	12	13	15	5	6	211.58	0		49.944301
5	18	7	0	0	8	18	13	6	6	450.29	1		10.733549
5	16	5	0	0	0	15	9	4	3	91.42	1		5.836377
5	17	5	0	0	0	18	9	4	3	91.42	1		5.836377
29	114	6	0	0	5	15	7	3	7	115.28	0		13.893937
29	115	8	0	0	23	7	9	2	4	28.67	0		12.843699
29	116	8	0	0	23	11	9	2	4	28.67	0		12.843699
53	216	2	0	13	12	19	15	5	6	211.58	0		49.944301
53	217	7	0	0	8	24	13	6	6	450.29	1		10.733549


-------------------------------------------------------------------------------------------------------------------
Tour_Id:			11
No_of_Customers:		4
No_of_Items:			20
Customer_Sequence:		45 44 27 12 

CustId	Id	TypeId	Rotated	x	y	z	Length	Width	Height	mass	Fragility	LoadBearingStrength
12	45	9	0	0	0	0	14	5	7	398.79	0		18.185805
12	42	1	0	0	5	0	15	4	8	266.89	0		22.792522
12	43	2	0	0	9	0	15	5	6	211.58	0		49.944301
12	44	3	0	0	14	0	15	3	6	201.03	0		73.899431
27	107	4	0	0	17	0	15	7	5	587.02	0		28.930026
27	104	1	0	0	9	6	15	4	8	266.89	0		22.792522
27	105	2	0	0	17	5	15	5	6	211.58	0		49.944301
27	106	3	0	0	13	6	15	3	6	201.03	0		73.899431
27	108	8	0	0	22	5	9	2	4	28.67	0		12.843699
27	109	8	0	0	0	7	9	2	4	28.67	0		12.843699
44	181	10	0	0	16	11	16	5	6	290.45	0		39.621096
44	177	1	0	0	5	8	15	4	8	266.89	0		22.792522
44	178	2	0	0	9	14	15	5	6	211.58	0		49.944301
44	179	6	0	0	2	7	7	3	7	115.28	0		13.893937
44	180	7	0	0	16	17	13	6	6	450.29	1		10.733549
45	182	4	0	15	0	0	15	7	5	587.02	0		28.930026
45	183	4	0	15	7	0	15	7	5	587.02	0		28.930026
45	185	6	0	0	2	14	7	3	7	115.28	0		13.893937
45	186	8	0	0	22	9	9	2	4	28.67	0		12.843699
45	184	5	0	0	5	16	9	4	3	91.42	1		5.836377


-------------------------------------------------------------------------------------------------------------------
Tour_Id:			12
No_of_Customers:		5
No_of_Items:			21
Customer_Sequence:		67 83 68 19 98 

CustId	Id	TypeId	Rotated	x	y	z	Length	Width	Height	mass	Fragility	LoadBearingStrength
98	389	4	0	0	0	0	15	7	5	587.02	0		28.930026
98	391	9	0	0	7	0	14	5	7	398.79	0		18.185805
98	392	9	0	0	12	0	14	5	7	398.79	0		18.185805
98	393	10	0	0	17	0	16	5	6	290.45	0		39.621096
98	390	7	0	0	0	5	13	6	6	450.29	1		10.733549
19	71	4	0	0	6	7	15	7	5	587.02	0		28.930026
19	72	4	0	0	6	12	15	7	5	587.02	0		28.930026
19	74	8	0	0	22	0	9	2	4	28.67	0		12.843699
19	73	7	0	0	17	6	13	6	6	450.29	1		10.733549
68	271	4	0	0	6	17	15	7	5	587.02	0		28.930026
68	272	4	0	0	6	22	15	7	5	587.02	0		28.930026
68	274	8	0	0	13	7	9	2	4	28.67	0		12.843699
68	273	7	0	0	0	11	13	6	6	450.29	1		10.733549
83	333	9	0	15	0	0	14	5	7	398.79	0		18.185805
83	334	10	0	13	0	7	16	5	6	290.45	0		39.621096
83	331	6	0	13	0	13	7	3	7	115.28	0		13.893937
83	332	8	0	0	15	7	9	2	4	28.67	0		12.843699
83	330	5	0	0	13	11	9	4	3	91.42	1		5.836377
67	268	1	0	15	5	0	15	4	8	266.89	0		22.792522
67	269	1	0	15	9	0	15	4	8	266.89	0		22.792522
67	270	3	0	14	13	0	15	3	6	201.03	0		73.899431


-------------------------------------------------------------------------------------------------------------------
Tour_Id:			13
No_of_Customers:		6
No_of_Items:			27
Customer_Sequence:		9 69 86 13 58 39 

CustId	Id	TypeId	Rotated	x	y	z	Length	Width	Height	mass	Fragility	LoadBearingStrength
39	158	4	0	0	0	0	15	7	5	587.02	0		28.930026
39	159	4	0	0	7	0	15	7	5	587.02	0		28.930026
39	156	1	0	0	14	0	15	4	8	266.89	0		22.792522
39	157	2	0	0	18	0	15	5	6	211.58	0		49.944301
39	160	6	0	0	0	5	7	3	7	115.28	0		13.893937
58	237	10	0	0	3	5	16	5	6	290.45	0		39.621096
58	234	1	0	0	8	5	15	4	8	266.89	0		22.792522
58	235	6	0	0	18	6	7	3	7	115.28	0		13.893937
58	236	8	0	0	23	0	9	2	4	28.67	0		12.843699
13	49	9	0	0	3	11	14	5	7	398.79	0		18.185805
13	46	1	0	0	14	8	15	4	8	266.89	0		22.792522
13	48	7	0	0	3	18	13	6	6	450.29	1		10.733549
13	47	5	0	0	8	13	9	4	3	91.42	1		5.836377
86	340	4	0	15	8	0	15	7	5	587.02	0		28.930026
86	342	10	0	0	14	16	16	5	6	290.45	0		39.621096
86	339	1	0	0	14	22	15	4	8	266.89	0		22.792522
86	341	6	0	0	0	12	7	3	7	115.28	0		13.893937
69	279	10	0	15	8	5	16	5	6	290.45	0		39.621096
69	275	2	0	15	8	11	15	5	6	211.58	0		49.944301
69	278	7	0	0	3	24	13	6	6	450.29	1		10.733549
69	276	5	0	0	9	16	9	4	3	91.42	1		5.836377
69	277	5	0	0	9	19	9	4	3	91.42	1		5.836377
9	34	4	0	16	0	0	15	7	5	587.02	0		28.930026
9	31	1	0	13	8	17	15	4	8	266.89	0		22.792522
9	32	2	0	16	0	5	15	5	6	211.58	0		49.944301
9	33	3	0	14	0	11	15	3	6	201.03	0		73.899431
9	35	5	0	0	9	22	9	4	3	91.42	1		5.836377


-------------------------------------------------------------------------------------------------------------------
Tour_Id:			14
No_of_Customers:		3
No_of_Items:			15
Customer_Sequence:		1 36 51 

CustId	Id	TypeId	Rotated	x	y	z	Length	Width	Height	mass	Fragility	LoadBearingStrength
51	209	4	0	0	0	0	15	7	5	587.02	0		28.930026
51	206	1	0	0	7	0	15	4	8	266.89	0		22.792522
51	207	3	0	0	11	0	15	3	6	201.03	0		73.899431
51	208	3	0	0	14	0	15	3	6	201.03	0		73.899431
51	211	7	0	0	17	0	13	6	6	450.29	1		10.733549
51	210	5	0	0	0	5	9	4	3	91.42	1		5.836377
36	146	9	0	0	11	6	14	5	7	398.79	0		18.185805
36	147	9	0	0	11	13	14	5	7	398.79	0		18.185805
36	143	3	0	0	4	5	15	3	6	201.03	0		73.899431
36	144	3	0	0	7	8	15	3	6	201.03	0		73.899431
36	145	6	0	0	4	11	7	3	7	115.28	0		13.893937
1	3	4	0	13	17	0	15	7	5	587.02	0		28.930026
1	4	4	0	13	17	5	15	7	5	587.02	0		28.930026
1	1	3	0	0	7	14	15	3	6	201.03	0		73.899431
1	2	3	0	0	7	20	15	3	6	201.03	0		73.899431


-------------------------------------------------------------------------------------------------------------------
Tour_Id:			15
No_of_Customers:		6
No_of_Items:			26
Customer_Sequence:		79 96 8 80 66 25 

CustId	Id	TypeId	Rotated	x	y	z	Length	Width	Height	mass	Fragility	LoadBearingStrength
25	98	10	0	0	0	0	16	5	6	290.45	0		39.621096
25	99	10	0	0	5	0	16	5	6	290.45	0		39.621096
25	97	2	0	0	10	0	15	5	6	211.58	0		49.944301
66	265	1	0	0	15	0	15	4	8	266.89	0		22.792522
66	267	8	0	0	19	0	9	2	4	28.67	0		12.843699
66	266	7	0	0	0	6	13	6	6	450.29	1		10.733549
80	319	4	0	0	6	6	15	7	5	587.02	0		28.930026
80	321	6	0	0	21	0	7	3	7	115.28	0		13.893937
80	322	8	0	0	19	4	9	2	4	28.67	0		12.843699
80	320	5	0	0	15	8	9	4	3	91.42	1		5.836377
8	27	4	0	0	6	11	15	7	5	587.02	0		28.930026
8	30	10	0	0	6	16	16	5	6	290.45	0		39.621096
8	28	6	0	0	21	7	7	3	7	115.28	0		13.893937
8	29	7	0	0	0	12	13	6	6	450.29	1		10.733549
96	384	4	0	15	11	0	15	7	5	587.02	0		28.930026
96	386	10	0	0	6	22	16	5	6	290.45	0		39.621096
96	381	2	0	9	19	0	15	5	6	211.58	0		49.944301
96	382	3	0	7	21	6	15	3	6	201.03	0		73.899431
96	383	3	0	7	21	12	15	3	6	201.03	0		73.899431
96	385	7	0	0	0	18	13	6	6	450.29	1		10.733549
79	313	1	0	7	21	18	15	4	8	266.89	0		22.792522
79	314	2	0	15	11	5	15	5	6	211.58	0		49.944301
79	317	6	0	15	11	11	7	3	7	115.28	0		13.893937
79	318	7	0	0	0	24	13	6	6	450.29	1		10.733549
79	315	5	0	0	15	11	9	4	3	91.42	1		5.836377
79	316	5	0	0	15	14	9	4	3	91.42	1		5.836377


