Name:				542_n100_m400_bt3
Problem:			3L-VRPTW
Number_of_used_Vehicles:	25
Total_Travel_Distance:		1935.39
Calculation_Time:		3600.00
Total_Iterations:		2666
ConstraintSet:			P1

-------------------------------------------------------------------------------------------------------------------
Tour_Id:			1
No_of_Customers:		4
No_of_Items:			16
Customer_Sequence:		89 92 90 9 

CustId	Id	TypeId	Rotated	x	y	z	Length	Width	Height	mass	Fragility	LoadBearingStrength
9	34	1	0	0	0	0	28	10	7	342.83	0		7.248463
9	35	1	0	0	10	0	28	10	7	342.83	0		7.248463
90	362	1	0	0	0	7	28	10	7	342.83	0		7.248463
9	38	2	0	0	10	7	18	12	10	349.31	1		2.030357
9	39	3	0	28	10	0	13	11	10	318.75	0		12.231605
9	36	1	0	28	0	0	28	10	7	342.83	0		7.248463
90	361	1	0	0	0	14	28	10	7	342.83	0		7.248463
9	37	2	0	0	10	17	18	12	10	349.31	1		2.030357
90	363	3	0	28	10	10	13	11	10	318.75	0		12.231605
92	371	3	0	28	10	20	13	11	10	318.75	0		12.231605
89	357	1	0	0	0	21	28	10	7	342.83	0		7.248463
92	369	1	0	28	0	7	28	10	7	342.83	0		7.248463
89	359	1	0	28	0	14	28	10	7	342.83	0		7.248463
89	358	1	0	28	0	21	28	10	7	342.83	0		7.248463
92	370	2	0	41	10	0	18	12	10	349.31	1		2.030357
89	360	2	0	41	10	10	18	12	10	349.31	1		2.030357


-------------------------------------------------------------------------------------------------------------------
Tour_Id:			2
No_of_Customers:		4
No_of_Items:			17
Customer_Sequence:		35 100 1 59 

CustId	Id	TypeId	Rotated	x	y	z	Length	Width	Height	mass	Fragility	LoadBearingStrength
59	244	2	0	0	0	0	18	12	10	349.31	1		2.030357
59	242	1	0	0	12	0	28	10	7	342.83	0		7.248463
59	246	3	0	0	12	7	13	11	10	318.75	0		12.231605
1	4	3	0	0	12	17	13	11	10	318.75	0		12.231605
59	245	2	0	0	0	10	18	12	10	349.31	1		2.030357
1	3	3	0	13	12	7	13	11	10	318.75	0		12.231605
1	2	1	0	18	0	0	28	10	7	342.83	0		7.248463
59	243	1	0	28	12	0	28	10	7	342.83	0		7.248463
1	1	1	0	18	0	7	28	10	7	342.83	0		7.248463
35	138	1	0	18	0	14	28	10	7	342.83	0		7.248463
100	399	1	0	26	12	7	28	10	7	342.83	0		7.248463
100	400	3	0	13	12	17	13	11	10	318.75	0		12.231605
1	5	3	0	46	0	0	13	11	10	318.75	0		12.231605
35	139	1	0	18	0	21	28	10	7	342.83	0		7.248463
35	141	3	0	26	10	14	13	11	10	318.75	0		12.231605
35	142	3	0	39	10	14	13	11	10	318.75	0		12.231605
35	140	2	0	0	0	20	18	12	10	349.31	1		2.030357


-------------------------------------------------------------------------------------------------------------------
Tour_Id:			3
No_of_Customers:		4
No_of_Items:			13
Customer_Sequence:		95 78 98 48 

CustId	Id	TypeId	Rotated	x	y	z	Length	Width	Height	mass	Fragility	LoadBearingStrength
48	193	1	0	0	0	0	28	10	7	342.83	0		7.248463
48	195	2	0	0	10	0	18	12	10	349.31	1		2.030357
48	194	1	0	0	0	7	28	10	7	342.83	0		7.248463
98	390	1	0	0	0	14	28	10	7	342.83	0		7.248463
98	391	2	0	0	10	10	18	12	10	349.31	1		2.030357
98	392	2	0	0	10	20	18	12	10	349.31	1		2.030357
78	310	1	0	0	0	21	28	10	7	342.83	0		7.248463
78	311	1	0	18	10	0	28	10	7	342.83	0		7.248463
78	312	1	0	18	10	7	28	10	7	342.83	0		7.248463
78	313	2	0	18	10	14	18	12	10	349.31	1		2.030357
95	381	1	0	28	0	0	28	10	7	342.83	0		7.248463
95	382	1	0	28	0	7	28	10	7	342.83	0		7.248463
95	383	3	0	36	0	14	13	11	10	318.75	0		12.231605


-------------------------------------------------------------------------------------------------------------------
Tour_Id:			4
No_of_Customers:		4
No_of_Items:			18
Customer_Sequence:		2 21 18 62 

CustId	Id	TypeId	Rotated	x	y	z	Length	Width	Height	mass	Fragility	LoadBearingStrength
62	257	3	0	0	0	0	13	11	10	318.75	0		12.231605
62	255	2	0	0	11	0	18	12	10	349.31	1		2.030357
18	72	3	0	0	0	10	13	11	10	318.75	0		12.231605
62	256	2	0	0	11	10	18	12	10	349.31	1		2.030357
18	73	3	0	0	0	20	13	11	10	318.75	0		12.231605
21	81	3	0	13	0	0	13	11	10	318.75	0		12.231605
18	74	3	0	18	11	0	13	11	10	318.75	0		12.231605
21	83	3	0	13	0	10	13	11	10	318.75	0		12.231605
18	71	2	0	0	11	20	18	12	10	349.31	1		2.030357
21	82	3	0	13	0	20	13	11	10	318.75	0		12.231605
21	80	1	0	26	0	0	28	10	7	342.83	0		7.248463
21	84	3	0	18	11	10	13	11	10	318.75	0		12.231605
2	6	1	0	26	0	7	28	10	7	342.83	0		7.248463
2	7	1	0	26	0	14	28	10	7	342.83	0		7.248463
2	11	3	0	18	11	20	13	11	10	318.75	0		12.231605
2	8	2	0	31	10	0	18	12	10	349.31	1		2.030357
2	9	2	0	31	10	10	18	12	10	349.31	1		2.030357
2	10	2	0	31	10	20	18	12	10	349.31	1		2.030357


-------------------------------------------------------------------------------------------------------------------
Tour_Id:			5
No_of_Customers:		1
No_of_Items:			0
Customer_Sequence:		36 

-------------------------------------------------------------------------------------------------------------------
Tour_Id:			6
No_of_Customers:		4
No_of_Items:			17
Customer_Sequence:		72 52 97 15 

CustId	Id	TypeId	Rotated	x	y	z	Length	Width	Height	mass	Fragility	LoadBearingStrength
15	61	1	0	0	0	0	28	10	7	342.83	0		7.248463
15	63	2	0	0	10	0	18	12	10	349.31	1		2.030357
15	64	3	0	18	10	0	13	11	10	318.75	0		12.231605
15	62	1	0	0	0	7	28	10	7	342.83	0		7.248463
52	212	3	0	0	0	14	13	11	10	318.75	0		12.231605
97	388	1	0	28	0	0	28	10	7	342.83	0		7.248463
97	389	1	0	28	0	7	28	10	7	342.83	0		7.248463
52	209	1	0	13	0	14	28	10	7	342.83	0		7.248463
97	387	1	0	31	10	0	28	10	7	342.83	0		7.248463
52	213	3	0	18	10	10	13	11	10	318.75	0		12.231605
52	210	2	0	0	11	10	18	12	10	349.31	1		2.030357
52	211	2	0	0	11	20	18	12	10	349.31	1		2.030357
72	290	1	0	13	0	21	28	10	7	342.83	0		7.248463
72	291	1	0	31	10	7	28	10	7	342.83	0		7.248463
72	293	3	0	18	10	20	13	11	10	318.75	0		12.231605
72	294	3	0	31	10	14	13	11	10	318.75	0		12.231605
72	292	2	1	44	0	14	18	12	10	349.31	1		2.030357


-------------------------------------------------------------------------------------------------------------------
Tour_Id:			7
No_of_Customers:		5
No_of_Items:			19
Customer_Sequence:		70 27 54 77 80 

CustId	Id	TypeId	Rotated	x	y	z	Length	Width	Height	mass	Fragility	LoadBearingStrength
80	317	1	0	0	0	0	28	10	7	342.83	0		7.248463
80	319	3	0	0	10	0	13	11	10	318.75	0		12.231605
54	223	3	0	0	10	10	13	11	10	318.75	0		12.231605
80	318	2	0	13	10	0	18	12	10	349.31	1		2.030357
77	308	1	0	0	0	7	28	10	7	342.83	0		7.248463
54	219	1	0	0	0	14	28	10	7	342.83	0		7.248463
54	224	3	0	0	10	20	13	11	10	318.75	0		12.231605
54	220	1	0	0	0	21	28	10	7	342.83	0		7.248463
77	307	1	0	28	0	0	28	10	7	342.83	0		7.248463
54	221	2	0	13	10	10	18	12	10	349.31	1		2.030357
77	309	2	0	31	10	0	18	12	10	349.31	1		2.030357
54	222	2	0	13	10	20	18	12	10	349.31	1		2.030357
27	100	1	0	28	0	7	28	10	7	342.83	0		7.248463
27	101	1	0	28	0	14	28	10	7	342.83	0		7.248463
27	103	3	1	49	10	0	13	11	10	318.75	0		12.231605
27	102	2	0	31	10	10	18	12	10	349.31	1		2.030357
70	282	1	0	28	0	21	28	10	7	342.83	0		7.248463
70	283	3	1	49	10	10	13	11	10	318.75	0		12.231605
70	284	3	1	49	10	20	13	11	10	318.75	0		12.231605


-------------------------------------------------------------------------------------------------------------------
Tour_Id:			8
No_of_Customers:		4
No_of_Items:			17
Customer_Sequence:		13 49 4 74 

CustId	Id	TypeId	Rotated	x	y	z	Length	Width	Height	mass	Fragility	LoadBearingStrength
74	300	3	0	0	0	0	13	11	10	318.75	0		12.231605
74	298	1	0	0	11	0	28	10	7	342.83	0		7.248463
74	297	1	0	0	11	7	28	10	7	342.83	0		7.248463
4	17	2	0	0	11	14	18	12	10	349.31	1		2.030357
4	15	1	0	13	0	0	28	10	7	342.83	0		7.248463
4	16	2	0	28	11	0	18	12	10	349.31	1		2.030357
74	299	3	0	0	0	10	13	11	10	318.75	0		12.231605
49	197	2	0	28	11	10	18	12	10	349.31	1		2.030357
13	52	1	0	13	0	7	28	10	7	342.83	0		7.248463
13	53	1	0	13	0	14	28	10	7	342.83	0		7.248463
49	196	2	0	28	11	20	18	12	10	349.31	1		2.030357
49	198	3	0	0	0	20	13	11	10	318.75	0		12.231605
49	199	3	0	46	11	0	13	11	10	318.75	0		12.231605
49	200	3	0	46	11	10	13	11	10	318.75	0		12.231605
13	55	3	0	41	0	0	13	11	10	318.75	0		12.231605
13	56	3	0	41	0	10	13	11	10	318.75	0		12.231605
13	54	2	1	46	0	20	18	12	10	349.31	1		2.030357


-------------------------------------------------------------------------------------------------------------------
Tour_Id:			9
No_of_Customers:		3
No_of_Items:			14
Customer_Sequence:		60 64 81 

CustId	Id	TypeId	Rotated	x	y	z	Length	Width	Height	mass	Fragility	LoadBearingStrength
81	320	1	0	0	0	0	28	10	7	342.83	0		7.248463
81	323	3	0	0	10	0	13	11	10	318.75	0		12.231605
81	324	3	0	0	10	10	13	11	10	318.75	0		12.231605
81	321	2	0	13	10	0	18	12	10	349.31	1		2.030357
81	322	2	0	13	10	10	18	12	10	349.31	1		2.030357
64	262	1	0	0	0	7	28	10	7	342.83	0		7.248463
64	263	1	0	0	0	14	28	10	7	342.83	0		7.248463
64	264	2	0	0	10	20	18	12	10	349.31	1		2.030357
64	265	2	0	31	0	0	18	12	10	349.31	1		2.030357
60	247	1	0	0	0	21	28	10	7	342.83	0		7.248463
60	248	1	0	31	12	0	28	10	7	342.83	0		7.248463
60	249	1	0	31	12	7	28	10	7	342.83	0		7.248463
60	250	2	0	31	0	10	18	12	10	349.31	1		2.030357
60	251	2	0	18	10	20	18	12	10	349.31	1		2.030357


-------------------------------------------------------------------------------------------------------------------
Tour_Id:			10
No_of_Customers:		5
No_of_Items:			20
Customer_Sequence:		93 28 24 67 84 

CustId	Id	TypeId	Rotated	x	y	z	Length	Width	Height	mass	Fragility	LoadBearingStrength
84	338	3	0	0	0	0	13	11	10	318.75	0		12.231605
84	336	3	0	0	11	0	13	11	10	318.75	0		12.231605
84	337	3	0	0	0	10	13	11	10	318.75	0		12.231605
84	335	1	0	13	0	0	28	10	7	342.83	0		7.248463
67	272	3	0	0	11	10	13	11	10	318.75	0		12.231605
67	273	3	0	0	0	20	13	11	10	318.75	0		12.231605
67	271	2	0	13	10	0	18	12	10	349.31	1		2.030357
24	91	1	0	13	0	7	28	10	7	342.83	0		7.248463
28	107	3	0	0	11	20	13	11	10	318.75	0		12.231605
28	104	1	0	13	0	14	28	10	7	342.83	0		7.248463
28	106	3	0	31	10	0	13	11	10	318.75	0		12.231605
24	92	2	0	13	10	10	18	12	10	349.31	1		2.030357
28	108	3	0	31	10	10	13	11	10	318.75	0		12.231605
93	372	1	0	13	0	21	28	10	7	342.83	0		7.248463
28	105	2	0	13	10	20	18	12	10	349.31	1		2.030357
28	109	3	0	31	10	20	13	11	10	318.75	0		12.231605
93	375	3	0	44	0	0	13	11	10	318.75	0		12.231605
93	376	3	0	44	11	0	13	11	10	318.75	0		12.231605
93	373	2	1	44	0	10	18	12	10	349.31	1		2.030357
93	374	2	1	44	0	20	18	12	10	349.31	1		2.030357


-------------------------------------------------------------------------------------------------------------------
Tour_Id:			11
No_of_Customers:		4
No_of_Items:			15
Customer_Sequence:		85 6 68 23 

CustId	Id	TypeId	Rotated	x	y	z	Length	Width	Height	mass	Fragility	LoadBearingStrength
68	275	2	0	0	0	0	18	12	10	349.31	1		2.030357
23	88	2	0	0	12	0	18	12	10	349.31	1		2.030357
6	26	3	0	18	0	0	13	11	10	318.75	0		12.231605
68	276	2	0	0	0	10	18	12	10	349.31	1		2.030357
23	90	3	0	18	12	0	13	11	10	318.75	0		12.231605
23	89	2	0	0	12	10	18	12	10	349.31	1		2.030357
68	274	1	0	31	12	0	28	10	7	342.83	0		7.248463
85	341	3	0	18	0	10	13	11	10	318.75	0		12.231605
6	25	3	0	18	11	10	13	11	10	318.75	0		12.231605
6	23	2	0	0	0	20	18	12	10	349.31	1		2.030357
6	22	1	0	31	0	0	28	10	7	342.83	0		7.248463
85	340	2	0	0	12	20	18	12	10	349.31	1		2.030357
85	339	1	0	31	0	7	28	10	7	342.83	0		7.248463
85	342	3	0	18	0	20	13	11	10	318.75	0		12.231605
6	24	3	0	31	12	7	13	11	10	318.75	0		12.231605


-------------------------------------------------------------------------------------------------------------------
Tour_Id:			12
No_of_Customers:		3
No_of_Items:			15
Customer_Sequence:		53 87 99 

CustId	Id	TypeId	Rotated	x	y	z	Length	Width	Height	mass	Fragility	LoadBearingStrength
99	398	2	0	0	0	0	18	12	10	349.31	1		2.030357
99	394	1	0	0	12	0	28	10	7	342.83	0		7.248463
99	395	1	0	0	12	7	28	10	7	342.83	0		7.248463
99	396	1	0	0	12	14	28	10	7	342.83	0		7.248463
99	397	2	0	0	0	10	18	12	10	349.31	1		2.030357
99	393	1	0	0	12	21	28	10	7	342.83	0		7.248463
87	351	3	0	18	0	0	13	11	10	318.75	0		12.231605
87	352	3	0	18	0	10	13	11	10	318.75	0		12.231605
87	349	2	0	0	0	20	18	12	10	349.31	1		2.030357
87	350	2	0	28	12	0	18	12	10	349.31	1		2.030357
53	214	1	0	31	0	0	28	10	7	342.83	0		7.248463
53	215	1	0	31	0	7	28	10	7	342.83	0		7.248463
53	217	3	0	18	0	20	13	11	10	318.75	0		12.231605
53	218	3	0	31	0	14	13	11	10	318.75	0		12.231605
53	216	2	0	28	11	10	18	12	10	349.31	1		2.030357


-------------------------------------------------------------------------------------------------------------------
Tour_Id:			13
No_of_Customers:		4
No_of_Items:			18
Customer_Sequence:		47 56 12 19 

CustId	Id	TypeId	Rotated	x	y	z	Length	Width	Height	mass	Fragility	LoadBearingStrength
19	75	1	0	0	0	0	28	10	7	342.83	0		7.248463
19	77	3	0	0	10	0	13	11	10	318.75	0		12.231605
12	47	1	0	0	0	7	28	10	7	342.83	0		7.248463
19	76	2	0	13	10	0	18	12	10	349.31	1		2.030357
12	48	1	0	0	0	14	28	10	7	342.83	0		7.248463
12	49	1	0	0	0	21	28	10	7	342.83	0		7.248463
12	51	3	0	0	10	10	13	11	10	318.75	0		12.231605
56	232	1	0	28	0	0	28	10	7	342.83	0		7.248463
56	231	1	0	28	0	7	28	10	7	342.83	0		7.248463
56	233	2	0	13	10	10	18	12	10	349.31	1		2.030357
47	188	1	0	28	0	14	28	10	7	342.83	0		7.248463
56	235	3	0	0	10	20	13	11	10	318.75	0		12.231605
12	50	2	0	31	10	0	18	12	10	349.31	1		2.030357
56	234	3	1	49	10	0	13	11	10	318.75	0		12.231605
47	192	3	1	49	10	10	13	11	10	318.75	0		12.231605
47	189	2	0	13	10	20	18	12	10	349.31	1		2.030357
47	190	2	0	31	10	10	18	12	10	349.31	1		2.030357
47	191	2	0	31	10	20	18	12	10	349.31	1		2.030357


-------------------------------------------------------------------------------------------------------------------
Tour_Id:			14
No_of_Customers:		5
No_of_Items:			17
Customer_Sequence:		38 91 22 58 65 

CustId	Id	TypeId	Rotated	x	y	z	Length	Width	Height	mass	Fragility	LoadBearingStrength
65	266	1	0	0	0	0	28	10	7	342.83	0		7.248463
65	267	1	0	0	10	0	28	10	7	342.83	0		7.248463
58	240	3	0	0	0	7	13	11	10	318.75	0		12.231605
58	241	3	0	0	11	7	13	11	10	318.75	0		12.231605
58	239	2	1	0	0	17	18	12	10	349.31	1		2.030357
91	368	3	0	13	0	7	13	11	10	318.75	0		12.231605
22	86	1	0	28	0	0	28	10	7	342.83	0		7.248463
22	87	3	0	13	11	7	13	11	10	318.75	0		12.231605
91	364	1	0	26	0	7	28	10	7	342.83	0		7.248463
91	365	1	0	26	0	14	28	10	7	342.83	0		7.248463
22	85	1	0	28	10	0	28	10	7	342.83	0		7.248463
91	366	2	1	12	0	17	18	12	10	349.31	1		2.030357
91	367	2	0	26	10	7	18	12	10	349.31	1		2.030357
38	151	1	0	26	0	21	28	10	7	342.83	0		7.248463
38	154	3	0	44	10	7	13	11	10	318.75	0		12.231605
38	152	2	0	24	10	17	18	12	10	349.31	1		2.030357
38	153	2	0	42	10	17	18	12	10	349.31	1		2.030357


-------------------------------------------------------------------------------------------------------------------
Tour_Id:			15
No_of_Customers:		3
No_of_Items:			15
Customer_Sequence:		71 29 31 

CustId	Id	TypeId	Rotated	x	y	z	Length	Width	Height	mass	Fragility	LoadBearingStrength
31	120	1	0	0	0	0	28	10	7	342.83	0		7.248463
31	121	1	0	0	10	0	28	10	7	342.83	0		7.248463
31	124	3	0	0	0	7	13	11	10	318.75	0		12.231605
31	125	3	0	0	11	7	13	11	10	318.75	0		12.231605
31	122	2	1	0	0	17	18	12	10	349.31	1		2.030357
31	123	2	0	13	0	7	18	12	10	349.31	1		2.030357
29	110	1	0	31	0	0	28	10	7	342.83	0		7.248463
29	111	1	0	31	10	0	28	10	7	342.83	0		7.248463
29	113	3	0	31	0	7	13	11	10	318.75	0		12.231605
29	112	2	0	12	0	17	18	12	10	349.31	1		2.030357
71	285	1	0	31	11	7	28	10	7	342.83	0		7.248463
71	286	1	0	31	11	14	28	10	7	342.83	0		7.248463
71	287	1	0	31	11	21	28	10	7	342.83	0		7.248463
71	288	3	0	31	0	17	13	11	10	318.75	0		12.231605
71	289	3	0	44	0	7	13	11	10	318.75	0		12.231605


-------------------------------------------------------------------------------------------------------------------
Tour_Id:			16
No_of_Customers:		4
No_of_Items:			17
Customer_Sequence:		5 8 66 86 

CustId	Id	TypeId	Rotated	x	y	z	Length	Width	Height	mass	Fragility	LoadBearingStrength
86	344	3	0	0	0	0	13	11	10	318.75	0		12.231605
86	345	3	0	0	11	0	13	11	10	318.75	0		12.231605
86	346	3	0	0	0	10	13	11	10	318.75	0		12.231605
86	347	3	0	0	11	10	13	11	10	318.75	0		12.231605
86	348	3	0	0	0	20	13	11	10	318.75	0		12.231605
86	343	2	0	13	0	0	18	12	10	349.31	1		2.030357
66	268	3	0	0	11	20	13	11	10	318.75	0		12.231605
66	269	3	0	13	12	0	13	11	10	318.75	0		12.231605
66	270	3	0	13	12	10	13	11	10	318.75	0		12.231605
8	30	1	0	26	12	0	28	10	7	342.83	0		7.248463
8	31	1	0	26	12	7	28	10	7	342.83	0		7.248463
8	32	2	0	13	0	10	18	12	10	349.31	1		2.030357
8	33	2	0	13	0	20	18	12	10	349.31	1		2.030357
5	18	1	0	26	12	14	28	10	7	342.83	0		7.248463
5	19	1	0	26	12	21	28	10	7	342.83	0		7.248463
5	20	3	0	13	12	20	13	11	10	318.75	0		12.231605
5	21	3	0	31	0	0	13	11	10	318.75	0		12.231605


-------------------------------------------------------------------------------------------------------------------
Tour_Id:			17
No_of_Customers:		4
No_of_Items:			16
Customer_Sequence:		41 69 39 61 

CustId	Id	TypeId	Rotated	x	y	z	Length	Width	Height	mass	Fragility	LoadBearingStrength
61	252	1	0	0	0	0	28	10	7	342.83	0		7.248463
61	253	3	0	0	10	0	13	11	10	318.75	0		12.231605
61	254	3	0	0	10	10	13	11	10	318.75	0		12.231605
39	155	1	0	0	0	7	28	10	7	342.83	0		7.248463
39	156	1	0	0	0	14	28	10	7	342.83	0		7.248463
39	158	3	0	0	10	20	13	11	10	318.75	0		12.231605
39	157	2	0	13	10	0	18	12	10	349.31	1		2.030357
69	277	1	0	0	0	21	28	10	7	342.83	0		7.248463
69	278	1	0	28	0	0	28	10	7	342.83	0		7.248463
69	280	3	0	31	10	0	13	11	10	318.75	0		12.231605
69	281	3	0	31	10	10	13	11	10	318.75	0		12.231605
69	279	2	0	13	10	10	18	12	10	349.31	1		2.030357
41	163	1	0	28	0	7	28	10	7	342.83	0		7.248463
41	164	1	0	28	0	14	28	10	7	342.83	0		7.248463
41	165	1	0	28	0	21	28	10	7	342.83	0		7.248463
41	166	2	0	13	10	20	18	12	10	349.31	1		2.030357


-------------------------------------------------------------------------------------------------------------------
Tour_Id:			18
No_of_Customers:		4
No_of_Items:			17
Customer_Sequence:		30 37 17 46 

CustId	Id	TypeId	Rotated	x	y	z	Length	Width	Height	mass	Fragility	LoadBearingStrength
46	186	3	0	0	0	0	13	11	10	318.75	0		12.231605
46	187	3	0	0	11	0	13	11	10	318.75	0		12.231605
46	185	2	1	0	0	10	18	12	10	349.31	1		2.030357
37	148	2	1	0	0	20	18	12	10	349.31	1		2.030357
17	68	2	0	13	0	0	18	12	10	349.31	1		2.030357
17	69	2	0	12	0	10	18	12	10	349.31	1		2.030357
17	70	2	0	13	12	0	18	12	10	349.31	1		2.030357
37	147	1	0	31	0	0	28	10	7	342.83	0		7.248463
17	67	1	0	31	10	0	28	10	7	342.83	0		7.248463
37	149	2	0	12	12	10	18	12	10	349.31	1		2.030357
37	150	2	0	12	0	20	18	12	10	349.31	1		2.030357
30	114	1	0	31	0	7	28	10	7	342.83	0		7.248463
30	118	3	0	30	0	14	13	11	10	318.75	0		12.231605
30	119	3	0	43	0	14	13	11	10	318.75	0		12.231605
30	115	2	0	12	12	20	18	12	10	349.31	1		2.030357
30	116	2	0	31	11	7	18	12	10	349.31	1		2.030357
30	117	2	0	30	11	17	18	12	10	349.31	1		2.030357


-------------------------------------------------------------------------------------------------------------------
Tour_Id:			19
No_of_Customers:		3
No_of_Items:			14
Customer_Sequence:		63 44 45 

CustId	Id	TypeId	Rotated	x	y	z	Length	Width	Height	mass	Fragility	LoadBearingStrength
44	176	2	0	0	0	0	18	12	10	349.31	1		2.030357
45	184	3	0	0	12	0	13	11	10	318.75	0		12.231605
45	182	2	0	13	12	0	18	12	10	349.31	1		2.030357
45	183	2	0	0	12	10	18	12	10	349.31	1		2.030357
44	178	3	0	18	0	0	13	11	10	318.75	0		12.231605
44	179	3	0	18	0	10	13	11	10	318.75	0		12.231605
45	181	1	0	31	12	0	28	10	7	342.83	0		7.248463
44	175	2	0	0	0	10	18	12	10	349.31	1		2.030357
44	180	3	0	18	0	20	13	11	10	318.75	0		12.231605
44	177	2	0	0	0	20	18	12	10	349.31	1		2.030357
63	258	1	0	31	0	0	28	10	7	342.83	0		7.248463
63	259	1	0	31	0	7	28	10	7	342.83	0		7.248463
63	261	3	0	31	10	7	13	11	10	318.75	0		12.231605
63	260	2	0	0	12	20	18	12	10	349.31	1		2.030357


-------------------------------------------------------------------------------------------------------------------
Tour_Id:			20
No_of_Customers:		5
No_of_Items:			17
Customer_Sequence:		7 75 57 94 40 

CustId	Id	TypeId	Rotated	x	y	z	Length	Width	Height	mass	Fragility	LoadBearingStrength
40	159	1	0	0	0	0	28	10	7	342.83	0		7.248463
40	162	3	0	0	10	0	13	11	10	318.75	0		12.231605
40	160	1	0	0	0	7	28	10	7	342.83	0		7.248463
94	379	3	0	0	10	10	13	11	10	318.75	0		12.231605
94	378	3	0	0	10	20	13	11	10	318.75	0		12.231605
40	161	2	0	13	10	0	18	12	10	349.31	1		2.030357
94	380	3	0	31	0	0	13	11	10	318.75	0		12.231605
94	377	2	0	13	10	10	18	12	10	349.31	1		2.030357
57	236	1	0	0	0	14	28	10	7	342.83	0		7.248463
57	237	2	0	13	10	20	18	12	10	349.31	1		2.030357
57	238	2	0	31	11	0	18	12	10	349.31	1		2.030357
75	302	3	0	31	0	10	13	11	10	318.75	0		12.231605
75	303	3	0	31	0	20	13	11	10	318.75	0		12.231605
75	301	2	0	31	11	10	18	12	10	349.31	1		2.030357
7	28	3	0	44	0	0	13	11	10	318.75	0		12.231605
7	29	3	0	44	0	10	13	11	10	318.75	0		12.231605
7	27	2	0	31	11	20	18	12	10	349.31	1		2.030357


-------------------------------------------------------------------------------------------------------------------
Tour_Id:			21
No_of_Customers:		5
No_of_Items:			18
Customer_Sequence:		88 83 34 11 26 

CustId	Id	TypeId	Rotated	x	y	z	Length	Width	Height	mass	Fragility	LoadBearingStrength
26	98	2	0	0	0	0	18	12	10	349.31	1		2.030357
26	99	2	0	0	12	0	18	12	10	349.31	1		2.030357
34	137	3	0	18	0	0	13	11	10	318.75	0		12.231605
11	44	1	0	18	11	0	28	10	7	342.83	0		7.248463
11	45	2	0	0	0	10	18	12	10	349.31	1		2.030357
11	46	2	0	0	12	10	18	12	10	349.31	1		2.030357
34	136	2	0	0	0	20	18	12	10	349.31	1		2.030357
11	43	1	0	18	11	7	28	10	7	342.83	0		7.248463
34	135	2	0	0	12	20	18	12	10	349.31	1		2.030357
34	134	1	0	18	11	14	28	10	7	342.83	0		7.248463
88	355	2	1	46	0	0	18	12	10	349.31	1		2.030357
83	332	3	0	18	0	10	13	11	10	318.75	0		12.231605
83	333	3	0	18	0	20	13	11	10	318.75	0		12.231605
83	334	3	0	31	0	0	13	11	10	318.75	0		12.231605
88	356	3	0	31	0	10	13	11	10	318.75	0		12.231605
88	353	2	1	46	0	10	18	12	10	349.31	1		2.030357
88	354	2	1	46	0	20	18	12	10	349.31	1		2.030357
83	331	1	0	18	11	21	28	10	7	342.83	0		7.248463


-------------------------------------------------------------------------------------------------------------------
Tour_Id:			22
No_of_Customers:		5
No_of_Items:			18
Customer_Sequence:		82 42 51 10 3 

CustId	Id	TypeId	Rotated	x	y	z	Length	Width	Height	mass	Fragility	LoadBearingStrength
3	13	3	0	0	0	0	13	11	10	318.75	0		12.231605
3	14	3	0	0	11	0	13	11	10	318.75	0		12.231605
3	12	2	1	0	0	10	18	12	10	349.31	1		2.030357
51	207	3	0	13	0	0	13	11	10	318.75	0		12.231605
10	41	2	1	0	0	20	18	12	10	349.31	1		2.030357
10	42	3	0	13	11	0	13	11	10	318.75	0		12.231605
51	206	1	0	26	0	0	28	10	7	342.83	0		7.248463
10	40	1	0	26	11	0	28	10	7	342.83	0		7.248463
42	167	1	0	26	0	7	28	10	7	342.83	0		7.248463
51	208	3	0	12	0	10	13	11	10	318.75	0		12.231605
42	168	1	0	26	10	7	28	10	7	342.83	0		7.248463
82	327	2	0	25	0	14	18	12	10	349.31	1		2.030357
42	169	3	0	12	11	10	13	11	10	318.75	0		12.231605
82	326	1	0	25	12	14	28	10	7	342.83	0		7.248463
82	328	3	0	12	0	20	13	11	10	318.75	0		12.231605
82	329	3	0	12	11	20	13	11	10	318.75	0		12.231605
82	330	3	0	43	0	14	13	11	10	318.75	0		12.231605
82	325	1	0	25	12	21	28	10	7	342.83	0		7.248463


-------------------------------------------------------------------------------------------------------------------
Tour_Id:			23
No_of_Customers:		4
No_of_Items:			16
Customer_Sequence:		96 50 43 32 

CustId	Id	TypeId	Rotated	x	y	z	Length	Width	Height	mass	Fragility	LoadBearingStrength
32	126	1	0	0	0	0	28	10	7	342.83	0		7.248463
32	128	3	0	0	10	0	13	11	10	318.75	0		12.231605
32	127	2	0	13	10	0	18	12	10	349.31	1		2.030357
50	201	1	0	0	0	7	28	10	7	342.83	0		7.248463
43	170	2	0	0	10	10	18	12	10	349.31	1		2.030357
43	171	2	0	0	10	20	18	12	10	349.31	1		2.030357
43	172	2	0	31	10	0	18	12	10	349.31	1		2.030357
43	173	2	0	18	10	10	18	12	10	349.31	1		2.030357
43	174	3	1	49	10	0	13	11	10	318.75	0		12.231605
50	202	1	0	0	0	14	28	10	7	342.83	0		7.248463
50	203	1	0	0	0	21	28	10	7	342.83	0		7.248463
50	205	3	1	49	10	10	13	11	10	318.75	0		12.231605
50	204	2	0	18	10	20	18	12	10	349.31	1		2.030357
96	384	1	0	28	0	0	28	10	7	342.83	0		7.248463
96	385	1	0	28	0	7	28	10	7	342.83	0		7.248463
96	386	1	0	28	0	14	28	10	7	342.83	0		7.248463


-------------------------------------------------------------------------------------------------------------------
Tour_Id:			24
No_of_Customers:		4
No_of_Items:			17
Customer_Sequence:		25 55 14 16 

CustId	Id	TypeId	Rotated	x	y	z	Length	Width	Height	mass	Fragility	LoadBearingStrength
14	58	2	0	0	0	0	18	12	10	349.31	1		2.030357
16	66	3	0	0	12	0	13	11	10	318.75	0		12.231605
14	59	3	0	0	12	10	13	11	10	318.75	0		12.231605
55	229	3	0	0	12	20	13	11	10	318.75	0		12.231605
16	65	1	0	13	12	0	28	10	7	342.83	0		7.248463
55	225	1	0	13	12	7	28	10	7	342.83	0		7.248463
14	57	2	0	0	0	10	18	12	10	349.31	1		2.030357
55	228	3	0	13	12	14	13	11	10	318.75	0		12.231605
14	60	3	0	18	0	0	13	11	10	318.75	0		12.231605
25	96	2	0	0	0	20	18	12	10	349.31	1		2.030357
25	93	1	0	31	0	0	28	10	7	342.83	0		7.248463
55	227	2	0	41	12	0	18	12	10	349.31	1		2.030357
25	95	2	0	31	0	7	18	12	10	349.31	1		2.030357
25	94	2	0	31	0	17	18	12	10	349.31	1		2.030357
55	230	3	0	18	0	10	13	11	10	318.75	0		12.231605
55	226	2	0	41	12	10	18	12	10	349.31	1		2.030357
25	97	2	0	41	12	20	18	12	10	349.31	1		2.030357


-------------------------------------------------------------------------------------------------------------------
Tour_Id:			25
No_of_Customers:		5
No_of_Items:			15
Customer_Sequence:		33 79 20 76 73 

CustId	Id	TypeId	Rotated	x	y	z	Length	Width	Height	mass	Fragility	LoadBearingStrength
73	296	3	0	0	0	0	13	11	10	318.75	0		12.231605
73	295	2	0	0	11	0	18	12	10	349.31	1		2.030357
76	304	1	0	13	0	0	28	10	7	342.83	0		7.248463
76	306	3	0	0	0	10	13	11	10	318.75	0		12.231605
76	305	2	0	0	11	10	18	12	10	349.31	1		2.030357
20	78	1	0	13	0	7	28	10	7	342.83	0		7.248463
20	79	3	0	0	0	20	13	11	10	318.75	0		12.231605
79	314	1	0	13	0	14	28	10	7	342.83	0		7.248463
79	315	1	0	13	0	21	28	10	7	342.83	0		7.248463
79	316	1	0	18	10	0	28	10	7	342.83	0		7.248463
33	129	1	0	18	10	7	28	10	7	342.83	0		7.248463
33	132	3	0	18	10	14	13	11	10	318.75	0		12.231605
33	133	3	0	31	10	14	13	11	10	318.75	0		12.231605
33	130	2	0	0	11	20	18	12	10	349.31	1		2.030357
33	131	2	1	46	0	0	18	12	10	349.31	1		2.030357


