Name:				545_n100_m400_bt3
Problem:			3L-VRPTW
Number_of_used_Vehicles:	29
Total_Travel_Distance:		2253.57
Calculation_Time:		3600.00
Total_Iterations:		2842
ConstraintSet:			P1

-------------------------------------------------------------------------------------------------------------------
Tour_Id:			1
No_of_Customers:		3
No_of_Items:			12
Customer_Sequence:		72 50 42 

CustId	Id	TypeId	Rotated	x	y	z	Length	Width	Height	mass	Fragility	LoadBearingStrength
42	166	1	0	0	0	0	25	12	12	458.95	0		3.093045
42	167	1	0	0	12	0	25	12	12	458.95	0		3.093045
42	168	3	0	25	0	0	34	5	10	374.08	0		15.685300
42	169	3	0	25	5	0	34	5	10	374.08	0		15.685300
50	196	2	0	0	0	12	30	8	7	747.79	1		4.863795
50	194	1	0	0	8	12	25	12	12	458.95	0		3.093045
50	195	2	0	0	0	19	30	8	7	747.79	1		4.863795
50	197	3	0	25	10	0	34	5	10	374.08	0		15.685300
72	283	1	0	30	0	10	25	12	12	458.95	0		3.093045
72	285	3	0	25	15	0	34	5	10	374.08	0		15.685300
72	286	3	0	25	20	0	34	5	10	374.08	0		15.685300
72	284	2	0	25	12	10	30	8	7	747.79	1		4.863795


-------------------------------------------------------------------------------------------------------------------
Tour_Id:			2
No_of_Customers:		3
No_of_Items:			13
Customer_Sequence:		10 30 6 

CustId	Id	TypeId	Rotated	x	y	z	Length	Width	Height	mass	Fragility	LoadBearingStrength
6	23	1	0	0	0	0	25	12	12	458.95	0		3.093045
6	24	2	0	0	12	0	30	8	7	747.79	1		4.863795
6	25	2	0	0	12	7	30	8	7	747.79	1		4.863795
6	26	2	0	0	0	12	30	8	7	747.79	1		4.863795
30	119	1	0	30	0	0	25	12	12	458.95	0		3.093045
30	121	3	0	0	20	0	34	5	10	374.08	0		15.685300
30	122	3	0	0	20	10	34	5	10	374.08	0		15.685300
30	120	2	0	0	12	14	30	8	7	747.79	1		4.863795
10	40	1	0	30	0	12	25	12	12	458.95	0		3.093045
10	41	1	0	34	12	0	25	12	12	458.95	0		3.093045
10	44	3	0	0	20	20	34	5	10	374.08	0		15.685300
10	42	2	0	0	0	19	30	8	7	747.79	1		4.863795
10	43	2	0	0	12	21	30	8	7	747.79	1		4.863795


-------------------------------------------------------------------------------------------------------------------
Tour_Id:			3
No_of_Customers:		4
No_of_Items:			15
Customer_Sequence:		94 32 93 52 

CustId	Id	TypeId	Rotated	x	y	z	Length	Width	Height	mass	Fragility	LoadBearingStrength
52	203	2	0	0	0	0	30	8	7	747.79	1		4.863795
52	205	3	0	0	8	0	34	5	10	374.08	0		15.685300
93	366	1	0	0	13	0	25	12	12	458.95	0		3.093045
52	204	3	0	0	8	10	34	5	10	374.08	0		15.685300
93	367	1	0	0	13	12	25	12	12	458.95	0		3.093045
93	368	3	0	0	8	20	34	5	10	374.08	0		15.685300
93	369	3	0	25	13	0	34	5	10	374.08	0		15.685300
32	126	1	0	34	0	0	25	12	12	458.95	0		3.093045
94	373	3	0	25	18	0	34	5	10	374.08	0		15.685300
32	128	2	0	0	0	7	30	8	7	747.79	1		4.863795
32	129	2	0	0	0	14	30	8	7	747.79	1		4.863795
94	370	1	0	25	13	10	25	12	12	458.95	0		3.093045
94	371	1	0	34	0	12	25	12	12	458.95	0		3.093045
32	127	2	0	0	0	21	30	8	7	747.79	1		4.863795
94	372	2	0	25	13	22	30	8	7	747.79	1		4.863795


-------------------------------------------------------------------------------------------------------------------
Tour_Id:			4
No_of_Customers:		3
No_of_Items:			15
Customer_Sequence:		28 35 87 

CustId	Id	TypeId	Rotated	x	y	z	Length	Width	Height	mass	Fragility	LoadBearingStrength
35	139	1	0	0	0	0	25	12	12	458.95	0		3.093045
87	347	3	0	0	12	0	34	5	10	374.08	0		15.685300
87	345	2	0	0	17	0	30	8	7	747.79	1		4.863795
35	140	2	0	0	17	7	30	8	7	747.79	1		4.863795
87	346	3	0	0	12	10	34	5	10	374.08	0		15.685300
35	142	3	0	0	12	20	34	5	10	374.08	0		15.685300
35	143	3	0	25	0	0	34	5	10	374.08	0		15.685300
35	138	1	0	0	0	12	25	12	12	458.95	0		3.093045
35	141	2	0	0	17	14	30	8	7	747.79	1		4.863795
28	114	3	0	25	5	0	34	5	10	374.08	0		15.685300
28	110	1	0	25	0	10	25	12	12	458.95	0		3.093045
28	111	1	0	34	12	0	25	12	12	458.95	0		3.093045
28	113	2	0	0	17	21	30	8	7	747.79	1		4.863795
28	112	2	0	25	0	22	30	8	7	747.79	1		4.863795
28	109	1	0	34	12	12	25	12	12	458.95	0		3.093045


-------------------------------------------------------------------------------------------------------------------
Tour_Id:			5
No_of_Customers:		3
No_of_Items:			11
Customer_Sequence:		1 63 80 

CustId	Id	TypeId	Rotated	x	y	z	Length	Width	Height	mass	Fragility	LoadBearingStrength
80	316	1	0	0	0	0	25	12	12	458.95	0		3.093045
80	318	3	0	0	12	0	34	5	10	374.08	0		15.685300
80	319	3	0	0	17	0	34	5	10	374.08	0		15.685300
80	317	2	0	0	12	10	30	8	7	747.79	1		4.863795
63	246	1	0	0	0	12	25	12	12	458.95	0		3.093045
63	247	3	0	25	0	0	34	5	10	374.08	0		15.685300
63	248	3	0	25	5	0	34	5	10	374.08	0		15.685300
63	249	3	0	25	0	10	34	5	10	374.08	0		15.685300
1	1	1	0	34	12	0	25	12	12	458.95	0		3.093045
1	3	3	0	25	5	10	34	5	10	374.08	0		15.685300
1	2	2	0	0	12	17	30	8	7	747.79	1		4.863795


-------------------------------------------------------------------------------------------------------------------
Tour_Id:			6
No_of_Customers:		4
No_of_Items:			17
Customer_Sequence:		81 40 79 24 

CustId	Id	TypeId	Rotated	x	y	z	Length	Width	Height	mass	Fragility	LoadBearingStrength
24	92	1	0	0	0	0	25	12	12	458.95	0		3.093045
79	313	3	0	0	12	0	34	5	10	374.08	0		15.685300
24	93	2	0	0	17	0	30	8	7	747.79	1		4.863795
24	94	2	0	0	17	7	30	8	7	747.79	1		4.863795
79	311	1	0	0	0	12	25	12	12	458.95	0		3.093045
79	314	3	0	0	12	10	34	5	10	374.08	0		15.685300
24	95	3	0	25	0	0	34	5	10	374.08	0		15.685300
79	315	3	0	0	12	20	34	5	10	374.08	0		15.685300
40	158	2	0	0	17	14	30	8	7	747.79	1		4.863795
79	312	2	0	30	17	0	30	8	7	747.79	1		4.863795
40	157	1	0	34	5	0	25	12	12	458.95	0		3.093045
40	159	2	0	0	17	21	30	8	7	747.79	1		4.863795
40	160	2	0	30	17	7	30	8	7	747.79	1		4.863795
40	161	2	0	30	17	14	30	8	7	747.79	1		4.863795
81	320	1	0	34	5	12	25	12	12	458.95	0		3.093045
81	322	3	0	25	0	10	34	5	10	374.08	0		15.685300
81	321	2	0	30	17	21	30	8	7	747.79	1		4.863795


-------------------------------------------------------------------------------------------------------------------
Tour_Id:			7
No_of_Customers:		4
No_of_Items:			14
Customer_Sequence:		26 82 95 29 

CustId	Id	TypeId	Rotated	x	y	z	Length	Width	Height	mass	Fragility	LoadBearingStrength
29	116	2	0	0	0	0	30	8	7	747.79	1		4.863795
29	117	3	0	0	8	0	34	5	10	374.08	0		15.685300
29	118	3	0	0	13	0	34	5	10	374.08	0		15.685300
29	115	1	0	0	8	10	25	12	12	458.95	0		3.093045
95	375	2	0	0	0	7	30	8	7	747.79	1		4.863795
95	378	3	0	0	20	0	34	5	10	374.08	0		15.685300
95	374	1	0	34	0	0	25	12	12	458.95	0		3.093045
95	376	2	0	0	0	14	30	8	7	747.79	1		4.863795
95	377	2	0	0	0	21	30	8	7	747.79	1		4.863795
82	325	3	0	0	20	10	34	5	10	374.08	0		15.685300
82	323	2	0	0	8	22	30	8	7	747.79	1		4.863795
82	324	2	0	30	0	12	30	8	7	747.79	1		4.863795
26	102	1	0	34	12	0	25	12	12	458.95	0		3.093045
26	103	1	0	30	8	12	25	12	12	458.95	0		3.093045


-------------------------------------------------------------------------------------------------------------------
Tour_Id:			8
No_of_Customers:		4
No_of_Items:			15
Customer_Sequence:		57 18 17 99 

CustId	Id	TypeId	Rotated	x	y	z	Length	Width	Height	mass	Fragility	LoadBearingStrength
99	396	3	0	0	0	0	34	5	10	374.08	0		15.685300
99	392	2	0	0	5	0	30	8	7	747.79	1		4.863795
17	67	1	0	0	13	0	25	12	12	458.95	0		3.093045
99	393	2	0	0	5	7	30	8	7	747.79	1		4.863795
99	397	3	0	0	0	10	34	5	10	374.08	0		15.685300
99	395	2	0	0	5	14	30	8	7	747.79	1		4.863795
17	68	3	0	0	0	20	34	5	10	374.08	0		15.685300
99	394	2	0	0	5	21	30	8	7	747.79	1		4.863795
18	69	1	0	0	13	12	25	12	12	458.95	0		3.093045
18	70	2	0	25	13	0	30	8	7	747.79	1		4.863795
18	71	2	0	25	13	7	30	8	7	747.79	1		4.863795
18	72	2	0	25	13	14	30	8	7	747.79	1		4.863795
57	223	1	0	34	0	0	25	12	12	458.95	0		3.093045
57	224	1	0	34	0	12	25	12	12	458.95	0		3.093045
57	225	2	0	25	13	21	30	8	7	747.79	1		4.863795


-------------------------------------------------------------------------------------------------------------------
Tour_Id:			9
No_of_Customers:		4
No_of_Items:			16
Customer_Sequence:		43 77 86 8 

CustId	Id	TypeId	Rotated	x	y	z	Length	Width	Height	mass	Fragility	LoadBearingStrength
86	339	1	0	0	0	0	25	12	12	458.95	0		3.093045
8	32	2	0	0	12	0	30	8	7	747.79	1		4.863795
8	34	3	0	0	20	0	34	5	10	374.08	0		15.685300
86	342	3	0	0	20	10	34	5	10	374.08	0		15.685300
86	343	3	0	0	20	20	34	5	10	374.08	0		15.685300
43	170	1	0	0	0	12	25	12	12	458.95	0		3.093045
86	344	3	0	25	0	0	34	5	10	374.08	0		15.685300
8	33	2	0	0	12	7	30	8	7	747.79	1		4.863795
86	340	2	0	0	12	14	30	8	7	747.79	1		4.863795
77	305	3	0	25	5	0	34	5	10	374.08	0		15.685300
86	341	2	0	0	12	21	30	8	7	747.79	1		4.863795
77	303	2	0	30	10	0	30	8	7	747.79	1		4.863795
77	304	2	0	30	12	7	30	8	7	747.79	1		4.863795
77	302	2	0	30	12	14	30	8	7	747.79	1		4.863795
43	171	3	0	25	0	10	34	5	10	374.08	0		15.685300
43	172	3	0	25	5	10	34	5	10	374.08	0		15.685300


-------------------------------------------------------------------------------------------------------------------
Tour_Id:			10
No_of_Customers:		2
No_of_Items:			11
Customer_Sequence:		7 64 

CustId	Id	TypeId	Rotated	x	y	z	Length	Width	Height	mass	Fragility	LoadBearingStrength
64	250	1	0	0	0	0	25	12	12	458.95	0		3.093045
64	254	3	0	0	12	0	34	5	10	374.08	0		15.685300
64	251	2	0	0	17	0	30	8	7	747.79	1		4.863795
64	255	3	0	0	12	10	34	5	10	374.08	0		15.685300
64	252	2	0	0	17	7	30	8	7	747.79	1		4.863795
7	28	1	0	0	0	12	25	12	12	458.95	0		3.093045
64	253	2	0	0	17	14	30	8	7	747.79	1		4.863795
7	27	1	0	25	0	0	25	12	12	458.95	0		3.093045
7	29	1	0	25	0	12	25	12	12	458.95	0		3.093045
7	30	1	0	34	12	0	25	12	12	458.95	0		3.093045
7	31	1	0	34	12	12	25	12	12	458.95	0		3.093045


-------------------------------------------------------------------------------------------------------------------
Tour_Id:			11
No_of_Customers:		3
No_of_Items:			13
Customer_Sequence:		65 60 84 

CustId	Id	TypeId	Rotated	x	y	z	Length	Width	Height	mass	Fragility	LoadBearingStrength
84	332	2	0	0	0	0	30	8	7	747.79	1		4.863795
60	237	3	0	0	8	0	34	5	10	374.08	0		15.685300
60	233	1	0	0	13	0	25	12	12	458.95	0		3.093045
60	234	1	0	0	13	12	25	12	12	458.95	0		3.093045
60	235	1	0	25	13	0	25	12	12	458.95	0		3.093045
60	236	1	0	25	13	12	25	12	12	458.95	0		3.093045
84	333	2	0	0	0	7	30	8	7	747.79	1		4.863795
65	256	1	0	34	0	0	25	12	12	458.95	0		3.093045
65	261	3	0	0	8	10	34	5	10	374.08	0		15.685300
65	257	2	0	0	0	14	30	8	7	747.79	1		4.863795
65	258	2	0	0	0	21	30	8	7	747.79	1		4.863795
65	259	2	0	30	0	12	30	8	7	747.79	1		4.863795
65	260	2	0	30	0	19	30	8	7	747.79	1		4.863795


-------------------------------------------------------------------------------------------------------------------
Tour_Id:			12
No_of_Customers:		3
No_of_Items:			13
Customer_Sequence:		4 58 51 

CustId	Id	TypeId	Rotated	x	y	z	Length	Width	Height	mass	Fragility	LoadBearingStrength
51	198	1	0	0	0	0	25	12	12	458.95	0		3.093045
58	228	3	0	0	12	0	34	5	10	374.08	0		15.685300
51	200	2	0	0	17	0	30	8	7	747.79	1		4.863795
51	202	3	0	25	0	0	34	5	10	374.08	0		15.685300
51	201	3	0	25	5	0	34	5	10	374.08	0		15.685300
51	199	1	0	0	0	12	25	12	12	458.95	0		3.093045
58	227	3	0	0	12	10	34	5	10	374.08	0		15.685300
4	13	1	0	25	0	10	25	12	12	458.95	0		3.093045
58	226	2	0	0	17	7	30	8	7	747.79	1		4.863795
4	14	1	0	34	12	0	25	12	12	458.95	0		3.093045
4	15	1	0	34	12	12	25	12	12	458.95	0		3.093045
4	17	3	0	0	12	20	34	5	10	374.08	0		15.685300
4	16	2	0	0	17	14	30	8	7	747.79	1		4.863795


-------------------------------------------------------------------------------------------------------------------
Tour_Id:			13
No_of_Customers:		4
No_of_Items:			14
Customer_Sequence:		3 11 100 19 

CustId	Id	TypeId	Rotated	x	y	z	Length	Width	Height	mass	Fragility	LoadBearingStrength
19	75	2	0	0	0	0	30	8	7	747.79	1		4.863795
19	74	1	0	0	8	0	25	12	12	458.95	0		3.093045
19	76	3	0	0	20	0	34	5	10	374.08	0		15.685300
19	73	1	0	0	8	12	25	12	12	458.95	0		3.093045
100	398	2	0	0	0	7	30	8	7	747.79	1		4.863795
100	400	3	0	0	20	10	34	5	10	374.08	0		15.685300
100	399	3	0	0	20	20	34	5	10	374.08	0		15.685300
11	46	3	0	25	8	0	34	5	10	374.08	0		15.685300
11	47	3	0	25	13	0	34	5	10	374.08	0		15.685300
11	45	2	0	0	0	14	30	8	7	747.79	1		4.863795
3	11	3	0	25	8	10	34	5	10	374.08	0		15.685300
3	12	3	0	25	13	10	34	5	10	374.08	0		15.685300
3	9	2	0	0	0	21	30	8	7	747.79	1		4.863795
3	10	2	0	25	8	20	30	8	7	747.79	1		4.863795


-------------------------------------------------------------------------------------------------------------------
Tour_Id:			14
No_of_Customers:		4
No_of_Items:			16
Customer_Sequence:		9 46 59 48 

CustId	Id	TypeId	Rotated	x	y	z	Length	Width	Height	mass	Fragility	LoadBearingStrength
46	183	3	0	0	0	0	34	5	10	374.08	0		15.685300
48	190	2	0	0	5	0	30	8	7	747.79	1		4.863795
59	229	1	0	0	13	0	25	12	12	458.95	0		3.093045
59	230	1	0	0	13	12	25	12	12	458.95	0		3.093045
59	232	3	0	25	13	0	34	5	10	374.08	0		15.685300
59	231	2	0	0	5	7	30	8	7	747.79	1		4.863795
48	189	2	0	30	5	0	30	8	7	747.79	1		4.863795
46	184	3	0	0	0	10	34	5	10	374.08	0		15.685300
46	180	2	0	0	5	14	30	8	7	747.79	1		4.863795
46	181	2	0	0	5	21	30	8	7	747.79	1		4.863795
46	182	2	0	30	5	7	30	8	7	747.79	1		4.863795
9	38	3	0	0	0	20	34	5	10	374.08	0		15.685300
9	39	3	0	25	18	0	34	5	10	374.08	0		15.685300
9	35	2	0	25	13	10	30	8	7	747.79	1		4.863795
9	36	2	0	25	13	17	30	8	7	747.79	1		4.863795
9	37	2	0	30	5	14	30	8	7	747.79	1		4.863795


-------------------------------------------------------------------------------------------------------------------
Tour_Id:			15
No_of_Customers:		3
No_of_Items:			12
Customer_Sequence:		12 98 68 

CustId	Id	TypeId	Rotated	x	y	z	Length	Width	Height	mass	Fragility	LoadBearingStrength
98	389	2	0	0	0	0	30	8	7	747.79	1		4.863795
68	274	1	0	0	8	0	25	12	12	458.95	0		3.093045
68	275	3	0	0	20	0	34	5	10	374.08	0		15.685300
98	387	1	0	0	8	12	25	12	12	458.95	0		3.093045
98	391	3	0	0	20	10	34	5	10	374.08	0		15.685300
98	388	2	0	0	0	7	30	8	7	747.79	1		4.863795
68	273	1	0	25	8	0	25	12	12	458.95	0		3.093045
98	390	2	0	0	0	14	30	8	7	747.79	1		4.863795
12	48	1	0	25	8	12	25	12	12	458.95	0		3.093045
12	51	3	0	0	20	20	34	5	10	374.08	0		15.685300
12	49	2	0	0	0	21	30	8	7	747.79	1		4.863795
12	50	2	0	30	0	0	30	8	7	747.79	1		4.863795


-------------------------------------------------------------------------------------------------------------------
Tour_Id:			16
No_of_Customers:		4
No_of_Items:			13
Customer_Sequence:		47 89 90 69 

CustId	Id	TypeId	Rotated	x	y	z	Length	Width	Height	mass	Fragility	LoadBearingStrength
69	276	1	0	0	0	0	25	12	12	458.95	0		3.093045
89	355	3	0	0	12	0	34	5	10	374.08	0		15.685300
69	278	3	0	0	17	0	34	5	10	374.08	0		15.685300
90	356	1	0	0	0	12	25	12	12	458.95	0		3.093045
69	277	3	0	0	17	10	34	5	10	374.08	0		15.685300
90	357	1	0	25	0	0	25	12	12	458.95	0		3.093045
89	353	2	0	25	0	12	30	8	7	747.79	1		4.863795
89	352	2	0	25	0	19	30	8	7	747.79	1		4.863795
89	354	3	0	0	12	10	34	5	10	374.08	0		15.685300
47	185	1	0	34	12	0	25	12	12	458.95	0		3.093045
47	186	1	0	34	8	12	25	12	12	458.95	0		3.093045
47	187	3	0	0	12	20	34	5	10	374.08	0		15.685300
47	188	3	0	0	17	20	34	5	10	374.08	0		15.685300


-------------------------------------------------------------------------------------------------------------------
Tour_Id:			17
No_of_Customers:		5
No_of_Items:			16
Customer_Sequence:		88 21 61 41 71 

CustId	Id	TypeId	Rotated	x	y	z	Length	Width	Height	mass	Fragility	LoadBearingStrength
71	282	3	0	0	0	0	34	5	10	374.08	0		15.685300
71	281	2	0	0	5	0	30	8	7	747.79	1		4.863795
41	163	3	0	0	13	0	34	5	10	374.08	0		15.685300
41	164	3	0	0	18	0	34	5	10	374.08	0		15.685300
41	165	3	0	0	0	10	34	5	10	374.08	0		15.685300
41	162	2	0	0	5	7	30	8	7	747.79	1		4.863795
61	240	3	0	0	13	10	34	5	10	374.08	0		15.685300
61	238	1	0	34	0	0	25	12	12	458.95	0		3.093045
61	239	2	0	0	5	14	30	8	7	747.79	1		4.863795
21	83	3	0	0	18	10	34	5	10	374.08	0		15.685300
21	81	2	0	0	13	20	30	8	7	747.79	1		4.863795
21	82	2	0	0	5	21	30	8	7	747.79	1		4.863795
88	348	1	0	34	12	0	25	12	12	458.95	0		3.093045
88	349	1	0	34	0	12	25	12	12	458.95	0		3.093045
88	350	1	0	34	12	12	25	12	12	458.95	0		3.093045
88	351	3	0	0	0	20	34	5	10	374.08	0		15.685300


-------------------------------------------------------------------------------------------------------------------
Tour_Id:			18
No_of_Customers:		3
No_of_Items:			13
Customer_Sequence:		27 76 36 

CustId	Id	TypeId	Rotated	x	y	z	Length	Width	Height	mass	Fragility	LoadBearingStrength
36	144	1	0	0	0	0	25	12	12	458.95	0		3.093045
36	145	3	0	0	12	0	34	5	10	374.08	0		15.685300
36	146	3	0	0	17	0	34	5	10	374.08	0		15.685300
36	147	3	0	0	12	10	34	5	10	374.08	0		15.685300
76	298	1	0	0	0	12	25	12	12	458.95	0		3.093045
76	299	2	0	25	0	0	30	8	7	747.79	1		4.863795
76	300	2	0	25	0	7	30	8	7	747.79	1		4.863795
76	301	2	0	25	0	14	30	8	7	747.79	1		4.863795
27	104	1	0	34	12	0	25	12	12	458.95	0		3.093045
27	105	1	0	34	12	12	25	12	12	458.95	0		3.093045
27	107	3	0	0	17	10	34	5	10	374.08	0		15.685300
27	108	3	0	0	12	20	34	5	10	374.08	0		15.685300
27	106	2	0	25	0	21	30	8	7	747.79	1		4.863795


-------------------------------------------------------------------------------------------------------------------
Tour_Id:			19
No_of_Customers:		4
No_of_Items:			15
Customer_Sequence:		97 37 15 96 

CustId	Id	TypeId	Rotated	x	y	z	Length	Width	Height	mass	Fragility	LoadBearingStrength
15	63	3	0	0	0	0	34	5	10	374.08	0		15.685300
96	381	3	0	0	5	0	34	5	10	374.08	0		15.685300
96	379	2	0	0	10	0	30	8	7	747.79	1		4.863795
96	382	3	0	0	18	0	34	5	10	374.08	0		15.685300
15	62	3	0	0	0	10	34	5	10	374.08	0		15.685300
15	60	2	0	0	10	7	30	8	7	747.79	1		4.863795
96	380	3	0	0	5	10	34	5	10	374.08	0		15.685300
37	148	1	0	34	0	0	25	12	12	458.95	0		3.093045
15	61	2	0	0	10	14	30	8	7	747.79	1		4.863795
37	150	3	0	0	18	10	34	5	10	374.08	0		15.685300
97	384	1	0	34	12	0	25	12	12	458.95	0		3.093045
97	385	3	0	0	0	20	34	5	10	374.08	0		15.685300
37	149	2	0	0	10	21	30	8	7	747.79	1		4.863795
97	383	1	0	34	0	12	25	12	12	458.95	0		3.093045
97	386	3	0	0	5	20	34	5	10	374.08	0		15.685300


-------------------------------------------------------------------------------------------------------------------
Tour_Id:			20
No_of_Customers:		4
No_of_Items:			15
Customer_Sequence:		55 49 25 91 

CustId	Id	TypeId	Rotated	x	y	z	Length	Width	Height	mass	Fragility	LoadBearingStrength
25	96	1	0	0	0	0	25	12	12	458.95	0		3.093045
91	358	2	0	0	12	0	30	8	7	747.79	1		4.863795
91	359	2	0	0	12	7	30	8	7	747.79	1		4.863795
91	360	3	0	0	20	0	34	5	10	374.08	0		15.685300
49	191	3	0	0	20	10	34	5	10	374.08	0		15.685300
25	99	3	0	25	0	0	34	5	10	374.08	0		15.685300
25	100	3	0	25	5	0	34	5	10	374.08	0		15.685300
25	101	3	0	25	0	10	34	5	10	374.08	0		15.685300
25	98	2	0	0	12	14	30	8	7	747.79	1		4.863795
25	97	1	0	0	0	12	25	12	12	458.95	0		3.093045
49	192	3	0	0	20	20	34	5	10	374.08	0		15.685300
49	193	3	0	25	5	10	34	5	10	374.08	0		15.685300
55	214	1	0	34	10	0	25	12	12	458.95	0		3.093045
55	215	3	0	25	0	20	34	5	10	374.08	0		15.685300
55	216	3	0	25	5	20	34	5	10	374.08	0		15.685300


-------------------------------------------------------------------------------------------------------------------
Tour_Id:			21
No_of_Customers:		3
No_of_Items:			12
Customer_Sequence:		33 39 20 

CustId	Id	TypeId	Rotated	x	y	z	Length	Width	Height	mass	Fragility	LoadBearingStrength
20	77	1	0	0	0	0	25	12	12	458.95	0		3.093045
20	80	3	0	0	12	0	34	5	10	374.08	0		15.685300
20	78	2	0	0	17	0	30	8	7	747.79	1		4.863795
20	79	2	0	0	17	7	30	8	7	747.79	1		4.863795
39	154	1	0	0	0	12	25	12	12	458.95	0		3.093045
39	156	3	0	0	12	10	34	5	10	374.08	0		15.685300
39	155	2	0	0	17	14	30	8	7	747.79	1		4.863795
33	130	1	0	25	0	0	25	12	12	458.95	0		3.093045
33	131	1	0	25	0	12	25	12	12	458.95	0		3.093045
33	132	1	0	34	12	0	25	12	12	458.95	0		3.093045
33	133	1	0	34	12	12	25	12	12	458.95	0		3.093045
33	134	3	0	0	12	20	34	5	10	374.08	0		15.685300


-------------------------------------------------------------------------------------------------------------------
Tour_Id:			22
No_of_Customers:		3
No_of_Items:			16
Customer_Sequence:		67 2 66 

CustId	Id	TypeId	Rotated	x	y	z	Length	Width	Height	mass	Fragility	LoadBearingStrength
66	262	1	0	0	0	0	25	12	12	458.95	0		3.093045
66	265	3	0	0	12	0	34	5	10	374.08	0		15.685300
66	264	2	0	0	17	0	30	8	7	747.79	1		4.863795
66	267	3	0	0	12	10	34	5	10	374.08	0		15.685300
66	263	2	0	0	17	7	30	8	7	747.79	1		4.863795
66	266	3	0	0	12	20	34	5	10	374.08	0		15.685300
2	5	3	0	25	0	0	34	5	10	374.08	0		15.685300
2	6	3	0	25	5	0	34	5	10	374.08	0		15.685300
2	7	3	0	25	0	10	34	5	10	374.08	0		15.685300
2	8	3	0	25	5	10	34	5	10	374.08	0		15.685300
2	4	2	0	0	17	14	30	8	7	747.79	1		4.863795
67	268	1	0	34	12	0	25	12	12	458.95	0		3.093045
67	269	1	0	34	10	12	25	12	12	458.95	0		3.093045
67	271	3	0	25	0	20	34	5	10	374.08	0		15.685300
67	272	3	0	25	5	20	34	5	10	374.08	0		15.685300
67	270	2	0	0	17	21	30	8	7	747.79	1		4.863795


-------------------------------------------------------------------------------------------------------------------
Tour_Id:			23
No_of_Customers:		3
No_of_Items:			14
Customer_Sequence:		62 44 5 

CustId	Id	TypeId	Rotated	x	y	z	Length	Width	Height	mass	Fragility	LoadBearingStrength
5	18	1	0	0	0	0	25	12	12	458.95	0		3.093045
5	19	1	0	0	12	0	25	12	12	458.95	0		3.093045
5	20	1	0	0	0	12	25	12	12	458.95	0		3.093045
5	21	3	0	25	0	0	34	5	10	374.08	0		15.685300
5	22	3	0	25	5	0	34	5	10	374.08	0		15.685300
44	173	1	0	0	12	12	25	12	12	458.95	0		3.093045
44	176	3	0	25	10	0	34	5	10	374.08	0		15.685300
44	174	1	0	25	0	10	25	12	12	458.95	0		3.093045
62	245	3	0	25	15	0	34	5	10	374.08	0		15.685300
62	243	3	0	25	20	0	34	5	10	374.08	0		15.685300
62	244	3	0	25	12	10	34	5	10	374.08	0		15.685300
44	175	2	0	25	0	22	30	8	7	747.79	1		4.863795
62	241	2	0	25	17	10	30	8	7	747.79	1		4.863795
62	242	2	0	25	17	17	30	8	7	747.79	1		4.863795


-------------------------------------------------------------------------------------------------------------------
Tour_Id:			24
No_of_Customers:		3
No_of_Items:			11
Customer_Sequence:		74 14 70 

CustId	Id	TypeId	Rotated	x	y	z	Length	Width	Height	mass	Fragility	LoadBearingStrength
70	279	1	0	0	0	0	25	12	12	458.95	0		3.093045
70	280	2	0	0	12	0	30	8	7	747.79	1		4.863795
14	55	1	0	0	0	12	25	12	12	458.95	0		3.093045
14	56	1	0	25	0	0	25	12	12	458.95	0		3.093045
14	57	1	0	25	0	12	25	12	12	458.95	0		3.093045
74	292	3	0	0	20	0	34	5	10	374.08	0		15.685300
74	291	1	0	34	12	0	25	12	12	458.95	0		3.093045
74	290	1	0	34	12	12	25	12	12	458.95	0		3.093045
14	59	2	0	0	12	7	30	8	7	747.79	1		4.863795
14	58	2	0	0	12	14	30	8	7	747.79	1		4.863795
74	293	3	0	0	20	10	34	5	10	374.08	0		15.685300


-------------------------------------------------------------------------------------------------------------------
Tour_Id:			25
No_of_Customers:		3
No_of_Items:			9
Customer_Sequence:		13 73 34 

CustId	Id	TypeId	Rotated	x	y	z	Length	Width	Height	mass	Fragility	LoadBearingStrength
34	135	1	0	0	0	0	25	12	12	458.95	0		3.093045
34	136	1	0	0	12	0	25	12	12	458.95	0		3.093045
34	137	3	0	25	0	0	34	5	10	374.08	0		15.685300
73	287	1	0	0	0	12	25	12	12	458.95	0		3.093045
73	288	1	0	0	12	12	25	12	12	458.95	0		3.093045
73	289	3	0	25	5	0	34	5	10	374.08	0		15.685300
13	52	1	0	25	10	0	25	12	12	458.95	0		3.093045
13	53	1	0	25	10	12	25	12	12	458.95	0		3.093045
13	54	3	0	25	0	10	34	5	10	374.08	0		15.685300


-------------------------------------------------------------------------------------------------------------------
Tour_Id:			26
No_of_Customers:		5
No_of_Items:			18
Customer_Sequence:		16 31 54 53 75 

CustId	Id	TypeId	Rotated	x	y	z	Length	Width	Height	mass	Fragility	LoadBearingStrength
75	294	1	0	0	0	0	25	12	12	458.95	0		3.093045
53	207	3	0	0	12	0	34	5	10	374.08	0		15.685300
75	296	2	0	0	17	0	30	8	7	747.79	1		4.863795
75	297	2	0	0	17	7	30	8	7	747.79	1		4.863795
54	211	1	0	0	0	12	25	12	12	458.95	0		3.093045
75	295	2	0	0	17	14	30	8	7	747.79	1		4.863795
53	208	3	0	0	12	10	34	5	10	374.08	0		15.685300
53	209	3	0	0	12	20	34	5	10	374.08	0		15.685300
53	210	3	0	25	0	0	34	5	10	374.08	0		15.685300
53	206	3	0	25	5	0	34	5	10	374.08	0		15.685300
54	213	3	0	25	0	10	34	5	10	374.08	0		15.685300
54	212	2	0	0	17	21	30	8	7	747.79	1		4.863795
31	124	3	0	25	5	10	34	5	10	374.08	0		15.685300
31	125	3	0	25	0	20	34	5	10	374.08	0		15.685300
31	123	2	0	30	17	0	30	8	7	747.79	1		4.863795
16	64	2	0	30	17	7	30	8	7	747.79	1		4.863795
16	65	2	0	30	17	14	30	8	7	747.79	1		4.863795
16	66	2	0	30	17	21	30	8	7	747.79	1		4.863795


-------------------------------------------------------------------------------------------------------------------
Tour_Id:			27
No_of_Customers:		4
No_of_Items:			15
Customer_Sequence:		45 38 78 22 

CustId	Id	TypeId	Rotated	x	y	z	Length	Width	Height	mass	Fragility	LoadBearingStrength
22	85	3	0	0	0	0	34	5	10	374.08	0		15.685300
22	86	3	0	0	5	0	34	5	10	374.08	0		15.685300
22	87	3	0	0	10	0	34	5	10	374.08	0		15.685300
78	309	3	0	0	15	0	34	5	10	374.08	0		15.685300
22	84	2	0	0	0	10	30	8	7	747.79	1		4.863795
78	307	1	0	0	8	10	25	12	12	458.95	0		3.093045
78	306	1	0	34	0	0	25	12	12	458.95	0		3.093045
78	308	2	0	0	0	17	30	8	7	747.79	1		4.863795
78	310	3	0	0	20	0	34	5	10	374.08	0		15.685300
38	153	3	0	0	20	10	34	5	10	374.08	0		15.685300
38	152	3	0	0	20	20	34	5	10	374.08	0		15.685300
45	177	1	0	30	0	12	25	12	12	458.95	0		3.093045
38	151	1	0	34	12	0	25	12	12	458.95	0		3.093045
45	178	1	0	34	12	12	25	12	12	458.95	0		3.093045
45	179	2	0	0	8	22	30	8	7	747.79	1		4.863795


-------------------------------------------------------------------------------------------------------------------
Tour_Id:			28
No_of_Customers:		3
No_of_Items:			14
Customer_Sequence:		92 85 23 

CustId	Id	TypeId	Rotated	x	y	z	Length	Width	Height	mass	Fragility	LoadBearingStrength
23	88	1	0	0	0	0	25	12	12	458.95	0		3.093045
23	90	3	0	0	12	0	34	5	10	374.08	0		15.685300
23	89	2	0	0	17	0	30	8	7	747.79	1		4.863795
23	91	3	0	0	12	10	34	5	10	374.08	0		15.685300
85	338	3	0	0	12	20	34	5	10	374.08	0		15.685300
85	336	3	0	25	0	0	34	5	10	374.08	0		15.685300
85	337	3	0	25	5	0	34	5	10	374.08	0		15.685300
85	334	1	0	0	0	12	25	12	12	458.95	0		3.093045
85	335	2	0	0	17	7	30	8	7	747.79	1		4.863795
92	361	1	0	25	0	10	25	12	12	458.95	0		3.093045
92	362	1	0	34	12	0	25	12	12	458.95	0		3.093045
92	363	2	0	0	17	14	30	8	7	747.79	1		4.863795
92	364	2	0	0	17	21	30	8	7	747.79	1		4.863795
92	365	2	0	25	0	22	30	8	7	747.79	1		4.863795


-------------------------------------------------------------------------------------------------------------------
Tour_Id:			29
No_of_Customers:		2
No_of_Items:			12
Customer_Sequence:		83 56 

CustId	Id	TypeId	Rotated	x	y	z	Length	Width	Height	mass	Fragility	LoadBearingStrength
56	221	3	0	0	0	0	34	5	10	374.08	0		15.685300
56	218	3	0	0	5	0	34	5	10	374.08	0		15.685300
56	222	3	0	0	10	0	34	5	10	374.08	0		15.685300
56	220	3	0	0	15	0	34	5	10	374.08	0		15.685300
56	217	1	0	0	0	10	25	12	12	458.95	0		3.093045
83	327	1	0	34	0	0	25	12	12	458.95	0		3.093045
83	326	1	0	34	12	0	25	12	12	458.95	0		3.093045
56	219	3	0	0	20	0	34	5	10	374.08	0		15.685300
83	329	3	0	0	12	10	34	5	10	374.08	0		15.685300
83	330	3	0	0	17	10	34	5	10	374.08	0		15.685300
83	331	3	0	0	12	20	34	5	10	374.08	0		15.685300
83	328	2	0	0	0	22	30	8	7	747.79	1		4.863795


