Name:				548_n100_m400_bt10
Problem:			3L-VRPTW
Number_of_used_Vehicles:	30
Total_Travel_Distance:		2121.77
Calculation_Time:		3600.00
Total_Iterations:		1747
ConstraintSet:			P1

-------------------------------------------------------------------------------------------------------------------
Tour_Id:			1
No_of_Customers:		3
No_of_Items:			11
Customer_Sequence:		20 19 73 

CustId	Id	TypeId	Rotated	x	y	z	Length	Width	Height	mass	Fragility	LoadBearingStrength
73	286	8	0	0	0	0	30	10	11	504.46	1		1.363769
73	285	8	0	0	10	0	30	10	11	504.46	1		1.363769
19	77	8	0	0	0	11	30	10	11	504.46	1		1.363769
73	284	3	0	0	20	0	14	5	13	194.40	0		13.874845
19	75	6	0	30	0	0	30	7	7	169.06	0		3.598418
73	283	1	0	30	7	0	22	14	10	729.09	0		21.268666
19	74	4	0	30	0	7	21	7	10	150.38	0		3.744867
19	76	8	0	0	10	11	30	10	11	504.46	1		1.363769
19	73	1	0	30	7	10	22	14	10	729.09	0		21.268666
20	78	1	0	30	7	20	22	14	10	729.09	0		21.268666
20	79	9	0	0	0	22	17	5	6	136.82	1		3.767476


-------------------------------------------------------------------------------------------------------------------
Tour_Id:			2
No_of_Customers:		4
No_of_Items:			15
Customer_Sequence:		50 24 53 79 

CustId	Id	TypeId	Rotated	x	y	z	Length	Width	Height	mass	Fragility	LoadBearingStrength
79	310	1	0	0	0	0	22	14	10	729.09	0		21.268666
79	311	1	0	0	0	10	22	14	10	729.09	0		21.268666
79	314	10	0	0	14	0	17	7	13	476.93	0		18.638500
79	312	8	0	17	14	0	30	10	11	504.46	1		1.363769
79	313	9	0	0	14	13	17	5	6	136.82	1		3.767476
53	206	10	0	22	0	0	17	7	13	476.93	0		18.638500
53	204	6	0	22	7	0	30	7	7	169.06	0		3.598418
53	205	6	0	22	7	7	30	7	7	169.06	0		3.598418
24	96	6	0	22	7	14	30	7	7	169.06	0		3.598418
24	94	4	0	0	0	20	21	7	10	150.38	0		3.744867
24	95	4	0	0	7	20	21	7	10	150.38	0		3.744867
24	97	7	0	22	7	21	26	6	6	179.46	0		46.063427
24	98	8	0	17	14	11	30	10	11	504.46	1		1.363769
50	198	4	0	22	0	13	21	7	10	150.38	0		3.744867
50	197	3	0	39	0	0	14	5	13	194.40	0		13.874845


-------------------------------------------------------------------------------------------------------------------
Tour_Id:			3
No_of_Customers:		4
No_of_Items:			14
Customer_Sequence:		93 40 11 96 

CustId	Id	TypeId	Rotated	x	y	z	Length	Width	Height	mass	Fragility	LoadBearingStrength
96	381	1	0	0	0	0	22	14	10	729.09	0		21.268666
96	383	6	0	0	14	0	30	7	7	169.06	0		3.598418
96	382	3	0	0	14	7	14	5	13	194.40	0		13.874845
11	41	1	0	0	0	10	22	14	10	729.09	0		21.268666
11	42	2	0	22	0	0	16	14	11	425.72	0		11.957010
11	43	4	0	0	0	20	21	7	10	150.38	0		3.744867
40	157	2	0	22	0	11	16	14	11	425.72	0		11.957010
40	159	5	0	30	14	0	29	10	8	368.90	0		4.151329
40	160	10	0	30	14	8	17	7	13	476.93	0		18.638500
40	158	4	0	0	7	20	21	7	10	150.38	0		3.744867
93	369	2	0	38	0	0	16	14	11	425.72	0		11.957010
93	371	4	0	38	0	11	21	7	10	150.38	0		3.744867
93	370	3	0	38	7	11	14	5	13	194.40	0		13.874845
93	372	9	0	21	0	22	17	5	6	136.82	1		3.767476


-------------------------------------------------------------------------------------------------------------------
Tour_Id:			4
No_of_Customers:		3
No_of_Items:			14
Customer_Sequence:		5 89 42 

CustId	Id	TypeId	Rotated	x	y	z	Length	Width	Height	mass	Fragility	LoadBearingStrength
42	169	10	0	0	0	0	17	7	13	476.93	0		18.638500
42	165	2	0	0	7	0	16	14	11	425.72	0		11.957010
42	166	2	0	0	7	11	16	14	11	425.72	0		11.957010
42	164	1	0	16	7	0	22	14	10	729.09	0		21.268666
89	354	4	0	0	0	13	21	7	10	150.38	0		3.744867
42	167	3	0	16	7	10	14	5	13	194.40	0		13.874845
42	168	9	1	0	7	22	17	5	6	136.82	1		3.767476
5	16	6	0	21	0	0	30	7	7	169.06	0		3.598418
89	352	4	0	16	12	10	21	7	10	150.38	0		3.744867
89	353	4	0	16	12	20	21	7	10	150.38	0		3.744867
89	355	9	0	0	0	23	17	5	6	136.82	1		3.767476
89	350	1	0	38	7	0	22	14	10	729.09	0		21.268666
5	15	3	0	21	0	7	14	5	13	194.40	0		13.874845
89	351	1	0	38	7	10	22	14	10	729.09	0		21.268666


-------------------------------------------------------------------------------------------------------------------
Tour_Id:			5
No_of_Customers:		4
No_of_Items:			14
Customer_Sequence:		61 31 80 43 

CustId	Id	TypeId	Rotated	x	y	z	Length	Width	Height	mass	Fragility	LoadBearingStrength
43	170	1	0	0	0	0	22	14	10	729.09	0		21.268666
43	172	10	0	0	14	0	17	7	13	476.93	0		18.638500
43	171	4	0	0	0	10	21	7	10	150.38	0		3.744867
80	315	1	0	22	0	0	22	14	10	729.09	0		21.268666
80	317	5	0	17	14	0	29	10	8	368.90	0		4.151329
31	123	9	0	0	7	10	17	5	6	136.82	1		3.767476
80	316	4	0	0	14	13	21	7	10	150.38	0		3.744867
31	122	8	0	21	14	8	30	10	11	504.46	1		1.363769
80	318	9	0	0	0	20	17	5	6	136.82	1		3.767476
80	319	10	0	21	0	10	17	7	13	476.93	0		18.638500
61	239	2	0	44	0	0	16	14	11	425.72	0		11.957010
61	240	7	0	0	14	23	26	6	6	179.46	0		46.063427
61	241	7	0	17	7	10	26	6	6	179.46	0		46.063427
61	242	9	0	0	7	16	17	5	6	136.82	1		3.767476


-------------------------------------------------------------------------------------------------------------------
Tour_Id:			6
No_of_Customers:		2
No_of_Items:			10
Customer_Sequence:		37 69 

CustId	Id	TypeId	Rotated	x	y	z	Length	Width	Height	mass	Fragility	LoadBearingStrength
69	269	2	0	0	0	0	16	14	11	425.72	0		11.957010
69	272	5	0	0	14	0	29	10	8	368.90	0		4.151329
69	273	10	0	0	14	8	17	7	13	476.93	0		18.638500
69	271	4	0	0	0	11	21	7	10	150.38	0		3.744867
69	270	3	0	0	7	11	14	5	13	194.40	0		13.874845
37	146	6	0	21	0	0	30	7	7	169.06	0		3.598418
37	147	6	0	16	7	0	30	7	7	169.06	0		3.598418
37	144	4	0	16	7	7	21	7	10	150.38	0		3.744867
37	145	4	0	14	7	17	21	7	10	150.38	0		3.744867
37	148	8	0	29	14	0	30	10	11	504.46	1		1.363769


-------------------------------------------------------------------------------------------------------------------
Tour_Id:			7
No_of_Customers:		1
No_of_Items:			0
Customer_Sequence:		55 

-------------------------------------------------------------------------------------------------------------------
Tour_Id:			8
No_of_Customers:		4
No_of_Items:			14
Customer_Sequence:		54 59 71 85 

CustId	Id	TypeId	Rotated	x	y	z	Length	Width	Height	mass	Fragility	LoadBearingStrength
85	332	2	0	0	0	0	16	14	11	425.72	0		11.957010
85	333	5	0	0	14	0	29	10	8	368.90	0		4.151329
85	334	6	0	0	14	8	30	7	7	169.06	0		3.598418
85	335	8	0	16	0	0	30	10	11	504.46	1		1.363769
71	276	2	0	0	0	11	16	14	11	425.72	0		11.957010
71	277	6	0	0	14	15	30	7	7	169.06	0		3.598418
71	278	8	0	16	0	11	30	10	11	504.46	1		1.363769
71	279	9	0	0	0	22	17	5	6	136.82	1		3.767476
59	230	5	0	30	10	0	29	10	8	368.90	0		4.151329
59	229	3	0	30	20	0	14	5	13	194.40	0		13.874845
59	231	8	0	30	10	8	30	10	11	504.46	1		1.363769
59	232	9	0	0	5	22	17	5	6	136.82	1		3.767476
54	207	3	0	30	20	13	14	5	13	194.40	0		13.874845
54	208	8	0	30	10	19	30	10	11	504.46	1		1.363769


-------------------------------------------------------------------------------------------------------------------
Tour_Id:			9
No_of_Customers:		3
No_of_Items:			11
Customer_Sequence:		91 4 82 

CustId	Id	TypeId	Rotated	x	y	z	Length	Width	Height	mass	Fragility	LoadBearingStrength
82	323	5	0	0	0	0	29	10	8	368.90	0		4.151329
82	324	9	0	0	10	0	17	5	6	136.82	1		3.767476
82	325	9	0	0	15	0	17	5	6	136.82	1		3.767476
4	11	2	0	17	10	0	16	14	11	425.72	0		11.957010
4	12	5	0	0	0	8	29	10	8	368.90	0		4.151329
4	13	6	0	0	0	16	30	7	7	169.06	0		3.598418
4	14	7	0	0	0	23	26	6	6	179.46	0		46.063427
91	361	1	0	33	0	0	22	14	10	729.09	0		21.268666
91	362	1	0	33	0	10	22	14	10	729.09	0		21.268666
91	363	1	0	30	0	20	22	14	10	729.09	0		21.268666
91	364	7	0	33	14	0	26	6	6	179.46	0		46.063427


-------------------------------------------------------------------------------------------------------------------
Tour_Id:			10
No_of_Customers:		5
No_of_Items:			18
Customer_Sequence:		70 38 78 81 83 

CustId	Id	TypeId	Rotated	x	y	z	Length	Width	Height	mass	Fragility	LoadBearingStrength
83	327	5	0	0	0	0	29	10	8	368.90	0		4.151329
83	329	10	0	0	10	0	17	7	13	476.93	0		18.638500
78	304	1	0	17	10	0	22	14	10	729.09	0		21.268666
83	326	3	0	0	17	0	14	5	13	194.40	0		13.874845
81	321	5	0	0	0	8	29	10	8	368.90	0		4.151329
81	322	10	0	0	10	13	17	7	13	476.93	0		18.638500
83	328	6	0	29	0	0	30	7	7	169.06	0		3.598418
81	320	4	0	0	0	16	21	7	10	150.38	0		3.744867
78	309	10	0	17	10	10	17	7	13	476.93	0		18.638500
78	305	3	0	0	17	13	14	5	13	194.40	0		13.874845
78	306	3	0	14	17	10	14	5	13	194.40	0		13.874845
78	307	9	0	14	17	23	17	5	6	136.82	1		3.767476
78	308	9	0	17	10	23	17	5	6	136.82	1		3.767476
38	149	6	0	29	0	7	30	7	7	169.06	0		3.598418
38	150	7	0	29	0	14	26	6	6	179.46	0		46.063427
38	151	9	0	29	0	20	17	5	6	136.82	1		3.767476
70	274	2	0	39	10	0	16	14	11	425.72	0		11.957010
70	275	9	0	39	10	11	17	5	6	136.82	1		3.767476


-------------------------------------------------------------------------------------------------------------------
Tour_Id:			11
No_of_Customers:		4
No_of_Items:			15
Customer_Sequence:		66 27 35 74 

CustId	Id	TypeId	Rotated	x	y	z	Length	Width	Height	mass	Fragility	LoadBearingStrength
74	287	1	0	0	0	0	22	14	10	729.09	0		21.268666
74	288	3	0	0	14	0	14	5	13	194.40	0		13.874845
35	137	5	0	0	0	10	29	10	8	368.90	0		4.151329
35	135	1	0	22	0	0	22	14	10	729.09	0		21.268666
35	139	6	0	0	0	18	30	7	7	169.06	0		3.598418
35	136	2	0	30	0	10	16	14	11	425.72	0		11.957010
35	140	10	0	14	14	0	17	7	13	476.93	0		18.638500
35	138	6	0	0	14	13	30	7	7	169.06	0		3.598418
74	289	3	0	0	19	0	14	5	13	194.40	0		13.874845
27	106	1	1	46	0	0	22	14	10	729.09	0		21.268666
27	108	4	0	0	14	20	21	7	10	150.38	0		3.744867
27	107	3	0	31	14	0	14	5	13	194.40	0		13.874845
66	262	2	1	46	0	10	16	14	11	425.72	0		11.957010
66	263	6	0	30	0	21	30	7	7	169.06	0		3.598418
66	264	9	0	30	7	21	17	5	6	136.82	1		3.767476


-------------------------------------------------------------------------------------------------------------------
Tour_Id:			12
No_of_Customers:		4
No_of_Items:			18
Customer_Sequence:		67 32 39 15 

CustId	Id	TypeId	Rotated	x	y	z	Length	Width	Height	mass	Fragility	LoadBearingStrength
15	56	2	0	0	0	0	16	14	11	425.72	0		11.957010
15	57	2	0	0	0	11	16	14	11	425.72	0		11.957010
15	60	8	0	0	14	0	30	10	11	504.46	1		1.363769
15	59	8	0	0	14	11	30	10	11	504.46	1		1.363769
15	58	4	0	16	0	0	21	7	10	150.38	0		3.744867
15	61	9	0	0	0	22	17	5	6	136.82	1		3.767476
39	153	6	0	16	7	0	30	7	7	169.06	0		3.598418
39	154	6	0	16	7	7	30	7	7	169.06	0		3.598418
39	155	7	0	16	7	14	26	6	6	179.46	0		46.063427
39	152	3	0	17	0	10	14	5	13	194.40	0		13.874845
39	156	8	0	30	14	0	30	10	11	504.46	1		1.363769
32	124	4	0	16	7	20	21	7	10	150.38	0		3.744867
32	125	4	0	37	0	0	21	7	10	150.38	0		3.744867
32	126	7	0	31	0	10	26	6	6	179.46	0		46.063427
32	127	9	1	0	5	22	17	5	6	136.82	1		3.767476
32	128	9	1	5	5	22	17	5	6	136.82	1		3.767476
67	266	10	0	31	0	16	17	7	13	476.93	0		18.638500
67	265	3	0	46	7	0	14	5	13	194.40	0		13.874845


-------------------------------------------------------------------------------------------------------------------
Tour_Id:			13
No_of_Customers:		2
No_of_Items:			11
Customer_Sequence:		87 88 

CustId	Id	TypeId	Rotated	x	y	z	Length	Width	Height	mass	Fragility	LoadBearingStrength
88	344	2	0	0	0	0	16	14	11	425.72	0		11.957010
87	341	4	0	0	14	0	21	7	10	150.38	0		3.744867
88	345	4	0	0	0	11	21	7	10	150.38	0		3.744867
88	349	10	0	0	7	11	17	7	13	476.93	0		18.638500
88	347	8	0	21	0	0	30	10	11	504.46	1		1.363769
88	346	7	0	0	0	21	26	6	6	179.46	0		46.063427
87	339	1	0	21	10	0	22	14	10	729.09	0		21.268666
87	343	10	0	0	14	10	17	7	13	476.93	0		18.638500
87	342	6	0	17	10	10	30	7	7	169.06	0		3.598418
88	348	9	0	0	7	24	17	5	6	136.82	1		3.767476
87	340	3	0	17	17	10	14	5	13	194.40	0		13.874845


-------------------------------------------------------------------------------------------------------------------
Tour_Id:			14
No_of_Customers:		3
No_of_Items:			14
Customer_Sequence:		99 58 34 

CustId	Id	TypeId	Rotated	x	y	z	Length	Width	Height	mass	Fragility	LoadBearingStrength
34	131	2	0	0	0	0	16	14	11	425.72	0		11.957010
34	133	6	0	0	14	0	30	7	7	169.06	0		3.598418
34	134	7	0	0	14	7	26	6	6	179.46	0		46.063427
34	132	3	0	0	0	11	14	5	13	194.40	0		13.874845
58	225	2	0	16	0	0	16	14	11	425.72	0		11.957010
58	224	2	0	14	0	11	16	14	11	425.72	0		11.957010
58	223	1	0	32	0	0	22	14	10	729.09	0		21.268666
58	226	7	0	0	14	13	26	6	6	179.46	0		46.063427
58	227	8	0	30	14	0	30	10	11	504.46	1		1.363769
58	228	8	0	26	14	11	30	10	11	504.46	1		1.363769
99	395	10	0	32	0	10	17	7	13	476.93	0		18.638500
99	393	7	0	32	7	10	26	6	6	179.46	0		46.063427
99	392	3	0	30	7	16	14	5	13	194.40	0		13.874845
99	394	9	0	0	0	24	17	5	6	136.82	1		3.767476


-------------------------------------------------------------------------------------------------------------------
Tour_Id:			15
No_of_Customers:		2
No_of_Items:			10
Customer_Sequence:		60 44 

CustId	Id	TypeId	Rotated	x	y	z	Length	Width	Height	mass	Fragility	LoadBearingStrength
44	173	1	0	0	0	0	22	14	10	729.09	0		21.268666
44	174	2	0	0	0	10	16	14	11	425.72	0		11.957010
44	175	4	0	0	14	0	21	7	10	150.38	0		3.744867
44	176	8	0	21	14	0	30	10	11	504.46	1		1.363769
60	233	1	0	22	0	0	22	14	10	729.09	0		21.268666
60	234	2	0	16	0	10	16	14	11	425.72	0		11.957010
60	237	5	0	0	0	21	29	10	8	368.90	0		4.151329
60	238	10	1	51	0	0	17	7	13	476.93	0		18.638500
60	236	4	1	51	0	13	21	7	10	150.38	0		3.744867
60	235	3	0	32	0	10	14	5	13	194.40	0		13.874845


-------------------------------------------------------------------------------------------------------------------
Tour_Id:			16
No_of_Customers:		4
No_of_Items:			14
Customer_Sequence:		51 21 47 94 

CustId	Id	TypeId	Rotated	x	y	z	Length	Width	Height	mass	Fragility	LoadBearingStrength
94	373	1	0	0	0	0	22	14	10	729.09	0		21.268666
94	376	9	0	0	14	0	17	5	6	136.82	1		3.767476
94	377	10	0	0	0	10	17	7	13	476.93	0		18.638500
94	374	3	0	0	19	0	14	5	13	194.40	0		13.874845
94	375	5	0	17	14	0	29	10	8	368.90	0		4.151329
47	184	1	0	22	0	0	22	14	10	729.09	0		21.268666
47	185	1	0	17	0	10	22	14	10	729.09	0		21.268666
47	186	5	0	14	14	8	29	10	8	368.90	0		4.151329
21	80	1	0	17	0	20	22	14	10	729.09	0		21.268666
21	81	6	0	14	14	16	30	7	7	169.06	0		3.598418
21	82	9	0	0	0	23	17	5	6	136.82	1		3.767476
51	200	7	0	14	14	23	26	6	6	179.46	0		46.063427
51	199	3	1	39	0	10	14	5	13	194.40	0		13.874845
51	201	9	1	40	0	23	17	5	6	136.82	1		3.767476


-------------------------------------------------------------------------------------------------------------------
Tour_Id:			17
No_of_Customers:		5
No_of_Items:			18
Customer_Sequence:		48 46 3 10 25 

CustId	Id	TypeId	Rotated	x	y	z	Length	Width	Height	mass	Fragility	LoadBearingStrength
25	99	1	0	0	0	0	22	14	10	729.09	0		21.268666
25	100	6	0	0	14	0	30	7	7	169.06	0		3.598418
25	101	6	0	0	14	7	30	7	7	169.06	0		3.598418
10	38	10	0	0	0	10	17	7	13	476.93	0		18.638500
10	39	10	0	0	7	10	17	7	13	476.93	0		18.638500
10	40	10	0	0	14	14	17	7	13	476.93	0		18.638500
3	9	3	1	17	0	10	14	5	13	194.40	0		13.874845
10	36	4	0	22	0	0	21	7	10	150.38	0		3.744867
10	35	3	0	17	14	14	14	5	13	194.40	0		13.874845
3	10	4	0	22	7	0	21	7	10	150.38	0		3.744867
10	37	6	0	30	14	0	30	7	7	169.06	0		3.598418
46	181	1	0	22	0	10	22	14	10	729.09	0		21.268666
46	182	2	0	44	0	0	16	14	11	425.72	0		11.957010
46	183	7	0	0	0	23	26	6	6	179.46	0		46.063427
48	187	2	0	44	0	11	16	14	11	425.72	0		11.957010
48	189	7	0	0	6	23	26	6	6	179.46	0		46.063427
48	190	7	0	31	14	7	26	6	6	179.46	0		46.063427
48	188	3	0	31	14	13	14	5	13	194.40	0		13.874845


-------------------------------------------------------------------------------------------------------------------
Tour_Id:			18
No_of_Customers:		2
No_of_Items:			10
Customer_Sequence:		65 90 

CustId	Id	TypeId	Rotated	x	y	z	Length	Width	Height	mass	Fragility	LoadBearingStrength
90	356	1	0	0	0	0	22	14	10	729.09	0		21.268666
90	357	1	0	0	0	10	22	14	10	729.09	0		21.268666
90	358	4	0	0	14	0	21	7	10	150.38	0		3.744867
90	359	4	0	0	14	10	21	7	10	150.38	0		3.744867
90	360	4	0	0	0	20	21	7	10	150.38	0		3.744867
65	257	5	0	21	14	0	29	10	8	368.90	0		4.151329
65	258	5	0	21	14	8	29	10	8	368.90	0		4.151329
65	259	6	0	21	14	16	30	7	7	169.06	0		3.598418
65	260	6	0	21	14	23	30	7	7	169.06	0		3.598418
65	261	8	0	22	0	0	30	10	11	504.46	1		1.363769


-------------------------------------------------------------------------------------------------------------------
Tour_Id:			19
No_of_Customers:		4
No_of_Items:			14
Customer_Sequence:		18 2 23 95 

CustId	Id	TypeId	Rotated	x	y	z	Length	Width	Height	mass	Fragility	LoadBearingStrength
95	378	2	0	0	0	0	16	14	11	425.72	0		11.957010
95	380	5	0	0	14	0	29	10	8	368.90	0		4.151329
95	379	3	0	0	14	8	14	5	13	194.40	0		13.874845
23	89	1	0	16	0	0	22	14	10	729.09	0		21.268666
23	90	2	0	0	0	11	16	14	11	425.72	0		11.957010
23	91	5	0	16	0	10	29	10	8	368.90	0		4.151329
23	93	10	0	14	14	8	17	7	13	476.93	0		18.638500
23	92	7	0	0	14	21	26	6	6	179.46	0		46.063427
2	6	2	1	45	0	0	16	14	11	425.72	0		11.957010
2	8	6	0	16	0	18	30	7	7	169.06	0		3.598418
2	7	3	0	31	14	0	14	5	13	194.40	0		13.874845
18	70	3	0	31	19	0	14	5	13	194.40	0		13.874845
18	71	9	0	31	14	13	17	5	6	136.82	1		3.767476
18	72	9	0	31	19	13	17	5	6	136.82	1		3.767476


-------------------------------------------------------------------------------------------------------------------
Tour_Id:			20
No_of_Customers:		2
No_of_Items:			11
Customer_Sequence:		22 62 

CustId	Id	TypeId	Rotated	x	y	z	Length	Width	Height	mass	Fragility	LoadBearingStrength
62	244	6	0	0	0	0	30	7	7	169.06	0		3.598418
62	245	6	0	0	7	0	30	7	7	169.06	0		3.598418
62	243	4	0	0	14	0	21	7	10	150.38	0		3.744867
62	246	7	0	0	0	7	26	6	6	179.46	0		46.063427
62	247	7	0	0	6	7	26	6	6	179.46	0		46.063427
22	83	2	0	0	0	13	16	14	11	425.72	0		11.957010
22	84	6	0	21	14	0	30	7	7	169.06	0		3.598418
22	85	6	0	21	12	7	30	7	7	169.06	0		3.598418
22	86	7	0	21	12	14	26	6	6	179.46	0		46.063427
22	87	8	0	30	0	0	30	10	11	504.46	1		1.363769
22	88	8	0	26	0	11	30	10	11	504.46	1		1.363769


-------------------------------------------------------------------------------------------------------------------
Tour_Id:			21
No_of_Customers:		2
No_of_Items:			10
Customer_Sequence:		7 13 

CustId	Id	TypeId	Rotated	x	y	z	Length	Width	Height	mass	Fragility	LoadBearingStrength
13	48	2	0	0	0	0	16	14	11	425.72	0		11.957010
7	22	2	0	0	0	11	16	14	11	425.72	0		11.957010
7	23	2	0	16	0	0	16	14	11	425.72	0		11.957010
13	50	8	0	0	14	0	30	10	11	504.46	1		1.363769
13	49	7	0	30	14	0	26	6	6	179.46	0		46.063427
13	51	10	0	30	14	6	17	7	13	476.93	0		18.638500
7	24	2	0	16	0	11	16	14	11	425.72	0		11.957010
7	25	2	0	32	0	0	16	14	11	425.72	0		11.957010
7	27	10	0	32	0	11	17	7	13	476.93	0		18.638500
7	26	4	0	30	14	19	21	7	10	150.38	0		3.744867


-------------------------------------------------------------------------------------------------------------------
Tour_Id:			22
No_of_Customers:		3
No_of_Items:			12
Customer_Sequence:		12 41 30 

CustId	Id	TypeId	Rotated	x	y	z	Length	Width	Height	mass	Fragility	LoadBearingStrength
30	120	8	0	0	0	0	30	10	11	504.46	1		1.363769
30	119	6	0	0	10	0	30	7	7	169.06	0		3.598418
30	118	4	0	0	17	0	21	7	10	150.38	0		3.744867
30	117	2	0	30	0	0	16	14	11	425.72	0		11.957010
30	121	9	0	0	10	7	17	5	6	136.82	1		3.767476
41	161	1	1	46	0	0	22	14	10	729.09	0		21.268666
41	162	4	0	0	17	10	21	7	10	150.38	0		3.744867
41	163	7	0	0	17	20	26	6	6	179.46	0		46.063427
12	44	1	1	46	0	10	22	14	10	729.09	0		21.268666
12	45	1	1	46	0	20	22	14	10	729.09	0		21.268666
12	46	2	0	30	0	11	16	14	11	425.72	0		11.957010
12	47	9	0	0	0	11	17	5	6	136.82	1		3.767476


-------------------------------------------------------------------------------------------------------------------
Tour_Id:			23
No_of_Customers:		4
No_of_Items:			16
Customer_Sequence:		8 75 64 56 

CustId	Id	TypeId	Rotated	x	y	z	Length	Width	Height	mass	Fragility	LoadBearingStrength
56	216	5	0	0	0	0	29	10	8	368.90	0		4.151329
56	215	4	0	0	10	0	21	7	10	150.38	0		3.744867
64	251	1	0	21	10	0	22	14	10	729.09	0		21.268666
56	217	8	0	0	0	8	30	10	11	504.46	1		1.363769
56	214	3	0	0	17	0	14	5	13	194.40	0		13.874845
64	253	7	0	0	10	10	26	6	6	179.46	0		46.063427
64	254	7	0	0	10	16	26	6	6	179.46	0		46.063427
64	252	3	0	0	17	13	14	5	13	194.40	0		13.874845
75	291	6	0	14	16	10	30	7	7	169.06	0		3.598418
75	290	4	0	14	16	17	21	7	10	150.38	0		3.744867
75	292	8	0	0	0	19	30	10	11	504.46	1		1.363769
64	256	9	0	0	10	22	17	5	6	136.82	1		3.767476
64	255	9	0	26	10	10	17	5	6	136.82	1		3.767476
8	29	5	0	30	0	0	29	10	8	368.90	0		4.151329
8	30	6	0	30	0	8	30	7	7	169.06	0		3.598418
8	28	3	0	30	0	15	14	5	13	194.40	0		13.874845


-------------------------------------------------------------------------------------------------------------------
Tour_Id:			24
No_of_Customers:		5
No_of_Items:			20
Customer_Sequence:		72 97 77 68 100 

CustId	Id	TypeId	Rotated	x	y	z	Length	Width	Height	mass	Fragility	LoadBearingStrength
100	398	5	0	0	0	0	29	10	8	368.90	0		4.151329
77	303	6	0	0	10	0	30	7	7	169.06	0		3.598418
100	397	4	0	0	17	0	21	7	10	150.38	0		3.744867
100	396	3	0	0	0	8	14	5	13	194.40	0		13.874845
100	400	9	0	0	5	8	17	5	6	136.82	1		3.767476
68	267	7	0	0	17	10	26	6	6	179.46	0		46.063427
68	268	7	0	0	17	16	26	6	6	179.46	0		46.063427
77	298	1	0	30	0	0	22	14	10	729.09	0		21.268666
77	301	5	0	30	14	0	29	10	8	368.90	0		4.151329
77	302	6	0	0	10	7	30	7	7	169.06	0		3.598418
100	399	9	0	0	5	14	17	5	6	136.82	1		3.767476
77	300	4	0	0	10	14	21	7	10	150.38	0		3.744867
77	299	3	0	14	0	8	14	5	13	194.40	0		13.874845
97	384	2	0	30	0	10	16	14	11	425.72	0		11.957010
97	385	6	0	14	0	21	30	7	7	169.06	0		3.598418
97	386	6	0	30	14	8	30	7	7	169.06	0		3.598418
97	387	7	0	0	17	22	26	6	6	179.46	0		46.063427
72	280	6	0	26	14	15	30	7	7	169.06	0		3.598418
72	281	7	0	0	10	24	26	6	6	179.46	0		46.063427
72	282	9	0	26	14	22	17	5	6	136.82	1		3.767476


-------------------------------------------------------------------------------------------------------------------
Tour_Id:			25
No_of_Customers:		2
No_of_Items:			11
Customer_Sequence:		28 49 

CustId	Id	TypeId	Rotated	x	y	z	Length	Width	Height	mass	Fragility	LoadBearingStrength
49	191	1	0	0	0	0	22	14	10	729.09	0		21.268666
28	109	2	0	0	0	10	16	14	11	425.72	0		11.957010
49	193	5	0	0	14	0	29	10	8	368.90	0		4.151329
49	194	7	0	0	14	8	26	6	6	179.46	0		46.063427
49	195	9	0	0	20	8	17	5	6	136.82	1		3.767476
49	196	9	0	0	14	14	17	5	6	136.82	1		3.767476
49	192	1	0	22	0	0	22	14	10	729.09	0		21.268666
28	113	10	0	16	0	10	17	7	13	476.93	0		18.638500
28	110	6	0	16	7	10	30	7	7	169.06	0		3.598418
28	111	7	0	16	7	17	26	6	6	179.46	0		46.063427
28	112	8	0	29	14	0	30	10	11	504.46	1		1.363769


-------------------------------------------------------------------------------------------------------------------
Tour_Id:			26
No_of_Customers:		4
No_of_Items:			15
Customer_Sequence:		26 33 92 76 

CustId	Id	TypeId	Rotated	x	y	z	Length	Width	Height	mass	Fragility	LoadBearingStrength
76	293	1	0	0	0	0	22	14	10	729.09	0		21.268666
76	294	2	0	0	0	10	16	14	11	425.72	0		11.957010
76	295	2	0	22	0	0	16	14	11	425.72	0		11.957010
76	296	5	0	0	14	0	29	10	8	368.90	0		4.151329
76	297	10	0	0	14	8	17	7	13	476.93	0		18.638500
92	367	5	0	29	14	0	29	10	8	368.90	0		4.151329
92	368	5	0	17	14	8	29	10	8	368.90	0		4.151329
92	365	4	0	17	14	16	21	7	10	150.38	0		3.744867
92	366	4	0	22	0	11	21	7	10	150.38	0		3.744867
33	129	2	0	43	0	0	16	14	11	425.72	0		11.957010
33	130	4	0	22	7	11	21	7	10	150.38	0		3.744867
26	105	10	0	43	0	11	17	7	13	476.93	0		18.638500
26	102	3	0	43	7	11	14	5	13	194.40	0		13.874845
26	103	3	0	46	14	8	14	5	13	194.40	0		13.874845
26	104	9	0	0	0	21	17	5	6	136.82	1		3.767476


-------------------------------------------------------------------------------------------------------------------
Tour_Id:			27
No_of_Customers:		4
No_of_Items:			15
Customer_Sequence:		14 1 16 52 

CustId	Id	TypeId	Rotated	x	y	z	Length	Width	Height	mass	Fragility	LoadBearingStrength
52	203	6	0	0	0	0	30	7	7	169.06	0		3.598418
16	64	5	0	0	7	0	29	10	8	368.90	0		4.151329
52	202	3	0	0	17	0	14	5	13	194.40	0		13.874845
1	5	8	0	0	7	8	30	10	11	504.46	1		1.363769
16	63	4	0	0	0	7	21	7	10	150.38	0		3.744867
1	1	1	0	30	0	0	22	14	10	729.09	0		21.268666
16	65	9	0	0	17	13	17	5	6	136.82	1		3.767476
1	4	8	0	0	7	19	30	10	11	504.46	1		1.363769
1	3	7	0	0	0	17	26	6	6	179.46	0		46.063427
14	54	9	0	0	17	19	17	5	6	136.82	1		3.767476
16	62	4	0	14	17	0	21	7	10	150.38	0		3.744867
1	2	5	0	30	0	10	29	10	8	368.90	0		4.151329
14	53	7	0	0	0	23	26	6	6	179.46	0		46.063427
14	52	3	0	30	10	10	14	5	13	194.40	0		13.874845
14	55	10	0	35	17	0	17	7	13	476.93	0		18.638500


-------------------------------------------------------------------------------------------------------------------
Tour_Id:			28
No_of_Customers:		5
No_of_Items:			17
Customer_Sequence:		45 84 63 86 57 

CustId	Id	TypeId	Rotated	x	y	z	Length	Width	Height	mass	Fragility	LoadBearingStrength
57	218	2	0	0	0	0	16	14	11	425.72	0		11.957010
57	219	5	0	0	14	0	29	10	8	368.90	0		4.151329
57	220	5	0	0	14	8	29	10	8	368.90	0		4.151329
57	221	9	0	0	0	11	17	5	6	136.82	1		3.767476
57	222	9	0	0	5	11	17	5	6	136.82	1		3.767476
86	336	1	0	17	0	0	22	14	10	729.09	0		21.268666
86	337	5	0	0	14	16	29	10	8	368.90	0		4.151329
86	338	7	0	0	14	24	26	6	6	179.46	0		46.063427
63	249	7	0	17	0	10	26	6	6	179.46	0		46.063427
63	248	7	0	17	6	10	26	6	6	179.46	0		46.063427
63	250	10	0	17	0	16	17	7	13	476.93	0		18.638500
84	330	7	0	17	7	16	26	6	6	179.46	0		46.063427
84	331	9	0	0	20	24	17	5	6	136.82	1		3.767476
45	177	1	1	43	0	0	22	14	10	729.09	0		21.268666
45	178	1	1	43	0	10	22	14	10	729.09	0		21.268666
45	179	4	1	43	0	20	21	7	10	150.38	0		3.744867
45	180	7	0	17	7	22	26	6	6	179.46	0		46.063427


-------------------------------------------------------------------------------------------------------------------
Tour_Id:			29
No_of_Customers:		3
No_of_Items:			12
Customer_Sequence:		29 6 98 

CustId	Id	TypeId	Rotated	x	y	z	Length	Width	Height	mass	Fragility	LoadBearingStrength
98	388	1	0	0	0	0	22	14	10	729.09	0		21.268666
98	389	5	0	0	14	0	29	10	8	368.90	0		4.151329
98	390	5	0	0	14	8	29	10	8	368.90	0		4.151329
98	391	9	0	0	0	10	17	5	6	136.82	1		3.767476
6	17	1	0	22	0	0	22	14	10	729.09	0		21.268666
6	18	2	0	17	0	10	16	14	11	425.72	0		11.957010
6	21	10	0	0	5	10	17	7	13	476.93	0		18.638500
6	19	8	0	0	14	16	30	10	11	504.46	1		1.363769
6	20	9	0	0	5	23	17	5	6	136.82	1		3.767476
29	114	2	0	44	0	0	16	14	11	425.72	0		11.957010
29	115	2	0	44	0	11	16	14	11	425.72	0		11.957010
29	116	4	0	30	14	0	21	7	10	150.38	0		3.744867


-------------------------------------------------------------------------------------------------------------------
Tour_Id:			30
No_of_Customers:		3
No_of_Items:			11
Customer_Sequence:		17 9 36 

CustId	Id	TypeId	Rotated	x	y	z	Length	Width	Height	mass	Fragility	LoadBearingStrength
36	143	10	0	0	0	0	17	7	13	476.93	0		18.638500
36	141	4	0	0	7	0	21	7	10	150.38	0		3.744867
36	142	6	0	0	14	0	30	7	7	169.06	0		3.598418
9	31	2	0	21	0	0	16	14	11	425.72	0		11.957010
9	33	5	0	30	14	0	29	10	8	368.90	0		4.151329
9	34	10	0	0	14	7	17	7	13	476.93	0		18.638500
9	32	4	0	0	7	10	21	7	10	150.38	0		3.744867
17	66	2	0	21	0	11	16	14	11	425.72	0		11.957010
17	67	2	0	37	0	0	16	14	11	425.72	0		11.957010
17	68	4	0	0	0	13	21	7	10	150.38	0		3.744867
17	69	8	0	30	14	8	30	10	11	504.46	1		1.363769


