Name:				554_n100_m400_bt100
Problem:			3L-VRPTW
Number_of_used_Vehicles:	34
Total_Travel_Distance:		2478.72
Calculation_Time:		3600.00
Total_Iterations:		3683
ConstraintSet:			P1

-------------------------------------------------------------------------------------------------------------------
Tour_Id:			1
No_of_Customers:		4
No_of_Items:			12
Customer_Sequence:		16 37 36 30 

CustId	Id	TypeId	Rotated	x	y	z	Length	Width	Height	mass	Fragility	LoadBearingStrength
30	122	37	0	0	0	0	13	12	14	245.03	1		3.113666
36	145	23	0	0	12	0	18	9	8	932.17	0		28.007395
30	124	39	0	13	0	0	35	12	11	558.62	0		15.341967
36	147	52	0	13	0	11	27	10	11	540.13	0		46.144171
36	146	47	0	13	0	22	30	12	6	723.81	0		15.915541
37	149	68	0	18	12	0	32	13	8	507.29	0		11.737376
37	148	47	0	0	12	8	30	12	6	723.81	0		15.915541
30	123	37	0	0	0	14	13	12	14	245.03	1		3.113666
16	72	73	0	0	12	14	33	7	12	327.93	0		15.424598
16	71	64	0	33	12	8	20	11	10	327.11	0		28.390992
16	70	29	0	33	12	18	24	12	7	263.92	0		10.364980
16	73	87	0	48	0	0	12	12	9	456.08	0		25.583984


-------------------------------------------------------------------------------------------------------------------
Tour_Id:			2
No_of_Customers:		3
No_of_Items:			13
Customer_Sequence:		45 34 3 

CustId	Id	TypeId	Rotated	x	y	z	Length	Width	Height	mass	Fragility	LoadBearingStrength
3	15	90	0	0	0	0	29	14	8	541.62	0		8.340611
34	138	47	0	0	0	8	30	12	6	723.81	0		15.915541
3	14	89	0	29	0	0	28	13	6	973.10	0		35.392894
3	12	41	0	0	14	0	30	7	9	247.30	0		7.146020
3	11	38	0	0	12	9	26	9	8	1086.71	0		23.645888
34	139	55	0	0	0	14	32	9	14	895.54	0		6.722446
3	13	52	0	0	12	17	27	10	11	540.13	0		46.144171
34	137	35	0	30	13	0	24	11	6	295.69	0		16.437449
34	140	65	0	30	9	6	26	5	8	190.46	0		13.354368
34	136	28	0	30	14	6	29	7	8	235.90	1		2.503919
45	180	75	0	32	0	6	28	9	8	369.38	0		18.056991
45	178	9	0	32	0	14	24	8	6	162.62	0		8.907852
45	179	37	0	30	9	14	13	12	14	245.03	1		3.113666


-------------------------------------------------------------------------------------------------------------------
Tour_Id:			3
No_of_Customers:		2
No_of_Items:			11
Customer_Sequence:		11 20 

CustId	Id	TypeId	Rotated	x	y	z	Length	Width	Height	mass	Fragility	LoadBearingStrength
20	86	46	0	0	0	0	34	9	12	455.36	0		19.215505
20	83	1	0	0	9	0	23	11	10	295.04	0		3.417711
20	87	56	0	0	9	10	13	12	12	2149.54	0		101.518780
20	85	43	0	23	9	0	22	10	10	381.57	0		119.773477
20	84	25	0	0	0	12	20	6	9	142.18	0		19.989592
11	51	81	0	13	9	10	30	7	13	377.51	0		9.716812
11	47	3	1	45	0	0	18	14	9	253.71	0		17.022341
11	48	6	0	0	0	21	13	7	6	88.63	0		30.965004
11	52	99	0	20	0	12	17	6	14	219.15	1		3.162159
11	49	72	0	13	9	23	23	7	7	371.40	1		11.377786
11	50	72	1	45	0	9	23	7	7	371.40	1		11.377786


-------------------------------------------------------------------------------------------------------------------
Tour_Id:			4
No_of_Customers:		4
No_of_Items:			15
Customer_Sequence:		100 48 51 38 

CustId	Id	TypeId	Rotated	x	y	z	Length	Width	Height	mass	Fragility	LoadBearingStrength
38	151	52	0	0	0	0	27	10	11	540.13	0		46.144171
38	152	73	0	0	10	0	33	7	12	327.93	0		15.424598
48	192	59	0	0	17	0	18	5	9	292.80	0		29.130305
51	200	21	0	33	0	0	27	13	8	437.31	0		28.425351
100	398	70	0	0	0	11	32	8	10	559.60	1		3.923171
48	189	12	0	33	13	0	12	12	12	243.28	0		14.385738
48	193	82	0	0	17	9	13	6	11	121.97	0		31.059345
38	150	38	0	0	8	12	26	9	8	1086.71	0		23.645888
48	190	12	0	33	13	12	12	12	12	243.28	0		14.385738
51	201	59	0	0	8	20	18	5	9	292.80	0		29.130305
100	397	16	0	32	0	8	28	8	11	318.20	0		30.246400
100	399	83	0	45	13	0	14	12	9	257.01	0		8.081708
100	396	13	0	32	0	19	27	7	6	122.78	0		5.021821
48	191	22	0	0	13	20	22	9	10	335.87	1		2.875185
100	400	88	0	0	0	21	26	6	7	404.51	1		13.458397


-------------------------------------------------------------------------------------------------------------------
Tour_Id:			5
No_of_Customers:		3
No_of_Items:			10
Customer_Sequence:		54 22 74 

CustId	Id	TypeId	Rotated	x	y	z	Length	Width	Height	mass	Fragility	LoadBearingStrength
74	300	69	0	0	0	0	29	14	10	533.57	0		8.399299
74	299	51	0	0	14	0	20	11	14	343.46	0		60.722905
22	92	29	0	0	0	10	24	12	7	263.92	0		10.364980
74	298	16	0	20	14	0	28	8	11	318.20	0		30.246400
22	94	79	0	0	14	14	16	10	10	201.43	0		4.198825
74	297	14	0	29	0	0	21	14	10	425.91	0		9.377427
22	93	57	0	0	0	17	12	11	7	178.31	0		10.415847
54	212	56	0	12	0	17	13	12	12	2149.54	0		101.518780
54	211	54	0	25	0	10	26	14	8	576.63	1		2.932298
54	210	28	0	20	14	11	29	7	8	235.90	1		2.503919


-------------------------------------------------------------------------------------------------------------------
Tour_Id:			6
No_of_Customers:		3
No_of_Items:			10
Customer_Sequence:		84 4 33 

CustId	Id	TypeId	Rotated	x	y	z	Length	Width	Height	mass	Fragility	LoadBearingStrength
33	135	73	0	0	0	0	33	7	12	327.93	0		15.424598
33	133	48	0	0	7	0	25	8	12	424.87	0		7.820450
33	134	72	0	0	15	0	23	7	7	371.40	1		11.377786
4	16	4	0	0	0	12	30	12	6	264.21	0		13.137660
4	17	44	0	0	0	18	12	10	11	220.13	0		18.919677
84	338	64	0	12	0	18	20	11	10	327.11	0		28.390992
84	335	19	0	23	15	0	22	6	13	215.45	0		4.269159
84	339	79	0	33	0	0	16	10	10	201.43	0		4.198825
84	337	57	0	33	0	10	12	11	7	178.31	0		10.415847
84	336	50	0	33	0	17	12	11	10	335.68	1		7.416033


-------------------------------------------------------------------------------------------------------------------
Tour_Id:			7
No_of_Customers:		4
No_of_Items:			14
Customer_Sequence:		63 53 21 73 

CustId	Id	TypeId	Rotated	x	y	z	Length	Width	Height	mass	Fragility	LoadBearingStrength
21	90	93	0	0	0	0	29	7	11	317.27	0		33.611024
73	296	93	0	0	7	0	29	7	11	317.27	0		33.611024
73	295	30	0	0	14	0	35	10	13	742.94	0		10.921057
53	209	83	0	0	0	11	14	12	9	257.01	0		8.081708
21	91	98	0	0	14	13	20	7	6	100.29	0		13.312819
21	88	90	0	29	0	0	29	14	8	541.62	0		8.340611
53	206	14	0	29	0	8	21	14	10	425.91	0		9.377427
53	207	26	0	14	0	11	14	13	12	643.14	0		93.725136
53	208	75	0	29	0	18	28	9	8	369.38	0		18.056991
63	250	53	0	0	14	19	20	9	11	365.47	0		12.258753
21	89	91	0	35	14	0	25	7	11	288.08	1		2.995828
63	251	59	0	20	14	13	18	5	9	292.80	0		29.130305
63	252	59	0	20	19	13	18	5	9	292.80	0		29.130305
63	253	72	0	20	14	22	23	7	7	371.40	1		11.377786


-------------------------------------------------------------------------------------------------------------------
Tour_Id:			8
No_of_Customers:		3
No_of_Items:			15
Customer_Sequence:		8 10 1 

CustId	Id	TypeId	Rotated	x	y	z	Length	Width	Height	mass	Fragility	LoadBearingStrength
1	1	15	0	0	0	0	25	6	11	214.28	0		10.025280
1	4	54	0	0	6	0	26	14	8	576.63	1		2.932298
1	2	22	0	0	6	8	22	9	10	335.87	1		2.875185
10	44	65	0	0	20	0	26	5	8	190.46	0		13.354368
1	5	57	0	26	0	0	12	11	7	178.31	0		10.415847
1	6	80	0	0	15	8	28	5	13	1015.96	1		66.074536
1	3	49	0	0	0	11	22	6	12	241.31	0		12.431699
10	42	4	0	28	11	0	30	12	6	264.21	0		13.137660
10	46	91	0	0	6	18	25	7	11	288.08	1		2.995828
10	43	50	0	26	0	7	12	11	10	335.68	1		7.416033
10	45	88	0	0	15	21	26	6	7	404.51	1		13.458397
8	36	68	0	28	11	6	32	13	8	507.29	0		11.737376
8	34	31	0	28	11	14	30	8	12	462.47	0		9.501068
8	35	64	0	38	0	0	20	11	10	327.11	0		28.390992
8	37	88	0	0	0	23	26	6	7	404.51	1		13.458397


-------------------------------------------------------------------------------------------------------------------
Tour_Id:			9
No_of_Customers:		2
No_of_Items:			11
Customer_Sequence:		5 66 

CustId	Id	TypeId	Rotated	x	y	z	Length	Width	Height	mass	Fragility	LoadBearingStrength
66	264	75	0	0	0	0	28	9	8	369.38	0		18.056991
66	262	51	0	0	9	0	20	11	14	343.46	0		60.722905
66	266	81	0	0	0	8	30	7	13	377.51	0		9.716812
66	267	89	0	20	9	0	28	13	6	973.10	0		35.392894
66	263	69	0	20	9	6	29	14	10	533.57	0		8.399299
66	265	79	0	0	9	14	16	10	10	201.43	0		4.198825
5	19	18	0	20	9	16	18	12	13	406.73	0		10.241335
5	22	93	0	30	0	0	29	7	11	317.27	0		33.611024
5	21	83	0	38	9	16	14	12	9	257.01	0		8.081708
5	18	7	0	30	0	11	23	5	10	213.31	0		16.483161
5	20	25	0	0	0	21	20	6	9	142.18	0		19.989592


-------------------------------------------------------------------------------------------------------------------
Tour_Id:			10
No_of_Customers:		4
No_of_Items:			15
Customer_Sequence:		96 2 85 86 

CustId	Id	TypeId	Rotated	x	y	z	Length	Width	Height	mass	Fragility	LoadBearingStrength
86	343	31	0	0	0	0	30	8	12	462.47	0		9.501068
86	346	81	0	0	8	0	30	7	13	377.51	0		9.716812
86	345	71	0	0	15	0	24	6	7	194.21	0		76.437016
85	340	25	0	0	15	7	20	6	9	142.18	0		19.989592
86	344	59	0	0	0	12	18	5	9	292.80	0		29.130305
85	342	88	0	0	8	13	26	6	7	404.51	1		13.458397
85	341	86	0	0	15	16	13	8	7	120.64	1		25.950901
2	10	90	0	30	0	0	29	14	8	541.62	0		8.340611
2	9	79	0	24	15	0	16	10	10	201.43	0		4.198825
2	8	45	0	20	15	10	21	10	6	224.46	0		29.595400
2	7	33	0	0	8	20	30	6	7	199.05	1		2.671025
96	385	66	0	13	14	16	17	11	13	438.73	0		9.225661
96	382	5	0	30	0	8	29	9	8	255.50	0		6.816589
96	383	38	0	30	0	16	26	9	8	1086.71	0		23.645888
96	384	50	0	30	14	16	12	11	10	335.68	1		7.416033


-------------------------------------------------------------------------------------------------------------------
Tour_Id:			11
No_of_Customers:		2
No_of_Items:			12
Customer_Sequence:		44 7 

CustId	Id	TypeId	Rotated	x	y	z	Length	Width	Height	mass	Fragility	LoadBearingStrength
7	29	24	0	0	0	0	25	12	13	1857.20	0		69.262552
44	173	24	0	0	12	0	25	12	13	1857.20	0		69.262552
7	28	18	0	0	0	13	18	12	13	406.73	0		10.241335
7	33	83	0	25	0	0	14	12	9	257.01	0		8.081708
7	30	45	0	39	0	0	21	10	6	224.46	0		29.595400
7	32	74	0	25	0	9	17	10	6	111.64	1		1.977931
44	176	47	0	0	12	13	30	12	6	723.81	0		15.915541
44	175	46	0	25	12	0	34	9	12	455.36	0		19.215505
44	174	36	0	0	12	19	34	7	11	319.29	0		8.887450
7	31	61	0	42	0	6	18	8	13	2010.75	0		80.719880
44	172	9	0	34	10	12	24	8	6	162.62	0		8.907852
44	177	74	0	34	10	18	17	10	6	111.64	1		1.977931


-------------------------------------------------------------------------------------------------------------------
Tour_Id:			12
No_of_Customers:		3
No_of_Items:			12
Customer_Sequence:		65 64 69 

CustId	Id	TypeId	Rotated	x	y	z	Length	Width	Height	mass	Fragility	LoadBearingStrength
64	254	62	0	0	0	0	28	5	12	328.73	0		11.742200
69	278	10	0	0	5	0	21	8	6	102.48	0		18.740079
69	281	96	0	0	13	0	34	12	14	735.62	1		2.555759
69	280	50	0	0	13	14	12	11	10	335.68	1		7.416033
65	256	4	0	28	0	0	30	12	6	264.21	0		13.137660
69	279	20	0	34	13	0	21	10	8	259.29	0		13.731818
64	255	66	0	34	13	8	17	11	13	438.73	0		9.225661
65	257	5	0	28	0	6	29	9	8	255.50	0		6.816589
65	261	85	0	28	0	14	31	9	9	441.34	1		8.719516
65	258	7	0	0	5	6	23	5	10	213.31	0		16.483161
65	259	33	0	28	0	23	30	6	7	199.05	1		2.671025
65	260	83	0	34	13	21	14	12	9	257.01	0		8.081708


-------------------------------------------------------------------------------------------------------------------
Tour_Id:			13
No_of_Customers:		3
No_of_Items:			12
Customer_Sequence:		81 58 14 

CustId	Id	TypeId	Rotated	x	y	z	Length	Width	Height	mass	Fragility	LoadBearingStrength
14	62	31	0	0	0	0	30	8	12	462.47	0		9.501068
14	63	94	0	0	8	0	29	5	13	345.60	0		18.709137
58	229	45	0	0	13	0	21	10	6	224.46	0		29.595400
58	231	94	0	0	0	12	29	5	13	345.60	0		18.709137
58	227	18	0	0	13	6	18	12	13	406.73	0		10.241335
14	64	98	0	30	0	0	20	7	6	100.29	0		13.312819
14	65	100	1	50	0	0	13	9	11	1200.15	0		196.667914
58	228	44	0	0	13	19	12	10	11	220.13	0		18.919677
58	230	80	0	0	8	13	28	5	13	1015.96	1		66.074536
81	321	39	0	21	13	0	35	12	11	558.62	0		15.341967
81	322	43	0	18	13	11	22	10	10	381.57	0		119.773477
81	323	64	0	40	13	11	20	11	10	327.11	0		28.390992


-------------------------------------------------------------------------------------------------------------------
Tour_Id:			14
No_of_Customers:		2
No_of_Items:			10
Customer_Sequence:		28 62 

CustId	Id	TypeId	Rotated	x	y	z	Length	Width	Height	mass	Fragility	LoadBearingStrength
62	248	74	0	0	0	0	17	10	6	111.64	1		1.977931
62	244	1	0	0	10	0	23	11	10	295.04	0		3.417711
62	246	46	0	17	0	0	34	9	12	455.36	0		19.215505
62	245	45	0	0	10	10	21	10	6	224.46	0		29.595400
62	249	86	0	0	0	6	13	8	7	120.64	1		25.950901
62	247	48	0	0	10	16	25	8	12	424.87	0		7.820450
28	116	34	0	25	9	0	33	12	11	537.31	0		16.111839
28	117	55	0	17	0	12	32	9	14	895.54	0		6.722446
28	118	57	0	25	9	11	12	11	7	178.31	0		10.415847
28	115	22	0	37	9	11	22	9	10	335.87	1		2.875185


-------------------------------------------------------------------------------------------------------------------
Tour_Id:			15
No_of_Customers:		2
No_of_Items:			8
Customer_Sequence:		61 55 

CustId	Id	TypeId	Rotated	x	y	z	Length	Width	Height	mass	Fragility	LoadBearingStrength
61	243	97	0	0	0	0	24	5	14	308.89	0		14.463368
55	213	2	0	0	5	0	21	14	14	1538.44	0		76.060685
55	216	100	0	0	5	14	13	9	11	1200.15	0		196.667914
55	215	70	0	21	5	0	32	8	10	559.60	1		3.923171
55	214	34	0	21	13	0	33	12	11	537.31	0		16.111839
61	240	17	0	0	0	14	30	5	6	119.06	0		20.787160
61	241	59	0	0	14	14	18	5	9	292.80	0		29.130305
61	242	96	0	21	13	11	34	12	14	735.62	1		2.555759


-------------------------------------------------------------------------------------------------------------------
Tour_Id:			16
No_of_Customers:		3
No_of_Items:			12
Customer_Sequence:		26 72 79 

CustId	Id	TypeId	Rotated	x	y	z	Length	Width	Height	mass	Fragility	LoadBearingStrength
79	315	14	0	0	0	0	21	14	10	425.91	0		9.377427
79	316	29	0	0	0	10	24	12	7	263.92	0		10.364980
79	317	58	0	0	0	17	13	13	11	281.36	0		34.502951
72	292	68	0	24	0	0	32	13	8	507.29	0		11.737376
72	291	31	0	0	14	0	30	8	12	462.47	0		9.501068
72	290	18	0	24	0	8	18	12	13	406.73	0		10.241335
72	293	72	0	0	13	12	23	7	7	371.40	1		11.377786
72	294	72	0	0	13	19	23	7	7	371.40	1		11.377786
26	112	93	0	30	13	0	29	7	11	317.27	0		33.611024
26	109	41	0	30	12	11	30	7	9	247.30	0		7.146020
26	111	76	0	24	0	21	17	14	6	278.54	0		7.941203
26	110	74	0	42	0	8	17	10	6	111.64	1		1.977931


-------------------------------------------------------------------------------------------------------------------
Tour_Id:			17
No_of_Customers:		3
No_of_Items:			11
Customer_Sequence:		80 88 47 

CustId	Id	TypeId	Rotated	x	y	z	Length	Width	Height	mass	Fragility	LoadBearingStrength
47	188	76	0	0	0	0	17	14	6	278.54	0		7.941203
47	186	41	0	0	14	0	30	7	9	247.30	0		7.146020
47	187	51	0	0	0	6	20	11	14	343.46	0		60.722905
88	355	69	0	20	0	0	29	14	10	533.57	0		8.399299
88	352	3	0	0	0	20	18	14	9	253.71	0		17.022341
88	356	73	0	0	14	9	33	7	12	327.93	0		15.424598
88	354	56	0	20	0	10	13	12	12	2149.54	0		101.518780
88	353	35	0	30	14	0	24	11	6	295.69	0		16.437449
80	318	58	0	33	0	10	13	13	11	281.36	0		34.502951
80	320	95	0	0	14	21	33	8	6	308.35	0		15.404945
80	319	72	0	33	14	6	23	7	7	371.40	1		11.377786


-------------------------------------------------------------------------------------------------------------------
Tour_Id:			18
No_of_Customers:		4
No_of_Items:			15
Customer_Sequence:		27 83 71 49 

CustId	Id	TypeId	Rotated	x	y	z	Length	Width	Height	mass	Fragility	LoadBearingStrength
49	194	5	0	0	0	0	29	9	8	255.50	0		6.816589
49	195	57	0	0	9	0	12	11	7	178.31	0		10.415847
49	196	59	0	0	20	0	18	5	9	292.80	0		29.130305
71	286	66	0	0	0	8	17	11	13	438.73	0		9.225661
71	288	97	0	0	20	9	24	5	14	308.89	0		14.463368
71	287	87	0	0	0	21	12	12	9	456.08	0		25.583984
71	289	99	0	18	9	0	17	6	14	219.15	1		3.162159
83	331	19	0	29	0	0	22	6	13	215.45	0		4.269159
83	333	97	0	12	15	0	24	5	14	308.89	0		14.463368
83	334	97	0	12	15	14	24	5	14	308.89	0		14.463368
83	332	83	0	36	6	0	14	12	9	257.01	0		8.081708
83	329	7	0	29	0	13	23	5	10	213.31	0		16.483161
83	330	17	0	0	20	23	30	5	6	119.06	0		20.787160
27	113	18	0	36	6	9	18	12	13	406.73	0		10.241335
27	114	71	0	29	0	23	24	6	7	194.21	0		76.437016


-------------------------------------------------------------------------------------------------------------------
Tour_Id:			19
No_of_Customers:		3
No_of_Items:			9
Customer_Sequence:		19 99 75 

CustId	Id	TypeId	Rotated	x	y	z	Length	Width	Height	mass	Fragility	LoadBearingStrength
75	304	66	0	0	0	0	17	11	13	438.73	0		9.225661
75	301	3	0	0	11	0	18	14	9	253.71	0		17.022341
75	303	29	0	0	11	9	24	12	7	263.92	0		10.364980
75	302	11	0	0	11	16	25	5	14	290.20	0		25.522510
99	394	39	0	25	0	0	35	12	11	558.62	0		15.341967
99	395	85	0	24	0	11	31	9	9	441.34	1		8.719516
19	80	46	0	25	12	0	34	9	12	455.36	0		19.215505
19	81	47	0	25	12	12	30	12	6	723.81	0		15.915541
19	82	71	0	0	16	16	24	6	7	194.21	0		76.437016


-------------------------------------------------------------------------------------------------------------------
Tour_Id:			20
No_of_Customers:		3
No_of_Items:			12
Customer_Sequence:		15 95 9 

CustId	Id	TypeId	Rotated	x	y	z	Length	Width	Height	mass	Fragility	LoadBearingStrength
9	40	46	0	0	0	0	34	9	12	455.36	0		19.215505
9	38	13	0	0	9	0	27	7	6	122.78	0		5.021821
95	378	37	0	0	0	12	13	12	14	245.03	1		3.113666
9	41	98	0	0	16	0	20	7	6	100.29	0		13.312819
95	380	66	0	0	12	6	17	11	13	438.73	0		9.225661
95	379	43	0	0	12	19	22	10	10	381.57	0		119.773477
95	381	98	0	13	0	12	20	7	6	100.29	0		13.312819
9	39	25	0	34	0	0	20	6	9	142.18	0		19.989592
15	66	5	0	27	9	0	29	9	8	255.50	0		6.816589
15	69	83	0	27	9	8	14	12	9	257.01	0		8.081708
15	67	23	0	13	0	18	18	9	8	932.17	0		28.007395
15	68	71	0	22	18	0	24	6	7	194.21	0		76.437016


-------------------------------------------------------------------------------------------------------------------
Tour_Id:			21
No_of_Customers:		3
No_of_Items:			9
Customer_Sequence:		94 70 17 

CustId	Id	TypeId	Rotated	x	y	z	Length	Width	Height	mass	Fragility	LoadBearingStrength
17	74	34	0	0	0	0	33	12	11	537.31	0		16.111839
17	75	45	0	0	12	0	21	10	6	224.46	0		29.595400
70	283	33	0	0	0	11	30	6	7	199.05	1		2.671025
70	282	1	0	0	12	6	23	11	10	295.04	0		3.417711
94	375	26	0	0	12	16	14	13	12	643.14	0		93.725136
70	285	96	0	23	12	0	34	12	14	735.62	1		2.555759
94	376	63	0	0	6	11	28	6	14	1565.92	0		34.309236
70	284	52	0	33	0	0	27	10	11	540.13	0		46.144171
94	377	84	0	23	12	14	35	11	14	5463.15	1		55.424627


-------------------------------------------------------------------------------------------------------------------
Tour_Id:			22
No_of_Customers:		2
No_of_Items:			9
Customer_Sequence:		35 41 

CustId	Id	TypeId	Rotated	x	y	z	Length	Width	Height	mass	Fragility	LoadBearingStrength
41	166	77	0	0	0	0	34	14	13	949.97	0		16.972531
41	163	21	0	0	0	13	27	13	8	437.31	0		28.425351
35	141	30	0	0	14	0	35	10	13	742.94	0		10.921057
41	164	26	0	34	0	0	14	13	12	643.14	0		93.725136
41	167	78	0	34	0	12	17	5	14	442.22	1		11.463490
35	142	38	0	0	13	13	26	9	8	1086.71	0		23.645888
35	144	66	0	35	14	0	17	11	13	438.73	0		9.225661
41	165	28	0	0	0	21	29	7	8	235.90	1		2.503919
35	143	56	0	26	13	13	13	12	12	2149.54	0		101.518780


-------------------------------------------------------------------------------------------------------------------
Tour_Id:			23
No_of_Customers:		2
No_of_Items:			12
Customer_Sequence:		97 67 

CustId	Id	TypeId	Rotated	x	y	z	Length	Width	Height	mass	Fragility	LoadBearingStrength
67	273	95	0	0	0	0	33	8	6	308.35	0		15.404945
67	270	50	0	0	8	0	12	11	10	335.68	1		7.416033
67	268	37	0	0	8	10	13	12	14	245.03	1		3.113666
67	272	91	0	0	0	6	25	7	11	288.08	1		2.995828
67	269	45	0	12	8	0	21	10	6	224.46	0		29.595400
67	271	72	0	0	0	17	23	7	7	371.40	1		11.377786
97	386	2	0	33	0	0	21	14	14	1538.44	0		76.060685
97	387	14	0	33	0	14	21	14	10	425.91	0		9.377427
97	390	67	1	25	0	6	16	8	13	229.49	0		9.316007
97	388	15	0	33	14	0	25	6	11	214.28	0		10.025280
97	389	25	1	25	0	19	20	6	9	142.18	0		19.989592
97	391	80	0	0	20	0	28	5	13	1015.96	1		66.074536


-------------------------------------------------------------------------------------------------------------------
Tour_Id:			24
No_of_Customers:		2
No_of_Items:			10
Customer_Sequence:		52 91 

CustId	Id	TypeId	Rotated	x	y	z	Length	Width	Height	mass	Fragility	LoadBearingStrength
91	365	46	0	0	0	0	34	9	12	455.36	0		19.215505
91	363	14	0	0	9	0	21	14	10	425.91	0		9.377427
91	366	66	0	0	9	10	17	11	13	438.73	0		9.225661
91	367	89	0	21	9	0	28	13	6	973.10	0		35.392894
91	364	35	0	21	9	6	24	11	6	295.69	0		16.437449
91	368	92	0	0	9	23	20	10	7	153.33	1		8.923581
52	203	42	0	0	0	12	33	7	8	199.43	0		4.214351
52	202	19	0	21	9	12	22	6	13	215.45	0		4.269159
52	204	59	0	0	0	20	18	5	9	292.80	0		29.130305
52	205	86	0	18	0	20	13	8	7	120.64	1		25.950901


-------------------------------------------------------------------------------------------------------------------
Tour_Id:			25
No_of_Customers:		3
No_of_Items:			9
Customer_Sequence:		32 93 76 

CustId	Id	TypeId	Rotated	x	y	z	Length	Width	Height	mass	Fragility	LoadBearingStrength
76	306	24	0	0	0	0	25	12	13	1857.20	0		69.262552
76	305	16	0	0	12	0	28	8	11	318.20	0		30.246400
93	371	9	0	0	12	11	24	8	6	162.62	0		8.907852
93	373	30	0	25	0	0	35	10	13	742.94	0		10.921057
93	374	99	0	0	0	13	17	6	14	219.15	1		3.162159
93	372	13	0	0	12	17	27	7	6	122.78	0		5.021821
76	307	64	0	28	12	0	20	11	10	327.11	0		28.390992
32	131	46	0	17	0	13	34	9	12	455.36	0		19.215505
32	132	58	0	28	10	10	13	13	11	281.36	0		34.502951


-------------------------------------------------------------------------------------------------------------------
Tour_Id:			26
No_of_Customers:		2
No_of_Items:			11
Customer_Sequence:		59 23 

CustId	Id	TypeId	Rotated	x	y	z	Length	Width	Height	mass	Fragility	LoadBearingStrength
23	95	8	0	0	0	0	31	11	9	1332.80	0		10.687789
23	96	31	0	0	11	0	30	8	12	462.47	0		9.501068
23	99	87	0	30	11	0	12	12	9	456.08	0		25.583984
23	97	71	0	0	19	0	24	6	7	194.21	0		76.437016
23	98	74	0	0	0	9	17	10	6	111.64	1		1.977931
59	235	51	0	31	0	0	20	11	14	343.46	0		60.722905
59	234	31	0	0	11	12	30	8	12	462.47	0		9.501068
59	233	29	0	31	0	14	24	12	7	263.92	0		10.364980
59	232	15	1	51	0	0	25	6	11	214.28	0		10.025280
59	236	76	0	30	0	21	17	14	6	278.54	0		7.941203
59	237	82	0	17	0	9	13	6	11	121.97	0		31.059345


-------------------------------------------------------------------------------------------------------------------
Tour_Id:			27
No_of_Customers:		3
No_of_Items:			12
Customer_Sequence:		40 31 60 

CustId	Id	TypeId	Rotated	x	y	z	Length	Width	Height	mass	Fragility	LoadBearingStrength
60	239	61	0	0	0	0	18	8	13	2010.75	0		80.719880
60	238	19	0	0	8	0	22	6	13	215.45	0		4.269159
31	129	95	0	0	14	0	33	8	6	308.35	0		15.404945
31	128	69	0	22	0	0	29	14	10	533.57	0		8.399299
31	125	24	0	0	0	13	25	12	13	1857.20	0		69.262552
31	127	41	0	0	14	6	30	7	9	247.30	0		7.146020
31	126	34	0	25	0	10	33	12	11	537.31	0		16.111839
31	130	99	0	0	14	15	17	6	14	219.15	1		3.162159
40	159	43	0	33	14	0	22	10	10	381.57	0		119.773477
40	161	85	0	25	0	21	31	9	9	441.34	1		8.719516
40	160	45	0	30	12	10	21	10	6	224.46	0		29.595400
40	162	97	0	30	12	16	24	5	14	308.89	0		14.463368


-------------------------------------------------------------------------------------------------------------------
Tour_Id:			28
No_of_Customers:		3
No_of_Items:			11
Customer_Sequence:		43 6 24 

CustId	Id	TypeId	Rotated	x	y	z	Length	Width	Height	mass	Fragility	LoadBearingStrength
24	101	56	0	0	0	0	13	12	12	2149.54	0		101.518780
6	27	77	0	13	0	0	34	14	13	949.97	0		16.972531
24	102	87	0	0	12	0	12	12	9	456.08	0		25.583984
24	103	100	0	0	12	9	13	9	11	1200.15	0		196.667914
24	100	49	0	13	14	0	22	6	12	241.31	0		12.431699
6	26	73	0	13	0	13	33	7	12	327.93	0		15.424598
6	24	31	0	13	7	13	30	8	12	462.47	0		9.501068
6	25	37	0	0	0	12	13	12	14	245.03	1		3.113666
6	23	22	0	35	14	0	22	9	10	335.87	1		2.875185
43	170	83	1	47	0	0	14	12	9	257.01	0		8.081708
43	171	87	0	47	0	9	12	12	9	456.08	0		25.583984


-------------------------------------------------------------------------------------------------------------------
Tour_Id:			29
No_of_Customers:		3
No_of_Items:			15
Customer_Sequence:		18 57 87 

CustId	Id	TypeId	Rotated	x	y	z	Length	Width	Height	mass	Fragility	LoadBearingStrength
87	349	47	0	0	0	0	30	12	6	723.81	0		15.915541
87	348	40	0	0	12	0	29	8	9	262.01	0		7.961637
87	351	96	0	0	0	6	34	12	14	735.62	1		2.555759
87	347	28	0	0	12	9	29	7	8	235.90	1		2.503919
87	350	60	0	0	12	17	21	9	6	131.62	1		1.581493
57	223	18	0	29	12	0	18	12	13	406.73	0		10.241335
18	76	23	0	29	12	13	18	9	8	932.17	0		28.007395
57	224	19	0	34	0	0	22	6	13	215.45	0		4.269159
57	226	49	0	34	6	0	22	6	12	241.31	0		12.431699
57	221	10	0	34	0	13	21	8	6	102.48	0		18.740079
18	78	44	0	34	0	19	12	10	11	220.13	0		18.919677
57	222	12	0	47	12	0	12	12	12	243.28	0		14.385738
18	77	44	0	47	8	12	12	10	11	220.13	0		18.919677
57	225	33	0	0	0	20	30	6	7	199.05	1		2.671025
18	79	83	0	29	12	21	14	12	9	257.01	0		8.081708


-------------------------------------------------------------------------------------------------------------------
Tour_Id:			30
No_of_Customers:		3
No_of_Items:			10
Customer_Sequence:		77 25 92 

CustId	Id	TypeId	Rotated	x	y	z	Length	Width	Height	mass	Fragility	LoadBearingStrength
92	370	77	0	0	0	0	34	14	13	949.97	0		16.972531
25	105	21	0	0	0	13	27	13	8	437.31	0		28.425351
25	107	51	0	0	14	0	20	11	14	343.46	0		60.722905
92	369	48	0	34	0	0	25	8	12	424.87	0		7.820450
25	104	13	0	0	0	21	27	7	6	122.78	0		5.021821
77	310	83	0	0	13	14	14	12	9	257.01	0		8.081708
25	108	59	0	0	7	21	18	5	9	292.80	0		29.130305
77	309	73	0	20	14	0	33	7	12	327.93	0		15.424598
25	106	49	0	34	8	0	22	6	12	241.31	0		12.431699
77	308	5	0	20	14	12	29	9	8	255.50	0		6.816589


-------------------------------------------------------------------------------------------------------------------
Tour_Id:			31
No_of_Customers:		5
No_of_Items:			14
Customer_Sequence:		13 29 42 89 56 

CustId	Id	TypeId	Rotated	x	y	z	Length	Width	Height	mass	Fragility	LoadBearingStrength
56	220	66	0	0	0	0	17	11	13	438.73	0		9.225661
89	358	49	0	0	11	0	22	6	12	241.31	0		12.431699
56	218	13	0	0	17	0	27	7	6	122.78	0		5.021821
56	219	60	0	0	0	13	21	9	6	131.62	1		1.581493
89	357	39	0	22	0	0	35	12	11	558.62	0		15.341967
56	217	10	0	0	17	6	21	8	6	102.48	0		18.740079
29	120	62	0	0	11	12	28	5	12	328.73	0		11.742200
42	168	7	0	0	16	12	23	5	10	213.31	0		16.483161
29	121	68	0	28	0	11	32	13	8	507.29	0		11.737376
42	169	100	0	28	13	0	13	9	11	1200.15	0		196.667914
29	119	28	0	0	0	19	29	7	8	235.90	1		2.503919
13	61	66	0	41	13	0	17	11	13	438.73	0		9.225661
13	60	47	0	29	0	19	30	12	6	723.81	0		15.915541
13	59	6	0	41	13	13	13	7	6	88.63	0		30.965004


-------------------------------------------------------------------------------------------------------------------
Tour_Id:			32
No_of_Customers:		3
No_of_Items:			12
Customer_Sequence:		98 12 78 

CustId	Id	TypeId	Rotated	x	y	z	Length	Width	Height	mass	Fragility	LoadBearingStrength
78	314	77	0	0	0	0	34	14	13	949.97	0		16.972531
78	312	62	0	0	14	0	28	5	12	328.73	0		11.742200
12	57	69	0	0	0	13	29	14	10	533.57	0		8.399299
78	313	65	0	0	19	0	26	5	8	190.46	0		13.354368
78	311	3	0	34	0	0	18	14	9	253.71	0		17.022341
12	56	41	0	28	14	0	30	7	9	247.30	0		7.146020
12	55	37	0	34	0	9	13	12	14	245.03	1		3.113666
12	54	25	0	0	19	8	20	6	9	142.18	0		19.989592
98	393	51	0	34	12	9	20	11	14	343.46	0		60.722905
12	58	72	0	0	0	23	23	7	7	371.40	1		11.377786
12	53	7	0	0	14	12	23	5	10	213.31	0		16.483161
98	392	25	0	0	19	17	20	6	9	142.18	0		19.989592


-------------------------------------------------------------------------------------------------------------------
Tour_Id:			33
No_of_Customers:		3
No_of_Items:			15
Customer_Sequence:		39 46 68 

CustId	Id	TypeId	Rotated	x	y	z	Length	Width	Height	mass	Fragility	LoadBearingStrength
68	276	68	0	0	0	0	32	13	8	507.29	0		11.737376
68	275	65	0	0	13	0	26	5	8	190.46	0		13.354368
68	274	59	0	0	18	0	18	5	9	292.80	0		29.130305
46	185	95	0	0	0	8	33	8	6	308.35	0		15.404945
46	181	26	0	33	0	0	14	13	12	643.14	0		93.725136
68	277	92	0	0	8	8	20	10	7	153.33	1		8.923581
46	184	87	0	26	13	0	12	12	9	456.08	0		25.583984
46	183	70	0	0	0	14	32	8	10	559.60	1		3.923171
46	182	37	0	0	8	15	13	12	14	245.03	1		3.113666
39	155	29	1	47	0	0	24	12	7	263.92	0		10.364980
39	158	97	1	47	0	7	24	5	14	308.89	0		14.463368
39	157	83	0	26	13	9	14	12	9	257.01	0		8.081708
39	154	25	1	47	0	21	20	6	9	142.18	0		19.989592
39	153	10	1	52	0	7	21	8	6	102.48	0		18.740079
39	156	50	0	26	13	18	12	11	10	335.68	1		7.416033


-------------------------------------------------------------------------------------------------------------------
Tour_Id:			34
No_of_Customers:		3
No_of_Items:			12
Customer_Sequence:		82 90 50 

CustId	Id	TypeId	Rotated	x	y	z	Length	Width	Height	mass	Fragility	LoadBearingStrength
50	199	77	0	0	0	0	34	14	13	949.97	0		16.972531
50	197	35	0	0	14	0	24	11	6	295.69	0		16.437449
82	326	53	0	0	14	6	20	9	11	365.47	0		12.258753
90	362	90	0	0	0	13	29	14	8	541.62	0		8.340611
90	360	25	0	0	0	21	20	6	9	142.18	0		19.989592
90	361	59	0	0	6	21	18	5	9	292.80	0		29.130305
90	359	22	0	34	0	0	22	9	10	335.87	1		2.875185
82	327	55	0	24	14	0	32	9	14	895.54	0		6.722446
82	325	48	0	0	14	17	25	8	12	424.87	0		7.820450
50	198	65	0	34	9	0	26	5	8	190.46	0		13.354368
82	328	61	0	25	14	14	18	8	13	2010.75	0		80.719880
82	324	6	0	18	6	21	13	7	6	88.63	0		30.965004


