Name:				557_n100_m400_bt3
Problem:			3L-VRPTW
Number_of_used_Vehicles:	8
Total_Travel_Distance:		1001.51
Calculation_Time:		2026.71
Total_Iterations:		15138
ConstraintSet:			P1

-------------------------------------------------------------------------------------------------------------------
Tour_Id:			1
No_of_Customers:		12
No_of_Items:			58
Customer_Sequence:		81 24 26 94 57 62 77 7 50 93 73 75 

CustId	Id	TypeId	Rotated	x	y	z	Length	Width	Height	mass	Fragility	LoadBearingStrength
75	288	2	0	0	0	0	13	6	8	461.16	0		29.165748
75	286	1	0	0	6	0	6	2	3	45.48	0		9.354369
75	287	1	0	0	8	0	6	2	3	45.48	0		9.354369
75	289	3	0	0	10	0	17	3	3	174.59	1		4.909336
75	290	3	0	0	13	0	17	3	3	174.59	1		4.909336
75	291	3	0	0	16	0	17	3	3	174.59	1		4.909336
73	278	2	0	0	19	0	13	6	8	461.16	0		29.165748
73	275	1	0	0	6	3	6	2	3	45.48	0		9.354369
73	276	1	0	0	8	3	6	2	3	45.48	0		9.354369
73	277	1	0	0	6	6	6	2	3	45.48	0		9.354369
73	279	3	0	0	10	3	17	3	3	174.59	1		4.909336
73	280	3	0	0	13	3	17	3	3	174.59	1		4.909336
93	361	1	0	0	8	6	6	2	3	45.48	0		9.354369
93	362	1	0	0	0	8	6	2	3	45.48	0		9.354369
93	363	1	0	0	2	8	6	2	3	45.48	0		9.354369
93	364	3	0	0	16	3	17	3	3	174.59	1		4.909336
93	365	3	0	0	10	6	17	3	3	174.59	1		4.909336
50	191	3	0	0	13	6	17	3	3	174.59	1		4.909336
50	192	3	0	0	16	6	17	3	3	174.59	1		4.909336
50	193	3	0	0	19	8	17	3	3	174.59	1		4.909336
50	194	3	0	0	22	8	17	3	3	174.59	1		4.909336
50	195	3	0	0	10	9	17	3	3	174.59	1		4.909336
50	196	3	0	0	13	9	17	3	3	174.59	1		4.909336
7	24	1	0	0	4	8	6	2	3	45.48	0		9.354369
7	25	1	0	0	6	9	6	2	3	45.48	0		9.354369
7	26	1	0	0	8	9	6	2	3	45.48	0		9.354369
7	27	3	0	0	16	9	17	3	3	174.59	1		4.909336
7	28	3	0	0	19	11	17	3	3	174.59	1		4.909336
77	299	2	0	13	0	0	13	6	8	461.16	0		29.165748
77	298	1	0	0	0	11	6	2	3	45.48	0		9.354369
77	300	3	0	0	22	11	17	3	3	174.59	1		4.909336
62	238	1	0	0	2	11	6	2	3	45.48	0		9.354369
62	239	1	0	0	4	11	6	2	3	45.48	0		9.354369
62	240	1	0	0	6	12	6	2	3	45.48	0		9.354369
62	241	3	0	0	10	12	17	3	3	174.59	1		4.909336
57	222	2	0	6	0	8	13	6	8	461.16	0		29.165748
57	219	1	0	0	8	12	6	2	3	45.48	0		9.354369
57	220	1	0	0	0	14	6	2	3	45.48	0		9.354369
57	221	1	0	0	2	14	6	2	3	45.48	0		9.354369
57	223	3	0	0	13	12	17	3	3	174.59	1		4.909336
94	366	1	0	0	6	15	6	2	3	45.48	0		9.354369
94	367	3	0	0	16	12	17	3	3	174.59	1		4.909336
94	368	3	0	0	19	14	17	3	3	174.59	1		4.909336
94	369	3	0	0	22	14	17	3	3	174.59	1		4.909336
94	370	3	0	0	10	15	17	3	3	174.59	1		4.909336
26	99	1	0	0	8	15	6	2	3	45.48	0		9.354369
26	100	3	0	0	13	15	17	3	3	174.59	1		4.909336
26	101	3	0	0	16	15	17	3	3	174.59	1		4.909336
26	102	3	0	0	19	17	17	3	3	174.59	1		4.909336
24	94	2	0	6	0	16	13	6	8	461.16	0		29.165748
24	92	1	0	0	0	17	6	2	3	45.48	0		9.354369
24	93	1	0	0	2	17	6	2	3	45.48	0		9.354369
81	315	2	0	17	6	0	13	6	8	461.16	0		29.165748
81	316	2	0	17	12	0	13	6	8	461.16	0		29.165748
81	317	2	0	17	18	0	13	6	8	461.16	0		29.165748
81	318	3	0	0	22	17	17	3	3	174.59	1		4.909336
81	319	3	0	0	10	18	17	3	3	174.59	1		4.909336
81	320	3	0	0	13	18	17	3	3	174.59	1		4.909336


-------------------------------------------------------------------------------------------------------------------
Tour_Id:			2
No_of_Customers:		12
No_of_Items:			46
Customer_Sequence:		44 35 71 53 5 92 46 69 37 54 17 27 

CustId	Id	TypeId	Rotated	x	y	z	Length	Width	Height	mass	Fragility	LoadBearingStrength
27	104	2	0	0	0	0	13	6	8	461.16	0		29.165748
27	103	1	0	0	6	0	6	2	3	45.48	0		9.354369
17	66	2	0	0	8	0	13	6	8	461.16	0		29.165748
17	65	1	0	0	14	0	6	2	3	45.48	0		9.354369
17	67	3	0	0	16	0	17	3	3	174.59	1		4.909336
54	209	2	0	0	19	0	13	6	8	461.16	0		29.165748
54	210	2	0	0	0	8	13	6	8	461.16	0		29.165748
54	211	2	0	0	8	8	13	6	8	461.16	0		29.165748
54	207	1	0	0	6	3	6	2	3	45.48	0		9.354369
54	208	1	0	0	14	3	6	2	3	45.48	0		9.354369
54	212	3	0	0	16	3	17	3	3	174.59	1		4.909336
37	132	2	0	0	19	8	13	6	8	461.16	0		29.165748
37	133	2	0	0	0	16	13	6	8	461.16	0		29.165748
37	134	2	0	0	8	16	13	6	8	461.16	0		29.165748
37	135	3	0	0	16	6	17	3	3	174.59	1		4.909336
69	264	2	0	0	19	16	13	6	8	461.16	0		29.165748
69	265	2	0	13	0	0	13	6	8	461.16	0		29.165748
69	263	1	0	0	6	6	6	2	3	45.48	0		9.354369
46	171	2	0	13	6	0	13	6	8	461.16	0		29.165748
46	172	2	0	13	19	0	13	6	8	461.16	0		29.165748
46	173	2	0	13	0	8	13	6	8	461.16	0		29.165748
46	174	3	0	0	16	9	17	3	3	174.59	1		4.909336
46	175	3	0	0	16	12	17	3	3	174.59	1		4.909336
92	358	2	0	13	6	8	13	6	8	461.16	0		29.165748
92	359	2	0	13	19	8	13	6	8	461.16	0		29.165748
92	360	2	0	13	0	16	13	6	8	461.16	0		29.165748
92	355	1	0	0	14	6	6	2	3	45.48	0		9.354369
92	356	1	0	0	6	9	6	2	3	45.48	0		9.354369
92	357	1	0	0	14	9	6	2	3	45.48	0		9.354369
5	18	2	0	13	6	16	13	6	8	461.16	0		29.165748
5	17	1	0	0	14	12	6	2	3	45.48	0		9.354369
5	19	3	0	0	16	15	17	3	3	174.59	1		4.909336
53	205	2	0	13	19	16	13	6	8	461.16	0		29.165748
53	204	1	0	0	0	24	6	2	3	45.48	0		9.354369
53	206	3	0	0	16	18	17	3	3	174.59	1		4.909336
71	270	1	0	0	2	24	6	2	3	45.48	0		9.354369
71	271	1	0	0	4	24	6	2	3	45.48	0		9.354369
71	272	3	0	0	16	21	17	3	3	174.59	1		4.909336
35	127	1	0	0	8	24	6	2	3	45.48	0		9.354369
35	128	1	0	0	10	24	6	2	3	45.48	0		9.354369
44	163	2	0	17	12	0	13	6	8	461.16	0		29.165748
44	162	1	0	0	12	24	6	2	3	45.48	0		9.354369
44	164	3	0	0	16	24	17	3	3	174.59	1		4.909336
44	165	3	0	0	19	24	17	3	3	174.59	1		4.909336
44	166	3	0	0	22	24	17	3	3	174.59	1		4.909336
44	167	3	1	0	0	27	17	3	3	174.59	1		4.909336


-------------------------------------------------------------------------------------------------------------------
Tour_Id:			3
No_of_Customers:		14
No_of_Items:			50
Customer_Sequence:		30 72 6 82 63 21 12 87 38 34 90 33 80 19 

CustId	Id	TypeId	Rotated	x	y	z	Length	Width	Height	mass	Fragility	LoadBearingStrength
19	73	2	0	0	0	0	13	6	8	461.16	0		29.165748
19	74	2	0	0	6	0	13	6	8	461.16	0		29.165748
19	70	1	0	0	12	0	6	2	3	45.48	0		9.354369
19	71	1	0	0	14	0	6	2	3	45.48	0		9.354369
19	72	1	0	0	16	0	6	2	3	45.48	0		9.354369
19	75	3	0	0	18	0	17	3	3	174.59	1		4.909336
80	313	2	0	0	0	8	13	6	8	461.16	0		29.165748
80	312	1	0	0	21	0	6	2	3	45.48	0		9.354369
80	314	3	0	0	18	3	17	3	3	174.59	1		4.909336
33	122	3	0	0	18	6	17	3	3	174.59	1		4.909336
33	123	3	0	0	6	8	17	3	3	174.59	1		4.909336
90	349	2	0	0	0	16	13	6	8	461.16	0		29.165748
90	350	3	0	0	9	8	17	3	3	174.59	1		4.909336
34	124	2	0	6	12	0	13	6	8	461.16	0		29.165748
34	125	3	0	0	18	9	17	3	3	174.59	1		4.909336
34	126	3	0	0	6	11	17	3	3	174.59	1		4.909336
38	136	2	0	6	12	8	13	6	8	461.16	0		29.165748
38	137	2	0	6	12	16	13	6	8	461.16	0		29.165748
38	138	2	0	13	0	0	13	6	8	461.16	0		29.165748
38	139	2	0	13	0	8	13	6	8	461.16	0		29.165748
87	339	2	0	13	0	16	13	6	8	461.16	0		29.165748
87	340	2	0	17	18	0	13	6	8	461.16	0		29.165748
87	341	2	0	17	18	8	13	6	8	461.16	0		29.165748
87	338	1	0	0	23	0	6	2	3	45.48	0		9.354369
12	46	2	0	17	18	16	13	6	8	461.16	0		29.165748
12	47	2	0	19	12	0	13	6	8	461.16	0		29.165748
12	45	1	0	0	0	24	6	2	3	45.48	0		9.354369
21	82	2	0	19	12	8	13	6	8	461.16	0		29.165748
21	79	1	0	0	2	24	6	2	3	45.48	0		9.354369
21	80	1	0	0	4	24	6	2	3	45.48	0		9.354369
21	81	1	0	0	0	27	6	2	3	45.48	0		9.354369
63	244	2	0	19	12	16	13	6	8	461.16	0		29.165748
63	245	2	0	26	0	0	13	6	8	461.16	0		29.165748
63	242	1	0	0	2	27	6	2	3	45.48	0		9.354369
63	243	1	0	0	4	27	6	2	3	45.48	0		9.354369
63	246	3	0	0	9	11	17	3	3	174.59	1		4.909336
63	247	3	0	0	6	14	17	3	3	174.59	1		4.909336
82	321	1	0	6	0	24	6	2	3	45.48	0		9.354369
82	322	1	0	6	2	24	6	2	3	45.48	0		9.354369
82	323	1	0	6	4	24	6	2	3	45.48	0		9.354369
82	324	3	0	0	9	14	17	3	3	174.59	1		4.909336
6	21	2	0	17	6	0	13	6	8	461.16	0		29.165748
6	20	1	0	6	12	24	6	2	3	45.48	0		9.354369
6	22	3	0	0	6	17	17	3	3	174.59	1		4.909336
6	23	3	0	0	9	17	17	3	3	174.59	1		4.909336
72	273	2	0	17	6	8	13	6	8	461.16	0		29.165748
72	274	3	0	0	6	20	17	3	3	174.59	1		4.909336
30	113	1	0	6	14	24	6	2	3	45.48	0		9.354369
30	114	1	0	6	16	24	6	2	3	45.48	0		9.354369
30	115	3	0	0	9	20	17	3	3	174.59	1		4.909336


-------------------------------------------------------------------------------------------------------------------
Tour_Id:			4
No_of_Customers:		11
No_of_Items:			47
Customer_Sequence:		13 4 86 67 2 74 70 31 76 16 9 

CustId	Id	TypeId	Rotated	x	y	z	Length	Width	Height	mass	Fragility	LoadBearingStrength
9	35	2	0	0	0	0	13	6	8	461.16	0		29.165748
9	36	2	0	0	6	0	13	6	8	461.16	0		29.165748
9	33	1	0	0	12	0	6	2	3	45.48	0		9.354369
9	34	1	0	0	14	0	6	2	3	45.48	0		9.354369
9	37	3	0	0	16	0	17	3	3	174.59	1		4.909336
16	62	2	0	0	19	0	13	6	8	461.16	0		29.165748
16	63	2	0	0	0	8	13	6	8	461.16	0		29.165748
16	60	1	0	0	12	3	6	2	3	45.48	0		9.354369
16	61	1	0	0	14	3	6	2	3	45.48	0		9.354369
16	64	3	0	0	16	3	17	3	3	174.59	1		4.909336
76	293	2	0	0	6	8	13	6	8	461.16	0		29.165748
76	294	2	0	0	19	8	13	6	8	461.16	0		29.165748
76	295	2	0	0	0	16	13	6	8	461.16	0		29.165748
76	296	2	0	0	6	16	13	6	8	461.16	0		29.165748
76	297	2	0	0	19	16	13	6	8	461.16	0		29.165748
76	292	1	0	0	12	6	6	2	3	45.48	0		9.354369
31	116	2	0	13	0	0	13	6	8	461.16	0		29.165748
31	117	2	0	13	6	0	13	6	8	461.16	0		29.165748
31	118	3	0	0	16	6	17	3	3	174.59	1		4.909336
70	266	1	0	0	14	6	6	2	3	45.48	0		9.354369
70	267	3	0	0	16	9	17	3	3	174.59	1		4.909336
70	268	3	0	0	16	12	17	3	3	174.59	1		4.909336
70	269	3	0	0	16	15	17	3	3	174.59	1		4.909336
74	281	2	0	13	19	0	13	6	8	461.16	0		29.165748
74	282	2	0	13	0	8	13	6	8	461.16	0		29.165748
74	283	3	0	0	16	18	17	3	3	174.59	1		4.909336
74	284	3	0	0	16	21	17	3	3	174.59	1		4.909336
74	285	3	0	0	0	24	17	3	3	174.59	1		4.909336
2	7	2	0	13	6	8	13	6	8	461.16	0		29.165748
2	8	2	0	13	19	8	13	6	8	461.16	0		29.165748
2	6	1	0	0	12	9	6	2	3	45.48	0		9.354369
2	9	3	0	0	3	24	17	3	3	174.59	1		4.909336
2	10	3	0	0	6	24	17	3	3	174.59	1		4.909336
2	11	3	0	0	9	24	17	3	3	174.59	1		4.909336
67	258	2	0	13	19	16	13	6	8	461.16	0		29.165748
67	259	2	0	17	12	0	13	6	8	461.16	0		29.165748
67	257	1	0	0	14	9	6	2	3	45.48	0		9.354369
86	336	3	0	0	16	24	17	3	3	174.59	1		4.909336
86	337	3	0	0	19	24	17	3	3	174.59	1		4.909336
4	15	3	0	0	22	24	17	3	3	174.59	1		4.909336
4	16	3	0	0	0	27	17	3	3	174.59	1		4.909336
13	50	2	0	17	12	8	13	6	8	461.16	0		29.165748
13	51	2	1	17	0	16	13	6	8	461.16	0		29.165748
13	48	1	0	0	12	12	6	2	3	45.48	0		9.354369
13	49	1	0	0	14	12	6	2	3	45.48	0		9.354369
13	52	3	0	0	3	27	17	3	3	174.59	1		4.909336
13	53	3	0	0	6	27	17	3	3	174.59	1		4.909336


-------------------------------------------------------------------------------------------------------------------
Tour_Id:			5
No_of_Customers:		13
No_of_Items:			59
Customer_Sequence:		28 36 45 48 79 49 59 88 83 78 66 55 47 

CustId	Id	TypeId	Rotated	x	y	z	Length	Width	Height	mass	Fragility	LoadBearingStrength
47	178	2	0	0	0	0	13	6	8	461.16	0		29.165748
47	179	2	0	0	6	0	13	6	8	461.16	0		29.165748
47	180	2	0	0	12	0	13	6	8	461.16	0		29.165748
47	176	1	0	0	18	0	6	2	3	45.48	0		9.354369
47	177	1	0	0	20	0	6	2	3	45.48	0		9.354369
55	214	2	0	0	0	8	13	6	8	461.16	0		29.165748
55	213	1	0	0	22	0	6	2	3	45.48	0		9.354369
55	215	3	0	0	6	8	17	3	3	174.59	1		4.909336
55	216	3	0	0	9	8	17	3	3	174.59	1		4.909336
66	253	1	0	0	18	3	6	2	3	45.48	0		9.354369
66	254	1	0	0	20	3	6	2	3	45.48	0		9.354369
66	255	1	0	0	22	3	6	2	3	45.48	0		9.354369
66	256	1	0	0	18	6	6	2	3	45.48	0		9.354369
78	305	2	0	0	12	8	13	6	8	461.16	0		29.165748
78	301	1	0	0	20	6	6	2	3	45.48	0		9.354369
78	302	1	0	0	22	6	6	2	3	45.48	0		9.354369
78	303	1	0	0	18	9	6	2	3	45.48	0		9.354369
78	304	1	0	0	20	9	6	2	3	45.48	0		9.354369
78	306	3	0	0	6	11	17	3	3	174.59	1		4.909336
83	328	2	0	0	0	16	13	6	8	461.16	0		29.165748
83	325	1	0	0	22	9	6	2	3	45.48	0		9.354369
83	326	1	0	0	18	12	6	2	3	45.48	0		9.354369
83	327	1	0	0	20	12	6	2	3	45.48	0		9.354369
83	329	3	0	0	9	11	17	3	3	174.59	1		4.909336
83	330	3	0	0	6	14	17	3	3	174.59	1		4.909336
88	342	1	0	0	22	12	6	2	3	45.48	0		9.354369
88	343	1	0	0	18	15	6	2	3	45.48	0		9.354369
88	344	3	0	0	9	14	17	3	3	174.59	1		4.909336
88	345	3	0	0	12	16	17	3	3	174.59	1		4.909336
59	227	1	0	0	20	15	6	2	3	45.48	0		9.354369
59	228	1	0	0	22	15	6	2	3	45.48	0		9.354369
59	229	1	0	0	15	16	6	2	3	45.48	0		9.354369
59	230	3	0	0	6	17	17	3	3	174.59	1		4.909336
49	188	2	0	6	18	0	13	6	8	461.16	0		29.165748
49	189	2	0	6	18	8	13	6	8	461.16	0		29.165748
49	186	1	0	0	18	18	6	2	3	45.48	0		9.354369
49	187	1	0	0	20	18	6	2	3	45.48	0		9.354369
49	190	3	0	0	9	17	17	3	3	174.59	1		4.909336
79	309	2	0	6	15	16	13	6	8	461.16	0		29.165748
79	310	2	0	13	0	0	13	6	8	461.16	0		29.165748
79	307	1	0	0	22	18	6	2	3	45.48	0		9.354369
79	308	1	0	0	15	19	6	2	3	45.48	0		9.354369
79	311	3	0	0	12	19	17	3	3	174.59	1		4.909336
48	181	2	0	13	0	8	13	6	8	461.16	0		29.165748
48	182	2	0	13	0	16	13	6	8	461.16	0		29.165748
48	183	2	0	17	6	0	13	6	8	461.16	0		29.165748
48	184	3	0	0	6	20	17	3	3	174.59	1		4.909336
48	185	3	0	0	9	20	17	3	3	174.59	1		4.909336
45	168	3	0	0	12	22	17	3	3	174.59	1		4.909336
45	169	3	0	0	6	23	17	3	3	174.59	1		4.909336
45	170	3	0	0	9	23	17	3	3	174.59	1		4.909336
36	129	3	0	0	0	24	17	3	3	174.59	1		4.909336
36	130	3	0	0	3	24	17	3	3	174.59	1		4.909336
36	131	3	0	0	12	25	17	3	3	174.59	1		4.909336
28	106	2	0	17	6	8	13	6	8	461.16	0		29.165748
28	107	2	0	17	6	16	13	6	8	461.16	0		29.165748
28	105	1	0	0	21	21	6	2	3	45.48	0		9.354369
28	108	3	0	0	6	26	17	3	3	174.59	1		4.909336
28	109	3	0	0	9	26	17	3	3	174.59	1		4.909336


-------------------------------------------------------------------------------------------------------------------
Tour_Id:			6
No_of_Customers:		13
No_of_Items:			45
Customer_Sequence:		85 98 58 43 18 99 60 10 14 65 96 91 84 

CustId	Id	TypeId	Rotated	x	y	z	Length	Width	Height	mass	Fragility	LoadBearingStrength
84	331	2	0	0	0	0	13	6	8	461.16	0		29.165748
84	332	2	0	0	6	0	13	6	8	461.16	0		29.165748
84	333	2	0	0	12	0	13	6	8	461.16	0		29.165748
91	353	2	0	0	18	0	13	6	8	461.16	0		29.165748
91	351	1	0	0	0	8	6	2	3	45.48	0		9.354369
91	352	1	0	0	2	8	6	2	3	45.48	0		9.354369
91	354	3	0	0	4	8	17	3	3	174.59	1		4.909336
96	376	1	0	0	7	8	6	2	3	45.48	0		9.354369
96	377	1	0	0	9	8	6	2	3	45.48	0		9.354369
96	378	1	0	0	11	8	6	2	3	45.48	0		9.354369
96	379	1	0	0	13	8	6	2	3	45.48	0		9.354369
96	380	3	0	0	15	8	17	3	3	174.59	1		4.909336
65	252	2	0	0	18	8	13	6	8	461.16	0		29.165748
65	250	1	0	0	0	11	6	2	3	45.48	0		9.354369
65	251	1	0	0	2	11	6	2	3	45.48	0		9.354369
14	54	1	0	0	7	11	6	2	3	45.48	0		9.354369
14	55	1	0	0	9	11	6	2	3	45.48	0		9.354369
10	40	2	0	0	18	16	13	6	8	461.16	0		29.165748
10	38	1	0	0	11	11	6	2	3	45.48	0		9.354369
10	39	1	0	0	13	11	6	2	3	45.48	0		9.354369
10	41	3	0	0	4	11	17	3	3	174.59	1		4.909336
60	231	2	0	13	18	0	13	6	8	461.16	0		29.165748
60	232	2	0	13	18	8	13	6	8	461.16	0		29.165748
60	233	3	0	0	15	11	17	3	3	174.59	1		4.909336
60	234	3	1	0	0	14	17	3	3	174.59	1		4.909336
99	393	2	0	13	18	16	13	6	8	461.16	0		29.165748
99	394	2	0	17	0	0	13	6	8	461.16	0		29.165748
99	390	1	0	0	18	24	6	2	3	45.48	0		9.354369
99	391	1	0	0	20	24	6	2	3	45.48	0		9.354369
99	392	1	0	0	22	24	6	2	3	45.48	0		9.354369
99	395	3	1	0	0	17	17	3	3	174.59	1		4.909336
18	68	1	0	0	18	27	6	2	3	45.48	0		9.354369
18	69	1	0	0	20	27	6	2	3	45.48	0		9.354369
43	158	1	0	0	22	27	6	2	3	45.48	0		9.354369
43	159	1	0	6	0	8	6	2	3	45.48	0		9.354369
43	160	3	1	0	0	20	17	3	3	174.59	1		4.909336
43	161	3	1	0	0	23	17	3	3	174.59	1		4.909336
58	226	2	0	17	6	0	13	6	8	461.16	0		29.165748
58	224	1	0	6	2	8	6	2	3	45.48	0		9.354369
58	225	1	0	6	7	8	6	2	3	45.48	0		9.354369
98	387	1	0	6	9	8	6	2	3	45.48	0		9.354369
98	388	1	0	6	11	8	6	2	3	45.48	0		9.354369
98	389	3	1	0	0	26	17	3	3	174.59	1		4.909336
85	334	2	0	17	12	0	13	6	8	461.16	0		29.165748
85	335	2	0	17	0	8	13	6	8	461.16	0		29.165748


-------------------------------------------------------------------------------------------------------------------
Tour_Id:			7
No_of_Customers:		14
No_of_Items:			50
Customer_Sequence:		8 23 61 64 56 40 11 32 1 95 52 89 22 68 

CustId	Id	TypeId	Rotated	x	y	z	Length	Width	Height	mass	Fragility	LoadBearingStrength
68	260	1	0	0	0	0	6	2	3	45.48	0		9.354369
68	261	1	0	0	2	0	6	2	3	45.48	0		9.354369
68	262	3	0	0	4	0	17	3	3	174.59	1		4.909336
22	83	1	0	0	7	0	6	2	3	45.48	0		9.354369
22	84	1	0	0	9	0	6	2	3	45.48	0		9.354369
22	85	3	0	0	11	0	17	3	3	174.59	1		4.909336
22	86	3	0	0	14	0	17	3	3	174.59	1		4.909336
22	87	3	0	0	17	0	17	3	3	174.59	1		4.909336
22	88	3	0	0	20	0	17	3	3	174.59	1		4.909336
89	346	1	0	0	23	0	6	2	3	45.48	0		9.354369
89	347	1	0	0	0	3	6	2	3	45.48	0		9.354369
89	348	3	1	0	2	3	17	3	3	174.59	1		4.909336
52	201	1	0	0	23	3	6	2	3	45.48	0		9.354369
52	202	1	0	0	0	6	6	2	3	45.48	0		9.354369
52	203	1	0	0	23	6	6	2	3	45.48	0		9.354369
95	372	2	0	17	0	0	13	6	8	461.16	0		29.165748
95	373	2	0	17	6	0	13	6	8	461.16	0		29.165748
95	374	2	0	17	12	0	13	6	8	461.16	0		29.165748
95	375	2	0	17	18	0	13	6	8	461.16	0		29.165748
95	371	1	0	0	0	9	6	2	3	45.48	0		9.354369
1	4	2	0	17	0	8	13	6	8	461.16	0		29.165748
1	1	1	0	0	23	9	6	2	3	45.48	0		9.354369
1	2	1	0	0	0	12	6	2	3	45.48	0		9.354369
1	3	1	0	0	23	12	6	2	3	45.48	0		9.354369
1	5	3	0	17	6	8	17	3	3	174.59	1		4.909336
32	119	1	0	0	23	15	6	2	3	45.48	0		9.354369
32	120	3	0	17	9	8	17	3	3	174.59	1		4.909336
32	121	3	0	17	12	8	17	3	3	174.59	1		4.909336
11	43	2	0	17	15	8	13	6	8	461.16	0		29.165748
11	44	2	0	17	0	16	13	6	8	461.16	0		29.165748
11	42	1	0	0	23	18	6	2	3	45.48	0		9.354369
40	148	2	0	17	15	16	13	6	8	461.16	0		29.165748
40	146	1	0	0	23	21	6	2	3	45.48	0		9.354369
40	147	1	0	0	23	24	6	2	3	45.48	0		9.354369
40	149	3	0	17	21	8	17	3	3	174.59	1		4.909336
40	150	3	0	17	6	11	17	3	3	174.59	1		4.909336
56	218	2	0	30	0	0	13	6	8	461.16	0		29.165748
56	217	1	0	0	23	27	6	2	3	45.48	0		9.354369
64	248	1	0	17	0	24	6	2	3	45.48	0		9.354369
64	249	1	0	17	2	24	6	2	3	45.48	0		9.354369
61	235	2	0	30	15	0	13	6	8	461.16	0		29.165748
61	236	3	0	17	9	11	17	3	3	174.59	1		4.909336
61	237	3	0	17	12	11	17	3	3	174.59	1		4.909336
23	90	2	0	30	0	8	13	6	8	461.16	0		29.165748
23	91	2	0	30	15	8	13	6	8	461.16	0		29.165748
23	89	1	0	17	4	24	6	2	3	45.48	0		9.354369
8	31	2	0	30	0	16	13	6	8	461.16	0		29.165748
8	32	2	0	30	15	16	13	6	8	461.16	0		29.165748
8	29	1	0	17	15	24	6	2	3	45.48	0		9.354369
8	30	1	0	17	17	24	6	2	3	45.48	0		9.354369


-------------------------------------------------------------------------------------------------------------------
Tour_Id:			8
No_of_Customers:		11
No_of_Items:			45
Customer_Sequence:		100 51 97 29 15 39 3 25 42 20 41 

CustId	Id	TypeId	Rotated	x	y	z	Length	Width	Height	mass	Fragility	LoadBearingStrength
41	151	2	0	0	0	0	13	6	8	461.16	0		29.165748
41	152	3	0	0	6	0	17	3	3	174.59	1		4.909336
41	153	3	0	0	9	0	17	3	3	174.59	1		4.909336
20	76	2	0	0	12	0	13	6	8	461.16	0		29.165748
20	77	2	0	0	18	0	13	6	8	461.16	0		29.165748
20	78	3	0	0	6	3	17	3	3	174.59	1		4.909336
42	154	2	0	0	0	8	13	6	8	461.16	0		29.165748
42	155	3	0	0	9	3	17	3	3	174.59	1		4.909336
42	156	3	0	0	6	6	17	3	3	174.59	1		4.909336
42	157	3	0	0	9	6	17	3	3	174.59	1		4.909336
25	95	2	0	0	12	8	13	6	8	461.16	0		29.165748
25	96	2	0	0	18	8	13	6	8	461.16	0		29.165748
25	97	3	0	0	6	9	17	3	3	174.59	1		4.909336
25	98	3	0	0	9	9	17	3	3	174.59	1		4.909336
3	12	2	0	0	0	16	13	6	8	461.16	0		29.165748
3	13	2	0	0	12	16	13	6	8	461.16	0		29.165748
3	14	3	0	0	6	12	17	3	3	174.59	1		4.909336
39	140	2	0	0	18	16	13	6	8	461.16	0		29.165748
39	141	2	0	13	0	0	13	6	8	461.16	0		29.165748
39	142	3	0	0	9	12	17	3	3	174.59	1		4.909336
39	143	3	0	0	6	15	17	3	3	174.59	1		4.909336
39	144	3	0	0	9	15	17	3	3	174.59	1		4.909336
39	145	3	0	0	6	18	17	3	3	174.59	1		4.909336
15	56	3	0	0	9	18	17	3	3	174.59	1		4.909336
15	57	3	0	0	6	21	17	3	3	174.59	1		4.909336
15	58	3	0	0	9	21	17	3	3	174.59	1		4.909336
15	59	3	0	0	0	24	17	3	3	174.59	1		4.909336
29	111	2	0	13	12	0	13	6	8	461.16	0		29.165748
29	112	2	0	13	18	0	13	6	8	461.16	0		29.165748
29	110	1	0	0	3	24	6	2	3	45.48	0		9.354369
97	382	2	0	13	12	8	13	6	8	461.16	0		29.165748
97	383	2	0	13	18	8	13	6	8	461.16	0		29.165748
97	384	2	0	13	12	16	13	6	8	461.16	0		29.165748
97	385	2	0	13	18	16	13	6	8	461.16	0		29.165748
97	381	1	0	0	12	24	6	2	3	45.48	0		9.354369
97	386	3	0	0	5	24	17	3	3	174.59	1		4.909336
51	198	2	0	17	6	0	13	6	8	461.16	0		29.165748
51	197	1	0	0	14	24	6	2	3	45.48	0		9.354369
51	199	3	0	0	8	24	17	3	3	174.59	1		4.909336
51	200	3	0	0	16	24	17	3	3	174.59	1		4.909336
100	398	2	0	17	6	8	13	6	8	461.16	0		29.165748
100	396	1	0	0	19	24	6	2	3	45.48	0		9.354369
100	397	1	0	0	21	24	6	2	3	45.48	0		9.354369
100	399	3	0	0	0	27	17	3	3	174.59	1		4.909336
100	400	3	1	0	3	27	17	3	3	174.59	1		4.909336


