Name:				562_n100_m400_bt10
Problem:			3L-VRPTW
Number_of_used_Vehicles:	7
Total_Travel_Distance:		1111.85
Calculation_Time:		3600.00
Total_Iterations:		6866
ConstraintSet:			P1

-------------------------------------------------------------------------------------------------------------------
Tour_Id:			1
No_of_Customers:		13
No_of_Items:			48
Customer_Sequence:		62 70 45 66 63 56 20 30 85 17 44 46 8 

CustId	Id	TypeId	Rotated	x	y	z	Length	Width	Height	mass	Fragility	LoadBearingStrength
8	26	2	0	0	0	0	12	5	8	473.26	0		40.397500
8	27	10	0	0	5	0	8	2	5	132.17	0		31.124045
46	179	2	0	0	7	0	12	5	8	473.26	0		40.397500
46	181	6	0	0	12	0	12	6	5	272.91	0		11.381963
46	178	1	0	0	18	0	17	3	6	130.88	0		9.008690
46	180	5	0	0	21	0	6	4	6	62.54	0		15.177838
46	182	9	0	0	12	5	12	6	3	140.95	1		4.911905
44	170	5	0	0	18	6	6	4	6	62.54	0		15.177838
44	172	10	0	0	5	5	8	2	5	132.17	0		31.124045
44	171	9	0	0	7	8	12	6	3	140.95	1		4.911905
17	62	8	0	0	0	8	12	2	4	83.15	0		12.823833
17	63	10	0	0	22	6	8	2	5	132.17	0		31.124045
17	61	7	0	0	2	8	13	3	8	148.86	1		4.987855
85	335	2	0	12	7	0	12	5	8	473.26	0		40.397500
85	336	2	0	12	12	0	12	5	8	473.26	0		40.397500
85	338	8	0	0	0	12	12	2	4	83.15	0		12.823833
85	337	7	0	0	13	8	13	3	8	148.86	1		4.987855
85	339	9	0	0	7	11	12	6	3	140.95	1		4.911905
30	110	2	0	12	7	8	12	5	8	473.26	0		40.397500
30	111	2	0	12	7	16	12	5	8	473.26	0		40.397500
30	112	5	0	0	18	12	6	4	6	62.54	0		15.177838
20	72	2	0	13	0	0	12	5	8	473.26	0		40.397500
20	73	2	0	13	0	8	12	5	8	473.26	0		40.397500
20	74	7	0	0	0	16	13	3	8	148.86	1		4.987855
56	220	6	0	12	7	24	12	6	5	272.91	0		11.381963
56	219	4	0	13	0	16	14	5	4	174.57	0		12.472035
56	221	10	0	0	5	10	8	2	5	132.17	0		31.124045
56	222	10	0	0	22	11	8	2	5	132.17	0		31.124045
63	246	6	0	13	0	20	12	6	5	272.91	0		11.381963
63	244	1	0	8	21	0	17	3	6	130.88	0		9.008690
63	245	5	0	0	18	18	6	4	6	62.54	0		15.177838
63	247	10	0	0	5	15	8	2	5	132.17	0		31.124045
63	248	10	0	0	22	16	8	2	5	132.17	0		31.124045
66	255	2	0	8	18	6	12	5	8	473.26	0		40.397500
66	254	1	0	17	18	0	17	3	6	130.88	0		9.008690
66	256	5	0	0	18	24	6	4	6	62.54	0		15.177838
66	257	7	0	0	13	16	13	3	8	148.86	1		4.987855
45	173	2	0	8	18	14	12	5	8	473.26	0		40.397500
45	174	3	0	8	18	22	9	5	5	187.55	0		45.100174
45	175	3	0	13	13	8	9	5	5	187.55	0		45.100174
45	177	10	0	0	22	21	8	2	5	132.17	0		31.124045
45	176	7	0	20	18	6	13	3	8	148.86	1		4.987855
70	269	2	0	13	13	13	12	5	8	473.26	0		40.397500
70	271	10	0	13	13	21	8	2	5	132.17	0		31.124045
70	270	7	0	13	15	21	13	3	8	148.86	1		4.987855
62	241	2	0	24	7	0	12	5	8	473.26	0		40.397500
62	242	4	0	13	0	25	14	5	4	174.57	0		12.472035
62	243	10	0	24	7	8	8	2	5	132.17	0		31.124045


-------------------------------------------------------------------------------------------------------------------
Tour_Id:			2
No_of_Customers:		13
No_of_Items:			56
Customer_Sequence:		55 33 21 64 90 92 58 96 75 6 10 9 95 

CustId	Id	TypeId	Rotated	x	y	z	Length	Width	Height	mass	Fragility	LoadBearingStrength
95	378	1	0	0	0	0	17	3	6	130.88	0		9.008690
95	379	10	0	0	3	0	8	2	5	132.17	0		31.124045
95	380	10	0	0	5	0	8	2	5	132.17	0		31.124045
9	29	2	0	0	7	0	12	5	8	473.26	0		40.397500
9	28	1	0	0	12	0	17	3	6	130.88	0		9.008690
9	30	8	0	0	15	0	12	2	4	83.15	0		12.823833
9	31	8	0	0	17	0	12	2	4	83.15	0		12.823833
9	33	10	0	0	19	0	8	2	5	132.17	0		31.124045
9	32	9	0	0	7	8	12	6	3	140.95	1		4.911905
10	35	2	0	8	19	0	12	5	8	473.26	0		40.397500
10	34	1	0	0	0	6	17	3	6	130.88	0		9.008690
10	36	8	0	0	15	4	12	2	4	83.15	0		12.823833
10	37	9	0	0	7	11	12	6	3	140.95	1		4.911905
6	21	6	0	8	19	8	12	6	5	272.91	0		11.381963
6	20	4	0	8	19	13	14	5	4	174.57	0		12.472035
6	22	10	0	0	17	4	8	2	5	132.17	0		31.124045
6	23	10	0	0	3	5	8	2	5	132.17	0		31.124045
75	292	6	0	8	19	17	12	6	5	272.91	0		11.381963
75	291	4	0	8	19	22	14	5	4	174.57	0		12.472035
75	290	3	0	12	3	0	9	5	5	187.55	0		45.100174
75	293	8	0	0	13	6	12	2	4	83.15	0		12.823833
75	295	10	0	0	5	5	8	2	5	132.17	0		31.124045
75	294	9	0	0	7	14	12	6	3	140.95	1		4.911905
96	381	1	0	0	0	12	17	3	6	130.88	0		9.008690
96	382	9	0	0	7	17	12	6	3	140.95	1		4.911905
96	383	9	0	0	7	20	12	6	3	140.95	1		4.911905
58	229	1	0	0	0	18	17	3	6	130.88	0		9.008690
58	230	10	0	0	15	8	8	2	5	132.17	0		31.124045
58	231	10	0	0	17	9	8	2	5	132.17	0		31.124045
58	232	10	0	0	3	10	8	2	5	132.17	0		31.124045
92	366	4	0	8	19	26	14	5	4	174.57	0		12.472035
92	367	5	0	0	0	24	6	4	6	62.54	0		15.177838
92	368	5	0	6	0	24	6	4	6	62.54	0		15.177838
90	359	6	0	17	12	0	12	6	5	272.91	0		11.381963
90	356	1	0	12	8	0	17	3	6	130.88	0		9.008690
90	357	1	0	12	8	6	17	3	6	130.88	0		9.008690
90	358	4	0	17	12	5	14	5	4	174.57	0		12.472035
90	360	10	0	0	5	10	8	2	5	132.17	0		31.124045
64	249	1	0	12	8	12	17	3	6	130.88	0		9.008690
64	251	10	0	0	13	10	8	2	5	132.17	0		31.124045
64	250	9	0	0	7	23	12	6	3	140.95	1		4.911905
21	75	5	0	12	3	5	6	4	6	62.54	0		15.177838
21	76	8	0	12	8	18	12	2	4	83.15	0		12.823833
21	77	9	0	0	7	26	12	6	3	140.95	1		4.911905
33	124	3	0	17	12	9	9	5	5	187.55	0		45.100174
33	125	5	0	12	3	11	6	4	6	62.54	0		15.177838
33	129	10	0	0	15	13	8	2	5	132.17	0		31.124045
33	126	7	0	17	0	0	13	3	8	148.86	1		4.987855
33	127	9	0	30	0	0	12	6	3	140.95	1		4.911905
33	128	9	0	29	6	0	12	6	3	140.95	1		4.911905
55	213	1	0	41	6	0	17	3	6	130.88	0		9.008690
55	214	5	0	12	3	17	6	4	6	62.54	0		15.177838
55	215	8	0	12	8	22	12	2	4	83.15	0		12.823833
55	218	10	0	0	17	14	8	2	5	132.17	0		31.124045
55	216	9	0	29	3	3	12	6	3	140.95	1		4.911905
55	217	9	0	29	3	6	12	6	3	140.95	1		4.911905


-------------------------------------------------------------------------------------------------------------------
Tour_Id:			3
No_of_Customers:		14
No_of_Items:			63
Customer_Sequence:		28 36 25 89 98 78 48 67 4 68 5 77 23 87 

CustId	Id	TypeId	Rotated	x	y	z	Length	Width	Height	mass	Fragility	LoadBearingStrength
87	345	6	0	0	0	0	12	6	5	272.91	0		11.381963
87	344	4	0	0	6	0	14	5	4	174.57	0		12.472035
87	343	3	0	0	11	0	9	5	5	187.55	0		45.100174
87	346	10	0	0	16	0	8	2	5	132.17	0		31.124045
23	81	3	0	0	18	0	9	5	5	187.55	0		45.100174
23	82	5	0	0	6	4	6	4	6	62.54	0		15.177838
23	83	7	0	0	0	5	13	3	8	148.86	1		4.987855
23	84	7	0	0	3	5	13	3	8	148.86	1		4.987855
77	303	2	0	0	11	5	12	5	8	473.26	0		40.397500
77	305	6	0	0	11	13	12	6	5	272.91	0		11.381963
77	300	1	0	9	18	0	17	3	6	130.88	0		9.008690
77	301	1	0	9	21	0	17	3	6	130.88	0		9.008690
77	302	1	0	9	18	6	17	3	6	130.88	0		9.008690
77	304	3	0	0	16	5	9	5	5	187.55	0		45.100174
5	17	1	0	9	21	6	17	3	6	130.88	0		9.008690
5	18	8	0	0	11	18	12	2	4	83.15	0		12.823833
5	19	10	0	0	6	10	8	2	5	132.17	0		31.124045
68	261	2	0	0	13	18	12	5	8	473.26	0		40.397500
68	264	6	0	9	18	12	12	6	5	272.91	0		11.381963
68	265	6	0	9	18	17	12	6	5	272.91	0		11.381963
68	262	4	0	0	13	26	14	5	4	174.57	0		12.472035
68	263	4	0	9	18	22	14	5	4	174.57	0		12.472035
4	15	6	0	13	0	0	12	6	5	272.91	0		11.381963
4	16	6	0	13	0	5	12	6	5	272.91	0		11.381963
4	14	4	0	9	18	26	14	5	4	174.57	0		12.472035
67	258	1	0	14	6	0	17	3	6	130.88	0		9.008690
67	259	8	0	0	11	22	12	2	4	83.15	0		12.823833
67	260	10	0	0	8	10	8	2	5	132.17	0		31.124045
48	186	2	0	13	0	10	12	5	8	473.26	0		40.397500
48	187	4	0	13	0	18	14	5	4	174.57	0		12.472035
48	188	4	0	13	0	22	14	5	4	174.57	0		12.472035
48	190	8	0	0	11	26	12	2	4	83.15	0		12.823833
48	189	7	0	0	0	13	13	3	8	148.86	1		4.987855
78	307	6	0	14	9	0	12	6	5	272.91	0		11.381963
78	308	6	0	14	9	5	12	6	5	272.91	0		11.381963
78	306	4	0	13	0	26	14	5	4	174.57	0		12.472035
78	309	8	0	14	15	0	12	2	4	83.15	0		12.823833
78	311	10	0	0	6	15	8	2	5	132.17	0		31.124045
78	310	9	0	14	9	10	12	6	3	140.95	1		4.911905
98	387	2	0	26	9	0	12	5	8	473.26	0		40.397500
98	388	6	0	26	14	0	12	6	5	272.91	0		11.381963
98	389	6	0	26	14	5	12	6	5	272.91	0		11.381963
98	390	6	0	26	14	10	12	6	5	272.91	0		11.381963
98	391	7	0	14	6	6	13	3	8	148.86	1		4.987855
89	351	2	0	26	20	0	12	5	8	473.26	0		40.397500
89	350	1	0	27	0	0	17	3	6	130.88	0		9.008690
89	355	10	0	0	8	15	8	2	5	132.17	0		31.124045
89	352	7	0	14	9	13	13	3	8	148.86	1		4.987855
89	353	7	0	14	6	14	13	3	8	148.86	1		4.987855
89	354	9	0	26	14	15	12	6	3	140.95	1		4.911905
25	90	3	0	26	20	8	9	5	5	187.55	0		45.100174
25	91	5	0	26	20	13	6	4	6	62.54	0		15.177838
25	92	7	0	14	9	21	13	3	8	148.86	1		4.987855
25	93	7	0	14	6	22	13	3	8	148.86	1		4.987855
36	142	6	0	38	3	0	12	6	5	272.91	0		11.381963
36	143	6	0	38	9	0	12	6	5	272.91	0		11.381963
36	144	6	0	38	15	0	12	6	5	272.91	0		11.381963
36	141	3	0	38	3	5	9	5	5	187.55	0		45.100174
28	102	4	0	38	8	5	14	5	4	174.57	0		12.472035
28	101	3	0	38	13	5	9	5	5	187.55	0		45.100174
28	103	5	0	26	20	19	6	4	6	62.54	0		15.177838
28	104	5	0	38	21	0	6	4	6	62.54	0		15.177838
28	105	10	0	26	20	25	8	2	5	132.17	0		31.124045


-------------------------------------------------------------------------------------------------------------------
Tour_Id:			4
No_of_Customers:		18
No_of_Items:			66
Customer_Sequence:		11 72 57 97 61 42 59 41 73 22 71 31 76 86 43 79 18 49 

CustId	Id	TypeId	Rotated	x	y	z	Length	Width	Height	mass	Fragility	LoadBearingStrength
49	193	6	0	0	0	0	12	6	5	272.91	0		11.381963
49	191	5	0	0	6	0	6	4	6	62.54	0		15.177838
49	192	5	0	0	10	0	6	4	6	62.54	0		15.177838
49	194	9	0	0	14	0	12	6	3	140.95	1		4.911905
18	65	2	0	0	20	0	12	5	8	473.26	0		40.397500
18	64	1	0	6	6	0	17	3	6	130.88	0		9.008690
18	66	3	0	0	0	5	9	5	5	187.55	0		45.100174
18	67	9	0	0	14	3	12	6	3	140.95	1		4.911905
79	314	6	0	0	6	6	12	6	5	272.91	0		11.381963
79	312	3	0	0	20	8	9	5	5	187.55	0		45.100174
79	313	5	0	0	0	10	6	4	6	62.54	0		15.177838
79	315	8	0	0	6	11	12	2	4	83.15	0		12.823833
43	168	2	0	0	8	11	12	5	8	473.26	0		40.397500
43	169	7	0	0	13	6	13	3	8	148.86	1		4.987855
86	340	4	0	0	8	19	14	5	4	174.57	0		12.472035
86	342	10	0	0	20	13	8	2	5	132.17	0		31.124045
86	341	9	0	0	8	23	12	6	3	140.95	1		4.911905
76	296	4	0	12	0	0	14	5	4	174.57	0		12.472035
76	297	4	0	12	20	0	14	5	4	174.57	0		12.472035
76	298	5	0	0	0	16	6	4	6	62.54	0		15.177838
76	299	9	0	0	8	26	12	6	3	140.95	1		4.911905
31	113	2	0	12	0	4	12	5	8	473.26	0		40.397500
31	114	5	0	0	0	22	6	4	6	62.54	0		15.177838
31	116	8	0	0	22	13	12	2	4	83.15	0		12.823833
31	115	7	0	0	16	6	13	3	8	148.86	1		4.987855
31	117	9	0	0	14	14	12	6	3	140.95	1		4.911905
71	272	2	0	12	20	4	12	5	8	473.26	0		40.397500
71	274	4	0	12	0	12	14	5	4	174.57	0		12.472035
71	273	3	0	12	20	12	9	5	5	187.55	0		45.100174
71	275	7	0	0	14	17	13	3	8	148.86	1		4.987855
22	78	3	0	12	0	16	9	5	5	187.55	0		45.100174
22	80	8	0	0	6	15	12	2	4	83.15	0		12.823833
22	79	7	0	0	17	17	13	3	8	148.86	1		4.987855
73	282	2	0	12	20	17	12	5	8	473.26	0		40.397500
73	281	1	0	13	13	0	17	3	6	130.88	0		9.008690
73	283	3	0	12	0	21	9	5	5	187.55	0		45.100174
73	284	5	0	13	16	0	6	4	6	62.54	0		15.177838
41	163	10	0	0	6	19	8	2	5	132.17	0		31.124045
41	162	9	0	0	14	25	12	6	3	140.95	1		4.911905
59	233	2	0	13	13	6	12	5	8	473.26	0		40.397500
59	234	8	0	12	6	6	12	2	4	83.15	0		12.823833
42	164	1	0	24	5	0	17	3	6	130.88	0		9.008690
42	165	5	0	13	13	14	6	4	6	62.54	0		15.177838
42	166	5	0	13	13	20	6	4	6	62.54	0		15.177838
42	167	10	0	0	6	24	8	2	5	132.17	0		31.124045
61	239	6	0	30	13	0	12	6	5	272.91	0		11.381963
61	237	1	0	23	8	0	17	3	6	130.88	0		9.008690
61	238	5	0	19	13	14	6	4	6	62.54	0		15.177838
61	240	8	0	12	6	10	12	2	4	83.15	0		12.823833
97	384	5	0	19	13	20	6	4	6	62.54	0		15.177838
97	385	8	0	12	6	14	12	2	4	83.15	0		12.823833
97	386	9	0	24	5	6	12	6	3	140.95	1		4.911905
57	223	2	0	26	0	0	12	5	8	473.26	0		40.397500
57	224	2	0	26	19	0	12	5	8	473.26	0		40.397500
57	225	4	0	12	20	25	14	5	4	174.57	0		12.472035
57	226	4	0	26	0	8	14	5	4	174.57	0		12.472035
57	227	4	0	26	19	8	14	5	4	174.57	0		12.472035
57	228	8	0	12	6	18	12	2	4	83.15	0		12.823833
72	276	1	0	26	0	12	17	3	6	130.88	0		9.008690
72	277	3	0	26	19	12	9	5	5	187.55	0		45.100174
72	278	5	1	21	0	16	6	4	6	62.54	0		15.177838
72	280	10	0	12	6	22	8	2	5	132.17	0		31.124045
72	279	9	0	24	5	9	12	6	3	140.95	1		4.911905
11	39	8	0	12	0	26	12	2	4	83.15	0		12.823833
11	40	10	0	23	11	0	8	2	5	132.17	0		31.124045
11	38	7	0	26	3	12	13	3	8	148.86	1		4.987855


-------------------------------------------------------------------------------------------------------------------
Tour_Id:			5
No_of_Customers:		13
No_of_Items:			43
Customer_Sequence:		82 19 54 81 2 27 32 13 60 83 38 65 51 

CustId	Id	TypeId	Rotated	x	y	z	Length	Width	Height	mass	Fragility	LoadBearingStrength
51	199	1	0	0	0	0	17	3	6	130.88	0		9.008690
51	201	4	0	0	3	0	14	5	4	174.57	0		12.472035
51	200	3	0	0	8	0	9	5	5	187.55	0		45.100174
65	252	5	0	0	13	0	6	4	6	62.54	0		15.177838
65	253	5	0	0	17	0	6	4	6	62.54	0		15.177838
38	151	1	0	0	21	0	17	3	6	130.88	0		9.008690
38	152	8	0	0	3	4	12	2	4	83.15	0		12.823833
83	329	8	0	0	5	4	12	2	4	83.15	0		12.823833
83	328	7	0	0	0	6	13	3	8	148.86	1		4.987855
83	330	9	1	0	13	6	12	6	3	140.95	1		4.911905
60	236	6	0	6	13	0	12	6	5	272.91	0		11.381963
60	235	3	0	0	8	5	9	5	5	187.55	0		45.100174
13	44	3	0	0	3	8	9	5	5	187.55	0		45.100174
13	45	5	0	0	8	10	6	4	6	62.54	0		15.177838
13	46	5	0	0	3	13	6	4	6	62.54	0		15.177838
13	47	8	0	6	19	0	12	2	4	83.15	0		12.823833
13	49	10	0	0	8	16	8	2	5	132.17	0		31.124045
13	48	9	1	0	13	9	12	6	3	140.95	1		4.911905
32	118	2	0	6	13	5	12	5	8	473.26	0		40.397500
32	123	6	0	6	13	13	12	6	5	272.91	0		11.381963
32	120	4	0	6	13	18	14	5	4	174.57	0		12.472035
32	121	4	0	6	13	22	14	5	4	174.57	0		12.472035
32	122	4	0	6	13	26	14	5	4	174.57	0		12.472035
32	119	3	0	9	8	0	9	5	5	187.55	0		45.100174
27	98	4	0	14	3	0	14	5	4	174.57	0		12.472035
27	99	9	0	18	19	0	12	6	3	140.95	1		4.911905
27	100	9	0	18	18	3	12	6	3	140.95	1		4.911905
2	8	4	0	12	3	4	14	5	4	174.57	0		12.472035
2	7	3	0	9	8	5	9	5	5	187.55	0		45.100174
81	322	6	0	28	0	0	12	6	5	272.91	0		11.381963
81	323	7	0	0	0	14	13	3	8	148.86	1		4.987855
81	324	7	0	0	0	22	13	3	8	148.86	1		4.987855
54	209	2	0	8	8	10	12	5	8	473.26	0		40.397500
54	210	9	0	18	18	6	12	6	3	140.95	1		4.911905
54	211	9	0	18	18	9	12	6	3	140.95	1		4.911905
54	212	9	0	18	18	12	12	6	3	140.95	1		4.911905
19	68	2	0	8	8	18	12	5	8	473.26	0		40.397500
19	70	6	0	20	8	0	12	6	5	272.91	0		11.381963
19	71	6	0	20	8	5	12	6	5	272.91	0		11.381963
19	69	3	0	9	3	8	9	5	5	187.55	0		45.100174
82	325	4	0	6	3	13	14	5	4	174.57	0		12.472035
82	326	9	0	18	18	15	12	6	3	140.95	1		4.911905
82	327	9	0	18	18	18	12	6	3	140.95	1		4.911905


-------------------------------------------------------------------------------------------------------------------
Tour_Id:			6
No_of_Customers:		14
No_of_Items:			60
Customer_Sequence:		91 100 69 35 40 7 52 15 34 80 29 50 53 37 

CustId	Id	TypeId	Rotated	x	y	z	Length	Width	Height	mass	Fragility	LoadBearingStrength
37	145	3	0	0	0	0	9	5	5	187.55	0		45.100174
37	147	8	0	0	5	0	12	2	4	83.15	0		12.823833
37	149	10	0	0	7	0	8	2	5	132.17	0		31.124045
37	150	10	0	0	9	0	8	2	5	132.17	0		31.124045
37	146	7	0	0	11	0	13	3	8	148.86	1		4.987855
37	148	9	0	0	14	0	12	6	3	140.95	1		4.911905
53	206	6	0	12	0	0	12	6	5	272.91	0		11.381963
53	205	4	0	0	20	0	14	5	4	174.57	0		12.472035
53	207	8	0	0	5	4	12	2	4	83.15	0		12.823833
53	208	10	0	0	20	4	8	2	5	132.17	0		31.124045
50	198	10	0	0	22	4	8	2	5	132.17	0		31.124045
50	195	9	0	0	14	3	12	6	3	140.95	1		4.911905
50	196	9	0	0	14	6	12	6	3	140.95	1		4.911905
50	197	9	0	0	14	9	12	6	3	140.95	1		4.911905
29	106	2	0	0	0	5	12	5	8	473.26	0		40.397500
29	107	2	0	0	0	13	12	5	8	473.26	0		40.397500
29	108	4	0	0	0	21	14	5	4	174.57	0		12.472035
29	109	5	0	0	7	5	6	4	6	62.54	0		15.177838
80	316	2	0	12	6	0	12	5	8	473.26	0		40.397500
80	317	2	0	12	14	0	12	5	8	473.26	0		40.397500
80	318	2	0	12	5	8	12	5	8	473.26	0		40.397500
80	319	4	0	0	0	25	14	5	4	174.57	0		12.472035
80	320	7	0	0	11	8	13	3	8	148.86	1		4.987855
80	321	9	0	0	14	12	12	6	3	140.95	1		4.911905
34	130	1	0	13	11	0	17	3	6	130.88	0		9.008690
34	131	1	0	13	11	6	17	3	6	130.88	0		9.008690
34	134	4	0	12	14	8	14	5	4	174.57	0		12.472035
34	132	3	0	12	14	12	9	5	5	187.55	0		45.100174
34	133	3	0	12	5	16	9	5	5	187.55	0		45.100174
34	135	7	0	0	11	16	13	3	8	148.86	1		4.987855
15	57	6	0	24	0	0	12	6	5	272.91	0		11.381963
15	54	1	0	13	11	12	17	3	6	130.88	0		9.008690
15	55	1	0	13	11	18	17	3	6	130.88	0		9.008690
15	56	4	0	14	20	0	14	5	4	174.57	0		12.472035
52	203	2	0	8	20	4	12	5	8	473.26	0		40.397500
52	202	1	0	13	11	24	17	3	6	130.88	0		9.008690
52	204	5	0	0	20	9	6	4	6	62.54	0		15.177838
7	25	6	0	24	0	5	12	6	5	272.91	0		11.381963
7	24	1	0	24	6	0	17	3	6	130.88	0		9.008690
40	158	2	0	8	20	12	12	5	8	473.26	0		40.397500
40	159	5	0	0	20	15	6	4	6	62.54	0		15.177838
40	160	8	0	8	20	20	12	2	4	83.15	0		12.823833
40	161	10	0	0	20	21	8	2	5	132.17	0		31.124045
35	137	4	0	24	0	10	14	5	4	174.57	0		12.472035
35	136	3	0	12	14	17	9	5	5	187.55	0		45.100174
35	138	5	0	12	5	21	6	4	6	62.54	0		15.177838
35	139	8	0	6	22	20	12	2	4	83.15	0		12.823833
35	140	9	0	26	14	0	12	6	3	140.95	1		4.911905
69	267	2	0	12	14	22	12	5	8	473.26	0		40.397500
69	266	1	0	24	6	6	17	3	6	130.88	0		9.008690
69	268	9	0	26	14	3	12	6	3	140.95	1		4.911905
100	398	6	0	38	0	0	12	6	5	272.91	0		11.381963
100	397	3	0	8	20	24	9	5	5	187.55	0		45.100174
100	399	8	0	24	9	0	12	2	4	83.15	0		12.823833
100	400	10	0	20	20	4	8	2	5	132.17	0		31.124045
91	361	1	0	24	6	12	17	3	6	130.88	0		9.008690
91	363	8	0	24	9	4	12	2	4	83.15	0		12.823833
91	364	8	0	24	9	8	12	2	4	83.15	0		12.823833
91	365	10	0	20	22	4	8	2	5	132.17	0		31.124045
91	362	7	0	24	0	14	13	3	8	148.86	1		4.987855


-------------------------------------------------------------------------------------------------------------------
Tour_Id:			7
No_of_Customers:		15
No_of_Items:			64
Customer_Sequence:		24 1 47 16 39 93 84 12 26 88 94 3 99 14 74 

CustId	Id	TypeId	Rotated	x	y	z	Length	Width	Height	mass	Fragility	LoadBearingStrength
74	285	4	0	0	0	0	14	5	4	174.57	0		12.472035
74	286	5	0	0	5	0	6	4	6	62.54	0		15.177838
74	288	10	0	0	9	0	8	2	5	132.17	0		31.124045
74	289	10	0	0	11	0	8	2	5	132.17	0		31.124045
74	287	7	0	0	13	0	13	3	8	148.86	1		4.987855
14	50	3	0	0	16	0	9	5	5	187.55	0		45.100174
14	51	8	0	0	21	0	12	2	4	83.15	0		12.823833
14	53	10	0	0	23	0	8	2	5	132.17	0		31.124045
14	52	9	0	8	5	0	12	6	3	140.95	1		4.911905
99	393	2	0	0	0	4	12	5	8	473.26	0		40.397500
99	392	1	0	9	16	0	17	3	6	130.88	0		9.008690
99	394	3	0	0	16	5	9	5	5	187.55	0		45.100174
99	395	3	0	0	16	10	9	5	5	187.55	0		45.100174
99	396	10	0	0	21	4	8	2	5	132.17	0		31.124045
3	9	1	0	9	16	6	17	3	6	130.88	0		9.008690
3	10	5	0	0	9	5	6	4	6	62.54	0		15.177838
3	11	5	0	0	5	6	6	4	6	62.54	0		15.177838
3	12	7	0	0	13	8	13	3	8	148.86	1		4.987855
3	13	9	0	0	0	12	12	6	3	140.95	1		4.911905
94	374	6	0	20	0	0	12	6	5	272.91	0		11.381963
94	375	6	0	20	6	0	12	6	5	272.91	0		11.381963
94	372	3	0	0	16	15	9	5	5	187.55	0		45.100174
94	373	3	0	0	16	20	9	5	5	187.55	0		45.100174
94	376	8	0	0	16	25	12	2	4	83.15	0		12.823833
94	377	8	0	0	18	25	12	2	4	83.15	0		12.823833
88	347	3	0	20	0	5	9	5	5	187.55	0		45.100174
88	348	5	0	0	9	11	6	4	6	62.54	0		15.177838
88	349	5	0	0	9	17	6	4	6	62.54	0		15.177838
26	96	6	0	20	5	5	12	6	5	272.91	0		11.381963
26	94	1	0	12	21	0	17	3	6	130.88	0		9.008690
26	95	5	0	0	9	23	6	4	6	62.54	0		15.177838
26	97	9	0	0	0	15	12	6	3	140.95	1		4.911905
12	41	1	0	8	21	6	17	3	6	130.88	0		9.008690
12	42	1	0	8	21	12	17	3	6	130.88	0		9.008690
12	43	9	0	0	0	18	12	6	3	140.95	1		4.911905
84	331	2	0	20	0	10	12	5	8	473.26	0		40.397500
84	332	5	0	8	21	18	6	4	6	62.54	0		15.177838
84	333	7	0	0	13	16	13	3	8	148.86	1		4.987855
84	334	9	0	0	0	21	12	6	3	140.95	1		4.911905
93	370	6	0	20	5	10	12	6	5	272.91	0		11.381963
93	369	5	0	8	21	24	6	4	6	62.54	0		15.177838
93	371	10	0	0	6	12	8	2	5	132.17	0		31.124045
39	154	2	0	20	5	15	12	5	8	473.26	0		40.397500
39	153	1	0	12	16	12	17	3	6	130.88	0		9.008690
39	155	5	0	12	16	18	6	4	6	62.54	0		15.177838
39	156	8	0	13	12	0	12	2	4	83.15	0		12.823833
39	157	10	0	0	6	17	8	2	5	132.17	0		31.124045
16	60	6	0	20	5	23	12	6	5	272.91	0		11.381963
16	58	1	0	25	12	0	17	3	6	130.88	0		9.008690
16	59	5	0	12	16	24	6	4	6	62.54	0		15.177838
47	184	2	0	20	0	18	12	5	8	473.26	0		40.397500
47	183	1	0	25	12	6	17	3	6	130.88	0		9.008690
47	185	3	0	32	0	0	9	5	5	187.55	0		45.100174
1	1	1	0	25	12	12	17	3	6	130.88	0		9.008690
1	2	4	0	20	0	26	14	5	4	174.57	0		12.472035
1	3	4	0	32	5	0	14	5	4	174.57	0		12.472035
1	6	10	0	14	21	18	8	2	5	132.17	0		31.124045
1	4	9	0	32	5	4	12	6	3	140.95	1		4.911905
1	5	9	0	32	5	7	12	6	3	140.95	1		4.911905
24	87	2	0	41	0	0	12	5	8	473.26	0		40.397500
24	88	2	0	41	0	8	12	5	8	473.26	0		40.397500
24	85	1	0	25	12	18	17	3	6	130.88	0		9.008690
24	86	1	0	25	12	24	17	3	6	130.88	0		9.008690
24	89	4	0	41	0	16	14	5	4	174.57	0		12.472035


