Name:				564_n100_m400_bt10
Problem:			3L-VRPTW
Number_of_used_Vehicles:	8
Total_Travel_Distance:		1097.95
Calculation_Time:		3600.00
Total_Iterations:		8843
ConstraintSet:			P1

-------------------------------------------------------------------------------------------------------------------
Tour_Id:			1
No_of_Customers:		13
No_of_Items:			45
Customer_Sequence:		37 95 86 36 43 2 31 14 71 75 58 60 30 

CustId	Id	TypeId	Rotated	x	y	z	Length	Width	Height	mass	Fragility	LoadBearingStrength
30	117	8	0	0	0	0	14	6	8	419.08	0		27.276868
30	114	5	0	0	6	0	7	3	3	33.94	0		14.821202
30	115	5	0	0	9	0	7	3	3	33.94	0		14.821202
30	116	7	0	0	12	0	8	7	5	244.18	1		13.982707
60	230	8	0	0	19	0	14	6	8	419.08	0		27.276868
60	228	3	0	0	0	8	17	3	7	264.94	1		11.817760
60	229	7	0	0	12	5	8	7	5	244.18	1		13.982707
58	219	1	0	0	19	8	11	6	7	316.08	0		16.806401
58	220	1	0	0	19	15	11	6	7	316.08	0		16.806401
58	222	10	0	7	6	0	12	5	7	181.56	0		12.079287
58	221	4	0	0	3	8	12	2	5	41.72	0		17.195312
75	288	8	0	0	19	22	14	6	8	419.08	0		27.276868
75	287	6	0	7	6	7	13	6	8	217.73	0		10.739168
75	289	9	0	7	6	15	11	5	8	430	0		24.957372
71	275	8	0	8	12	0	14	6	8	419.08	0		27.276868
71	276	10	0	7	6	23	12	5	7	181.56	0		12.079287
14	51	1	0	8	12	8	11	6	7	316.08	0		16.806401
14	52	4	0	0	3	13	12	2	5	41.72	0		17.195312
14	53	4	0	0	3	18	12	2	5	41.72	0		17.195312
31	121	6	0	7	11	15	13	6	8	217.73	0		10.739168
31	118	2	0	7	11	23	17	3	5	249.28	0		127.534066
31	120	4	0	0	3	23	12	2	5	41.72	0		17.195312
31	119	3	0	0	0	15	17	3	7	264.94	1		11.817760
2	4	9	0	14	18	0	11	5	8	430	0		24.957372
2	5	10	0	14	18	8	12	5	7	181.56	0		12.079287
2	3	4	0	7	14	23	12	2	5	41.72	0		17.195312
43	164	10	0	14	17	15	12	5	7	181.56	0		12.079287
43	162	4	0	14	23	0	12	2	5	41.72	0		17.195312
43	163	4	0	14	23	5	12	2	5	41.72	0		17.195312
36	134	1	0	14	17	22	11	6	7	316.08	0		16.806401
36	136	9	0	17	0	0	11	5	8	430	0		24.957372
36	137	10	0	17	0	8	12	5	7	181.56	0		12.079287
36	138	10	0	17	0	15	12	5	7	181.56	0		12.079287
36	135	7	0	24	5	0	8	7	5	244.18	1		13.982707
86	336	8	0	26	12	0	14	6	8	419.08	0		27.276868
86	337	10	0	17	0	22	12	5	7	181.56	0		12.079287
86	338	10	0	26	18	0	12	5	7	181.56	0		12.079287
95	375	9	0	26	18	7	11	5	8	430	0		24.957372
95	376	9	0	24	12	8	11	5	8	430	0		24.957372
95	372	2	0	29	0	0	17	3	5	249.28	0		127.534066
95	373	7	0	24	5	5	8	7	5	244.18	1		13.982707
95	374	7	0	24	5	10	8	7	5	244.18	1		13.982707
37	139	1	0	24	11	16	11	6	7	316.08	0		16.806401
37	140	1	0	24	11	23	11	6	7	316.08	0		16.806401
37	141	9	0	26	17	15	11	5	8	430	0		24.957372


-------------------------------------------------------------------------------------------------------------------
Tour_Id:			2
No_of_Customers:		13
No_of_Items:			53
Customer_Sequence:		27 67 28 59 21 11 84 56 12 47 17 6 19 

CustId	Id	TypeId	Rotated	x	y	z	Length	Width	Height	mass	Fragility	LoadBearingStrength
19	70	10	0	0	0	0	12	5	7	181.56	0		12.079287
19	66	2	0	0	5	0	17	3	5	249.28	0		127.534066
19	67	4	0	0	8	0	12	2	5	41.72	0		17.195312
19	68	5	0	0	10	0	7	3	3	33.94	0		14.821202
19	69	5	0	0	13	0	7	3	3	33.94	0		14.821202
6	18	3	0	0	16	0	17	3	7	264.94	1		11.817760
6	19	7	0	12	8	0	8	7	5	244.18	1		13.982707
6	20	7	0	12	8	5	8	7	5	244.18	1		13.982707
17	60	1	0	0	19	0	11	6	7	316.08	0		16.806401
17	63	9	0	0	0	7	11	5	8	430	0		24.957372
17	61	2	0	0	5	5	17	3	5	249.28	0		127.534066
17	62	7	0	0	15	7	8	7	5	244.18	1		13.982707
47	176	1	0	0	0	15	11	6	7	316.08	0		16.806401
47	177	9	0	0	0	22	11	5	8	430	0		24.957372
12	46	9	0	11	19	0	11	5	8	430	0		24.957372
12	47	10	0	8	19	8	12	5	7	181.56	0		12.079287
56	210	1	0	8	19	15	11	6	7	316.08	0		16.806401
56	211	3	0	0	6	10	17	3	7	264.94	1		11.817760
56	212	3	0	0	6	17	17	3	7	264.94	1		11.817760
56	213	3	0	12	0	0	17	3	7	264.94	1		11.817760
84	332	8	0	8	19	22	14	6	8	419.08	0		27.276868
84	331	6	0	20	3	0	13	6	8	217.73	0		10.739168
84	328	1	0	20	9	0	11	6	7	316.08	0		16.806401
84	333	9	0	20	9	7	11	5	8	430	0		24.957372
84	329	2	0	17	15	0	17	3	5	249.28	0		127.534066
84	330	2	0	17	15	5	17	3	5	249.28	0		127.534066
11	43	3	0	11	0	7	17	3	7	264.94	1		11.817760
11	44	3	0	11	0	14	17	3	7	264.94	1		11.817760
11	45	7	0	33	0	0	8	7	5	244.18	1		13.982707
21	76	6	0	20	3	8	13	6	8	217.73	0		10.739168
21	74	4	0	17	15	10	12	2	5	41.72	0		17.195312
21	75	5	0	20	9	15	7	3	3	33.94	0		14.821202
21	73	3	0	11	0	21	17	3	7	264.94	1		11.817760
59	226	10	0	17	3	16	12	5	7	181.56	0		12.079287
59	227	10	0	17	3	23	12	5	7	181.56	0		12.079287
59	223	4	0	17	15	15	12	2	5	41.72	0		17.195312
59	224	5	0	20	9	18	7	3	3	33.94	0		14.821202
59	225	7	0	33	7	0	8	7	5	244.18	1		13.982707
28	108	8	0	22	18	0	14	6	8	419.08	0		27.276868
28	109	8	0	22	18	8	14	6	8	419.08	0		27.276868
28	107	6	0	22	17	16	13	6	8	217.73	0		10.739168
28	105	2	0	22	17	24	17	3	5	249.28	0		127.534066
28	106	4	0	17	15	20	12	2	5	41.72	0		17.195312
67	262	6	0	41	0	0	13	6	8	217.73	0		10.739168
67	260	4	0	17	15	25	12	2	5	41.72	0		17.195312
67	261	5	0	20	9	21	7	3	3	33.94	0		14.821202
67	259	3	0	41	6	0	17	3	7	264.94	1		11.817760
27	100	6	0	41	9	0	13	6	8	217.73	0		10.739168
27	101	6	0	39	15	0	13	6	8	217.73	0		10.739168
27	99	4	0	20	12	15	12	2	5	41.72	0		17.195312
27	102	7	0	39	15	8	8	7	5	244.18	1		13.982707
27	103	7	0	39	15	13	8	7	5	244.18	1		13.982707
27	104	7	0	39	15	18	8	7	5	244.18	1		13.982707


-------------------------------------------------------------------------------------------------------------------
Tour_Id:			3
No_of_Customers:		13
No_of_Items:			54
Customer_Sequence:		89 77 22 69 100 92 35 72 64 65 70 34 25 

CustId	Id	TypeId	Rotated	x	y	z	Length	Width	Height	mass	Fragility	LoadBearingStrength
25	92	8	0	0	0	0	14	6	8	419.08	0		27.276868
25	93	9	0	0	6	0	11	5	8	430	0		24.957372
25	90	5	0	0	11	0	7	3	3	33.94	0		14.821202
25	91	5	0	0	14	0	7	3	3	33.94	0		14.821202
25	89	3	0	0	17	0	17	3	7	264.94	1		11.817760
34	129	6	0	0	0	8	13	6	8	217.73	0		10.739168
34	127	4	0	0	20	0	12	2	5	41.72	0		17.195312
34	128	5	0	0	22	0	7	3	3	33.94	0		14.821202
70	273	4	0	0	20	5	12	2	5	41.72	0		17.195312
70	274	7	0	0	0	16	8	7	5	244.18	1		13.982707
65	253	1	0	7	11	0	11	6	7	316.08	0		16.806401
65	254	2	0	7	22	0	17	3	5	249.28	0		127.534066
64	251	10	0	7	11	7	12	5	7	181.56	0		12.079287
64	252	10	0	7	11	14	12	5	7	181.56	0		12.079287
64	247	2	0	7	22	5	17	3	5	249.28	0		127.534066
64	249	4	0	0	20	10	12	2	5	41.72	0		17.195312
64	248	3	0	0	16	7	17	3	7	264.94	1		11.817760
64	250	7	0	0	0	21	8	7	5	244.18	1		13.982707
72	279	8	0	14	0	0	14	6	8	419.08	0		27.276868
72	278	6	0	7	11	21	13	6	8	217.73	0		10.739168
72	277	3	0	7	22	10	17	3	7	264.94	1		11.817760
35	131	8	0	13	0	8	14	6	8	419.08	0		27.276868
35	132	8	0	8	0	16	14	6	8	419.08	0		27.276868
35	130	6	0	20	6	0	13	6	8	217.73	0		10.739168
35	133	10	0	17	17	0	12	5	7	181.56	0		12.079287
92	360	8	0	20	6	8	14	6	8	419.08	0		27.276868
92	359	6	0	20	6	16	13	6	8	217.73	0		10.739168
92	358	5	0	0	7	8	7	3	3	33.94	0		14.821202
92	357	3	0	7	22	17	17	3	7	264.94	1		11.817760
100	399	6	0	28	0	0	13	6	8	217.73	0		10.739168
100	395	1	0	27	0	8	11	6	7	316.08	0		16.806401
100	400	10	0	17	17	7	12	5	7	181.56	0		12.079287
100	396	2	0	8	0	24	17	3	5	249.28	0		127.534066
100	398	4	0	0	20	15	12	2	5	41.72	0		17.195312
100	397	3	0	20	12	0	17	3	7	264.94	1		11.817760
69	272	8	0	27	0	15	14	6	8	419.08	0		27.276868
69	270	6	0	29	15	0	13	6	8	217.73	0		10.739168
69	271	6	0	29	15	8	13	6	8	217.73	0		10.739168
69	268	1	0	25	0	23	11	6	7	316.08	0		16.806401
69	269	2	0	8	3	24	17	3	5	249.28	0		127.534066
22	80	8	0	29	15	16	14	6	8	419.08	0		27.276868
22	81	8	0	34	6	0	14	6	8	419.08	0		27.276868
22	77	1	0	34	6	8	11	6	7	316.08	0		16.806401
22	82	10	0	34	6	15	12	5	7	181.56	0		12.079287
22	78	5	0	20	6	24	7	3	3	33.94	0		14.821202
22	79	7	0	29	15	24	8	7	5	244.18	1		13.982707
77	296	1	0	33	6	22	11	6	7	316.08	0		16.806401
77	297	2	0	24	22	0	17	3	5	249.28	0		127.534066
77	298	4	0	20	9	24	12	2	5	41.72	0		17.195312
77	299	4	0	24	22	5	12	2	5	41.72	0		17.195312
77	300	5	0	20	6	27	7	3	3	33.94	0		14.821202
89	347	6	0	41	0	0	13	6	8	217.73	0		10.739168
89	345	1	0	41	0	8	11	6	7	316.08	0		16.806401
89	346	3	0	20	12	7	17	3	7	264.94	1		11.817760


-------------------------------------------------------------------------------------------------------------------
Tour_Id:			4
No_of_Customers:		12
No_of_Items:			57
Customer_Sequence:		29 8 81 87 3 78 4 55 52 7 50 63 

CustId	Id	TypeId	Rotated	x	y	z	Length	Width	Height	mass	Fragility	LoadBearingStrength
63	243	6	0	0	0	0	13	6	8	217.73	0		10.739168
63	245	9	0	0	6	0	11	5	8	430	0		24.957372
63	246	10	0	0	11	0	12	5	7	181.56	0		12.079287
63	242	5	0	0	16	0	7	3	3	33.94	0		14.821202
63	244	7	0	0	0	8	8	7	5	244.18	1		13.982707
50	187	8	0	0	19	0	14	6	8	419.08	0		27.276868
50	186	6	0	0	11	7	13	6	8	217.73	0		10.739168
50	183	2	0	0	19	8	17	3	5	249.28	0		127.534066
50	184	2	0	0	22	8	17	3	5	249.28	0		127.534066
50	185	4	0	0	7	8	12	2	5	41.72	0		17.195312
7	26	10	0	0	19	13	12	5	7	181.56	0		12.079287
7	22	4	0	0	9	8	12	2	5	41.72	0		17.195312
7	23	4	0	0	7	13	12	2	5	41.72	0		17.195312
7	24	5	0	0	11	15	7	3	3	33.94	0		14.821202
7	21	3	0	0	14	15	17	3	7	264.94	1		11.817760
7	25	7	0	0	0	13	8	7	5	244.18	1		13.982707
52	197	6	0	0	19	20	13	6	8	217.73	0		10.739168
52	199	9	0	13	0	0	11	5	8	430	0		24.957372
52	194	4	0	0	9	13	12	2	5	41.72	0		17.195312
52	195	4	0	0	7	18	12	2	5	41.72	0		17.195312
52	196	4	0	0	9	18	12	2	5	41.72	0		17.195312
52	198	7	0	0	0	18	8	7	5	244.18	1		13.982707
55	209	8	0	8	0	8	14	6	8	419.08	0		27.276868
55	208	6	0	8	0	16	13	6	8	217.73	0		10.739168
55	207	5	0	0	11	18	7	3	3	33.94	0		14.821202
55	206	3	0	0	14	22	17	3	7	264.94	1		11.817760
4	10	1	0	13	6	0	11	6	7	316.08	0		16.806401
4	11	2	0	8	0	24	17	3	5	249.28	0		127.534066
4	12	5	0	0	11	21	7	3	3	33.94	0		14.821202
4	13	5	0	0	7	23	7	3	3	33.94	0		14.821202
4	14	7	0	13	6	7	8	7	5	244.18	1		13.982707
78	304	6	0	17	13	0	13	6	8	217.73	0		10.739168
78	305	6	0	17	19	0	13	6	8	217.73	0		10.739168
78	301	1	0	17	13	8	11	6	7	316.08	0		16.806401
78	306	9	0	17	19	8	11	5	8	430	0		24.957372
78	302	2	0	8	3	24	17	3	5	249.28	0		127.534066
78	303	5	0	0	11	24	7	3	3	33.94	0		14.821202
3	7	6	0	17	13	15	13	6	8	217.73	0		10.739168
3	8	6	0	24	6	0	13	6	8	217.73	0		10.739168
3	9	9	0	17	19	16	11	5	8	430	0		24.957372
3	6	3	0	17	13	23	17	3	7	264.94	1		11.817760
87	339	9	0	24	6	8	11	5	8	430	0		24.957372
87	340	9	0	24	6	16	11	5	8	430	0		24.957372
87	341	9	0	30	16	0	11	5	8	430	0		24.957372
87	342	10	0	30	16	8	12	5	7	181.56	0		12.079287
81	316	8	0	25	0	0	14	6	8	419.08	0		27.276868
81	315	1	0	25	0	8	11	6	7	316.08	0		16.806401
81	317	10	0	25	0	15	12	5	7	181.56	0		12.079287
81	318	10	0	25	0	22	12	5	7	181.56	0		12.079287
8	30	10	0	30	16	15	12	5	7	181.56	0		12.079287
8	27	2	0	17	16	23	17	3	5	249.28	0		127.534066
8	28	2	0	30	21	0	17	3	5	249.28	0		127.534066
8	29	7	0	37	6	0	8	7	5	244.18	1		13.982707
29	110	1	0	39	0	0	11	6	7	316.08	0		16.806401
29	113	10	0	39	0	7	12	5	7	181.56	0		12.079287
29	111	4	0	17	19	24	12	2	5	41.72	0		17.195312
29	112	5	0	0	7	26	7	3	3	33.94	0		14.821202


-------------------------------------------------------------------------------------------------------------------
Tour_Id:			5
No_of_Customers:		9
No_of_Items:			38
Customer_Sequence:		41 40 5 68 32 66 82 53 99 

CustId	Id	TypeId	Rotated	x	y	z	Length	Width	Height	mass	Fragility	LoadBearingStrength
99	392	8	0	0	0	0	14	6	8	419.08	0		27.276868
99	390	1	0	0	6	0	11	6	7	316.08	0		16.806401
99	393	9	0	0	12	0	11	5	8	430	0		24.957372
99	394	9	0	0	17	0	11	5	8	430	0		24.957372
99	391	5	0	0	22	0	7	3	3	33.94	0		14.821202
53	202	8	0	0	6	7	14	6	8	419.08	0		27.276868
53	200	2	0	0	0	8	17	3	5	249.28	0		127.534066
53	201	3	0	0	3	8	17	3	7	264.94	1		11.817760
82	322	8	0	0	12	8	14	6	8	419.08	0		27.276868
82	320	6	0	0	6	15	13	6	8	217.73	0		10.739168
82	319	1	0	0	12	16	11	6	7	316.08	0		16.806401
82	323	10	0	0	6	23	12	5	7	181.56	0		12.079287
82	324	10	0	0	11	23	12	5	7	181.56	0		12.079287
82	321	7	0	11	12	0	8	7	5	244.18	1		13.982707
66	258	8	0	11	19	0	14	6	8	419.08	0		27.276868
66	256	6	0	11	19	8	13	6	8	217.73	0		10.739168
66	257	6	0	11	19	16	13	6	8	217.73	0		10.739168
66	255	1	0	14	6	0	11	6	7	316.08	0		16.806401
32	123	9	0	14	6	7	11	5	8	430	0		24.957372
32	122	3	0	0	0	13	17	3	7	264.94	1		11.817760
68	266	8	0	17	0	0	14	6	8	419.08	0		27.276868
68	263	1	0	13	6	15	11	6	7	316.08	0		16.806401
68	267	9	0	13	6	22	11	5	8	430	0		24.957372
68	264	2	0	11	19	24	17	3	5	249.28	0		127.534066
68	265	7	0	19	12	0	8	7	5	244.18	1		13.982707
5	17	9	0	17	0	8	11	5	8	430	0		24.957372
5	15	2	0	11	22	24	17	3	5	249.28	0		127.534066
5	16	4	0	0	16	23	12	2	5	41.72	0		17.195312
40	151	6	0	25	6	0	13	6	8	217.73	0		10.739168
40	149	1	0	17	0	16	11	6	7	316.08	0		16.806401
40	154	9	0	25	5	8	11	5	8	430	0		24.957372
40	150	4	0	17	0	23	12	2	5	41.72	0		17.195312
40	152	7	0	14	12	5	8	7	5	244.18	1		13.982707
40	153	7	0	14	12	10	8	7	5	244.18	1		13.982707
41	155	1	0	27	12	0	11	6	7	316.08	0		16.806401
41	158	9	0	27	12	7	11	5	8	430	0		24.957372
41	156	4	0	17	2	23	12	2	5	41.72	0		17.195312
41	157	7	0	14	12	15	8	7	5	244.18	1		13.982707


-------------------------------------------------------------------------------------------------------------------
Tour_Id:			6
No_of_Customers:		15
No_of_Items:			58
Customer_Sequence:		90 73 91 88 79 48 38 24 15 62 57 46 45 9 20 

CustId	Id	TypeId	Rotated	x	y	z	Length	Width	Height	mass	Fragility	LoadBearingStrength
20	72	9	0	0	0	0	11	5	8	430	0		24.957372
20	71	4	0	0	5	0	12	2	5	41.72	0		17.195312
9	36	6	0	0	7	0	13	6	8	217.73	0		10.739168
9	31	1	0	0	13	0	11	6	7	316.08	0		16.806401
9	32	2	0	0	19	0	17	3	5	249.28	0		127.534066
9	34	4	0	0	22	0	12	2	5	41.72	0		17.195312
9	35	4	0	0	5	5	12	2	5	41.72	0		17.195312
9	33	3	0	0	19	5	17	3	7	264.94	1		11.817760
45	170	6	0	0	13	7	13	6	8	217.73	0		10.739168
45	171	6	0	0	7	8	13	6	8	217.73	0		10.739168
45	172	10	0	0	0	8	12	5	7	181.56	0		12.079287
45	168	5	0	0	0	15	7	3	3	33.94	0		14.821202
45	169	5	0	0	13	15	7	3	3	33.94	0		14.821202
45	167	3	0	0	19	12	17	3	7	264.94	1		11.817760
46	173	1	0	0	7	16	11	6	7	316.08	0		16.806401
46	175	10	0	0	7	23	12	5	7	181.56	0		12.079287
46	174	4	0	0	22	5	12	2	5	41.72	0		17.195312
57	216	8	0	12	0	0	14	6	8	419.08	0		27.276868
57	217	9	0	12	0	8	11	5	8	430	0		24.957372
57	218	10	0	12	0	16	12	5	7	181.56	0		12.079287
57	214	2	0	0	16	15	17	3	5	249.28	0		127.534066
57	215	2	0	0	16	20	17	3	5	249.28	0		127.534066
62	241	10	0	12	0	23	12	5	7	181.56	0		12.079287
62	237	4	0	0	5	10	12	2	5	41.72	0		17.195312
62	238	7	0	13	6	0	8	7	5	244.18	1		13.982707
62	239	7	0	13	6	5	8	7	5	244.18	1		13.982707
62	240	7	0	13	5	10	8	7	5	244.18	1		13.982707
15	55	10	0	17	13	0	12	5	7	181.56	0		12.079287
15	54	5	0	0	13	18	7	3	3	33.94	0		14.821202
24	88	8	0	17	18	0	14	6	8	419.08	0		27.276868
24	87	6	0	17	18	8	13	6	8	217.73	0		10.739168
24	86	5	0	0	13	21	7	3	3	33.94	0		14.821202
38	143	4	0	0	5	15	12	2	5	41.72	0		17.195312
38	144	5	0	0	13	24	7	3	3	33.94	0		14.821202
38	142	3	0	0	19	19	17	3	7	264.94	1		11.817760
38	145	7	0	13	5	15	8	7	5	244.18	1		13.982707
48	178	5	0	0	16	25	7	3	3	33.94	0		14.821202
48	179	7	0	12	5	20	8	7	5	244.18	1		13.982707
48	180	7	0	12	5	25	8	7	5	244.18	1		13.982707
79	310	6	0	17	18	16	13	6	8	217.73	0		10.739168
79	307	3	0	21	6	0	17	3	7	264.94	1		11.817760
79	308	3	0	21	9	0	17	3	7	264.94	1		11.817760
79	309	3	0	21	6	7	17	3	7	264.94	1		11.817760
88	343	2	0	17	18	24	17	3	5	249.28	0		127.534066
88	344	3	0	21	9	7	17	3	7	264.94	1		11.817760
91	356	8	0	26	0	0	14	6	8	419.08	0		27.276868
91	354	6	0	24	0	8	13	6	8	217.73	0		10.739168
91	352	1	0	24	0	16	11	6	7	316.08	0		16.806401
91	353	1	0	24	0	23	11	6	7	316.08	0		16.806401
91	355	7	0	21	6	14	8	7	5	244.18	1		13.982707
73	282	6	0	38	6	0	13	6	8	217.73	0		10.739168
73	283	9	0	17	13	7	11	5	8	430	0		24.957372
73	280	4	0	7	16	25	12	2	5	41.72	0		17.195312
73	281	5	0	0	13	27	7	3	3	33.94	0		14.821202
90	351	8	0	29	12	0	14	6	8	419.08	0		27.276868
90	350	6	0	29	12	8	13	6	8	217.73	0		10.739168
90	348	1	0	29	12	16	11	6	7	316.08	0		16.806401
90	349	5	0	7	13	15	7	3	3	33.94	0		14.821202


-------------------------------------------------------------------------------------------------------------------
Tour_Id:			7
No_of_Customers:		12
No_of_Items:			45
Customer_Sequence:		51 49 26 1 33 94 80 42 96 44 23 98 

CustId	Id	TypeId	Rotated	x	y	z	Length	Width	Height	mass	Fragility	LoadBearingStrength
98	388	8	0	0	0	0	14	6	8	419.08	0		27.276868
98	386	6	0	0	6	0	13	6	8	217.73	0		10.739168
98	387	6	0	0	12	0	13	6	8	217.73	0		10.739168
98	389	10	0	0	18	0	12	5	7	181.56	0		12.079287
98	385	5	0	0	18	7	7	3	3	33.94	0		14.821202
98	384	3	0	0	0	8	17	3	7	264.94	1		11.817760
23	84	6	0	0	3	8	13	6	8	217.73	0		10.739168
23	83	1	0	0	9	8	11	6	7	316.08	0		16.806401
23	85	10	0	0	9	15	12	5	7	181.56	0		12.079287
44	165	2	0	0	15	8	17	3	5	249.28	0		127.534066
44	166	5	0	0	18	10	7	3	3	33.94	0		14.821202
96	380	10	0	0	15	13	12	5	7	181.56	0		12.079287
96	377	2	0	0	3	16	17	3	5	249.28	0		127.534066
96	378	7	0	12	18	0	8	7	5	244.18	1		13.982707
96	379	7	0	12	18	5	8	7	5	244.18	1		13.982707
42	160	6	0	0	14	20	13	6	8	217.73	0		10.739168
42	159	4	0	0	6	16	12	2	5	41.72	0		17.195312
42	161	7	0	12	18	10	8	7	5	244.18	1		13.982707
80	312	8	0	0	3	21	14	6	8	419.08	0		27.276868
80	313	8	0	13	6	0	14	6	8	419.08	0		27.276868
80	314	9	0	0	9	22	11	5	8	430	0		24.957372
80	311	2	0	12	9	8	17	3	5	249.28	0		127.534066
94	368	8	0	17	0	0	14	6	8	419.08	0		27.276868
94	369	8	0	17	0	8	14	6	8	419.08	0		27.276868
94	370	8	0	17	0	16	14	6	8	419.08	0		27.276868
94	371	10	0	17	12	0	12	5	7	181.56	0		12.079287
94	367	5	0	12	9	13	7	3	3	33.94	0		14.821202
33	126	8	0	20	17	0	14	6	8	419.08	0		27.276868
33	124	3	0	14	6	8	17	3	7	264.94	1		11.817760
33	125	7	0	17	0	24	8	7	5	244.18	1		13.982707
1	2	9	0	17	12	7	11	5	8	430	0		24.957372
1	1	7	0	17	12	15	8	7	5	244.18	1		13.982707
26	94	1	0	29	9	0	11	6	7	316.08	0		16.806401
26	95	2	0	31	0	0	17	3	5	249.28	0		127.534066
26	96	5	0	12	9	16	7	3	3	33.94	0		14.821202
26	97	7	0	17	12	20	8	7	5	244.18	1		13.982707
26	98	7	0	17	12	25	8	7	5	244.18	1		13.982707
49	181	1	0	29	9	7	11	6	7	316.08	0		16.806401
49	182	7	0	28	9	14	8	7	5	244.18	1		13.982707
51	191	8	0	31	3	0	14	6	8	419.08	0		27.276868
51	189	6	0	31	3	8	13	6	8	217.73	0		10.739168
51	188	1	0	31	3	16	11	6	7	316.08	0		16.806401
51	192	9	0	34	16	0	11	5	8	430	0		24.957372
51	193	9	0	28	16	8	11	5	8	430	0		24.957372
51	190	7	0	28	9	19	8	7	5	244.18	1		13.982707


-------------------------------------------------------------------------------------------------------------------
Tour_Id:			8
No_of_Customers:		13
No_of_Items:			50
Customer_Sequence:		54 83 97 10 18 85 13 93 39 74 16 76 61 

CustId	Id	TypeId	Rotated	x	y	z	Length	Width	Height	mass	Fragility	LoadBearingStrength
61	236	8	0	0	0	0	14	6	8	419.08	0		27.276868
61	231	2	0	0	6	0	17	3	5	249.28	0		127.534066
61	232	2	0	0	9	0	17	3	5	249.28	0		127.534066
61	233	4	0	0	12	0	12	2	5	41.72	0		17.195312
61	234	5	0	0	14	0	7	3	3	33.94	0		14.821202
61	235	7	0	0	17	0	8	7	5	244.18	1		13.982707
76	294	8	0	0	6	5	14	6	8	419.08	0		27.276868
76	295	10	0	0	0	8	12	5	7	181.56	0		12.079287
76	290	2	0	0	6	13	17	3	5	249.28	0		127.534066
76	291	2	0	0	9	13	17	3	5	249.28	0		127.534066
76	292	4	0	0	12	5	12	2	5	41.72	0		17.195312
76	293	5	0	0	14	3	7	3	3	33.94	0		14.821202
16	58	6	0	0	0	15	13	6	8	217.73	0		10.739168
16	59	9	0	0	6	18	11	5	8	430	0		24.957372
16	56	2	0	0	0	23	17	3	5	249.28	0		127.534066
16	57	3	0	0	3	23	17	3	7	264.94	1		11.817760
74	286	6	0	8	14	0	13	6	8	217.73	0		10.739168
74	284	1	0	8	14	8	11	6	7	316.08	0		16.806401
74	285	1	0	8	14	15	11	6	7	316.08	0		16.806401
39	148	9	0	8	20	0	11	5	8	430	0		24.957372
39	146	3	0	17	0	0	17	3	7	264.94	1		11.817760
39	147	7	0	8	14	22	8	7	5	244.18	1		13.982707
93	365	6	0	17	3	0	13	6	8	217.73	0		10.739168
93	361	1	0	17	3	8	11	6	7	316.08	0		16.806401
93	366	10	0	17	9	0	12	5	7	181.56	0		12.079287
93	362	2	0	19	20	0	17	3	5	249.28	0		127.534066
93	363	3	0	17	0	7	17	3	7	264.94	1		11.817760
93	364	3	0	17	0	14	17	3	7	264.94	1		11.817760
13	49	10	0	17	9	7	12	5	7	181.56	0		12.079287
13	50	10	0	17	9	14	12	5	7	181.56	0		12.079287
13	48	5	0	0	6	26	7	3	3	33.94	0		14.821202
85	335	8	0	17	3	15	14	6	8	419.08	0		27.276868
85	334	5	1	16	14	22	7	3	3	33.94	0		14.821202
18	64	1	0	17	3	23	11	6	7	316.08	0		16.806401
18	65	4	0	17	9	21	12	2	5	41.72	0		17.195312
10	41	8	0	21	14	0	14	6	8	419.08	0		27.276868
10	37	1	0	19	14	8	11	6	7	316.08	0		16.806401
10	42	10	0	19	14	15	12	5	7	181.56	0		12.079287
10	38	2	0	19	20	5	17	3	5	249.28	0		127.534066
10	39	7	0	31	3	0	8	7	5	244.18	1		13.982707
10	40	7	0	31	3	5	8	7	5	244.18	1		13.982707
97	381	8	0	35	10	0	14	6	8	419.08	0		27.276868
97	382	8	0	31	10	8	14	6	8	419.08	0		27.276868
97	383	8	0	31	10	16	14	6	8	419.08	0		27.276868
83	325	1	0	39	0	0	11	6	7	316.08	0		16.806401
83	326	3	0	17	0	21	17	3	7	264.94	1		11.817760
83	327	7	0	31	3	10	8	7	5	244.18	1		13.982707
54	203	2	0	19	20	10	17	3	5	249.28	0		127.534066
54	204	5	1	16	14	25	7	3	3	33.94	0		14.821202
54	205	7	0	31	3	15	8	7	5	244.18	1		13.982707


