Name:				566_n100_m400_bt100
Problem:			3L-VRPTW
Number_of_used_Vehicles:	5
Total_Travel_Distance:		772.51
Calculation_Time:		3600.00
Total_Iterations:		40
ConstraintSet:			P1

-------------------------------------------------------------------------------------------------------------------
Tour_Id:			1
No_of_Customers:		19
No_of_Items:			74
Customer_Sequence:		37 76 25 8 79 68 66 71 23 55 20 32 46 9 86 52 42 89 49 

CustId	Id	TypeId	Rotated	x	y	z	Length	Width	Height	mass	Fragility	LoadBearingStrength
49	188	72	0	0	0	0	12	5	6	143.18	0		19.399435
49	186	27	0	0	5	0	13	3	8	135.14	0		11.812756
49	191	96	0	0	8	0	12	4	5	68.35	0		10.968729
49	187	36	0	0	12	0	9	4	5	20.75	0		9.726885
49	189	93	0	0	16	0	11	5	7	99.75	1		2.783698
49	190	93	0	0	8	5	11	5	7	99.75	1		2.783698
89	359	67	0	11	12	0	15	6	6	117.03	0		14.522237
89	357	26	0	0	21	0	13	4	4	100.70	0		28.079480
89	358	55	0	0	21	4	6	3	3	49.39	0		42.032588
89	356	7	0	11	12	6	16	6	5	269.56	1		25.751601
42	156	70	0	0	0	6	13	4	6	132.77	0		13.338882
42	157	74	0	0	0	12	15	4	5	106.55	1		13.334255
52	203	56	0	13	5	0	11	5	8	92.75	0		7.102866
52	204	83	0	0	5	8	10	2	8	47.65	0		13.302908
52	202	33	0	11	4	8	9	5	3	17.86	0		5.015725
86	348	69	0	13	18	0	14	5	7	171.47	0		23.400911
86	347	48	0	0	21	7	6	4	5	56.08	0		27.590550
86	346	2	0	0	5	16	9	2	3	27.53	0		106.907988
9	32	81	0	13	18	7	17	5	8	379.35	0		50.763941
9	33	90	0	11	4	11	8	5	5	53.84	0		6.092961
9	29	17	0	9	4	16	7	5	5	69.07	0		16.653777
9	28	13	0	13	18	15	13	3	4	21.17	0		4.395942
9	31	71	0	0	21	12	7	4	5	63.51	0		69.838999
32	120	79	0	0	9	12	6	5	6	65.96	1		3.974800
46	173	100	0	24	0	0	17	5	3	35.16	0		18.491017
46	172	92	0	24	5	0	15	6	8	236.34	1		8.097215
32	119	65	0	39	5	0	11	7	7	114.04	0		4.951371
9	30	41	0	0	0	17	12	3	5	43.60	1		2.672741
32	121	80	0	0	0	22	14	2	4	65.96	1		4.217783
20	72	51	0	20	4	8	8	7	6	172.38	1		5.948854
20	71	24	0	11	12	11	10	4	3	34.90	1		5.275462
55	214	57	0	30	12	0	15	5	7	168.32	0		9.736013
55	217	72	0	30	17	0	12	5	6	143.18	0		19.399435
55	216	68	0	13	18	19	11	4	7	148.86	0		27.292510
55	215	66	0	30	17	6	12	5	4	31.31	0		3.202568
68	273	35	0	24	0	3	10	4	5	134.99	0		67.702041
23	84	81	0	30	12	7	17	5	8	379.35	0		50.763941
23	83	56	0	30	17	10	11	5	8	92.75	0		7.102866
23	85	83	0	13	23	0	10	2	8	47.65	0		13.302908
71	286	42	0	39	5	7	11	7	7	235.56	0		15.928818
71	287	77	0	30	22	0	12	3	7	46.18	0		9.068932
71	285	18	0	9	4	21	7	3	8	117.10	0		17.070586
71	284	7	0	42	17	0	16	6	5	269.56	1		25.751601
66	265	78	0	30	17	18	12	6	8	313.07	0		28.674059
66	263	71	0	30	12	15	7	4	5	63.51	0		69.838999
66	264	71	0	30	12	20	7	4	5	63.51	0		69.838999
66	262	51	0	20	4	14	8	7	6	172.38	1		5.948854
68	275	89	0	39	5	14	14	5	7	294.32	0		16.447319
68	274	76	0	13	23	8	10	2	3	30.16	0		16.516446
8	24	44	0	13	18	26	9	4	4	63.56	0		12.916775
68	271	9	0	24	0	8	6	4	5	26.18	0		6.578931
55	213	5	0	0	21	17	8	4	7	129.04	0		16.932324
68	270	6	0	37	12	15	13	4	4	123.35	1		3.896794
79	318	89	0	39	5	21	14	5	7	294.32	0		16.447319
79	314	27	0	41	0	0	13	3	8	135.14	0		11.812756
79	315	62	0	41	0	8	10	4	6	202.61	0		117.615516
79	313	17	0	30	12	25	7	5	5	69.07	0		16.653777
79	316	83	0	13	23	11	10	2	8	47.65	0		13.302908
79	317	85	0	37	12	19	13	5	4	124.22	1		5.384814
8	27	97	0	30	17	26	11	7	4	106.54	0		18.811496
8	22	22	0	41	0	14	13	3	7	68.86	0		41.043110
8	23	34	0	41	0	21	10	3	8	37.51	0		14.101250
68	272	15	0	34	0	3	7	5	4	106	0		35.702011
8	26	76	0	13	23	19	10	2	3	30.16	0		16.516446
8	25	54	0	42	17	5	16	4	8	88.88	1		5.067030
25	90	69	1	54	0	0	14	5	7	171.47	0		23.400911
25	91	71	1	50	10	0	7	4	5	63.51	0		69.838999
25	89	48	1	50	10	5	6	4	5	56.08	0		27.590550
76	303	57	1	54	0	7	15	5	7	168.32	0		9.736013
76	304	70	1	54	0	14	13	4	6	132.77	0		13.338882
76	302	3	1	54	0	20	11	4	4	51.06	0		23.628442
37	140	94	0	13	23	22	7	2	3	25.33	0		67.994878
37	139	84	0	37	12	23	16	5	4	192.24	1		5.975048
37	138	6	0	42	17	13	13	4	4	123.35	1		3.896794


-------------------------------------------------------------------------------------------------------------------
Tour_Id:			2
No_of_Customers:		22
No_of_Items:			94
Customer_Sequence:		22 18 28 56 35 17 27 15 47 80 12 41 45 98 70 13 94 87 30 2 21 51 

CustId	Id	TypeId	Rotated	x	y	z	Length	Width	Height	mass	Fragility	LoadBearingStrength
51	199	91	0	0	0	0	15	6	6	149.88	0		23.852165
51	200	98	0	0	6	0	11	2	8	34.58	0		17.477114
51	197	1	0	0	8	0	13	2	4	42.97	0		29.735318
51	201	99	0	0	10	0	6	2	8	37.73	0		15.663903
51	198	21	0	0	12	0	8	4	6	68.86	1		3.046911
21	76	70	0	0	16	0	13	4	6	132.77	0		13.338882
21	77	97	0	13	6	0	11	7	4	106.54	0		18.811496
21	75	62	0	0	20	0	10	4	6	202.61	0		117.615516
21	74	19	0	0	0	6	8	3	8	85.57	0		8.594259
21	78	98	0	0	8	4	11	2	8	34.58	0		17.477114
21	73	1	0	0	3	6	13	2	4	42.97	0		29.735318
2	7	53	0	0	16	6	13	6	4	56.17	0		11.016940
2	8	77	0	0	16	10	12	3	7	46.18	0		9.068932
2	5	1	0	0	22	6	13	2	4	42.97	0		29.735318
2	6	52	0	0	19	10	11	6	5	176.81	1		5.491086
30	113	72	0	11	6	4	12	5	6	143.18	0		19.399435
30	111	14	0	11	6	10	7	5	5	59.43	0		38.158985
30	112	44	0	0	16	17	9	4	4	63.56	0		12.916775
30	114	79	0	0	20	15	6	5	6	65.96	1		3.974800
87	349	50	0	13	13	0	13	4	3	20.37	0		39.311419
87	350	71	0	0	0	14	7	4	5	63.51	0		69.838999
87	351	92	0	13	17	0	15	6	8	236.34	1		8.097215
94	377	97	0	24	0	0	11	7	4	106.54	0		18.811496
94	376	37	0	0	16	21	12	3	6	98.09	0		147.700351
94	375	35	0	13	13	3	10	4	5	134.99	0		67.702041
13	44	5	0	0	0	19	8	4	7	129.04	0		16.932324
13	43	3	0	13	13	8	11	4	4	51.06	0		23.628442
13	45	7	0	13	17	8	16	6	5	269.56	1		25.751601
70	282	62	0	13	13	12	10	4	6	202.61	0		117.615516
70	281	58	0	11	6	15	9	5	4	147.96	0		49.111695
70	280	33	0	11	6	19	9	5	3	17.86	0		5.015725
70	279	24	0	0	0	26	10	4	3	34.90	1		5.275462
70	283	80	0	10	11	4	14	2	4	65.96	1		4.217783
98	393	87	0	11	6	22	12	4	7	45.60	0		3.354629
98	389	12	0	23	0	4	13	7	3	224.99	0		104.793146
98	390	25	0	13	23	0	11	2	7	58.58	0		14.313427
98	391	60	0	0	16	27	11	4	3	125.15	0		110.820478
98	392	84	0	13	17	13	16	5	4	192.24	1		5.975048
98	388	6	0	13	17	17	13	4	4	123.35	1		3.896794
45	168	28	0	23	0	7	13	5	7	270.75	0		23.109039
45	167	20	0	23	0	14	13	5	6	92.72	0		16.057886
45	171	98	0	13	23	7	11	2	8	34.58	0		17.477114
45	170	50	0	13	13	18	13	4	3	20.37	0		39.311419
45	169	48	0	13	13	21	6	4	5	56.08	0		27.590550
45	166	6	0	12	17	21	13	4	4	123.35	1		3.896794
41	155	57	0	23	0	20	15	5	7	168.32	0		9.736013
41	154	51	0	26	7	0	8	7	6	172.38	1		5.948854
12	42	47	0	26	14	0	17	3	4	59.01	0		27.057309
12	41	35	0	34	7	0	10	4	5	134.99	0		67.702041
12	40	29	0	23	5	7	17	2	3	25.79	0		7.838742
80	321	56	0	38	0	0	11	5	8	92.75	0		7.102866
80	319	5	0	19	13	21	8	4	7	129.04	0		16.932324
80	320	23	0	43	14	0	17	6	4	139.03	1		2.000291
47	176	40	0	28	14	4	15	3	7	175.25	0		32.219303
47	179	96	0	29	20	0	12	4	5	68.35	0		10.968729
47	175	33	0	23	0	27	9	5	3	17.86	0		5.015725
47	177	60	0	29	20	5	11	4	3	125.15	0		110.820478
47	174	29	0	23	5	10	17	2	3	25.79	0		7.838742
47	178	94	0	13	23	15	7	2	3	25.33	0		67.994878
15	51	31	0	41	20	0	15	5	8	142.63	0		12.682054
15	53	89	0	29	20	8	14	5	7	294.32	0		16.447319
15	52	77	0	28	14	11	12	3	7	46.18	0		9.068932
15	54	93	0	29	20	15	11	5	7	99.75	1		2.783698
27	102	81	0	43	20	8	17	5	8	379.35	0		50.763941
27	97	20	0	38	0	8	13	5	6	92.72	0		16.057886
27	99	59	0	38	0	14	14	4	6	91.11	0		11.613482
27	101	64	0	28	14	18	8	4	7	41.41	0		8.522725
27	98	21	0	24	7	6	8	4	6	68.86	1		3.046911
27	100	61	0	10	11	8	8	2	4	23.40	1		4.429977
17	61	81	0	43	20	16	17	5	8	379.35	0		50.763941
17	59	59	0	38	0	20	14	4	6	91.11	0		11.613482
17	58	18	0	34	11	0	7	3	8	117.10	0		17.070586
17	62	92	0	43	14	4	15	6	8	236.34	1		8.097215
17	60	74	0	12	17	25	15	4	5	106.55	1		13.334255
35	131	37	0	34	7	5	12	3	6	98.09	0		147.700351
35	130	26	0	38	0	26	13	4	4	100.70	0		28.079480
35	132	39	0	28	14	25	8	4	3	57.08	0		19.640988
56	221	65	0	46	5	0	11	7	7	114.04	0		4.951371
56	220	49	0	32	7	11	11	3	7	71.40	0		25.128164
56	219	37	0	32	7	18	12	3	6	98.09	0		147.700351
56	218	21	0	24	7	12	8	4	6	68.86	1		3.046911
56	222	88	0	24	7	18	7	3	4	30.70	1		6.569594
28	108	87	0	46	5	7	12	4	7	45.60	0		3.354629
28	106	25	0	23	5	13	11	2	7	58.58	0		14.313427
28	104	7	0	43	14	12	16	6	5	269.56	1		25.751601
28	107	85	0	43	14	17	13	5	4	124.22	1		5.384814
28	103	6	0	43	14	21	13	4	4	123.35	1		3.896794
28	105	21	0	32	7	24	8	4	6	68.86	1		3.046911
18	64	19	0	34	11	8	8	3	8	85.57	0		8.594259
18	63	10	0	43	20	24	7	5	4	71.23	0		17.318049
22	81	58	0	46	5	14	9	5	4	147.96	0		49.111695
22	79	3	0	46	9	7	11	4	4	51.06	0		23.628442
22	82	85	0	43	14	25	13	5	4	124.22	1		5.384814
22	80	41	0	44	7	18	12	3	5	43.60	1		2.672741


-------------------------------------------------------------------------------------------------------------------
Tour_Id:			3
No_of_Customers:		20
No_of_Items:			77
Customer_Sequence:		69 36 16 5 54 65 3 63 92 77 44 26 33 24 59 97 57 29 85 90 

CustId	Id	TypeId	Rotated	x	y	z	Length	Width	Height	mass	Fragility	LoadBearingStrength
90	363	67	0	0	0	0	15	6	6	117.03	0		14.522237
90	362	42	0	0	6	0	11	7	7	235.56	0		15.928818
90	361	40	0	0	13	0	15	3	7	175.25	0		32.219303
90	360	12	0	0	16	0	13	7	3	224.99	0		104.793146
85	343	27	0	0	16	3	13	3	8	135.14	0		11.812756
85	342	3	0	0	19	3	11	4	4	51.06	0		23.628442
85	344	71	0	0	0	6	7	4	5	63.51	0		69.838999
85	345	76	0	0	23	0	10	2	3	30.16	0		16.516446
63	249	47	0	0	13	7	17	3	4	59.01	0		27.057309
29	110	51	0	0	6	7	8	7	6	172.38	1		5.948854
57	225	67	0	11	6	0	15	6	6	117.03	0		14.522237
57	223	5	0	0	19	7	8	4	7	129.04	0		16.932324
57	224	10	0	0	0	11	7	5	4	71.23	0		17.318049
97	386	67	0	11	6	6	15	6	6	117.03	0		14.522237
97	387	89	0	11	6	12	14	5	7	294.32	0		16.447319
97	384	2	0	0	23	3	9	2	3	27.53	0		106.907988
97	385	7	0	13	16	0	16	6	5	269.56	1		25.751601
59	229	53	0	11	6	19	13	6	4	56.17	0		11.016940
59	230	83	0	0	23	6	10	2	8	47.65	0		13.302908
59	228	30	0	0	16	11	12	3	3	13.92	1		1.485343
24	87	67	0	11	6	23	15	6	6	117.03	0		14.522237
24	88	83	0	0	19	14	10	2	8	47.65	0		13.302908
24	86	55	0	0	21	14	6	3	3	49.39	0		42.032588
33	122	38	0	26	0	0	14	7	8	275.74	0		14.859027
3	11	98	0	0	13	11	11	2	8	34.58	0		17.477114
33	123	46	0	13	22	0	11	3	7	24.39	0		10.184874
33	124	46	0	13	22	7	11	3	7	24.39	0		10.184874
33	125	51	0	26	7	0	8	7	6	172.38	1		5.948854
26	93	20	0	26	0	8	13	5	6	92.72	0		16.057886
92	370	48	0	0	0	15	6	4	5	56.08	0		27.590550
36	135	48	0	0	21	17	6	4	5	56.08	0		27.590550
26	94	29	0	17	14	0	17	2	3	25.79	0		7.838742
26	95	30	0	0	16	14	12	3	3	13.92	1		1.485343
44	161	22	0	24	22	0	13	3	7	68.86	0		41.043110
44	162	46	0	24	22	7	11	3	7	24.39	0		10.184874
44	165	90	0	29	16	0	8	5	5	53.84	0		6.092961
44	163	63	0	0	19	22	9	2	8	26.67	0		9.010690
44	164	73	0	0	16	17	9	3	6	70.31	1		4.566047
77	305	20	0	34	7	0	13	5	6	92.72	0		16.057886
77	307	62	0	29	16	5	10	4	6	202.61	0		117.615516
77	309	84	0	13	16	5	16	5	4	192.24	1		5.975048
77	306	41	0	0	16	23	12	3	5	43.60	1		2.672741
77	308	80	0	13	16	9	14	2	4	65.96	1		4.217783
26	92	5	0	34	12	0	8	4	7	129.04	0		16.932324
92	371	55	0	0	0	20	6	3	3	49.39	0		42.032588
63	247	20	0	26	0	14	13	5	6	92.72	0		16.057886
63	250	53	0	26	0	20	13	6	4	56.17	0		11.016940
29	109	34	0	15	0	0	10	3	8	37.51	0		14.101250
63	248	25	0	26	5	8	11	2	7	58.58	0		14.313427
33	126	78	0	40	0	0	12	6	8	313.07	0		28.674059
3	9	48	0	11	12	11	6	4	5	56.08	0		27.590550
3	10	51	0	39	0	8	8	7	6	172.38	1		5.948854
65	261	61	0	0	13	19	8	2	4	23.40	1		4.429977
65	256	10	0	26	0	24	7	5	4	71.23	0		17.318049
65	257	48	0	11	12	16	6	4	5	56.08	0		27.590550
65	259	51	0	39	0	14	8	7	6	172.38	1		5.948854
65	260	52	0	42	12	0	11	6	5	176.81	1		5.491086
65	258	49	0	29	16	11	11	3	7	71.40	0		25.128164
54	207	40	0	34	7	6	15	3	7	175.25	0		32.219303
54	210	82	0	34	7	13	14	4	5	121.72	0		57.859241
54	211	83	0	29	16	18	10	2	8	47.65	0		13.302908
54	208	44	0	34	12	7	9	4	4	63.56	0		12.916775
54	212	94	0	11	12	21	7	2	3	25.33	0		67.994878
54	209	74	0	34	7	18	15	4	5	106.55	1		13.334255
5	15	95	0	34	12	11	12	4	8	129.28	0		9.345668
5	16	100	0	42	18	0	17	5	3	35.16	0		18.491017
16	56	16	0	42	18	3	17	6	5	307.96	0		49.523095
16	55	2	0	11	12	24	9	2	3	27.53	0		106.907988
16	57	94	0	11	14	21	7	2	3	25.33	0		67.994878
36	134	45	0	42	18	8	10	7	5	58.63	0		4.422418
36	133	14	0	33	0	24	7	5	5	59.43	0		38.158985
36	136	50	0	34	12	19	13	4	3	20.37	0		39.311419
26	96	36	0	15	0	8	9	4	5	20.75	0		9.726885
36	137	51	0	40	0	20	8	7	6	172.38	1		5.948854
69	278	65	0	42	18	13	11	7	7	114.04	0		4.951371
69	276	53	0	42	18	20	13	6	4	56.17	0		11.016940
69	277	58	0	42	18	24	9	5	4	147.96	0		49.111695


-------------------------------------------------------------------------------------------------------------------
Tour_Id:			4
No_of_Customers:		16
No_of_Items:			65
Customer_Sequence:		19 50 72 58 82 88 64 43 75 81 11 48 95 93 53 61 

CustId	Id	TypeId	Rotated	x	y	z	Length	Width	Height	mass	Fragility	LoadBearingStrength
61	239	65	0	0	0	0	11	7	7	114.04	0		4.951371
61	240	87	0	0	7	0	12	4	7	45.60	0		3.354629
61	237	26	0	0	11	0	13	4	4	100.70	0		28.079480
61	236	23	0	0	15	0	17	6	4	139.03	1		2.000291
61	238	30	0	0	21	0	12	3	3	13.92	1		1.485343
53	205	87	0	0	11	4	12	4	7	45.60	0		3.354629
53	206	96	0	0	0	7	12	4	5	68.35	0		10.968729
93	374	98	0	0	4	7	11	2	8	34.58	0		17.477114
93	372	15	0	0	6	7	7	5	4	106	0		35.702011
93	373	92	0	0	15	4	15	6	8	236.34	1		8.097215
95	379	40	0	0	11	11	15	3	7	175.25	0		32.219303
95	380	98	0	0	0	12	11	2	8	34.58	0		17.477114
95	378	2	0	0	6	11	9	2	3	27.53	0		106.907988
48	181	31	0	12	0	0	15	5	8	142.63	0		12.682054
48	183	57	0	12	5	0	15	5	7	168.32	0		9.736013
48	182	47	0	0	11	18	17	3	4	59.01	0		27.057309
48	180	3	0	0	11	22	11	4	4	51.06	0		23.628442
48	184	94	0	0	8	11	7	2	3	25.33	0		67.994878
48	185	94	0	0	2	12	7	2	3	25.33	0		67.994878
11	39	91	0	11	5	7	15	6	6	149.88	0		23.852165
11	38	34	0	0	6	14	10	3	8	37.51	0		14.101250
11	37	30	0	0	21	3	12	3	3	13.92	1		1.485343
81	326	87	0	0	2	15	12	4	7	45.60	0		3.354629
81	323	12	0	0	2	22	13	7	3	224.99	0		104.793146
81	324	18	0	11	11	22	7	3	8	117.10	0		17.070586
81	322	1	0	0	0	20	13	2	4	42.97	0		29.735318
81	325	54	0	0	15	12	16	4	8	88.88	1		5.067030
75	301	96	0	0	2	25	12	4	5	68.35	0		10.968729
75	300	86	0	12	21	0	6	4	8	110.91	0		31.593344
75	299	33	0	13	0	8	9	5	3	17.86	0		5.015725
43	158	14	0	13	0	11	7	5	5	59.43	0		38.158985
43	160	76	0	0	0	24	10	2	3	30.16	0		16.516446
43	159	61	0	0	19	12	8	2	4	23.40	1		4.429977
64	251	27	0	17	15	0	13	3	8	135.14	0		11.812756
64	255	97	0	27	0	0	11	7	4	106.54	0		18.811496
64	252	62	0	17	15	8	10	4	6	202.61	0		117.615516
64	253	75	0	17	15	14	10	5	4	43.53	0		9.848078
64	254	80	0	0	15	20	14	2	4	65.96	1		4.217783
88	352	38	0	27	7	0	14	7	8	275.74	0		14.859027
88	354	81	0	27	7	8	17	5	8	379.35	0		50.763941
88	355	87	0	17	15	18	12	4	7	45.60	0		3.354629
88	353	61	0	0	17	20	8	2	4	23.40	1		4.429977
82	329	65	0	27	0	4	11	7	7	114.04	0		4.951371
82	328	59	0	18	21	0	14	4	6	91.11	0		11.613482
82	330	77	0	18	21	6	12	3	7	46.18	0		9.068932
82	327	3	0	0	6	25	11	4	4	51.06	0		23.628442
82	331	84	0	27	7	16	16	5	4	192.24	1		5.975048
58	226	11	0	13	0	16	7	6	7	113	0		102.441646
58	227	23	0	27	7	20	17	6	4	139.03	1		2.000291
72	291	45	0	26	0	11	10	7	5	58.63	0		4.422418
72	288	5	0	13	0	23	8	4	7	129.04	0		16.932324
72	292	63	0	18	21	13	9	2	8	26.67	0		9.010690
72	289	7	0	27	7	24	16	6	5	269.56	1		25.751601
72	290	7	0	30	15	0	16	6	5	269.56	1		25.751601
50	192	38	0	38	0	0	14	7	8	275.74	0		14.859027
50	193	40	0	32	21	0	15	3	7	175.25	0		32.219303
50	196	100	0	38	0	8	17	5	3	35.16	0		18.491017
50	195	96	0	17	15	25	12	4	5	68.35	0		10.968729
50	194	51	0	26	0	16	8	7	6	172.38	1		5.948854
19	69	89	0	36	0	11	14	5	7	294.32	0		16.447319
19	70	89	0	34	0	18	14	5	7	294.32	0		16.447319
19	68	56	0	46	15	0	11	5	8	92.75	0		7.102866
19	65	14	0	34	0	25	7	5	5	59.43	0		38.158985
19	66	33	0	41	0	25	9	5	3	17.86	0		5.015725
19	67	55	0	32	21	7	6	3	3	49.39	0		42.032588


-------------------------------------------------------------------------------------------------------------------
Tour_Id:			5
No_of_Customers:		23
No_of_Items:			90
Customer_Sequence:		39 67 62 1 34 74 6 73 40 38 91 99 60 10 100 7 83 96 14 31 84 78 4 

CustId	Id	TypeId	Rotated	x	y	z	Length	Width	Height	mass	Fragility	LoadBearingStrength
4	14	82	0	0	0	0	14	4	5	121.72	0		57.859241
4	12	73	0	0	4	0	9	3	6	70.31	1		4.566047
4	13	80	0	0	7	0	14	2	4	65.96	1		4.217783
78	311	38	0	0	9	0	14	7	8	275.74	0		14.859027
78	312	90	0	0	16	0	8	5	5	53.84	0		6.092961
78	310	10	0	0	16	5	7	5	4	71.23	0		17.318049
84	340	70	0	0	21	0	13	4	6	132.77	0		13.338882
84	337	26	0	0	0	5	13	4	4	100.70	0		28.079480
84	339	50	0	0	21	6	13	4	3	20.37	0		39.311419
84	338	39	0	0	9	8	8	4	3	57.08	0		19.640988
14	48	49	0	0	13	8	11	3	7	71.40	0		25.128164
84	341	84	0	8	16	0	16	5	4	192.24	1		5.975048
31	117	46	0	0	0	9	11	3	7	24.39	0		10.184874
31	116	26	0	0	21	9	13	4	4	100.70	0		28.079480
31	115	19	0	0	16	9	8	3	8	85.57	0		8.594259
31	118	94	0	0	19	9	7	2	3	25.33	0		67.994878
14	50	96	0	0	21	13	12	4	5	68.35	0		10.968729
84	336	23	0	14	0	0	17	6	4	139.03	1		2.000291
14	46	25	0	0	13	15	11	2	7	58.58	0		14.313427
14	47	25	0	0	0	16	11	2	7	58.58	0		14.313427
14	49	80	0	0	7	4	14	2	4	65.96	1		4.217783
96	383	22	0	0	21	18	13	3	7	68.86	0		41.043110
96	382	18	0	0	9	11	7	3	8	117.10	0		17.070586
96	381	1	0	0	13	22	13	2	4	42.97	0		29.735318
83	332	53	0	14	6	0	13	6	4	56.17	0		11.016940
83	335	98	0	13	21	0	11	2	8	34.58	0		17.477114
83	333	71	0	0	16	17	7	4	5	63.51	0		69.838999
83	334	85	0	8	16	4	13	5	4	124.22	1		5.384814
7	21	67	0	14	6	4	15	6	6	117.03	0		14.522237
7	20	17	0	0	15	22	7	5	5	69.07	0		16.653777
7	19	15	0	14	6	10	7	5	4	106	0		35.702011
100	400	42	0	24	12	0	11	7	7	235.56	0		15.928818
100	399	28	0	21	12	7	13	5	7	270.75	0		23.109039
100	398	10	0	14	6	14	7	5	4	71.23	0		17.318049
10	36	96	0	0	21	25	12	4	5	68.35	0		10.968729
10	35	75	0	21	6	10	10	5	4	43.53	0		9.848078
10	34	3	0	21	6	14	11	4	4	51.06	0		23.628442
60	231	34	0	14	6	18	10	3	8	37.51	0		14.101250
60	232	36	0	21	10	14	9	4	5	20.75	0		9.726885
60	233	55	0	0	9	19	6	3	3	49.39	0		42.032588
60	235	85	0	14	0	4	13	5	4	124.22	1		5.384814
60	234	80	0	0	0	23	14	2	4	65.96	1		4.217783
99	397	81	0	24	19	0	17	5	8	379.35	0		50.763941
99	395	16	0	24	19	8	17	6	5	307.96	0		49.523095
99	394	12	0	32	0	0	13	7	3	224.99	0		104.793146
99	396	48	0	0	9	22	6	4	5	56.08	0		27.590550
91	368	89	0	24	19	13	14	5	7	294.32	0		16.447319
91	366	22	0	21	14	14	13	3	7	68.86	0		41.043110
91	369	96	0	21	10	19	12	4	5	68.35	0		10.968729
91	367	64	0	21	14	21	8	4	7	41.41	0		8.522725
91	364	3	0	21	10	24	11	4	4	51.06	0		23.628442
91	365	17	0	24	19	20	7	5	5	69.07	0		16.653777
38	144	59	0	31	0	3	14	4	6	91.11	0		11.613482
38	146	86	0	24	6	18	6	4	8	110.91	0		31.593344
38	141	15	0	24	19	25	7	5	4	106	0		35.702011
38	143	54	0	14	0	8	16	4	8	88.88	1		5.067030
38	145	80	0	14	0	16	14	2	4	65.96	1		4.217783
38	142	30	0	14	6	26	12	3	3	13.92	1		1.485343
40	153	96	0	31	0	9	12	4	5	68.35	0		10.968729
40	150	21	0	30	0	14	8	4	6	68.86	1		3.046911
40	151	24	0	30	0	20	10	4	3	34.90	1		5.275462
40	152	88	0	30	0	23	7	3	4	30.70	1		6.569594
73	296	100	0	35	12	0	17	5	3	35.16	0		18.491017
73	295	47	0	32	7	0	17	3	4	59.01	0		27.057309
73	294	36	0	31	19	20	9	4	5	20.75	0		9.726885
73	293	14	0	31	19	25	7	5	5	59.43	0		38.158985
6	17	43	0	45	0	0	15	7	3	188.22	0		196.576885
6	18	50	0	35	12	3	13	4	3	20.37	0		39.311419
74	298	95	0	35	12	6	12	4	8	129.28	0		9.345668
74	297	76	0	31	4	3	10	2	3	30.16	0		16.516446
34	127	22	0	32	7	4	13	3	7	68.86	0		41.043110
34	128	25	0	31	4	6	11	2	7	58.58	0		14.313427
34	129	79	0	35	12	14	6	5	6	65.96	1		3.974800
1	4	82	0	41	19	0	14	4	5	121.72	0		57.859241
1	3	64	0	41	19	5	8	4	7	41.41	0		8.522725
1	2	51	0	45	0	3	8	7	6	172.38	1		5.948854
1	1	30	0	32	7	11	12	3	3	13.92	1		1.485343
62	245	81	1	55	7	0	17	5	8	379.35	0		50.763941
62	241	20	1	55	7	8	13	5	6	92.72	0		16.057886
62	242	25	0	31	4	13	11	2	7	58.58	0		14.313427
62	243	29	0	35	17	0	17	2	3	25.79	0		7.838742
62	246	99	0	29	14	21	6	2	8	37.73	0		15.663903
62	244	41	0	32	7	14	12	3	5	43.60	1		2.672741
67	269	95	1	55	7	14	12	4	8	129.28	0		9.345668
67	266	5	0	41	12	14	8	4	7	129.04	0		16.932324
67	268	93	0	43	0	9	11	5	7	99.75	1		2.783698
67	267	88	0	32	7	19	7	3	4	30.70	1		6.569594
39	148	62	1	55	7	22	10	4	6	202.61	0		117.615516
39	147	14	1	54	0	3	7	5	5	59.43	0		38.158985
39	149	83	0	31	4	20	10	2	8	47.65	0		13.302908


