Name:				573_n100_m400_bt3
Problem:			3L-VRPTW
Number_of_used_Vehicles:	29
Total_Travel_Distance:		2092.16
Calculation_Time:		3600.00
Total_Iterations:		3969
ConstraintSet:			P1

-------------------------------------------------------------------------------------------------------------------
Tour_Id:			1
No_of_Customers:		3
No_of_Items:			10
Customer_Sequence:		77 56 17 

CustId	Id	TypeId	Rotated	x	y	z	Length	Width	Height	mass	Fragility	LoadBearingStrength
17	69	3	0	0	0	0	22	13	6	228.78	1		4.989958
17	70	3	0	0	0	6	22	13	6	228.78	1		4.989958
56	223	1	0	0	13	0	35	11	9	658.16	0		15.056940
56	224	1	0	0	13	9	35	11	9	658.16	0		15.056940
56	225	3	0	0	0	12	22	13	6	228.78	1		4.989958
56	226	3	0	0	0	18	22	13	6	228.78	1		4.989958
77	308	1	0	0	13	18	35	11	9	658.16	0		15.056940
77	309	1	0	22	0	0	35	11	9	658.16	0		15.056940
77	310	2	0	22	0	9	15	9	10	616.77	0		22.537317
77	311	3	0	0	0	24	22	13	6	228.78	1		4.989958


-------------------------------------------------------------------------------------------------------------------
Tour_Id:			2
No_of_Customers:		2
No_of_Items:			9
Customer_Sequence:		95 90 

CustId	Id	TypeId	Rotated	x	y	z	Length	Width	Height	mass	Fragility	LoadBearingStrength
90	360	3	0	0	0	0	22	13	6	228.78	1		4.989958
90	359	2	0	0	13	0	15	9	10	616.77	0		22.537317
90	358	1	0	15	13	0	35	11	9	658.16	0		15.056940
95	377	1	0	15	13	9	35	11	9	658.16	0		15.056940
95	378	1	0	15	13	18	35	11	9	658.16	0		15.056940
95	379	1	0	22	0	0	35	11	9	658.16	0		15.056940
95	380	1	0	22	0	9	35	11	9	658.16	0		15.056940
95	381	1	0	22	0	18	35	11	9	658.16	0		15.056940
95	382	3	0	0	0	6	22	13	6	228.78	1		4.989958


-------------------------------------------------------------------------------------------------------------------
Tour_Id:			3
No_of_Customers:		2
No_of_Items:			9
Customer_Sequence:		86 34 

CustId	Id	TypeId	Rotated	x	y	z	Length	Width	Height	mass	Fragility	LoadBearingStrength
34	129	1	0	0	0	0	35	11	9	658.16	0		15.056940
34	130	1	0	0	11	0	35	11	9	658.16	0		15.056940
86	347	1	0	0	0	9	35	11	9	658.16	0		15.056940
34	132	1	0	0	11	9	35	11	9	658.16	0		15.056940
34	131	1	0	0	11	18	35	11	9	658.16	0		15.056940
34	134	3	0	35	0	0	22	13	6	228.78	1		4.989958
86	346	1	0	0	0	18	35	11	9	658.16	0		15.056940
34	133	2	0	35	13	0	15	9	10	616.77	0		22.537317
86	348	3	0	35	0	6	22	13	6	228.78	1		4.989958


-------------------------------------------------------------------------------------------------------------------
Tour_Id:			4
No_of_Customers:		3
No_of_Items:			16
Customer_Sequence:		80 70 4 

CustId	Id	TypeId	Rotated	x	y	z	Length	Width	Height	mass	Fragility	LoadBearingStrength
4	12	1	0	0	0	0	35	11	9	658.16	0		15.056940
4	17	3	0	0	11	0	22	13	6	228.78	1		4.989958
4	14	2	0	0	0	9	15	9	10	616.77	0		22.537317
4	13	2	0	0	0	19	15	9	10	616.77	0		22.537317
70	288	3	0	0	11	6	22	13	6	228.78	1		4.989958
70	284	1	0	22	11	0	35	11	9	658.16	0		15.056940
70	283	1	0	22	11	9	35	11	9	658.16	0		15.056940
4	15	2	0	15	0	9	15	9	10	616.77	0		22.537317
80	319	1	0	22	11	18	35	11	9	658.16	0		15.056940
70	286	2	0	15	0	19	15	9	10	616.77	0		22.537317
70	287	3	0	0	9	12	22	13	6	228.78	1		4.989958
4	16	2	0	35	0	0	15	9	10	616.77	0		22.537317
70	285	2	0	35	0	10	15	9	10	616.77	0		22.537317
80	320	2	0	35	0	20	15	9	10	616.77	0		22.537317
80	321	3	0	0	9	18	22	13	6	228.78	1		4.989958
80	322	3	0	0	9	24	22	13	6	228.78	1		4.989958


-------------------------------------------------------------------------------------------------------------------
Tour_Id:			5
No_of_Customers:		2
No_of_Items:			11
Customer_Sequence:		15 49 

CustId	Id	TypeId	Rotated	x	y	z	Length	Width	Height	mass	Fragility	LoadBearingStrength
49	194	2	0	0	0	0	15	9	10	616.77	0		22.537317
49	196	3	0	0	9	0	22	13	6	228.78	1		4.989958
49	192	1	0	22	0	0	35	11	9	658.16	0		15.056940
49	195	2	0	0	0	10	15	9	10	616.77	0		22.537317
49	193	2	0	0	0	20	15	9	10	616.77	0		22.537317
49	197	3	0	0	9	6	22	13	6	228.78	1		4.989958
15	59	1	0	22	11	0	35	11	9	658.16	0		15.056940
15	60	1	0	22	0	9	35	11	9	658.16	0		15.056940
15	61	1	0	15	0	18	35	11	9	658.16	0		15.056940
15	62	2	0	22	11	9	15	9	10	616.77	0		22.537317
15	63	2	0	22	11	19	15	9	10	616.77	0		22.537317


-------------------------------------------------------------------------------------------------------------------
Tour_Id:			6
No_of_Customers:		4
No_of_Items:			16
Customer_Sequence:		36 91 35 84 

CustId	Id	TypeId	Rotated	x	y	z	Length	Width	Height	mass	Fragility	LoadBearingStrength
84	337	2	0	0	0	0	15	9	10	616.77	0		22.537317
84	338	3	0	0	9	0	22	13	6	228.78	1		4.989958
84	339	3	0	0	9	6	22	13	6	228.78	1		4.989958
35	135	1	0	22	0	0	35	11	9	658.16	0		15.056940
35	136	1	0	22	11	0	35	11	9	658.16	0		15.056940
35	137	2	0	0	0	10	15	9	10	616.77	0		22.537317
35	138	3	0	0	9	12	22	13	6	228.78	1		4.989958
91	361	1	0	22	0	9	35	11	9	658.16	0		15.056940
91	362	1	0	22	11	9	35	11	9	658.16	0		15.056940
91	363	3	0	0	9	18	22	13	6	228.78	1		4.989958
91	364	3	0	0	9	24	22	13	6	228.78	1		4.989958
36	139	2	0	0	0	20	15	9	10	616.77	0		22.537317
36	140	2	0	22	0	18	15	9	10	616.77	0		22.537317
36	141	2	0	22	9	18	15	9	10	616.77	0		22.537317
36	142	3	0	37	0	18	22	13	6	228.78	1		4.989958
36	143	3	0	37	0	24	22	13	6	228.78	1		4.989958


-------------------------------------------------------------------------------------------------------------------
Tour_Id:			7
No_of_Customers:		3
No_of_Items:			13
Customer_Sequence:		65 55 31 

CustId	Id	TypeId	Rotated	x	y	z	Length	Width	Height	mass	Fragility	LoadBearingStrength
31	119	3	0	0	0	0	22	13	6	228.78	1		4.989958
31	118	2	0	0	13	0	15	9	10	616.77	0		22.537317
31	117	1	0	15	13	0	35	11	9	658.16	0		15.056940
31	116	1	0	15	13	9	35	11	9	658.16	0		15.056940
31	115	1	0	15	13	18	35	11	9	658.16	0		15.056940
31	120	3	0	0	0	6	22	13	6	228.78	1		4.989958
55	221	3	0	0	0	12	22	13	6	228.78	1		4.989958
55	222	3	0	0	0	18	22	13	6	228.78	1		4.989958
65	263	1	0	22	0	0	35	11	9	658.16	0		15.056940
65	265	3	0	0	0	24	22	13	6	228.78	1		4.989958
65	262	1	0	22	0	9	35	11	9	658.16	0		15.056940
65	264	2	0	22	0	18	15	9	10	616.77	0		22.537317
65	266	3	0	37	0	18	22	13	6	228.78	1		4.989958


-------------------------------------------------------------------------------------------------------------------
Tour_Id:			8
No_of_Customers:		3
No_of_Items:			13
Customer_Sequence:		20 1 54 

CustId	Id	TypeId	Rotated	x	y	z	Length	Width	Height	mass	Fragility	LoadBearingStrength
54	219	3	0	0	0	0	22	13	6	228.78	1		4.989958
1	3	2	0	0	13	0	15	9	10	616.77	0		22.537317
1	2	1	0	15	13	0	35	11	9	658.16	0		15.056940
1	1	1	0	15	13	9	35	11	9	658.16	0		15.056940
54	218	1	0	22	0	0	35	11	9	658.16	0		15.056940
54	220	3	0	0	0	6	22	13	6	228.78	1		4.989958
1	4	3	0	0	0	12	22	13	6	228.78	1		4.989958
1	5	3	0	0	0	18	22	13	6	228.78	1		4.989958
20	80	3	0	0	0	24	22	13	6	228.78	1		4.989958
20	77	1	0	15	13	18	35	11	9	658.16	0		15.056940
20	76	1	0	22	0	9	35	11	9	658.16	0		15.056940
20	79	3	0	22	0	18	22	13	6	228.78	1		4.989958
20	78	2	0	44	0	18	15	9	10	616.77	0		22.537317


-------------------------------------------------------------------------------------------------------------------
Tour_Id:			9
No_of_Customers:		5
No_of_Items:			16
Customer_Sequence:		88 11 16 23 28 

CustId	Id	TypeId	Rotated	x	y	z	Length	Width	Height	mass	Fragility	LoadBearingStrength
28	108	3	0	0	0	0	22	13	6	228.78	1		4.989958
28	107	2	0	0	13	0	15	9	10	616.77	0		22.537317
28	106	1	0	15	13	0	35	11	9	658.16	0		15.056940
23	89	2	0	0	13	10	15	9	10	616.77	0		22.537317
23	90	2	0	0	13	20	15	9	10	616.77	0		22.537317
16	64	1	0	15	13	9	35	11	9	658.16	0		15.056940
16	65	2	0	15	13	18	15	9	10	616.77	0		22.537317
16	66	3	0	0	0	6	22	13	6	228.78	1		4.989958
16	67	3	0	0	0	12	22	13	6	228.78	1		4.989958
16	68	3	0	0	0	18	22	13	6	228.78	1		4.989958
11	41	1	0	22	0	0	35	11	9	658.16	0		15.056940
11	42	2	0	22	0	9	15	9	10	616.77	0		22.537317
11	43	3	0	0	0	24	22	13	6	228.78	1		4.989958
11	44	3	0	37	0	9	22	13	6	228.78	1		4.989958
88	352	3	0	37	0	15	22	13	6	228.78	1		4.989958
88	353	3	0	37	0	21	22	13	6	228.78	1		4.989958


-------------------------------------------------------------------------------------------------------------------
Tour_Id:			10
No_of_Customers:		3
No_of_Items:			14
Customer_Sequence:		81 51 68 

CustId	Id	TypeId	Rotated	x	y	z	Length	Width	Height	mass	Fragility	LoadBearingStrength
68	276	2	0	0	0	0	15	9	10	616.77	0		22.537317
68	277	2	0	0	9	0	15	9	10	616.77	0		22.537317
51	203	1	0	15	0	0	35	11	9	658.16	0		15.056940
68	275	1	0	15	11	0	35	11	9	658.16	0		15.056940
51	205	2	0	0	0	10	15	9	10	616.77	0		22.537317
68	279	3	0	15	11	9	22	13	6	228.78	1		4.989958
81	323	1	0	15	0	9	35	11	9	658.16	0		15.056940
51	204	2	0	0	0	20	15	9	10	616.77	0		22.537317
81	324	1	0	15	0	18	35	11	9	658.16	0		15.056940
68	278	2	0	0	9	10	15	9	10	616.77	0		22.537317
51	206	3	0	15	11	15	22	13	6	228.78	1		4.989958
81	325	2	0	37	11	9	15	9	10	616.77	0		22.537317
81	326	2	0	37	11	19	15	9	10	616.77	0		22.537317
81	327	3	0	15	11	21	22	13	6	228.78	1		4.989958


-------------------------------------------------------------------------------------------------------------------
Tour_Id:			11
No_of_Customers:		3
No_of_Items:			11
Customer_Sequence:		47 64 30 

CustId	Id	TypeId	Rotated	x	y	z	Length	Width	Height	mass	Fragility	LoadBearingStrength
30	114	3	0	0	0	0	22	13	6	228.78	1		4.989958
30	113	2	0	0	13	0	15	9	10	616.77	0		22.537317
30	112	2	0	0	13	10	15	9	10	616.77	0		22.537317
64	259	1	0	15	13	0	35	11	9	658.16	0		15.056940
64	260	2	0	0	13	20	15	9	10	616.77	0		22.537317
64	261	3	0	0	0	6	22	13	6	228.78	1		4.989958
47	185	1	0	15	13	9	35	11	9	658.16	0		15.056940
47	186	1	0	15	13	18	35	11	9	658.16	0		15.056940
47	187	1	0	22	0	0	35	11	9	658.16	0		15.056940
47	188	2	0	22	0	9	15	9	10	616.77	0		22.537317
47	189	2	0	22	0	19	15	9	10	616.77	0		22.537317


-------------------------------------------------------------------------------------------------------------------
Tour_Id:			12
No_of_Customers:		3
No_of_Items:			15
Customer_Sequence:		85 39 42 

CustId	Id	TypeId	Rotated	x	y	z	Length	Width	Height	mass	Fragility	LoadBearingStrength
42	167	3	0	0	0	0	22	13	6	228.78	1		4.989958
42	164	2	0	0	13	0	15	9	10	616.77	0		22.537317
42	165	2	0	0	13	10	15	9	10	616.77	0		22.537317
42	166	2	0	0	13	20	15	9	10	616.77	0		22.537317
42	163	1	0	15	13	0	35	11	9	658.16	0		15.056940
39	151	1	0	15	13	9	35	11	9	658.16	0		15.056940
39	152	1	0	15	13	18	35	11	9	658.16	0		15.056940
39	153	3	0	0	0	6	22	13	6	228.78	1		4.989958
39	154	3	0	0	0	12	22	13	6	228.78	1		4.989958
85	340	1	0	22	0	0	35	11	9	658.16	0		15.056940
85	341	1	0	22	0	9	35	11	9	658.16	0		15.056940
85	342	2	0	22	0	18	15	9	10	616.77	0		22.537317
85	343	3	0	0	0	18	22	13	6	228.78	1		4.989958
85	344	3	0	0	0	24	22	13	6	228.78	1		4.989958
85	345	3	0	37	0	18	22	13	6	228.78	1		4.989958


-------------------------------------------------------------------------------------------------------------------
Tour_Id:			13
No_of_Customers:		3
No_of_Items:			13
Customer_Sequence:		41 87 98 

CustId	Id	TypeId	Rotated	x	y	z	Length	Width	Height	mass	Fragility	LoadBearingStrength
98	388	1	0	0	0	0	35	11	9	658.16	0		15.056940
98	392	2	0	0	11	0	15	9	10	616.77	0		22.537317
98	390	1	0	0	0	9	35	11	9	658.16	0		15.056940
41	159	1	0	0	0	18	35	11	9	658.16	0		15.056940
98	389	1	0	15	11	0	35	11	9	658.16	0		15.056940
98	393	2	0	0	11	10	15	9	10	616.77	0		22.537317
87	349	1	0	15	11	9	35	11	9	658.16	0		15.056940
87	350	2	0	0	11	20	15	9	10	616.77	0		22.537317
87	351	3	0	15	11	18	22	13	6	228.78	1		4.989958
98	391	2	0	35	0	0	15	9	10	616.77	0		22.537317
41	160	2	0	35	0	10	15	9	10	616.77	0		22.537317
41	161	2	0	35	0	20	15	9	10	616.77	0		22.537317
41	162	3	0	15	11	24	22	13	6	228.78	1		4.989958


-------------------------------------------------------------------------------------------------------------------
Tour_Id:			14
No_of_Customers:		4
No_of_Items:			16
Customer_Sequence:		53 93 79 69 

CustId	Id	TypeId	Rotated	x	y	z	Length	Width	Height	mass	Fragility	LoadBearingStrength
69	280	2	0	0	0	0	15	9	10	616.77	0		22.537317
69	282	3	0	0	9	0	22	13	6	228.78	1		4.989958
69	281	2	0	0	0	10	15	9	10	616.77	0		22.537317
79	316	1	0	22	0	0	35	11	9	658.16	0		15.056940
79	317	1	0	15	0	9	35	11	9	658.16	0		15.056940
79	318	2	0	0	0	20	15	9	10	616.77	0		22.537317
93	370	2	0	15	0	18	15	9	10	616.77	0		22.537317
93	371	3	0	0	11	6	22	13	6	228.78	1		4.989958
93	372	3	0	0	11	12	22	13	6	228.78	1		4.989958
93	373	3	0	0	9	18	22	13	6	228.78	1		4.989958
93	374	3	0	0	9	24	22	13	6	228.78	1		4.989958
53	213	1	0	22	11	0	35	11	9	658.16	0		15.056940
53	214	1	0	22	11	9	35	11	9	658.16	0		15.056940
53	215	2	0	22	9	18	15	9	10	616.77	0		22.537317
53	216	2	0	30	0	18	15	9	10	616.77	0		22.537317
53	217	2	0	37	9	18	15	9	10	616.77	0		22.537317


-------------------------------------------------------------------------------------------------------------------
Tour_Id:			15
No_of_Customers:		4
No_of_Items:			16
Customer_Sequence:		43 62 71 21 

CustId	Id	TypeId	Rotated	x	y	z	Length	Width	Height	mass	Fragility	LoadBearingStrength
21	81	1	0	0	0	0	35	11	9	658.16	0		15.056940
21	82	2	0	0	11	0	15	9	10	616.77	0		22.537317
71	289	1	0	0	0	9	35	11	9	658.16	0		15.056940
71	290	1	0	0	0	18	35	11	9	658.16	0		15.056940
21	85	2	0	0	11	10	15	9	10	616.77	0		22.537317
21	83	2	0	0	11	20	15	9	10	616.77	0		22.537317
21	84	2	0	15	11	0	15	9	10	616.77	0		22.537317
62	255	3	0	30	11	0	22	13	6	228.78	1		4.989958
62	253	2	0	15	11	10	15	9	10	616.77	0		22.537317
62	254	3	0	30	11	6	22	13	6	228.78	1		4.989958
62	252	2	0	15	11	20	15	9	10	616.77	0		22.537317
62	256	3	0	30	11	12	22	13	6	228.78	1		4.989958
43	168	2	0	35	0	0	15	9	10	616.77	0		22.537317
43	169	2	0	35	0	10	15	9	10	616.77	0		22.537317
43	170	3	0	30	11	18	22	13	6	228.78	1		4.989958
43	171	3	0	30	11	24	22	13	6	228.78	1		4.989958


-------------------------------------------------------------------------------------------------------------------
Tour_Id:			16
No_of_Customers:		4
No_of_Items:			16
Customer_Sequence:		50 19 74 97 

CustId	Id	TypeId	Rotated	x	y	z	Length	Width	Height	mass	Fragility	LoadBearingStrength
97	386	3	0	0	0	0	22	13	6	228.78	1		4.989958
74	300	2	0	0	13	0	15	9	10	616.77	0		22.537317
74	299	2	0	0	13	10	15	9	10	616.77	0		22.537317
74	296	1	0	15	13	0	35	11	9	658.16	0		15.056940
74	297	2	0	0	13	20	15	9	10	616.77	0		22.537317
74	298	2	0	15	13	9	15	9	10	616.77	0		22.537317
74	295	1	0	22	0	0	35	11	9	658.16	0		15.056940
97	387	3	0	0	0	6	22	13	6	228.78	1		4.989958
19	73	2	0	15	13	19	15	9	10	616.77	0		22.537317
19	74	3	0	0	0	12	22	13	6	228.78	1		4.989958
19	75	3	0	0	0	18	22	13	6	228.78	1		4.989958
50	198	1	0	22	0	9	35	11	9	658.16	0		15.056940
50	199	1	0	22	0	18	35	11	9	658.16	0		15.056940
50	200	2	0	30	13	9	15	9	10	616.77	0		22.537317
50	201	2	0	30	11	19	15	9	10	616.77	0		22.537317
50	202	3	0	0	0	24	22	13	6	228.78	1		4.989958


-------------------------------------------------------------------------------------------------------------------
Tour_Id:			17
No_of_Customers:		2
No_of_Items:			12
Customer_Sequence:		45 57 

CustId	Id	TypeId	Rotated	x	y	z	Length	Width	Height	mass	Fragility	LoadBearingStrength
57	231	3	0	0	0	0	22	13	6	228.78	1		4.989958
57	228	1	0	0	13	0	35	11	9	658.16	0		15.056940
45	177	1	0	0	13	9	35	11	9	658.16	0		15.056940
57	230	3	0	0	0	6	22	13	6	228.78	1		4.989958
57	227	1	0	22	0	0	35	11	9	658.16	0		15.056940
57	232	3	0	0	0	12	22	13	6	228.78	1		4.989958
57	229	2	0	22	0	9	15	9	10	616.77	0		22.537317
45	178	1	0	0	13	18	35	11	9	658.16	0		15.056940
45	179	2	0	22	0	19	15	9	10	616.77	0		22.537317
45	180	3	0	35	11	0	22	13	6	228.78	1		4.989958
45	181	3	0	35	11	6	22	13	6	228.78	1		4.989958
45	182	3	0	35	9	12	22	13	6	228.78	1		4.989958


-------------------------------------------------------------------------------------------------------------------
Tour_Id:			18
No_of_Customers:		4
No_of_Items:			13
Customer_Sequence:		33 26 18 44 

CustId	Id	TypeId	Rotated	x	y	z	Length	Width	Height	mass	Fragility	LoadBearingStrength
18	71	2	0	0	0	0	15	9	10	616.77	0		22.537317
44	176	2	0	0	9	0	15	9	10	616.77	0		22.537317
26	97	1	0	15	0	0	35	11	9	658.16	0		15.056940
44	173	1	0	15	11	0	35	11	9	658.16	0		15.056940
44	174	2	0	0	9	10	15	9	10	616.77	0		22.537317
44	172	1	0	15	11	9	35	11	9	658.16	0		15.056940
33	126	1	0	15	0	9	35	11	9	658.16	0		15.056940
44	175	2	0	0	9	20	15	9	10	616.77	0		22.537317
26	98	2	0	0	0	10	15	9	10	616.77	0		22.537317
26	99	2	0	0	0	20	15	9	10	616.77	0		22.537317
18	72	2	0	15	11	18	15	9	10	616.77	0		22.537317
33	127	3	0	30	0	18	22	13	6	228.78	1		4.989958
33	128	3	0	30	0	24	22	13	6	228.78	1		4.989958


-------------------------------------------------------------------------------------------------------------------
Tour_Id:			19
No_of_Customers:		4
No_of_Items:			14
Customer_Sequence:		52 75 7 46 

CustId	Id	TypeId	Rotated	x	y	z	Length	Width	Height	mass	Fragility	LoadBearingStrength
46	183	3	0	0	0	0	22	13	6	228.78	1		4.989958
46	184	3	0	0	0	6	22	13	6	228.78	1		4.989958
7	27	3	0	0	0	12	22	13	6	228.78	1		4.989958
7	26	2	0	0	13	0	15	9	10	616.77	0		22.537317
7	25	1	0	15	13	0	35	11	9	658.16	0		15.056940
75	301	2	0	0	13	10	15	9	10	616.77	0		22.537317
75	302	2	0	0	13	20	15	9	10	616.77	0		22.537317
75	303	3	0	0	0	18	22	13	6	228.78	1		4.989958
52	207	1	0	15	13	9	35	11	9	658.16	0		15.056940
52	208	1	0	15	13	18	35	11	9	658.16	0		15.056940
52	209	1	0	22	0	0	35	11	9	658.16	0		15.056940
52	210	1	0	22	0	9	35	11	9	658.16	0		15.056940
52	211	2	0	22	0	18	15	9	10	616.77	0		22.537317
52	212	3	0	0	0	24	22	13	6	228.78	1		4.989958


-------------------------------------------------------------------------------------------------------------------
Tour_Id:			20
No_of_Customers:		6
No_of_Items:			22
Customer_Sequence:		99 32 37 76 3 29 

CustId	Id	TypeId	Rotated	x	y	z	Length	Width	Height	mass	Fragility	LoadBearingStrength
29	109	2	0	0	0	0	15	9	10	616.77	0		22.537317
29	110	3	0	0	9	0	22	13	6	228.78	1		4.989958
29	111	3	0	0	9	6	22	13	6	228.78	1		4.989958
3	9	2	0	0	0	10	15	9	10	616.77	0		22.537317
3	10	2	0	0	0	20	15	9	10	616.77	0		22.537317
3	11	2	0	15	0	0	15	9	10	616.77	0		22.537317
76	304	1	0	22	9	0	35	11	9	658.16	0		15.056940
76	305	2	0	15	0	10	15	9	10	616.77	0		22.537317
76	306	2	0	15	0	20	15	9	10	616.77	0		22.537317
76	307	3	0	0	9	12	22	13	6	228.78	1		4.989958
32	125	3	0	0	9	18	22	13	6	228.78	1		4.989958
37	145	2	0	30	0	0	15	9	10	616.77	0		22.537317
37	146	2	0	30	0	10	15	9	10	616.77	0		22.537317
32	123	3	0	0	9	24	22	13	6	228.78	1		4.989958
32	122	2	0	22	9	9	15	9	10	616.77	0		22.537317
32	121	2	0	22	9	19	15	9	10	616.77	0		22.537317
32	124	3	0	37	9	9	22	13	6	228.78	1		4.989958
37	144	2	0	30	0	20	15	9	10	616.77	0		22.537317
99	394	2	0	45	0	0	15	9	10	616.77	0		22.537317
99	395	2	0	45	0	10	15	9	10	616.77	0		22.537317
99	396	3	0	37	9	15	22	13	6	228.78	1		4.989958
99	397	3	0	37	9	21	22	13	6	228.78	1		4.989958


-------------------------------------------------------------------------------------------------------------------
Tour_Id:			21
No_of_Customers:		3
No_of_Items:			13
Customer_Sequence:		58 92 14 

CustId	Id	TypeId	Rotated	x	y	z	Length	Width	Height	mass	Fragility	LoadBearingStrength
14	55	1	0	0	0	0	35	11	9	658.16	0		15.056940
14	56	1	0	0	11	0	35	11	9	658.16	0		15.056940
14	57	1	0	0	0	9	35	11	9	658.16	0		15.056940
92	365	1	0	0	11	9	35	11	9	658.16	0		15.056940
14	58	2	0	0	0	18	15	9	10	616.77	0		22.537317
92	366	1	0	0	9	18	35	11	9	658.16	0		15.056940
92	367	2	0	15	0	18	15	9	10	616.77	0		22.537317
92	368	3	0	35	0	0	22	13	6	228.78	1		4.989958
92	369	3	0	35	0	6	22	13	6	228.78	1		4.989958
58	233	2	0	35	13	0	15	9	10	616.77	0		22.537317
58	234	2	0	35	13	10	15	9	10	616.77	0		22.537317
58	235	2	0	35	13	20	15	9	10	616.77	0		22.537317
58	236	3	0	35	0	12	22	13	6	228.78	1		4.989958


-------------------------------------------------------------------------------------------------------------------
Tour_Id:			22
No_of_Customers:		3
No_of_Items:			14
Customer_Sequence:		66 12 100 

CustId	Id	TypeId	Rotated	x	y	z	Length	Width	Height	mass	Fragility	LoadBearingStrength
100	399	2	0	0	0	0	15	9	10	616.77	0		22.537317
100	400	3	0	0	9	0	22	13	6	228.78	1		4.989958
100	398	1	0	22	0	0	35	11	9	658.16	0		15.056940
12	46	1	0	15	0	9	35	11	9	658.16	0		15.056940
12	48	3	0	0	11	6	22	13	6	228.78	1		4.989958
12	45	1	0	15	0	18	35	11	9	658.16	0		15.056940
12	49	3	0	0	11	12	22	13	6	228.78	1		4.989958
12	47	2	0	0	0	10	15	9	10	616.77	0		22.537317
66	267	1	0	22	11	0	35	11	9	658.16	0		15.056940
66	268	1	0	22	11	9	35	11	9	658.16	0		15.056940
66	269	2	0	22	11	18	15	9	10	616.77	0		22.537317
66	270	3	0	0	11	18	22	13	6	228.78	1		4.989958
66	271	3	0	0	11	24	22	13	6	228.78	1		4.989958
66	272	3	0	37	11	18	22	13	6	228.78	1		4.989958


-------------------------------------------------------------------------------------------------------------------
Tour_Id:			23
No_of_Customers:		4
No_of_Items:			13
Customer_Sequence:		13 40 48 94 

CustId	Id	TypeId	Rotated	x	y	z	Length	Width	Height	mass	Fragility	LoadBearingStrength
94	375	3	0	0	0	0	22	13	6	228.78	1		4.989958
94	376	3	0	0	0	6	22	13	6	228.78	1		4.989958
40	157	2	0	0	13	0	15	9	10	616.77	0		22.537317
40	155	1	0	15	13	0	35	11	9	658.16	0		15.056940
13	53	2	0	0	13	10	15	9	10	616.77	0		22.537317
13	50	1	0	15	13	9	35	11	9	658.16	0		15.056940
13	52	1	0	15	13	18	35	11	9	658.16	0		15.056940
48	190	1	0	22	0	0	35	11	9	658.16	0		15.056940
40	156	1	0	22	0	9	35	11	9	658.16	0		15.056940
48	191	3	0	0	0	12	22	13	6	228.78	1		4.989958
40	158	3	0	0	0	18	22	13	6	228.78	1		4.989958
13	51	1	0	22	0	18	35	11	9	658.16	0		15.056940
13	54	3	0	0	0	24	22	13	6	228.78	1		4.989958


-------------------------------------------------------------------------------------------------------------------
Tour_Id:			24
No_of_Customers:		3
No_of_Items:			11
Customer_Sequence:		89 38 22 

CustId	Id	TypeId	Rotated	x	y	z	Length	Width	Height	mass	Fragility	LoadBearingStrength
22	86	1	0	0	0	0	35	11	9	658.16	0		15.056940
22	88	3	0	0	11	0	22	13	6	228.78	1		4.989958
22	87	1	0	0	0	9	35	11	9	658.16	0		15.056940
38	147	1	0	0	0	18	35	11	9	658.16	0		15.056940
89	354	1	0	22	11	0	35	11	9	658.16	0		15.056940
38	149	2	0	35	0	0	15	9	10	616.77	0		22.537317
38	148	2	0	35	0	10	15	9	10	616.77	0		22.537317
38	150	3	0	0	11	6	22	13	6	228.78	1		4.989958
89	355	2	0	22	11	9	15	9	10	616.77	0		22.537317
89	356	2	0	22	11	19	15	9	10	616.77	0		22.537317
89	357	3	0	0	11	12	22	13	6	228.78	1		4.989958


-------------------------------------------------------------------------------------------------------------------
Tour_Id:			25
No_of_Customers:		4
No_of_Items:			15
Customer_Sequence:		10 72 9 8 

CustId	Id	TypeId	Rotated	x	y	z	Length	Width	Height	mass	Fragility	LoadBearingStrength
8	30	3	0	0	0	0	22	13	6	228.78	1		4.989958
8	29	2	0	0	13	0	15	9	10	616.77	0		22.537317
8	28	2	0	0	13	10	15	9	10	616.77	0		22.537317
8	31	3	0	0	0	6	22	13	6	228.78	1		4.989958
8	32	3	0	0	0	12	22	13	6	228.78	1		4.989958
9	33	1	0	15	13	0	35	11	9	658.16	0		15.056940
9	35	2	0	0	13	20	15	9	10	616.77	0		22.537317
9	34	1	0	15	13	9	35	11	9	658.16	0		15.056940
9	36	3	0	0	0	18	22	13	6	228.78	1		4.989958
9	37	3	0	0	0	24	22	13	6	228.78	1		4.989958
72	291	1	0	15	13	18	35	11	9	658.16	0		15.056940
72	292	1	0	22	0	0	35	11	9	658.16	0		15.056940
10	38	1	0	22	0	9	35	11	9	658.16	0		15.056940
10	39	3	0	22	0	18	22	13	6	228.78	1		4.989958
10	40	3	0	22	0	24	22	13	6	228.78	1		4.989958


-------------------------------------------------------------------------------------------------------------------
Tour_Id:			26
No_of_Customers:		3
No_of_Items:			14
Customer_Sequence:		83 5 61 

CustId	Id	TypeId	Rotated	x	y	z	Length	Width	Height	mass	Fragility	LoadBearingStrength
61	251	3	0	0	0	0	22	13	6	228.78	1		4.989958
61	247	1	0	0	13	0	35	11	9	658.16	0		15.056940
61	248	1	0	0	13	9	35	11	9	658.16	0		15.056940
61	249	2	0	0	13	18	15	9	10	616.77	0		22.537317
61	250	3	0	0	0	6	22	13	6	228.78	1		4.989958
61	246	1	0	22	0	0	35	11	9	658.16	0		15.056940
5	18	1	0	22	0	9	35	11	9	658.16	0		15.056940
5	19	3	0	0	0	12	22	13	6	228.78	1		4.989958
5	20	3	0	0	0	18	22	13	6	228.78	1		4.989958
83	332	1	0	22	0	18	35	11	9	658.16	0		15.056940
83	333	2	0	15	13	18	15	9	10	616.77	0		22.537317
83	334	2	0	35	13	0	15	9	10	616.77	0		22.537317
83	335	2	0	35	11	10	15	9	10	616.77	0		22.537317
83	336	3	0	0	0	24	22	13	6	228.78	1		4.989958


-------------------------------------------------------------------------------------------------------------------
Tour_Id:			27
No_of_Customers:		4
No_of_Items:			14
Customer_Sequence:		82 60 63 24 

CustId	Id	TypeId	Rotated	x	y	z	Length	Width	Height	mass	Fragility	LoadBearingStrength
24	91	2	0	0	0	0	15	9	10	616.77	0		22.537317
24	92	3	0	0	9	0	22	13	6	228.78	1		4.989958
24	93	3	0	0	9	6	22	13	6	228.78	1		4.989958
63	257	2	0	0	0	10	15	9	10	616.77	0		22.537317
63	258	3	0	0	9	12	22	13	6	228.78	1		4.989958
60	241	1	0	22	0	0	35	11	9	658.16	0		15.056940
60	242	1	0	22	11	0	35	11	9	658.16	0		15.056940
60	243	2	0	0	0	20	15	9	10	616.77	0		22.537317
60	244	3	0	0	9	18	22	13	6	228.78	1		4.989958
60	245	3	0	0	9	24	22	13	6	228.78	1		4.989958
82	328	1	0	22	0	9	35	11	9	658.16	0		15.056940
82	329	1	0	22	11	9	35	11	9	658.16	0		15.056940
82	330	2	0	22	0	18	15	9	10	616.77	0		22.537317
82	331	2	0	22	9	18	15	9	10	616.77	0		22.537317


-------------------------------------------------------------------------------------------------------------------
Tour_Id:			28
No_of_Customers:		4
No_of_Items:			14
Customer_Sequence:		27 67 2 96 

CustId	Id	TypeId	Rotated	x	y	z	Length	Width	Height	mass	Fragility	LoadBearingStrength
96	383	3	0	0	0	0	22	13	6	228.78	1		4.989958
96	384	3	0	0	0	6	22	13	6	228.78	1		4.989958
96	385	3	0	0	0	12	22	13	6	228.78	1		4.989958
2	6	1	0	0	13	0	35	11	9	658.16	0		15.056940
2	7	2	0	0	13	9	15	9	10	616.77	0		22.537317
2	8	3	0	0	0	18	22	13	6	228.78	1		4.989958
67	273	1	0	22	0	0	35	11	9	658.16	0		15.056940
67	274	2	0	0	13	19	15	9	10	616.77	0		22.537317
27	100	1	0	22	0	9	35	11	9	658.16	0		15.056940
27	101	2	0	15	13	9	15	9	10	616.77	0		22.537317
27	102	2	0	15	13	19	15	9	10	616.77	0		22.537317
27	103	2	0	22	0	18	15	9	10	616.77	0		22.537317
27	104	3	0	0	0	24	22	13	6	228.78	1		4.989958
27	105	3	0	37	0	18	22	13	6	228.78	1		4.989958


-------------------------------------------------------------------------------------------------------------------
Tour_Id:			29
No_of_Customers:		5
No_of_Items:			17
Customer_Sequence:		25 59 78 6 73 

CustId	Id	TypeId	Rotated	x	y	z	Length	Width	Height	mass	Fragility	LoadBearingStrength
73	293	1	0	0	0	0	35	11	9	658.16	0		15.056940
73	294	3	0	0	11	0	22	13	6	228.78	1		4.989958
6	21	1	0	0	0	9	35	11	9	658.16	0		15.056940
78	312	1	0	0	0	18	35	11	9	658.16	0		15.056940
6	23	3	0	0	11	6	22	13	6	228.78	1		4.989958
6	24	3	0	0	11	12	22	13	6	228.78	1		4.989958
6	22	3	0	0	11	18	22	13	6	228.78	1		4.989958
78	313	2	0	22	11	0	15	9	10	616.77	0		22.537317
78	315	3	0	0	11	24	22	13	6	228.78	1		4.989958
59	237	2	0	22	11	10	15	9	10	616.77	0		22.537317
78	314	3	0	37	0	0	22	13	6	228.78	1		4.989958
59	238	3	0	37	0	6	22	13	6	228.78	1		4.989958
59	239	3	0	37	0	12	22	13	6	228.78	1		4.989958
59	240	3	0	37	0	18	22	13	6	228.78	1		4.989958
25	94	2	0	37	13	0	15	9	10	616.77	0		22.537317
25	95	2	0	37	13	10	15	9	10	616.77	0		22.537317
25	96	2	0	22	13	20	15	9	10	616.77	0		22.537317


