Name:				579_n100_m400_bt10
Problem:			3L-VRPTW
Number_of_used_Vehicles:	29
Total_Travel_Distance:		2274.22
Calculation_Time:		3600.00
Total_Iterations:		1795
ConstraintSet:			P1

-------------------------------------------------------------------------------------------------------------------
Tour_Id:			1
No_of_Customers:		5
No_of_Items:			13
Customer_Sequence:		13 53 7 22 99 

CustId	Id	TypeId	Rotated	x	y	z	Length	Width	Height	mass	Fragility	LoadBearingStrength
99	395	5	0	0	0	0	22	13	8	643.93	0		7.647398
99	396	6	0	0	13	0	16	9	14	561.88	0		8.266950
22	84	5	0	0	0	8	22	13	8	643.93	0		7.647398
22	85	7	0	0	0	16	24	9	6	462.57	0		42.142824
22	86	7	0	0	0	22	24	9	6	462.57	0		42.142824
22	87	10	0	16	13	0	34	6	13	730.17	1		18.987722
7	23	1	0	0	13	14	12	7	7	280.20	0		12.335128
7	24	10	0	16	19	0	34	6	13	730.17	1		18.987722
53	207	5	0	24	0	0	22	13	8	643.93	0		7.647398
53	206	3	0	24	0	8	15	10	9	168.04	0		8.638856
53	205	1	0	0	13	21	12	7	7	280.20	0		12.335128
13	47	6	1	50	0	0	16	9	14	561.88	0		8.266950
13	46	1	0	24	0	17	12	7	7	280.20	0		12.335128


-------------------------------------------------------------------------------------------------------------------
Tour_Id:			2
No_of_Customers:		3
No_of_Items:			12
Customer_Sequence:		3 84 2 

CustId	Id	TypeId	Rotated	x	y	z	Length	Width	Height	mass	Fragility	LoadBearingStrength
2	3	2	0	0	0	0	27	8	7	263.24	1		2.537051
2	5	10	0	0	8	0	34	6	13	730.17	1		18.987722
2	4	7	0	0	14	0	24	9	6	462.57	0		42.142824
84	339	10	0	0	0	7	34	6	13	730.17	1		18.987722
84	335	3	0	0	14	6	15	10	9	168.04	0		8.638856
84	337	9	0	24	14	0	27	7	7	251.27	0		10.082365
84	338	10	0	0	8	13	34	6	13	730.17	1		18.987722
84	336	4	0	24	14	7	35	5	10	354.36	0		6.460569
3	8	5	0	34	0	0	22	13	8	643.93	0		7.647398
3	9	6	0	34	0	8	16	9	14	561.88	0		8.266950
3	7	4	0	24	14	17	35	5	10	354.36	0		6.460569
3	6	2	0	0	0	20	27	8	7	263.24	1		2.537051


-------------------------------------------------------------------------------------------------------------------
Tour_Id:			3
No_of_Customers:		4
No_of_Items:			14
Customer_Sequence:		57 14 64 88 

CustId	Id	TypeId	Rotated	x	y	z	Length	Width	Height	mass	Fragility	LoadBearingStrength
88	348	2	0	0	0	0	27	8	7	263.24	1		2.537051
88	350	9	0	0	8	0	27	7	7	251.27	0		10.082365
88	349	9	0	0	15	0	27	7	7	251.27	0		10.082365
64	252	4	0	0	8	7	35	5	10	354.36	0		6.460569
64	253	9	0	0	13	7	27	7	7	251.27	0		10.082365
14	52	6	0	0	13	14	16	9	14	561.88	0		8.266950
14	50	3	0	27	13	0	15	10	9	168.04	0		8.638856
14	51	3	0	27	13	9	15	10	9	168.04	0		8.638856
14	48	1	0	27	0	0	12	7	7	280.20	0		12.335128
14	49	2	0	0	0	7	27	8	7	263.24	1		2.537051
57	222	8	0	39	0	0	19	13	11	584.83	0		9.277177
57	221	5	0	35	0	11	22	13	8	643.93	0		7.647398
57	220	1	0	27	13	18	12	7	7	280.20	0		12.335128
57	223	10	0	0	0	14	34	6	13	730.17	1		18.987722


-------------------------------------------------------------------------------------------------------------------
Tour_Id:			4
No_of_Customers:		3
No_of_Items:			13
Customer_Sequence:		11 79 39 

CustId	Id	TypeId	Rotated	x	y	z	Length	Width	Height	mass	Fragility	LoadBearingStrength
39	161	6	0	0	0	0	16	9	14	561.88	0		8.266950
39	159	4	0	0	9	0	35	5	10	354.36	0		6.460569
39	160	4	0	0	14	0	35	5	10	354.36	0		6.460569
39	158	3	0	0	9	10	15	10	9	168.04	0		8.638856
39	156	1	0	0	0	14	12	7	7	280.20	0		12.335128
39	157	2	0	16	0	0	27	8	7	263.24	1		2.537051
79	315	5	0	35	9	0	22	13	8	643.93	0		7.647398
79	316	6	0	15	9	10	16	9	14	561.88	0		8.266950
79	313	4	0	0	19	0	35	5	10	354.36	0		6.460569
79	314	4	0	0	19	10	35	5	10	354.36	0		6.460569
11	40	5	0	35	9	8	22	13	8	643.93	0		7.647398
11	39	3	0	35	9	16	15	10	9	168.04	0		8.638856
11	41	10	0	16	0	7	34	6	13	730.17	1		18.987722


-------------------------------------------------------------------------------------------------------------------
Tour_Id:			5
No_of_Customers:		4
No_of_Items:			15
Customer_Sequence:		97 12 96 45 

CustId	Id	TypeId	Rotated	x	y	z	Length	Width	Height	mass	Fragility	LoadBearingStrength
45	180	8	0	0	0	0	19	13	11	584.83	0		9.277177
45	179	4	0	0	13	0	35	5	10	354.36	0		6.460569
45	178	1	0	0	18	0	12	7	7	280.20	0		12.335128
96	385	8	0	0	0	11	19	13	11	584.83	0		9.277177
96	384	5	0	0	0	22	22	13	8	643.93	0		7.647398
96	383	1	0	0	18	7	12	7	7	280.20	0		12.335128
12	42	7	0	22	0	0	24	9	6	462.57	0		42.142824
12	43	7	0	22	0	6	24	9	6	462.57	0		42.142824
12	44	10	0	12	18	0	34	6	13	730.17	1		18.987722
12	45	10	0	12	18	13	34	6	13	730.17	1		18.987722
97	387	5	1	46	0	0	22	13	8	643.93	0		7.647398
97	388	5	1	46	0	8	22	13	8	643.93	0		7.647398
97	389	5	1	46	0	16	22	13	8	643.93	0		7.647398
97	386	4	0	0	13	10	35	5	10	354.36	0		6.460569
97	390	7	0	22	0	12	24	9	6	462.57	0		42.142824


-------------------------------------------------------------------------------------------------------------------
Tour_Id:			6
No_of_Customers:		3
No_of_Items:			14
Customer_Sequence:		47 8 17 

CustId	Id	TypeId	Rotated	x	y	z	Length	Width	Height	mass	Fragility	LoadBearingStrength
17	64	5	0	0	0	0	22	13	8	643.93	0		7.647398
17	65	7	0	0	13	0	24	9	6	462.57	0		42.142824
17	63	1	0	0	13	6	12	7	7	280.20	0		12.335128
8	28	8	0	0	0	8	19	13	11	584.83	0		9.277177
8	27	4	0	22	0	0	35	5	10	354.36	0		6.460569
8	26	3	0	0	0	19	15	10	9	168.04	0		8.638856
8	29	9	0	22	5	0	27	7	7	251.27	0		10.082365
8	25	1	0	0	13	13	12	7	7	280.20	0		12.335128
8	30	10	0	19	0	10	34	6	13	730.17	1		18.987722
47	185	1	0	0	13	20	12	7	7	280.20	0		12.335128
47	186	1	0	12	13	6	12	7	7	280.20	0		12.335128
47	188	10	0	24	12	0	34	6	13	730.17	1		18.987722
47	189	10	0	12	13	13	34	6	13	730.17	1		18.987722
47	187	2	0	19	0	23	27	8	7	263.24	1		2.537051


-------------------------------------------------------------------------------------------------------------------
Tour_Id:			7
No_of_Customers:		3
No_of_Items:			12
Customer_Sequence:		5 20 63 

CustId	Id	TypeId	Rotated	x	y	z	Length	Width	Height	mass	Fragility	LoadBearingStrength
63	248	5	0	0	0	0	22	13	8	643.93	0		7.647398
63	247	3	0	0	13	0	15	10	9	168.04	0		8.638856
63	250	9	0	0	0	8	27	7	7	251.27	0		10.082365
63	251	9	0	0	0	15	27	7	7	251.27	0		10.082365
63	249	7	0	0	0	22	24	9	6	462.57	0		42.142824
20	78	8	0	27	0	0	19	13	11	584.83	0		9.277177
20	76	6	0	0	13	9	16	9	14	561.88	0		8.266950
20	77	6	0	16	13	0	16	9	14	561.88	0		8.266950
5	16	5	0	27	0	11	22	13	8	643.93	0		7.647398
5	17	5	0	27	0	19	22	13	8	643.93	0		7.647398
5	18	6	0	16	13	14	16	9	14	561.88	0		8.266950
5	19	9	0	32	13	0	27	7	7	251.27	0		10.082365


-------------------------------------------------------------------------------------------------------------------
Tour_Id:			8
No_of_Customers:		4
No_of_Items:			16
Customer_Sequence:		44 95 69 77 

CustId	Id	TypeId	Rotated	x	y	z	Length	Width	Height	mass	Fragility	LoadBearingStrength
77	306	5	0	0	0	0	22	13	8	643.93	0		7.647398
77	305	3	0	0	13	0	15	10	9	168.04	0		8.638856
77	307	7	0	0	0	8	24	9	6	462.57	0		42.142824
69	272	5	0	24	0	0	22	13	8	643.93	0		7.647398
69	269	3	0	0	13	9	15	10	9	168.04	0		8.638856
69	270	3	0	0	0	14	15	10	9	168.04	0		8.638856
69	271	3	0	0	13	18	15	10	9	168.04	0		8.638856
69	273	9	0	15	13	0	27	7	7	251.27	0		10.082365
95	379	4	0	15	20	0	35	5	10	354.36	0		6.460569
95	380	4	0	15	13	7	35	5	10	354.36	0		6.460569
95	381	9	0	24	0	8	27	7	7	251.27	0		10.082365
95	382	9	0	24	0	15	27	7	7	251.27	0		10.082365
95	378	1	0	0	0	23	12	7	7	280.20	0		12.335128
44	176	6	1	51	0	0	16	9	14	561.88	0		8.266950
44	177	7	0	24	0	22	24	9	6	462.57	0		42.142824
44	175	1	1	51	0	14	12	7	7	280.20	0		12.335128


-------------------------------------------------------------------------------------------------------------------
Tour_Id:			9
No_of_Customers:		4
No_of_Items:			16
Customer_Sequence:		35 72 25 43 

CustId	Id	TypeId	Rotated	x	y	z	Length	Width	Height	mass	Fragility	LoadBearingStrength
43	173	3	0	0	0	0	15	10	9	168.04	0		8.638856
25	96	4	0	0	10	0	35	5	10	354.36	0		6.460569
25	99	8	0	35	0	0	19	13	11	584.83	0		9.277177
43	174	3	0	0	15	0	15	10	9	168.04	0		8.638856
25	97	4	0	0	10	10	35	5	10	354.36	0		6.460569
25	98	4	0	0	10	20	35	5	10	354.36	0		6.460569
25	94	2	0	15	15	0	27	8	7	263.24	1		2.537051
25	95	3	0	0	0	9	15	10	9	168.04	0		8.638856
72	284	8	0	35	0	11	19	13	11	584.83	0		9.277177
72	283	6	0	0	15	9	16	9	14	561.88	0		8.266950
72	280	1	0	0	0	18	12	7	7	280.20	0		12.335128
72	281	2	0	16	15	7	27	8	7	263.24	1		2.537051
72	282	2	0	16	15	14	27	8	7	263.24	1		2.537051
35	146	7	0	35	0	22	24	9	6	462.57	0		42.142824
35	144	1	0	0	15	23	12	7	7	280.20	0		12.335128
35	145	2	0	16	15	21	27	8	7	263.24	1		2.537051


-------------------------------------------------------------------------------------------------------------------
Tour_Id:			10
No_of_Customers:		4
No_of_Items:			16
Customer_Sequence:		9 94 4 19 

CustId	Id	TypeId	Rotated	x	y	z	Length	Width	Height	mass	Fragility	LoadBearingStrength
19	74	6	0	0	0	0	16	9	14	561.88	0		8.266950
4	15	8	0	0	9	0	19	13	11	584.83	0		9.277177
19	72	1	0	0	0	14	12	7	7	280.20	0		12.335128
19	75	6	0	16	0	0	16	9	14	561.88	0		8.266950
4	14	8	0	0	9	11	19	13	11	584.83	0		9.277177
9	32	1	0	0	0	21	12	7	7	280.20	0		12.335128
4	11	6	0	19	9	0	16	9	14	561.88	0		8.266950
4	10	4	0	19	18	0	35	5	10	354.36	0		6.460569
4	12	7	0	0	9	22	24	9	6	462.57	0		42.142824
4	13	7	0	12	0	14	24	9	6	462.57	0		42.142824
94	376	1	0	35	9	0	12	7	7	280.20	0		12.335128
94	377	10	0	19	18	10	34	6	13	730.17	1		18.987722
9	33	3	1	47	0	0	15	10	9	168.04	0		8.638856
9	34	7	0	12	0	20	24	9	6	462.57	0		42.142824
9	31	1	0	35	9	7	12	7	7	280.20	0		12.335128
19	73	1	0	32	0	0	12	7	7	280.20	0		12.335128


-------------------------------------------------------------------------------------------------------------------
Tour_Id:			11
No_of_Customers:		4
No_of_Items:			18
Customer_Sequence:		86 32 28 55 

CustId	Id	TypeId	Rotated	x	y	z	Length	Width	Height	mass	Fragility	LoadBearingStrength
55	214	8	0	0	0	0	19	13	11	584.83	0		9.277177
55	213	5	0	0	0	11	22	13	8	643.93	0		7.647398
55	212	3	0	0	13	0	15	10	9	168.04	0		8.638856
55	215	9	0	0	0	19	27	7	7	251.27	0		10.082365
55	211	1	0	0	13	9	12	7	7	280.20	0		12.335128
28	114	3	0	15	13	0	15	10	9	168.04	0		8.638856
28	115	3	0	12	13	9	15	10	9	168.04	0		8.638856
28	111	1	0	0	13	16	12	7	7	280.20	0		12.335128
28	112	2	0	27	0	0	27	8	7	263.24	1		2.537051
28	113	2	0	27	0	7	27	8	7	263.24	1		2.537051
32	130	4	0	22	8	0	35	5	10	354.36	0		6.460569
32	129	3	0	12	13	18	15	10	9	168.04	0		8.638856
32	133	9	0	30	13	0	27	7	7	251.27	0		10.082365
32	131	7	0	30	13	7	24	9	6	462.57	0		42.142824
32	132	7	0	30	13	13	24	9	6	462.57	0		42.142824
32	128	1	0	0	13	23	12	7	7	280.20	0		12.335128
86	342	2	0	27	0	14	27	8	7	263.24	1		2.537051
86	343	2	0	27	0	21	27	8	7	263.24	1		2.537051


-------------------------------------------------------------------------------------------------------------------
Tour_Id:			12
No_of_Customers:		4
No_of_Items:			17
Customer_Sequence:		98 37 24 76 

CustId	Id	TypeId	Rotated	x	y	z	Length	Width	Height	mass	Fragility	LoadBearingStrength
76	302	5	0	0	0	0	22	13	8	643.93	0		7.647398
76	301	4	0	0	13	0	35	5	10	354.36	0		6.460569
24	90	5	0	0	0	8	22	13	8	643.93	0		7.647398
76	303	7	0	22	0	0	24	9	6	462.57	0		42.142824
76	300	3	0	35	13	0	15	10	9	168.04	0		8.638856
37	153	8	0	0	0	16	19	13	11	584.83	0		9.277177
24	92	9	0	22	0	6	27	7	7	251.27	0		10.082365
76	304	10	0	0	18	0	34	6	13	730.17	1		18.987722
24	93	10	0	0	18	13	34	6	13	730.17	1		18.987722
24	91	7	1	50	0	0	24	9	6	462.57	0		42.142824
37	151	4	0	0	13	10	35	5	10	354.36	0		6.460569
37	152	4	0	0	13	20	35	5	10	354.36	0		6.460569
37	150	2	0	22	0	13	27	8	7	263.24	1		2.537051
98	393	6	0	35	13	9	16	9	14	561.88	0		8.266950
98	394	6	1	51	0	6	16	9	14	561.88	0		8.266950
98	391	1	0	35	13	23	12	7	7	280.20	0		12.335128
98	392	2	0	19	0	20	27	8	7	263.24	1		2.537051


-------------------------------------------------------------------------------------------------------------------
Tour_Id:			13
No_of_Customers:		3
No_of_Items:			13
Customer_Sequence:		50 67 62 

CustId	Id	TypeId	Rotated	x	y	z	Length	Width	Height	mass	Fragility	LoadBearingStrength
62	245	5	0	0	0	0	22	13	8	643.93	0		7.647398
62	244	3	0	0	13	0	15	10	9	168.04	0		8.638856
62	246	9	0	0	0	8	27	7	7	251.27	0		10.082365
62	242	2	0	0	0	15	27	8	7	263.24	1		2.537051
62	243	2	0	0	0	22	27	8	7	263.24	1		2.537051
67	263	9	0	15	13	0	27	7	7	251.27	0		10.082365
67	262	6	0	0	13	9	16	9	14	561.88	0		8.266950
67	260	1	0	0	13	23	12	7	7	280.20	0		12.335128
67	261	2	0	16	13	7	27	8	7	263.24	1		2.537051
50	199	8	0	27	0	0	19	13	11	584.83	0		9.277177
50	197	5	0	27	0	11	22	13	8	643.93	0		7.647398
50	198	6	1	49	0	0	16	9	14	561.88	0		8.266950
50	196	3	0	27	0	19	15	10	9	168.04	0		8.638856


-------------------------------------------------------------------------------------------------------------------
Tour_Id:			14
No_of_Customers:		3
No_of_Items:			13
Customer_Sequence:		90 60 29 

CustId	Id	TypeId	Rotated	x	y	z	Length	Width	Height	mass	Fragility	LoadBearingStrength
29	117	5	0	0	0	0	22	13	8	643.93	0		7.647398
29	116	1	0	0	13	0	12	7	7	280.20	0		12.335128
90	357	6	0	0	0	8	16	9	14	561.88	0		8.266950
29	118	9	0	12	13	0	27	7	7	251.27	0		10.082365
60	236	9	0	0	13	7	27	7	7	251.27	0		10.082365
60	233	2	0	0	13	14	27	8	7	263.24	1		2.537051
60	234	4	0	0	20	0	35	5	10	354.36	0		6.460569
90	356	5	0	22	0	0	22	13	8	643.93	0		7.647398
60	235	6	0	39	13	0	16	9	14	561.88	0		8.266950
90	358	10	0	16	0	8	34	6	13	730.17	1		18.987722
90	359	10	0	16	6	8	34	6	13	730.17	1		18.987722
90	355	2	0	0	13	21	27	8	7	263.24	1		2.537051
90	354	2	0	16	0	21	27	8	7	263.24	1		2.537051


-------------------------------------------------------------------------------------------------------------------
Tour_Id:			15
No_of_Customers:		3
No_of_Items:			9
Customer_Sequence:		46 48 70 

CustId	Id	TypeId	Rotated	x	y	z	Length	Width	Height	mass	Fragility	LoadBearingStrength
70	274	6	0	0	0	0	16	9	14	561.88	0		8.266950
70	275	9	0	0	9	0	27	7	7	251.27	0		10.082365
48	191	5	0	27	0	0	22	13	8	643.93	0		7.647398
48	190	3	0	0	0	14	15	10	9	168.04	0		8.638856
48	192	10	0	0	16	0	34	6	13	730.17	1		18.987722
46	182	7	0	27	0	8	24	9	6	462.57	0		42.142824
46	183	7	0	27	0	14	24	9	6	462.57	0		42.142824
46	184	10	0	0	16	13	34	6	13	730.17	1		18.987722
46	181	2	0	27	0	20	27	8	7	263.24	1		2.537051


-------------------------------------------------------------------------------------------------------------------
Tour_Id:			16
No_of_Customers:		4
No_of_Items:			19
Customer_Sequence:		26 34 71 56 

CustId	Id	TypeId	Rotated	x	y	z	Length	Width	Height	mass	Fragility	LoadBearingStrength
56	218	6	0	0	0	0	16	9	14	561.88	0		8.266950
56	219	9	0	0	9	0	27	7	7	251.27	0		10.082365
71	277	2	0	0	16	0	27	8	7	263.24	1		2.537051
34	141	4	0	0	9	7	35	5	10	354.36	0		6.460569
71	276	2	0	0	14	7	27	8	7	263.24	1		2.537051
71	279	9	0	16	0	0	27	7	7	251.27	0		10.082365
71	278	3	0	27	14	0	15	10	9	168.04	0		8.638856
56	217	1	0	0	0	14	12	7	7	280.20	0		12.335128
34	142	5	1	43	0	0	22	13	8	643.93	0		7.647398
56	216	1	0	0	0	21	12	7	7	280.20	0		12.335128
34	143	9	0	16	0	7	27	7	7	251.27	0		10.082365
34	139	1	0	12	0	14	12	7	7	280.20	0		12.335128
34	140	1	0	12	0	21	12	7	7	280.20	0		12.335128
26	105	8	1	43	0	8	19	13	11	584.83	0		9.277177
26	102	3	0	27	14	9	15	10	9	168.04	0		8.638856
26	103	3	0	27	14	18	15	10	9	168.04	0		8.638856
26	104	3	0	43	0	19	15	10	9	168.04	0		8.638856
26	100	1	0	24	0	14	12	7	7	280.20	0		12.335128
26	101	2	0	0	14	14	27	8	7	263.24	1		2.537051


-------------------------------------------------------------------------------------------------------------------
Tour_Id:			17
No_of_Customers:		4
No_of_Items:			14
Customer_Sequence:		89 65 41 93 

CustId	Id	TypeId	Rotated	x	y	z	Length	Width	Height	mass	Fragility	LoadBearingStrength
93	373	9	0	0	0	0	27	7	7	251.27	0		10.082365
93	375	10	0	0	7	0	34	6	13	730.17	1		18.987722
93	371	6	0	0	13	0	16	9	14	561.88	0		8.266950
93	374	9	0	0	0	7	27	7	7	251.27	0		10.082365
93	372	7	0	0	0	14	24	9	6	462.57	0		42.142824
89	353	7	0	0	0	20	24	9	6	462.57	0		42.142824
41	167	3	0	0	13	14	15	10	9	168.04	0		8.638856
93	370	4	0	16	13	0	35	5	10	354.36	0		6.460569
65	255	8	0	34	0	0	19	13	11	584.83	0		9.277177
65	256	9	0	16	18	0	27	7	7	251.27	0		10.082365
41	166	1	0	0	13	23	12	7	7	280.20	0		12.335128
89	352	4	0	16	18	7	35	5	10	354.36	0		6.460569
89	351	3	0	34	0	11	15	10	9	168.04	0		8.638856
65	254	4	0	16	13	10	35	5	10	354.36	0		6.460569


-------------------------------------------------------------------------------------------------------------------
Tour_Id:			18
No_of_Customers:		3
No_of_Items:			13
Customer_Sequence:		59 30 80 

CustId	Id	TypeId	Rotated	x	y	z	Length	Width	Height	mass	Fragility	LoadBearingStrength
80	318	5	0	0	0	0	22	13	8	643.93	0		7.647398
80	319	5	0	0	0	8	22	13	8	643.93	0		7.647398
80	320	6	0	0	13	0	16	9	14	561.88	0		8.266950
80	321	9	0	0	0	16	27	7	7	251.27	0		10.082365
80	317	1	0	0	13	14	12	7	7	280.20	0		12.335128
30	121	8	0	27	0	0	19	13	11	584.83	0		9.277177
30	120	5	0	27	0	11	22	13	8	643.93	0		7.647398
30	119	4	0	16	13	0	35	5	10	354.36	0		6.460569
30	122	10	0	16	18	0	34	6	13	730.17	1		18.987722
59	230	5	0	27	0	19	22	13	8	643.93	0		7.647398
59	232	9	0	0	0	23	27	7	7	251.27	0		10.082365
59	231	7	1	51	0	0	24	9	6	462.57	0		42.142824
59	229	1	0	0	13	21	12	7	7	280.20	0		12.335128


-------------------------------------------------------------------------------------------------------------------
Tour_Id:			19
No_of_Customers:		3
No_of_Items:			12
Customer_Sequence:		6 58 91 

CustId	Id	TypeId	Rotated	x	y	z	Length	Width	Height	mass	Fragility	LoadBearingStrength
91	362	8	0	0	0	0	19	13	11	584.83	0		9.277177
91	363	8	0	0	0	11	19	13	11	584.83	0		9.277177
91	361	7	0	0	13	0	24	9	6	462.57	0		42.142824
91	360	1	0	0	13	6	12	7	7	280.20	0		12.335128
58	226	6	0	12	13	6	16	9	14	561.88	0		8.266950
58	225	3	0	12	13	20	15	10	9	168.04	0		8.638856
58	227	9	0	19	0	0	27	7	7	251.27	0		10.082365
58	228	9	0	19	0	7	27	7	7	251.27	0		10.082365
58	224	1	0	0	13	13	12	7	7	280.20	0		12.335128
6	22	5	0	0	0	22	22	13	8	643.93	0		7.647398
6	21	4	0	19	7	0	35	5	10	354.36	0		6.460569
6	20	2	0	19	0	14	27	8	7	263.24	1		2.537051


-------------------------------------------------------------------------------------------------------------------
Tour_Id:			20
No_of_Customers:		4
No_of_Items:			20
Customer_Sequence:		10 27 61 16 

CustId	Id	TypeId	Rotated	x	y	z	Length	Width	Height	mass	Fragility	LoadBearingStrength
16	59	3	0	0	0	0	15	10	9	168.04	0		8.638856
16	60	5	0	0	10	0	22	13	8	643.93	0		7.647398
16	62	8	0	0	10	8	19	13	11	584.83	0		9.277177
61	241	5	0	0	10	19	22	13	8	643.93	0		7.647398
16	58	2	0	15	0	0	27	8	7	263.24	1		2.537051
16	57	1	0	0	0	9	12	7	7	280.20	0		12.335128
61	238	1	0	0	0	16	12	7	7	280.20	0		12.335128
61	237	1	0	0	0	23	12	7	7	280.20	0		12.335128
16	61	7	0	22	10	0	24	9	6	462.57	0		42.142824
27	110	9	0	22	10	6	27	7	7	251.27	0		10.082365
61	240	2	0	15	0	7	27	8	7	263.24	1		2.537051
27	108	6	0	22	10	13	16	9	14	561.88	0		8.266950
27	109	6	0	42	0	0	16	9	14	561.88	0		8.266950
27	106	4	0	22	19	0	35	5	10	354.36	0		6.460569
27	107	4	0	22	19	10	35	5	10	354.36	0		6.460569
61	239	2	0	12	0	14	27	8	7	263.24	1		2.537051
10	38	6	0	42	0	14	16	9	14	561.88	0		8.266950
10	35	1	0	38	9	13	12	7	7	280.20	0		12.335128
10	36	1	0	38	9	20	12	7	7	280.20	0		12.335128
10	37	2	0	12	0	21	27	8	7	263.24	1		2.537051


-------------------------------------------------------------------------------------------------------------------
Tour_Id:			21
No_of_Customers:		3
No_of_Items:			14
Customer_Sequence:		87 18 40 

CustId	Id	TypeId	Rotated	x	y	z	Length	Width	Height	mass	Fragility	LoadBearingStrength
40	163	6	0	0	0	0	16	9	14	561.88	0		8.266950
40	164	6	0	0	9	0	16	9	14	561.88	0		8.266950
18	67	5	1	0	0	14	22	13	8	643.93	0		7.647398
40	165	10	0	0	18	0	34	6	13	730.17	1		18.987722
40	162	4	0	16	0	0	35	5	10	354.36	0		6.460569
18	68	5	1	0	0	22	22	13	8	643.93	0		7.647398
18	69	5	0	16	5	0	22	13	8	643.93	0		7.647398
18	71	9	0	16	5	8	27	7	7	251.27	0		10.082365
18	70	7	0	16	5	15	24	9	6	462.57	0		42.142824
18	66	2	0	16	5	21	27	8	7	263.24	1		2.537051
87	347	8	1	43	5	0	19	13	11	584.83	0		9.277177
87	346	6	0	43	5	11	16	9	14	561.88	0		8.266950
87	344	4	0	16	0	10	35	5	10	354.36	0		6.460569
87	345	4	0	13	0	20	35	5	10	354.36	0		6.460569


-------------------------------------------------------------------------------------------------------------------
Tour_Id:			22
No_of_Customers:		2
No_of_Items:			11
Customer_Sequence:		33 81 

CustId	Id	TypeId	Rotated	x	y	z	Length	Width	Height	mass	Fragility	LoadBearingStrength
81	326	8	0	0	0	0	19	13	11	584.83	0		9.277177
81	324	7	0	0	13	0	24	9	6	462.57	0		42.142824
81	322	5	0	0	0	11	22	13	8	643.93	0		7.647398
33	135	4	0	22	0	0	35	5	10	354.36	0		6.460569
81	327	8	0	0	0	19	19	13	11	584.83	0		9.277177
81	325	7	0	0	13	6	24	9	6	462.57	0		42.142824
81	323	5	0	24	5	0	22	13	8	643.93	0		7.647398
33	134	3	0	0	13	12	15	10	9	168.04	0		8.638856
33	137	9	0	24	18	0	27	7	7	251.27	0		10.082365
33	136	7	0	24	5	8	24	9	6	462.57	0		42.142824
33	138	10	0	24	18	7	34	6	13	730.17	1		18.987722


-------------------------------------------------------------------------------------------------------------------
Tour_Id:			23
No_of_Customers:		3
No_of_Items:			11
Customer_Sequence:		42 100 1 

CustId	Id	TypeId	Rotated	x	y	z	Length	Width	Height	mass	Fragility	LoadBearingStrength
1	2	9	0	0	0	0	27	7	7	251.27	0		10.082365
1	1	2	0	0	7	0	27	8	7	263.24	1		2.537051
100	397	5	0	27	0	0	22	13	8	643.93	0		7.647398
100	398	6	0	0	15	0	16	9	14	561.88	0		8.266950
100	399	9	0	0	0	7	27	7	7	251.27	0		10.082365
100	400	10	0	0	0	14	34	6	13	730.17	1		18.987722
42	171	8	0	34	0	8	19	13	11	584.83	0		9.277177
42	170	4	0	16	15	0	35	5	10	354.36	0		6.460569
42	169	3	0	0	15	14	15	10	9	168.04	0		8.638856
42	168	1	0	0	15	23	12	7	7	280.20	0		12.335128
42	172	10	0	16	15	10	34	6	13	730.17	1		18.987722


-------------------------------------------------------------------------------------------------------------------
Tour_Id:			24
No_of_Customers:		3
No_of_Items:			13
Customer_Sequence:		51 21 78 

CustId	Id	TypeId	Rotated	x	y	z	Length	Width	Height	mass	Fragility	LoadBearingStrength
78	309	5	0	0	0	0	22	13	8	643.93	0		7.647398
21	83	6	0	0	13	0	16	9	14	561.88	0		8.266950
78	310	5	0	0	0	8	22	13	8	643.93	0		7.647398
78	312	9	0	0	0	16	27	7	7	251.27	0		10.082365
78	311	8	0	22	0	0	19	13	11	584.83	0		9.277177
21	81	4	0	16	13	0	35	5	10	354.36	0		6.460569
21	80	4	0	16	18	0	35	5	10	354.36	0		6.460569
78	308	2	0	0	0	23	27	8	7	263.24	1		2.537051
21	82	4	0	16	13	10	35	5	10	354.36	0		6.460569
21	79	3	0	0	13	14	15	10	9	168.04	0		8.638856
51	200	6	0	27	0	11	16	9	14	561.88	0		8.266950
51	201	7	1	51	0	0	24	9	6	462.57	0		42.142824
51	202	10	0	16	18	10	34	6	13	730.17	1		18.987722


-------------------------------------------------------------------------------------------------------------------
Tour_Id:			25
No_of_Customers:		3
No_of_Items:			12
Customer_Sequence:		92 54 66 

CustId	Id	TypeId	Rotated	x	y	z	Length	Width	Height	mass	Fragility	LoadBearingStrength
66	259	10	0	0	0	0	34	6	13	730.17	1		18.987722
66	258	5	0	0	6	0	22	13	8	643.93	0		7.647398
66	257	3	0	0	6	8	15	10	9	168.04	0		8.638856
54	209	5	0	22	6	0	22	13	8	643.93	0		7.647398
54	208	1	0	0	6	17	12	7	7	280.20	0		12.335128
54	210	5	0	15	6	8	22	13	8	643.93	0		7.647398
92	365	4	0	0	19	0	35	5	10	354.36	0		6.460569
92	367	9	0	15	6	16	27	7	7	251.27	0		10.082365
92	368	10	0	0	19	10	34	6	13	730.17	1		18.987722
92	364	1	0	15	6	23	12	7	7	280.20	0		12.335128
92	366	6	0	44	0	0	16	9	14	561.88	0		8.266950
92	369	10	0	0	0	13	34	6	13	730.17	1		18.987722


-------------------------------------------------------------------------------------------------------------------
Tour_Id:			26
No_of_Customers:		4
No_of_Items:			13
Customer_Sequence:		82 23 15 83 

CustId	Id	TypeId	Rotated	x	y	z	Length	Width	Height	mass	Fragility	LoadBearingStrength
83	334	8	0	0	0	0	19	13	11	584.83	0		9.277177
15	53	6	0	0	13	0	16	9	14	561.88	0		8.266950
23	89	10	0	16	13	0	34	6	13	730.17	1		18.987722
83	332	4	0	19	0	0	35	5	10	354.36	0		6.460569
15	55	10	0	16	19	0	34	6	13	730.17	1		18.987722
15	54	10	0	16	19	13	34	6	13	730.17	1		18.987722
83	331	3	0	0	0	11	15	10	9	168.04	0		8.638856
15	56	10	0	19	5	0	34	6	13	730.17	1		18.987722
83	333	4	0	19	0	10	35	5	10	354.36	0		6.460569
23	88	2	0	19	5	13	27	8	7	263.24	1		2.537051
82	330	10	0	16	13	13	34	6	13	730.17	1		18.987722
82	328	2	0	0	0	20	27	8	7	263.24	1		2.537051
82	329	2	0	27	0	20	27	8	7	263.24	1		2.537051


-------------------------------------------------------------------------------------------------------------------
Tour_Id:			27
No_of_Customers:		4
No_of_Items:			14
Customer_Sequence:		38 85 68 73 

CustId	Id	TypeId	Rotated	x	y	z	Length	Width	Height	mass	Fragility	LoadBearingStrength
73	288	6	0	0	0	0	16	9	14	561.88	0		8.266950
73	287	4	0	0	9	0	35	5	10	354.36	0		6.460569
68	268	10	0	0	14	0	34	6	13	730.17	1		18.987722
73	286	1	0	0	0	14	12	7	7	280.20	0		12.335128
68	264	4	0	0	20	0	35	5	10	354.36	0		6.460569
73	289	7	0	16	0	0	24	9	6	462.57	0		42.142824
68	265	7	0	16	0	6	24	9	6	462.57	0		42.142824
68	266	9	0	16	0	12	27	7	7	251.27	0		10.082365
68	267	10	0	0	14	13	34	6	13	730.17	1		18.987722
73	285	1	0	0	0	21	12	7	7	280.20	0		12.335128
85	341	8	0	35	9	0	19	13	11	584.83	0		9.277177
85	340	2	0	16	0	19	27	8	7	263.24	1		2.537051
38	154	5	0	34	9	11	22	13	8	643.93	0		7.647398
38	155	6	0	43	0	0	16	9	14	561.88	0		8.266950


-------------------------------------------------------------------------------------------------------------------
Tour_Id:			28
No_of_Customers:		2
No_of_Items:			10
Customer_Sequence:		75 74 

CustId	Id	TypeId	Rotated	x	y	z	Length	Width	Height	mass	Fragility	LoadBearingStrength
74	295	8	0	0	0	0	19	13	11	584.83	0		9.277177
74	292	6	0	0	13	0	16	9	14	561.88	0		8.266950
74	293	6	0	0	0	11	16	9	14	561.88	0		8.266950
74	294	7	0	16	13	0	24	9	6	462.57	0		42.142824
74	290	1	0	0	13	14	12	7	7	280.20	0		12.335128
75	298	6	0	16	13	6	16	9	14	561.88	0		8.266950
74	291	2	0	19	0	0	27	8	7	263.24	1		2.537051
75	299	6	0	40	13	0	16	9	14	561.88	0		8.266950
75	297	4	0	19	8	0	35	5	10	354.36	0		6.460569
75	296	1	0	0	13	21	12	7	7	280.20	0		12.335128


-------------------------------------------------------------------------------------------------------------------
Tour_Id:			29
No_of_Customers:		4
No_of_Items:			13
Customer_Sequence:		31 52 49 36 

CustId	Id	TypeId	Rotated	x	y	z	Length	Width	Height	mass	Fragility	LoadBearingStrength
36	148	5	0	0	0	0	22	13	8	643.93	0		7.647398
36	149	5	0	0	0	8	22	13	8	643.93	0		7.647398
49	193	8	0	0	0	16	19	13	11	584.83	0		9.277177
36	147	4	0	0	13	0	35	5	10	354.36	0		6.460569
49	194	9	0	0	18	0	27	7	7	251.27	0		10.082365
49	195	10	0	0	18	7	34	6	13	730.17	1		18.987722
52	203	2	0	22	0	0	27	8	7	263.24	1		2.537051
52	204	10	0	22	0	7	34	6	13	730.17	1		18.987722
31	127	7	0	35	13	0	24	9	6	462.57	0		42.142824
31	125	3	0	35	13	6	15	10	9	168.04	0		8.638856
31	126	4	0	0	13	10	35	5	10	354.36	0		6.460569
31	123	1	0	35	13	15	12	7	7	280.20	0		12.335128
31	124	2	0	0	13	20	27	8	7	263.24	1		2.537051


