Name:				580_n100_m400_bt10
Problem:			3L-VRPTW
Number_of_used_Vehicles:	37
Total_Travel_Distance:		2768.65
Calculation_Time:		3600.00
Total_Iterations:		3762
ConstraintSet:			P1

-------------------------------------------------------------------------------------------------------------------
Tour_Id:			1
No_of_Customers:		3
No_of_Items:			13
Customer_Sequence:		73 15 10 

CustId	Id	TypeId	Rotated	x	y	z	Length	Width	Height	mass	Fragility	LoadBearingStrength
10	39	6	0	0	0	0	18	7	14	331	0		4.997191
10	41	9	0	0	7	0	21	9	14	548.21	0		20.642175
10	40	6	0	0	16	0	18	7	14	331	0		4.997191
73	280	9	0	0	0	14	21	9	14	548.21	0		20.642175
15	60	3	0	0	9	14	21	14	9	662.13	0		16.178183
15	61	7	0	0	9	23	27	12	7	233.57	0		22.680688
73	279	4	0	27	0	0	33	12	6	373.04	0		8.417304
15	62	8	0	27	12	0	22	11	6	211.30	0		3.891882
10	42	10	1	21	0	0	22	6	12	271.75	1		3.874604
15	59	2	0	27	12	6	26	12	8	657.50	0		37.068200
73	278	2	0	27	0	6	26	12	8	657.50	0		37.068200
73	281	9	0	27	0	14	21	9	14	548.21	0		20.642175
73	277	1	0	27	9	14	27	14	13	1274.91	1		2.738946


-------------------------------------------------------------------------------------------------------------------
Tour_Id:			2
No_of_Customers:		2
No_of_Items:			10
Customer_Sequence:		8 79 

CustId	Id	TypeId	Rotated	x	y	z	Length	Width	Height	mass	Fragility	LoadBearingStrength
79	304	2	0	0	0	0	26	12	8	657.50	0		37.068200
79	305	3	0	0	0	8	21	14	9	662.13	0		16.178183
79	306	4	0	0	12	0	33	12	6	373.04	0		8.417304
79	303	1	0	0	0	17	27	14	13	1274.91	1		2.738946
8	34	9	0	0	14	6	21	9	14	548.21	0		20.642175
8	32	2	0	33	0	0	26	12	8	657.50	0		37.068200
8	31	2	0	33	12	0	26	12	8	657.50	0		37.068200
8	33	3	0	33	0	8	21	14	9	662.13	0		16.178183
8	30	1	0	27	0	17	27	14	13	1274.91	1		2.738946
8	35	10	0	33	14	8	22	6	12	271.75	1		3.874604


-------------------------------------------------------------------------------------------------------------------
Tour_Id:			3
No_of_Customers:		3
No_of_Items:			10
Customer_Sequence:		63 84 43 

CustId	Id	TypeId	Rotated	x	y	z	Length	Width	Height	mass	Fragility	LoadBearingStrength
43	169	5	0	0	0	0	32	14	8	712.46	0		12.268543
43	170	10	0	0	14	0	22	6	12	271.75	1		3.874604
84	332	5	0	0	0	8	32	14	8	712.46	0		12.268543
84	334	9	0	0	0	16	21	9	14	548.21	0		20.642175
84	330	2	0	32	0	0	26	12	8	657.50	0		37.068200
84	331	2	0	32	12	0	26	12	8	657.50	0		37.068200
84	333	6	1	21	0	16	18	7	14	331	0		4.997191
63	239	3	0	32	0	8	21	14	9	662.13	0		16.178183
63	238	2	0	28	0	17	26	12	8	657.50	0		37.068200
63	240	6	0	28	14	8	18	7	14	331	0		4.997191


-------------------------------------------------------------------------------------------------------------------
Tour_Id:			4
No_of_Customers:		2
No_of_Items:			12
Customer_Sequence:		27 13 

CustId	Id	TypeId	Rotated	x	y	z	Length	Width	Height	mass	Fragility	LoadBearingStrength
13	52	1	0	0	0	0	27	14	13	1274.91	1		2.738946
13	54	5	0	27	0	0	32	14	8	712.46	0		12.268543
13	51	1	0	0	0	13	27	14	13	1274.91	1		2.738946
13	53	3	0	27	0	8	21	14	9	662.13	0		16.178183
13	56	9	0	0	14	0	21	9	14	548.21	0		20.642175
13	55	7	0	27	0	17	27	12	7	233.57	0		22.680688
27	108	8	0	0	14	14	22	11	6	211.30	0		3.891882
27	110	9	0	21	14	0	21	9	14	548.21	0		20.642175
27	106	6	0	22	14	14	18	7	14	331	0		4.997191
27	107	6	0	42	14	0	18	7	14	331	0		4.997191
27	105	4	0	27	0	24	33	12	6	373.04	0		8.417304
27	109	8	0	0	14	20	22	11	6	211.30	0		3.891882


-------------------------------------------------------------------------------------------------------------------
Tour_Id:			5
No_of_Customers:		3
No_of_Items:			13
Customer_Sequence:		86 19 22 

CustId	Id	TypeId	Rotated	x	y	z	Length	Width	Height	mass	Fragility	LoadBearingStrength
22	87	3	0	0	0	0	21	14	9	662.13	0		16.178183
22	89	6	0	0	14	0	18	7	14	331	0		4.997191
22	90	6	0	0	0	9	18	7	14	331	0		4.997191
22	91	7	0	21	0	0	27	12	7	233.57	0		22.680688
22	88	4	0	21	12	0	33	12	6	373.04	0		8.417304
19	75	2	0	21	12	6	26	12	8	657.50	0		37.068200
19	78	6	0	0	7	9	18	7	14	331	0		4.997191
19	77	6	0	0	14	14	18	7	14	331	0		4.997191
19	76	2	0	21	0	7	26	12	8	657.50	0		37.068200
19	79	8	0	0	0	23	22	11	6	211.30	0		3.891882
86	339	6	0	18	14	14	18	7	14	331	0		4.997191
86	338	1	0	22	0	15	27	14	13	1274.91	1		2.738946
86	340	10	1	54	0	0	22	6	12	271.75	1		3.874604


-------------------------------------------------------------------------------------------------------------------
Tour_Id:			6
No_of_Customers:		2
No_of_Items:			12
Customer_Sequence:		83 44 

CustId	Id	TypeId	Rotated	x	y	z	Length	Width	Height	mass	Fragility	LoadBearingStrength
44	172	3	0	0	0	0	21	14	9	662.13	0		16.178183
44	174	5	0	21	0	0	32	14	8	712.46	0		12.268543
44	176	9	0	0	14	0	21	9	14	548.21	0		20.642175
44	171	2	0	0	0	9	26	12	8	657.50	0		37.068200
44	173	5	0	26	0	8	32	14	8	712.46	0		12.268543
83	325	4	0	0	0	17	33	12	6	373.04	0		8.417304
83	327	7	0	0	0	23	27	12	7	233.57	0		22.680688
44	175	8	0	0	14	14	22	11	6	211.30	0		3.891882
83	324	1	0	33	0	16	27	14	13	1274.91	1		2.738946
83	328	8	0	0	12	20	22	11	6	211.30	0		3.891882
83	329	8	0	22	14	0	22	11	6	211.30	0		3.891882
83	326	6	0	22	14	6	18	7	14	331	0		4.997191


-------------------------------------------------------------------------------------------------------------------
Tour_Id:			7
No_of_Customers:		2
No_of_Items:			11
Customer_Sequence:		30 96 

CustId	Id	TypeId	Rotated	x	y	z	Length	Width	Height	mass	Fragility	LoadBearingStrength
96	381	9	0	0	0	0	21	9	14	548.21	0		20.642175
96	379	2	0	0	9	0	26	12	8	657.50	0		37.068200
30	119	4	0	0	9	8	33	12	6	373.04	0		8.417304
96	380	4	0	26	0	0	33	12	6	373.04	0		8.417304
96	383	10	0	0	0	14	22	6	12	271.75	1		3.874604
30	122	5	0	0	6	14	32	14	8	712.46	0		12.268543
96	382	10	0	22	0	6	22	6	12	271.75	1		3.874604
30	120	4	0	0	6	22	33	12	6	373.04	0		8.417304
30	121	4	0	26	12	0	33	12	6	373.04	0		8.417304
30	123	7	0	33	6	6	27	12	7	233.57	0		22.680688
30	118	1	0	33	6	13	27	14	13	1274.91	1		2.738946


-------------------------------------------------------------------------------------------------------------------
Tour_Id:			8
No_of_Customers:		2
No_of_Items:			12
Customer_Sequence:		80 3 

CustId	Id	TypeId	Rotated	x	y	z	Length	Width	Height	mass	Fragility	LoadBearingStrength
3	9	5	0	0	0	0	32	14	8	712.46	0		12.268543
3	12	7	0	0	0	8	27	12	7	233.57	0		22.680688
3	8	3	0	0	0	15	21	14	9	662.13	0		16.178183
80	307	2	0	32	0	0	26	12	8	657.50	0		37.068200
3	13	9	0	0	14	0	21	9	14	548.21	0		20.642175
80	312	9	0	0	14	14	21	9	14	548.21	0		20.642175
80	308	5	0	27	0	8	32	14	8	712.46	0		12.268543
80	309	5	0	21	0	16	32	14	8	712.46	0		12.268543
3	11	6	0	21	14	0	18	7	14	331	0		4.997191
3	10	6	0	39	14	0	18	7	14	331	0		4.997191
80	310	6	0	21	14	14	18	7	14	331	0		4.997191
80	311	8	0	0	0	24	22	11	6	211.30	0		3.891882


-------------------------------------------------------------------------------------------------------------------
Tour_Id:			9
No_of_Customers:		3
No_of_Items:			10
Customer_Sequence:		74 40 21 

CustId	Id	TypeId	Rotated	x	y	z	Length	Width	Height	mass	Fragility	LoadBearingStrength
21	85	3	0	0	0	0	21	14	9	662.13	0		16.178183
21	84	1	0	0	0	9	27	14	13	1274.91	1		2.738946
21	86	10	0	0	14	0	22	6	12	271.75	1		3.874604
40	158	5	0	27	0	0	32	14	8	712.46	0		12.268543
40	157	4	0	27	0	8	33	12	6	373.04	0		8.417304
40	159	10	0	0	14	12	22	6	12	271.75	1		3.874604
74	285	9	0	22	14	0	21	9	14	548.21	0		20.642175
74	282	2	0	27	0	14	26	12	8	657.50	0		37.068200
74	283	2	0	27	0	22	26	12	8	657.50	0		37.068200
74	284	6	0	22	14	14	18	7	14	331	0		4.997191


-------------------------------------------------------------------------------------------------------------------
Tour_Id:			10
No_of_Customers:		1
No_of_Items:			0
Customer_Sequence:		48 

-------------------------------------------------------------------------------------------------------------------
Tour_Id:			11
No_of_Customers:		2
No_of_Items:			11
Customer_Sequence:		94 35 

CustId	Id	TypeId	Rotated	x	y	z	Length	Width	Height	mass	Fragility	LoadBearingStrength
35	138	5	0	0	0	0	32	14	8	712.46	0		12.268543
35	137	3	0	0	0	8	21	14	9	662.13	0		16.178183
35	140	9	0	0	14	0	21	9	14	548.21	0		20.642175
35	139	6	0	0	14	14	18	7	14	331	0		4.997191
35	141	9	0	21	14	0	21	9	14	548.21	0		20.642175
94	373	3	0	0	0	17	21	14	9	662.13	0		16.178183
94	372	3	0	32	0	0	21	14	9	662.13	0		16.178183
35	142	10	0	18	14	14	22	6	12	271.75	1		3.874604
94	371	2	0	32	0	9	26	12	8	657.50	0		37.068200
94	375	7	0	32	0	17	27	12	7	233.57	0		22.680688
94	374	6	0	42	14	0	18	7	14	331	0		4.997191


-------------------------------------------------------------------------------------------------------------------
Tour_Id:			12
No_of_Customers:		4
No_of_Items:			12
Customer_Sequence:		5 62 24 57 

CustId	Id	TypeId	Rotated	x	y	z	Length	Width	Height	mass	Fragility	LoadBearingStrength
57	220	5	0	0	0	0	32	14	8	712.46	0		12.268543
24	96	3	0	0	0	8	21	14	9	662.13	0		16.178183
57	219	2	0	32	0	0	26	12	8	657.50	0		37.068200
24	97	6	0	0	14	0	18	7	14	331	0		4.997191
24	95	1	0	0	0	17	27	14	13	1274.91	1		2.738946
62	237	9	0	18	14	0	21	9	14	548.21	0		20.642175
62	235	4	0	27	0	8	33	12	6	373.04	0		8.417304
62	236	6	0	0	14	14	18	7	14	331	0		4.997191
5	20	7	0	27	0	14	27	12	7	233.57	0		22.680688
5	17	6	0	18	14	14	18	7	14	331	0		4.997191
5	18	6	0	39	12	0	18	7	14	331	0		4.997191
5	19	6	0	36	12	14	18	7	14	331	0		4.997191


-------------------------------------------------------------------------------------------------------------------
Tour_Id:			13
No_of_Customers:		3
No_of_Items:			9
Customer_Sequence:		17 23 85 

CustId	Id	TypeId	Rotated	x	y	z	Length	Width	Height	mass	Fragility	LoadBearingStrength
23	94	10	0	0	0	0	22	6	12	271.75	1		3.874604
85	337	7	0	0	6	0	27	12	7	233.57	0		22.680688
85	336	7	0	0	6	7	27	12	7	233.57	0		22.680688
23	93	7	0	0	6	14	27	12	7	233.57	0		22.680688
23	92	1	0	27	0	0	27	14	13	1274.91	1		2.738946
85	335	6	0	0	18	0	18	7	14	331	0		4.997191
17	67	3	0	0	6	21	21	14	9	662.13	0		16.178183
17	68	9	0	27	14	0	21	9	14	548.21	0		20.642175
17	66	1	0	27	0	13	27	14	13	1274.91	1		2.738946


-------------------------------------------------------------------------------------------------------------------
Tour_Id:			14
No_of_Customers:		3
No_of_Items:			10
Customer_Sequence:		38 88 56 

CustId	Id	TypeId	Rotated	x	y	z	Length	Width	Height	mass	Fragility	LoadBearingStrength
56	217	1	0	0	0	0	27	14	13	1274.91	1		2.738946
56	218	6	0	0	14	0	18	7	14	331	0		4.997191
88	349	5	0	27	0	0	32	14	8	712.46	0		12.268543
88	348	2	0	27	0	8	26	12	8	657.50	0		37.068200
88	350	6	0	0	14	14	18	7	14	331	0		4.997191
38	149	4	0	27	0	16	33	12	6	373.04	0		8.417304
88	347	1	0	0	0	13	27	14	13	1274.91	1		2.738946
38	150	6	0	18	14	0	18	7	14	331	0		4.997191
38	151	6	0	18	14	14	18	7	14	331	0		4.997191
38	152	6	0	36	14	0	18	7	14	331	0		4.997191


-------------------------------------------------------------------------------------------------------------------
Tour_Id:			15
No_of_Customers:		3
No_of_Items:			13
Customer_Sequence:		28 81 47 

CustId	Id	TypeId	Rotated	x	y	z	Length	Width	Height	mass	Fragility	LoadBearingStrength
47	185	5	0	0	0	0	32	14	8	712.46	0		12.268543
47	184	3	0	0	0	8	21	14	9	662.13	0		16.178183
47	187	9	0	0	14	0	21	9	14	548.21	0		20.642175
47	186	6	0	0	14	14	18	7	14	331	0		4.997191
81	314	3	0	0	0	17	21	14	9	662.13	0		16.178183
81	315	7	0	32	0	0	27	12	7	233.57	0		22.680688
28	112	7	0	32	12	0	27	12	7	233.57	0		22.680688
81	316	7	0	32	0	7	27	12	7	233.57	0		22.680688
81	317	8	0	32	0	14	22	11	6	211.30	0		3.891882
81	313	2	0	32	0	20	26	12	8	657.50	0		37.068200
28	113	7	0	32	12	7	27	12	7	233.57	0		22.680688
28	111	6	0	32	12	14	18	7	14	331	0		4.997191
28	114	10	0	32	19	14	22	6	12	271.75	1		3.874604


-------------------------------------------------------------------------------------------------------------------
Tour_Id:			16
No_of_Customers:		3
No_of_Items:			14
Customer_Sequence:		76 95 69 

CustId	Id	TypeId	Rotated	x	y	z	Length	Width	Height	mass	Fragility	LoadBearingStrength
69	259	3	0	0	0	0	21	14	9	662.13	0		16.178183
69	264	9	0	0	14	0	21	9	14	548.21	0		20.642175
69	261	6	0	0	0	9	18	7	14	331	0		4.997191
69	263	7	0	21	0	0	27	12	7	233.57	0		22.680688
69	260	4	0	21	12	0	33	12	6	373.04	0		8.417304
69	262	6	0	0	7	9	18	7	14	331	0		4.997191
95	377	8	0	0	14	14	22	11	6	211.30	0		3.891882
95	376	7	0	21	12	6	27	12	7	233.57	0		22.680688
95	378	8	0	0	14	20	22	11	6	211.30	0		3.891882
76	291	4	0	21	0	7	33	12	6	373.04	0		8.417304
76	292	8	0	0	0	23	22	11	6	211.30	0		3.891882
76	290	1	0	22	0	13	27	14	13	1274.91	1		2.738946
76	293	10	0	22	14	13	22	6	12	271.75	1		3.874604
76	294	10	1	54	0	0	22	6	12	271.75	1		3.874604


-------------------------------------------------------------------------------------------------------------------
Tour_Id:			17
No_of_Customers:		2
No_of_Items:			9
Customer_Sequence:		55 6 

CustId	Id	TypeId	Rotated	x	y	z	Length	Width	Height	mass	Fragility	LoadBearingStrength
6	22	5	0	0	0	0	32	14	8	712.46	0		12.268543
6	23	5	0	0	0	8	32	14	8	712.46	0		12.268543
6	21	1	0	0	0	16	27	14	13	1274.91	1		2.738946
6	25	7	0	32	0	0	27	12	7	233.57	0		22.680688
6	26	8	0	0	14	0	22	11	6	211.30	0		3.891882
6	24	7	0	32	12	0	27	12	7	233.57	0		22.680688
55	214	3	0	32	0	7	21	14	9	662.13	0		16.178183
55	216	7	0	27	0	16	27	12	7	233.57	0		22.680688
55	215	6	0	32	14	7	18	7	14	331	0		4.997191


-------------------------------------------------------------------------------------------------------------------
Tour_Id:			18
No_of_Customers:		4
No_of_Items:			16
Customer_Sequence:		77 89 68 97 

CustId	Id	TypeId	Rotated	x	y	z	Length	Width	Height	mass	Fragility	LoadBearingStrength
97	385	2	0	0	0	0	26	12	8	657.50	0		37.068200
97	388	9	0	0	12	0	21	9	14	548.21	0		20.642175
97	384	2	0	0	0	8	26	12	8	657.50	0		37.068200
97	387	9	0	0	12	14	21	9	14	548.21	0		20.642175
97	386	7	0	0	0	16	27	12	7	233.57	0		22.680688
97	389	10	0	21	12	0	22	6	12	271.75	1		3.874604
68	255	2	0	27	0	0	26	12	8	657.50	0		37.068200
68	257	7	0	0	0	23	27	12	7	233.57	0		22.680688
68	258	7	0	27	0	8	27	12	7	233.57	0		22.680688
68	256	6	0	21	18	0	18	7	14	331	0		4.997191
89	351	6	0	21	18	14	18	7	14	331	0		4.997191
89	352	7	0	27	0	15	27	12	7	233.57	0		22.680688
89	353	10	0	21	12	12	22	6	12	271.75	1		3.874604
77	295	4	0	27	0	22	33	12	6	373.04	0		8.417304
77	296	6	0	39	18	0	18	7	14	331	0		4.997191
77	297	6	0	39	18	14	18	7	14	331	0		4.997191


-------------------------------------------------------------------------------------------------------------------
Tour_Id:			19
No_of_Customers:		2
No_of_Items:			10
Customer_Sequence:		82 42 

CustId	Id	TypeId	Rotated	x	y	z	Length	Width	Height	mass	Fragility	LoadBearingStrength
42	167	9	0	0	0	0	21	9	14	548.21	0		20.642175
42	165	6	0	0	9	0	18	7	14	331	0		4.997191
42	166	8	0	0	0	14	22	11	6	211.30	0		3.891882
42	168	10	0	0	16	0	22	6	12	271.75	1		3.874604
82	319	5	0	22	0	0	32	14	8	712.46	0		12.268543
82	318	4	0	22	0	8	33	12	6	373.04	0		8.417304
82	320	7	0	22	0	14	27	12	7	233.57	0		22.680688
82	321	7	0	22	0	21	27	12	7	233.57	0		22.680688
82	322	8	0	0	0	20	22	11	6	211.30	0		3.891882
82	323	10	0	0	16	12	22	6	12	271.75	1		3.874604


-------------------------------------------------------------------------------------------------------------------
Tour_Id:			20
No_of_Customers:		3
No_of_Items:			10
Customer_Sequence:		20 16 29 

CustId	Id	TypeId	Rotated	x	y	z	Length	Width	Height	mass	Fragility	LoadBearingStrength
29	116	7	0	0	0	0	27	12	7	233.57	0		22.680688
16	65	10	0	0	12	0	22	6	12	271.75	1		3.874604
29	115	4	0	0	0	7	33	12	6	373.04	0		8.417304
16	64	5	0	0	0	13	32	14	8	712.46	0		12.268543
16	63	1	0	33	0	0	27	14	13	1274.91	1		2.738946
29	117	10	0	0	18	0	22	6	12	271.75	1		3.874604
20	80	4	0	0	0	21	33	12	6	373.04	0		8.417304
20	81	6	0	22	14	0	18	7	14	331	0		4.997191
20	82	6	0	22	14	14	18	7	14	331	0		4.997191
20	83	10	0	0	18	12	22	6	12	271.75	1		3.874604


-------------------------------------------------------------------------------------------------------------------
Tour_Id:			21
No_of_Customers:		2
No_of_Items:			9
Customer_Sequence:		75 53 

CustId	Id	TypeId	Rotated	x	y	z	Length	Width	Height	mass	Fragility	LoadBearingStrength
53	207	3	0	0	0	0	21	14	9	662.13	0		16.178183
53	206	1	0	0	0	9	27	14	13	1274.91	1		2.738946
53	208	3	0	21	0	0	21	14	9	662.13	0		16.178183
75	287	3	1	42	0	0	21	14	9	662.13	0		16.178183
53	210	9	0	0	14	0	21	9	14	548.21	0		20.642175
75	288	5	0	27	0	9	32	14	8	712.46	0		12.268543
53	209	6	0	0	14	14	18	7	14	331	0		4.997191
75	289	9	0	21	14	0	21	9	14	548.21	0		20.642175
75	286	1	0	27	0	17	27	14	13	1274.91	1		2.738946


-------------------------------------------------------------------------------------------------------------------
Tour_Id:			22
No_of_Customers:		3
No_of_Items:			12
Customer_Sequence:		12 100 26 

CustId	Id	TypeId	Rotated	x	y	z	Length	Width	Height	mass	Fragility	LoadBearingStrength
26	102	2	0	0	0	0	26	12	8	657.50	0		37.068200
100	398	2	0	0	12	0	26	12	8	657.50	0		37.068200
26	104	4	0	0	0	8	33	12	6	373.04	0		8.417304
12	47	5	0	0	0	14	32	14	8	712.46	0		12.268543
26	103	2	0	26	0	0	26	12	8	657.50	0		37.068200
100	399	4	0	0	12	8	33	12	6	373.04	0		8.417304
100	400	7	0	26	12	0	27	12	7	233.57	0		22.680688
12	46	3	0	33	0	8	21	14	9	662.13	0		16.178183
12	50	10	0	0	14	14	22	6	12	271.75	1		3.874604
12	45	1	0	32	0	17	27	14	13	1274.91	1		2.738946
12	49	10	0	33	14	7	22	6	12	271.75	1		3.874604
12	48	8	0	0	0	22	22	11	6	211.30	0		3.891882


-------------------------------------------------------------------------------------------------------------------
Tour_Id:			23
No_of_Customers:		2
No_of_Items:			7
Customer_Sequence:		64 14 

CustId	Id	TypeId	Rotated	x	y	z	Length	Width	Height	mass	Fragility	LoadBearingStrength
14	57	5	0	0	0	0	32	14	8	712.46	0		12.268543
64	244	5	0	0	0	8	32	14	8	712.46	0		12.268543
64	243	4	0	0	0	16	33	12	6	373.04	0		8.417304
14	58	9	0	0	14	0	21	9	14	548.21	0		20.642175
64	242	4	0	0	0	22	33	12	6	373.04	0		8.417304
64	245	7	0	32	0	0	27	12	7	233.57	0		22.680688
64	241	2	0	32	12	0	26	12	8	657.50	0		37.068200


-------------------------------------------------------------------------------------------------------------------
Tour_Id:			24
No_of_Customers:		3
No_of_Items:			12
Customer_Sequence:		7 60 45 

CustId	Id	TypeId	Rotated	x	y	z	Length	Width	Height	mass	Fragility	LoadBearingStrength
45	178	5	0	0	0	0	32	14	8	712.46	0		12.268543
45	177	4	0	0	0	8	33	12	6	373.04	0		8.417304
45	179	8	0	0	14	0	22	11	6	211.30	0		3.891882
45	180	10	0	0	14	6	22	6	12	271.75	1		3.874604
60	228	7	0	0	0	14	27	12	7	233.57	0		22.680688
60	230	9	0	22	14	0	21	9	14	548.21	0		20.642175
60	227	4	0	0	0	21	33	12	6	373.04	0		8.417304
60	229	9	0	22	12	14	21	9	14	548.21	0		20.642175
60	231	10	0	0	14	18	22	6	12	271.75	1		3.874604
7	28	9	0	33	0	0	21	9	14	548.21	0		20.642175
7	27	8	0	33	0	14	22	11	6	211.30	0		3.891882
7	29	10	1	54	0	0	22	6	12	271.75	1		3.874604


-------------------------------------------------------------------------------------------------------------------
Tour_Id:			25
No_of_Customers:		5
No_of_Items:			13
Customer_Sequence:		61 65 2 93 50 

CustId	Id	TypeId	Rotated	x	y	z	Length	Width	Height	mass	Fragility	LoadBearingStrength
50	197	9	0	0	0	0	21	9	14	548.21	0		20.642175
50	196	6	0	0	9	0	18	7	14	331	0		4.997191
50	195	3	0	0	0	14	21	14	9	662.13	0		16.178183
93	369	4	0	21	0	0	33	12	6	373.04	0		8.417304
93	370	8	0	0	0	23	22	11	6	211.30	0		3.891882
2	5	5	0	22	0	6	32	14	8	712.46	0		12.268543
2	7	9	0	0	16	0	21	9	14	548.21	0		20.642175
2	6	8	0	0	14	14	22	11	6	211.30	0		3.891882
65	246	6	0	22	14	0	18	7	14	331	0		4.997191
65	247	8	0	0	14	20	22	11	6	211.30	0		3.891882
61	232	4	0	22	0	14	33	12	6	373.04	0		8.417304
61	233	6	0	22	12	14	18	7	14	331	0		4.997191
61	234	6	0	40	14	0	18	7	14	331	0		4.997191


-------------------------------------------------------------------------------------------------------------------
Tour_Id:			26
No_of_Customers:		3
No_of_Items:			13
Customer_Sequence:		66 72 51 

CustId	Id	TypeId	Rotated	x	y	z	Length	Width	Height	mass	Fragility	LoadBearingStrength
51	201	7	0	0	0	0	27	12	7	233.57	0		22.680688
51	198	2	0	0	12	0	26	12	8	657.50	0		37.068200
51	200	7	0	0	0	7	27	12	7	233.57	0		22.680688
51	199	5	0	27	0	0	32	14	8	712.46	0		12.268543
72	273	5	0	27	0	8	32	14	8	712.46	0		12.268543
72	272	2	0	0	12	8	26	12	8	657.50	0		37.068200
72	275	7	0	0	0	14	27	12	7	233.57	0		22.680688
72	274	6	0	0	12	16	18	7	14	331	0		4.997191
72	276	10	0	0	19	16	22	6	12	271.75	1		3.874604
66	251	9	0	26	14	0	21	9	14	548.21	0		20.642175
66	248	2	0	0	0	21	26	12	8	657.50	0		37.068200
66	250	7	0	27	0	16	27	12	7	233.57	0		22.680688
66	249	6	0	26	14	14	18	7	14	331	0		4.997191


-------------------------------------------------------------------------------------------------------------------
Tour_Id:			27
No_of_Customers:		3
No_of_Items:			11
Customer_Sequence:		49 37 33 

CustId	Id	TypeId	Rotated	x	y	z	Length	Width	Height	mass	Fragility	LoadBearingStrength
33	131	2	0	0	0	0	26	12	8	657.50	0		37.068200
33	132	2	0	0	12	0	26	12	8	657.50	0		37.068200
33	133	2	0	0	0	8	26	12	8	657.50	0		37.068200
37	145	2	0	0	12	8	26	12	8	657.50	0		37.068200
37	147	9	0	0	0	16	21	9	14	548.21	0		20.642175
37	146	6	0	0	9	16	18	7	14	331	0		4.997191
37	148	10	0	0	16	16	22	6	12	271.75	1		3.874604
49	193	5	0	26	0	0	32	14	8	712.46	0		12.268543
49	192	4	0	26	0	8	33	12	6	373.04	0		8.417304
49	191	1	0	26	0	14	27	14	13	1274.91	1		2.738946
49	194	10	0	26	14	0	22	6	12	271.75	1		3.874604


-------------------------------------------------------------------------------------------------------------------
Tour_Id:			28
No_of_Customers:		3
No_of_Items:			12
Customer_Sequence:		87 11 52 

CustId	Id	TypeId	Rotated	x	y	z	Length	Width	Height	mass	Fragility	LoadBearingStrength
52	204	6	0	0	0	0	18	7	14	331	0		4.997191
87	346	10	0	0	7	0	22	6	12	271.75	1		3.874604
52	205	7	0	0	13	0	27	12	7	233.57	0		22.680688
52	202	4	0	0	13	7	33	12	6	373.04	0		8.417304
52	203	4	0	0	13	13	33	12	6	373.04	0		8.417304
11	44	6	0	0	0	14	18	7	14	331	0		4.997191
87	341	3	0	33	0	0	21	14	9	662.13	0		16.178183
87	344	9	0	33	14	0	21	9	14	548.21	0		20.642175
87	342	6	0	33	0	9	18	7	14	331	0		4.997191
87	345	9	0	33	14	14	21	9	14	548.21	0		20.642175
87	343	6	0	33	7	9	18	7	14	331	0		4.997191
11	43	4	0	0	13	19	33	12	6	373.04	0		8.417304


-------------------------------------------------------------------------------------------------------------------
Tour_Id:			29
No_of_Customers:		2
No_of_Items:			9
Customer_Sequence:		18 4 

CustId	Id	TypeId	Rotated	x	y	z	Length	Width	Height	mass	Fragility	LoadBearingStrength
4	16	9	0	0	0	0	21	9	14	548.21	0		20.642175
4	15	7	0	0	9	0	27	12	7	233.57	0		22.680688
4	14	6	0	0	9	7	18	7	14	331	0		4.997191
18	70	4	0	27	0	0	33	12	6	373.04	0		8.417304
18	71	4	0	27	12	0	33	12	6	373.04	0		8.417304
18	72	6	0	0	0	14	18	7	14	331	0		4.997191
18	73	8	0	27	0	6	22	11	6	211.30	0		3.891882
18	69	1	0	27	11	6	27	14	13	1274.91	1		2.738946
18	74	10	0	0	16	7	22	6	12	271.75	1		3.874604


-------------------------------------------------------------------------------------------------------------------
Tour_Id:			30
No_of_Customers:		3
No_of_Items:			10
Customer_Sequence:		91 31 32 

CustId	Id	TypeId	Rotated	x	y	z	Length	Width	Height	mass	Fragility	LoadBearingStrength
32	128	1	0	0	0	0	27	14	13	1274.91	1		2.738946
31	125	7	0	27	0	0	27	12	7	233.57	0		22.680688
31	124	2	0	27	12	0	26	12	8	657.50	0		37.068200
91	362	7	0	27	0	7	27	12	7	233.57	0		22.680688
32	129	10	0	0	14	0	22	6	12	271.75	1		3.874604
32	130	10	0	0	14	12	22	6	12	271.75	1		3.874604
31	126	8	0	27	12	8	22	11	6	211.30	0		3.891882
91	360	5	0	22	0	14	32	14	8	712.46	0		12.268543
91	361	5	0	22	0	22	32	14	8	712.46	0		12.268543
31	127	9	0	22	14	14	21	9	14	548.21	0		20.642175


-------------------------------------------------------------------------------------------------------------------
Tour_Id:			31
No_of_Customers:		2
No_of_Items:			10
Customer_Sequence:		90 39 

CustId	Id	TypeId	Rotated	x	y	z	Length	Width	Height	mass	Fragility	LoadBearingStrength
39	154	3	0	0	0	0	21	14	9	662.13	0		16.178183
39	155	4	0	21	0	0	33	12	6	373.04	0		8.417304
39	153	2	0	0	0	9	26	12	8	657.50	0		37.068200
39	156	10	0	0	14	0	22	6	12	271.75	1		3.874604
90	355	5	0	26	0	6	32	14	8	712.46	0		12.268543
90	356	5	0	26	0	14	32	14	8	712.46	0		12.268543
90	354	3	0	0	0	17	21	14	9	662.13	0		16.178183
90	358	9	0	22	14	0	21	9	14	548.21	0		20.642175
90	359	9	0	22	14	14	21	9	14	548.21	0		20.642175
90	357	8	0	26	0	22	22	11	6	211.30	0		3.891882


-------------------------------------------------------------------------------------------------------------------
Tour_Id:			32
No_of_Customers:		3
No_of_Items:			12
Customer_Sequence:		78 71 41 

CustId	Id	TypeId	Rotated	x	y	z	Length	Width	Height	mass	Fragility	LoadBearingStrength
41	160	3	0	0	0	0	21	14	9	662.13	0		16.178183
41	163	7	0	0	0	9	27	12	7	233.57	0		22.680688
41	164	9	0	0	14	0	21	9	14	548.21	0		20.642175
41	161	5	0	21	0	0	32	14	8	712.46	0		12.268543
41	162	6	0	0	14	14	18	7	14	331	0		4.997191
71	271	7	0	0	0	16	27	12	7	233.57	0		22.680688
71	270	1	0	27	0	8	27	14	13	1274.91	1		2.738946
78	298	4	0	0	0	23	33	12	6	373.04	0		8.417304
78	299	9	0	21	14	0	21	9	14	548.21	0		20.642175
78	300	10	0	18	14	14	22	6	12	271.75	1		3.874604
78	301	10	1	54	0	0	22	6	12	271.75	1		3.874604
78	302	10	1	54	0	12	22	6	12	271.75	1		3.874604


-------------------------------------------------------------------------------------------------------------------
Tour_Id:			33
No_of_Customers:		2
No_of_Items:			9
Customer_Sequence:		92 9 

CustId	Id	TypeId	Rotated	x	y	z	Length	Width	Height	mass	Fragility	LoadBearingStrength
9	36	5	0	0	0	0	32	14	8	712.46	0		12.268543
92	365	3	0	0	0	8	21	14	9	662.13	0		16.178183
9	37	6	0	0	14	0	18	7	14	331	0		4.997191
92	364	3	0	0	0	17	21	14	9	662.13	0		16.178183
9	38	9	0	18	14	0	21	9	14	548.21	0		20.642175
92	366	3	0	32	0	0	21	14	9	662.13	0		16.178183
92	367	7	0	32	0	9	27	12	7	233.57	0		22.680688
92	368	8	0	18	14	14	22	11	6	211.30	0		3.891882
92	363	1	0	32	0	16	27	14	13	1274.91	1		2.738946


-------------------------------------------------------------------------------------------------------------------
Tour_Id:			34
No_of_Customers:		3
No_of_Items:			9
Customer_Sequence:		25 99 67 

CustId	Id	TypeId	Rotated	x	y	z	Length	Width	Height	mass	Fragility	LoadBearingStrength
67	254	7	0	0	0	0	27	12	7	233.57	0		22.680688
99	396	4	0	0	12	0	33	12	6	373.04	0		8.417304
25	100	2	0	0	12	6	26	12	8	657.50	0		37.068200
67	252	2	0	0	0	7	26	12	8	657.50	0		37.068200
67	253	4	0	0	0	15	33	12	6	373.04	0		8.417304
25	101	5	0	0	0	21	32	14	8	712.46	0		12.268543
99	397	6	0	33	0	0	18	7	14	331	0		4.997191
25	98	1	0	33	7	0	27	14	13	1274.91	1		2.738946
25	99	1	0	33	7	13	27	14	13	1274.91	1		2.738946


-------------------------------------------------------------------------------------------------------------------
Tour_Id:			35
No_of_Customers:		3
No_of_Items:			11
Customer_Sequence:		70 34 54 

CustId	Id	TypeId	Rotated	x	y	z	Length	Width	Height	mass	Fragility	LoadBearingStrength
54	212	5	0	0	0	0	32	14	8	712.46	0		12.268543
54	213	9	0	0	14	0	21	9	14	548.21	0		20.642175
34	135	4	0	0	0	8	33	12	6	373.04	0		8.417304
70	267	6	0	0	0	14	18	7	14	331	0		4.997191
34	136	9	0	0	7	14	21	9	14	548.21	0		20.642175
54	211	2	0	32	0	0	26	12	8	657.50	0		37.068200
70	266	3	0	33	0	8	21	14	9	662.13	0		16.178183
70	265	1	0	33	0	17	27	14	13	1274.91	1		2.738946
34	134	2	0	32	12	0	26	12	8	657.50	0		37.068200
70	268	10	0	0	16	14	22	6	12	271.75	1		3.874604
70	269	10	0	33	14	8	22	6	12	271.75	1		3.874604


-------------------------------------------------------------------------------------------------------------------
Tour_Id:			36
No_of_Customers:		3
No_of_Items:			12
Customer_Sequence:		98 1 58 

CustId	Id	TypeId	Rotated	x	y	z	Length	Width	Height	mass	Fragility	LoadBearingStrength
58	221	1	0	0	0	0	27	14	13	1274.91	1		2.738946
58	222	10	0	0	14	0	22	6	12	271.75	1		3.874604
1	3	9	0	22	14	0	21	9	14	548.21	0		20.642175
1	2	8	0	22	14	14	22	11	6	211.30	0		3.891882
1	1	1	0	0	0	13	27	14	13	1274.91	1		2.738946
98	391	6	0	27	0	0	18	7	14	331	0		4.997191
98	393	9	1	45	0	0	21	9	14	548.21	0		20.642175
1	4	10	0	0	14	12	22	6	12	271.75	1		3.874604
98	392	6	0	27	7	0	18	7	14	331	0		4.997191
98	390	1	0	27	0	14	27	14	13	1274.91	1		2.738946
98	394	10	1	54	0	0	22	6	12	271.75	1		3.874604
98	395	10	1	54	0	12	22	6	12	271.75	1		3.874604


-------------------------------------------------------------------------------------------------------------------
Tour_Id:			37
No_of_Customers:		3
No_of_Items:			9
Customer_Sequence:		59 36 46 

CustId	Id	TypeId	Rotated	x	y	z	Length	Width	Height	mass	Fragility	LoadBearingStrength
36	144	9	0	0	0	0	21	9	14	548.21	0		20.642175
46	181	1	0	0	9	0	27	14	13	1274.91	1		2.738946
36	143	3	0	27	0	0	21	14	9	662.13	0		16.178183
59	224	7	0	27	0	9	27	12	7	233.57	0		22.680688
46	182	8	0	27	14	0	22	11	6	211.30	0		3.891882
59	223	4	0	27	0	16	33	12	6	373.04	0		8.417304
46	183	10	0	0	9	13	22	6	12	271.75	1		3.874604
59	225	10	0	0	15	13	22	6	12	271.75	1		3.874604
59	226	10	0	0	0	14	22	6	12	271.75	1		3.874604


