Name:				581_n100_m400_bt100
Problem:			3L-VRPTW
Number_of_used_Vehicles:	36
Total_Travel_Distance:		2590.87
Calculation_Time:		3600.00
Total_Iterations:		2816
ConstraintSet:			P1

-------------------------------------------------------------------------------------------------------------------
Tour_Id:			1
No_of_Customers:		2
No_of_Items:			9
Customer_Sequence:		39 15 

CustId	Id	TypeId	Rotated	x	y	z	Length	Width	Height	mass	Fragility	LoadBearingStrength
15	62	84	0	0	0	0	35	12	8	349.52	0		8.445344
15	61	23	0	0	12	0	29	8	8	316.62	0		7.131924
15	63	99	0	0	0	8	30	8	11	333.17	1		3.987081
39	160	26	0	0	8	8	30	10	13	419.52	0		6.479636
39	161	39	0	35	0	0	18	10	12	284.53	0		13.155790
39	159	25	0	30	0	12	24	6	13	266.84	0		21.310193
39	158	23	0	0	8	21	29	8	8	316.62	0		7.131924
39	157	7	0	35	10	0	21	14	6	318.11	0		20.561517
39	162	82	0	35	10	6	18	10	13	411.71	1		2.093286


-------------------------------------------------------------------------------------------------------------------
Tour_Id:			2
No_of_Customers:		2
No_of_Items:			12
Customer_Sequence:		79 8 

CustId	Id	TypeId	Rotated	x	y	z	Length	Width	Height	mass	Fragility	LoadBearingStrength
8	32	49	0	0	0	0	25	13	14	760.15	0		39.652052
8	34	86	0	0	0	14	17	13	11	468.20	0		17.453691
8	31	18	0	25	0	0	25	14	10	1004.57	0		15.479380
8	30	9	0	0	13	0	23	8	9	315.54	1		2.551172
8	33	66	0	25	0	10	24	12	6	823.47	0		54.640637
8	35	95	1	17	0	14	15	7	13	221.85	0		9.060601
79	326	26	0	25	14	0	30	10	13	419.52	0		6.479636
79	329	55	0	24	13	13	34	11	7	319.72	0		14.206553
79	327	32	0	25	0	16	15	13	13	304.49	0		4.884017
79	331	97	0	24	13	20	13	12	8	189.95	0		35.494252
79	330	73	0	37	13	20	20	8	7	131.48	0		17.820286
79	328	43	1	50	0	0	14	6	9	84.74	0		14.201927


-------------------------------------------------------------------------------------------------------------------
Tour_Id:			3
No_of_Customers:		3
No_of_Items:			12
Customer_Sequence:		10 75 76 

CustId	Id	TypeId	Rotated	x	y	z	Length	Width	Height	mass	Fragility	LoadBearingStrength
76	312	7	0	0	0	0	21	14	6	318.11	0		20.561517
76	313	96	0	0	14	0	20	8	11	326.24	0		67.703380
75	310	22	0	20	14	0	34	10	9	831.24	0		11.605703
75	309	6	0	0	0	6	18	12	12	439.83	0		4.560717
75	308	2	0	21	0	0	35	14	6	452.65	0		36.392790
10	40	41	0	18	0	6	33	13	12	1533.53	0		28.469733
75	311	74	0	0	14	11	24	8	6	178.58	0		8.255507
10	41	41	0	0	0	18	33	13	12	1533.53	0		28.469733
10	43	81	0	0	13	17	25	9	8	271.94	0		11.897204
10	42	61	0	25	13	9	32	10	12	723.96	0		41.230318
10	38	5	0	25	13	21	29	8	7	246.21	0		5.451772
10	39	27	0	33	0	18	18	12	6	144.35	0		3.338760


-------------------------------------------------------------------------------------------------------------------
Tour_Id:			4
No_of_Customers:		4
No_of_Items:			11
Customer_Sequence:		17 91 20 86 

CustId	Id	TypeId	Rotated	x	y	z	Length	Width	Height	mass	Fragility	LoadBearingStrength
20	82	41	0	0	0	0	33	13	12	1533.53	0		28.469733
86	353	53	0	0	13	0	20	11	13	539.29	0		15.684383
86	354	57	0	0	13	13	18	8	6	421.35	0		111.065164
91	373	31	0	0	0	12	15	5	11	113.09	0		6.455078
20	80	28	0	20	13	0	13	11	14	244.10	0		31.150423
17	68	54	0	33	0	0	27	13	13	794.80	0		9.278507
91	374	88	0	33	13	0	26	10	14	525.15	0		13.208561
86	352	10	0	0	13	19	16	9	7	148.42	0		9.698316
20	81	33	0	0	5	12	19	6	13	1235.35	0		143.070825
17	67	24	0	20	13	14	20	8	12	310.08	0		4.227254
17	69	64	0	33	0	13	21	13	12	381.95	1		4.211816


-------------------------------------------------------------------------------------------------------------------
Tour_Id:			5
No_of_Customers:		3
No_of_Items:			9
Customer_Sequence:		28 48 71 

CustId	Id	TypeId	Rotated	x	y	z	Length	Width	Height	mass	Fragility	LoadBearingStrength
71	292	55	0	0	0	0	34	11	7	319.72	0		14.206553
71	291	39	0	0	11	0	18	10	12	284.53	0		13.155790
71	293	60	0	0	11	12	15	12	10	256.52	0		18.053909
48	197	16	0	18	11	0	27	13	13	828.96	0		9.965581
48	198	26	0	0	0	7	30	10	13	419.52	0		6.479636
48	199	76	0	18	11	13	35	11	11	490.31	1		3.034105
28	113	45	0	34	0	0	22	9	14	511.52	0		11.207117
28	112	19	0	30	0	14	24	5	12	179.34	0		3.831755
28	114	72	0	0	0	20	17	5	8	96.80	0		11.476721


-------------------------------------------------------------------------------------------------------------------
Tour_Id:			6
No_of_Customers:		3
No_of_Items:			11
Customer_Sequence:		84 99 22 

CustId	Id	TypeId	Rotated	x	y	z	Length	Width	Height	mass	Fragility	LoadBearingStrength
22	89	49	0	0	0	0	25	13	14	760.15	0		39.652052
22	90	77	0	0	13	0	33	9	12	798.33	0		24.623814
22	86	6	0	0	13	12	18	12	12	439.83	0		4.560717
22	88	46	0	0	0	14	29	12	7	919	0		22.415239
22	87	26	0	25	0	0	30	10	13	419.52	0		6.479636
99	398	84	0	0	0	21	35	12	8	349.52	0		8.445344
99	396	11	0	18	13	12	16	11	9	171.95	0		6.727668
99	395	6	0	33	13	0	18	12	12	439.83	0		4.560717
99	397	68	0	34	13	12	18	10	13	385.12	1		4.614030
84	347	8	0	35	0	13	13	10	13	248.47	0		5.413339
84	348	19	1	55	0	0	24	5	12	179.34	0		3.831755


-------------------------------------------------------------------------------------------------------------------
Tour_Id:			7
No_of_Customers:		2
No_of_Items:			10
Customer_Sequence:		57 72 

CustId	Id	TypeId	Rotated	x	y	z	Length	Width	Height	mass	Fragility	LoadBearingStrength
57	237	49	0	0	0	0	25	13	14	760.15	0		39.652052
72	294	30	0	0	13	0	12	11	9	377.22	0		36.276650
72	296	67	0	0	13	9	12	5	11	103.92	1		4.379497
57	239	80	0	0	0	14	33	10	12	520.78	0		18.110031
72	295	44	0	12	13	0	32	12	12	718.40	0		7.629727
72	297	71	0	12	13	12	19	6	6	131.98	0		41.756601
57	238	52	1	44	0	0	21	14	11	616.43	0		94.157339
57	240	98	0	25	0	0	18	12	8	284.98	0		17.230658
57	235	6	1	44	0	11	18	12	12	439.83	0		4.560717
57	236	35	0	12	19	12	34	5	9	248.09	0		10.937007


-------------------------------------------------------------------------------------------------------------------
Tour_Id:			8
No_of_Customers:		3
No_of_Items:			11
Customer_Sequence:		21 46 92 

CustId	Id	TypeId	Rotated	x	y	z	Length	Width	Height	mass	Fragility	LoadBearingStrength
92	378	84	0	0	0	0	35	12	8	349.52	0		8.445344
92	375	11	0	0	12	0	16	11	9	171.95	0		6.727668
92	376	22	0	0	0	8	34	10	9	831.24	0		11.605703
21	84	79	0	0	0	17	33	11	13	916.18	0		12.922710
46	191	67	0	0	12	9	12	5	11	103.92	1		4.379497
46	190	33	0	0	17	9	19	6	13	1235.35	0		143.070825
46	189	29	0	19	12	0	26	12	14	695.51	0		65.348771
46	192	67	0	19	11	14	12	5	11	103.92	1		4.379497
92	377	78	0	35	0	0	13	10	9	228.88	1		11.008609
21	85	98	1	48	0	0	18	12	8	284.98	0		17.230658
21	83	35	0	19	16	14	34	5	9	248.09	0		10.937007


-------------------------------------------------------------------------------------------------------------------
Tour_Id:			9
No_of_Customers:		3
No_of_Items:			10
Customer_Sequence:		63 93 6 

CustId	Id	TypeId	Rotated	x	y	z	Length	Width	Height	mass	Fragility	LoadBearingStrength
6	24	79	0	0	0	0	33	11	13	916.18	0		12.922710
6	22	55	0	0	11	0	34	11	7	319.72	0		14.206553
6	23	74	0	0	11	7	24	8	6	178.58	0		8.255507
6	21	37	0	0	0	13	20	5	14	155.83	1		3.148408
93	380	29	0	0	5	13	26	12	14	695.51	0		65.348771
93	379	8	0	33	0	0	13	10	13	248.47	0		5.413339
63	266	48	0	34	11	0	26	11	10	497.15	0		23.794863
63	267	74	0	26	0	13	24	8	6	178.58	0		8.255507
63	264	9	0	26	0	19	23	8	9	315.54	1		2.551172
63	265	37	0	34	11	10	20	5	14	155.83	1		3.148408


-------------------------------------------------------------------------------------------------------------------
Tour_Id:			10
No_of_Customers:		3
No_of_Items:			13
Customer_Sequence:		65 29 14 

CustId	Id	TypeId	Rotated	x	y	z	Length	Width	Height	mass	Fragility	LoadBearingStrength
14	60	86	0	0	0	0	17	13	11	468.20	0		17.453691
14	56	7	0	0	0	11	21	14	6	318.11	0		20.561517
14	58	20	0	0	13	0	14	12	9	172.14	0		16.611681
29	115	7	0	0	0	17	21	14	6	318.11	0		20.561517
14	59	67	0	0	14	9	12	5	11	103.92	1		4.379497
29	119	89	0	21	0	0	30	13	12	679.31	0		12.115570
14	57	19	0	21	13	0	24	5	12	179.34	0		3.831755
65	272	22	0	21	0	12	34	10	9	831.24	0		11.605703
29	117	50	0	45	13	0	12	12	8	126.91	0		15.780291
65	273	74	0	0	0	23	24	8	6	178.58	0		8.255507
29	120	90	0	21	10	12	24	10	7	356.46	1		2.978892
29	116	19	0	14	18	0	24	5	12	179.34	0		3.831755
29	118	57	0	0	8	23	18	8	6	421.35	0		111.065164


-------------------------------------------------------------------------------------------------------------------
Tour_Id:			11
No_of_Customers:		2
No_of_Items:			10
Customer_Sequence:		97 60 

CustId	Id	TypeId	Rotated	x	y	z	Length	Width	Height	mass	Fragility	LoadBearingStrength
60	254	49	0	0	0	0	25	13	14	760.15	0		39.652052
60	251	24	0	0	13	0	20	8	12	310.08	0		4.227254
97	389	39	0	0	13	12	18	10	12	284.53	0		13.155790
60	255	84	0	20	13	0	35	12	8	349.52	0		8.445344
60	253	37	0	0	0	14	20	5	14	155.83	1		3.148408
60	252	36	0	25	0	0	26	11	8	307.47	1		3.058806
97	388	34	0	20	13	8	35	12	8	461.75	0		49.529607
60	250	24	0	0	5	14	20	8	12	310.08	0		4.227254
97	391	97	0	20	13	16	13	12	8	189.95	0		35.494252
97	390	65	0	25	0	8	33	10	12	656.84	1		2.038812


-------------------------------------------------------------------------------------------------------------------
Tour_Id:			12
No_of_Customers:		3
No_of_Items:			12
Customer_Sequence:		83 95 42 

CustId	Id	TypeId	Rotated	x	y	z	Length	Width	Height	mass	Fragility	LoadBearingStrength
42	170	16	0	0	0	0	27	13	13	828.96	0		9.965581
95	383	27	0	0	13	0	18	12	6	144.35	0		3.338760
42	172	58	0	0	0	13	28	5	12	190.32	0		11.196543
95	385	74	0	0	13	6	24	8	6	178.58	0		8.255507
95	384	61	0	24	13	0	32	10	12	723.96	0		41.230318
42	173	96	0	0	5	13	20	8	11	326.24	0		67.703380
42	171	54	0	27	0	0	27	13	13	794.80	0		9.278507
83	343	16	0	28	0	13	27	13	13	828.96	0		9.965581
83	342	12	0	24	13	12	14	12	14	296.77	0		8.731544
83	345	60	0	38	13	12	15	12	10	256.52	0		18.053909
83	344	57	0	0	13	12	18	8	6	421.35	0		111.065164
83	346	71	0	0	13	18	19	6	6	131.98	0		41.756601


-------------------------------------------------------------------------------------------------------------------
Tour_Id:			13
No_of_Customers:		2
No_of_Items:			8
Customer_Sequence:		2 69 

CustId	Id	TypeId	Rotated	x	y	z	Length	Width	Height	mass	Fragility	LoadBearingStrength
69	288	80	0	0	0	0	33	10	12	520.78	0		18.110031
69	284	39	0	0	10	0	18	10	12	284.53	0		13.155790
69	287	74	0	0	0	12	24	8	6	178.58	0		8.255507
69	286	68	0	0	8	12	18	10	13	385.12	1		4.614030
69	285	57	0	0	0	18	18	8	6	421.35	0		111.065164
69	283	37	0	0	20	0	20	5	14	155.83	1		3.148408
2	5	85	0	18	10	0	29	9	14	419.87	0		11.357231
2	6	99	0	18	10	14	30	8	11	333.17	1		3.987081


-------------------------------------------------------------------------------------------------------------------
Tour_Id:			14
No_of_Customers:		3
No_of_Items:			10
Customer_Sequence:		81 9 4 

CustId	Id	TypeId	Rotated	x	y	z	Length	Width	Height	mass	Fragility	LoadBearingStrength
4	14	48	0	0	0	0	26	11	10	497.15	0		23.794863
4	11	7	0	0	11	0	21	14	6	318.11	0		20.561517
4	13	36	0	0	11	6	26	11	8	307.47	1		3.058806
4	15	64	0	0	11	14	21	13	12	381.95	1		4.211816
9	37	41	0	26	0	0	33	13	12	1533.53	0		28.469733
4	12	24	0	0	0	10	20	8	12	310.08	0		4.227254
9	36	26	0	26	13	0	30	10	13	419.52	0		6.479636
81	338	75	0	26	0	12	30	13	8	435.64	0		49.474748
81	336	2	0	21	0	20	35	14	6	452.65	0		36.392790
81	337	59	0	26	13	13	32	12	6	357.20	0		59.136964


-------------------------------------------------------------------------------------------------------------------
Tour_Id:			15
No_of_Customers:		2
No_of_Items:			11
Customer_Sequence:		32 54 

CustId	Id	TypeId	Rotated	x	y	z	Length	Width	Height	mass	Fragility	LoadBearingStrength
54	223	2	0	0	0	0	35	14	6	452.65	0		36.392790
54	225	53	0	0	14	0	20	11	13	539.29	0		15.684383
54	227	79	0	0	0	6	33	11	13	916.18	0		12.922710
32	131	50	0	0	0	19	12	12	8	126.91	0		15.780291
32	129	23	0	20	14	0	29	8	8	316.62	0		7.131924
32	130	40	0	0	14	13	18	7	7	95.26	0		38.400179
54	224	27	0	35	0	0	18	12	6	144.35	0		3.338760
54	226	68	0	33	0	6	18	10	13	385.12	1		4.614030
32	132	63	0	20	14	8	35	5	14	443.66	0		10.340831
54	228	92	1	53	0	0	14	7	8	111.86	1		2.057641
32	128	13	0	12	0	19	34	12	8	632.28	1		12.779803


-------------------------------------------------------------------------------------------------------------------
Tour_Id:			16
No_of_Customers:		3
No_of_Items:			11
Customer_Sequence:		40 100 87 

CustId	Id	TypeId	Rotated	x	y	z	Length	Width	Height	mass	Fragility	LoadBearingStrength
87	355	3	0	0	0	0	33	14	13	1004.65	0		26.536651
87	356	9	0	0	14	0	23	8	9	315.54	1		2.551172
87	358	74	0	0	0	13	24	8	6	178.58	0		8.255507
87	359	82	0	0	14	9	18	10	13	411.71	1		2.093286
87	357	62	0	23	14	0	32	9	6	229.42	0		30.520329
100	400	81	0	0	0	19	25	9	8	271.94	0		11.897204
100	399	67	0	0	9	13	12	5	11	103.92	1		4.379497
40	164	18	0	33	0	0	25	14	10	1004.57	0		15.479380
40	165	23	0	23	14	6	29	8	8	316.62	0		7.131924
40	163	15	0	23	14	14	35	5	9	161.50	0		24.066928
40	166	56	0	12	9	13	28	5	8	175.73	0		21.557169


-------------------------------------------------------------------------------------------------------------------
Tour_Id:			17
No_of_Customers:		3
No_of_Items:			14
Customer_Sequence:		13 74 90 

CustId	Id	TypeId	Rotated	x	y	z	Length	Width	Height	mass	Fragility	LoadBearingStrength
90	369	17	0	0	0	0	24	10	10	437.67	0		9.375666
90	368	12	0	0	10	0	14	12	14	296.77	0		8.731544
90	371	39	0	0	0	10	18	10	12	284.53	0		13.155790
90	372	62	0	14	10	0	32	9	6	229.42	0		30.520329
90	370	20	0	0	10	14	14	12	9	172.14	0		16.611681
74	305	77	0	14	10	6	33	9	12	798.33	0		24.623814
13	53	83	0	14	10	18	14	10	10	167.06	0		10.678722
74	307	98	1	47	0	0	18	12	8	284.98	0		17.230658
74	304	15	0	14	19	0	35	5	9	161.50	0		24.066928
13	51	20	0	28	10	18	14	12	9	172.14	0		16.611681
74	306	96	0	24	0	0	20	8	11	326.24	0		67.703380
13	54	83	0	24	0	11	14	10	10	167.06	0		10.678722
13	55	97	0	47	0	8	13	12	8	189.95	0		35.494252
13	52	74	0	0	0	22	24	8	6	178.58	0		8.255507


-------------------------------------------------------------------------------------------------------------------
Tour_Id:			18
No_of_Customers:		3
No_of_Items:			14
Customer_Sequence:		34 24 49 

CustId	Id	TypeId	Rotated	x	y	z	Length	Width	Height	mass	Fragility	LoadBearingStrength
49	204	81	0	0	0	0	25	9	8	271.94	0		11.897204
49	202	72	0	0	9	0	17	5	8	96.80	0		11.476721
49	201	27	0	0	0	8	18	12	6	144.35	0		3.338760
49	205	99	0	0	14	0	30	8	11	333.17	1		3.987081
49	203	78	0	0	12	11	13	10	9	228.88	1		11.008609
49	200	11	0	0	0	14	16	11	9	171.95	0		6.727668
24	95	46	0	25	0	0	29	12	7	919	0		22.415239
24	96	59	0	25	0	7	32	12	6	357.20	0		59.136964
24	97	71	0	0	0	23	19	6	6	131.98	0		41.756601
24	98	78	0	0	12	20	13	10	9	228.88	1		11.008609
34	140	48	0	25	0	13	26	11	10	497.15	0		23.794863
34	141	48	0	30	14	0	26	11	10	497.15	0		23.794863
34	138	17	0	30	12	10	24	10	10	437.67	0		9.375666
34	139	43	0	30	12	20	14	6	9	84.74	0		14.201927


-------------------------------------------------------------------------------------------------------------------
Tour_Id:			19
No_of_Customers:		3
No_of_Items:			11
Customer_Sequence:		18 43 89 

CustId	Id	TypeId	Rotated	x	y	z	Length	Width	Height	mass	Fragility	LoadBearingStrength
89	367	98	0	0	0	0	18	12	8	284.98	0		17.230658
89	366	53	0	0	12	0	20	11	13	539.29	0		15.684383
43	176	45	0	0	0	8	22	9	14	511.52	0		11.207117
43	174	13	0	20	12	0	34	12	8	632.28	1		12.779803
43	175	40	0	0	12	13	18	7	7	95.26	0		38.400179
43	177	79	0	22	0	0	33	11	13	916.18	0		12.922710
43	178	91	0	20	12	8	29	8	11	474.64	1		5.488239
18	73	84	0	22	0	13	35	12	8	349.52	0		8.445344
18	72	66	0	22	0	21	24	12	6	823.47	0		54.640637
18	71	11	1	46	0	21	16	11	9	171.95	0		6.727668
18	70	9	0	18	12	19	23	8	9	315.54	1		2.551172


-------------------------------------------------------------------------------------------------------------------
Tour_Id:			20
No_of_Customers:		2
No_of_Items:			10
Customer_Sequence:		88 23 

CustId	Id	TypeId	Rotated	x	y	z	Length	Width	Height	mass	Fragility	LoadBearingStrength
23	91	6	0	0	0	0	18	12	12	439.83	0		4.560717
23	94	85	0	0	12	0	29	9	14	419.87	0		11.357231
23	92	10	0	0	0	12	16	9	7	148.42	0		9.698316
23	93	82	0	0	12	14	18	10	13	411.71	1		2.093286
88	363	54	0	29	0	0	27	13	13	794.80	0		9.278507
88	361	29	0	29	13	0	26	12	14	695.51	0		65.348771
88	365	75	0	18	12	14	30	13	8	435.64	0		49.474748
88	362	46	0	18	12	22	29	12	7	919	0		22.415239
88	360	28	0	29	0	13	13	11	14	244.10	0		31.150423
88	364	72	0	0	0	19	17	5	8	96.80	0		11.476721


-------------------------------------------------------------------------------------------------------------------
Tour_Id:			21
No_of_Customers:		3
No_of_Items:			11
Customer_Sequence:		12 55 85 

CustId	Id	TypeId	Rotated	x	y	z	Length	Width	Height	mass	Fragility	LoadBearingStrength
85	349	20	0	0	0	0	14	12	9	172.14	0		16.611681
85	350	36	0	0	12	0	26	11	8	307.47	1		3.058806
85	351	37	0	0	12	8	20	5	14	155.83	1		3.148408
55	229	52	0	26	0	0	21	14	11	616.43	0		94.157339
55	231	83	0	0	0	9	14	10	10	167.06	0		10.678722
55	232	100	0	26	14	0	31	5	7	110.47	0		7.883567
55	230	78	0	0	0	19	13	10	9	228.88	1		11.008609
12	47	6	0	26	0	11	18	12	12	439.83	0		4.560717
12	48	33	0	26	19	0	19	6	13	1235.35	0		143.070825
12	50	56	0	26	14	7	28	5	8	175.73	0		21.557169
12	49	37	0	0	17	8	20	5	14	155.83	1		3.148408


-------------------------------------------------------------------------------------------------------------------
Tour_Id:			22
No_of_Customers:		3
No_of_Items:			14
Customer_Sequence:		45 26 58 

CustId	Id	TypeId	Rotated	x	y	z	Length	Width	Height	mass	Fragility	LoadBearingStrength
58	241	6	0	0	0	0	18	12	12	439.83	0		4.560717
26	108	72	0	0	12	0	17	5	8	96.80	0		11.476721
58	243	70	0	0	17	0	28	7	6	217.63	0		14.364253
58	242	67	0	0	17	6	12	5	11	103.92	1		4.379497
26	107	49	0	18	0	0	25	13	14	760.15	0		39.652052
26	105	20	0	0	0	12	14	12	9	172.14	0		16.611681
58	244	96	0	28	17	0	20	8	11	326.24	0		67.703380
26	106	38	0	18	0	14	33	8	7	230.46	1		1.709857
45	183	45	1	51	0	0	22	9	14	511.52	0		11.207117
45	187	74	1	51	0	14	24	8	6	178.58	0		8.255507
45	188	74	1	51	0	20	24	8	6	178.58	0		8.255507
45	186	73	0	28	17	11	20	8	7	131.48	0		17.820286
45	184	57	0	0	0	21	18	8	6	421.35	0		111.065164
45	185	72	0	14	8	14	17	5	8	96.80	0		11.476721


-------------------------------------------------------------------------------------------------------------------
Tour_Id:			23
No_of_Customers:		2
No_of_Items:			9
Customer_Sequence:		73 37 

CustId	Id	TypeId	Rotated	x	y	z	Length	Width	Height	mass	Fragility	LoadBearingStrength
37	150	62	0	0	0	0	32	9	6	229.42	0		30.520329
73	300	57	0	0	9	0	18	8	6	421.35	0		111.065164
73	298	3	0	0	0	6	33	14	13	1004.65	0		26.536651
37	148	33	0	0	17	0	19	6	13	1235.35	0		143.070825
73	301	64	0	33	0	0	21	13	12	381.95	1		4.211816
73	302	76	0	0	0	19	35	11	11	490.31	1		3.034105
73	299	43	0	0	17	13	14	6	9	84.74	0		14.201927
37	149	40	0	19	17	0	18	7	7	95.26	0		38.400179
73	303	98	0	37	13	0	18	12	8	284.98	0		17.230658


-------------------------------------------------------------------------------------------------------------------
Tour_Id:			24
No_of_Customers:		2
No_of_Items:			8
Customer_Sequence:		41 33 

CustId	Id	TypeId	Rotated	x	y	z	Length	Width	Height	mass	Fragility	LoadBearingStrength
33	136	79	0	0	0	0	33	11	13	916.18	0		12.922710
33	133	24	0	0	11	0	20	8	12	310.08	0		4.227254
33	137	92	0	0	11	12	14	7	8	111.86	1		2.057641
33	134	45	0	0	0	13	22	9	14	511.52	0		11.207117
41	169	99	0	20	11	0	30	8	11	333.17	1		3.987081
33	135	68	0	33	0	0	18	10	13	385.12	1		4.614030
41	168	64	0	22	0	13	21	13	12	381.95	1		4.211816
41	167	10	1	51	0	0	16	9	7	148.42	0		9.698316


-------------------------------------------------------------------------------------------------------------------
Tour_Id:			25
No_of_Customers:		2
No_of_Items:			12
Customer_Sequence:		77 19 

CustId	Id	TypeId	Rotated	x	y	z	Length	Width	Height	mass	Fragility	LoadBearingStrength
19	74	2	0	0	0	0	35	14	6	452.65	0		36.392790
19	75	2	0	0	0	6	35	14	6	452.65	0		36.392790
19	76	11	0	0	14	0	16	11	9	171.95	0		6.727668
19	77	23	0	0	0	12	29	8	8	316.62	0		7.131924
19	78	62	0	0	0	20	32	9	6	229.42	0		30.520329
77	317	38	0	16	14	0	33	8	7	230.46	1		1.709857
19	79	86	0	35	0	0	17	13	11	468.20	0		17.453691
77	314	24	0	0	14	9	20	8	12	310.08	0		4.227254
77	315	28	0	35	0	11	13	11	14	244.10	0		31.150423
77	316	31	0	0	9	12	15	5	11	113.09	0		6.455078
77	319	82	0	20	14	7	18	10	13	411.71	1		2.093286
77	318	57	0	0	14	21	18	8	6	421.35	0		111.065164


-------------------------------------------------------------------------------------------------------------------
Tour_Id:			26
No_of_Customers:		2
No_of_Items:			11
Customer_Sequence:		5 38 

CustId	Id	TypeId	Rotated	x	y	z	Length	Width	Height	mass	Fragility	LoadBearingStrength
38	156	69	0	0	0	0	31	11	7	380.39	1		5.414729
38	154	53	0	0	11	0	20	11	13	539.29	0		15.684383
38	151	3	0	20	11	0	33	14	13	1004.65	0		26.536651
5	17	65	0	0	0	7	33	10	12	656.84	1		2.038812
38	152	14	0	0	11	13	14	11	13	330.13	1		2.944727
38	153	50	0	14	10	13	12	12	8	126.91	0		15.780291
5	19	89	0	26	10	13	30	13	12	679.31	0		12.115570
5	18	81	0	33	0	0	25	9	8	271.94	0		11.897204
5	20	97	1	14	10	21	13	12	8	189.95	0		35.494252
5	16	37	0	33	0	8	20	5	14	155.83	1		3.148408
38	155	67	1	53	11	0	12	5	11	103.92	1		4.379497


-------------------------------------------------------------------------------------------------------------------
Tour_Id:			27
No_of_Customers:		4
No_of_Items:			14
Customer_Sequence:		11 30 7 16 

CustId	Id	TypeId	Rotated	x	y	z	Length	Width	Height	mass	Fragility	LoadBearingStrength
16	64	59	0	0	0	0	32	12	6	357.20	0		59.136964
16	65	63	0	0	12	0	35	5	14	443.66	0		10.340831
16	66	74	0	0	17	0	24	8	6	178.58	0		8.255507
7	28	78	0	0	0	6	13	10	9	228.88	1		11.008609
7	25	11	0	13	0	6	16	11	9	171.95	0		6.727668
7	27	56	0	0	17	6	28	5	8	175.73	0		21.557169
7	29	96	0	0	11	14	20	8	11	326.24	0		67.703380
7	26	29	0	32	0	0	26	12	14	695.51	0		65.348771
30	121	4	0	29	0	14	30	10	11	585.97	0		12.283667
30	122	60	0	35	12	0	15	12	10	256.52	0		18.053909
30	123	95	0	13	0	15	15	7	13	221.85	0		9.060601
11	44	39	0	35	12	10	18	10	12	284.53	0		13.155790
11	46	95	0	20	11	14	15	7	13	221.85	0		9.060601
11	45	74	0	35	12	22	24	8	6	178.58	0		8.255507


-------------------------------------------------------------------------------------------------------------------
Tour_Id:			28
No_of_Customers:		4
No_of_Items:			13
Customer_Sequence:		66 36 25 70 

CustId	Id	TypeId	Rotated	x	y	z	Length	Width	Height	mass	Fragility	LoadBearingStrength
25	99	9	0	0	0	0	23	8	9	315.54	1		2.551172
70	290	81	0	0	8	0	25	9	8	271.94	0		11.897204
25	100	18	0	25	0	0	25	14	10	1004.57	0		15.479380
25	101	22	0	25	14	0	34	10	9	831.24	0		11.605703
70	289	30	0	0	8	8	12	11	9	377.22	0		36.276650
25	104	92	0	0	0	9	14	7	8	111.86	1		2.057641
25	103	64	1	0	0	17	21	13	12	381.95	1		4.211816
25	102	33	0	0	19	0	19	6	13	1235.35	0		143.070825
36	147	75	0	25	0	10	30	13	8	435.64	0		49.474748
66	274	48	0	25	14	9	26	11	10	497.15	0		23.794863
36	146	56	0	25	0	18	28	5	8	175.73	0		21.557169
36	145	19	0	25	5	18	24	5	12	179.34	0		3.831755
66	275	70	0	25	14	19	28	7	6	217.63	0		14.364253


-------------------------------------------------------------------------------------------------------------------
Tour_Id:			29
No_of_Customers:		4
No_of_Items:			13
Customer_Sequence:		61 94 68 27 

CustId	Id	TypeId	Rotated	x	y	z	Length	Width	Height	mass	Fragility	LoadBearingStrength
27	109	34	0	0	0	0	35	12	8	461.75	0		49.529607
27	111	57	0	0	12	0	18	8	6	421.35	0		111.065164
27	110	35	0	0	20	0	34	5	9	248.09	0		10.937007
68	279	34	0	0	0	8	35	12	8	461.75	0		49.529607
68	280	74	0	0	12	6	24	8	6	178.58	0		8.255507
68	282	99	0	0	12	12	30	8	11	333.17	1		3.987081
61	257	64	0	34	12	0	21	13	12	381.95	1		4.211816
94	381	5	0	0	0	16	29	8	7	246.21	0		5.451772
94	382	38	0	0	0	23	33	8	7	230.46	1		1.709857
61	259	81	0	35	0	0	25	9	8	271.94	0		11.897204
61	256	57	0	35	0	8	18	8	6	421.35	0		111.065164
68	281	90	0	0	12	23	24	10	7	356.46	1		2.978892
61	258	67	0	34	12	12	12	5	11	103.92	1		4.379497


-------------------------------------------------------------------------------------------------------------------
Tour_Id:			30
No_of_Customers:		2
No_of_Items:			8
Customer_Sequence:		44 50 

CustId	Id	TypeId	Rotated	x	y	z	Length	Width	Height	mass	Fragility	LoadBearingStrength
50	207	61	0	0	0	0	32	10	12	723.96	0		41.230318
50	206	35	0	0	10	0	34	5	9	248.09	0		10.937007
44	179	20	0	0	0	12	14	12	9	172.14	0		16.611681
50	208	64	0	34	0	0	21	13	12	381.95	1		4.211816
44	180	53	0	14	0	12	20	11	13	539.29	0		15.684383
50	209	88	0	0	15	0	26	10	14	525.15	0		13.208561
44	181	65	0	0	15	14	33	10	12	656.84	1		2.038812
44	182	99	0	26	15	0	30	8	11	333.17	1		3.987081


-------------------------------------------------------------------------------------------------------------------
Tour_Id:			31
No_of_Customers:		3
No_of_Items:			12
Customer_Sequence:		52 53 47 

CustId	Id	TypeId	Rotated	x	y	z	Length	Width	Height	mass	Fragility	LoadBearingStrength
47	196	52	0	0	0	0	21	14	11	616.43	0		94.157339
47	194	11	0	0	14	0	16	11	9	171.95	0		6.727668
53	219	7	0	0	0	11	21	14	6	318.11	0		20.561517
47	195	33	0	0	14	9	19	6	13	1235.35	0		143.070825
47	193	9	0	19	14	0	23	8	9	315.54	1		2.551172
53	221	85	0	21	0	0	29	9	14	419.87	0		11.357231
53	220	67	0	0	20	9	12	5	11	103.92	1		4.379497
52	215	15	0	21	9	0	35	5	9	161.50	0		24.066928
52	217	53	0	0	0	17	20	11	13	539.29	0		15.684383
52	216	17	0	21	0	14	24	10	10	437.67	0		9.375666
53	222	99	0	19	14	9	30	8	11	333.17	1		3.987081
52	218	70	0	20	0	24	28	7	6	217.63	0		14.364253


-------------------------------------------------------------------------------------------------------------------
Tour_Id:			32
No_of_Customers:		3
No_of_Items:			9
Customer_Sequence:		67 96 3 

CustId	Id	TypeId	Rotated	x	y	z	Length	Width	Height	mass	Fragility	LoadBearingStrength
3	8	16	0	0	0	0	27	13	13	828.96	0		9.965581
3	10	59	0	0	13	0	32	12	6	357.20	0		59.136964
3	7	9	0	0	13	6	23	8	9	315.54	1		2.551172
96	386	33	0	0	0	13	19	6	13	1235.35	0		143.070825
3	9	40	0	0	6	13	18	7	7	95.26	0		38.400179
96	387	68	0	0	13	15	18	10	13	385.12	1		4.614030
67	276	44	0	27	0	0	32	12	12	718.40	0		7.629727
67	277	52	0	27	0	12	21	14	11	616.43	0		94.157339
67	278	72	0	0	6	20	17	5	8	96.80	0		11.476721


-------------------------------------------------------------------------------------------------------------------
Tour_Id:			33
No_of_Customers:		4
No_of_Items:			15
Customer_Sequence:		51 64 35 82 

CustId	Id	TypeId	Rotated	x	y	z	Length	Width	Height	mass	Fragility	LoadBearingStrength
35	142	21	0	0	0	0	34	5	7	333.11	0		16.751919
82	339	20	0	0	5	0	14	12	9	172.14	0		16.611681
82	341	72	0	0	17	0	17	5	8	96.80	0		11.476721
64	271	84	0	14	5	0	35	12	8	349.52	0		8.445344
35	144	100	0	0	0	7	31	5	7	110.47	0		7.883567
64	268	6	0	0	5	9	18	12	12	439.83	0		4.560717
82	340	70	0	17	17	0	28	7	6	217.63	0		14.364253
35	143	72	0	0	17	8	17	5	8	96.80	0		11.476721
64	269	46	0	18	5	8	29	12	7	919	0		22.415239
64	270	58	0	0	0	14	28	5	12	190.32	0		11.196543
51	211	52	0	18	5	15	21	14	11	616.43	0		94.157339
51	210	45	1	49	0	0	22	9	14	511.52	0		11.207117
51	212	68	1	47	0	14	18	10	13	385.12	1		4.614030
51	213	78	0	0	5	21	13	10	9	228.88	1		11.008609
51	214	92	0	17	17	6	14	7	8	111.86	1		2.057641


-------------------------------------------------------------------------------------------------------------------
Tour_Id:			34
No_of_Customers:		3
No_of_Items:			12
Customer_Sequence:		78 31 56 

CustId	Id	TypeId	Rotated	x	y	z	Length	Width	Height	mass	Fragility	LoadBearingStrength
56	233	29	0	0	0	0	26	12	14	695.51	0		65.348771
56	234	84	0	0	12	0	35	12	8	349.52	0		8.445344
31	127	60	0	0	12	8	15	12	10	256.52	0		18.053909
31	126	42	0	0	0	14	16	6	13	142.78	1		2.105386
31	124	10	0	0	12	18	16	9	7	148.42	0		9.698316
31	125	27	0	15	12	8	18	12	6	144.35	0		3.338760
78	323	85	0	26	0	0	29	9	14	419.87	0		11.357231
78	321	34	0	16	0	14	35	12	8	461.75	0		49.529607
78	320	12	0	16	12	14	14	12	14	296.77	0		8.731544
78	325	100	0	16	0	22	31	5	7	110.47	0		7.883567
78	322	82	0	35	12	0	18	10	13	411.71	1		2.093286
78	324	90	0	33	12	13	24	10	7	356.46	1		2.978892


-------------------------------------------------------------------------------------------------------------------
Tour_Id:			35
No_of_Customers:		3
No_of_Items:			12
Customer_Sequence:		98 1 59 

CustId	Id	TypeId	Rotated	x	y	z	Length	Width	Height	mass	Fragility	LoadBearingStrength
1	1	39	0	0	0	0	18	10	12	284.53	0		13.155790
59	246	17	0	0	10	0	24	10	10	437.67	0		9.375666
59	249	40	0	0	10	10	18	7	7	95.26	0		38.400179
59	245	1	0	24	10	0	27	10	11	2020.67	0		125.162051
59	248	37	0	0	20	0	20	5	14	155.83	1		3.148408
1	4	85	0	18	0	0	29	9	14	419.87	0		11.357231
1	2	51	0	0	0	12	16	7	8	101.15	0		10.334102
59	247	37	0	0	20	14	20	5	14	155.83	1		3.148408
1	3	65	0	18	0	14	33	10	12	656.84	1		2.038812
98	393	46	0	24	10	11	29	12	7	919	0		22.415239
98	392	25	0	0	10	17	24	6	13	266.84	0		21.310193
98	394	76	0	24	10	18	35	11	11	490.31	1		3.034105


-------------------------------------------------------------------------------------------------------------------
Tour_Id:			36
No_of_Customers:		2
No_of_Items:			8
Customer_Sequence:		80 62 

CustId	Id	TypeId	Rotated	x	y	z	Length	Width	Height	mass	Fragility	LoadBearingStrength
62	262	54	0	0	0	0	27	13	13	794.80	0		9.278507
62	260	24	0	0	13	0	20	8	12	310.08	0		4.227254
62	263	86	0	0	0	13	17	13	11	468.20	0		17.453691
80	334	89	0	27	0	0	30	13	12	679.31	0		12.115570
80	332	3	0	27	0	12	33	14	13	1004.65	0		26.536651
62	261	31	0	0	13	12	15	5	11	113.09	0		6.455078
80	335	95	1	17	0	13	15	7	13	221.85	0		9.060601
80	333	36	0	20	13	0	26	11	8	307.47	1		3.058806


