Name:				584_n100_m400_bt100
Problem:			3L-VRPTW
Number_of_used_Vehicles:	36
Total_Travel_Distance:		2649.44
Calculation_Time:		3600.00
Total_Iterations:		4396
ConstraintSet:			P1

-------------------------------------------------------------------------------------------------------------------
Tour_Id:			1
No_of_Customers:		2
No_of_Items:			10
Customer_Sequence:		90 85 

CustId	Id	TypeId	Rotated	x	y	z	Length	Width	Height	mass	Fragility	LoadBearingStrength
85	338	93	0	0	0	0	34	13	10	656.54	0		23.864959
90	357	59	0	0	13	0	23	10	8	896.73	0		31.211354
85	337	91	0	0	0	10	24	10	12	1261.24	0		57.671090
85	335	10	0	0	0	22	18	13	7	286.76	0		10.278798
85	334	7	1	24	0	10	17	6	6	111.29	0		11.908945
90	354	16	0	34	0	0	23	14	14	705.93	0		6.969267
90	355	29	0	30	14	0	27	11	12	688.56	0		60.221117
85	336	89	1	24	0	16	21	5	8	562.11	0		38.521440
90	356	40	0	30	0	14	27	14	8	1636.29	1		22.084111
90	358	86	0	30	14	12	23	8	14	451.08	1		4.235719


-------------------------------------------------------------------------------------------------------------------
Tour_Id:			2
No_of_Customers:		3
No_of_Items:			14
Customer_Sequence:		42 92 5 

CustId	Id	TypeId	Rotated	x	y	z	Length	Width	Height	mass	Fragility	LoadBearingStrength
5	19	82	0	0	0	0	35	13	12	1089.17	0		16.753160
5	20	93	0	0	0	12	34	13	10	656.54	0		23.864959
5	21	95	0	0	13	0	14	10	11	285.63	0		13.433847
92	363	89	0	0	0	22	21	5	8	562.11	0		38.521440
5	18	69	0	14	13	0	19	11	7	228.56	0		9.369241
5	17	55	0	0	5	22	27	5	8	162.02	0		5.336564
5	16	30	0	35	0	0	20	14	8	372.06	0		6.508422
92	362	37	0	35	0	8	23	13	11	1633.32	1		10.681778
42	170	35	0	33	14	0	27	11	7	374.35	0		9.473951
42	169	32	0	14	14	7	21	7	9	214.23	0		20.854537
42	172	56	0	35	14	7	18	10	9	247.96	0		13.985507
42	171	43	0	0	13	11	12	10	8	180.68	0		35.410292
42	173	78	0	14	14	16	35	10	13	762.62	1		2.612056
42	168	6	0	34	0	19	24	13	8	478.41	1		2.136839


-------------------------------------------------------------------------------------------------------------------
Tour_Id:			3
No_of_Customers:		3
No_of_Items:			13
Customer_Sequence:		65 49 76 

CustId	Id	TypeId	Rotated	x	y	z	Length	Width	Height	mass	Fragility	LoadBearingStrength
76	296	28	0	0	0	0	13	9	13	227.98	0		9.311687
76	297	73	0	0	9	0	23	14	11	651.60	1		11.947735
49	196	39	0	13	0	0	19	5	9	119.06	0		19.247759
49	194	3	0	23	9	0	21	11	10	333.64	0		15.082454
49	195	27	0	23	20	0	31	5	12	196.53	0		15.103108
49	197	81	0	13	0	9	18	6	11	119.29	0		57.233788
76	298	87	0	0	9	11	21	13	8	362.91	1		10.631637
49	193	2	0	0	0	13	12	6	11	83.26	0		9.635568
49	198	94	0	0	6	19	18	12	11	1500.57	1		28.408091
65	255	99	0	23	9	10	28	10	13	695.05	0		21.104153
65	254	74	0	23	9	23	26	12	7	304.55	0		12.485419
65	253	68	0	32	0	0	27	7	10	227.74	0		55.934993
65	252	32	0	31	0	10	21	7	9	214.23	0		20.854537


-------------------------------------------------------------------------------------------------------------------
Tour_Id:			4
No_of_Customers:		2
No_of_Items:			8
Customer_Sequence:		62 69 

CustId	Id	TypeId	Rotated	x	y	z	Length	Width	Height	mass	Fragility	LoadBearingStrength
69	267	17	0	0	0	0	27	9	12	487.14	0		16.545392
69	269	35	0	0	9	0	27	11	7	374.35	0		9.473951
69	271	48	0	0	9	7	22	9	9	181.13	0		4.243549
69	270	47	0	0	0	12	13	9	13	160.47	0		5.782692
69	268	31	0	0	9	16	21	11	6	202.44	0		6.943917
69	272	65	0	27	0	0	26	11	12	828.26	1		3.360320
62	243	16	0	27	11	0	23	14	14	705.93	0		6.969267
62	244	91	0	27	11	14	24	10	12	1261.24	0		57.671090


-------------------------------------------------------------------------------------------------------------------
Tour_Id:			5
No_of_Customers:		5
No_of_Items:			16
Customer_Sequence:		7 33 59 52 55 

CustId	Id	TypeId	Rotated	x	y	z	Length	Width	Height	mass	Fragility	LoadBearingStrength
55	220	49	0	0	0	0	31	14	12	582.62	0		13.946720
55	221	62	0	0	14	0	23	5	7	136.86	0		9.906705
52	208	76	0	0	19	0	33	5	14	270.36	0		2.870336
52	207	22	0	0	0	12	23	14	6	284.56	0		9.770569
52	206	4	0	0	0	18	13	11	7	675.43	0		44.121528
59	232	61	0	0	14	7	28	5	11	264.91	0		11.060256
59	231	58	0	0	11	18	26	7	10	303.60	1		5.117303
33	137	88	0	31	0	0	16	14	13	426.77	0		48.248275
33	138	95	0	31	0	13	14	10	11	285.63	0		13.433847
33	135	10	1	47	0	0	18	13	7	286.76	0		10.278798
33	136	27	0	0	19	14	31	5	12	196.53	0		15.103108
7	25	10	1	47	0	7	18	13	7	286.76	0		10.278798
33	133	1	0	33	18	0	16	6	12	869.77	1		13.215066
7	26	15	0	45	0	14	14	12	13	303.82	0		7.427411
33	134	2	0	13	0	18	12	6	11	83.26	0		9.635568
7	24	2	0	45	12	14	12	6	11	83.26	0		9.635568


-------------------------------------------------------------------------------------------------------------------
Tour_Id:			6
No_of_Customers:		3
No_of_Items:			11
Customer_Sequence:		74 48 31 

CustId	Id	TypeId	Rotated	x	y	z	Length	Width	Height	mass	Fragility	LoadBearingStrength
31	125	11	0	0	0	0	30	14	8	640.61	1		23.328948
31	127	57	0	0	14	0	24	10	7	319.20	0		7.460042
31	126	46	0	0	14	7	21	7	14	367.65	0		11.859716
31	124	3	0	24	14	0	21	11	10	333.64	0		15.082454
48	191	44	0	24	14	10	18	11	9	319.99	0		7.302904
48	192	87	0	0	0	8	21	13	8	362.91	1		10.631637
74	291	96	0	30	0	0	30	13	14	793.90	0		16.363093
74	290	77	0	30	0	14	16	14	11	379.81	0		8.372447
74	287	42	1	46	0	14	17	14	8	531.32	0		7.926299
74	288	62	0	0	14	21	23	5	7	136.86	0		9.906705
74	289	73	0	0	0	16	23	14	11	651.60	1		11.947735


-------------------------------------------------------------------------------------------------------------------
Tour_Id:			7
No_of_Customers:		3
No_of_Items:			12
Customer_Sequence:		12 58 9 

CustId	Id	TypeId	Rotated	x	y	z	Length	Width	Height	mass	Fragility	LoadBearingStrength
9	31	5	0	0	0	0	28	13	7	481.29	0		19.616753
9	32	11	0	0	0	7	30	14	8	640.61	1		23.328948
9	34	38	0	0	14	0	24	11	11	383.61	0		7.931422
9	36	45	0	0	14	11	14	8	6	132.96	0		10.114016
9	33	36	0	0	14	17	13	5	10	120.62	0		31.331513
58	229	66	0	30	0	0	23	13	12	555.02	0		6.641934
9	35	43	0	14	14	11	12	10	8	180.68	0		35.410292
58	228	13	0	26	14	0	32	11	10	557.78	0		8.259475
58	230	76	0	26	14	10	33	5	14	270.36	0		2.870336
12	46	22	0	30	0	12	23	14	6	284.56	0		9.770569
12	44	7	0	26	19	10	17	6	6	111.29	0		11.908945
12	45	11	0	0	0	15	30	14	8	640.61	1		23.328948


-------------------------------------------------------------------------------------------------------------------
Tour_Id:			8
No_of_Customers:		2
No_of_Items:			8
Customer_Sequence:		57 22 

CustId	Id	TypeId	Rotated	x	y	z	Length	Width	Height	mass	Fragility	LoadBearingStrength
22	89	98	0	0	0	0	28	14	13	1963.87	0		32.639875
22	87	78	0	0	14	0	35	10	13	762.62	1		2.612056
57	225	67	0	0	0	13	34	6	12	2232.58	0		49.738082
22	88	80	0	28	0	0	27	11	10	310.12	0		7.598571
22	86	61	0	0	6	13	28	5	11	264.91	0		11.060256
57	227	72	0	28	6	10	27	6	12	1076.91	0		186.063884
57	226	70	0	35	14	0	23	9	9	226.75	0		20.481809
57	224	6	0	0	11	13	24	13	8	478.41	1		2.136839


-------------------------------------------------------------------------------------------------------------------
Tour_Id:			9
No_of_Customers:		3
No_of_Items:			13
Customer_Sequence:		30 54 13 

CustId	Id	TypeId	Rotated	x	y	z	Length	Width	Height	mass	Fragility	LoadBearingStrength
13	50	73	0	0	0	0	23	14	11	651.60	1		11.947735
13	48	61	0	0	14	0	28	5	11	264.91	0		11.060256
13	47	46	0	23	0	0	21	7	14	367.65	0		11.859716
13	49	67	0	0	19	0	34	6	12	2232.58	0		49.738082
54	219	77	0	34	7	0	16	14	11	379.81	0		8.372447
13	51	87	0	0	0	11	21	13	8	362.91	1		10.631637
54	215	27	0	0	14	11	31	5	12	196.53	0		15.103108
54	217	39	0	0	19	12	19	5	9	119.06	0		19.247759
54	216	37	0	0	0	19	23	13	11	1633.32	1		10.681778
54	218	58	0	23	0	14	26	7	10	303.60	1		5.117303
30	123	88	0	34	7	11	16	14	13	426.77	0		48.248275
30	122	48	1	50	0	0	22	9	9	181.13	0		4.243549
30	121	14	1	50	0	9	15	8	10	169.60	0		7.501339


-------------------------------------------------------------------------------------------------------------------
Tour_Id:			10
No_of_Customers:		2
No_of_Items:			12
Customer_Sequence:		24 86 

CustId	Id	TypeId	Rotated	x	y	z	Length	Width	Height	mass	Fragility	LoadBearingStrength
86	344	91	0	0	0	0	24	10	12	1261.24	0		57.671090
86	343	83	0	0	10	0	12	11	8	497.71	0		24.709399
86	341	30	0	12	10	0	20	14	8	372.06	0		6.508422
86	340	24	0	0	10	8	27	14	6	254.45	0		3.744018
86	339	11	0	0	10	14	30	14	8	640.61	1		23.328948
86	342	58	0	0	0	12	26	7	10	303.60	1		5.117303
24	96	54	0	26	0	0	33	7	12	400.04	0		17.462297
24	99	98	0	32	10	0	28	14	13	1963.87	0		32.639875
24	95	48	0	26	0	12	22	9	9	181.13	0		4.243549
24	94	47	0	32	10	13	13	9	13	160.47	0		5.782692
24	97	75	0	0	10	22	30	12	8	1476.26	1		18.785113
24	98	92	0	26	0	21	20	10	9	305.43	1		4.770586


-------------------------------------------------------------------------------------------------------------------
Tour_Id:			11
No_of_Customers:		3
No_of_Items:			8
Customer_Sequence:		51 3 6 

CustId	Id	TypeId	Rotated	x	y	z	Length	Width	Height	mass	Fragility	LoadBearingStrength
3	7	16	0	0	0	0	23	14	14	705.93	0		6.969267
6	23	48	0	0	14	0	22	9	9	181.13	0		4.243549
6	22	43	0	0	14	9	12	10	8	180.68	0		35.410292
3	8	47	0	0	0	14	13	9	13	160.47	0		5.782692
3	9	68	0	22	14	0	27	7	10	227.74	0		55.934993
51	204	63	0	23	0	0	35	13	10	571.37	0		7.097619
51	203	45	0	0	14	17	14	8	6	132.96	0		10.114016
51	205	86	0	22	14	10	23	8	14	451.08	1		4.235719


-------------------------------------------------------------------------------------------------------------------
Tour_Id:			12
No_of_Customers:		2
No_of_Items:			10
Customer_Sequence:		50 53 

CustId	Id	TypeId	Rotated	x	y	z	Length	Width	Height	mass	Fragility	LoadBearingStrength
53	209	16	0	0	0	0	23	14	14	705.93	0		6.969267
53	213	69	0	0	14	0	19	11	7	228.56	0		9.369241
53	211	32	0	0	14	7	21	7	9	214.23	0		20.854537
53	214	79	0	0	0	14	16	12	13	262.35	1		2.480277
53	212	63	0	23	0	0	35	13	10	571.37	0		7.097619
53	210	23	0	21	14	0	29	11	12	671.83	0		21.022266
50	201	67	0	21	14	12	34	6	12	2232.58	0		49.738082
50	200	48	0	23	0	10	22	9	9	181.13	0		4.243549
50	202	97	0	45	0	10	15	13	6	810.77	0		56.483694
50	199	2	0	0	14	16	12	6	11	83.26	0		9.635568


-------------------------------------------------------------------------------------------------------------------
Tour_Id:			13
No_of_Customers:		3
No_of_Items:			11
Customer_Sequence:		63 99 46 

CustId	Id	TypeId	Rotated	x	y	z	Length	Width	Height	mass	Fragility	LoadBearingStrength
46	187	37	0	0	0	0	23	13	11	1633.32	1		10.681778
46	186	33	0	0	13	0	27	7	11	351.13	0		11.123804
46	184	11	0	0	0	11	30	14	8	640.61	1		23.328948
99	393	72	0	0	14	11	27	6	12	1076.91	0		186.063884
46	185	12	0	0	20	0	15	5	7	101.33	0		15.997952
99	394	98	0	30	0	0	28	14	13	1963.87	0		32.639875
99	392	70	0	27	14	0	23	9	9	226.75	0		20.481809
99	391	28	0	27	14	9	13	9	13	227.98	0		9.311687
63	247	90	0	30	0	13	15	14	13	327.30	0		26.982105
63	246	44	1	45	0	13	18	11	9	319.99	0		7.302904
63	245	10	1	45	0	22	18	13	7	286.76	0		10.278798


-------------------------------------------------------------------------------------------------------------------
Tour_Id:			14
No_of_Customers:		2
No_of_Items:			9
Customer_Sequence:		39 77 

CustId	Id	TypeId	Rotated	x	y	z	Length	Width	Height	mass	Fragility	LoadBearingStrength
77	299	4	0	0	0	0	13	11	7	675.43	0		44.121528
77	303	98	0	0	11	0	28	14	13	1963.87	0		32.639875
77	302	87	0	0	11	13	21	13	8	362.91	1		10.631637
39	160	96	0	28	0	0	30	13	14	793.90	0		16.363093
77	300	4	0	0	0	7	13	11	7	675.43	0		44.121528
77	301	21	0	28	13	0	32	12	9	465.61	0		6.994894
39	159	63	0	21	0	14	35	13	10	571.37	0		7.097619
39	157	21	0	28	13	9	32	12	9	465.61	0		6.994894
39	158	54	0	21	13	18	33	7	12	400.04	0		17.462297


-------------------------------------------------------------------------------------------------------------------
Tour_Id:			15
No_of_Customers:		3
No_of_Items:			12
Customer_Sequence:		73 60 16 

CustId	Id	TypeId	Rotated	x	y	z	Length	Width	Height	mass	Fragility	LoadBearingStrength
16	61	5	0	0	0	0	28	13	7	481.29	0		19.616753
60	234	21	0	0	13	0	32	12	9	465.61	0		6.994894
16	62	60	0	0	0	7	31	11	8	497.09	0		12.751647
16	64	74	0	0	0	15	26	12	7	304.55	0		12.485419
16	63	64	0	31	0	0	28	11	9	373.85	0		25.988312
60	236	60	0	0	13	9	31	11	8	497.09	0		12.751647
60	238	81	0	0	12	17	18	6	11	119.29	0		57.233788
60	233	14	0	18	12	17	15	8	10	169.60	0		7.501339
60	237	64	0	31	0	9	28	11	9	373.85	0		25.988312
60	235	50	0	0	0	22	25	8	6	207.23	1		4.975587
73	285	23	0	26	0	18	29	11	12	671.83	0		21.022266
73	286	73	0	33	11	0	23	14	11	651.60	1		11.947735


-------------------------------------------------------------------------------------------------------------------
Tour_Id:			16
No_of_Customers:		3
No_of_Items:			12
Customer_Sequence:		88 47 20 

CustId	Id	TypeId	Rotated	x	y	z	Length	Width	Height	mass	Fragility	LoadBearingStrength
20	82	21	0	0	0	0	32	12	9	465.61	0		6.994894
20	80	8	0	0	0	9	32	14	8	609.21	0		3.892697
20	81	16	0	32	0	0	23	14	14	705.93	0		6.969267
20	83	42	0	0	0	17	17	14	8	531.32	0		7.926299
47	189	17	0	0	14	0	27	9	12	487.14	0		16.545392
47	190	33	0	0	14	12	27	7	11	351.13	0		11.123804
47	188	7	0	0	14	23	17	6	6	111.29	0		11.908945
88	347	9	0	27	14	0	23	11	8	214.57	0		4.537199
88	348	70	0	27	14	8	23	9	9	226.75	0		20.481809
88	350	84	0	17	0	17	17	13	7	404.31	0		18.007657
88	351	95	0	27	14	17	14	10	11	285.63	0		13.433847
88	349	73	0	34	0	14	23	14	11	651.60	1		11.947735


-------------------------------------------------------------------------------------------------------------------
Tour_Id:			17
No_of_Customers:		3
No_of_Items:			11
Customer_Sequence:		38 68 82 

CustId	Id	TypeId	Rotated	x	y	z	Length	Width	Height	mass	Fragility	LoadBearingStrength
82	327	71	0	0	0	0	35	12	8	2450.28	1		22.518258
82	324	3	0	0	12	0	21	11	10	333.64	0		15.082454
82	326	65	0	0	0	8	26	11	12	828.26	1		3.360320
82	325	63	0	21	12	0	35	13	10	571.37	0		7.097619
68	263	16	0	0	11	10	23	14	14	705.93	0		6.969267
68	266	88	0	23	11	10	16	14	13	426.77	0		48.248275
68	264	46	0	35	0	0	21	7	14	367.65	0		11.859716
68	265	58	0	0	0	20	26	7	10	303.60	1		5.117303
38	154	15	0	39	11	10	14	12	13	303.82	0		7.427411
38	155	19	0	23	11	23	14	12	7	187.01	0		21.051632
38	156	34	0	35	0	14	25	7	6	595.99	0		53.873173


-------------------------------------------------------------------------------------------------------------------
Tour_Id:			18
No_of_Customers:		3
No_of_Items:			8
Customer_Sequence:		83 43 37 

CustId	Id	TypeId	Rotated	x	y	z	Length	Width	Height	mass	Fragility	LoadBearingStrength
37	152	75	0	0	0	0	30	12	8	1476.26	1		18.785113
37	151	67	0	0	12	0	34	6	12	2232.58	0		49.738082
43	174	72	0	0	18	0	27	6	12	1076.91	0		186.063884
37	153	94	0	0	0	8	18	12	11	1500.57	1		28.408091
43	175	96	0	0	12	12	30	13	14	793.90	0		16.363093
37	150	30	0	34	0	0	20	14	8	372.06	0		6.508422
83	329	73	0	34	0	8	23	14	11	651.60	1		11.947735
83	328	11	0	30	0	19	30	14	8	640.61	1		23.328948


-------------------------------------------------------------------------------------------------------------------
Tour_Id:			19
No_of_Customers:		3
No_of_Items:			8
Customer_Sequence:		89 21 28 

CustId	Id	TypeId	Rotated	x	y	z	Length	Width	Height	mass	Fragility	LoadBearingStrength
28	116	80	0	0	0	0	27	11	10	310.12	0		7.598571
28	113	35	0	0	11	0	27	11	7	374.35	0		9.473951
28	114	68	0	0	11	7	27	7	10	227.74	0		55.934993
28	115	78	0	0	0	10	35	10	13	762.62	1		2.612056
21	84	26	0	0	11	17	34	7	11	454.78	0		21.470826
21	85	68	0	27	11	0	27	7	10	227.74	0		55.934993
89	352	27	0	27	18	0	31	5	12	196.53	0		15.103108
89	353	59	0	35	0	0	23	10	8	896.73	0		31.211354


-------------------------------------------------------------------------------------------------------------------
Tour_Id:			20
No_of_Customers:		2
No_of_Items:			12
Customer_Sequence:		80 18 

CustId	Id	TypeId	Rotated	x	y	z	Length	Width	Height	mass	Fragility	LoadBearingStrength
18	73	84	0	0	0	0	17	13	7	404.31	0		18.007657
18	74	93	0	17	0	0	34	13	10	656.54	0		23.864959
18	69	3	0	0	13	0	21	11	10	333.64	0		15.082454
18	71	27	0	17	0	10	31	5	12	196.53	0		15.103108
18	70	19	0	0	0	7	14	12	7	187.01	0		21.051632
80	317	56	0	0	13	10	18	10	9	247.96	0		13.985507
80	315	29	0	18	5	10	27	11	12	688.56	0		60.221117
80	313	21	0	21	13	0	32	12	9	465.61	0		6.994894
18	72	79	0	0	0	14	16	12	13	262.35	1		2.480277
80	314	28	1	51	0	0	13	9	13	227.98	0		9.311687
80	316	47	1	51	0	13	13	9	13	160.47	0		5.782692
80	318	87	0	17	0	22	21	13	8	362.91	1		10.631637


-------------------------------------------------------------------------------------------------------------------
Tour_Id:			21
No_of_Customers:		3
No_of_Items:			11
Customer_Sequence:		56 94 1 

CustId	Id	TypeId	Rotated	x	y	z	Length	Width	Height	mass	Fragility	LoadBearingStrength
1	3	91	0	0	0	0	24	10	12	1261.24	0		57.671090
1	2	90	0	0	10	0	15	14	13	327.30	0		26.982105
1	1	42	0	0	10	13	17	14	8	531.32	0		7.926299
94	370	13	0	17	10	0	32	11	10	557.78	0		8.259475
94	371	17	0	0	0	12	27	9	12	487.14	0		16.545392
94	373	60	0	17	10	10	31	11	8	497.09	0		12.751647
94	374	60	0	17	9	18	31	11	8	497.09	0		12.751647
94	372	42	0	0	10	21	17	14	8	531.32	0		7.926299
94	375	95	0	24	0	0	14	10	11	285.63	0		13.433847
56	223	47	0	38	0	0	13	9	13	160.47	0		5.782692
56	222	14	0	38	0	13	15	8	10	169.60	0		7.501339


-------------------------------------------------------------------------------------------------------------------
Tour_Id:			22
No_of_Customers:		2
No_of_Items:			10
Customer_Sequence:		32 78 

CustId	Id	TypeId	Rotated	x	y	z	Length	Width	Height	mass	Fragility	LoadBearingStrength
78	305	32	0	0	0	0	21	7	9	214.23	0		20.854537
78	306	35	0	0	7	0	27	11	7	374.35	0		9.473951
78	307	88	0	0	7	7	16	14	13	426.77	0		48.248275
78	304	6	0	27	0	0	24	13	8	478.41	1		2.136839
32	131	68	0	0	0	9	27	7	10	227.74	0		55.934993
32	132	80	0	27	13	0	27	11	10	310.12	0		7.598571
32	128	26	0	0	0	19	34	7	11	454.78	0		21.470826
32	130	68	0	27	13	10	27	7	10	227.74	0		55.934993
78	308	92	0	0	7	20	20	10	9	305.43	1		4.770586
32	129	52	0	34	0	8	18	8	14	250.67	1		2.806346


-------------------------------------------------------------------------------------------------------------------
Tour_Id:			23
No_of_Customers:		2
No_of_Items:			12
Customer_Sequence:		4 97 

CustId	Id	TypeId	Rotated	x	y	z	Length	Width	Height	mass	Fragility	LoadBearingStrength
97	387	60	0	0	0	0	31	11	8	497.09	0		12.751647
97	386	22	0	0	11	0	23	14	6	284.56	0		9.770569
97	384	6	0	0	11	6	24	13	8	478.41	1		2.136839
97	385	14	0	0	0	8	15	8	10	169.60	0		7.501339
97	382	3	0	15	0	8	21	11	10	333.64	0		15.082454
4	12	60	0	0	0	18	31	11	8	497.09	0		12.751647
4	13	63	0	24	11	0	35	13	10	571.37	0		7.097619
4	11	21	0	24	11	10	32	12	9	465.61	0		6.994894
97	383	3	0	36	0	0	21	11	10	333.64	0		15.082454
4	10	5	0	24	11	19	28	13	7	481.29	0		19.616753
4	15	95	0	36	0	10	14	10	11	285.63	0		13.433847
4	14	73	0	0	11	14	23	14	11	651.60	1		11.947735


-------------------------------------------------------------------------------------------------------------------
Tour_Id:			24
No_of_Customers:		3
No_of_Items:			13
Customer_Sequence:		27 35 14 

CustId	Id	TypeId	Rotated	x	y	z	Length	Width	Height	mass	Fragility	LoadBearingStrength
14	55	88	0	0	0	0	16	14	13	426.77	0		48.248275
14	54	47	0	0	14	0	13	9	13	160.47	0		5.782692
14	52	17	0	13	14	0	27	9	12	487.14	0		16.545392
14	53	40	0	16	0	0	27	14	8	1636.29	1		22.084111
35	142	34	1	0	0	13	25	7	6	595.99	0		53.873173
35	143	34	1	0	0	19	25	7	6	595.99	0		53.873173
35	144	36	1	7	0	13	13	5	10	120.62	0		31.331513
35	146	73	0	16	0	8	23	14	11	651.60	1		11.947735
35	145	65	0	13	14	12	26	11	12	828.26	1		3.360320
27	109	48	1	43	0	0	22	9	9	181.13	0		4.243549
27	110	57	1	43	0	9	24	10	7	319.20	0		7.460042
27	111	73	0	12	0	19	23	14	11	651.60	1		11.947735
27	112	79	1	43	0	16	16	12	13	262.35	1		2.480277


-------------------------------------------------------------------------------------------------------------------
Tour_Id:			25
No_of_Customers:		3
No_of_Items:			12
Customer_Sequence:		95 61 84 

CustId	Id	TypeId	Rotated	x	y	z	Length	Width	Height	mass	Fragility	LoadBearingStrength
84	332	49	0	0	0	0	31	14	12	582.62	0		13.946720
61	241	91	0	0	14	0	24	10	12	1261.24	0		57.671090
84	331	40	0	0	0	12	27	14	8	1636.29	1		22.084111
61	240	70	0	0	14	12	23	9	9	226.75	0		20.481809
84	330	31	0	31	0	0	21	11	6	202.44	0		6.943917
61	239	68	0	24	14	0	27	7	10	227.74	0		55.934993
84	333	50	0	0	0	20	25	8	6	207.23	1		4.975587
61	242	92	0	0	14	21	20	10	9	305.43	1		4.770586
95	378	53	0	24	14	10	34	6	10	386.40	0		14.833412
95	379	53	0	24	14	20	34	6	10	386.40	0		14.833412
95	376	44	0	31	0	6	18	11	9	319.99	0		7.302904
95	377	44	0	27	0	15	18	11	9	319.99	0		7.302904


-------------------------------------------------------------------------------------------------------------------
Tour_Id:			26
No_of_Customers:		3
No_of_Items:			13
Customer_Sequence:		25 64 91 

CustId	Id	TypeId	Rotated	x	y	z	Length	Width	Height	mass	Fragility	LoadBearingStrength
91	360	80	0	0	0	0	27	11	10	310.12	0		7.598571
64	249	61	0	0	11	0	28	5	11	264.91	0		11.060256
91	361	95	0	0	0	10	14	10	11	285.63	0		13.433847
25	102	49	0	28	0	0	31	14	12	582.62	0		13.946720
64	251	95	0	14	0	10	14	10	11	285.63	0		13.433847
64	250	91	0	28	14	0	24	10	12	1261.24	0		57.671090
25	104	74	0	0	0	21	26	12	7	304.55	0		12.485419
91	359	72	0	0	16	0	27	6	12	1076.91	0		186.063884
25	100	8	0	28	0	12	32	14	8	609.21	0		3.892697
25	101	26	0	0	16	12	34	7	11	454.78	0		21.470826
64	248	12	0	0	11	11	15	5	7	101.33	0		15.997952
25	103	55	0	28	0	20	27	5	8	162.02	0		5.336564
25	105	92	0	28	5	20	20	10	9	305.43	1		4.770586


-------------------------------------------------------------------------------------------------------------------
Tour_Id:			27
No_of_Customers:		4
No_of_Items:			13
Customer_Sequence:		75 71 8 96 

CustId	Id	TypeId	Rotated	x	y	z	Length	Width	Height	mass	Fragility	LoadBearingStrength
96	380	21	0	0	0	0	32	12	9	465.61	0		6.994894
8	28	69	0	0	12	0	19	11	7	228.56	0		9.369241
71	279	22	0	0	0	9	23	14	6	284.56	0		9.770569
8	30	84	0	19	12	0	17	13	7	404.31	0		18.007657
8	27	57	0	0	14	7	24	10	7	319.20	0		7.460042
71	280	61	0	0	14	14	28	5	11	264.91	0		11.060256
96	381	64	0	32	0	0	28	11	9	373.85	0		25.988312
8	29	69	0	36	12	0	19	11	7	228.56	0		9.369241
71	281	79	0	0	0	15	16	12	13	262.35	1		2.480277
75	293	35	0	23	0	9	27	11	7	374.35	0		9.473951
75	295	66	0	23	0	16	23	13	12	555.02	0		6.641934
75	294	55	0	0	19	14	27	5	8	162.02	0		5.336564
75	292	20	0	28	12	7	24	10	8	228.14	1		4.168094


-------------------------------------------------------------------------------------------------------------------
Tour_Id:			28
No_of_Customers:		3
No_of_Items:			11
Customer_Sequence:		34 67 10 

CustId	Id	TypeId	Rotated	x	y	z	Length	Width	Height	mass	Fragility	LoadBearingStrength
10	38	17	0	0	0	0	27	9	12	487.14	0		16.545392
10	37	5	0	0	9	0	28	13	7	481.29	0		19.616753
10	39	83	0	0	9	7	12	11	8	497.71	0		24.709399
67	262	99	0	28	0	0	28	10	13	695.05	0		21.104153
67	261	74	0	28	10	0	26	12	7	304.55	0		12.485419
67	260	70	0	0	0	12	23	9	9	226.75	0		20.481809
67	259	57	0	0	0	21	24	10	7	319.20	0		7.460042
67	258	4	0	0	10	15	13	11	7	675.43	0		44.121528
34	141	93	0	13	10	7	34	13	10	656.54	0		23.864959
34	139	22	0	13	10	17	23	14	6	284.56	0		9.770569
34	140	61	0	28	0	13	28	5	11	264.91	0		11.060256


-------------------------------------------------------------------------------------------------------------------
Tour_Id:			29
No_of_Customers:		3
No_of_Items:			13
Customer_Sequence:		81 23 11 

CustId	Id	TypeId	Rotated	x	y	z	Length	Width	Height	mass	Fragility	LoadBearingStrength
11	40	18	0	0	0	0	34	14	14	1172.49	0		18.097974
11	43	96	0	0	0	14	30	13	14	793.90	0		16.363093
11	42	76	0	0	14	0	33	5	14	270.36	0		2.870336
11	41	61	0	0	19	0	28	5	11	264.91	0		11.060256
23	90	26	0	0	13	14	34	7	11	454.78	0		21.470826
81	320	44	0	34	0	0	18	11	9	319.99	0		7.302904
23	92	66	0	34	11	0	23	13	12	555.02	0		6.641934
23	91	62	0	0	20	11	23	5	7	136.86	0		9.906705
81	323	91	0	34	0	9	24	10	12	1261.24	0		57.671090
81	319	35	0	30	0	21	27	11	7	374.35	0		9.473951
23	93	89	0	0	20	18	21	5	8	562.11	0		38.521440
81	321	62	0	34	11	12	23	5	7	136.86	0		9.906705
81	322	86	0	34	16	12	23	8	14	451.08	1		4.235719


-------------------------------------------------------------------------------------------------------------------
Tour_Id:			30
No_of_Customers:		2
No_of_Items:			7
Customer_Sequence:		17 26 

CustId	Id	TypeId	Rotated	x	y	z	Length	Width	Height	mass	Fragility	LoadBearingStrength
26	106	16	0	0	0	0	23	14	14	705.93	0		6.969267
26	108	63	0	23	0	0	35	13	10	571.37	0		7.097619
26	107	35	0	0	14	0	27	11	7	374.35	0		9.473951
17	65	26	0	0	14	7	34	7	11	454.78	0		21.470826
17	68	90	0	0	0	14	15	14	13	327.30	0		26.982105
17	67	82	0	23	0	10	35	13	12	1089.17	0		16.753160
17	66	33	0	0	14	18	27	7	11	351.13	0		11.123804


-------------------------------------------------------------------------------------------------------------------
Tour_Id:			31
No_of_Customers:		3
No_of_Items:			11
Customer_Sequence:		41 2 29 

CustId	Id	TypeId	Rotated	x	y	z	Length	Width	Height	mass	Fragility	LoadBearingStrength
29	118	22	0	0	0	0	23	14	6	284.56	0		9.770569
29	117	20	0	0	14	0	24	10	8	228.14	1		4.168094
2	5	34	0	0	0	6	25	7	6	595.99	0		53.873173
29	119	32	0	0	7	6	21	7	9	214.23	0		20.854537
2	4	28	0	0	7	15	13	9	13	227.98	0		9.311687
29	120	76	0	24	14	0	33	5	14	270.36	0		2.870336
2	6	89	0	0	0	12	21	5	8	562.11	0		38.521440
41	166	80	0	25	0	0	27	11	10	310.12	0		7.598571
41	164	25	0	25	0	10	19	13	6	179.94	0		12.733307
41	167	95	0	25	0	16	14	10	11	285.63	0		13.433847
41	165	53	0	24	19	0	34	6	10	386.40	0		14.833412


-------------------------------------------------------------------------------------------------------------------
Tour_Id:			32
No_of_Customers:		2
No_of_Items:			11
Customer_Sequence:		15 70 

CustId	Id	TypeId	Rotated	x	y	z	Length	Width	Height	mass	Fragility	LoadBearingStrength
70	277	96	0	0	0	0	30	13	14	793.90	0		16.363093
70	278	96	0	0	0	14	30	13	14	793.90	0		16.363093
70	274	22	0	30	0	0	23	14	6	284.56	0		9.770569
70	275	42	0	30	0	6	17	14	8	531.32	0		7.926299
15	56	13	0	0	14	0	32	11	10	557.78	0		8.259475
70	276	69	0	30	0	14	19	11	7	228.56	0		9.369241
70	273	10	0	30	0	21	18	13	7	286.76	0		10.278798
15	57	27	0	0	14	10	31	5	12	196.53	0		15.103108
15	58	39	0	0	19	10	19	5	9	119.06	0		19.247759
15	59	52	0	32	14	0	18	8	14	250.67	1		2.806346
15	60	92	0	31	13	14	20	10	9	305.43	1		4.770586


-------------------------------------------------------------------------------------------------------------------
Tour_Id:			33
No_of_Customers:		3
No_of_Items:			10
Customer_Sequence:		36 45 87 

CustId	Id	TypeId	Rotated	x	y	z	Length	Width	Height	mass	Fragility	LoadBearingStrength
45	180	55	0	0	0	0	27	5	8	162.02	0		5.336564
87	345	46	0	0	5	0	21	7	14	367.65	0		11.859716
45	181	63	0	0	12	0	35	13	10	571.37	0		7.097619
87	346	58	0	0	5	14	26	7	10	303.60	1		5.117303
45	179	41	0	0	12	10	30	12	11	601.35	0		6.368138
45	182	73	0	35	0	0	23	14	11	651.60	1		11.947735
45	183	79	0	35	0	11	16	12	13	262.35	1		2.480277
36	148	28	0	35	14	0	13	9	13	227.98	0		9.311687
36	147	4	0	0	12	21	13	11	7	675.43	0		44.121528
36	149	100	0	13	12	21	22	10	9	214.09	1		2.260334


-------------------------------------------------------------------------------------------------------------------
Tour_Id:			34
No_of_Customers:		2
No_of_Items:			10
Customer_Sequence:		100 79 

CustId	Id	TypeId	Rotated	x	y	z	Length	Width	Height	mass	Fragility	LoadBearingStrength
79	309	11	0	0	0	0	30	14	8	640.61	1		23.328948
100	400	98	0	30	0	0	28	14	13	1963.87	0		32.639875
79	310	13	0	0	14	0	32	11	10	557.78	0		8.259475
79	312	48	0	0	14	10	22	9	9	181.13	0		4.243549
100	395	25	0	30	0	13	19	13	6	179.94	0		12.733307
100	396	29	0	32	14	0	27	11	12	688.56	0		60.221117
79	311	33	0	0	14	19	27	7	11	351.13	0		11.123804
100	399	72	0	32	14	12	27	6	12	1076.91	0		186.063884
100	398	55	0	27	20	12	27	5	8	162.02	0		5.336564
100	397	36	0	27	20	20	13	5	10	120.62	0		31.331513


-------------------------------------------------------------------------------------------------------------------
Tour_Id:			35
No_of_Customers:		4
No_of_Items:			13
Customer_Sequence:		44 66 98 19 

CustId	Id	TypeId	Rotated	x	y	z	Length	Width	Height	mass	Fragility	LoadBearingStrength
19	77	64	0	0	0	0	28	11	9	373.85	0		25.988312
19	79	77	0	0	11	0	16	14	11	379.81	0		8.372447
19	78	70	0	0	0	9	23	9	9	226.75	0		20.481809
19	75	10	0	0	11	11	18	13	7	286.76	0		10.278798
19	76	37	0	0	0	18	23	13	11	1633.32	1		10.681778
98	388	8	0	28	0	0	32	14	8	609.21	0		3.892697
98	389	51	0	0	13	18	19	11	9	313.02	0		26.370123
98	390	81	0	18	14	0	18	6	11	119.29	0		57.233788
66	257	25	0	28	0	8	19	13	6	179.94	0		12.733307
66	256	7	0	28	0	14	17	6	6	111.29	0		11.908945
44	177	19	1	47	0	8	14	12	7	187.01	0		21.051632
44	176	12	0	28	6	14	15	5	7	101.33	0		15.997952
44	178	92	0	36	14	0	20	10	9	305.43	1		4.770586


-------------------------------------------------------------------------------------------------------------------
Tour_Id:			36
No_of_Customers:		3
No_of_Items:			12
Customer_Sequence:		93 72 40 

CustId	Id	TypeId	Rotated	x	y	z	Length	Width	Height	mass	Fragility	LoadBearingStrength
40	161	35	0	0	0	0	27	11	7	374.35	0		9.473951
40	163	71	0	0	11	0	35	12	8	2450.28	1		22.518258
40	162	39	0	0	0	7	19	5	9	119.06	0		19.247759
72	283	22	0	35	0	0	23	14	6	284.56	0		9.770569
93	368	76	0	0	5	7	33	5	14	270.36	0		2.870336
72	284	89	0	0	0	16	21	5	8	562.11	0		38.521440
93	364	29	0	33	0	6	27	11	12	688.56	0		60.221117
72	282	4	0	35	14	0	13	11	7	675.43	0		44.121528
93	365	33	0	33	0	18	27	7	11	351.13	0		11.123804
93	366	47	1	35	11	7	13	9	13	160.47	0		5.782692
93	367	65	0	0	11	8	26	11	12	828.26	1		3.360320
93	369	92	0	0	10	20	20	10	9	305.43	1		4.770586


