Name:				588_n100_m400_bt3
Problem:			3L-VRPTW
Number_of_used_Vehicles:	7
Total_Travel_Distance:		1082.88
Calculation_Time:		3600.00
Total_Iterations:		8576
ConstraintSet:			P1

-------------------------------------------------------------------------------------------------------------------
Tour_Id:			1
No_of_Customers:		5
No_of_Items:			28
Customer_Sequence:		96 57 67 73 94 

CustId	Id	TypeId	Rotated	x	y	z	Length	Width	Height	mass	Fragility	LoadBearingStrength
94	368	3	0	0	0	0	11	4	8	121.39	0		16.330786
94	369	3	0	0	4	0	11	4	8	121.39	0		16.330786
94	370	3	0	0	8	0	11	4	8	121.39	0		16.330786
94	371	3	0	0	12	0	11	4	8	121.39	0		16.330786
94	366	2	0	0	16	0	17	5	3	166.19	0		43.032039
94	367	2	0	0	16	3	17	5	3	166.19	0		43.032039
73	281	3	0	0	21	0	11	4	8	121.39	0		16.330786
73	282	3	0	0	16	6	11	4	8	121.39	0		16.330786
73	279	2	0	11	0	0	17	5	3	166.19	0		43.032039
73	280	2	0	11	5	0	17	5	3	166.19	0		43.032039
73	278	1	1	0	0	8	15	5	6	302.49	1		3.106763
67	256	3	0	0	21	8	11	4	8	121.39	0		16.330786
67	257	3	0	0	16	14	11	4	8	121.39	0		16.330786
67	255	2	0	11	10	0	17	5	3	166.19	0		43.032039
67	252	1	1	5	0	8	15	5	6	302.49	1		3.106763
67	253	1	1	0	0	14	15	5	6	302.49	1		3.106763
67	254	1	1	0	0	20	15	5	6	302.49	1		3.106763
57	221	3	0	0	21	16	11	4	8	121.39	0		16.330786
57	222	3	0	0	16	22	11	4	8	121.39	0		16.330786
57	223	3	0	11	21	0	11	4	8	121.39	0		16.330786
57	218	1	1	5	0	14	15	5	6	302.49	1		3.106763
57	219	1	1	5	0	20	15	5	6	302.49	1		3.106763
57	220	1	0	11	0	3	15	5	6	302.49	1		3.106763
96	381	2	0	11	5	3	17	5	3	166.19	0		43.032039
96	382	2	0	11	10	3	17	5	3	166.19	0		43.032039
96	378	1	0	10	0	9	15	5	6	302.49	1		3.106763
96	379	1	0	10	0	15	15	5	6	302.49	1		3.106763
96	380	1	0	10	0	21	15	5	6	302.49	1		3.106763


-------------------------------------------------------------------------------------------------------------------
Tour_Id:			2
No_of_Customers:		18
No_of_Items:			66
Customer_Sequence:		68 58 83 91 77 50 55 16 13 5 2 47 34 10 90 14 28 78 

CustId	Id	TypeId	Rotated	x	y	z	Length	Width	Height	mass	Fragility	LoadBearingStrength
78	302	3	0	0	0	0	11	4	8	121.39	0		16.330786
78	303	3	0	0	4	0	11	4	8	121.39	0		16.330786
78	301	2	0	0	8	0	17	5	3	166.19	0		43.032039
78	300	1	0	0	13	0	15	5	6	302.49	1		3.106763
28	106	3	0	0	18	0	11	4	8	121.39	0		16.330786
28	107	3	0	0	8	3	11	4	8	121.39	0		16.330786
28	108	3	0	0	0	8	11	4	8	121.39	0		16.330786
28	104	2	0	11	0	0	17	5	3	166.19	0		43.032039
28	105	2	0	11	18	0	17	5	3	166.19	0		43.032039
28	103	1	0	0	13	6	15	5	6	302.49	1		3.106763
14	52	3	0	0	4	8	11	4	8	121.39	0		16.330786
14	50	1	0	0	13	12	15	5	6	302.49	1		3.106763
14	51	1	0	0	13	18	15	5	6	302.49	1		3.106763
90	351	2	0	11	0	3	17	5	3	166.19	0		43.032039
90	352	2	0	11	18	3	17	5	3	166.19	0		43.032039
90	350	1	0	0	13	24	15	5	6	302.49	1		3.106763
77	298	2	0	11	0	6	17	5	3	166.19	0		43.032039
10	38	1	0	11	18	6	15	5	6	302.49	1		3.106763
10	39	1	0	11	18	12	15	5	6	302.49	1		3.106763
34	131	3	0	0	8	11	11	4	8	121.39	0		16.330786
34	132	3	0	0	0	16	11	4	8	121.39	0		16.330786
34	130	2	0	15	13	0	17	5	3	166.19	0		43.032039
47	185	2	0	15	13	3	17	5	3	166.19	0		43.032039
47	181	1	0	11	18	18	15	5	6	302.49	1		3.106763
47	182	1	0	11	18	24	15	5	6	302.49	1		3.106763
47	183	1	0	15	13	6	15	5	6	302.49	1		3.106763
47	184	1	0	15	13	12	15	5	6	302.49	1		3.106763
2	7	3	0	0	4	16	11	4	8	121.39	0		16.330786
2	8	3	0	0	8	19	11	4	8	121.39	0		16.330786
5	18	3	0	17	8	0	11	4	8	121.39	0		16.330786
5	19	3	0	17	8	8	11	4	8	121.39	0		16.330786
5	20	3	0	17	8	16	11	4	8	121.39	0		16.330786
13	49	3	0	28	8	0	11	4	8	121.39	0		16.330786
13	47	2	0	28	0	0	17	5	3	166.19	0		43.032039
13	48	2	0	28	18	0	17	5	3	166.19	0		43.032039
16	59	3	0	28	18	3	11	4	8	121.39	0		16.330786
16	60	3	0	26	18	11	11	4	8	121.39	0		16.330786
16	61	3	0	26	18	19	11	4	8	121.39	0		16.330786
16	57	2	0	28	0	3	17	5	3	166.19	0		43.032039
16	58	2	0	32	13	0	17	5	3	166.19	0		43.032039
16	56	1	0	15	13	18	15	5	6	302.49	1		3.106763
55	212	2	0	32	12	3	17	5	3	166.19	0		43.032039
55	213	2	0	30	12	6	17	5	3	166.19	0		43.032039
55	211	1	0	15	13	24	15	5	6	302.49	1		3.106763
50	194	2	0	30	12	9	17	5	3	166.19	0		43.032039
50	195	2	0	30	12	12	17	5	3	166.19	0		43.032039
50	196	2	0	30	12	15	17	5	3	166.19	0		43.032039
50	193	1	0	30	12	18	15	5	6	302.49	1		3.106763
77	299	3	0	11	0	9	11	4	8	121.39	0		16.330786
10	40	3	0	0	18	8	11	4	8	121.39	0		16.330786
77	296	1	0	28	0	6	15	5	6	302.49	1		3.106763
77	297	1	0	28	0	12	15	5	6	302.49	1		3.106763
91	355	3	0	28	8	8	11	4	8	121.39	0		16.330786
91	356	3	0	28	8	16	11	4	8	121.39	0		16.330786
91	357	3	0	39	5	0	11	4	8	121.39	0		16.330786
91	353	2	1	50	0	0	17	5	3	166.19	0		43.032039
91	354	2	1	50	0	3	17	5	3	166.19	0		43.032039
83	325	3	0	39	5	8	11	4	8	121.39	0		16.330786
83	326	3	0	39	5	16	11	4	8	121.39	0		16.330786
83	324	2	1	50	0	6	17	5	3	166.19	0		43.032039
83	323	1	0	17	8	24	15	5	6	302.49	1		3.106763
58	225	3	0	45	18	0	11	4	8	121.39	0		16.330786
58	224	2	1	50	0	9	17	5	3	166.19	0		43.032039
68	260	3	0	45	18	8	11	4	8	121.39	0		16.330786
68	259	2	1	50	0	12	17	5	3	166.19	0		43.032039
68	258	1	0	28	0	18	15	5	6	302.49	1		3.106763


-------------------------------------------------------------------------------------------------------------------
Tour_Id:			3
No_of_Customers:		14
No_of_Items:			57
Customer_Sequence:		66 9 71 7 42 25 32 31 69 86 4 84 99 21 

CustId	Id	TypeId	Rotated	x	y	z	Length	Width	Height	mass	Fragility	LoadBearingStrength
21	78	2	0	0	0	0	17	5	3	166.19	0		43.032039
21	76	1	0	0	5	0	15	5	6	302.49	1		3.106763
21	77	1	0	0	10	0	15	5	6	302.49	1		3.106763
99	393	3	0	0	15	0	11	4	8	121.39	0		16.330786
99	394	3	0	0	19	0	11	4	8	121.39	0		16.330786
99	389	2	0	0	0	3	17	5	3	166.19	0		43.032039
99	390	2	0	0	0	6	17	5	3	166.19	0		43.032039
99	391	2	0	0	0	9	17	5	3	166.19	0		43.032039
99	392	2	0	0	0	12	17	5	3	166.19	0		43.032039
84	329	2	0	0	0	15	17	5	3	166.19	0		43.032039
84	327	1	0	0	5	6	15	5	6	302.49	1		3.106763
84	328	1	0	0	10	6	15	5	6	302.49	1		3.106763
4	14	3	0	0	15	8	11	4	8	121.39	0		16.330786
4	15	3	0	0	19	8	11	4	8	121.39	0		16.330786
4	16	3	0	0	15	16	11	4	8	121.39	0		16.330786
4	17	3	0	0	19	16	11	4	8	121.39	0		16.330786
4	13	2	0	0	0	18	17	5	3	166.19	0		43.032039
86	338	2	0	0	0	21	17	5	3	166.19	0		43.032039
86	339	2	0	0	0	24	17	5	3	166.19	0		43.032039
86	334	1	0	0	5	12	15	5	6	302.49	1		3.106763
86	335	1	0	0	10	12	15	5	6	302.49	1		3.106763
86	336	1	0	0	5	18	15	5	6	302.49	1		3.106763
86	337	1	0	0	10	18	15	5	6	302.49	1		3.106763
69	263	3	0	11	15	0	11	4	8	121.39	0		16.330786
69	264	3	0	11	19	0	11	4	8	121.39	0		16.330786
69	265	3	0	11	15	8	11	4	8	121.39	0		16.330786
69	266	3	0	11	19	8	11	4	8	121.39	0		16.330786
69	261	2	0	0	0	27	17	5	3	166.19	0		43.032039
69	262	2	0	15	5	0	17	5	3	166.19	0		43.032039
31	119	3	0	11	15	16	11	4	8	121.39	0		16.330786
31	120	3	0	11	19	16	11	4	8	121.39	0		16.330786
31	118	2	0	0	15	24	17	5	3	166.19	0		43.032039
32	125	3	0	15	10	0	11	4	8	121.39	0		16.330786
32	122	2	0	0	15	27	17	5	3	166.19	0		43.032039
32	123	2	0	15	5	3	17	5	3	166.19	0		43.032039
32	124	2	0	15	5	6	17	5	3	166.19	0		43.032039
32	121	1	0	0	5	24	15	5	6	302.49	1		3.106763
25	93	3	0	15	10	8	11	4	8	121.39	0		16.330786
25	91	1	0	0	10	24	15	5	6	302.49	1		3.106763
25	92	1	0	15	5	9	15	5	6	302.49	1		3.106763
42	165	3	0	15	10	16	11	4	8	121.39	0		16.330786
42	166	3	0	17	0	0	11	4	8	121.39	0		16.330786
42	167	3	0	17	0	8	11	4	8	121.39	0		16.330786
7	28	3	0	17	0	16	11	4	8	121.39	0		16.330786
7	29	3	0	22	15	0	11	4	8	121.39	0		16.330786
7	27	2	0	22	19	0	17	5	3	166.19	0		43.032039
71	274	2	0	22	19	3	17	5	3	166.19	0		43.032039
71	271	1	0	15	5	15	15	5	6	302.49	1		3.106763
71	272	1	0	15	5	21	15	5	6	302.49	1		3.106763
71	273	1	0	22	19	6	15	5	6	302.49	1		3.106763
9	37	3	0	22	14	8	11	4	8	121.39	0		16.330786
9	36	2	0	26	10	0	17	5	3	166.19	0		43.032039
9	34	1	0	22	19	12	15	5	6	302.49	1		3.106763
9	35	1	0	22	19	18	15	5	6	302.49	1		3.106763
66	250	2	0	28	0	0	17	5	3	166.19	0		43.032039
66	251	2	0	28	0	3	17	5	3	166.19	0		43.032039
66	249	1	1	17	10	24	15	5	6	302.49	1		3.106763


-------------------------------------------------------------------------------------------------------------------
Tour_Id:			4
No_of_Customers:		16
No_of_Items:			64
Customer_Sequence:		60 92 45 1 41 87 56 18 62 40 36 51 24 85 49 93 

CustId	Id	TypeId	Rotated	x	y	z	Length	Width	Height	mass	Fragility	LoadBearingStrength
93	364	3	0	0	0	0	11	4	8	121.39	0		16.330786
93	365	3	0	0	4	0	11	4	8	121.39	0		16.330786
93	362	2	0	0	8	0	17	5	3	166.19	0		43.032039
93	363	2	0	0	13	0	17	5	3	166.19	0		43.032039
49	191	2	0	0	18	0	17	5	3	166.19	0		43.032039
49	192	2	0	0	8	3	17	5	3	166.19	0		43.032039
49	189	1	0	0	13	3	15	5	6	302.49	1		3.106763
49	190	1	0	0	18	3	15	5	6	302.49	1		3.106763
85	333	2	0	0	8	6	17	5	3	166.19	0		43.032039
85	330	1	0	0	8	9	15	5	6	302.49	1		3.106763
85	331	1	0	0	13	9	15	5	6	302.49	1		3.106763
85	332	1	0	0	18	9	15	5	6	302.49	1		3.106763
24	89	2	0	11	0	0	17	5	3	166.19	0		43.032039
24	90	2	0	11	0	3	17	5	3	166.19	0		43.032039
24	88	1	0	0	8	15	15	5	6	302.49	1		3.106763
51	200	3	0	0	0	8	11	4	8	121.39	0		16.330786
51	197	2	0	11	0	6	17	5	3	166.19	0		43.032039
51	198	2	0	11	0	9	17	5	3	166.19	0		43.032039
51	199	2	0	11	0	12	17	5	3	166.19	0		43.032039
36	142	3	0	0	0	16	11	4	8	121.39	0		16.330786
36	140	2	0	11	0	15	17	5	3	166.19	0		43.032039
36	141	2	0	11	0	18	17	5	3	166.19	0		43.032039
36	139	1	0	0	13	15	15	5	6	302.49	1		3.106763
40	160	2	0	11	0	21	17	5	3	166.19	0		43.032039
40	156	1	0	0	18	15	15	5	6	302.49	1		3.106763
40	157	1	1	0	5	21	15	5	6	302.49	1		3.106763
40	158	1	0	0	0	24	15	5	6	302.49	1		3.106763
40	159	1	1	5	5	21	15	5	6	302.49	1		3.106763
62	239	3	0	17	8	0	11	4	8	121.39	0		16.330786
62	240	3	0	17	12	0	11	4	8	121.39	0		16.330786
62	237	1	1	10	5	21	15	5	6	302.49	1		3.106763
62	238	1	0	15	0	24	15	5	6	302.49	1		3.106763
18	67	3	0	17	16	0	11	4	8	121.39	0		16.330786
18	65	2	0	17	20	0	17	5	3	166.19	0		43.032039
18	66	2	0	15	20	3	17	5	3	166.19	0		43.032039
18	64	1	0	15	20	6	15	5	6	302.49	1		3.106763
56	217	3	0	15	13	8	11	4	8	121.39	0		16.330786
56	214	1	0	15	20	12	15	5	6	302.49	1		3.106763
56	215	1	0	15	20	18	15	5	6	302.49	1		3.106763
56	216	1	0	15	20	24	15	5	6	302.49	1		3.106763
87	342	3	0	15	13	16	11	4	8	121.39	0		16.330786
87	343	3	0	17	8	8	11	4	8	121.39	0		16.330786
87	341	2	0	28	5	0	17	5	3	166.19	0		43.032039
87	340	1	0	28	12	0	15	5	6	302.49	1		3.106763
41	163	3	0	17	8	16	11	4	8	121.39	0		16.330786
41	164	3	0	28	5	3	11	4	8	121.39	0		16.330786
41	161	2	0	30	0	0	17	5	3	166.19	0		43.032039
41	162	2	0	30	0	3	17	5	3	166.19	0		43.032039
1	4	3	0	28	5	11	11	4	8	121.39	0		16.330786
1	5	3	0	28	5	19	11	4	8	121.39	0		16.330786
1	6	3	0	30	0	6	11	4	8	121.39	0		16.330786
1	2	2	0	34	20	0	17	5	3	166.19	0		43.032039
1	3	2	0	32	20	3	17	5	3	166.19	0		43.032039
1	1	1	0	28	12	6	15	5	6	302.49	1		3.106763
45	177	3	0	30	20	6	11	4	8	121.39	0		16.330786
45	175	2	0	43	10	0	17	5	3	166.19	0		43.032039
45	176	2	0	43	15	0	17	5	3	166.19	0		43.032039
92	361	3	0	30	0	14	11	4	8	121.39	0		16.330786
92	358	2	0	43	10	3	17	5	3	166.19	0		43.032039
92	359	2	0	43	15	3	17	5	3	166.19	0		43.032039
92	360	2	0	43	10	6	17	5	3	166.19	0		43.032039
60	233	3	0	30	20	14	11	4	8	121.39	0		16.330786
60	232	2	0	43	15	6	17	5	3	166.19	0		43.032039
60	231	1	0	26	12	12	15	5	6	302.49	1		3.106763


-------------------------------------------------------------------------------------------------------------------
Tour_Id:			5
No_of_Customers:		17
No_of_Items:			67
Customer_Sequence:		44 76 33 59 64 6 12 11 97 95 35 53 72 80 30 61 75 

CustId	Id	TypeId	Rotated	x	y	z	Length	Width	Height	mass	Fragility	LoadBearingStrength
75	290	3	0	0	0	0	11	4	8	121.39	0		16.330786
75	291	3	0	0	4	0	11	4	8	121.39	0		16.330786
75	288	2	0	0	8	0	17	5	3	166.19	0		43.032039
75	289	2	0	0	13	0	17	5	3	166.19	0		43.032039
75	287	1	0	0	18	0	15	5	6	302.49	1		3.106763
61	234	3	0	0	8	3	11	4	8	121.39	0		16.330786
61	235	3	0	0	12	3	11	4	8	121.39	0		16.330786
61	236	3	0	0	0	8	11	4	8	121.39	0		16.330786
30	117	3	0	0	4	8	11	4	8	121.39	0		16.330786
30	116	2	0	11	0	0	17	5	3	166.19	0		43.032039
30	115	1	0	0	18	6	15	5	6	302.49	1		3.106763
80	310	3	0	0	8	11	11	4	8	121.39	0		16.330786
80	308	2	0	11	0	3	17	5	3	166.19	0		43.032039
80	309	2	0	11	0	6	17	5	3	166.19	0		43.032039
80	307	1	0	0	18	12	15	5	6	302.49	1		3.106763
72	276	3	0	0	12	11	11	4	8	121.39	0		16.330786
72	277	3	0	0	0	16	11	4	8	121.39	0		16.330786
72	275	2	0	11	0	9	17	5	3	166.19	0		43.032039
53	206	2	0	11	0	12	17	5	3	166.19	0		43.032039
53	205	1	0	0	18	18	15	5	6	302.49	1		3.106763
35	137	3	0	0	4	16	11	4	8	121.39	0		16.330786
35	138	3	0	0	8	19	11	4	8	121.39	0		16.330786
35	135	2	0	11	0	15	17	5	3	166.19	0		43.032039
35	136	2	0	11	0	18	17	5	3	166.19	0		43.032039
35	133	1	0	0	18	24	15	5	6	302.49	1		3.106763
35	134	1	0	11	0	21	15	5	6	302.49	1		3.106763
95	376	3	0	0	12	19	11	4	8	121.39	0		16.330786
95	377	3	0	15	18	0	11	4	8	121.39	0		16.330786
95	374	2	0	17	8	0	17	5	3	166.19	0		43.032039
95	375	2	0	11	8	3	17	5	3	166.19	0		43.032039
95	372	1	0	11	8	6	15	5	6	302.49	1		3.106763
95	373	1	0	11	8	12	15	5	6	302.49	1		3.106763
97	384	3	0	15	18	8	11	4	8	121.39	0		16.330786
97	383	2	0	17	13	0	17	5	3	166.19	0		43.032039
11	42	3	0	11	13	3	11	4	8	121.39	0		16.330786
11	43	3	0	11	13	11	11	4	8	121.39	0		16.330786
11	41	1	0	11	8	18	15	5	6	302.49	1		3.106763
12	46	3	0	11	13	19	11	4	8	121.39	0		16.330786
12	44	2	0	0	12	27	17	5	3	166.19	0		43.032039
12	45	2	0	26	18	0	17	5	3	166.19	0		43.032039
6	24	2	0	26	18	3	17	5	3	166.19	0		43.032039
6	25	2	0	26	18	6	17	5	3	166.19	0		43.032039
6	26	2	0	26	18	9	17	5	3	166.19	0		43.032039
6	21	1	0	22	13	3	15	5	6	302.49	1		3.106763
6	22	1	0	22	13	9	15	5	6	302.49	1		3.106763
6	23	1	0	22	13	15	15	5	6	302.49	1		3.106763
64	246	3	0	15	18	16	11	4	8	121.39	0		16.330786
64	245	2	0	26	18	12	17	5	3	166.19	0		43.032039
64	243	1	0	22	13	21	15	5	6	302.49	1		3.106763
64	244	1	0	26	18	15	15	5	6	302.49	1		3.106763
59	228	3	0	28	0	0	11	4	8	121.39	0		16.330786
59	229	3	0	28	4	0	11	4	8	121.39	0		16.330786
59	230	3	0	28	0	8	11	4	8	121.39	0		16.330786
59	226	1	0	26	18	21	15	5	6	302.49	1		3.106763
59	227	1	0	34	8	0	15	5	6	302.49	1		3.106763
33	127	2	0	39	0	0	17	5	3	166.19	0		43.032039
33	128	2	0	39	0	3	17	5	3	166.19	0		43.032039
33	129	2	0	39	0	6	17	5	3	166.19	0		43.032039
33	126	1	0	34	8	6	15	5	6	302.49	1		3.106763
76	295	3	0	28	0	16	11	4	8	121.39	0		16.330786
76	292	2	0	39	0	9	17	5	3	166.19	0		43.032039
76	293	2	0	39	0	12	17	5	3	166.19	0		43.032039
76	294	2	0	39	0	15	17	5	3	166.19	0		43.032039
44	174	3	0	39	0	18	11	4	8	121.39	0		16.330786
44	171	2	0	43	18	0	17	5	3	166.19	0		43.032039
44	172	2	0	43	18	3	17	5	3	166.19	0		43.032039
44	173	2	0	43	18	6	17	5	3	166.19	0		43.032039


-------------------------------------------------------------------------------------------------------------------
Tour_Id:			6
No_of_Customers:		16
No_of_Items:			63
Customer_Sequence:		52 20 63 48 37 100 27 38 43 81 19 23 39 89 15 3 

CustId	Id	TypeId	Rotated	x	y	z	Length	Width	Height	mass	Fragility	LoadBearingStrength
3	11	3	0	0	0	0	11	4	8	121.39	0		16.330786
3	12	3	0	0	4	0	11	4	8	121.39	0		16.330786
3	10	2	0	0	8	0	17	5	3	166.19	0		43.032039
3	9	1	0	0	13	0	15	5	6	302.49	1		3.106763
15	55	3	0	0	18	0	11	4	8	121.39	0		16.330786
15	54	2	0	0	8	3	17	5	3	166.19	0		43.032039
15	53	1	0	0	8	6	15	5	6	302.49	1		3.106763
89	349	3	0	0	0	8	11	4	8	121.39	0		16.330786
89	347	2	0	11	0	0	17	5	3	166.19	0		43.032039
89	348	2	0	11	18	0	17	5	3	166.19	0		43.032039
39	155	3	0	0	4	8	11	4	8	121.39	0		16.330786
39	154	2	0	11	0	3	17	5	3	166.19	0		43.032039
39	151	1	0	0	13	6	15	5	6	302.49	1		3.106763
39	152	1	0	0	8	12	15	5	6	302.49	1		3.106763
39	153	1	0	0	13	12	15	5	6	302.49	1		3.106763
23	84	2	0	11	18	3	17	5	3	166.19	0		43.032039
23	85	2	0	11	0	6	17	5	3	166.19	0		43.032039
23	86	2	0	11	18	6	17	5	3	166.19	0		43.032039
23	87	2	0	11	0	9	17	5	3	166.19	0		43.032039
23	83	1	0	0	8	18	15	5	6	302.49	1		3.106763
19	70	3	0	0	0	16	11	4	8	121.39	0		16.330786
19	71	3	0	0	4	16	11	4	8	121.39	0		16.330786
19	72	3	0	11	18	9	11	4	8	121.39	0		16.330786
19	73	3	0	11	0	12	11	4	8	121.39	0		16.330786
19	68	2	0	15	13	0	17	5	3	166.19	0		43.032039
19	69	2	0	15	13	3	17	5	3	166.19	0		43.032039
81	316	3	0	11	18	17	11	4	8	121.39	0		16.330786
81	313	2	0	15	13	6	17	5	3	166.19	0		43.032039
81	314	2	0	15	13	9	17	5	3	166.19	0		43.032039
81	315	2	0	15	13	12	17	5	3	166.19	0		43.032039
81	311	1	0	0	13	18	15	5	6	302.49	1		3.106763
81	312	1	1	0	0	24	15	5	6	302.49	1		3.106763
43	169	2	0	15	13	15	17	5	3	166.19	0		43.032039
43	170	2	0	15	13	18	17	5	3	166.19	0		43.032039
43	168	1	1	5	0	24	15	5	6	302.49	1		3.106763
38	149	3	0	11	0	20	11	4	8	121.39	0		16.330786
38	150	3	0	15	13	21	11	4	8	121.39	0		16.330786
27	100	3	0	17	8	0	11	4	8	121.39	0		16.330786
27	101	3	0	17	8	8	11	4	8	121.39	0		16.330786
27	102	3	0	17	8	16	11	4	8	121.39	0		16.330786
100	399	3	0	28	0	0	11	4	8	121.39	0		16.330786
100	400	3	0	28	4	0	11	4	8	121.39	0		16.330786
100	397	2	0	28	8	0	17	5	3	166.19	0		43.032039
100	398	2	0	28	18	0	17	5	3	166.19	0		43.032039
100	395	1	0	28	8	3	15	5	6	302.49	1		3.106763
100	396	1	0	28	18	3	15	5	6	302.49	1		3.106763
37	147	3	0	28	0	8	11	4	8	121.39	0		16.330786
37	148	3	0	28	4	8	11	4	8	121.39	0		16.330786
37	144	2	0	32	13	0	17	5	3	166.19	0		43.032039
37	145	2	0	32	13	3	17	5	3	166.19	0		43.032039
37	146	2	0	32	13	6	17	5	3	166.19	0		43.032039
37	143	1	0	22	18	9	15	5	6	302.49	1		3.106763
48	187	2	0	32	13	9	17	5	3	166.19	0		43.032039
48	188	2	0	32	13	12	17	5	3	166.19	0		43.032039
48	186	1	0	22	18	15	15	5	6	302.49	1		3.106763
63	242	3	0	28	0	16	11	4	8	121.39	0		16.330786
63	241	1	0	22	17	21	15	5	6	302.49	1		3.106763
20	75	3	0	28	4	16	11	4	8	121.39	0		16.330786
20	74	2	0	39	0	0	17	5	3	166.19	0		43.032039
52	202	3	0	32	13	15	11	4	8	121.39	0		16.330786
52	203	3	0	39	0	3	11	4	8	121.39	0		16.330786
52	204	3	0	39	0	11	11	4	8	121.39	0		16.330786
52	201	1	0	28	8	9	15	5	6	302.49	1		3.106763


-------------------------------------------------------------------------------------------------------------------
Tour_Id:			7
No_of_Customers:		14
No_of_Items:			55
Customer_Sequence:		29 98 79 54 88 8 17 65 22 46 74 26 70 82 

CustId	Id	TypeId	Rotated	x	y	z	Length	Width	Height	mass	Fragility	LoadBearingStrength
82	322	3	0	0	0	0	11	4	8	121.39	0		16.330786
82	320	2	0	0	4	0	17	5	3	166.19	0		43.032039
82	321	2	0	0	9	0	17	5	3	166.19	0		43.032039
82	317	1	0	0	14	0	15	5	6	302.49	1		3.106763
82	318	1	0	0	19	0	15	5	6	302.49	1		3.106763
82	319	1	0	0	4	3	15	5	6	302.49	1		3.106763
70	269	3	0	0	9	3	11	4	8	121.39	0		16.330786
70	270	3	0	0	0	8	11	4	8	121.39	0		16.330786
70	268	2	0	15	14	0	17	5	3	166.19	0		43.032039
70	267	1	0	0	14	6	15	5	6	302.49	1		3.106763
26	98	3	0	0	9	11	11	4	8	121.39	0		16.330786
26	99	3	0	0	0	16	11	4	8	121.39	0		16.330786
26	96	2	0	15	19	0	17	5	3	166.19	0		43.032039
26	97	2	0	15	14	3	17	5	3	166.19	0		43.032039
26	94	1	0	0	19	6	15	5	6	302.49	1		3.106763
26	95	1	0	0	4	9	15	5	6	302.49	1		3.106763
74	285	3	0	0	9	19	11	4	8	121.39	0		16.330786
74	286	3	0	11	0	0	11	4	8	121.39	0		16.330786
74	284	2	0	15	19	3	17	5	3	166.19	0		43.032039
74	283	1	0	0	13	12	15	5	6	302.49	1		3.106763
46	178	1	0	0	18	12	15	5	6	302.49	1		3.106763
46	179	1	0	0	4	15	15	5	6	302.49	1		3.106763
46	180	1	0	0	13	18	15	5	6	302.49	1		3.106763
22	81	3	0	11	0	8	11	4	8	121.39	0		16.330786
22	82	3	0	11	0	16	11	4	8	121.39	0		16.330786
22	80	2	0	0	0	24	17	5	3	166.19	0		43.032039
22	79	1	0	0	18	18	15	5	6	302.49	1		3.106763
65	248	2	0	0	0	27	17	5	3	166.19	0		43.032039
65	247	1	0	0	13	24	15	5	6	302.49	1		3.106763
17	63	3	0	15	14	6	11	4	8	121.39	0		16.330786
17	62	1	0	0	18	24	15	5	6	302.49	1		3.106763
8	33	3	0	15	18	6	11	4	8	121.39	0		16.330786
8	31	2	0	17	4	0	17	5	3	166.19	0		43.032039
8	32	2	0	17	9	0	17	5	3	166.19	0		43.032039
8	30	1	0	17	4	3	15	5	6	302.49	1		3.106763
88	346	3	0	11	9	3	11	4	8	121.39	0		16.330786
88	344	1	0	17	4	9	15	5	6	302.49	1		3.106763
88	345	1	0	17	4	15	15	5	6	302.49	1		3.106763
54	209	2	0	32	14	0	17	5	3	166.19	0		43.032039
54	210	2	0	32	19	0	17	5	3	166.19	0		43.032039
54	207	1	0	17	4	21	15	5	6	302.49	1		3.106763
54	208	1	0	22	9	3	15	5	6	302.49	1		3.106763
79	305	2	0	32	14	3	17	5	3	166.19	0		43.032039
79	306	2	0	26	14	6	17	5	3	166.19	0		43.032039
79	304	1	0	22	9	9	15	5	6	302.49	1		3.106763
98	386	2	0	26	14	9	17	5	3	166.19	0		43.032039
98	387	2	0	26	14	12	17	5	3	166.19	0		43.032039
98	388	2	0	26	14	15	17	5	3	166.19	0		43.032039
98	385	1	0	22	9	15	15	5	6	302.49	1		3.106763
29	114	3	0	22	0	0	11	4	8	121.39	0		16.330786
29	112	2	0	26	14	18	17	5	3	166.19	0		43.032039
29	113	2	0	26	14	21	17	5	3	166.19	0		43.032039
29	109	1	0	22	9	21	15	5	6	302.49	1		3.106763
29	110	1	0	26	14	24	15	5	6	302.49	1		3.106763
29	111	1	0	32	19	3	15	5	6	302.49	1		3.106763


