Name:				589_n100_m400_bt3
Problem:			3L-VRPTW
Number_of_used_Vehicles:	8
Total_Travel_Distance:		948.74
Calculation_Time:		2438.98
Total_Iterations:		14670
ConstraintSet:			P1

-------------------------------------------------------------------------------------------------------------------
Tour_Id:			1
No_of_Customers:		14
No_of_Items:			56
Customer_Sequence:		75 42 86 55 70 18 34 3 1 49 9 60 59 82 

CustId	Id	TypeId	Rotated	x	y	z	Length	Width	Height	mass	Fragility	LoadBearingStrength
82	324	3	0	0	0	0	17	5	4	206.27	0		18.474088
82	323	2	0	0	5	0	15	4	4	297.61	0		24.468622
82	319	1	0	0	9	0	9	5	5	130.74	1		3.786866
82	320	1	0	0	14	0	9	5	5	130.74	1		3.786866
82	321	1	0	0	19	0	9	5	5	130.74	1		3.786866
82	322	1	0	0	0	4	9	5	5	130.74	1		3.786866
59	223	3	0	9	9	0	17	5	4	206.27	0		18.474088
59	222	2	0	0	5	4	15	4	4	297.61	0		24.468622
60	226	3	0	9	14	0	17	5	4	206.27	0		18.474088
60	227	3	0	9	19	0	17	5	4	206.27	0		18.474088
60	225	2	0	0	5	8	15	4	4	297.61	0		24.468622
60	224	1	0	0	9	5	9	5	5	130.74	1		3.786866
9	38	3	0	9	9	4	17	5	4	206.27	0		18.474088
9	36	2	0	0	5	12	15	4	4	297.61	0		24.468622
9	37	2	0	0	5	16	15	4	4	297.61	0		24.468622
9	35	1	0	0	14	5	9	5	5	130.74	1		3.786866
49	190	3	0	9	14	4	17	5	4	206.27	0		18.474088
49	188	2	0	0	5	20	15	4	4	297.61	0		24.468622
49	189	2	0	0	5	24	15	4	4	297.61	0		24.468622
49	187	1	0	0	19	5	9	5	5	130.74	1		3.786866
1	2	3	0	9	19	4	17	5	4	206.27	0		18.474088
1	1	1	0	0	0	9	9	5	5	130.74	1		3.786866
3	8	3	0	9	9	8	17	5	4	206.27	0		18.474088
3	6	2	0	9	14	8	15	4	4	297.61	0		24.468622
3	7	2	0	9	18	8	15	4	4	297.61	0		24.468622
34	127	3	0	9	9	12	17	5	4	206.27	0		18.474088
34	128	3	0	9	14	12	17	5	4	206.27	0		18.474088
34	125	2	0	9	19	12	15	4	4	297.61	0		24.468622
34	126	2	0	9	9	16	15	4	4	297.61	0		24.468622
34	124	1	0	0	0	14	9	5	5	130.74	1		3.786866
18	70	3	0	9	13	16	17	5	4	206.27	0		18.474088
18	71	3	0	9	18	16	17	5	4	206.27	0		18.474088
18	69	2	0	9	9	20	15	4	4	297.61	0		24.468622
18	68	1	0	0	0	19	9	5	5	130.74	1		3.786866
70	272	3	0	9	13	20	17	5	4	206.27	0		18.474088
70	273	3	0	9	18	20	17	5	4	206.27	0		18.474088
70	271	2	0	9	9	24	15	4	4	297.61	0		24.468622
70	270	1	0	0	0	24	9	5	5	130.74	1		3.786866
55	210	3	0	9	13	24	17	5	4	206.27	0		18.474088
55	211	3	0	9	18	24	17	5	4	206.27	0		18.474088
55	208	2	0	15	5	0	15	4	4	297.61	0		24.468622
55	209	2	0	15	5	4	15	4	4	297.61	0		24.468622
86	344	3	0	17	0	0	17	5	4	206.27	0		18.474088
86	341	2	0	9	0	4	15	4	4	297.61	0		24.468622
86	342	2	0	9	0	8	15	4	4	297.61	0		24.468622
86	343	2	0	9	0	12	15	4	4	297.61	0		24.468622
42	159	3	0	26	9	0	17	5	4	206.27	0		18.474088
42	160	3	0	26	14	0	17	5	4	206.27	0		18.474088
42	158	2	0	9	0	16	15	4	4	297.61	0		24.468622
42	157	1	0	9	0	20	9	5	5	130.74	1		3.786866
75	298	3	0	26	19	0	17	5	4	206.27	0		18.474088
75	296	2	0	15	5	8	15	4	4	297.61	0		24.468622
75	297	2	0	15	5	12	15	4	4	297.61	0		24.468622
75	293	1	0	9	0	25	9	5	5	130.74	1		3.786866
75	294	1	0	24	0	4	9	5	5	130.74	1		3.786866
75	295	1	0	24	0	9	9	5	5	130.74	1		3.786866


-------------------------------------------------------------------------------------------------------------------
Tour_Id:			2
No_of_Customers:		15
No_of_Items:			58
Customer_Sequence:		65 63 7 46 15 36 29 31 52 81 83 77 26 24 94 

CustId	Id	TypeId	Rotated	x	y	z	Length	Width	Height	mass	Fragility	LoadBearingStrength
94	378	3	0	0	0	0	17	5	4	206.27	0		18.474088
94	379	3	0	0	5	0	17	5	4	206.27	0		18.474088
94	377	2	0	0	10	0	15	4	4	297.61	0		24.468622
94	375	1	0	0	14	0	9	5	5	130.74	1		3.786866
94	376	1	0	0	19	0	9	5	5	130.74	1		3.786866
24	93	3	0	0	0	4	17	5	4	206.27	0		18.474088
24	90	2	0	0	5	4	15	4	4	297.61	0		24.468622
24	91	2	0	0	9	4	15	4	4	297.61	0		24.468622
24	92	2	0	0	0	8	15	4	4	297.61	0		24.468622
26	100	3	0	0	4	8	17	5	4	206.27	0		18.474088
26	99	1	0	0	14	5	9	5	5	130.74	1		3.786866
77	305	3	0	0	0	12	17	5	4	206.27	0		18.474088
77	304	2	0	0	9	8	15	4	4	297.61	0		24.468622
77	303	1	0	0	19	5	9	5	5	130.74	1		3.786866
83	330	3	0	0	5	12	17	5	4	206.27	0		18.474088
83	328	2	0	0	10	12	15	4	4	297.61	0		24.468622
83	329	2	0	0	0	16	15	4	4	297.61	0		24.468622
83	325	1	0	0	14	10	9	5	5	130.74	1		3.786866
83	326	1	0	0	19	10	9	5	5	130.74	1		3.786866
83	327	1	0	0	14	15	9	5	5	130.74	1		3.786866
81	318	3	0	0	4	16	17	5	4	206.27	0		18.474088
81	316	2	0	0	9	16	15	4	4	297.61	0		24.468622
81	317	2	0	0	0	20	15	4	4	297.61	0		24.468622
81	315	1	0	0	19	15	9	5	5	130.74	1		3.786866
52	200	2	0	0	4	20	15	4	4	297.61	0		24.468622
52	199	1	0	0	8	20	9	5	5	130.74	1		3.786866
31	113	1	0	0	13	20	9	5	5	130.74	1		3.786866
31	114	1	0	0	18	20	9	5	5	130.74	1		3.786866
29	109	3	0	0	0	24	17	5	4	206.27	0		18.474088
29	108	2	0	9	14	0	15	4	4	297.61	0		24.468622
29	107	1	0	0	8	25	9	5	5	130.74	1		3.786866
36	135	2	0	9	18	0	15	4	4	297.61	0		24.468622
36	136	2	0	9	14	4	15	4	4	297.61	0		24.468622
36	134	1	0	0	13	25	9	5	5	130.74	1		3.786866
15	61	2	0	9	18	4	15	4	4	297.61	0		24.468622
15	62	2	0	9	14	8	15	4	4	297.61	0		24.468622
15	57	1	0	0	18	25	9	5	5	130.74	1		3.786866
15	58	1	0	9	18	8	9	5	5	130.74	1		3.786866
15	59	1	0	9	18	13	9	5	5	130.74	1		3.786866
15	60	1	0	9	18	18	9	5	5	130.74	1		3.786866
46	176	2	0	9	14	12	15	4	4	297.61	0		24.468622
46	177	2	0	9	13	16	15	4	4	297.61	0		24.468622
46	178	2	0	9	13	20	15	4	4	297.61	0		24.468622
46	175	1	0	9	18	23	9	5	5	130.74	1		3.786866
7	27	3	0	17	0	0	17	5	4	206.27	0		18.474088
7	28	3	0	17	5	0	17	5	4	206.27	0		18.474088
7	29	3	0	17	0	4	17	5	4	206.27	0		18.474088
7	25	2	0	9	13	24	15	4	4	297.61	0		24.468622
7	26	2	0	17	5	4	15	4	4	297.61	0		24.468622
63	239	3	0	17	0	8	17	5	4	206.27	0		18.474088
63	240	3	0	17	0	12	17	5	4	206.27	0		18.474088
63	238	2	0	17	5	8	15	4	4	297.61	0		24.468622
63	237	1	0	17	5	12	9	5	5	130.74	1		3.786866
65	246	3	0	17	0	16	17	5	4	206.27	0		18.474088
65	247	3	0	17	0	20	17	5	4	206.27	0		18.474088
65	248	3	0	17	0	24	17	5	4	206.27	0		18.474088
65	244	1	0	17	5	17	9	5	5	130.74	1		3.786866
65	245	1	0	15	5	22	9	5	5	130.74	1		3.786866


-------------------------------------------------------------------------------------------------------------------
Tour_Id:			3
No_of_Customers:		11
No_of_Items:			47
Customer_Sequence:		28 6 62 99 16 96 13 51 37 74 69 

CustId	Id	TypeId	Rotated	x	y	z	Length	Width	Height	mass	Fragility	LoadBearingStrength
69	269	3	0	0	0	0	17	5	4	206.27	0		18.474088
69	266	2	0	0	5	0	15	4	4	297.61	0		24.468622
69	267	2	0	0	9	0	15	4	4	297.61	0		24.468622
69	268	2	0	0	13	0	15	4	4	297.61	0		24.468622
69	265	1	0	0	17	0	9	5	5	130.74	1		3.786866
74	291	3	0	0	0	4	17	5	4	206.27	0		18.474088
74	292	3	0	0	5	4	17	5	4	206.27	0		18.474088
74	290	2	0	0	10	4	15	4	4	297.61	0		24.468622
74	287	1	0	0	17	5	9	5	5	130.74	1		3.786866
74	288	1	0	0	0	8	9	5	5	130.74	1		3.786866
74	289	1	0	0	5	8	9	5	5	130.74	1		3.786866
37	140	3	0	9	17	0	17	5	4	206.27	0		18.474088
37	141	3	0	9	17	4	17	5	4	206.27	0		18.474088
37	137	2	0	0	10	8	15	4	4	297.61	0		24.468622
37	138	2	0	0	10	12	15	4	4	297.61	0		24.468622
37	139	2	0	0	10	16	15	4	4	297.61	0		24.468622
51	198	3	0	9	17	8	17	5	4	206.27	0		18.474088
51	196	2	0	0	10	20	15	4	4	297.61	0		24.468622
51	197	2	0	0	10	24	15	4	4	297.61	0		24.468622
51	195	1	0	0	17	10	9	5	5	130.74	1		3.786866
13	51	3	0	9	17	12	17	5	4	206.27	0		18.474088
13	49	2	0	9	17	16	15	4	4	297.61	0		24.468622
13	50	2	0	9	17	20	15	4	4	297.61	0		24.468622
13	48	1	0	0	0	13	9	5	5	130.74	1		3.786866
96	385	3	0	15	10	0	17	5	4	206.27	0		18.474088
96	384	2	0	9	17	24	15	4	4	297.61	0		24.468622
96	383	1	0	0	5	13	9	5	5	130.74	1		3.786866
16	64	3	0	15	10	4	17	5	4	206.27	0		18.474088
16	65	3	0	15	10	8	17	5	4	206.27	0		18.474088
16	63	1	0	0	0	18	9	5	5	130.74	1		3.786866
99	397	3	0	15	10	12	17	5	4	206.27	0		18.474088
99	396	2	0	15	10	16	15	4	4	297.61	0		24.468622
99	393	1	0	0	5	18	9	5	5	130.74	1		3.786866
99	394	1	0	0	0	23	9	5	5	130.74	1		3.786866
99	395	1	0	0	5	23	9	5	5	130.74	1		3.786866
62	235	3	0	17	0	0	17	5	4	206.27	0		18.474088
62	236	3	0	17	5	0	17	5	4	206.27	0		18.474088
62	233	1	0	9	0	8	9	5	5	130.74	1		3.786866
62	234	1	0	9	5	8	9	5	5	130.74	1		3.786866
6	23	3	0	18	0	4	17	5	4	206.27	0		18.474088
6	24	3	0	18	5	4	17	5	4	206.27	0		18.474088
6	21	2	0	15	10	20	15	4	4	297.61	0		24.468622
6	22	2	0	15	10	24	15	4	4	297.61	0		24.468622
6	19	1	0	9	0	13	9	5	5	130.74	1		3.786866
6	20	1	0	9	5	13	9	5	5	130.74	1		3.786866
28	106	2	0	18	0	8	15	4	4	297.61	0		24.468622
28	105	1	0	9	0	18	9	5	5	130.74	1		3.786866


-------------------------------------------------------------------------------------------------------------------
Tour_Id:			4
No_of_Customers:		15
No_of_Items:			62
Customer_Sequence:		58 54 67 85 95 21 50 66 27 14 40 5 89 38 19 

CustId	Id	TypeId	Rotated	x	y	z	Length	Width	Height	mass	Fragility	LoadBearingStrength
19	72	3	0	0	0	0	17	5	4	206.27	0		18.474088
19	73	3	0	0	5	0	17	5	4	206.27	0		18.474088
38	143	3	0	0	10	0	17	5	4	206.27	0		18.474088
38	142	2	0	0	15	0	15	4	4	297.61	0		24.468622
89	354	3	0	0	19	0	17	5	4	206.27	0		18.474088
89	355	3	0	0	0	4	17	5	4	206.27	0		18.474088
89	353	2	0	0	5	4	15	4	4	297.61	0		24.468622
89	352	1	0	0	9	4	9	5	5	130.74	1		3.786866
5	18	3	0	0	14	4	17	5	4	206.27	0		18.474088
5	17	2	0	0	19	4	15	4	4	297.61	0		24.468622
5	13	1	0	0	0	8	9	5	5	130.74	1		3.786866
5	14	1	0	0	14	8	9	5	5	130.74	1		3.786866
5	15	1	0	0	19	8	9	5	5	130.74	1		3.786866
5	16	1	0	0	9	9	9	5	5	130.74	1		3.786866
40	151	3	0	17	0	0	17	5	4	206.27	0		18.474088
40	150	2	0	0	5	8	15	4	4	297.61	0		24.468622
40	148	1	0	0	0	13	9	5	5	130.74	1		3.786866
40	149	1	0	0	14	13	9	5	5	130.74	1		3.786866
14	54	3	0	17	5	0	17	5	4	206.27	0		18.474088
14	55	3	0	15	5	4	17	5	4	206.27	0		18.474088
14	56	3	0	15	5	8	17	5	4	206.27	0		18.474088
14	53	2	0	0	5	12	15	4	4	297.61	0		24.468622
14	52	1	0	0	19	13	9	5	5	130.74	1		3.786866
27	101	1	0	0	9	14	9	5	5	130.74	1		3.786866
27	102	1	0	0	0	18	9	5	5	130.74	1		3.786866
27	103	1	0	0	14	18	9	5	5	130.74	1		3.786866
27	104	1	0	0	19	18	9	5	5	130.74	1		3.786866
66	253	3	0	15	5	12	17	5	4	206.27	0		18.474088
66	254	3	0	15	5	16	17	5	4	206.27	0		18.474088
66	251	2	0	0	5	16	15	4	4	297.61	0		24.468622
66	252	2	0	0	5	20	15	4	4	297.61	0		24.468622
66	249	1	0	0	9	19	9	5	5	130.74	1		3.786866
66	250	1	0	0	0	23	9	5	5	130.74	1		3.786866
50	194	3	0	15	5	20	17	5	4	206.27	0		18.474088
50	193	2	0	0	5	24	15	4	4	297.61	0		24.468622
50	191	1	0	0	14	23	9	5	5	130.74	1		3.786866
50	192	1	0	0	19	23	9	5	5	130.74	1		3.786866
21	79	3	0	15	5	24	17	5	4	206.27	0		18.474088
21	80	3	0	17	10	0	17	5	4	206.27	0		18.474088
21	81	3	0	17	15	0	17	5	4	206.27	0		18.474088
21	77	2	0	9	10	4	15	4	4	297.61	0		24.468622
21	78	2	0	9	10	8	15	4	4	297.61	0		24.468622
21	76	1	0	0	9	24	9	5	5	130.74	1		3.786866
95	382	2	0	9	10	12	15	4	4	297.61	0		24.468622
95	380	1	0	9	0	8	9	5	5	130.74	1		3.786866
95	381	1	0	9	14	8	9	5	5	130.74	1		3.786866
85	338	3	0	17	20	0	17	5	4	206.27	0		18.474088
85	339	3	0	15	19	4	17	5	4	206.27	0		18.474088
85	340	3	0	9	19	8	17	5	4	206.27	0		18.474088
85	336	2	0	9	19	12	15	4	4	297.61	0		24.468622
85	337	2	0	9	10	16	15	4	4	297.61	0		24.468622
85	335	1	0	9	0	13	9	5	5	130.74	1		3.786866
67	257	3	0	18	0	4	17	5	4	206.27	0		18.474088
67	258	3	0	18	14	4	17	5	4	206.27	0		18.474088
67	255	1	0	9	14	13	9	5	5	130.74	1		3.786866
67	256	1	0	9	19	16	9	5	5	130.74	1		3.786866
54	207	3	0	18	0	8	17	5	4	206.27	0		18.474088
54	206	2	0	9	10	20	15	4	4	297.61	0		24.468622
54	205	1	0	9	0	18	9	5	5	130.74	1		3.786866
58	221	3	0	18	14	8	17	5	4	206.27	0		18.474088
58	219	2	0	9	10	24	15	4	4	297.61	0		24.468622
58	220	2	0	18	0	12	15	4	4	297.61	0		24.468622


-------------------------------------------------------------------------------------------------------------------
Tour_Id:			5
No_of_Customers:		17
No_of_Items:			60
Customer_Sequence:		56 17 30 76 2 100 48 64 57 98 80 45 79 61 4 22 97 

CustId	Id	TypeId	Rotated	x	y	z	Length	Width	Height	mass	Fragility	LoadBearingStrength
97	389	3	0	0	0	0	17	5	4	206.27	0		18.474088
97	386	1	0	0	5	0	9	5	5	130.74	1		3.786866
97	387	1	0	0	10	0	9	5	5	130.74	1		3.786866
97	388	1	0	0	15	0	9	5	5	130.74	1		3.786866
22	85	3	0	0	20	0	17	5	4	206.27	0		18.474088
22	84	2	0	0	0	4	15	4	4	297.61	0		24.468622
22	82	1	0	0	20	4	9	5	5	130.74	1		3.786866
22	83	1	0	0	5	5	9	5	5	130.74	1		3.786866
4	10	3	0	9	5	0	17	5	4	206.27	0		18.474088
4	11	3	0	9	10	0	17	5	4	206.27	0		18.474088
4	12	3	0	9	15	0	17	5	4	206.27	0		18.474088
4	9	2	0	0	0	8	15	4	4	297.61	0		24.468622
61	230	3	0	9	4	4	17	5	4	206.27	0		18.474088
61	231	3	0	9	9	4	17	5	4	206.27	0		18.474088
61	232	3	0	9	14	4	17	5	4	206.27	0		18.474088
61	229	2	0	0	0	12	15	4	4	297.61	0		24.468622
61	228	1	0	0	10	5	9	5	5	130.74	1		3.786866
79	310	3	0	9	4	8	17	5	4	206.27	0		18.474088
79	311	3	0	9	9	8	17	5	4	206.27	0		18.474088
79	309	1	0	0	20	9	9	5	5	130.74	1		3.786866
45	173	3	0	9	14	8	17	5	4	206.27	0		18.474088
45	174	3	0	9	4	12	17	5	4	206.27	0		18.474088
45	172	2	0	0	0	16	15	4	4	297.61	0		24.468622
45	169	1	0	0	20	14	9	5	5	130.74	1		3.786866
45	170	1	0	0	20	19	9	5	5	130.74	1		3.786866
45	171	1	0	0	0	20	9	5	5	130.74	1		3.786866
80	313	3	0	9	9	12	17	5	4	206.27	0		18.474088
80	314	3	0	9	14	12	17	5	4	206.27	0		18.474088
80	312	2	0	9	4	16	15	4	4	297.61	0		24.468622
98	391	3	0	9	8	16	17	5	4	206.27	0		18.474088
98	392	3	0	9	13	16	17	5	4	206.27	0		18.474088
98	390	2	1	9	0	20	15	4	4	297.61	0		24.468622
57	217	3	1	13	0	20	17	5	4	206.27	0		18.474088
57	218	3	1	9	0	24	17	5	4	206.27	0		18.474088
57	216	2	1	14	0	24	15	4	4	297.61	0		24.468622
64	243	2	0	17	20	0	15	4	4	297.61	0		24.468622
64	241	1	0	0	20	24	9	5	5	130.74	1		3.786866
64	242	1	0	9	19	4	9	5	5	130.74	1		3.786866
48	186	3	0	18	19	4	17	5	4	206.27	0		18.474088
48	185	2	0	18	19	8	15	4	4	297.61	0		24.468622
48	184	1	0	9	19	9	9	5	5	130.74	1		3.786866
100	398	1	0	9	19	14	9	5	5	130.74	1		3.786866
100	399	1	0	9	18	19	9	5	5	130.74	1		3.786866
100	400	1	0	9	17	24	9	5	5	130.74	1		3.786866
2	4	3	1	18	0	20	17	5	4	206.27	0		18.474088
2	5	3	1	18	0	24	17	5	4	206.27	0		18.474088
2	3	2	0	18	19	12	15	4	4	297.61	0		24.468622
76	302	3	0	18	18	16	17	5	4	206.27	0		18.474088
76	301	2	0	18	17	20	15	4	4	297.61	0		24.468622
76	299	1	0	18	17	24	9	5	5	130.74	1		3.786866
76	300	1	0	26	0	0	9	5	5	130.74	1		3.786866
30	112	3	0	26	5	0	17	5	4	206.27	0		18.474088
30	111	2	0	26	10	0	15	4	4	297.61	0		24.468622
30	110	1	0	26	5	4	9	5	5	130.74	1		3.786866
17	66	1	0	26	10	4	9	5	5	130.74	1		3.786866
17	67	1	0	26	0	5	9	5	5	130.74	1		3.786866
56	215	3	0	35	0	0	17	5	4	206.27	0		18.474088
56	214	2	0	35	0	4	15	4	4	297.61	0		24.468622
56	212	1	0	26	5	9	9	5	5	130.74	1		3.786866
56	213	1	0	26	10	9	9	5	5	130.74	1		3.786866


-------------------------------------------------------------------------------------------------------------------
Tour_Id:			6
No_of_Customers:		12
No_of_Items:			53
Customer_Sequence:		35 72 11 53 44 8 41 33 73 91 84 20 

CustId	Id	TypeId	Rotated	x	y	z	Length	Width	Height	mass	Fragility	LoadBearingStrength
20	74	3	0	0	0	0	17	5	4	206.27	0		18.474088
20	75	3	0	0	5	0	17	5	4	206.27	0		18.474088
84	334	3	0	0	10	0	17	5	4	206.27	0		18.474088
84	333	2	0	0	15	0	15	4	4	297.61	0		24.468622
84	331	1	0	0	19	0	9	5	5	130.74	1		3.786866
84	332	1	0	0	0	4	9	5	5	130.74	1		3.786866
91	360	2	0	0	5	4	15	4	4	297.61	0		24.468622
91	361	2	0	0	9	4	15	4	4	297.61	0		24.468622
91	362	2	0	0	13	4	15	4	4	297.61	0		24.468622
91	363	2	0	0	5	8	15	4	4	297.61	0		24.468622
91	364	2	0	0	9	8	15	4	4	297.61	0		24.468622
91	359	1	0	0	19	5	9	5	5	130.74	1		3.786866
73	283	2	0	0	13	8	15	4	4	297.61	0		24.468622
73	284	2	0	0	5	12	15	4	4	297.61	0		24.468622
73	285	2	0	0	9	12	15	4	4	297.61	0		24.468622
73	286	2	0	0	13	12	15	4	4	297.61	0		24.468622
73	282	1	0	0	0	9	9	5	5	130.74	1		3.786866
33	123	3	0	0	5	16	17	5	4	206.27	0		18.474088
33	119	2	0	0	10	16	15	4	4	297.61	0		24.468622
33	120	2	0	0	14	16	15	4	4	297.61	0		24.468622
33	121	2	0	0	5	20	15	4	4	297.61	0		24.468622
33	122	2	0	0	9	20	15	4	4	297.61	0		24.468622
33	118	1	0	0	19	10	9	5	5	130.74	1		3.786866
41	154	3	0	0	13	20	17	5	4	206.27	0		18.474088
41	155	3	0	0	5	24	17	5	4	206.27	0		18.474088
41	156	3	0	0	10	24	17	5	4	206.27	0		18.474088
41	153	2	0	0	15	24	15	4	4	297.61	0		24.468622
41	152	1	0	0	0	14	9	5	5	130.74	1		3.786866
8	31	2	0	9	19	0	15	4	4	297.61	0		24.468622
8	32	2	0	9	19	4	15	4	4	297.61	0		24.468622
8	33	2	0	9	19	8	15	4	4	297.61	0		24.468622
8	34	2	0	9	19	12	15	4	4	297.61	0		24.468622
8	30	1	0	0	19	15	9	5	5	130.74	1		3.786866
44	168	3	0	17	0	0	17	5	4	206.27	0		18.474088
44	166	1	0	0	0	19	9	5	5	130.74	1		3.786866
44	167	1	0	0	19	20	9	5	5	130.74	1		3.786866
53	203	3	0	9	0	4	17	5	4	206.27	0		18.474088
53	204	3	0	9	0	8	17	5	4	206.27	0		18.474088
53	201	2	0	9	0	12	15	4	4	297.61	0		24.468622
53	202	2	0	9	0	16	15	4	4	297.61	0		24.468622
11	44	2	0	9	19	16	15	4	4	297.61	0		24.468622
11	45	2	0	9	0	20	15	4	4	297.61	0		24.468622
11	42	1	0	0	0	24	9	5	5	130.74	1		3.786866
11	43	1	0	0	19	25	9	5	5	130.74	1		3.786866
72	280	3	0	17	5	0	17	5	4	206.27	0		18.474088
72	281	3	0	17	10	0	17	5	4	206.27	0		18.474088
72	279	2	0	9	19	20	15	4	4	297.61	0		24.468622
72	278	1	0	9	0	24	9	5	5	130.74	1		3.786866
35	133	3	0	17	5	4	17	5	4	206.27	0		18.474088
35	130	2	0	9	19	24	15	4	4	297.61	0		24.468622
35	131	2	0	17	15	0	15	4	4	297.61	0		24.468622
35	132	2	0	17	10	4	15	4	4	297.61	0		24.468622
35	129	1	0	17	5	8	9	5	5	130.74	1		3.786866


-------------------------------------------------------------------------------------------------------------------
Tour_Id:			7
No_of_Customers:		1
No_of_Items:			0
Customer_Sequence:		47 

-------------------------------------------------------------------------------------------------------------------
Tour_Id:			8
No_of_Customers:		15
No_of_Items:			59
Customer_Sequence:		88 32 93 90 43 78 87 39 71 92 68 10 23 25 12 

CustId	Id	TypeId	Rotated	x	y	z	Length	Width	Height	mass	Fragility	LoadBearingStrength
12	46	2	0	0	0	0	15	4	4	297.61	0		24.468622
12	47	2	0	0	4	0	15	4	4	297.61	0		24.468622
25	98	3	0	0	8	0	17	5	4	206.27	0		18.474088
25	96	2	0	0	13	0	15	4	4	297.61	0		24.468622
25	97	2	0	0	17	0	15	4	4	297.61	0		24.468622
25	94	1	0	0	0	4	9	5	5	130.74	1		3.786866
25	95	1	0	0	5	4	9	5	5	130.74	1		3.786866
23	88	3	0	0	10	4	17	5	4	206.27	0		18.474088
23	89	3	0	0	15	4	17	5	4	206.27	0		18.474088
23	87	2	0	0	21	0	15	4	4	297.61	0		24.468622
23	86	1	0	0	20	4	9	5	5	130.74	1		3.786866
10	41	3	0	0	10	8	17	5	4	206.27	0		18.474088
10	40	2	0	0	15	8	15	4	4	297.61	0		24.468622
10	39	1	0	0	0	9	9	5	5	130.74	1		3.786866
68	264	3	0	0	10	12	17	5	4	206.27	0		18.474088
68	261	2	0	0	15	12	15	4	4	297.61	0		24.468622
68	262	2	0	0	10	16	15	4	4	297.61	0		24.468622
68	263	2	0	0	14	16	15	4	4	297.61	0		24.468622
68	259	1	0	0	5	9	9	5	5	130.74	1		3.786866
68	260	1	0	0	20	9	9	5	5	130.74	1		3.786866
92	368	2	0	0	10	20	15	4	4	297.61	0		24.468622
92	369	2	0	0	14	20	15	4	4	297.61	0		24.468622
92	365	1	0	0	0	14	9	5	5	130.74	1		3.786866
92	366	1	0	0	5	14	9	5	5	130.74	1		3.786866
92	367	1	0	0	19	14	9	5	5	130.74	1		3.786866
71	277	3	0	0	10	24	17	5	4	206.27	0		18.474088
71	276	2	0	0	15	24	15	4	4	297.61	0		24.468622
71	274	1	0	0	0	19	9	5	5	130.74	1		3.786866
71	275	1	0	0	5	19	9	5	5	130.74	1		3.786866
39	147	3	0	15	0	0	17	5	4	206.27	0		18.474088
39	146	2	0	9	0	4	15	4	4	297.61	0		24.468622
39	144	1	0	0	19	19	9	5	5	130.74	1		3.786866
39	145	1	0	0	0	24	9	5	5	130.74	1		3.786866
87	346	3	0	15	20	0	17	5	4	206.27	0		18.474088
87	345	2	0	9	20	4	15	4	4	297.61	0		24.468622
78	307	3	0	9	19	8	17	5	4	206.27	0		18.474088
78	308	3	0	9	19	12	17	5	4	206.27	0		18.474088
78	306	2	0	9	0	8	15	4	4	297.61	0		24.468622
43	165	2	0	9	0	12	15	4	4	297.61	0		24.468622
43	161	1	0	0	5	24	9	5	5	130.74	1		3.786866
43	162	1	0	0	19	24	9	5	5	130.74	1		3.786866
43	163	1	0	9	4	4	9	5	5	130.74	1		3.786866
43	164	1	0	9	4	9	9	5	5	130.74	1		3.786866
90	357	3	0	9	19	16	17	5	4	206.27	0		18.474088
90	358	3	0	9	19	20	17	5	4	206.27	0		18.474088
90	356	2	0	9	0	16	15	4	4	297.61	0		24.468622
93	373	3	0	9	19	24	17	5	4	206.27	0		18.474088
93	374	3	0	32	0	0	17	5	4	206.27	0		18.474088
93	372	2	0	9	0	20	15	4	4	297.61	0		24.468622
93	370	1	0	9	4	14	9	5	5	130.74	1		3.786866
93	371	1	0	9	4	19	9	5	5	130.74	1		3.786866
32	117	3	0	24	0	4	17	5	4	206.27	0		18.474088
32	115	2	0	9	0	24	15	4	4	297.61	0		24.468622
32	116	2	0	24	0	8	15	4	4	297.61	0		24.468622
88	349	3	0	32	5	0	17	5	4	206.27	0		18.474088
88	350	3	0	32	10	0	17	5	4	206.27	0		18.474088
88	351	3	0	32	15	0	17	5	4	206.27	0		18.474088
88	348	2	0	24	0	12	15	4	4	297.61	0		24.468622
88	347	1	0	9	4	24	9	5	5	130.74	1		3.786866


