Name:				590_n100_m400_bt3
Problem:			3L-VRPTW
Number_of_used_Vehicles:	4
Total_Travel_Distance:		753.70
Calculation_Time:		3600.00
Total_Iterations:		2673
ConstraintSet:			P1

-------------------------------------------------------------------------------------------------------------------
Tour_Id:			1
No_of_Customers:		27
No_of_Items:			105
Customer_Sequence:		95 9 41 70 42 49 55 92 89 67 71 87 27 26 39 75 6 15 3 33 31 14 11 51 54 86 99 

CustId	Id	TypeId	Rotated	x	y	z	Length	Width	Height	mass	Fragility	LoadBearingStrength
99	395	3	0	0	0	0	6	3	8	108.80	0		67.948070
99	396	3	0	0	3	0	6	3	8	108.80	0		67.948070
99	393	2	0	0	6	0	12	2	8	140.32	1		7.340673
99	394	2	0	0	8	0	12	2	8	140.32	1		7.340673
86	348	3	0	0	10	0	6	3	8	108.80	0		67.948070
86	349	3	0	0	13	0	6	3	8	108.80	0		67.948070
86	346	2	0	0	16	0	12	2	8	140.32	1		7.340673
86	347	2	0	0	18	0	12	2	8	140.32	1		7.340673
54	233	3	0	0	20	0	6	3	8	108.80	0		67.948070
54	230	1	0	0	0	8	8	3	3	58.14	0		5.827140
54	231	1	0	0	3	8	8	3	3	58.14	0		5.827140
54	232	2	0	0	23	0	12	2	8	140.32	1		7.340673
51	222	3	0	0	10	8	6	3	8	108.80	0		67.948070
51	217	1	0	0	13	8	8	3	3	58.14	0		5.827140
51	218	1	0	0	20	8	8	3	3	58.14	0		5.827140
51	219	2	0	0	6	8	12	2	8	140.32	1		7.340673
51	220	2	0	0	8	8	12	2	8	140.32	1		7.340673
51	221	2	0	0	16	8	12	2	8	140.32	1		7.340673
11	46	3	0	0	0	11	6	3	8	108.80	0		67.948070
11	45	2	0	0	18	8	12	2	8	140.32	1		7.340673
14	61	3	0	0	3	11	6	3	8	108.80	0		67.948070
14	62	3	0	0	13	11	6	3	8	108.80	0		67.948070
14	57	1	0	0	20	11	8	3	3	58.14	0		5.827140
14	58	1	0	0	20	14	8	3	3	58.14	0		5.827140
14	59	1	0	0	10	16	8	3	3	58.14	0		5.827140
14	60	2	0	0	23	8	12	2	8	140.32	1		7.340673
31	128	3	0	0	20	17	6	3	8	108.80	0		67.948070
31	129	3	0	0	0	19	6	3	8	108.80	0		67.948070
31	125	1	0	0	3	19	8	3	3	58.14	0		5.827140
31	126	2	0	0	6	16	12	2	8	140.32	1		7.340673
31	127	2	0	0	8	16	12	2	8	140.32	1		7.340673
33	135	1	0	0	10	19	8	3	3	58.14	0		5.827140
33	136	1	0	0	13	19	8	3	3	58.14	0		5.827140
33	137	1	0	0	3	22	8	3	3	58.14	0		5.827140
33	138	1	0	0	10	22	8	3	3	58.14	0		5.827140
33	139	2	0	0	16	16	12	2	8	140.32	1		7.340673
3	14	3	0	0	13	22	6	3	8	108.80	0		67.948070
3	15	3	0	8	0	0	6	3	8	108.80	0		67.948070
3	10	1	0	0	3	25	8	3	3	58.14	0		5.827140
3	11	1	0	0	10	25	8	3	3	58.14	0		5.827140
3	12	2	0	0	18	16	12	2	8	140.32	1		7.340673
3	13	2	0	0	23	16	12	2	8	140.32	1		7.340673
15	63	1	0	0	20	25	8	3	3	58.14	0		5.827140
15	64	2	0	8	3	0	12	2	8	140.32	1		7.340673
6	26	3	0	8	10	0	6	3	8	108.80	0		67.948070
6	27	3	0	8	13	0	6	3	8	108.80	0		67.948070
6	28	3	0	8	20	0	6	3	8	108.80	0		67.948070
6	29	3	0	8	0	8	6	3	8	108.80	0		67.948070
6	24	1	0	0	0	27	8	3	3	58.14	0		5.827140
6	25	2	0	8	3	8	12	2	8	140.32	1		7.340673
75	309	3	0	8	10	8	6	3	8	108.80	0		67.948070
75	307	1	0	8	13	8	8	3	3	58.14	0		5.827140
75	308	1	0	8	20	8	8	3	3	58.14	0		5.827140
39	164	3	0	8	13	11	6	3	8	108.80	0		67.948070
39	165	3	0	8	20	11	6	3	8	108.80	0		67.948070
39	163	1	0	8	0	16	8	3	3	58.14	0		5.827140
26	105	1	0	8	10	16	8	3	3	58.14	0		5.827140
26	106	1	0	8	0	19	8	3	3	58.14	0		5.827140
26	107	2	0	8	3	16	12	2	8	140.32	1		7.340673
27	108	1	0	8	10	19	8	3	3	58.14	0		5.827140
27	109	1	0	8	13	19	8	3	3	58.14	0		5.827140
27	110	1	0	6	13	22	8	3	3	58.14	0		5.827140
87	351	3	0	8	20	19	6	3	8	108.80	0		67.948070
87	352	3	0	8	0	22	6	3	8	108.80	0		67.948070
87	350	1	0	6	13	25	8	3	3	58.14	0		5.827140
71	296	3	0	8	10	22	6	3	8	108.80	0		67.948070
71	297	3	0	12	6	0	6	3	8	108.80	0		67.948070
71	293	1	0	8	20	27	8	3	3	58.14	0		5.827140
71	294	1	0	12	16	0	8	3	3	58.14	0		5.827140
71	295	2	0	12	23	0	12	2	8	140.32	1		7.340673
67	276	1	0	12	16	3	8	3	3	58.14	0		5.827140
67	277	1	0	12	16	6	8	3	3	58.14	0		5.827140
67	278	2	0	12	23	8	12	2	8	140.32	1		7.340673
89	357	3	0	12	6	8	6	3	8	108.80	0		67.948070
89	356	2	0	12	23	16	12	2	8	140.32	1		7.340673
92	369	3	0	12	16	9	6	3	8	108.80	0		67.948070
92	368	1	0	12	6	16	8	3	3	58.14	0		5.827140
55	236	3	0	12	16	17	6	3	8	108.80	0		67.948070
55	237	3	0	12	6	19	6	3	8	108.80	0		67.948070
55	238	3	0	16	0	0	6	3	8	108.80	0		67.948070
55	239	3	0	16	9	0	6	3	8	108.80	0		67.948070
55	234	1	0	12	16	25	8	3	3	58.14	0		5.827140
55	235	1	0	12	6	27	8	3	3	58.14	0		5.827140
49	208	3	0	16	12	0	6	3	8	108.80	0		67.948070
49	209	3	0	16	0	8	6	3	8	108.80	0		67.948070
49	210	3	0	16	9	8	6	3	8	108.80	0		67.948070
49	207	2	0	20	3	0	12	2	8	140.32	1		7.340673
42	174	1	0	16	12	8	8	3	3	58.14	0		5.827140
42	175	1	0	16	12	11	8	3	3	58.14	0		5.827140
42	176	2	0	20	5	0	12	2	8	140.32	1		7.340673
70	292	3	0	16	12	14	6	3	8	108.80	0		67.948070
70	288	1	0	14	13	22	8	3	3	58.14	0		5.827140
70	289	1	0	14	13	25	8	3	3	58.14	0		5.827140
70	290	2	0	20	7	0	12	2	8	140.32	1		7.340673
70	291	2	0	20	16	0	12	2	8	140.32	1		7.340673
41	173	3	0	16	0	16	6	3	8	108.80	0		67.948070
41	172	2	0	20	18	0	12	2	8	140.32	1		7.340673
9	39	3	0	16	9	16	6	3	8	108.80	0		67.948070
9	40	3	0	20	20	0	6	3	8	108.80	0		67.948070
9	36	1	0	14	0	24	8	3	3	58.14	0		5.827140
9	37	1	0	14	9	24	8	3	3	58.14	0		5.827140
9	38	1	0	14	0	27	8	3	3	58.14	0		5.827140
95	381	3	0	20	20	8	6	3	8	108.80	0		67.948070
95	379	1	0	14	9	27	8	3	3	58.14	0		5.827140
95	380	2	0	20	3	8	12	2	8	140.32	1		7.340673


-------------------------------------------------------------------------------------------------------------------
Tour_Id:			2
No_of_Customers:		26
No_of_Items:			107
Customer_Sequence:		16 97 46 24 57 90 93 98 23 76 21 78 35 29 37 63 47 68 20 38 36 8 1 61 66 4 

CustId	Id	TypeId	Rotated	x	y	z	Length	Width	Height	mass	Fragility	LoadBearingStrength
4	18	3	0	0	0	0	6	3	8	108.80	0		67.948070
4	19	3	0	0	3	0	6	3	8	108.80	0		67.948070
4	20	3	0	0	6	0	6	3	8	108.80	0		67.948070
4	16	2	0	0	9	0	12	2	8	140.32	1		7.340673
4	17	2	0	0	11	0	12	2	8	140.32	1		7.340673
66	275	3	0	0	13	0	6	3	8	108.80	0		67.948070
66	274	1	0	0	16	0	8	3	3	58.14	0		5.827140
61	258	3	0	0	19	0	6	3	8	108.80	0		67.948070
61	255	1	0	0	22	0	8	3	3	58.14	0		5.827140
61	256	1	0	0	16	3	8	3	3	58.14	0		5.827140
61	257	2	1	0	0	8	12	2	8	140.32	1		7.340673
1	4	3	0	0	22	3	6	3	8	108.80	0		67.948070
1	1	2	0	0	12	8	12	2	8	140.32	1		7.340673
1	2	2	1	0	0	16	12	2	8	140.32	1		7.340673
1	3	2	0	0	12	16	12	2	8	140.32	1		7.340673
8	33	1	0	0	16	6	8	3	3	58.14	0		5.827140
8	34	2	1	2	0	8	12	2	8	140.32	1		7.340673
8	35	2	1	2	0	16	12	2	8	140.32	1		7.340673
36	153	3	0	0	19	8	6	3	8	108.80	0		67.948070
36	154	3	0	0	16	9	6	3	8	108.80	0		67.948070
36	149	1	0	0	22	11	8	3	3	58.14	0		5.827140
36	150	1	0	0	22	14	8	3	3	58.14	0		5.827140
36	151	1	0	0	19	16	8	3	3	58.14	0		5.827140
36	152	2	1	4	0	8	12	2	8	140.32	1		7.340673
38	161	3	0	0	16	17	6	3	8	108.80	0		67.948070
38	162	3	0	0	22	17	6	3	8	108.80	0		67.948070
38	159	2	1	4	0	16	12	2	8	140.32	1		7.340673
38	160	2	0	6	0	0	12	2	8	140.32	1		7.340673
20	83	3	0	0	19	19	6	3	8	108.80	0		67.948070
20	84	3	0	6	2	0	6	3	8	108.80	0		67.948070
20	81	1	0	0	16	25	8	3	3	58.14	0		5.827140
20	82	1	0	0	22	25	8	3	3	58.14	0		5.827140
68	282	3	0	6	5	0	6	3	8	108.80	0		67.948070
68	279	1	0	0	19	27	8	3	3	58.14	0		5.827140
68	280	2	0	6	0	8	12	2	8	140.32	1		7.340673
68	281	2	0	6	0	16	12	2	8	140.32	1		7.340673
47	200	3	0	6	2	8	6	3	8	108.80	0		67.948070
47	201	3	0	6	5	8	6	3	8	108.80	0		67.948070
47	197	1	0	6	2	16	8	3	3	58.14	0		5.827140
47	198	2	0	8	14	0	12	2	8	140.32	1		7.340673
47	199	2	0	0	14	8	12	2	8	140.32	1		7.340673
63	262	3	0	6	5	16	6	3	8	108.80	0		67.948070
63	261	2	0	0	14	16	12	2	8	140.32	1		7.340673
37	158	3	0	6	2	19	6	3	8	108.80	0		67.948070
37	155	1	0	6	5	24	8	3	3	58.14	0		5.827140
37	156	1	0	6	2	27	8	3	3	58.14	0		5.827140
37	157	2	0	8	16	0	12	2	8	140.32	1		7.340673
29	121	3	0	8	18	0	6	3	8	108.80	0		67.948070
29	117	1	0	6	5	27	8	3	3	58.14	0		5.827140
29	118	2	0	8	21	0	12	2	8	140.32	1		7.340673
29	119	2	0	8	23	0	12	2	8	140.32	1		7.340673
29	120	2	0	8	16	8	12	2	8	140.32	1		7.340673
35	148	3	0	8	18	8	6	3	8	108.80	0		67.948070
35	145	1	0	8	18	16	8	3	3	58.14	0		5.827140
35	146	1	0	8	18	19	8	3	3	58.14	0		5.827140
35	147	1	0	8	18	22	8	3	3	58.14	0		5.827140
78	319	3	0	12	9	0	6	3	8	108.80	0		67.948070
78	320	3	0	12	9	8	6	3	8	108.80	0		67.948070
78	321	3	0	12	9	16	6	3	8	108.80	0		67.948070
78	318	2	0	8	21	8	12	2	8	140.32	1		7.340673
21	86	3	0	14	2	0	6	3	8	108.80	0		67.948070
21	85	2	0	8	23	8	12	2	8	140.32	1		7.340673
76	314	3	0	14	5	0	6	3	8	108.80	0		67.948070
76	310	1	0	8	18	25	8	3	3	58.14	0		5.827140
76	311	2	0	8	16	16	12	2	8	140.32	1		7.340673
76	312	2	0	8	21	16	12	2	8	140.32	1		7.340673
76	313	2	0	8	23	16	12	2	8	140.32	1		7.340673
23	92	3	0	14	2	8	6	3	8	108.80	0		67.948070
23	93	3	0	14	5	8	6	3	8	108.80	0		67.948070
23	94	3	0	14	2	16	6	3	8	108.80	0		67.948070
23	91	1	0	12	9	24	8	3	3	58.14	0		5.827140
98	392	3	0	14	5	16	6	3	8	108.80	0		67.948070
98	387	1	0	12	9	27	8	3	3	58.14	0		5.827140
98	388	2	0	12	12	0	12	2	8	140.32	1		7.340673
98	389	2	0	12	12	8	12	2	8	140.32	1		7.340673
98	390	2	0	12	12	16	12	2	8	140.32	1		7.340673
98	391	2	0	16	18	0	12	2	8	140.32	1		7.340673
93	370	3	0	20	0	0	6	3	8	108.80	0		67.948070
93	371	3	0	20	3	0	6	3	8	108.80	0		67.948070
93	372	3	0	20	6	0	6	3	8	108.80	0		67.948070
93	373	3	0	20	9	0	6	3	8	108.80	0		67.948070
90	362	3	0	20	14	0	6	3	8	108.80	0		67.948070
90	358	1	0	14	2	24	8	3	3	58.14	0		5.827140
90	359	1	0	14	5	24	8	3	3	58.14	0		5.827140
90	360	2	0	12	14	8	12	2	8	140.32	1		7.340673
90	361	2	0	12	14	16	12	2	8	140.32	1		7.340673
57	244	3	0	20	21	0	6	3	8	108.80	0		67.948070
57	245	3	0	20	9	8	6	3	8	108.80	0		67.948070
57	243	2	0	16	18	8	12	2	8	140.32	1		7.340673
24	100	3	0	20	21	8	6	3	8	108.80	0		67.948070
24	95	1	1	14	0	27	8	3	3	58.14	0		5.827140
24	96	1	1	17	0	27	8	3	3	58.14	0		5.827140
24	97	2	0	16	18	16	12	2	8	140.32	1		7.340673
24	98	2	0	24	12	0	12	2	8	140.32	1		7.340673
24	99	2	0	24	12	8	12	2	8	140.32	1		7.340673
46	196	3	0	20	9	16	6	3	8	108.80	0		67.948070
46	191	1	0	20	21	16	8	3	3	58.14	0		5.827140
46	192	1	0	20	21	19	8	3	3	58.14	0		5.827140
46	193	2	0	24	12	16	12	2	8	140.32	1		7.340673
46	194	2	0	26	0	0	12	2	8	140.32	1		7.340673
46	195	2	0	20	0	8	12	2	8	140.32	1		7.340673
97	386	3	0	20	21	22	6	3	8	108.80	0		67.948070
97	384	1	0	20	9	24	8	3	3	58.14	0		5.827140
97	385	2	0	20	0	16	12	2	8	140.32	1		7.340673
16	66	3	0	26	2	0	6	3	8	108.80	0		67.948070
16	67	3	0	26	5	0	6	3	8	108.80	0		67.948070
16	65	2	0	26	14	0	12	2	8	140.32	1		7.340673


-------------------------------------------------------------------------------------------------------------------
Tour_Id:			3
No_of_Customers:		22
No_of_Items:			89
Customer_Sequence:		12 48 10 18 34 82 64 94 96 32 17 73 52 62 74 59 83 69 28 50 43 56 

CustId	Id	TypeId	Rotated	x	y	z	Length	Width	Height	mass	Fragility	LoadBearingStrength
56	242	3	0	0	0	0	6	3	8	108.80	0		67.948070
56	240	1	0	0	3	0	8	3	3	58.14	0		5.827140
56	241	2	0	0	6	0	12	2	8	140.32	1		7.340673
43	179	3	0	0	8	0	6	3	8	108.80	0		67.948070
43	180	3	0	0	11	0	6	3	8	108.80	0		67.948070
43	177	1	0	0	14	0	8	3	3	58.14	0		5.827140
43	178	2	0	0	17	0	12	2	8	140.32	1		7.340673
50	216	3	0	0	19	0	6	3	8	108.80	0		67.948070
50	211	1	0	0	22	0	8	3	3	58.14	0		5.827140
50	212	1	0	0	3	3	8	3	3	58.14	0		5.827140
50	213	1	0	0	14	3	8	3	3	58.14	0		5.827140
50	214	1	0	0	22	3	8	3	3	58.14	0		5.827140
50	215	2	1	0	0	8	12	2	8	140.32	1		7.340673
28	111	1	0	0	14	6	8	3	3	58.14	0		5.827140
28	112	1	0	0	22	6	8	3	3	58.14	0		5.827140
28	113	1	0	0	19	8	8	3	3	58.14	0		5.827140
28	114	1	0	0	14	9	8	3	3	58.14	0		5.827140
28	115	1	0	0	22	9	8	3	3	58.14	0		5.827140
28	116	2	0	0	17	8	12	2	8	140.32	1		7.340673
69	286	3	0	0	19	11	6	3	8	108.80	0		67.948070
69	287	3	0	0	14	12	6	3	8	108.80	0		67.948070
69	283	1	0	0	22	12	8	3	3	58.14	0		5.827140
69	284	1	0	0	22	15	8	3	3	58.14	0		5.827140
69	285	2	1	0	0	16	12	2	8	140.32	1		7.340673
83	334	3	0	0	22	18	6	3	8	108.80	0		67.948070
83	335	3	0	0	19	19	6	3	8	108.80	0		67.948070
83	333	1	0	0	14	20	8	3	3	58.14	0		5.827140
59	251	3	0	6	0	0	6	3	8	108.80	0		67.948070
59	248	1	0	0	14	23	8	3	3	58.14	0		5.827140
59	249	1	0	0	14	26	8	3	3	58.14	0		5.827140
59	250	2	0	0	17	16	12	2	8	140.32	1		7.340673
74	305	1	0	0	22	26	8	3	3	58.14	0		5.827140
74	306	2	0	2	0	8	12	2	8	140.32	1		7.340673
62	259	1	0	0	19	27	8	3	3	58.14	0		5.827140
62	260	2	1	2	2	8	12	2	8	140.32	1		7.340673
52	224	3	0	6	8	0	6	3	8	108.80	0		67.948070
52	225	3	0	6	11	0	6	3	8	108.80	0		67.948070
52	223	2	0	2	0	16	12	2	8	140.32	1		7.340673
73	303	3	0	6	8	8	6	3	8	108.80	0		67.948070
73	304	3	0	6	11	8	6	3	8	108.80	0		67.948070
73	302	2	1	2	2	16	12	2	8	140.32	1		7.340673
17	70	3	0	6	8	16	6	3	8	108.80	0		67.948070
17	71	3	0	6	11	16	6	3	8	108.80	0		67.948070
17	68	2	0	8	3	0	12	2	8	140.32	1		7.340673
17	69	2	0	8	14	0	12	2	8	140.32	1		7.340673
32	132	3	0	8	19	0	6	3	8	108.80	0		67.948070
32	133	3	0	8	22	0	6	3	8	108.80	0		67.948070
32	134	3	0	8	19	8	6	3	8	108.80	0		67.948070
32	130	1	0	6	8	24	8	3	3	58.14	0		5.827140
32	131	2	0	8	3	8	12	2	8	140.32	1		7.340673
96	382	1	0	6	11	24	8	3	3	58.14	0		5.827140
96	383	2	0	8	14	8	12	2	8	140.32	1		7.340673
94	377	3	0	8	22	8	6	3	8	108.80	0		67.948070
94	378	3	0	8	19	16	6	3	8	108.80	0		67.948070
94	374	1	0	6	8	27	8	3	3	58.14	0		5.827140
94	375	2	0	8	3	16	12	2	8	140.32	1		7.340673
94	376	2	0	8	14	16	12	2	8	140.32	1		7.340673
64	268	3	0	8	22	16	6	3	8	108.80	0		67.948070
64	263	1	0	6	11	27	8	3	3	58.14	0		5.827140
64	264	1	0	8	19	24	8	3	3	58.14	0		5.827140
64	265	1	0	8	22	24	8	3	3	58.14	0		5.827140
64	266	2	0	12	6	0	12	2	8	140.32	1		7.340673
64	267	2	0	12	17	0	12	2	8	140.32	1		7.340673
82	332	3	0	14	0	0	6	3	8	108.80	0		67.948070
82	331	1	0	8	19	27	8	3	3	58.14	0		5.827140
34	140	1	0	8	22	27	8	3	3	58.14	0		5.827140
34	141	1	0	14	0	8	8	3	3	58.14	0		5.827140
34	142	2	0	12	6	8	12	2	8	140.32	1		7.340673
34	143	2	0	12	17	8	12	2	8	140.32	1		7.340673
34	144	2	0	12	6	16	12	2	8	140.32	1		7.340673
18	77	3	0	14	0	11	6	3	8	108.80	0		67.948070
18	72	1	0	14	0	19	8	3	3	58.14	0		5.827140
18	73	1	0	14	0	22	8	3	3	58.14	0		5.827140
18	74	1	0	14	0	25	8	3	3	58.14	0		5.827140
18	75	2	0	12	17	16	12	2	8	140.32	1		7.340673
18	76	2	0	16	19	0	12	2	8	140.32	1		7.340673
10	43	3	0	16	21	0	6	3	8	108.80	0		67.948070
10	44	3	0	16	21	8	6	3	8	108.80	0		67.948070
10	41	1	0	16	21	16	8	3	3	58.14	0		5.827140
10	42	2	0	16	19	8	12	2	8	140.32	1		7.340673
48	205	3	0	16	21	19	6	3	8	108.80	0		67.948070
48	206	3	0	20	3	0	6	3	8	108.80	0		67.948070
48	202	1	0	16	21	27	8	3	3	58.14	0		5.827140
48	203	1	0	20	14	0	8	3	3	58.14	0		5.827140
48	204	2	0	16	19	16	12	2	8	140.32	1		7.340673
12	50	3	0	20	14	3	6	3	8	108.80	0		67.948070
12	47	1	0	20	3	8	8	3	3	58.14	0		5.827140
12	48	1	0	20	3	11	8	3	3	58.14	0		5.827140
12	49	2	0	22	0	0	12	2	8	140.32	1		7.340673


-------------------------------------------------------------------------------------------------------------------
Tour_Id:			4
No_of_Customers:		25
No_of_Items:			99
Customer_Sequence:		91 85 100 58 45 88 80 40 77 72 44 65 60 5 81 25 13 30 22 2 53 79 7 84 19 

CustId	Id	TypeId	Rotated	x	y	z	Length	Width	Height	mass	Fragility	LoadBearingStrength
19	79	3	0	0	0	0	6	3	8	108.80	0		67.948070
19	80	3	0	0	3	0	6	3	8	108.80	0		67.948070
19	78	1	0	0	6	0	8	3	3	58.14	0		5.827140
84	336	1	0	0	9	0	8	3	3	58.14	0		5.827140
84	337	1	0	0	12	0	8	3	3	58.14	0		5.827140
84	338	1	0	0	15	0	8	3	3	58.14	0		5.827140
84	339	2	0	0	18	0	12	2	8	140.32	1		7.340673
7	30	1	0	0	20	0	8	3	3	58.14	0		5.827140
7	31	1	0	0	6	3	8	3	3	58.14	0		5.827140
7	32	1	0	0	9	3	8	3	3	58.14	0		5.827140
79	324	3	0	0	12	3	6	3	8	108.80	0		67.948070
79	322	1	0	0	15	3	8	3	3	58.14	0		5.827140
79	323	1	0	0	20	3	8	3	3	58.14	0		5.827140
53	228	3	0	0	6	6	6	3	8	108.80	0		67.948070
53	229	3	0	0	9	6	6	3	8	108.80	0		67.948070
53	226	2	0	0	23	0	12	2	8	140.32	1		7.340673
53	227	2	0	0	18	8	12	2	8	140.32	1		7.340673
2	9	3	0	0	15	6	6	3	8	108.80	0		67.948070
2	5	1	0	0	20	6	8	3	3	58.14	0		5.827140
2	6	1	0	0	0	8	8	3	3	58.14	0		5.827140
2	7	2	0	0	23	8	12	2	8	140.32	1		7.340673
2	8	2	1	0	6	14	12	2	8	140.32	1		7.340673
22	90	3	0	0	3	8	6	3	8	108.80	0		67.948070
22	87	1	0	0	20	9	8	3	3	58.14	0		5.827140
22	88	2	0	0	18	16	12	2	8	140.32	1		7.340673
22	89	2	0	0	23	16	12	2	8	140.32	1		7.340673
30	124	3	0	0	0	11	6	3	8	108.80	0		67.948070
30	122	1	0	0	20	12	8	3	3	58.14	0		5.827140
30	123	2	1	0	6	22	12	2	8	140.32	1		7.340673
13	55	3	0	0	20	15	6	3	8	108.80	0		67.948070
13	56	3	0	0	3	16	6	3	8	108.80	0		67.948070
13	51	1	0	0	0	19	8	3	3	58.14	0		5.827140
13	52	2	1	2	6	14	12	2	8	140.32	1		7.340673
13	53	2	1	2	6	22	12	2	8	140.32	1		7.340673
13	54	2	1	4	6	14	12	2	8	140.32	1		7.340673
25	103	3	0	0	0	22	6	3	8	108.80	0		67.948070
25	104	3	0	6	3	0	6	3	8	108.80	0		67.948070
25	101	2	1	4	6	22	12	2	8	140.32	1		7.340673
25	102	2	1	6	6	6	12	2	8	140.32	1		7.340673
81	330	3	0	6	3	8	6	3	8	108.80	0		67.948070
81	328	1	0	0	20	23	8	3	3	58.14	0		5.827140
81	329	1	0	0	3	24	8	3	3	58.14	0		5.827140
5	23	3	0	8	0	0	6	3	8	108.80	0		67.948070
5	21	1	0	0	20	26	8	3	3	58.14	0		5.827140
5	22	2	1	6	6	14	12	2	8	140.32	1		7.340673
60	253	3	0	8	6	0	6	3	8	108.80	0		67.948070
60	254	3	0	8	9	0	6	3	8	108.80	0		67.948070
60	252	1	0	0	3	27	8	3	3	58.14	0		5.827140
65	271	3	0	8	12	0	6	3	8	108.80	0		67.948070
65	272	3	0	8	15	0	6	3	8	108.80	0		67.948070
65	273	3	0	8	20	0	6	3	8	108.80	0		67.948070
65	269	1	0	8	0	8	8	3	3	58.14	0		5.827140
65	270	2	1	6	6	22	12	2	8	140.32	1		7.340673
44	184	3	0	8	6	8	6	3	8	108.80	0		67.948070
44	181	1	0	8	9	8	8	3	3	58.14	0		5.827140
44	182	2	0	12	3	0	12	2	8	140.32	1		7.340673
44	183	2	0	12	18	0	12	2	8	140.32	1		7.340673
72	299	3	0	8	12	8	6	3	8	108.80	0		67.948070
72	300	3	0	8	15	8	6	3	8	108.80	0		67.948070
72	301	3	0	8	20	8	6	3	8	108.80	0		67.948070
72	298	2	1	8	6	16	12	2	8	140.32	1		7.340673
77	317	3	0	8	0	11	6	3	8	108.80	0		67.948070
77	315	1	0	8	20	16	8	3	3	58.14	0		5.827140
77	316	1	0	8	0	19	8	3	3	58.14	0		5.827140
40	170	3	0	6	0	22	6	3	8	108.80	0		67.948070
40	171	3	0	8	20	19	6	3	8	108.80	0		67.948070
40	166	1	0	8	20	27	8	3	3	58.14	0		5.827140
40	167	2	1	10	6	16	12	2	8	140.32	1		7.340673
40	168	2	0	12	23	0	12	2	8	140.32	1		7.340673
40	169	2	0	12	3	8	12	2	8	140.32	1		7.340673
80	327	3	0	14	6	0	6	3	8	108.80	0		67.948070
80	325	1	0	14	12	0	8	3	3	58.14	0		5.827140
80	326	1	0	14	15	0	8	3	3	58.14	0		5.827140
88	353	1	0	14	12	3	8	3	3	58.14	0		5.827140
88	354	1	0	14	15	3	8	3	3	58.14	0		5.827140
88	355	2	0	8	3	16	12	2	8	140.32	1		7.340673
45	189	3	0	14	12	6	6	3	8	108.80	0		67.948070
45	190	3	0	14	15	6	6	3	8	108.80	0		67.948070
45	185	1	0	14	6	8	8	3	3	58.14	0		5.827140
45	186	1	0	14	6	11	8	3	3	58.14	0		5.827140
45	187	2	0	12	18	8	12	2	8	140.32	1		7.340673
45	188	2	0	12	23	8	12	2	8	140.32	1		7.340673
58	246	1	0	14	6	14	8	3	3	58.14	0		5.827140
58	247	2	1	12	6	16	12	2	8	140.32	1		7.340673
100	400	3	0	14	12	14	6	3	8	108.80	0		67.948070
100	397	1	0	14	15	14	8	3	3	58.14	0		5.827140
100	398	1	0	14	6	17	8	3	3	58.14	0		5.827140
100	399	2	0	12	18	16	12	2	8	140.32	1		7.340673
85	345	3	0	14	15	17	6	3	8	108.80	0		67.948070
85	340	1	0	14	6	20	8	3	3	58.14	0		5.827140
85	341	1	0	14	12	22	8	3	3	58.14	0		5.827140
85	342	2	0	12	23	16	12	2	8	140.32	1		7.340673
85	343	2	0	16	0	0	12	2	8	140.32	1		7.340673
85	344	2	0	16	20	0	12	2	8	140.32	1		7.340673
91	366	3	0	22	5	0	6	3	8	108.80	0		67.948070
91	367	3	0	22	8	0	6	3	8	108.80	0		67.948070
91	363	1	0	14	6	23	8	3	3	58.14	0		5.827140
91	364	1	0	14	12	25	8	3	3	58.14	0		5.827140
91	365	2	0	16	0	8	12	2	8	140.32	1		7.340673


