Name:				591_n100_m400_bt10
Problem:			3L-VRPTW
Number_of_used_Vehicles:	7
Total_Travel_Distance:		1071.07
Calculation_Time:		3600.00
Total_Iterations:		5476
ConstraintSet:			P1

-------------------------------------------------------------------------------------------------------------------
Tour_Id:			1
No_of_Customers:		14
No_of_Items:			57
Customer_Sequence:		44 72 52 28 30 34 7 53 67 47 37 59 58 29 

CustId	Id	TypeId	Rotated	x	y	z	Length	Width	Height	mass	Fragility	LoadBearingStrength
29	104	8	0	0	0	0	7	6	5	164.14	0		7.303571
29	102	5	0	0	6	0	11	5	3	55.90	0		4.768472
29	103	6	0	0	11	0	11	6	8	407.41	1		8.161017
58	225	3	0	0	17	0	14	3	6	238.52	0		28.373823
58	223	2	0	0	20	0	10	5	3	71.30	0		13.569565
58	224	2	0	0	6	3	10	5	3	71.30	0		13.569565
58	226	7	0	0	20	3	8	4	4	66.79	0		13.159302
58	227	7	0	0	0	5	8	4	4	66.79	0		13.159302
58	228	10	0	0	6	6	6	3	6	75.31	0		27.773969
59	234	9	0	11	0	0	14	7	7	461.51	0		16.603530
59	233	8	0	11	7	0	7	6	5	164.14	0		7.303571
59	231	6	0	0	11	8	11	6	8	407.41	1		8.161017
59	232	6	0	0	11	16	11	6	8	407.41	1		8.161017
59	229	4	0	0	4	5	6	2	8	92.26	1		15.688141
59	230	4	0	0	9	6	6	2	8	92.26	1		15.688141
37	138	8	0	11	7	5	7	6	5	164.14	0		7.303571
37	133	2	0	10	20	0	10	5	3	71.30	0		13.569565
37	135	6	0	11	0	7	11	6	8	407.41	1		8.161017
37	136	6	0	11	0	15	11	6	8	407.41	1		8.161017
37	137	6	0	18	7	0	11	6	8	407.41	1		8.161017
37	134	4	0	0	17	6	6	2	8	92.26	1		15.688141
47	180	9	0	14	13	0	14	7	7	461.51	0		16.603530
47	179	8	0	11	7	10	7	6	5	164.14	0		7.303571
47	177	6	0	14	13	7	11	6	8	407.41	1		8.161017
47	178	6	1	11	7	15	11	6	8	407.41	1		8.161017
47	176	4	0	0	20	7	6	2	8	92.26	1		15.688141
67	266	3	0	8	20	3	14	3	6	238.52	0		28.373823
67	268	10	0	8	20	9	6	3	6	75.31	0		27.773969
67	267	4	0	0	22	7	6	2	8	92.26	1		15.688141
53	207	10	0	8	20	15	6	3	6	75.31	0		27.773969
53	206	6	0	18	6	8	11	6	8	407.41	1		8.161017
53	205	4	0	0	20	15	6	2	8	92.26	1		15.688141
7	27	9	0	28	13	0	14	7	7	461.51	0		16.603530
7	25	7	0	14	19	9	8	4	4	66.79	0		13.159302
7	26	7	0	14	19	13	8	4	4	66.79	0		13.159302
7	24	6	0	17	6	16	11	6	8	407.41	1		8.161017
7	23	4	0	8	23	3	6	2	8	92.26	1		15.688141
34	124	1	0	22	20	0	11	4	7	284.51	0		41.088040
34	125	10	0	8	20	21	6	3	6	75.31	0		27.773969
30	107	9	0	25	13	7	14	7	7	461.51	0		16.603530
30	105	3	0	22	20	7	14	3	6	238.52	0		28.373823
30	106	4	0	8	23	11	6	2	8	92.26	1		15.688141
28	100	1	0	22	20	13	11	4	7	284.51	0		41.088040
28	101	6	0	25	0	0	11	6	8	407.41	1		8.161017
52	201	1	0	22	20	20	11	4	7	284.51	0		41.088040
52	203	10	1	25	12	14	6	3	6	75.31	0		27.773969
52	204	10	1	25	12	20	6	3	6	75.31	0		27.773969
52	202	4	0	25	0	8	6	2	8	92.26	1		15.688141
72	281	3	0	29	7	0	14	3	6	238.52	0		28.373823
72	282	7	0	28	12	14	8	4	4	66.79	0		13.159302
72	283	7	0	28	16	14	8	4	4	66.79	0		13.159302
44	167	9	0	36	0	0	14	7	7	461.51	0		16.603530
44	163	3	0	29	7	6	14	3	6	238.52	0		28.373823
44	164	3	0	29	7	12	14	3	6	238.52	0		28.373823
44	168	10	0	28	12	18	6	3	6	75.31	0		27.773969
44	165	6	0	36	0	7	11	6	8	407.41	1		8.161017
44	166	6	0	36	0	15	11	6	8	407.41	1		8.161017


-------------------------------------------------------------------------------------------------------------------
Tour_Id:			2
No_of_Customers:		17
No_of_Items:			70
Customer_Sequence:		68 74 76 22 18 2 39 85 77 46 9 60 87 92 62 26 33 

CustId	Id	TypeId	Rotated	x	y	z	Length	Width	Height	mass	Fragility	LoadBearingStrength
33	121	9	0	0	0	0	14	7	7	461.51	0		16.603530
33	120	8	0	0	7	0	7	6	5	164.14	0		7.303571
33	118	2	0	0	13	0	10	5	3	71.30	0		13.569565
33	119	7	0	0	18	0	8	4	4	66.79	0		13.159302
33	122	10	0	0	22	0	6	3	6	75.31	0		27.773969
33	123	10	0	0	13	3	6	3	6	75.31	0		27.773969
26	95	9	0	0	0	7	14	7	7	461.51	0		16.603530
26	90	3	0	0	0	14	14	3	6	238.52	0		28.373823
26	92	8	0	0	7	5	7	6	5	164.14	0		7.303571
26	93	8	0	0	7	10	7	6	5	164.14	0		7.303571
26	94	8	0	0	7	15	7	6	5	164.14	0		7.303571
26	91	7	0	0	18	4	8	4	4	66.79	0		13.159302
62	245	8	0	0	7	20	7	6	5	164.14	0		7.303571
62	244	5	0	7	7	0	11	5	3	55.90	0		4.768472
62	242	2	0	7	7	3	10	5	3	71.30	0		13.569565
62	243	2	0	7	7	6	10	5	3	71.30	0		13.569565
92	365	3	0	0	3	14	14	3	6	238.52	0		28.373823
92	366	5	0	0	0	20	11	5	3	55.90	0		4.768472
92	364	2	0	0	0	23	10	5	3	71.30	0		13.569565
92	367	10	0	0	22	6	6	3	6	75.31	0		27.773969
87	341	1	0	7	7	9	11	4	7	284.51	0		41.088040
87	343	8	0	0	7	25	7	6	5	164.14	0		7.303571
87	342	5	0	0	0	26	11	5	3	55.90	0		4.768472
87	344	10	0	0	18	8	6	3	6	75.31	0		27.773969
60	235	3	0	6	22	0	14	3	6	238.52	0		28.373823
60	238	8	0	10	13	0	7	6	5	164.14	0		7.303571
60	239	10	0	0	13	9	6	3	6	75.31	0		27.773969
60	236	4	0	0	16	3	6	2	8	92.26	1		15.688141
60	237	4	0	0	16	11	6	2	8	92.26	1		15.688141
9	32	3	0	6	22	6	14	3	6	238.52	0		28.373823
9	31	2	0	7	6	16	10	5	3	71.30	0		13.569565
9	33	4	0	0	22	12	6	2	8	92.26	1		15.688141
46	174	9	0	17	12	0	14	7	7	461.51	0		16.603530
46	173	8	0	7	6	19	7	6	5	164.14	0		7.303571
46	175	10	0	0	18	14	6	3	6	75.31	0		27.773969
77	301	5	0	14	0	0	11	5	3	55.90	0		4.768472
77	302	5	0	14	0	3	11	5	3	55.90	0		4.768472
77	303	7	1	7	5	24	8	4	4	66.79	0		13.159302
77	304	7	0	14	0	6	8	4	4	66.79	0		13.159302
85	335	9	0	17	12	7	14	7	7	461.51	0		16.603530
85	332	2	0	17	12	14	10	5	3	71.30	0		13.569565
85	334	7	0	14	0	10	8	4	4	66.79	0		13.159302
85	336	10	0	0	13	15	6	3	6	75.31	0		27.773969
85	333	6	0	17	12	17	11	6	8	407.41	1		8.161017
39	142	1	0	18	7	0	11	4	7	284.51	0		41.088040
39	144	3	0	6	22	12	14	3	6	238.52	0		28.373823
39	146	8	0	20	19	0	7	6	5	164.14	0		7.303571
39	143	2	0	18	7	7	10	5	3	71.30	0		13.569565
39	145	4	0	0	18	20	6	2	8	92.26	1		15.688141
2	6	1	0	18	7	10	11	4	7	284.51	0		41.088040
2	7	5	0	18	7	17	11	5	3	55.90	0		4.768472
2	8	10	0	6	22	18	6	3	6	75.31	0		27.773969
18	66	5	0	18	7	20	11	5	3	55.90	0		4.768472
18	67	6	0	25	0	0	11	6	8	407.41	1		8.161017
18	64	4	1	11	0	20	6	2	8	92.26	1		15.688141
18	65	4	0	12	22	18	6	2	8	92.26	1		15.688141
22	78	5	0	18	7	23	11	5	3	55.90	0		4.768472
22	79	5	0	18	7	26	11	5	3	55.90	0		4.768472
76	296	1	0	27	19	0	11	4	7	284.51	0		41.088040
76	297	3	0	27	19	7	14	3	6	238.52	0		28.373823
76	299	7	0	14	0	14	8	4	4	66.79	0		13.159302
76	300	10	0	14	0	18	6	3	6	75.31	0		27.773969
76	298	4	0	20	19	5	6	2	8	92.26	1		15.688141
74	289	5	0	29	6	0	11	5	3	55.90	0		4.768472
74	288	2	0	29	6	3	10	5	3	71.30	0		13.569565
74	290	7	0	29	6	6	8	4	4	66.79	0		13.159302
74	291	10	0	13	0	24	6	3	6	75.31	0		27.773969
68	270	3	0	27	19	13	14	3	6	238.52	0		28.373823
68	271	5	0	31	12	0	11	5	3	55.90	0		4.768472
68	269	2	0	31	11	3	10	5	3	71.30	0		13.569565


-------------------------------------------------------------------------------------------------------------------
Tour_Id:			3
No_of_Customers:		14
No_of_Items:			58
Customer_Sequence:		27 38 40 16 10 84 79 64 98 13 82 21 91 94 

CustId	Id	TypeId	Rotated	x	y	z	Length	Width	Height	mass	Fragility	LoadBearingStrength
94	372	7	0	0	0	0	8	4	4	66.79	0		13.159302
94	373	7	0	0	4	0	8	4	4	66.79	0		13.159302
94	374	10	0	0	8	0	6	3	6	75.31	0		27.773969
94	371	4	0	0	11	0	6	2	8	92.26	1		15.688141
91	358	3	0	0	13	0	14	3	6	238.52	0		28.373823
91	360	8	0	0	16	0	7	6	5	164.14	0		7.303571
91	361	8	0	0	0	4	7	6	5	164.14	0		7.303571
91	362	8	0	0	16	5	7	6	5	164.14	0		7.303571
91	363	10	0	0	22	0	6	3	6	75.31	0		27.773969
91	359	4	0	0	6	4	6	2	8	92.26	1		15.688141
21	75	1	0	6	8	0	11	4	7	284.51	0		41.088040
21	77	8	0	0	0	9	7	6	5	164.14	0		7.303571
21	76	4	0	0	8	6	6	2	8	92.26	1		15.688141
82	320	9	0	7	16	0	14	7	7	461.51	0		16.603530
82	318	3	0	0	13	6	14	3	6	238.52	0		28.373823
82	319	4	0	0	22	6	6	2	8	92.26	1		15.688141
13	45	3	0	0	13	12	14	3	6	238.52	0		28.373823
13	47	8	0	0	16	10	7	6	5	164.14	0		7.303571
13	46	7	0	0	0	14	8	4	4	66.79	0		13.159302
98	386	1	0	0	13	18	11	4	7	284.51	0		41.088040
98	387	1	0	6	8	7	11	4	7	284.51	0		41.088040
98	388	5	0	0	13	25	11	5	3	55.90	0		4.768472
98	389	7	0	0	17	15	8	4	4	66.79	0		13.159302
64	254	5	0	6	8	14	11	5	3	55.90	0		4.768472
64	252	2	0	6	8	17	10	5	3	71.30	0		13.569565
64	255	7	0	6	8	20	8	4	4	66.79	0		13.159302
64	256	7	0	6	8	24	8	4	4	66.79	0		13.159302
64	257	10	0	8	0	0	6	3	6	75.31	0		27.773969
64	253	4	0	0	6	12	6	2	8	92.26	1		15.688141
79	308	3	0	8	3	0	14	3	6	238.52	0		28.373823
79	309	3	0	8	3	6	14	3	6	238.52	0		28.373823
79	311	10	0	8	0	6	6	3	6	75.31	0		27.773969
79	310	6	0	8	0	12	11	6	8	407.41	1		8.161017
84	327	1	0	17	8	0	11	4	7	284.51	0		41.088040
84	329	3	0	14	13	0	14	3	6	238.52	0		28.373823
84	328	2	0	17	8	7	10	5	3	71.30	0		13.569565
84	331	7	0	17	8	10	8	4	4	66.79	0		13.159302
84	330	6	0	8	0	20	11	6	8	407.41	1		8.161017
10	38	8	0	21	16	0	7	6	5	164.14	0		7.303571
10	35	5	0	22	0	0	11	5	3	55.90	0		4.768472
10	34	2	0	22	0	3	10	5	3	71.30	0		13.569565
10	36	7	0	17	8	14	8	4	4	66.79	0		13.159302
10	37	7	0	17	8	18	8	4	4	66.79	0		13.159302
16	57	10	0	14	13	6	6	3	6	75.31	0		27.773969
16	58	10	0	14	13	12	6	3	6	75.31	0		27.773969
16	56	6	0	11	16	7	11	6	8	407.41	1		8.161017
16	55	4	0	0	22	14	6	2	8	92.26	1		15.688141
40	147	3	0	21	22	0	14	3	6	238.52	0		28.373823
40	148	3	0	21	22	6	14	3	6	238.52	0		28.373823
40	149	5	0	22	0	6	11	5	3	55.90	0		4.768472
40	150	6	0	11	16	15	11	6	8	407.41	1		8.161017
38	141	9	0	28	8	0	14	7	7	461.51	0		16.603530
38	139	5	0	22	0	9	11	5	3	55.90	0		4.768472
38	140	6	0	22	0	12	11	6	8	407.41	1		8.161017
27	98	9	0	27	8	7	14	7	7	461.51	0		16.603530
27	99	9	0	25	8	14	14	7	7	461.51	0		16.603530
27	96	2	0	25	8	21	10	5	3	71.30	0		13.569565
27	97	7	0	17	8	22	8	4	4	66.79	0		13.159302


-------------------------------------------------------------------------------------------------------------------
Tour_Id:			4
No_of_Customers:		16
No_of_Items:			59
Customer_Sequence:		99 43 81 71 80 70 89 95 42 31 36 69 75 56 12 23 

CustId	Id	TypeId	Rotated	x	y	z	Length	Width	Height	mass	Fragility	LoadBearingStrength
23	80	1	0	0	0	0	11	4	7	284.51	0		41.088040
23	81	4	0	0	4	0	6	2	8	92.26	1		15.688141
12	44	9	0	0	6	0	14	7	7	461.51	0		16.603530
12	42	1	0	0	13	0	11	4	7	284.51	0		41.088040
12	43	3	0	0	17	0	14	3	6	238.52	0		28.373823
56	218	9	0	0	6	7	14	7	7	461.51	0		16.603530
56	217	2	0	0	20	0	10	5	3	71.30	0		13.569565
75	292	1	0	0	20	3	11	4	7	284.51	0		41.088040
75	294	8	0	0	6	14	7	6	5	164.14	0		7.303571
75	293	7	0	0	0	7	8	4	4	66.79	0		13.159302
75	295	10	0	0	17	6	6	3	6	75.31	0		27.773969
69	274	7	0	0	13	7	8	4	4	66.79	0		13.159302
69	273	6	0	11	0	0	11	6	8	407.41	1		8.161017
69	272	4	0	0	4	8	6	2	8	92.26	1		15.688141
36	132	9	0	14	6	0	14	7	7	461.51	0		16.603530
36	129	3	0	0	20	10	14	3	6	238.52	0		28.373823
36	130	5	0	11	20	0	11	5	3	55.90	0		4.768472
36	131	6	0	11	0	8	11	6	8	407.41	1		8.161017
31	110	9	0	14	13	0	14	7	7	461.51	0		16.603530
31	111	9	0	14	6	7	14	7	7	461.51	0		16.603530
31	112	9	0	7	6	14	14	7	7	461.51	0		16.603530
31	108	1	0	0	20	16	11	4	7	284.51	0		41.088040
31	109	4	0	0	13	11	6	2	8	92.26	1		15.688141
42	155	9	0	7	6	21	14	7	7	461.51	0		16.603530
42	156	9	0	14	13	7	14	7	7	461.51	0		16.603530
42	157	9	0	14	13	14	14	7	7	461.51	0		16.603530
42	153	1	0	0	20	23	11	4	7	284.51	0		41.088040
42	154	7	0	14	20	3	8	4	4	66.79	0		13.159302
42	158	10	0	0	17	12	6	3	6	75.31	0		27.773969
95	375	1	0	14	13	21	11	4	7	284.51	0		41.088040
95	377	5	0	22	0	0	11	5	3	55.90	0		4.768472
95	376	2	0	22	20	0	10	5	3	71.30	0		13.569565
95	378	10	0	14	20	7	6	3	6	75.31	0		27.773969
95	379	10	0	14	20	13	6	3	6	75.31	0		27.773969
89	350	3	0	11	17	21	14	3	6	238.52	0		28.373823
89	352	5	0	22	0	3	11	5	3	55.90	0		4.768472
89	351	4	0	0	4	16	6	2	8	92.26	1		15.688141
70	277	8	0	21	6	14	7	6	5	164.14	0		7.303571
70	275	4	0	11	0	16	6	2	8	92.26	1		15.688141
70	276	4	0	11	2	16	6	2	8	92.26	1		15.688141
80	314	9	0	28	5	0	14	7	7	461.51	0		16.603530
80	312	5	0	22	20	3	11	5	3	55.90	0		4.768472
80	313	6	0	28	12	0	11	6	8	407.41	1		8.161017
71	279	5	0	22	0	6	11	5	3	55.90	0		4.768472
71	278	2	0	22	20	6	10	5	3	71.30	0		13.569565
71	280	10	0	14	20	19	6	3	6	75.31	0		27.773969
81	315	1	0	20	20	9	11	4	7	284.51	0		41.088040
81	316	7	0	20	20	16	8	4	4	66.79	0		13.159302
81	317	7	0	20	20	20	8	4	4	66.79	0		13.159302
43	160	5	0	22	0	9	11	5	3	55.90	0		4.768472
43	161	10	0	20	20	24	6	3	6	75.31	0		27.773969
43	162	10	0	21	6	19	6	3	6	75.31	0		27.773969
43	159	4	0	11	4	16	6	2	8	92.26	1		15.688141
99	390	1	0	22	0	12	11	4	7	284.51	0		41.088040
99	392	3	0	22	0	19	14	3	6	238.52	0		28.373823
99	393	5	0	28	5	7	11	5	3	55.90	0		4.768472
99	391	2	0	28	5	10	10	5	3	71.30	0		13.569565
99	394	10	0	21	9	19	6	3	6	75.31	0		27.773969
99	395	10	1	25	13	21	6	3	6	75.31	0		27.773969


-------------------------------------------------------------------------------------------------------------------
Tour_Id:			5
No_of_Customers:		14
No_of_Items:			57
Customer_Sequence:		100 49 14 41 5 6 78 8 73 66 48 93 15 88 

CustId	Id	TypeId	Rotated	x	y	z	Length	Width	Height	mass	Fragility	LoadBearingStrength
88	349	8	0	0	0	0	7	6	5	164.14	0		7.303571
88	346	5	0	0	6	0	11	5	3	55.90	0		4.768472
88	345	2	0	0	11	0	10	5	3	71.30	0		13.569565
88	348	7	0	0	16	0	8	4	4	66.79	0		13.159302
88	347	6	0	0	6	3	11	6	8	407.41	1		8.161017
15	51	3	0	0	20	0	14	3	6	238.52	0		28.373823
15	54	8	0	0	0	5	7	6	5	164.14	0		7.303571
15	53	7	0	0	12	3	8	4	4	66.79	0		13.159302
15	52	4	0	0	23	0	6	2	8	92.26	1		15.688141
93	370	8	0	0	0	10	7	6	5	164.14	0		7.303571
93	369	6	0	0	6	11	11	6	8	407.41	1		8.161017
93	368	4	0	0	16	4	6	2	8	92.26	1		15.688141
48	181	3	0	0	20	6	14	3	6	238.52	0		28.373823
48	184	8	0	0	0	15	7	6	5	164.14	0		7.303571
48	182	7	0	0	12	7	8	4	4	66.79	0		13.159302
48	183	7	0	0	12	11	8	4	4	66.79	0		13.159302
48	185	10	0	0	20	12	6	3	6	75.31	0		27.773969
66	263	9	0	11	0	0	14	7	7	461.51	0		16.603530
66	262	5	0	11	7	0	11	5	3	55.90	0		4.768472
66	264	10	0	0	12	15	6	3	6	75.31	0		27.773969
66	265	10	0	0	20	18	6	3	6	75.31	0		27.773969
66	261	4	0	0	18	4	6	2	8	92.26	1		15.688141
73	285	5	0	10	12	0	11	5	3	55.90	0		4.768472
73	284	2	0	8	12	3	10	5	3	71.30	0		13.569565
73	287	7	0	0	0	20	8	4	4	66.79	0		13.159302
73	286	6	0	0	6	19	11	6	8	407.41	1		8.161017
8	28	3	0	8	17	0	14	3	6	238.52	0		28.373823
8	30	8	0	8	12	6	7	6	5	164.14	0		7.303571
8	29	6	0	11	0	7	11	6	8	407.41	1		8.161017
78	305	1	0	11	7	3	11	4	7	284.51	0		41.088040
78	306	3	0	11	7	10	14	3	6	238.52	0		28.373823
78	307	7	0	0	0	24	8	4	4	66.79	0		13.159302
6	19	3	0	11	7	16	14	3	6	238.52	0		28.373823
6	20	3	0	11	7	22	14	3	6	238.52	0		28.373823
6	22	8	0	8	12	11	7	6	5	164.14	0		7.303571
6	21	4	0	0	23	8	6	2	8	92.26	1		15.688141
5	17	8	0	8	12	16	7	6	5	164.14	0		7.303571
5	13	2	0	14	20	0	10	5	3	71.30	0		13.569565
5	16	7	0	6	20	12	8	4	4	66.79	0		13.159302
5	18	10	0	0	12	21	6	3	6	75.31	0		27.773969
5	14	6	0	11	0	15	11	6	8	407.41	1		8.161017
5	15	6	0	24	10	0	11	6	8	407.41	1		8.161017
41	151	2	0	14	20	3	10	5	3	71.30	0		13.569565
41	152	10	0	0	20	24	6	3	6	75.31	0		27.773969
14	48	3	0	22	17	0	14	3	6	238.52	0		28.373823
14	50	7	0	6	20	16	8	4	4	66.79	0		13.159302
14	49	6	0	14	18	6	11	6	8	407.41	1		8.161017
49	186	1	0	25	0	0	11	4	7	284.51	0		41.088040
49	189	5	0	22	0	7	11	5	3	55.90	0		4.768472
49	187	2	0	22	0	10	10	5	3	71.30	0		13.569565
49	190	7	0	6	20	20	8	4	4	66.79	0		13.159302
49	188	4	0	8	12	21	6	2	8	92.26	1		15.688141
100	397	3	0	35	10	0	14	3	6	238.52	0		28.373823
100	396	2	0	22	0	13	10	5	3	71.30	0		13.569565
100	399	10	0	6	20	24	6	3	6	75.31	0		27.773969
100	400	10	0	8	14	21	6	3	6	75.31	0		27.773969
100	398	4	0	14	18	14	6	2	8	92.26	1		15.688141


-------------------------------------------------------------------------------------------------------------------
Tour_Id:			6
No_of_Customers:		8
No_of_Items:			26
Customer_Sequence:		17 96 35 65 3 51 57 4 

CustId	Id	TypeId	Rotated	x	y	z	Length	Width	Height	mass	Fragility	LoadBearingStrength
4	12	5	0	0	0	0	11	5	3	55.90	0		4.768472
4	11	4	0	0	5	0	6	2	8	92.26	1		15.688141
57	219	1	0	0	7	0	11	4	7	284.51	0		41.088040
57	221	8	0	0	11	0	7	6	5	164.14	0		7.303571
57	220	5	0	0	17	0	11	5	3	55.90	0		4.768472
57	222	10	0	0	22	0	6	3	6	75.31	0		27.773969
51	196	1	0	0	0	3	11	4	7	284.51	0		41.088040
51	198	3	0	0	17	3	14	3	6	238.52	0		28.373823
51	197	2	0	0	7	7	10	5	3	71.30	0		13.569565
51	199	7	0	0	12	5	8	4	4	66.79	0		13.159302
51	200	10	0	0	22	6	6	3	6	75.31	0		27.773969
3	10	5	0	0	0	10	11	5	3	55.90	0		4.768472
3	9	4	0	0	20	3	6	2	8	92.26	1		15.688141
65	258	1	0	0	7	10	11	4	7	284.51	0		41.088040
65	260	8	0	0	12	9	7	6	5	164.14	0		7.303571
65	259	4	0	0	5	8	6	2	8	92.26	1		15.688141
35	127	3	0	0	0	13	14	3	6	238.52	0		28.373823
35	128	8	0	0	11	14	7	6	5	164.14	0		7.303571
35	126	2	0	8	12	0	10	5	3	71.30	0		13.569565
96	381	9	0	14	0	0	14	7	7	461.51	0		16.603530
96	380	8	0	0	11	19	7	6	5	164.14	0		7.303571
17	63	9	0	14	0	7	14	7	7	461.51	0		16.603530
17	60	3	0	0	7	17	14	3	6	238.52	0		28.373823
17	61	5	0	8	12	3	11	5	3	55.90	0		4.768472
17	62	5	0	8	12	6	11	5	3	55.90	0		4.768472
17	59	2	0	7	12	9	10	5	3	71.30	0		13.569565


-------------------------------------------------------------------------------------------------------------------
Tour_Id:			7
No_of_Customers:		17
No_of_Items:			73
Customer_Sequence:		86 19 63 25 1 50 90 55 20 11 54 97 83 61 24 32 45 

CustId	Id	TypeId	Rotated	x	y	z	Length	Width	Height	mass	Fragility	LoadBearingStrength
45	169	1	0	0	0	0	11	4	7	284.51	0		41.088040
45	171	10	0	0	4	0	6	3	6	75.31	0		27.773969
45	172	10	0	0	7	0	6	3	6	75.31	0		27.773969
45	170	6	0	0	10	0	11	6	8	407.41	1		8.161017
32	116	8	0	0	16	0	7	6	5	164.14	0		7.303571
32	114	5	0	0	0	7	11	5	3	55.90	0		4.768472
32	115	5	0	0	0	10	11	5	3	55.90	0		4.768472
32	117	10	0	0	22	0	6	3	6	75.31	0		27.773969
32	113	4	0	0	16	5	6	2	8	92.26	1		15.688141
24	84	8	0	0	0	13	7	6	5	164.14	0		7.303571
24	83	7	0	0	18	5	8	4	4	66.79	0		13.159302
24	82	6	0	0	10	8	11	6	8	407.41	1		8.161017
61	241	3	0	6	7	0	14	3	6	238.52	0		28.373823
61	240	2	0	8	16	0	10	5	3	71.30	0		13.569565
83	324	8	0	0	0	18	7	6	5	164.14	0		7.303571
83	325	8	0	0	0	23	7	6	5	164.14	0		7.303571
83	323	5	0	8	16	3	11	5	3	55.90	0		4.768472
83	321	2	0	8	16	6	10	5	3	71.30	0		13.569565
83	326	10	0	0	6	6	6	3	6	75.31	0		27.773969
83	322	4	0	0	22	6	6	2	8	92.26	1		15.688141
97	385	8	0	6	16	9	7	6	5	164.14	0		7.303571
97	384	7	0	6	6	6	8	4	4	66.79	0		13.159302
97	382	4	0	0	6	12	6	2	8	92.26	1		15.688141
97	383	4	0	0	16	13	6	2	8	92.26	1		15.688141
54	211	8	0	6	16	14	7	6	5	164.14	0		7.303571
54	208	2	0	11	0	0	10	5	3	71.30	0		13.569565
54	210	7	0	6	6	10	8	4	4	66.79	0		13.159302
54	212	10	0	6	22	0	6	3	6	75.31	0		27.773969
54	209	6	0	0	10	16	11	6	8	407.41	1		8.161017
11	39	1	0	11	10	0	11	4	7	284.51	0		41.088040
11	40	2	0	11	0	3	10	5	3	71.30	0		13.569565
11	41	7	0	6	6	14	8	4	4	66.79	0		13.159302
20	74	9	0	21	0	0	14	7	7	461.51	0		16.603530
20	70	1	0	11	10	7	11	4	7	284.51	0		41.088040
20	72	5	0	11	10	14	11	5	3	55.90	0		4.768472
20	73	5	0	11	10	17	11	5	3	55.90	0		4.768472
20	71	2	0	11	0	6	10	5	3	71.30	0		13.569565
55	213	3	0	11	10	20	14	3	6	238.52	0		28.373823
55	216	8	0	6	16	19	7	6	5	164.14	0		7.303571
55	214	5	0	11	0	9	11	5	3	55.90	0		4.768472
55	215	5	0	11	0	12	11	5	3	55.90	0		4.768472
90	353	1	0	11	0	15	11	4	7	284.51	0		41.088040
90	357	8	0	6	16	24	7	6	5	164.14	0		7.303571
90	354	2	0	11	0	22	10	5	3	71.30	0		13.569565
90	356	7	0	6	6	18	8	4	4	66.79	0		13.159302
90	355	6	0	22	0	7	11	6	8	407.41	1		8.161017
50	194	9	0	25	7	0	14	7	7	461.51	0		16.603530
50	191	2	0	11	0	25	10	5	3	71.30	0		13.569565
50	195	10	0	6	22	6	6	3	6	75.31	0		27.773969
50	193	6	0	22	14	0	11	6	8	407.41	1		8.161017
50	192	4	0	0	22	14	6	2	8	92.26	1		15.688141
1	1	1	0	19	20	0	11	4	7	284.51	0		41.088040
1	3	5	0	19	20	7	11	5	3	55.90	0		4.768472
1	4	5	0	19	20	10	11	5	3	55.90	0		4.768472
1	5	10	0	6	22	12	6	3	6	75.31	0		27.773969
1	2	4	0	0	22	22	6	2	8	92.26	1		15.688141
25	89	9	0	25	7	7	14	7	7	461.51	0		16.603530
25	88	8	0	25	7	14	7	6	5	164.14	0		7.303571
25	85	5	0	19	20	13	11	5	3	55.90	0		4.768472
25	86	6	0	22	14	8	11	6	8	407.41	1		8.161017
25	87	6	0	22	0	15	11	6	8	407.41	1		8.161017
63	250	8	0	25	7	19	7	6	5	164.14	0		7.303571
63	247	5	0	19	20	16	11	5	3	55.90	0		4.768472
63	249	7	0	6	6	22	8	4	4	66.79	0		13.159302
63	251	10	0	6	22	18	6	3	6	75.31	0		27.773969
63	248	6	0	22	13	16	11	6	8	407.41	1		8.161017
63	246	4	0	19	20	19	6	2	8	92.26	1		15.688141
19	69	8	0	25	7	24	7	6	5	164.14	0		7.303571
19	68	7	0	6	6	26	8	4	4	66.79	0		13.159302
86	340	9	0	33	14	0	14	7	7	461.51	0		16.603530
86	337	1	0	30	21	0	11	4	7	284.51	0		41.088040
86	339	5	0	30	20	7	11	5	3	55.90	0		4.768472
86	338	2	0	30	20	10	10	5	3	71.30	0		13.569565


