Name:				593_n100_m400_bt10
Problem:			3L-VRPTW
Number_of_used_Vehicles:	8
Total_Travel_Distance:		1108.03
Calculation_Time:		3600.00
Total_Iterations:		8426
ConstraintSet:			P1

-------------------------------------------------------------------------------------------------------------------
Tour_Id:			1
No_of_Customers:		12
No_of_Items:			51
Customer_Sequence:		7 12 13 31 89 90 63 76 86 60 68 97 

CustId	Id	TypeId	Rotated	x	y	z	Length	Width	Height	mass	Fragility	LoadBearingStrength
97	389	10	0	0	0	0	16	5	4	295.28	0		33.917962
97	387	7	0	0	5	0	8	3	5	36.22	0		21.696466
97	388	7	0	0	8	0	8	3	5	36.22	0		21.696466
68	268	4	0	0	11	0	12	4	7	649.62	0		212.360731
68	271	10	0	0	15	0	16	5	4	295.28	0		33.917962
68	270	7	0	0	20	0	8	3	5	36.22	0		21.696466
68	269	5	0	0	0	4	6	3	4	70	0		20.659339
60	236	8	0	8	5	0	13	6	8	453.91	0		12.892366
60	237	8	0	8	5	8	13	6	8	453.91	0		12.892366
60	238	8	0	8	5	16	13	6	8	453.91	0		12.892366
60	234	4	0	0	15	4	12	4	7	649.62	0		212.360731
60	235	6	0	0	11	7	14	4	5	126.88	0		27.427283
60	233	2	0	0	15	11	10	4	4	59.71	0		13.339865
86	345	8	0	16	11	0	13	6	8	453.91	0		12.892366
86	343	2	0	0	11	12	10	4	4	59.71	0		13.339865
86	344	5	0	0	20	5	6	3	4	70	0		20.659339
86	346	9	0	0	15	15	7	5	3	95.81	1		10.322875
76	305	4	0	0	11	16	12	4	7	649.62	0		212.360731
76	306	10	0	8	20	0	16	5	4	295.28	0		33.917962
76	304	3	0	8	5	24	7	7	6	286.85	0		58.163517
63	251	8	0	15	11	8	13	6	8	453.91	0		12.892366
63	248	4	0	6	0	4	12	4	7	649.62	0		212.360731
63	250	6	0	6	0	11	14	4	5	126.88	0		27.427283
63	249	5	0	0	0	8	6	3	4	70	0		20.659339
63	252	9	0	0	15	18	7	5	3	95.81	1		10.322875
90	362	8	0	15	11	16	13	6	8	453.91	0		12.892366
90	364	10	0	8	19	4	16	5	4	295.28	0		33.917962
90	359	6	0	6	0	16	14	4	5	126.88	0		27.427283
90	360	7	0	0	20	9	8	3	5	36.22	0		21.696466
90	361	7	0	0	20	14	8	3	5	36.22	0		21.696466
90	363	9	0	0	15	21	7	5	3	95.81	1		10.322875
89	358	10	0	8	19	8	16	5	4	295.28	0		33.917962
89	356	6	0	6	0	21	14	4	5	126.88	0		27.427283
89	357	7	0	0	20	19	8	3	5	36.22	0		21.696466
89	355	5	0	0	20	24	6	3	4	70	0		20.659339
31	121	4	0	8	19	12	12	4	7	649.62	0		212.360731
31	119	2	0	6	0	26	10	4	4	59.71	0		13.339865
31	120	2	0	8	19	19	10	4	4	59.71	0		13.339865
31	122	9	0	0	15	24	7	5	3	95.81	1		10.322875
13	46	4	0	8	19	23	12	4	7	649.62	0		212.360731
13	47	4	0	20	0	0	12	4	7	649.62	0		212.360731
13	48	5	0	15	5	24	6	3	4	70	0		20.659339
13	45	1	0	20	0	7	7	4	8	180.05	1		4.953292
13	49	9	0	0	15	27	7	5	3	95.81	1		10.322875
13	50	9	0	15	8	24	7	5	3	95.81	1		10.322875
12	42	3	0	22	4	0	7	7	6	286.85	0		58.163517
12	43	3	0	22	4	6	7	7	6	286.85	0		58.163517
12	44	9	0	15	13	24	7	5	3	95.81	1		10.322875
7	27	8	0	24	17	0	13	6	8	453.91	0		12.892366
7	28	10	0	24	17	8	16	5	4	295.28	0		33.917962
7	26	5	0	20	18	12	6	3	4	70	0		20.659339


-------------------------------------------------------------------------------------------------------------------
Tour_Id:			2
No_of_Customers:		15
No_of_Items:			58
Customer_Sequence:		36 21 25 71 3 22 24 33 55 2 95 73 81 20 51 

CustId	Id	TypeId	Rotated	x	y	z	Length	Width	Height	mass	Fragility	LoadBearingStrength
51	199	10	0	0	0	0	16	5	4	295.28	0		33.917962
51	197	5	0	0	5	0	6	3	4	70	0		20.659339
51	194	1	0	0	8	0	7	4	8	180.05	1		4.953292
51	195	1	0	0	12	0	7	4	8	180.05	1		4.953292
51	196	1	0	0	16	0	7	4	8	180.05	1		4.953292
51	198	9	0	0	20	0	7	5	3	95.81	1		10.322875
20	80	8	0	0	0	4	13	6	8	453.91	0		12.892366
20	79	4	0	0	0	12	12	4	7	649.62	0		212.360731
20	78	3	0	7	6	0	7	7	6	286.85	0		58.163517
20	77	2	0	0	0	19	10	4	4	59.71	0		13.339865
81	323	4	0	0	0	23	12	4	7	649.62	0		212.360731
81	325	10	0	7	13	0	16	5	4	295.28	0		33.917962
81	326	10	0	7	18	0	16	5	4	295.28	0		33.917962
81	324	6	0	7	13	4	14	4	5	126.88	0		27.427283
81	322	2	0	7	17	4	10	4	4	59.71	0		13.339865
73	291	2	0	7	17	8	10	4	4	59.71	0		13.339865
73	292	2	0	7	13	9	10	4	4	59.71	0		13.339865
73	293	7	0	7	6	6	8	3	5	36.22	0		21.696466
95	381	2	0	7	17	12	10	4	4	59.71	0		13.339865
95	382	5	0	7	9	6	6	3	4	70	0		20.659339
95	383	9	0	7	17	16	7	5	3	95.81	1		10.322875
2	6	6	0	15	5	0	14	4	5	126.88	0		27.427283
2	5	1	0	7	6	11	7	4	8	180.05	1		4.953292
2	7	9	0	7	6	19	7	5	3	95.81	1		10.322875
55	215	5	0	7	13	13	6	3	4	70	0		20.659339
55	216	5	0	7	13	17	6	3	4	70	0		20.659339
33	132	8	0	23	9	0	13	6	8	453.91	0		12.892366
33	131	6	0	15	5	5	14	4	5	126.88	0		27.427283
33	130	5	0	7	13	21	6	3	4	70	0		20.659339
33	129	1	0	7	17	19	7	4	8	180.05	1		4.953292
24	94	4	0	15	5	10	12	4	7	649.62	0		212.360731
24	95	7	0	7	13	25	8	3	5	36.22	0		21.696466
22	88	2	0	14	5	17	10	4	4	59.71	0		13.339865
22	89	2	0	14	5	21	10	4	4	59.71	0		13.339865
22	87	1	0	7	6	22	7	4	8	180.05	1		4.953292
3	11	8	0	23	15	0	13	6	8	453.91	0		12.892366
3	12	8	0	21	9	8	13	6	8	453.91	0		12.892366
3	9	4	0	16	0	0	12	4	7	649.62	0		212.360731
3	10	6	0	13	0	7	14	4	5	126.88	0		27.427283
3	8	1	0	12	0	12	7	4	8	180.05	1		4.953292
71	281	4	0	21	15	8	12	4	7	649.62	0		212.360731
71	283	10	0	21	9	16	16	5	4	295.28	0		33.917962
71	284	10	0	21	9	20	16	5	4	295.28	0		33.917962
71	282	6	0	21	15	15	14	4	5	126.88	0		27.427283
25	96	3	0	36	14	0	7	7	6	286.85	0		58.163517
25	98	6	0	21	14	20	14	4	5	126.88	0		27.427283
25	97	5	0	14	5	25	6	3	4	70	0		20.659339
25	99	9	0	7	17	27	7	5	3	95.81	1		10.322875
21	83	8	0	29	0	0	13	6	8	453.91	0		12.892366
21	85	10	0	21	9	24	16	5	4	295.28	0		33.917962
21	86	10	0	27	0	8	16	5	4	295.28	0		33.917962
21	82	3	0	36	14	6	7	7	6	286.85	0		58.163517
21	81	2	0	19	0	12	10	4	4	59.71	0		13.339865
21	84	9	0	12	0	20	7	5	3	95.81	1		10.322875
36	145	6	0	21	14	25	14	4	5	126.88	0		27.427283
36	143	2	0	19	0	16	10	4	4	59.71	0		13.339865
36	144	5	0	19	0	20	6	3	4	70	0		20.659339
36	142	1	0	23	21	0	7	4	8	180.05	1		4.953292


-------------------------------------------------------------------------------------------------------------------
Tour_Id:			3
No_of_Customers:		12
No_of_Items:			49
Customer_Sequence:		65 49 94 66 23 18 47 79 44 50 87 75 

CustId	Id	TypeId	Rotated	x	y	z	Length	Width	Height	mass	Fragility	LoadBearingStrength
75	298	4	0	0	0	0	12	4	7	649.62	0		212.360731
75	299	4	0	0	4	0	12	4	7	649.62	0		212.360731
75	301	6	0	0	8	0	14	4	5	126.88	0		27.427283
75	302	7	0	0	12	0	8	3	5	36.22	0		21.696466
75	303	7	0	0	15	0	8	3	5	36.22	0		21.696466
75	300	5	0	0	18	0	6	3	4	70	0		20.659339
87	348	3	0	0	8	5	7	7	6	286.85	0		58.163517
87	347	2	0	0	21	0	10	4	4	59.71	0		13.339865
87	349	7	0	0	18	4	8	3	5	36.22	0		21.696466
50	191	8	0	0	0	7	13	6	8	453.91	0		12.892366
50	190	2	0	0	21	4	10	4	4	59.71	0		13.339865
50	189	1	0	0	21	8	7	4	8	180.05	1		4.953292
50	192	9	0	0	8	11	7	5	3	95.81	1		10.322875
50	193	9	0	0	8	14	7	5	3	95.81	1		10.322875
44	169	8	0	0	0	15	13	6	8	453.91	0		12.892366
44	170	10	0	0	0	23	16	5	4	295.28	0		33.917962
79	318	8	0	8	12	0	13	6	8	453.91	0		12.892366
79	315	4	0	7	12	8	12	4	7	649.62	0		212.360731
79	316	6	0	7	12	15	14	4	5	126.88	0		27.427283
79	314	2	0	7	12	20	10	4	4	59.71	0		13.339865
79	317	7	0	0	18	9	8	3	5	36.22	0		21.696466
47	181	8	0	16	0	0	13	6	8	453.91	0		12.892366
47	182	10	0	14	6	0	16	5	4	295.28	0		33.917962
47	178	2	0	7	12	24	10	4	4	59.71	0		13.339865
47	179	7	0	0	18	14	8	3	5	36.22	0		21.696466
47	180	7	0	0	18	19	8	3	5	36.22	0		21.696466
18	72	8	0	14	6	4	13	6	8	453.91	0		12.892366
18	70	3	0	21	12	0	7	7	6	286.85	0		58.163517
18	71	6	0	10	19	0	14	4	5	126.88	0		27.427283
18	69	2	0	10	18	5	10	4	4	59.71	0		13.339865
18	73	9	0	0	0	27	7	5	3	95.81	1		10.322875
23	90	4	0	8	18	9	12	4	7	649.62	0		212.360731
23	92	10	0	14	6	12	16	5	4	295.28	0		33.917962
23	93	10	0	14	6	16	16	5	4	295.28	0		33.917962
23	91	9	0	7	0	27	7	5	3	95.81	1		10.322875
66	260	3	0	21	12	6	7	7	6	286.85	0		58.163517
66	261	7	0	0	18	24	8	3	5	36.22	0		21.696466
66	262	9	0	8	18	16	7	5	3	95.81	1		10.322875
66	263	9	0	8	18	19	7	5	3	95.81	1		10.322875
94	380	3	0	21	11	12	7	7	6	286.85	0		58.163517
94	378	1	0	8	18	22	7	4	8	180.05	1		4.953292
94	379	1	0	14	6	20	7	4	8	180.05	1		4.953292
49	188	10	0	16	0	8	16	5	4	295.28	0		33.917962
49	187	6	0	16	0	12	14	4	5	126.88	0		27.427283
49	186	5	0	15	18	16	6	3	4	70	0		20.659339
65	258	4	0	16	0	17	12	4	7	649.62	0		212.360731
65	257	2	0	16	0	24	10	4	4	59.71	0		13.339865
65	256	1	0	21	11	18	7	4	8	180.05	1		4.953292
65	259	9	0	21	6	20	7	5	3	95.81	1		10.322875


-------------------------------------------------------------------------------------------------------------------
Tour_Id:			4
No_of_Customers:		13
No_of_Items:			50
Customer_Sequence:		8 67 70 77 93 1 43 100 10 48 28 83 74 

CustId	Id	TypeId	Rotated	x	y	z	Length	Width	Height	mass	Fragility	LoadBearingStrength
74	294	8	0	0	0	0	13	6	8	453.91	0		12.892366
74	295	8	0	0	6	0	13	6	8	453.91	0		12.892366
74	297	10	0	0	12	0	16	5	4	295.28	0		33.917962
74	296	9	0	0	17	0	7	5	3	95.81	1		10.322875
83	332	4	0	0	12	4	12	4	7	649.62	0		212.360731
83	334	6	0	0	0	8	14	4	5	126.88	0		27.427283
83	331	2	0	0	4	8	10	4	4	59.71	0		13.339865
83	333	5	0	0	22	0	6	3	4	70	0		20.659339
28	107	4	0	0	8	8	12	4	7	649.62	0		212.360731
28	108	5	0	0	22	4	6	3	4	70	0		20.659339
28	109	9	0	0	17	3	7	5	3	95.81	1		10.322875
48	185	10	0	7	17	0	16	5	4	295.28	0		33.917962
48	183	6	0	0	12	11	14	4	5	126.88	0		27.427283
48	184	7	0	0	22	8	8	3	5	36.22	0		21.696466
10	38	10	0	7	16	4	16	5	4	295.28	0		33.917962
10	36	3	0	14	0	0	7	7	6	286.85	0		58.163517
10	37	7	0	0	4	12	8	3	5	36.22	0		21.696466
100	399	8	0	7	16	8	13	6	8	453.91	0		12.892366
100	400	8	0	0	12	16	13	6	8	453.91	0		12.892366
100	398	5	0	0	0	13	6	3	4	70	0		20.659339
100	397	1	0	0	7	15	7	4	8	180.05	1		4.953292
43	167	3	0	0	0	17	7	7	6	286.85	0		58.163517
43	168	5	0	0	22	13	6	3	4	70	0		20.659339
1	4	10	0	0	12	24	16	5	4	295.28	0		33.917962
1	2	6	0	13	7	0	14	4	5	126.88	0		27.427283
1	1	2	0	13	7	5	10	4	4	59.71	0		13.339865
1	3	9	0	0	0	23	7	5	3	95.81	1		10.322875
93	377	10	0	16	11	0	16	5	4	295.28	0		33.917962
93	375	3	0	14	0	6	7	7	6	286.85	0		58.163517
93	376	6	0	16	11	4	14	4	5	126.88	0		27.427283
93	374	2	0	12	7	9	10	4	4	59.71	0		13.339865
93	373	1	0	7	0	13	7	4	8	180.05	1		4.953292
77	308	6	0	16	11	9	14	4	5	126.88	0		27.427283
77	309	7	0	0	22	17	8	3	5	36.22	0		21.696466
77	307	1	0	7	0	21	7	4	8	180.05	1		4.953292
70	279	8	0	21	0	0	13	6	8	453.91	0		12.892366
70	276	4	0	12	7	13	12	4	7	649.62	0		212.360731
70	277	4	0	12	7	20	12	4	7	649.62	0		212.360731
70	280	10	0	21	0	8	16	5	4	295.28	0		33.917962
70	275	3	0	14	0	12	7	7	6	286.85	0		58.163517
70	278	7	0	0	22	22	8	3	5	36.22	0		21.696466
67	266	4	0	16	11	14	12	4	7	649.62	0		212.360731
67	267	6	0	16	11	21	14	4	5	126.88	0		27.427283
67	264	1	0	14	0	18	7	4	8	180.05	1		4.953292
67	265	1	1	16	15	16	7	4	8	180.05	1		4.953292
8	31	8	0	21	0	12	13	6	8	453.91	0		12.892366
8	30	4	0	21	0	20	12	4	7	649.62	0		212.360731
8	33	10	0	23	16	0	16	5	4	295.28	0		33.917962
8	29	2	0	16	11	26	10	4	4	59.71	0		13.339865
8	32	9	0	14	0	26	7	5	3	95.81	1		10.322875


-------------------------------------------------------------------------------------------------------------------
Tour_Id:			5
No_of_Customers:		12
No_of_Items:			50
Customer_Sequence:		58 29 11 61 42 80 96 17 98 56 72 34 

CustId	Id	TypeId	Rotated	x	y	z	Length	Width	Height	mass	Fragility	LoadBearingStrength
34	136	8	0	0	0	0	13	6	8	453.91	0		12.892366
34	138	10	0	0	6	0	16	5	4	295.28	0		33.917962
34	133	2	0	0	11	0	10	4	4	59.71	0		13.339865
34	134	2	0	0	15	0	10	4	4	59.71	0		13.339865
34	135	7	0	0	19	0	8	3	5	36.22	0		21.696466
34	137	9	0	0	6	4	7	5	3	95.81	1		10.322875
72	290	8	0	0	11	4	13	6	8	453.91	0		12.892366
72	287	4	0	0	0	8	12	4	7	649.62	0		212.360731
72	289	6	0	0	11	12	14	4	5	126.88	0		27.427283
72	286	2	0	0	0	15	10	4	4	59.71	0		13.339865
72	288	5	0	0	22	0	6	3	4	70	0		20.659339
72	285	1	0	0	19	5	7	4	8	180.05	1		4.953292
56	219	4	0	0	11	17	12	4	7	649.62	0		212.360731
56	220	4	0	0	0	19	12	4	7	649.62	0		212.360731
56	218	2	0	0	11	24	10	4	4	59.71	0		13.339865
56	221	5	0	0	0	26	6	3	4	70	0		20.659339
56	217	1	0	0	6	7	7	4	8	180.05	1		4.953292
56	222	9	0	0	19	13	7	5	3	95.81	1		10.322875
98	392	3	0	14	11	0	7	7	6	286.85	0		58.163517
98	390	2	0	7	6	4	10	4	4	59.71	0		13.339865
98	391	2	0	7	4	8	10	4	4	59.71	0		13.339865
17	65	8	0	8	19	0	13	6	8	453.91	0		12.892366
17	66	8	0	7	19	8	13	6	8	453.91	0		12.892366
17	68	10	0	7	19	16	16	5	4	295.28	0		33.917962
17	64	7	0	7	4	12	8	3	5	36.22	0		21.696466
17	67	9	0	0	6	15	7	5	3	95.81	1		10.322875
96	386	8	0	7	19	20	13	6	8	453.91	0		12.892366
96	384	4	0	13	0	0	12	4	7	649.62	0		212.360731
96	385	7	0	7	4	17	8	3	5	36.22	0		21.696466
80	321	10	0	17	4	0	16	5	4	295.28	0		33.917962
80	320	6	0	13	0	7	14	4	5	126.88	0		27.427283
80	319	1	0	7	4	22	7	4	8	180.05	1		4.953292
42	165	2	0	12	0	12	10	4	4	59.71	0		13.339865
42	166	5	0	6	0	26	6	3	4	70	0		20.659339
61	241	6	0	17	4	4	14	4	5	126.88	0		27.427283
61	242	6	0	17	4	9	14	4	5	126.88	0		27.427283
61	240	5	0	12	0	16	6	3	4	70	0		20.659339
61	239	1	0	14	10	6	7	4	8	180.05	1		4.953292
61	243	9	0	14	14	6	7	5	3	95.81	1		10.322875
61	244	9	0	14	14	9	7	5	3	95.81	1		10.322875
11	40	4	0	15	4	14	12	4	7	649.62	0		212.360731
11	41	10	0	21	9	0	16	5	4	295.28	0		33.917962
11	39	3	0	21	8	4	7	7	6	286.85	0		58.163517
29	110	4	0	15	4	21	12	4	7	649.62	0		212.360731
29	111	7	0	12	0	20	8	3	5	36.22	0		21.696466
29	112	9	0	14	14	12	7	5	3	95.81	1		10.322875
58	228	8	0	23	15	0	13	6	8	453.91	0		12.892366
58	225	6	0	23	21	0	14	4	5	126.88	0		27.427283
58	226	6	0	21	15	8	14	4	5	126.88	0		27.427283
58	227	7	0	12	0	25	8	3	5	36.22	0		21.696466


-------------------------------------------------------------------------------------------------------------------
Tour_Id:			6
No_of_Customers:		14
No_of_Items:			50
Customer_Sequence:		53 14 40 32 38 91 4 45 16 62 19 99 69 27 

CustId	Id	TypeId	Rotated	x	y	z	Length	Width	Height	mass	Fragility	LoadBearingStrength
27	106	8	0	0	0	0	13	6	8	453.91	0		12.892366
27	105	1	0	0	6	0	7	4	8	180.05	1		4.953292
69	274	8	0	0	10	0	13	6	8	453.91	0		12.892366
69	272	3	0	0	16	0	7	7	6	286.85	0		58.163517
69	273	3	0	0	16	6	7	7	6	286.85	0		58.163517
99	395	8	0	0	0	8	13	6	8	453.91	0		12.892366
99	396	10	0	0	10	8	16	5	4	295.28	0		33.917962
99	394	3	0	0	10	12	7	7	6	286.85	0		58.163517
99	393	1	0	0	6	8	7	4	8	180.05	1		4.953292
19	74	8	0	0	0	16	13	6	8	453.91	0		12.892366
19	75	8	0	7	16	0	13	6	8	453.91	0		12.892366
19	76	9	0	0	17	12	7	5	3	95.81	1		10.322875
62	247	8	0	7	15	8	13	6	8	453.91	0		12.892366
62	246	3	0	0	10	18	7	7	6	286.85	0		58.163517
62	245	2	0	0	0	24	10	4	4	59.71	0		13.339865
16	61	7	0	0	10	24	8	3	5	36.22	0		21.696466
16	62	7	0	0	13	24	8	3	5	36.22	0		21.696466
16	60	1	0	0	6	16	7	4	8	180.05	1		4.953292
16	63	9	0	0	4	24	7	5	3	95.81	1		10.322875
45	172	4	0	7	6	0	12	4	7	649.62	0		212.360731
45	171	1	0	7	6	7	7	4	8	180.05	1		4.953292
45	173	9	0	0	4	27	7	5	3	95.81	1		10.322875
4	16	10	0	13	0	0	16	5	4	295.28	0		33.917962
4	14	6	0	13	0	4	14	4	5	126.88	0		27.427283
4	13	5	0	7	22	0	6	3	4	70	0		20.659339
4	15	9	0	8	10	12	7	5	3	95.81	1		10.322875
91	365	3	0	19	5	0	7	7	6	286.85	0		58.163517
91	366	3	0	19	4	6	7	7	6	286.85	0		58.163517
91	367	7	0	7	22	4	8	3	5	36.22	0		21.696466
38	150	8	0	20	12	0	13	6	8	453.91	0		12.892366
38	151	8	0	20	18	0	13	6	8	453.91	0		12.892366
38	149	4	0	13	0	9	12	4	7	649.62	0		212.360731
38	152	10	0	20	12	8	16	5	4	295.28	0		33.917962
32	126	8	0	20	17	8	13	6	8	453.91	0		12.892366
32	124	4	0	13	0	16	12	4	7	649.62	0		212.360731
32	128	10	0	20	12	12	16	5	4	295.28	0		33.917962
32	125	5	0	7	22	9	6	3	4	70	0		20.659339
32	123	1	0	7	6	15	7	4	8	180.05	1		4.953292
32	127	9	0	8	10	15	7	5	3	95.81	1		10.322875
40	157	2	0	13	0	23	10	4	4	59.71	0		13.339865
40	158	2	0	20	12	16	10	4	4	59.71	0		13.339865
40	159	5	1	10	0	24	6	3	4	70	0		20.659339
40	156	1	0	8	10	18	7	4	8	180.05	1		4.953292
14	53	8	0	7	16	16	13	6	8	453.91	0		12.892366
14	54	10	0	7	16	24	16	5	4	295.28	0		33.917962
14	52	5	0	19	4	12	6	3	4	70	0		20.659339
14	51	1	0	19	7	12	7	4	8	180.05	1		4.953292
53	207	6	0	23	16	16	14	4	5	126.88	0		27.427283
53	206	5	0	19	4	16	6	3	4	70	0		20.659339
53	208	9	0	8	10	26	7	5	3	95.81	1		10.322875


-------------------------------------------------------------------------------------------------------------------
Tour_Id:			7
No_of_Customers:		13
No_of_Items:			52
Customer_Sequence:		85 88 39 6 9 64 35 84 57 52 54 15 37 

CustId	Id	TypeId	Rotated	x	y	z	Length	Width	Height	mass	Fragility	LoadBearingStrength
37	148	8	0	0	0	0	13	6	8	453.91	0		12.892366
37	146	4	0	0	6	0	12	4	7	649.62	0		212.360731
37	147	7	0	0	10	0	8	3	5	36.22	0		21.696466
15	57	3	0	0	13	0	7	7	6	286.85	0		58.163517
15	58	3	0	0	13	6	7	7	6	286.85	0		58.163517
15	59	5	0	0	20	0	6	3	4	70	0		20.659339
15	55	1	0	0	6	7	7	4	8	180.05	1		4.953292
15	56	1	0	0	0	8	7	4	8	180.05	1		4.953292
54	210	4	0	6	20	0	12	4	7	649.62	0		212.360731
54	211	4	0	7	13	0	12	4	7	649.62	0		212.360731
54	212	4	0	6	20	7	12	4	7	649.62	0		212.360731
54	213	10	0	12	6	0	16	5	4	295.28	0		33.917962
54	214	10	0	12	6	4	16	5	4	295.28	0		33.917962
54	209	2	0	6	20	14	10	4	4	59.71	0		13.339865
52	202	4	0	6	20	18	12	4	7	649.62	0		212.360731
52	201	3	0	0	13	12	7	7	6	286.85	0		58.163517
52	200	2	0	6	20	25	10	4	4	59.71	0		13.339865
52	205	7	0	0	13	18	8	3	5	36.22	0		21.696466
52	203	5	0	0	16	18	6	3	4	70	0		20.659339
52	204	5	0	0	16	22	6	3	4	70	0		20.659339
57	223	4	0	8	13	7	12	4	7	649.62	0		212.360731
57	224	5	0	0	13	23	6	3	4	70	0		20.659339
84	336	2	0	8	13	14	10	4	4	59.71	0		13.339865
84	337	7	0	7	17	0	8	3	5	36.22	0		21.696466
84	338	7	0	7	17	5	8	3	5	36.22	0		21.696466
84	335	1	0	0	6	15	7	4	8	180.05	1		4.953292
35	140	3	0	7	0	8	7	7	6	286.85	0		58.163517
35	141	6	0	13	0	0	14	4	5	126.88	0		27.427283
35	139	2	0	8	13	18	10	4	4	59.71	0		13.339865
64	253	4	0	8	13	22	12	4	7	649.62	0		212.360731
64	255	7	0	7	17	10	8	3	5	36.22	0		21.696466
64	254	5	0	0	16	26	6	3	4	70	0		20.659339
9	34	1	0	0	0	16	7	4	8	180.05	1		4.953292
9	35	9	0	0	6	23	7	5	3	95.81	1		10.322875
6	25	8	0	20	11	0	13	6	8	453.91	0		12.892366
6	21	3	0	7	0	14	7	7	6	286.85	0		58.163517
6	23	7	0	7	17	15	8	3	5	36.22	0		21.696466
6	24	7	0	7	0	20	8	3	5	36.22	0		21.696466
6	22	5	0	7	3	20	6	3	4	70	0		20.659339
6	20	1	0	14	0	5	7	4	8	180.05	1		4.953292
39	153	4	0	18	17	0	12	4	7	649.62	0		212.360731
39	154	6	0	18	21	0	14	4	5	126.88	0		27.427283
39	155	9	0	0	6	26	7	5	3	95.81	1		10.322875
88	353	8	0	20	11	8	13	6	8	453.91	0		12.892366
88	354	8	0	20	11	16	13	6	8	453.91	0		12.892366
88	351	3	0	20	11	24	7	7	6	286.85	0		58.163517
88	352	6	0	18	17	7	14	4	5	126.88	0		27.427283
88	350	1	0	15	0	13	7	4	8	180.05	1		4.953292
85	341	6	0	18	21	5	14	4	5	126.88	0		27.427283
85	342	6	0	18	21	10	14	4	5	126.88	0		27.427283
85	339	5	0	6	17	20	6	3	4	70	0		20.659339
85	340	5	0	7	3	24	6	3	4	70	0		20.659339


-------------------------------------------------------------------------------------------------------------------
Tour_Id:			8
No_of_Customers:		9
No_of_Items:			40
Customer_Sequence:		59 26 5 82 46 78 30 41 92 

CustId	Id	TypeId	Rotated	x	y	z	Length	Width	Height	mass	Fragility	LoadBearingStrength
92	368	4	0	0	0	0	12	4	7	649.62	0		212.360731
92	369	4	0	0	4	0	12	4	7	649.62	0		212.360731
92	372	10	0	0	8	0	16	5	4	295.28	0		33.917962
92	370	6	0	0	13	0	14	4	5	126.88	0		27.427283
92	371	7	0	0	17	0	8	3	5	36.22	0		21.696466
41	163	8	0	0	13	5	13	6	8	453.91	0		12.892366
41	164	10	0	0	20	0	16	5	4	295.28	0		33.917962
41	160	3	0	0	0	7	7	7	6	286.85	0		58.163517
41	161	6	0	0	8	4	14	4	5	126.88	0		27.427283
41	162	7	0	0	20	4	8	3	5	36.22	0		21.696466
30	118	10	0	0	13	13	16	5	4	295.28	0		33.917962
30	114	3	0	0	0	13	7	7	6	286.85	0		58.163517
30	115	3	0	0	0	19	7	7	6	286.85	0		58.163517
30	116	5	0	0	8	9	6	3	4	70	0		20.659339
30	113	1	0	0	19	9	7	4	8	180.05	1		4.953292
30	117	9	0	0	13	17	7	5	3	95.81	1		10.322875
78	311	4	0	7	13	17	12	4	7	649.62	0		212.360731
78	312	4	0	12	0	0	12	4	7	649.62	0		212.360731
78	313	5	0	0	8	13	6	3	4	70	0		20.659339
78	310	1	0	0	18	17	7	4	8	180.05	1		4.953292
46	176	10	0	7	0	7	16	5	4	295.28	0		33.917962
46	177	10	0	7	0	11	16	5	4	295.28	0		33.917962
46	175	6	0	7	0	15	14	4	5	126.88	0		27.427283
46	174	1	0	6	7	9	7	4	8	180.05	1		4.953292
82	327	4	0	7	0	20	12	4	7	649.62	0		212.360731
82	328	7	1	0	0	25	8	3	5	36.22	0		21.696466
82	329	9	0	0	18	25	7	5	3	95.81	1		10.322875
82	330	9	0	6	7	17	7	5	3	95.81	1		10.322875
5	17	4	0	16	5	0	12	4	7	649.62	0		212.360731
5	18	10	0	16	17	0	16	5	4	295.28	0		33.917962
5	19	10	0	16	17	4	16	5	4	295.28	0		33.917962
26	104	10	0	16	17	8	16	5	4	295.28	0		33.917962
26	102	6	0	7	13	24	14	4	5	126.88	0		27.427283
26	100	5	0	16	9	0	6	3	4	70	0		20.659339
26	101	5	0	16	22	0	6	3	4	70	0		20.659339
26	103	9	0	6	7	20	7	5	3	95.81	1		10.322875
59	230	6	0	14	5	7	14	4	5	126.88	0		27.427283
59	231	7	0	13	5	12	8	3	5	36.22	0		21.696466
59	229	1	0	13	4	17	7	4	8	180.05	1		4.953292
59	232	9	0	6	7	23	7	5	3	95.81	1		10.322875


