Name:				595_n100_m400_bt10
Problem:			3L-VRPTW
Number_of_used_Vehicles:	7
Total_Travel_Distance:		1109.13
Calculation_Time:		3600.00
Total_Iterations:		1156
ConstraintSet:			P1

-------------------------------------------------------------------------------------------------------------------
Tour_Id:			1
No_of_Customers:		14
No_of_Items:			52
Customer_Sequence:		4 5 43 79 52 23 24 8 31 7 29 21 90 60 

CustId	Id	TypeId	Rotated	x	y	z	Length	Width	Height	mass	Fragility	LoadBearingStrength
60	241	3	0	0	0	0	17	5	8	233.29	0		18.704307
60	242	3	0	0	5	0	17	5	8	233.29	0		18.704307
60	243	7	0	0	10	0	16	6	4	229.79	0		42.509929
60	244	8	0	0	16	0	8	2	3	46.01	0		19.186251
90	354	3	0	0	18	0	17	5	8	233.29	0		18.704307
90	355	3	0	0	10	4	17	5	8	233.29	0		18.704307
90	357	9	0	0	0	8	17	3	8	254.65	0		22.648589
90	358	9	0	0	3	8	17	3	8	254.65	0		22.648589
90	359	10	0	0	18	8	7	5	6	91.26	0		35.265241
90	356	8	0	0	23	0	8	2	3	46.01	0		19.186251
21	85	3	0	0	10	12	17	5	8	233.29	0		18.704307
21	88	9	0	0	6	8	17	3	8	254.65	0		22.648589
21	89	9	0	0	0	16	17	3	8	254.65	0		22.648589
21	86	7	0	0	3	16	16	6	4	229.79	0		42.509929
21	87	7	0	0	3	20	16	6	4	229.79	0		42.509929
29	117	7	0	0	9	20	16	6	4	229.79	0		42.509929
29	116	6	0	7	18	8	13	3	8	93.93	0		4.581640
29	118	10	0	0	18	14	7	5	6	91.26	0		35.265241
29	119	10	0	0	18	20	7	5	6	91.26	0		35.265241
7	30	4	0	17	0	0	14	4	7	205.51	0		21.683714
7	31	10	0	0	0	24	7	5	6	91.26	0		35.265241
7	32	10	0	0	5	24	7	5	6	91.26	0		35.265241
7	29	2	0	17	4	0	16	6	7	363.47	1		13.569205
31	129	9	0	7	18	16	17	3	8	254.65	0		22.648589
31	127	4	0	17	10	0	14	4	7	205.51	0		21.683714
31	128	7	0	0	10	24	16	6	4	229.79	0		42.509929
31	130	10	0	7	0	24	7	5	6	91.26	0		35.265241
31	125	1	0	0	16	3	7	2	7	55.40	0		37.744509
31	126	2	0	17	0	7	16	6	7	363.47	1		13.569205
8	34	9	0	17	14	0	17	3	8	254.65	0		22.648589
8	33	2	0	17	6	7	16	6	7	363.47	1		13.569205
24	98	3	0	24	17	0	17	5	8	233.29	0		18.704307
24	97	1	0	0	23	3	7	2	7	55.40	0		37.744509
24	99	5	0	7	5	24	8	4	5	79.62	1		6.717543
23	94	4	0	17	14	8	14	4	7	205.51	0		21.683714
23	95	7	0	33	0	0	16	6	4	229.79	0		42.509929
23	96	10	0	24	18	8	7	5	6	91.26	0		35.265241
23	93	1	0	0	16	10	7	2	7	55.40	0		37.744509
52	210	4	0	17	14	15	14	4	7	205.51	0		21.683714
52	212	10	0	24	18	14	7	5	6	91.26	0		35.265241
52	211	5	0	7	18	24	8	4	5	79.62	1		6.717543
79	313	10	0	24	18	20	7	5	6	91.26	0		35.265241
79	312	2	0	17	0	14	16	6	7	363.47	1		13.569205
43	174	9	0	16	14	22	17	3	8	254.65	0		22.648589
43	175	9	0	33	6	0	17	3	8	254.65	0		22.648589
43	173	6	0	31	18	8	13	3	8	93.93	0		4.581640
5	23	3	0	33	9	0	17	5	8	233.29	0		18.704307
5	24	4	0	33	0	4	14	4	7	205.51	0		21.683714
5	22	2	0	17	6	14	16	6	7	363.47	1		13.569205
4	21	3	0	33	6	8	17	5	8	233.29	0		18.704307
4	19	1	0	0	23	10	7	2	7	55.40	0		37.744509
4	20	1	0	0	23	17	7	2	7	55.40	0		37.744509


-------------------------------------------------------------------------------------------------------------------
Tour_Id:			2
No_of_Customers:		20
No_of_Items:			83
Customer_Sequence:		87 27 94 61 68 56 46 38 26 72 78 70 13 2 69 37 76 6 10 3 

CustId	Id	TypeId	Rotated	x	y	z	Length	Width	Height	mass	Fragility	LoadBearingStrength
3	15	3	0	0	0	0	17	5	8	233.29	0		18.704307
3	17	7	0	0	5	0	16	6	4	229.79	0		42.509929
3	16	6	0	0	11	0	13	3	8	93.93	0		4.581640
3	18	10	0	0	14	0	7	5	6	91.26	0		35.265241
3	13	1	0	0	19	0	7	2	7	55.40	0		37.744509
3	14	2	0	0	5	4	16	6	7	363.47	1		13.569205
10	39	4	0	0	21	0	14	4	7	205.51	0		21.683714
10	40	8	0	0	14	6	8	2	3	46.01	0		19.186251
10	38	2	0	0	5	11	16	6	7	363.47	1		13.569205
6	26	3	0	0	0	8	17	5	8	233.29	0		18.704307
6	28	6	0	0	21	7	13	3	8	93.93	0		4.581640
6	25	1	0	0	16	6	7	2	7	55.40	0		37.744509
6	27	5	0	0	21	15	8	4	5	79.62	1		6.717543
76	301	7	0	8	14	0	16	6	4	229.79	0		42.509929
76	300	5	0	0	0	16	8	4	5	79.62	1		6.717543
37	147	3	0	7	16	4	17	5	8	233.29	0		18.704307
37	148	4	0	7	16	12	14	4	7	205.51	0		21.683714
37	150	7	0	16	5	0	16	6	4	229.79	0		42.509929
37	151	7	0	16	5	4	16	6	4	229.79	0		42.509929
37	149	5	0	0	4	18	8	4	5	79.62	1		6.717543
69	276	4	0	7	16	19	14	4	7	205.51	0		21.683714
69	277	8	0	0	11	8	8	2	3	46.01	0		19.186251
2	7	4	0	14	21	0	14	4	7	205.51	0		21.683714
2	9	10	0	8	0	16	7	5	6	91.26	0		35.265241
2	10	10	0	8	0	22	7	5	6	91.26	0		35.265241
2	11	10	0	16	5	8	7	5	6	91.26	0		35.265241
2	12	10	0	16	5	14	7	5	6	91.26	0		35.265241
2	8	5	0	0	8	18	8	4	5	79.62	1		6.717543
13	51	6	0	13	11	0	13	3	8	93.93	0		4.581640
13	52	6	0	8	11	8	13	3	8	93.93	0		4.581640
13	53	10	0	16	5	20	7	5	6	91.26	0		35.265241
13	50	5	0	0	20	20	8	4	5	79.62	1		6.717543
70	279	4	0	13	21	7	14	4	7	205.51	0		21.683714
70	278	1	0	0	14	9	7	2	7	55.40	0		37.744509
70	280	8	0	0	14	16	8	2	3	46.01	0		19.186251
70	281	8	0	0	14	19	8	2	3	46.01	0		19.186251
78	309	9	0	8	11	16	17	3	8	254.65	0		22.648589
78	310	9	0	13	21	14	17	3	8	254.65	0		22.648589
78	307	7	0	24	14	0	16	6	4	229.79	0		42.509929
78	308	7	0	24	14	4	16	6	4	229.79	0		42.509929
78	311	10	0	17	0	0	7	5	6	91.26	0		35.265241
72	284	3	0	24	0	0	17	5	8	233.29	0		18.704307
72	285	4	0	13	21	22	14	4	7	205.51	0		21.683714
72	286	7	0	23	0	8	16	6	4	229.79	0		42.509929
26	104	3	0	23	0	12	17	5	8	233.29	0		18.704307
26	105	3	0	23	0	20	17	5	8	233.29	0		18.704307
26	107	9	0	24	14	8	17	3	8	254.65	0		22.648589
26	102	1	0	0	14	22	7	2	7	55.40	0		37.744509
26	106	8	0	7	16	26	8	2	3	46.01	0		19.186251
26	103	2	0	39	5	0	16	6	7	363.47	1		13.569205
38	156	9	0	21	14	16	17	3	8	254.65	0		22.648589
38	155	6	0	24	17	8	13	3	8	93.93	0		4.581640
38	157	10	1	21	10	24	7	5	6	91.26	0		35.265241
38	152	1	0	23	6	8	7	2	7	55.40	0		37.744509
38	153	1	0	23	8	8	7	2	7	55.40	0		37.744509
38	154	2	0	39	5	7	16	6	7	363.47	1		13.569205
46	186	4	0	30	20	0	14	4	7	205.51	0		21.683714
46	187	7	0	41	11	0	16	6	4	229.79	0		42.509929
46	188	7	0	41	11	4	16	6	4	229.79	0		42.509929
46	185	1	0	23	6	15	7	2	7	55.40	0		37.744509
56	231	9	0	21	17	16	17	3	8	254.65	0		22.648589
56	228	4	0	30	20	7	14	4	7	205.51	0		21.683714
56	229	5	0	21	17	24	8	4	5	79.62	1		6.717543
56	230	5	0	29	17	24	8	4	5	79.62	1		6.717543
68	274	7	0	41	11	8	16	6	4	229.79	0		42.509929
68	275	10	0	41	0	0	7	5	6	91.26	0		35.265241
68	273	5	0	30	21	14	8	4	5	79.62	1		6.717543
61	248	9	0	40	17	0	17	3	8	254.65	0		22.648589
61	249	9	0	38	17	8	17	3	8	254.65	0		22.648589
61	245	6	0	38	17	16	13	3	8	93.93	0		4.581640
61	246	6	0	41	11	12	13	3	8	93.93	0		4.581640
61	250	10	0	41	0	6	7	5	6	91.26	0		35.265241
61	247	8	0	16	5	26	8	2	3	46.01	0		19.186251
94	372	1	0	23	8	15	7	2	7	55.40	0		37.744509
94	373	2	0	39	5	14	16	6	7	363.47	1		13.569205
27	108	1	0	23	7	22	7	2	7	55.40	0		37.744509
27	109	1	0	38	20	14	7	2	7	55.40	0		37.744509
27	110	8	0	37	17	24	8	2	3	46.01	0		19.186251
27	111	8	0	37	17	27	8	2	3	46.01	0		19.186251
87	344	9	0	41	14	12	17	3	8	254.65	0		22.648589
87	341	1	0	38	22	14	7	2	7	55.40	0		37.744509
87	342	8	0	37	20	21	8	2	3	46.01	0		19.186251
87	343	8	0	37	22	21	8	2	3	46.01	0		19.186251


-------------------------------------------------------------------------------------------------------------------
Tour_Id:			3
No_of_Customers:		18
No_of_Items:			69
Customer_Sequence:		64 98 59 62 100 35 65 95 45 17 34 80 42 33 77 18 96 97 

CustId	Id	TypeId	Rotated	x	y	z	Length	Width	Height	mass	Fragility	LoadBearingStrength
97	385	9	0	0	0	0	17	3	8	254.65	0		22.648589
97	383	4	0	0	3	0	14	4	7	205.51	0		21.683714
97	384	4	0	0	7	0	14	4	7	205.51	0		21.683714
97	386	10	0	0	11	0	7	5	6	91.26	0		35.265241
97	382	2	0	0	16	0	16	6	7	363.47	1		13.569205
96	377	3	0	0	3	7	17	5	8	233.29	0		18.704307
96	380	7	0	0	3	15	16	6	4	229.79	0		42.509929
96	379	6	0	0	22	0	13	3	8	93.93	0		4.581640
96	381	8	0	0	11	6	8	2	3	46.01	0		19.186251
96	376	2	0	0	16	7	16	6	7	363.47	1		13.569205
96	378	5	0	0	16	14	8	4	5	79.62	1		6.717543
18	72	4	0	0	3	19	14	4	7	205.51	0		21.683714
18	74	7	0	16	8	0	16	6	4	229.79	0		42.509929
18	73	6	0	0	0	8	13	3	8	93.93	0		4.581640
18	71	1	0	0	13	6	7	2	7	55.40	0		37.744509
18	75	8	0	0	22	8	8	2	3	46.01	0		19.186251
77	304	9	0	0	0	16	17	3	8	254.65	0		22.648589
77	302	7	0	16	14	0	16	6	4	229.79	0		42.509929
77	303	7	0	16	8	4	16	6	4	229.79	0		42.509929
77	305	10	0	16	20	0	7	5	6	91.26	0		35.265241
77	306	10	0	16	14	4	7	5	6	91.26	0		35.265241
33	134	9	0	16	8	8	17	3	8	254.65	0		22.648589
35	139	1	0	0	11	9	7	2	7	55.40	0		37.744509
33	133	8	0	0	22	11	8	2	3	46.01	0		19.186251
42	172	9	0	16	8	16	17	3	8	254.65	0		22.648589
42	171	8	0	0	13	13	8	2	3	46.01	0		19.186251
80	315	6	0	17	0	0	13	3	8	93.93	0		4.581640
80	314	5	0	0	20	14	8	4	5	79.62	1		6.717543
34	136	4	0	17	3	0	14	4	7	205.51	0		21.683714
34	137	4	0	17	3	7	14	4	7	205.51	0		21.683714
34	138	6	0	17	0	8	13	3	8	93.93	0		4.581640
17	69	7	0	32	11	0	16	6	4	229.79	0		42.509929
17	67	1	0	0	13	16	7	2	7	55.40	0		37.744509
17	70	8	0	0	13	23	8	2	3	46.01	0		19.186251
17	68	2	0	23	14	4	16	6	7	363.47	1		13.569205
45	184	10	0	16	20	6	7	5	6	91.26	0		35.265241
45	183	8	0	0	0	24	8	2	3	46.01	0		19.186251
45	182	2	0	23	14	11	16	6	7	363.47	1		13.569205
95	374	7	0	31	0	0	16	6	4	229.79	0		42.509929
95	375	8	0	0	3	26	8	2	3	46.01	0		19.186251
65	263	6	0	17	3	14	13	3	8	93.93	0		4.581640
65	264	6	0	17	0	16	13	3	8	93.93	0		4.581640
65	260	1	0	16	20	12	7	2	7	55.40	0		37.744509
65	261	1	0	16	22	12	7	2	7	55.40	0		37.744509
65	262	2	0	23	14	18	16	6	7	363.47	1		13.569205
35	140	4	0	23	20	0	14	4	7	205.51	0		21.683714
35	143	6	0	16	11	8	13	3	8	93.93	0		4.581640
33	135	9	0	32	7	0	17	3	8	254.65	0		22.648589
35	141	5	0	0	20	19	8	4	5	79.62	1		6.717543
35	142	5	0	0	20	24	8	4	5	79.62	1		6.717543
100	398	3	0	31	0	4	17	5	8	233.29	0		18.704307
100	399	4	0	23	20	7	14	4	7	205.51	0		21.683714
100	397	2	0	31	0	12	16	6	7	363.47	1		13.569205
100	400	5	0	16	20	19	8	4	5	79.62	1		6.717543
98	392	9	0	16	11	16	17	3	8	254.65	0		22.648589
62	253	8	0	0	11	16	8	2	3	46.01	0		19.186251
62	251	2	0	30	0	19	16	6	7	363.47	1		13.569205
59	240	9	0	24	20	14	17	3	8	254.65	0		22.648589
59	239	7	1	49	0	0	16	6	4	229.79	0		42.509929
59	238	6	0	24	20	22	13	3	8	93.93	0		4.581640
59	237	2	0	39	10	4	16	6	7	363.47	1		13.569205
62	252	4	0	37	20	0	14	4	7	205.51	0		21.683714
98	391	7	0	16	8	24	16	6	4	229.79	0		42.509929
98	389	6	0	41	20	7	13	3	8	93.93	0		4.581640
98	390	6	0	41	20	15	13	3	8	93.93	0		4.581640
98	387	1	0	0	11	19	7	2	7	55.40	0		37.744509
98	388	5	0	23	14	25	8	4	5	79.62	1		6.717543
64	258	4	1	55	0	0	14	4	7	205.51	0		21.683714
64	259	5	0	31	14	25	8	4	5	79.62	1		6.717543


-------------------------------------------------------------------------------------------------------------------
Tour_Id:			4
No_of_Customers:		14
No_of_Items:			55
Customer_Sequence:		32 20 44 71 86 84 39 63 22 92 99 1 58 51 

CustId	Id	TypeId	Rotated	x	y	z	Length	Width	Height	mass	Fragility	LoadBearingStrength
51	208	7	0	0	0	0	16	6	4	229.79	0		42.509929
51	205	1	0	0	6	0	7	2	7	55.40	0		37.744509
51	209	8	0	0	8	0	8	2	3	46.01	0		19.186251
51	206	5	0	0	10	0	8	4	5	79.62	1		6.717543
51	207	5	0	0	14	0	8	4	5	79.62	1		6.717543
58	235	7	0	0	18	0	16	6	4	229.79	0		42.509929
58	236	8	0	0	8	3	8	2	3	46.01	0		19.186251
1	2	4	0	0	0	4	14	4	7	205.51	0		21.683714
1	3	4	0	0	18	4	14	4	7	205.51	0		21.683714
1	5	6	0	0	0	11	13	3	8	93.93	0		4.581640
1	6	6	0	0	18	11	13	3	8	93.93	0		4.581640
1	1	1	0	0	4	4	7	2	7	55.40	0		37.744509
1	4	5	0	0	10	5	8	4	5	79.62	1		6.717543
99	395	3	0	8	6	0	17	5	8	233.29	0		18.704307
99	396	3	0	8	11	0	17	5	8	233.29	0		18.704307
99	393	1	0	0	22	4	7	2	7	55.40	0		37.744509
99	394	2	0	8	6	8	16	6	7	363.47	1		13.569205
92	366	3	0	8	12	8	17	5	8	233.29	0		18.704307
92	367	6	0	0	0	19	13	3	8	93.93	0		4.581640
92	368	10	0	8	12	16	7	5	6	91.26	0		35.265241
92	364	2	0	8	6	15	16	6	7	363.47	1		13.569205
92	365	2	0	8	6	22	16	6	7	363.47	1		13.569205
22	91	3	0	16	0	0	17	5	8	233.29	0		18.704307
22	92	9	0	0	18	19	17	3	8	254.65	0		22.648589
22	90	2	0	16	17	0	16	6	7	363.47	1		13.569205
63	255	7	0	16	0	8	16	6	4	229.79	0		42.509929
63	257	10	0	8	12	22	7	5	6	91.26	0		35.265241
63	254	1	0	0	3	11	7	2	7	55.40	0		37.744509
63	256	8	0	0	21	11	8	2	3	46.01	0		19.186251
39	159	3	0	13	0	12	17	5	8	233.29	0		18.704307
39	158	1	0	0	21	14	7	2	7	55.40	0		37.744509
39	160	5	0	13	0	20	8	4	5	79.62	1		6.717543
84	329	6	0	15	12	16	13	3	8	93.93	0		4.581640
84	330	6	0	25	6	0	13	3	8	93.93	0		4.581640
84	328	1	0	0	21	21	7	2	7	55.40	0		37.744509
86	337	3	0	28	9	0	17	5	8	233.29	0		18.704307
86	338	4	0	24	6	8	14	4	7	205.51	0		21.683714
86	339	7	0	32	14	0	16	6	4	229.79	0		42.509929
86	340	8	0	0	0	27	8	2	3	46.01	0		19.186251
71	283	9	0	24	6	15	17	3	8	254.65	0		22.648589
71	282	2	0	17	17	7	16	6	7	363.47	1		13.569205
44	179	4	0	24	6	23	14	4	7	205.51	0		21.683714
44	180	7	0	33	0	0	16	6	4	229.79	0		42.509929
44	181	10	0	21	0	20	7	5	6	91.26	0		35.265241
44	176	1	0	15	15	16	7	2	7	55.40	0		37.744509
44	177	2	0	17	17	14	16	6	7	363.47	1		13.569205
44	178	2	0	17	17	21	16	6	7	363.47	1		13.569205
20	83	9	0	28	10	8	17	3	8	254.65	0		22.648589
20	84	9	0	28	10	16	17	3	8	254.65	0		22.648589
20	81	4	0	33	0	4	14	4	7	205.51	0		21.683714
20	79	1	0	15	15	23	7	2	7	55.40	0		37.744509
20	82	8	0	15	12	24	8	2	3	46.01	0		19.186251
20	80	2	0	33	14	4	16	6	7	363.47	1		13.569205
32	132	7	1	49	0	0	16	6	4	229.79	0		42.509929
32	131	5	0	28	10	24	8	4	5	79.62	1		6.717543


-------------------------------------------------------------------------------------------------------------------
Tour_Id:			5
No_of_Customers:		9
No_of_Items:			40
Customer_Sequence:		82 11 91 53 75 73 36 48 57 

CustId	Id	TypeId	Rotated	x	y	z	Length	Width	Height	mass	Fragility	LoadBearingStrength
57	233	3	0	0	0	0	17	5	8	233.29	0		18.704307
57	234	6	0	0	5	0	13	3	8	93.93	0		4.581640
57	232	2	0	0	8	0	16	6	7	363.47	1		13.569205
48	196	9	0	0	14	0	17	3	8	254.65	0		22.648589
48	195	6	0	0	17	0	13	3	8	93.93	0		4.581640
48	191	1	0	0	20	0	7	2	7	55.40	0		37.744509
48	192	1	0	0	22	0	7	2	7	55.40	0		37.744509
48	193	1	0	0	20	7	7	2	7	55.40	0		37.744509
48	194	2	0	0	8	7	16	6	7	363.47	1		13.569205
36	144	7	0	0	0	8	16	6	4	229.79	0		42.509929
36	145	7	0	0	14	8	16	6	4	229.79	0		42.509929
36	146	10	0	0	0	12	7	5	6	91.26	0		35.265241
73	288	3	0	0	14	12	17	5	8	233.29	0		18.704307
73	289	4	0	0	14	20	14	4	7	205.51	0		21.683714
73	291	7	0	16	5	0	16	6	4	229.79	0		42.509929
73	287	1	0	0	22	7	7	2	7	55.40	0		37.744509
73	290	5	0	0	8	14	8	4	5	79.62	1		6.717543
75	297	6	0	7	20	0	13	3	8	93.93	0		4.581640
75	296	1	0	0	6	8	7	2	7	55.40	0		37.744509
75	298	8	0	0	20	14	8	2	3	46.01	0		19.186251
75	299	8	0	0	22	14	8	2	3	46.01	0		19.186251
53	213	4	0	16	5	4	14	4	7	205.51	0		21.683714
53	214	7	0	17	11	0	16	6	4	229.79	0		42.509929
53	217	10	0	0	19	17	7	5	6	91.26	0		35.265241
53	218	10	0	0	0	18	7	5	6	91.26	0		35.265241
53	215	8	0	0	6	15	8	2	3	46.01	0		19.186251
53	216	8	0	0	6	18	8	2	3	46.01	0		19.186251
91	362	6	0	8	20	8	13	3	8	93.93	0		4.581640
91	363	10	0	0	18	23	7	5	6	91.26	0		35.265241
91	360	2	0	17	9	4	16	6	7	363.47	1		13.569205
91	361	2	0	16	5	11	16	6	7	363.47	1		13.569205
11	43	9	0	8	20	16	17	3	8	254.65	0		22.648589
11	41	4	0	17	0	0	14	4	7	205.51	0		21.683714
11	42	8	0	0	6	21	8	2	3	46.01	0		19.186251
82	319	3	0	25	17	0	17	5	8	233.29	0		18.704307
82	323	9	0	17	0	7	17	3	8	254.65	0		22.648589
82	320	4	0	17	0	15	14	4	7	205.51	0		21.683714
82	324	10	0	0	0	24	7	5	6	91.26	0		35.265241
82	322	8	0	0	6	24	8	2	3	46.01	0		19.186251
82	321	5	0	0	8	19	8	4	5	79.62	1		6.717543


-------------------------------------------------------------------------------------------------------------------
Tour_Id:			6
No_of_Customers:		22
No_of_Items:			88
Customer_Sequence:		83 93 85 50 49 88 74 66 67 12 15 19 28 40 41 47 54 25 30 9 16 14 

CustId	Id	TypeId	Rotated	x	y	z	Length	Width	Height	mass	Fragility	LoadBearingStrength
14	57	9	0	0	0	0	17	3	8	254.65	0		22.648589
14	54	1	0	0	3	0	7	2	7	55.40	0		37.744509
14	55	8	0	0	5	0	8	2	3	46.01	0		19.186251
14	56	8	0	0	7	0	8	2	3	46.01	0		19.186251
16	64	3	0	0	9	0	17	5	8	233.29	0		18.704307
16	66	9	0	0	14	0	17	3	8	254.65	0		22.648589
16	65	7	0	0	17	0	16	6	4	229.79	0		42.509929
9	35	3	0	0	17	4	17	5	8	233.29	0		18.704307
9	37	9	0	0	0	8	17	3	8	254.65	0		22.648589
40	162	3	0	0	9	8	17	5	8	233.29	0		18.704307
30	122	7	0	0	17	12	16	6	4	229.79	0		42.509929
30	121	6	0	0	14	8	13	3	8	93.93	0		4.581640
30	123	10	0	0	14	16	7	5	6	91.26	0		35.265241
30	124	10	0	0	19	16	7	5	6	91.26	0		35.265241
30	120	1	0	0	23	0	7	2	7	55.40	0		37.744509
25	100	8	0	0	5	3	8	2	3	46.01	0		19.186251
25	101	8	0	0	7	3	8	2	3	46.01	0		19.186251
54	220	3	0	17	0	0	17	5	8	233.29	0		18.704307
54	221	6	0	0	0	16	13	3	8	93.93	0		4.581640
54	222	10	0	0	14	22	7	5	6	91.26	0		35.265241
54	219	2	0	17	5	0	16	6	7	363.47	1		13.569205
47	190	9	0	17	11	0	17	3	8	254.65	0		22.648589
47	189	8	0	0	19	22	8	2	3	46.01	0		19.186251
41	169	3	0	17	14	0	17	5	8	233.29	0		18.704307
41	170	6	0	13	14	8	13	3	8	93.93	0		4.581640
41	166	1	0	0	21	22	7	2	7	55.40	0		37.744509
41	167	1	0	7	23	0	7	2	7	55.40	0		37.744509
41	168	1	0	7	14	16	7	2	7	55.40	0		37.744509
9	36	8	0	0	3	7	8	2	3	46.01	0		19.186251
40	163	4	0	0	9	16	14	4	7	205.51	0		21.683714
40	165	7	0	17	19	0	16	6	4	229.79	0		42.509929
40	164	6	0	7	16	16	13	3	8	93.93	0		4.581640
40	161	2	0	17	19	4	16	6	7	363.47	1		13.569205
28	112	3	0	17	0	8	17	5	8	233.29	0		18.704307
28	115	9	0	13	0	16	17	3	8	254.65	0		22.648589
28	114	7	0	33	5	0	16	6	4	229.79	0		42.509929
74	292	4	0	0	9	23	14	4	7	205.51	0		21.683714
19	78	7	0	33	19	0	16	6	4	229.79	0		42.509929
19	77	6	0	17	11	8	13	3	8	93.93	0		4.581640
19	76	5	0	0	0	24	8	4	5	79.62	1		6.717543
15	59	3	0	33	5	4	17	5	8	233.29	0		18.704307
15	60	3	0	33	19	4	17	5	8	233.29	0		18.704307
15	63	10	0	8	19	16	7	5	6	91.26	0		35.265241
15	58	1	0	7	21	22	7	2	7	55.40	0		37.744509
15	62	8	0	0	19	25	8	2	3	46.01	0		19.186251
15	61	5	0	8	0	24	8	4	5	79.62	1		6.717543
12	46	3	0	33	5	12	17	5	8	233.29	0		18.704307
12	47	7	0	14	10	16	16	6	4	229.79	0		42.509929
12	48	7	0	33	19	12	16	6	4	229.79	0		42.509929
12	49	10	0	26	14	8	7	5	6	91.26	0		35.265241
12	44	1	0	7	14	23	7	2	7	55.40	0		37.744509
12	45	1	0	8	19	22	7	2	7	55.40	0		37.744509
67	271	9	0	33	5	20	17	3	8	254.65	0		22.648589
67	270	4	0	33	19	16	14	4	7	205.51	0		21.683714
67	272	10	0	33	19	23	7	5	6	91.26	0		35.265241
66	268	9	0	34	0	0	17	3	8	254.65	0		22.648589
66	265	4	0	34	11	0	14	4	7	205.51	0		21.683714
66	267	6	0	34	15	0	13	3	8	93.93	0		4.581640
66	269	10	0	40	19	23	7	5	6	91.26	0		35.265241
66	266	5	0	16	0	24	8	4	5	79.62	1		6.717543
28	113	5	0	17	5	7	8	4	5	79.62	1		6.717543
74	294	7	0	14	10	20	16	6	4	229.79	0		42.509929
74	293	6	0	34	11	7	13	3	8	93.93	0		4.581640
74	295	8	0	7	16	24	8	2	3	46.01	0		19.186251
88	346	4	0	33	14	8	14	4	7	205.51	0		21.683714
88	347	4	0	30	14	15	14	4	7	205.51	0		21.683714
88	348	7	0	14	10	24	16	6	4	229.79	0		42.509929
88	345	1	0	30	14	22	7	2	7	55.40	0		37.744509
49	199	9	0	34	0	8	17	3	8	254.65	0		22.648589
49	197	1	0	30	0	16	7	2	7	55.40	0		37.744509
49	198	5	0	37	0	16	8	4	5	79.62	1		6.717543
50	201	3	1	50	3	0	17	5	8	233.29	0		18.704307
50	203	10	0	37	14	22	7	5	6	91.26	0		35.265241
50	204	10	0	50	20	0	7	5	6	91.26	0		35.265241
50	200	1	0	30	16	22	7	2	7	55.40	0		37.744509
50	202	5	0	37	0	21	8	4	5	79.62	1		6.717543
85	332	4	1	50	3	8	14	4	7	205.51	0		21.683714
85	331	1	0	33	8	20	7	2	7	55.40	0		37.744509
85	334	8	0	33	8	27	8	2	3	46.01	0		19.186251
85	335	8	0	34	11	15	8	2	3	46.01	0		19.186251
85	336	8	0	34	11	18	8	2	3	46.01	0		19.186251
85	333	5	0	50	20	6	8	4	5	79.62	1		6.717543
93	369	1	0	34	11	21	7	2	7	55.40	0		37.744509
93	370	5	0	50	20	11	8	4	5	79.62	1		6.717543
93	371	5	1	50	3	15	8	4	5	79.62	1		6.717543
83	325	3	1	55	0	0	17	5	8	233.29	0		18.704307
83	327	9	1	54	0	8	17	3	8	254.65	0		22.648589
83	326	5	1	50	11	15	8	4	5	79.62	1		6.717543


-------------------------------------------------------------------------------------------------------------------
Tour_Id:			7
No_of_Customers:		3
No_of_Items:			13
Customer_Sequence:		81 89 55 

CustId	Id	TypeId	Rotated	x	y	z	Length	Width	Height	mass	Fragility	LoadBearingStrength
55	225	3	0	0	0	0	17	5	8	233.29	0		18.704307
55	223	1	0	0	5	0	7	2	7	55.40	0		37.744509
55	224	1	0	0	7	0	7	2	7	55.40	0		37.744509
55	227	8	0	0	9	0	8	2	3	46.01	0		19.186251
55	226	5	0	0	11	0	8	4	5	79.62	1		6.717543
89	350	4	0	0	15	0	14	4	7	205.51	0		21.683714
89	353	8	0	0	19	0	8	2	3	46.01	0		19.186251
89	349	2	0	0	0	8	16	6	7	363.47	1		13.569205
89	351	5	0	0	21	0	8	4	5	79.62	1		6.717543
89	352	5	0	0	11	5	8	4	5	79.62	1		6.717543
81	316	3	0	8	6	0	17	5	8	233.29	0		18.704307
81	318	8	0	0	9	3	8	2	3	46.01	0		19.186251
81	317	5	0	0	21	5	8	4	5	79.62	1		6.717543


