Name:				VRPTWP21
Problem:			3L-VRPTW
Number_of_used_Vehicles:	16
Total_Travel_Distance:		1189.80
Calculation_Time:		1943.54
Total_Iterations:		25001
ConstraintSet:			P1

-------------------------------------------------------------------------------------------------------------------
Tour_Id:			1
No_of_Customers:		3
No_of_Items:			9
Customer_Sequence:		53 26 12 

CustId	Id	TypeId	Rotated	x	y	z	Length	Width	Height	mass	Fragility	LoadBearingStrength
12	22	22	0	0	0	0	22	14	10	5.33	0		1.611027
12	21	21	0	0	14	0	29	10	17	5.33	0		3.745829
53	103	103	0	0	0	10	24	7	17	7.33	0		3.207883
26	47	47	0	22	0	0	34	13	10	6	0		3.310848
53	102	102	0	24	0	10	31	11	17	7.33	0		1.280616
26	49	49	0	0	14	17	29	7	6	6	0		2.848371
12	23	23	0	29	13	0	27	8	10	5.33	0		3.241952
26	48	48	0	29	11	10	22	9	11	6	0		3.874774
53	104	104	0	29	11	21	22	12	9	7.33	0		1.081514


-------------------------------------------------------------------------------------------------------------------
Tour_Id:			2
No_of_Customers:		7
No_of_Items:			12
Customer_Sequence:		18 19 64 49 36 47 46 

CustId	Id	TypeId	Rotated	x	y	z	Length	Width	Height	mass	Fragility	LoadBearingStrength
46	90	90	0	0	0	0	34	11	17	13.50	0		2.921889
47	93	93	0	0	11	0	30	6	16	9.50	1		0.570264
47	92	92	0	0	0	17	18	13	13	9.50	0		2.272875
46	91	91	0	0	17	0	34	7	17	13.50	0		2.706709
36	68	68	0	34	0	0	19	15	9	12	0		3.032585
64	128	128	0	18	0	17	18	11	10	9.33	0		1.013522
49	96	96	0	0	17	17	21	8	9	5	0		3.642782
64	129	129	0	21	17	17	13	8	11	9.33	0		1.202186
64	130	130	0	18	11	16	15	6	10	9.33	1		0.881958
19	34	34	0	34	15	0	26	10	11	7.50	0		1.563489
19	35	35	0	34	15	11	20	10	13	7.50	0		2.705135
18	33	33	0	36	0	9	19	15	16	13	0		3.235613


-------------------------------------------------------------------------------------------------------------------
Tour_Id:			3
No_of_Customers:		5
No_of_Items:			10
Customer_Sequence:		41 22 75 74 73 

CustId	Id	TypeId	Rotated	x	y	z	Length	Width	Height	mass	Fragility	LoadBearingStrength
74	151	151	0	0	0	0	18	9	14	3.33	0		1.741045
73	150	150	0	0	9	0	18	8	6	6	0		2.245373
75	155	155	0	18	0	0	34	15	13	10	1		0.787075
74	153	153	0	0	17	0	22	7	7	3.33	1		0.574141
75	154	154	0	22	15	0	30	10	7	10	0		2.212055
41	80	80	0	0	15	7	31	9	14	5	1		0.797689
22	39	39	1	52	0	0	25	6	7	12	0		2.601909
41	79	79	0	31	15	7	26	8	12	5	0		2.732948
74	152	152	0	0	9	6	18	6	18	3.33	1		0.600862
41	81	81	0	18	0	13	29	13	10	5	1		0.576171


-------------------------------------------------------------------------------------------------------------------
Tour_Id:			4
No_of_Customers:		6
No_of_Items:			11
Customer_Sequence:		68 54 4 56 72 21 

CustId	Id	TypeId	Rotated	x	y	z	Length	Width	Height	mass	Fragility	LoadBearingStrength
21	38	38	0	0	0	0	35	12	11	28	1		0.783782
72	149	149	0	0	12	0	23	12	7	1	0		3.618704
56	110	110	0	23	12	0	36	7	11	13	0		1.429811
56	111	111	0	0	12	7	20	8	16	13	0		3.142908
4	6	6	0	0	20	7	15	5	15	30	0		1.746740
54	105	105	0	35	0	0	18	12	15	5.33	0		2.457808
54	106	106	0	23	19	0	35	5	14	5.33	0		2.997580
54	107	107	0	0	0	11	34	12	13	5.33	1		0.626482
68	140	140	0	23	12	11	27	6	18	3.33	0		3.885502
68	141	141	0	35	0	15	22	11	7	3.33	0		3.352354
68	142	142	0	23	19	14	18	6	10	3.33	1		0.694337


-------------------------------------------------------------------------------------------------------------------
Tour_Id:			5
No_of_Customers:		1
No_of_Items:			0
Customer_Sequence:		27 

-------------------------------------------------------------------------------------------------------------------
Tour_Id:			6
No_of_Customers:		5
No_of_Items:			12
Customer_Sequence:		1 20 66 65 71 

CustId	Id	TypeId	Rotated	x	y	z	Length	Width	Height	mass	Fragility	LoadBearingStrength
65	133	133	0	0	0	0	26	12	6	3	0		2.489094
71	147	147	0	0	12	0	21	12	13	1	0		3.736966
71	148	148	0	0	12	13	18	5	8	1	0		3.742611
65	131	131	0	0	0	6	34	11	7	3	0		1.818996
65	132	132	0	0	0	13	16	10	13	3	0		1.559038
71	146	146	0	21	12	0	27	13	13	1	0		2.108518
66	134	134	0	34	0	0	19	11	18	12.33	0		2.719386
66	136	136	1	18	0	13	19	9	16	12.33	1		0.625518
66	135	135	0	34	0	18	13	12	12	12.33	0		3.072306
20	36	36	0	0	19	13	26	6	8	11	0		2.434967
20	37	37	0	27	12	13	25	11	15	11	1		0.969444
1	1	1	1	52	11	0	13	7	13	18	0		2.765922


-------------------------------------------------------------------------------------------------------------------
Tour_Id:			7
No_of_Customers:		5
No_of_Items:			11
Customer_Sequence:		59 5 17 45 60 

CustId	Id	TypeId	Rotated	x	y	z	Length	Width	Height	mass	Fragility	LoadBearingStrength
60	120	120	0	0	0	0	16	8	7	13	0		2.750871
45	87	87	0	0	8	0	31	14	9	7	0		1.734852
45	88	88	0	0	0	7	16	8	12	7	0		3.739977
17	31	31	0	0	8	9	27	8	15	10	0		2.152464
17	32	32	0	0	16	9	16	8	14	10	0		2.917187
45	89	89	0	16	0	0	35	6	8	7	1		0.763080
5	7	7	0	0	0	19	19	7	7	10.50	0		3.937252
5	8	8	0	19	0	8	27	7	16	10.50	1		0.900584
59	117	117	0	31	8	0	29	12	8	8	0		3.461426
59	118	118	0	16	16	9	20	6	17	8	0		1.870843
59	119	119	0	31	7	8	24	8	7	8	0		2.729279


-------------------------------------------------------------------------------------------------------------------
Tour_Id:			8
No_of_Customers:		7
No_of_Items:			13
Customer_Sequence:		40 57 15 43 14 37 6 

CustId	Id	TypeId	Rotated	x	y	z	Length	Width	Height	mass	Fragility	LoadBearingStrength
37	69	69	0	0	0	0	34	8	16	4.67	0		2.460124
6	10	10	0	0	8	0	14	11	6	9.50	0		1.107124
6	9	9	0	0	19	0	28	5	9	9.50	0		3.061453
37	70	70	0	0	8	6	12	10	8	4.67	0		3.145246
40	77	77	0	0	19	9	21	6	16	16.50	0		2.968571
14	27	27	0	0	0	16	34	7	13	31	1		0.908141
43	83	83	0	28	8	0	27	15	9	18	0		2.710049
15	28	28	0	21	8	9	34	7	16	4	0		2.460149
15	29	29	0	0	8	14	13	7	15	4	0		1.831436
57	112	112	0	34	0	0	23	8	12	7	0		3.488715
57	113	113	0	34	0	12	18	7	7	7	0		3.736391
37	71	71	0	14	8	0	14	6	7	4.67	1		0.709722
40	78	78	0	21	15	9	28	9	7	16.50	1		0.784530


-------------------------------------------------------------------------------------------------------------------
Tour_Id:			9
No_of_Customers:		4
No_of_Items:			9
Customer_Sequence:		7 48 8 52 

CustId	Id	TypeId	Rotated	x	y	z	Length	Width	Height	mass	Fragility	LoadBearingStrength
8	15	15	0	0	0	0	13	5	17	8	0		3.650791
52	100	100	0	0	5	0	15	12	11	9.50	0		2.927322
8	14	14	0	15	0	0	30	13	10	8	0		1.615854
7	12	12	0	15	0	10	30	13	6	5	0		3.799341
52	101	101	0	15	13	0	25	10	7	9.50	0		2.370832
48	95	95	0	0	5	11	15	11	9	10	0		3.521119
48	94	94	0	15	13	7	19	8	16	10	0		3.317259
7	11	11	1	45	0	0	23	14	11	5	0		2.344789
7	13	13	1	45	0	11	22	15	17	5	1		0.627507


-------------------------------------------------------------------------------------------------------------------
Tour_Id:			10
No_of_Customers:		6
No_of_Items:			9
Customer_Sequence:		50 51 9 35 34 33 

CustId	Id	TypeId	Rotated	x	y	z	Length	Width	Height	mass	Fragility	LoadBearingStrength
33	63	63	0	0	0	0	27	15	9	13.50	0		2.736522
33	64	64	0	0	15	0	24	9	15	13.50	0		1.096007
34	65	65	0	0	0	9	24	11	9	19	0		2.148758
35	66	66	0	27	0	0	15	15	17	5	0		1.658364
35	67	67	0	0	0	18	17	14	10	5	1		0.647233
9	16	16	0	0	15	15	19	6	10	29	0		3.247196
51	99	99	0	24	15	0	35	7	13	12	0		1.983243
50	97	97	0	24	15	13	35	9	7	11	0		2.052596
50	98	98	0	42	0	0	18	13	14	11	1		0.510520


-------------------------------------------------------------------------------------------------------------------
Tour_Id:			11
No_of_Customers:		5
No_of_Items:			11
Customer_Sequence:		61 16 44 38 42 

CustId	Id	TypeId	Rotated	x	y	z	Length	Width	Height	mass	Fragility	LoadBearingStrength
42	82	82	0	0	0	0	33	7	15	11	0		2.334659
38	72	72	0	0	7	0	20	14	10	8	0		2.404357
38	73	73	0	0	7	10	18	12	10	8	0		2.191640
44	85	85	0	20	7	0	32	10	8	5.67	1		0.917437
44	84	84	0	20	7	8	21	11	12	5.67	1		0.841350
61	122	122	0	0	7	20	34	14	9	5	1		0.660226
16	30	30	0	0	0	15	32	6	15	19	1		0.671749
38	74	74	0	20	18	0	35	6	9	8	1		0.585169
61	121	121	0	33	0	0	24	7	8	5	0		3.660592
44	86	86	0	20	18	9	13	7	9	5.67	1		0.898778
61	123	123	0	41	0	8	17	13	14	5	1		0.764510


-------------------------------------------------------------------------------------------------------------------
Tour_Id:			12
No_of_Customers:		5
No_of_Items:			8
Customer_Sequence:		28 3 29 24 55 

CustId	Id	TypeId	Rotated	x	y	z	Length	Width	Height	mass	Fragility	LoadBearingStrength
24	43	43	0	0	0	0	35	14	6	27	0		3.764006
55	109	109	0	0	14	0	23	10	15	3.50	0		2.856160
55	108	108	0	23	14	0	34	11	18	3.50	0		3.858117
29	53	53	0	0	0	6	26	12	15	4.33	0		1.728511
29	54	54	0	0	0	21	16	6	8	4.33	0		1.448643
29	55	55	0	0	6	21	14	8	6	4.33	0		3.627875
3	5	5	0	35	0	0	21	7	16	11	0		1.661290
28	52	52	0	23	14	18	24	11	10	29	1		0.934354


-------------------------------------------------------------------------------------------------------------------
Tour_Id:			13
No_of_Customers:		4
No_of_Items:			11
Customer_Sequence:		23 67 39 25 

CustId	Id	TypeId	Rotated	x	y	z	Length	Width	Height	mass	Fragility	LoadBearingStrength
25	44	44	0	0	0	0	35	6	9	4.67	0		1.845173
25	46	46	0	0	6	0	27	9	10	4.67	1		0.650069
67	139	139	0	0	15	0	18	8	7	10	0		2.832190
39	75	75	0	35	0	0	18	13	12	8	0		2.112306
67	137	137	0	27	13	0	23	11	15	10	0		1.134444
25	45	45	0	0	0	9	17	6	14	4.67	0		2.397161
67	138	138	0	0	15	7	17	8	13	10	0		3.173381
39	76	76	0	17	0	9	15	6	9	8	0		3.718886
23	40	40	0	27	13	15	29	10	14	2	0		2.084969
23	41	41	0	35	0	12	20	7	17	2	0		2.850926
23	42	42	0	17	0	18	12	8	12	2	0		2.105359


-------------------------------------------------------------------------------------------------------------------
Tour_Id:			14
No_of_Customers:		3
No_of_Items:			8
Customer_Sequence:		69 10 31 

CustId	Id	TypeId	Rotated	x	y	z	Length	Width	Height	mass	Fragility	LoadBearingStrength
31	60	60	0	0	0	0	14	11	15	8.33	1		0.816522
10	17	17	0	0	11	0	30	14	10	8.67	0		1.607732
31	58	58	0	14	0	0	33	10	8	8.33	0		2.962297
31	59	59	0	14	0	8	28	7	9	8.33	0		1.421253
10	18	18	0	0	11	10	19	13	15	8.67	0		2.042827
10	19	19	1	19	7	10	16	10	16	8.67	1		0.783025
69	143	143	0	30	11	0	28	11	10	4	0		1.270015
69	144	144	0	30	11	10	26	13	14	4	1		0.599136


-------------------------------------------------------------------------------------------------------------------
Tour_Id:			15
No_of_Customers:		6
No_of_Items:			10
Customer_Sequence:		62 11 63 32 30 70 

CustId	Id	TypeId	Rotated	x	y	z	Length	Width	Height	mass	Fragility	LoadBearingStrength
70	145	145	0	0	0	0	20	8	13	11	0		2.629859
30	56	56	0	0	8	0	27	11	11	11	0		2.350680
30	57	57	0	0	8	11	15	9	7	11	0		3.890800
32	62	62	0	0	19	0	21	6	16	14	1		0.679107
63	125	125	0	27	0	0	30	14	8	3.67	0		2.501455
32	61	61	0	27	14	0	33	11	16	14	0		1.867597
63	126	126	0	27	0	8	31	12	7	3.67	0		1.237055
62	124	124	0	27	0	15	33	12	8	18	1		0.675056
11	20	20	0	27	14	16	30	8	14	37	0		2.395833
63	127	127	0	0	0	13	24	7	7	3.67	0		2.923417


-------------------------------------------------------------------------------------------------------------------
Tour_Id:			16
No_of_Customers:		3
No_of_Items:			9
Customer_Sequence:		13 2 58 

CustId	Id	TypeId	Rotated	x	y	z	Length	Width	Height	mass	Fragility	LoadBearingStrength
58	116	116	0	0	0	0	23	11	18	7	1		0.928258
58	115	115	0	0	11	0	34	5	12	7	0		2.990102
2	3	3	0	0	16	0	28	8	12	8.67	0		1.345625
2	2	2	0	0	11	12	30	12	14	8.67	0		2.398355
58	114	114	0	23	0	0	35	11	8	7	0		2.780829
2	4	4	0	23	0	8	29	8	8	8.67	0		3.701520
13	24	24	0	23	0	16	30	9	8	4	0		3.327955
13	25	25	1	34	11	0	14	15	7	4	0		1.657696
13	26	26	0	34	11	7	14	7	10	4	0		1.278757


