Name:				VRPTWP03
Problem:			3L-VRPTW
Number_of_used_Vehicles:	4
Total_Travel_Distance:		274.55
Calculation_Time:		30.01
Total_Iterations:		12001
ConstraintSet:			P1

-------------------------------------------------------------------------------------------------------------------
Tour_Id:			1
No_of_Customers:		7
No_of_Items:			10
Customer_Sequence:		7 2 12 14 16 19 20 

CustId	Id	TypeId	Rotated	x	y	z	Length	Width	Height	mass	Fragility	LoadBearingStrength
19	36	36	0	0	0	0	19	14	12	6	0		1.971295
20	37	37	0	0	14	0	14	8	16	19	1		0.855870
16	31	31	0	0	0	12	19	12	7	2.33	1		0.663049
16	30	30	0	14	14	0	20	8	16	2.33	0		3.943665
16	29	29	0	19	0	0	29	12	18	2.33	0		3.456007
12	23	23	0	19	0	18	13	13	12	8	0		3.918336
2	2	2	0	32	0	18	16	14	9	29	1		0.563209
14	26	26	0	34	14	0	22	10	11	5	0		3.385472
14	27	27	0	0	14	16	33	10	14	5	1		0.789936
7	10	10	0	34	14	11	26	6	13	3	0		2.638749


-------------------------------------------------------------------------------------------------------------------
Tour_Id:			2
No_of_Customers:		4
No_of_Items:			10
Customer_Sequence:		8 9 3 5 

CustId	Id	TypeId	Rotated	x	y	z	Length	Width	Height	mass	Fragility	LoadBearingStrength
5	5	5	0	0	0	0	22	15	8	3.33	0		2.804141
9	14	14	0	0	15	0	25	6	14	3	0		2.887253
5	7	7	0	0	0	8	21	13	16	3.33	1		0.961776
3	3	3	0	22	0	0	12	7	16	23	0		2.267413
5	6	6	0	22	7	0	23	5	16	3.33	0		2.566582
9	15	15	0	21	0	16	15	9	12	3	0		2.885983
9	16	16	0	0	15	14	26	5	9	3	0		1.112591
8	11	11	0	26	12	0	31	13	16	13.67	0		3.682979
8	12	12	0	26	9	16	22	7	13	13.67	0		3.989009
8	13	13	0	26	16	16	26	6	12	13.67	0		2.396738


-------------------------------------------------------------------------------------------------------------------
Tour_Id:			3
No_of_Customers:		4
No_of_Items:			7
Customer_Sequence:		10 6 4 1 

CustId	Id	TypeId	Rotated	x	y	z	Length	Width	Height	mass	Fragility	LoadBearingStrength
1	1	1	0	0	0	0	24	6	12	19	0		1.495044
6	9	9	0	0	6	0	27	15	6	7.50	1		0.581359
4	4	4	0	0	0	12	24	5	13	21	0		1.716970
6	8	8	0	24	0	0	27	6	13	7.50	0		3.896346
10	17	17	0	27	6	0	33	13	14	9.33	0		3.346922
10	18	18	0	27	6	14	27	8	10	9.33	0		2.212835
10	19	19	0	0	6	6	16	12	8	9.33	1		0.628516


-------------------------------------------------------------------------------------------------------------------
Tour_Id:			4
No_of_Customers:		5
No_of_Items:			10
Customer_Sequence:		13 17 18 15 11 

CustId	Id	TypeId	Rotated	x	y	z	Length	Width	Height	mass	Fragility	LoadBearingStrength
11	20	20	0	0	0	0	27	11	15	2.67	0		1.871103
11	21	21	0	0	11	0	25	6	11	2.67	0		3.882749
11	22	22	0	0	17	0	20	8	10	2.67	0		2.146622
15	28	28	0	27	0	0	29	15	11	28	0		3.558567
18	33	33	0	25	15	0	16	9	17	4.67	0		2.926841
18	34	34	0	0	17	10	24	6	14	4.67	0		2.260710
17	32	32	0	0	0	15	29	12	9	15	0		3.766017
18	35	35	0	25	15	17	19	7	9	4.67	1		0.867889
13	24	24	0	29	0	11	28	14	17	8	0		3.242586
13	25	25	0	44	15	0	15	6	16	8	0		2.261404


