Name:				VRPTWP18
Problem:			3L-VRPTW
Number_of_used_Vehicles:	12
Total_Travel_Distance:		979.93
Calculation_Time:		33.89
Total_Iterations:		25001
ConstraintSet:			P1

-------------------------------------------------------------------------------------------------------------------
Tour_Id:			1
No_of_Customers:		4
No_of_Items:			7
Customer_Sequence:		5 16 43 13 

CustId	Id	TypeId	Rotated	x	y	z	Length	Width	Height	mass	Fragility	LoadBearingStrength
13	27	27	0	0	0	0	29	14	16	18	0		1.557379
43	92	92	0	0	0	16	34	12	12	22	0		2.991213
43	93	93	0	0	14	0	22	8	13	22	0		2.012003
16	34	34	0	34	0	0	17	12	15	627	0		3.878244
5	7	7	0	29	12	0	28	13	14	5	0		3.766940
5	8	8	0	29	12	14	13	13	15	5	0		1.586328
5	9	9	0	0	14	13	18	6	15	5	1		0.695531


-------------------------------------------------------------------------------------------------------------------
Tour_Id:			2
No_of_Customers:		3
No_of_Items:			7
Customer_Sequence:		28 12 26 

CustId	Id	TypeId	Rotated	x	y	z	Length	Width	Height	mass	Fragility	LoadBearingStrength
26	52	52	0	0	0	0	13	11	10	0.50	0		2.216211
26	53	53	0	0	11	0	27	14	6	0.50	1		0.523092
12	24	24	0	27	0	0	18	12	11	7.67	0		2.379201
12	26	26	0	27	12	0	31	10	9	7.67	1		0.967506
12	25	25	0	0	11	6	24	14	15	7.67	1		0.855152
28	57	57	0	27	0	11	17	11	12	53	0		1.724995
28	58	58	0	27	12	9	26	12	12	53	1		0.701330


-------------------------------------------------------------------------------------------------------------------
Tour_Id:			3
No_of_Customers:		4
No_of_Items:			8
Customer_Sequence:		31 7 10 32 

CustId	Id	TypeId	Rotated	x	y	z	Length	Width	Height	mass	Fragility	LoadBearingStrength
7	11	11	0	0	0	0	14	9	18	25.67	0		3.248925
32	65	65	0	0	9	0	18	6	10	1300	0		1.733050
10	20	20	0	18	9	0	25	12	16	60	1		0.816289
31	64	64	0	14	0	0	31	7	9	26	1		0.534342
7	12	12	0	43	9	0	15	13	7	25.67	0		3.140515
7	13	13	1	43	7	7	16	6	9	25.67	0		2.452301
31	63	63	0	18	9	16	32	15	10	26	1		0.583601
10	19	19	0	0	15	0	16	9	17	60	0		3.075123


-------------------------------------------------------------------------------------------------------------------
Tour_Id:			4
No_of_Customers:		4
No_of_Items:			8
Customer_Sequence:		14 44 38 37 

CustId	Id	TypeId	Rotated	x	y	z	Length	Width	Height	mass	Fragility	LoadBearingStrength
37	77	77	0	0	0	0	14	12	14	54	0		2.328501
44	94	94	0	0	12	0	19	7	8	42	0		2.605354
38	80	80	0	0	19	0	15	6	6	6.33	1		0.704178
38	79	79	0	0	0	14	14	8	16	6.33	0		2.509711
38	78	78	0	14	0	0	35	11	7	6.33	0		3.658206
14	28	28	0	19	12	0	32	13	17	183.33	0		3.658739
14	29	29	0	14	0	7	23	12	16	183.33	0		2.490954
14	30	30	0	37	0	7	16	10	16	183.33	0		3.350871


-------------------------------------------------------------------------------------------------------------------
Tour_Id:			5
No_of_Customers:		3
No_of_Items:			8
Customer_Sequence:		39 23 41 

CustId	Id	TypeId	Rotated	x	y	z	Length	Width	Height	mass	Fragility	LoadBearingStrength
41	86	86	0	0	0	0	24	13	11	79.33	0		3.632104
41	87	87	0	0	13	0	17	9	13	79.33	0		3.325197
41	88	88	0	24	0	0	34	13	15	79.33	1		0.681877
39	82	82	0	17	13	0	32	10	6	29.33	0		3.865786
23	49	49	0	0	13	13	17	11	12	322.50	1		0.591465
39	81	81	0	17	13	6	13	12	13	29.33	0		3.802020
23	48	48	0	24	0	15	27	13	14	322.50	1		0.555412
39	83	83	0	30	13	6	19	5	8	29.33	0		2.364738


-------------------------------------------------------------------------------------------------------------------
Tour_Id:			6
No_of_Customers:		5
No_of_Items:			10
Customer_Sequence:		42 15 22 4 25 

CustId	Id	TypeId	Rotated	x	y	z	Length	Width	Height	mass	Fragility	LoadBearingStrength
25	51	51	0	0	0	0	20	12	9	573	0		1.142361
4	6	6	0	0	12	0	15	5	9	20	0		1.258004
22	47	47	0	20	0	0	29	14	14	41	0		2.670935
4	5	5	1	0	0	9	22	14	13	20	0		2.023453
15	31	31	0	15	14	0	29	9	16	26	0		3.338636
15	32	32	0	15	14	16	36	7	12	26	0		2.638224
15	33	33	0	0	0	22	15	11	7	26	0		2.747779
42	89	89	0	20	0	14	31	12	10	22	0		3.240638
42	90	90	1	51	0	0	18	8	13	22	0		3.697414
42	91	91	1	51	0	13	17	9	11	22	1		0.860590


-------------------------------------------------------------------------------------------------------------------
Tour_Id:			7
No_of_Customers:		4
No_of_Items:			11
Customer_Sequence:		36 19 8 17 

CustId	Id	TypeId	Rotated	x	y	z	Length	Width	Height	mass	Fragility	LoadBearingStrength
17	36	36	0	0	0	0	25	11	10	3	0		1.863187
17	35	35	0	0	11	0	23	10	13	3	0		1.198104
8	15	15	0	0	11	13	18	12	7	145	0		2.787490
36	75	75	0	23	11	0	36	7	8	0.50	0		1.734909
8	14	14	0	0	0	10	26	11	18	145	0		3.933732
17	37	37	0	23	18	0	18	7	13	3	0		2.073782
19	40	40	0	26	0	0	33	6	14	38.67	0		3.943500
19	41	41	0	26	0	14	31	6	13	38.67	0		1.749397
19	42	42	0	0	11	20	17	11	9	38.67	0		1.592650
8	16	16	0	26	6	0	34	5	8	145	1		0.532883
36	76	76	0	26	6	8	21	10	11	0.50	1		0.638732


-------------------------------------------------------------------------------------------------------------------
Tour_Id:			8
No_of_Customers:		3
No_of_Items:			7
Customer_Sequence:		11 20 1 

CustId	Id	TypeId	Rotated	x	y	z	Length	Width	Height	mass	Fragility	LoadBearingStrength
11	21	21	0	0	0	0	33	9	16	21.67	0		3.666216
1	1	1	0	0	9	0	33	14	8	16.50	0		2.497571
1	2	2	0	0	9	8	20	6	17	16.50	0		3.897784
20	44	44	0	0	15	8	27	10	16	58	1		0.773336
20	43	43	0	33	9	0	21	12	17	58	0		1.682392
11	22	22	0	33	0	0	16	7	17	21.67	0		2.936171
11	23	23	0	0	0	16	32	9	8	21.67	1		0.689125


-------------------------------------------------------------------------------------------------------------------
Tour_Id:			9
No_of_Customers:		5
No_of_Items:			12
Customer_Sequence:		27 30 9 34 35 

CustId	Id	TypeId	Rotated	x	y	z	Length	Width	Height	mass	Fragility	LoadBearingStrength
35	72	72	0	0	0	0	17	10	16	28	0		1.578719
35	73	73	0	0	10	0	32	14	8	28	1		0.737489
34	71	71	0	0	10	8	20	8	13	9.33	1		0.523586
34	69	69	0	17	0	0	30	7	9	9.33	0		3.504947
35	74	74	0	32	10	0	13	12	8	28	1		0.662898
34	70	70	0	0	0	16	13	7	9	9.33	0		1.645791
9	18	18	0	17	0	9	13	8	6	82.50	0		2.335176
9	17	17	0	17	0	15	14	8	14	82.50	0		2.290996
30	62	62	0	20	10	8	27	12	11	117	1		0.975666
27	54	54	1	47	0	0	22	10	9	60.33	0		1.490160
27	55	55	0	31	0	9	16	8	13	60.33	0		2.377816
27	56	56	0	20	8	19	19	15	10	60.33	1		0.548229


-------------------------------------------------------------------------------------------------------------------
Tour_Id:			10
No_of_Customers:		4
No_of_Items:			8
Customer_Sequence:		33 29 3 24 

CustId	Id	TypeId	Rotated	x	y	z	Length	Width	Height	mass	Fragility	LoadBearingStrength
29	59	59	0	0	0	0	25	12	13	17.33	0		2.733019
24	50	50	0	0	12	0	34	12	11	694	0		3.010845
3	4	4	0	0	12	11	21	7	10	10	1		0.904280
29	60	60	0	25	0	0	35	12	11	17.33	1		0.785115
33	66	66	0	0	0	13	18	8	7	19	0		2.859870
33	67	67	0	25	0	11	34	10	17	19	1		0.673986
29	61	61	0	34	12	0	18	8	11	17.33	1		0.542090
33	68	68	0	25	10	11	15	14	12	19	1		0.554265


-------------------------------------------------------------------------------------------------------------------
Tour_Id:			11
No_of_Customers:		2
No_of_Items:			3
Customer_Sequence:		18 6 

CustId	Id	TypeId	Rotated	x	y	z	Length	Width	Height	mass	Fragility	LoadBearingStrength
6	10	10	0	0	0	0	18	13	7	5	0		1.791191
18	38	38	0	18	0	0	35	14	16	48	0		3.051846
18	39	39	0	18	0	16	25	15	8	48	0		2.305794


-------------------------------------------------------------------------------------------------------------------
Tour_Id:			12
No_of_Customers:		3
No_of_Items:			5
Customer_Sequence:		2 21 40 

CustId	Id	TypeId	Rotated	x	y	z	Length	Width	Height	mass	Fragility	LoadBearingStrength
40	84	84	0	0	0	0	23	12	10	20.50	0		1.777705
40	85	85	0	0	12	0	17	11	8	20.50	1		0.584053
21	45	45	0	17	12	0	34	12	8	41.50	0		2.608207
21	46	46	0	0	12	8	36	5	17	41.50	1		0.667633
2	3	3	0	0	0	10	28	11	12	15	1		0.730426


