Name:				VRPTWP23
Problem:			3L-VRPTW
Number_of_used_Vehicles:	17
Total_Travel_Distance:		1325.73
Calculation_Time:		690.63
Total_Iterations:		25001
ConstraintSet:			P1

-------------------------------------------------------------------------------------------------------------------
Tour_Id:			1
No_of_Customers:		4
No_of_Items:			9
Customer_Sequence:		34 29 24 12 

CustId	Id	TypeId	Rotated	x	y	z	Length	Width	Height	mass	Fragility	LoadBearingStrength
12	23	23	0	0	0	0	23	7	9	8	0		1.991442
12	22	22	0	0	7	0	27	12	12	8	0		3.519453
24	43	43	0	0	0	9	23	7	8	9	0		2.409031
24	42	42	0	0	7	12	12	12	11	9	0		3.463182
24	41	41	0	27	0	0	27	10	16	9	0		3.386227
29	53	53	0	27	10	0	32	14	7	13	0		3.073215
34	63	63	0	23	0	16	35	10	14	6.33	0		2.133612
34	64	64	1	12	10	12	12	13	11	6.33	0		2.268971
34	65	65	0	27	10	7	27	14	6	6.33	1		0.827817


-------------------------------------------------------------------------------------------------------------------
Tour_Id:			2
No_of_Customers:		4
No_of_Items:			8
Customer_Sequence:		59 61 16 6 

CustId	Id	TypeId	Rotated	x	y	z	Length	Width	Height	mass	Fragility	LoadBearingStrength
6	10	10	0	0	0	0	31	14	13	6.33	0		3.545403
6	11	11	0	0	14	0	14	10	12	6.33	0		2.137357
61	122	122	0	0	0	13	30	12	15	7.50	0		3.734014
16	28	28	0	14	14	0	35	10	12	19	0		2.849162
6	12	12	0	0	14	12	13	8	9	6.33	1		0.617248
61	123	123	0	13	14	12	34	10	16	7.50	1		0.646129
59	119	119	0	31	0	0	28	13	13	12	0		1.404978
59	120	120	0	30	0	13	19	9	7	12	1		0.539505


-------------------------------------------------------------------------------------------------------------------
Tour_Id:			3
No_of_Customers:		5
No_of_Items:			8
Customer_Sequence:		5 45 8 18 60 

CustId	Id	TypeId	Rotated	x	y	z	Length	Width	Height	mass	Fragility	LoadBearingStrength
18	30	30	0	0	0	0	31	12	16	13	0		2.781466
60	121	121	0	0	12	0	33	11	18	13	0		2.068793
8	15	15	0	0	0	16	18	8	13	8	0		3.767321
45	86	86	0	0	12	18	28	12	12	7	1		0.634060
45	84	84	0	31	0	0	25	12	11	7	0		1.993760
45	85	85	0	31	0	11	28	9	13	7	0		3.655376
8	16	16	0	33	12	0	21	12	9	8	1		0.680199
5	9	9	0	33	12	9	17	6	11	21	1		0.527612


-------------------------------------------------------------------------------------------------------------------
Tour_Id:			4
No_of_Customers:		6
No_of_Items:			11
Customer_Sequence:		26 39 23 67 55 25 

CustId	Id	TypeId	Rotated	x	y	z	Length	Width	Height	mass	Fragility	LoadBearingStrength
25	44	44	0	0	0	0	33	6	13	14	0		3.641648
67	135	135	0	0	6	0	35	7	16	15	0		3.729307
55	110	110	0	0	13	0	25	8	13	7	1		0.663066
39	74	74	0	0	6	16	22	9	10	5.33	0		2.912192
23	40	40	0	25	13	0	34	9	8	6	0		2.999426
39	73	73	0	25	13	8	34	10	10	5.33	0		1.598266
67	136	136	0	0	0	13	26	5	9	15	0		2.799569
26	45	45	0	25	13	18	30	11	10	6	0		1.562682
39	75	75	0	0	15	13	25	6	17	5.33	1		0.535234
26	46	46	0	35	0	0	17	10	14	6	0		3.519822
26	47	47	0	35	0	14	19	8	6	6	1		0.984351


-------------------------------------------------------------------------------------------------------------------
Tour_Id:			5
No_of_Customers:		1
No_of_Items:			0
Customer_Sequence:		53 

-------------------------------------------------------------------------------------------------------------------
Tour_Id:			6
No_of_Customers:		6
No_of_Items:			11
Customer_Sequence:		2 41 22 75 56 21 

CustId	Id	TypeId	Rotated	x	y	z	Length	Width	Height	mass	Fragility	LoadBearingStrength
21	36	36	0	0	0	0	26	13	8	9.33	0		1.512725
56	112	112	0	0	0	8	27	13	10	8.67	0		2.641698
21	37	37	0	0	13	0	12	12	10	9.33	0		1.150435
56	111	111	0	27	0	0	16	13	17	8.67	0		1.501282
21	38	38	0	0	13	10	12	12	8	9.33	0		2.770987
2	2	2	0	0	0	18	35	6	7	13	0		2.669350
75	150	150	0	12	13	0	33	8	18	20	1		0.881597
56	113	113	1	0	6	18	18	9	10	8.67	1		0.845825
41	78	78	0	9	6	18	28	14	8	15	1		0.587075
22	39	39	1	45	0	0	20	13	13	12	1		0.858923
2	3	3	1	45	0	13	16	6	9	13	1		0.807322


-------------------------------------------------------------------------------------------------------------------
Tour_Id:			7
No_of_Customers:		4
No_of_Items:			7
Customer_Sequence:		37 42 15 57 

CustId	Id	TypeId	Rotated	x	y	z	Length	Width	Height	mass	Fragility	LoadBearingStrength
57	115	115	0	0	0	0	18	10	12	4.67	0		1.195409
57	116	116	0	0	10	0	24	14	10	4.67	1		0.512157
42	79	79	0	0	0	12	22	10	9	11	0		3.793907
15	27	27	0	24	0	0	34	12	9	8	0		2.728426
57	114	114	0	24	12	0	22	11	11	4.67	0		3.262747
37	69	69	0	24	0	9	35	12	15	7	0		3.524079
37	70	70	0	24	12	11	27	11	16	7	1		0.569918


-------------------------------------------------------------------------------------------------------------------
Tour_Id:			8
No_of_Customers:		5
No_of_Items:			9
Customer_Sequence:		14 44 38 43 74 

CustId	Id	TypeId	Rotated	x	y	z	Length	Width	Height	mass	Fragility	LoadBearingStrength
74	148	148	0	0	0	0	33	13	13	5	0		1.742211
74	149	149	0	0	0	13	34	13	6	5	0		2.991035
38	71	71	0	0	13	0	22	12	15	12	0		2.278990
43	80	80	0	0	0	19	30	5	8	18	0		1.028446
38	72	72	0	34	0	0	17	13	17	12	1		0.956886
44	81	81	0	22	13	0	31	12	15	5.67	0		3.009968
44	82	82	0	0	13	15	17	12	11	5.67	0		3.986693
44	83	83	0	0	5	19	16	8	8	5.67	0		1.915155
14	26	26	1	51	0	0	12	9	16	31	0		1.529445


-------------------------------------------------------------------------------------------------------------------
Tour_Id:			9
No_of_Customers:		5
No_of_Items:			12
Customer_Sequence:		31 63 62 10 50 

CustId	Id	TypeId	Rotated	x	y	z	Length	Width	Height	mass	Fragility	LoadBearingStrength
50	99	99	0	0	0	0	36	15	8	7.33	0		1.230817
50	100	100	0	0	15	0	31	9	10	7.33	0		1.144684
50	101	101	0	0	0	8	19	6	11	7.33	0		1.394828
10	18	18	0	0	6	8	25	8	11	26	0		1.583373
62	124	124	0	0	15	10	32	9	8	6	0		2.477617
62	125	125	0	32	15	0	19	8	14	6	0		2.736355
62	126	126	0	0	14	18	14	9	8	6	0		3.901010
63	127	127	0	14	14	18	18	11	12	5.50	0		3.058797
63	128	128	0	36	0	0	16	15	7	5.50	0		3.679968
31	56	56	0	36	0	7	17	14	16	8.33	0		3.997927
31	57	57	0	0	0	19	24	14	11	8.33	1		0.535562
31	58	58	0	32	15	14	20	10	9	8.33	1		0.764983


-------------------------------------------------------------------------------------------------------------------
Tour_Id:			10
No_of_Customers:		3
No_of_Items:			8
Customer_Sequence:		33 3 68 

CustId	Id	TypeId	Rotated	x	y	z	Length	Width	Height	mass	Fragility	LoadBearingStrength
3	4	4	0	0	0	0	26	12	8	5.50	0		2.568823
68	137	137	0	0	12	0	33	7	16	3.33	0		2.070441
68	138	138	0	0	12	16	16	9	11	3.33	0		1.602947
68	139	139	0	33	12	0	16	13	7	3.33	0		3.354970
3	5	5	0	0	0	8	26	7	16	5.50	1		0.929051
33	60	60	0	26	0	0	31	11	12	9	0		2.410296
33	61	61	0	26	0	12	31	12	8	9	0		2.073803
33	62	62	0	33	12	7	19	12	13	9	0		2.176145


-------------------------------------------------------------------------------------------------------------------
Tour_Id:			11
No_of_Customers:		5
No_of_Items:			10
Customer_Sequence:		65 71 66 20 32 

CustId	Id	TypeId	Rotated	x	y	z	Length	Width	Height	mass	Fragility	LoadBearingStrength
20	34	34	0	0	0	0	36	10	7	7.33	0		3.457843
32	59	59	0	0	10	0	25	9	7	28	0		2.077353
20	33	33	0	0	0	7	36	9	17	7.33	0		1.639083
20	35	35	0	0	9	7	21	11	8	7.33	0		3.897146
66	132	132	0	25	10	0	34	14	12	12.33	0		3.316849
66	133	133	0	21	9	12	34	8	9	12.33	0		2.495846
66	134	134	0	0	20	0	23	5	10	12.33	0		3.949699
71	143	143	0	21	17	12	33	7	9	1.50	0		2.562164
71	144	144	0	0	0	24	12	7	6	1.50	0		3.750002
65	131	131	0	21	9	21	18	8	9	9	0		2.676882


-------------------------------------------------------------------------------------------------------------------
Tour_Id:			12
No_of_Customers:		5
No_of_Items:			12
Customer_Sequence:		11 64 49 46 17 

CustId	Id	TypeId	Rotated	x	y	z	Length	Width	Height	mass	Fragility	LoadBearingStrength
17	29	29	0	0	0	0	22	11	9	20	0		3.932867
46	88	88	0	0	11	0	18	7	8	9	0		3.392104
49	98	98	0	0	18	0	17	7	11	1.67	0		3.998149
46	87	87	0	0	0	9	19	13	10	9	0		2.321889
49	96	96	0	17	18	0	30	7	11	1.67	0		2.538573
49	97	97	0	22	0	0	28	12	6	1.67	0		3.835347
11	19	19	0	0	18	11	36	6	17	12.33	0		2.712378
64	129	129	0	0	0	19	23	14	10	14	0		2.393995
64	130	130	0	23	0	6	25	12	16	14	1		0.985661
46	89	89	0	19	12	0	20	6	9	9	1		0.956252
11	20	20	1	50	0	0	17	9	13	12.33	0		2.065811
11	21	21	1	48	0	13	13	12	11	12.33	0		1.378842


-------------------------------------------------------------------------------------------------------------------
Tour_Id:			13
No_of_Customers:		5
No_of_Items:			11
Customer_Sequence:		48 47 36 19 7 

CustId	Id	TypeId	Rotated	x	y	z	Length	Width	Height	mass	Fragility	LoadBearingStrength
7	14	14	0	0	0	0	28	13	6	7.50	0		1.094135
7	13	13	0	0	13	0	31	7	14	7.50	0		1.234776
19	31	31	0	31	0	0	20	14	13	7.50	1		0.839817
19	32	32	0	0	0	6	30	7	11	7.50	1		0.756793
47	90	90	0	0	13	14	24	8	10	6.33	0		3.047730
48	93	93	0	31	14	0	21	11	17	6.67	0		2.115970
47	91	91	0	31	0	13	18	6	15	6.33	1		0.905556
47	92	92	0	0	20	0	29	5	10	6.33	1		0.632438
36	68	68	0	0	0	17	23	8	11	12	1		0.583568
48	94	94	1	51	0	0	12	9	17	6.67	0		2.555779
48	95	95	0	31	6	13	20	8	10	6.67	1		0.824118


-------------------------------------------------------------------------------------------------------------------
Tour_Id:			14
No_of_Customers:		7
No_of_Items:			11
Customer_Sequence:		28 1 30 51 9 35 70 

CustId	Id	TypeId	Rotated	x	y	z	Length	Width	Height	mass	Fragility	LoadBearingStrength
70	142	142	0	0	0	0	30	6	15	11	0		2.007587
35	66	66	0	0	6	0	26	10	8	5	0		2.879354
30	55	55	0	0	16	0	16	8	13	11	0		2.788894
9	17	17	0	0	6	8	25	10	13	29	0		2.789980
51	102	102	0	30	0	0	19	11	15	6	0		3.341464
35	67	67	0	0	0	15	21	6	7	5	0		3.948868
30	54	54	0	26	11	0	34	13	7	11	0		3.295266
51	103	103	0	21	0	15	29	6	15	6	0		1.368848
1	1	1	0	26	11	7	32	12	8	18	0		1.618681
28	51	51	0	25	6	15	21	12	14	14.50	0		2.866543
28	52	52	0	25	18	15	26	5	12	14.50	0		2.897205


-------------------------------------------------------------------------------------------------------------------
Tour_Id:			15
No_of_Customers:		3
No_of_Items:			8
Customer_Sequence:		27 69 52 

CustId	Id	TypeId	Rotated	x	y	z	Length	Width	Height	mass	Fragility	LoadBearingStrength
52	105	105	0	0	0	0	17	14	15	6.33	0		1.393279
69	141	141	0	0	0	15	21	15	6	4	0		3.159715
52	106	106	0	0	15	0	19	9	16	6.33	0		2.630163
27	49	49	0	21	0	0	31	14	8	5.67	0		3.134857
52	104	104	0	19	15	0	36	10	13	6.33	0		3.088017
69	140	140	0	19	15	13	32	5	16	4	0		3.609058
27	48	48	0	21	0	8	28	8	17	5.67	0		3.929201
27	50	50	0	21	8	8	35	7	11	5.67	0		1.648631


-------------------------------------------------------------------------------------------------------------------
Tour_Id:			16
No_of_Customers:		3
No_of_Items:			6
Customer_Sequence:		40 13 58 

CustId	Id	TypeId	Rotated	x	y	z	Length	Width	Height	mass	Fragility	LoadBearingStrength
13	24	24	0	0	0	0	19	12	17	6	0		2.383831
58	117	117	0	0	12	0	30	10	14	10.50	1		0.967098
58	118	118	0	0	12	14	16	7	7	10.50	1		0.872743
13	25	25	0	19	0	0	33	10	11	6	0		3.827067
40	76	76	0	19	0	11	31	12	16	16.50	0		1.867484
40	77	77	0	30	12	0	30	7	17	16.50	0		3.821112


-------------------------------------------------------------------------------------------------------------------
Tour_Id:			17
No_of_Customers:		4
No_of_Items:			7
Customer_Sequence:		73 72 4 54 

CustId	Id	TypeId	Rotated	x	y	z	Length	Width	Height	mass	Fragility	LoadBearingStrength
54	109	109	0	0	0	0	17	9	13	16	0		2.965837
4	6	6	0	0	9	0	23	10	16	10	0		1.269648
4	7	7	0	0	9	16	23	13	12	10	0		1.818074
73	146	146	0	23	0	0	35	14	17	3	0		2.882064
4	8	8	0	0	19	0	32	6	15	10	0		2.212180
72	145	145	0	32	14	0	19	10	9	1	1		0.658018
73	147	147	0	23	0	17	24	10	9	3	0		1.370459


