Name:				VRPTWP17
Problem:			3L-VRPTW
Number_of_used_Vehicles:	14
Total_Travel_Distance:		951.11
Calculation_Time:		17.31
Total_Iterations:		25001
ConstraintSet:			P1

-------------------------------------------------------------------------------------------------------------------
Tour_Id:			1
No_of_Customers:		3
No_of_Items:			6
Customer_Sequence:		33 37 39 

CustId	Id	TypeId	Rotated	x	y	z	Length	Width	Height	mass	Fragility	LoadBearingStrength
39	76	76	0	0	0	0	24	12	14	8	0		1.837472
39	77	77	0	0	12	0	20	9	10	8	0		2.622737
37	73	73	0	0	12	10	17	10	13	7	0		3.163039
37	74	74	0	0	0	14	28	8	16	7	1		0.538905
33	66	66	0	0	12	23	13	10	7	13.50	0		2.629041
33	67	67	0	20	12	0	24	12	16	13.50	1		0.538728


-------------------------------------------------------------------------------------------------------------------
Tour_Id:			2
No_of_Customers:		3
No_of_Items:			5
Customer_Sequence:		12 14 13 

CustId	Id	TypeId	Rotated	x	y	z	Length	Width	Height	mass	Fragility	LoadBearingStrength
14	26	26	0	0	0	0	23	12	9	15.50	0		3.905217
13	25	25	0	0	12	0	17	10	13	12	0		1.801908
14	27	27	0	0	0	9	28	7	11	15.50	1		0.968409
12	23	23	0	17	12	0	36	13	7	8	0		1.015167
12	24	24	0	17	12	7	20	8	18	8	1		0.665777


-------------------------------------------------------------------------------------------------------------------
Tour_Id:			3
No_of_Customers:		3
No_of_Items:			4
Customer_Sequence:		34 36 28 

CustId	Id	TypeId	Rotated	x	y	z	Length	Width	Height	mass	Fragility	LoadBearingStrength
28	58	58	0	0	0	0	16	7	9	29	0		2.800271
36	72	72	0	0	7	0	33	12	8	12	0		1.054781
34	68	68	0	0	7	8	35	7	13	9.50	0		2.387157
34	69	69	0	35	0	0	20	11	11	9.50	0		1.548368


-------------------------------------------------------------------------------------------------------------------
Tour_Id:			4
No_of_Customers:		4
No_of_Items:			9
Customer_Sequence:		15 16 19 25 

CustId	Id	TypeId	Rotated	x	y	z	Length	Width	Height	mass	Fragility	LoadBearingStrength
19	39	39	0	0	0	0	30	6	14	7.50	0		1.976990
25	53	53	0	0	6	0	16	5	14	7	0		2.550017
25	54	54	0	0	11	0	17	7	16	7	1		0.970561
16	32	32	0	0	18	0	17	7	10	6.33	0		3.540255
16	30	30	0	17	6	0	29	8	17	6.33	0		2.655148
16	31	31	0	17	14	0	28	6	17	6.33	0		3.247739
19	40	40	0	0	0	14	15	11	9	7.50	0		1.011019
15	28	28	1	46	0	0	17	13	17	4	0		3.799295
15	29	29	0	17	6	17	34	12	7	4	0		3.754195


-------------------------------------------------------------------------------------------------------------------
Tour_Id:			5
No_of_Customers:		3
No_of_Items:			5
Customer_Sequence:		20 30 8 

CustId	Id	TypeId	Rotated	x	y	z	Length	Width	Height	mass	Fragility	LoadBearingStrength
8	16	16	0	0	0	0	36	9	12	16	1		0.786131
20	42	42	0	0	9	0	16	15	15	7.33	0		1.080321
20	41	41	0	16	9	0	35	14	9	7.33	0		3.307492
30	61	61	0	36	0	0	14	9	8	22	0		2.260171
20	43	43	0	16	9	9	33	11	7	7.33	0		1.708865


-------------------------------------------------------------------------------------------------------------------
Tour_Id:			6
No_of_Customers:		2
No_of_Items:			5
Customer_Sequence:		9 10 

CustId	Id	TypeId	Rotated	x	y	z	Length	Width	Height	mass	Fragility	LoadBearingStrength
10	20	20	0	0	0	0	21	10	17	13	0		2.681631
10	21	21	0	0	10	0	27	8	16	13	0		1.341257
9	17	17	0	21	0	0	32	10	15	9.67	0		1.362514
9	18	18	0	0	18	0	20	7	9	9.67	0		1.052703
9	19	19	0	0	10	16	31	7	6	9.67	1		0.531795


-------------------------------------------------------------------------------------------------------------------
Tour_Id:			7
No_of_Customers:		2
No_of_Items:			3
Customer_Sequence:		24 40 

CustId	Id	TypeId	Rotated	x	y	z	Length	Width	Height	mass	Fragility	LoadBearingStrength
40	78	78	0	0	0	0	27	12	9	16.50	0		1.131689
40	79	79	0	0	12	0	16	7	8	16.50	0		1.504263
24	52	52	0	0	0	9	29	8	7	27	0		3.986486


-------------------------------------------------------------------------------------------------------------------
Tour_Id:			8
No_of_Customers:		3
No_of_Items:			7
Customer_Sequence:		22 27 21 

CustId	Id	TypeId	Rotated	x	y	z	Length	Width	Height	mass	Fragility	LoadBearingStrength
21	46	46	0	0	0	0	30	11	14	9.33	1		0.852464
27	57	57	0	0	11	0	14	7	12	8.50	0		2.007381
21	44	44	0	30	0	0	24	8	10	9.33	0		2.601564
27	56	56	0	14	11	0	18	11	11	8.50	0		2.504704
21	45	45	0	30	0	10	21	5	16	9.33	0		1.623564
22	47	47	0	32	8	0	28	15	16	6	0		1.887482
22	48	48	0	32	8	16	23	12	10	6	0		3.120559


-------------------------------------------------------------------------------------------------------------------
Tour_Id:			9
No_of_Customers:		2
No_of_Items:			3
Customer_Sequence:		5 11 

CustId	Id	TypeId	Rotated	x	y	z	Length	Width	Height	mass	Fragility	LoadBearingStrength
11	22	22	0	0	0	0	31	6	13	37	0		1.339784
5	10	10	0	0	6	0	30	13	7	10.50	0		1.297801
5	11	11	0	0	19	0	35	5	6	10.50	0		2.552475


-------------------------------------------------------------------------------------------------------------------
Tour_Id:			10
No_of_Customers:		4
No_of_Items:			10
Customer_Sequence:		26 23 18 17 

CustId	Id	TypeId	Rotated	x	y	z	Length	Width	Height	mass	Fragility	LoadBearingStrength
17	33	33	0	0	0	0	27	13	11	6.67	0		3.590615
18	37	37	0	0	0	11	19	14	17	4.33	1		0.646718
18	36	36	0	0	13	0	22	5	11	4.33	0		2.289160
17	35	35	0	27	0	0	12	12	11	6.67	1		0.871080
17	34	34	0	0	18	0	29	6	16	6.67	0		1.455211
18	38	38	0	19	0	11	25	11	15	4.33	1		0.739356
23	49	49	0	29	12	0	30	13	11	2	0		2.724925
23	50	50	0	0	18	16	28	7	9	2	0		3.351272
23	51	51	0	29	12	11	16	6	11	2	0		2.745711
26	55	55	0	29	18	11	25	5	13	18	1		0.570234


-------------------------------------------------------------------------------------------------------------------
Tour_Id:			11
No_of_Customers:		2
No_of_Items:			5
Customer_Sequence:		2 1 

CustId	Id	TypeId	Rotated	x	y	z	Length	Width	Height	mass	Fragility	LoadBearingStrength
1	2	2	0	0	0	0	32	5	15	9	0		1.997362
1	1	1	0	0	5	0	23	11	11	9	0		3.040390
2	3	3	0	0	5	11	18	14	18	8.67	0		3.939642
2	4	4	0	23	5	0	18	14	11	8.67	0		1.978861
2	5	5	0	18	5	11	26	13	8	8.67	1		0.578820


-------------------------------------------------------------------------------------------------------------------
Tour_Id:			12
No_of_Customers:		3
No_of_Items:			5
Customer_Sequence:		4 3 7 

CustId	Id	TypeId	Rotated	x	y	z	Length	Width	Height	mass	Fragility	LoadBearingStrength
7	15	15	0	0	0	0	35	6	7	15	0		3.451645
3	6	6	0	0	6	0	30	14	11	11	0		2.598919
4	7	7	0	0	20	0	26	5	16	10	0		3.188504
4	8	8	0	0	0	7	24	6	8	10	0		2.725752
4	9	9	0	0	6	11	30	13	17	10	1		0.574254


-------------------------------------------------------------------------------------------------------------------
Tour_Id:			13
No_of_Customers:		3
No_of_Items:			4
Customer_Sequence:		38 35 31 

CustId	Id	TypeId	Rotated	x	y	z	Length	Width	Height	mass	Fragility	LoadBearingStrength
31	62	62	0	0	0	0	19	5	13	25	0		1.215168
35	70	70	0	0	5	0	14	6	10	5	0		1.646347
35	71	71	0	0	11	0	20	13	14	5	1		0.767480
38	75	75	0	19	0	0	19	10	6	24	0		1.810740


-------------------------------------------------------------------------------------------------------------------
Tour_Id:			14
No_of_Customers:		3
No_of_Items:			8
Customer_Sequence:		29 6 32 

CustId	Id	TypeId	Rotated	x	y	z	Length	Width	Height	mass	Fragility	LoadBearingStrength
32	63	63	0	0	0	0	31	15	14	9.33	0		1.880147
32	64	64	0	0	15	0	22	9	18	9.33	0		1.437153
32	65	65	0	0	0	14	26	5	16	9.33	0		3.953117
6	12	12	0	0	5	14	33	10	7	6.33	0		3.417204
6	13	13	0	22	15	0	36	6	16	6.33	1		0.614221
6	14	14	0	22	15	16	29	8	13	6.33	1		0.934520
29	59	59	0	33	0	0	14	12	17	6.50	1		0.930503
29	60	60	0	0	5	21	29	7	9	6.50	1		0.609775


