Name:				VRPTWP15
Problem:			3L-VRPTW
Number_of_used_Vehicles:	8
Total_Travel_Distance:		527.62
Calculation_Time:		98.78
Total_Iterations:		13979
ConstraintSet:			P1

-------------------------------------------------------------------------------------------------------------------
Tour_Id:			1
No_of_Customers:		5
No_of_Items:			10
Customer_Sequence:		9 15 17 25 21 

CustId	Id	TypeId	Rotated	x	y	z	Length	Width	Height	mass	Fragility	LoadBearingStrength
21	39	39	0	0	0	0	22	13	12	150	0		1.567414
17	33	33	0	0	13	0	27	11	12	275	0		1.105454
21	40	40	0	0	0	12	19	7	14	150	0		1.731830
25	46	46	0	22	0	0	35	12	10	700	1		0.804933
17	34	34	0	0	7	12	19	9	10	275	0		1.650828
25	47	47	0	22	0	10	26	7	17	700	1		0.861950
15	27	27	0	27	13	0	27	11	16	150	0		1.759766
15	28	28	0	22	7	10	33	5	18	150	1		0.927061
15	29	29	0	0	16	12	21	8	15	150	1		0.729555
9	19	19	0	27	13	16	17	8	12	600	0		2.743614


-------------------------------------------------------------------------------------------------------------------
Tour_Id:			2
No_of_Customers:		4
No_of_Items:			11
Customer_Sequence:		30 28 26 13 

CustId	Id	TypeId	Rotated	x	y	z	Length	Width	Height	mass	Fragility	LoadBearingStrength
26	48	48	0	0	0	0	35	10	11	1333.33	0		1.044783
13	25	25	0	0	10	0	22	15	14	125	1		0.807829
13	24	24	0	22	10	0	13	12	14	125	0		2.784490
26	49	49	0	0	0	11	31	10	9	1333.33	0		2.108184
30	61	61	0	0	10	14	13	15	13	833.33	1		0.996845
28	54	54	0	35	0	0	23	8	14	333.33	0		3.371120
28	56	56	0	0	0	20	21	5	8	333.33	0		1.018211
26	50	50	0	35	8	0	14	12	13	1333.33	0		1.255048
30	60	60	0	31	0	14	27	6	13	833.33	0		3.077190
28	55	55	1	49	8	0	16	11	14	333.33	0		2.107676
30	62	62	0	13	10	14	26	11	7	833.33	1		0.697148


-------------------------------------------------------------------------------------------------------------------
Tour_Id:			3
No_of_Customers:		1
No_of_Items:			0
Customer_Sequence:		5 

-------------------------------------------------------------------------------------------------------------------
Tour_Id:			4
No_of_Customers:		5
No_of_Items:			10
Customer_Sequence:		20 24 29 27 22 

CustId	Id	TypeId	Rotated	x	y	z	Length	Width	Height	mass	Fragility	LoadBearingStrength
22	41	41	0	0	0	0	32	14	9	1300	0		3.091901
27	51	51	0	0	0	9	22	12	12	200	0		3.619710
27	52	52	0	0	14	0	17	6	13	200	0		2.597686
27	53	53	0	0	0	21	21	13	8	200	1		0.797940
29	59	59	0	32	0	0	17	13	16	166.67	1		0.751996
29	58	58	0	0	14	13	22	6	10	166.67	0		3.745257
24	45	45	0	22	14	0	24	8	16	375	1		0.767950
24	44	44	1	49	0	0	23	8	15	375	0		1.933808
29	57	57	1	22	0	9	13	9	14	166.67	0		3.770375
20	38	38	1	49	0	15	18	10	14	400	0		3.333259


-------------------------------------------------------------------------------------------------------------------
Tour_Id:			5
No_of_Customers:		3
No_of_Items:			8
Customer_Sequence:		32 31 6 

CustId	Id	TypeId	Rotated	x	y	z	Length	Width	Height	mass	Fragility	LoadBearingStrength
31	65	65	0	0	0	0	35	12	8	566.67	0		2.664675
6	12	12	0	0	12	0	28	10	16	40	0		2.883114
31	63	63	0	0	0	8	32	11	17	566.67	0		2.235304
6	13	13	0	0	12	16	19	13	10	40	1		0.527832
32	67	67	0	28	12	0	17	7	12	366.67	0		2.680924
31	64	64	0	35	0	0	25	10	15	566.67	0		1.590225
32	66	66	0	35	0	15	14	13	13	366.67	0		2.307326
32	68	68	0	28	19	0	28	6	18	366.67	1		0.673799


-------------------------------------------------------------------------------------------------------------------
Tour_Id:			6
No_of_Customers:		4
No_of_Items:			9
Customer_Sequence:		2 11 10 8 

CustId	Id	TypeId	Rotated	x	y	z	Length	Width	Height	mass	Fragility	LoadBearingStrength
8	16	16	0	0	0	0	16	12	12	300	0		1.716816
8	18	18	0	0	12	0	26	6	17	300	1		0.705497
8	17	17	0	0	0	12	17	8	11	300	0		2.552134
10	20	20	0	0	18	0	14	6	15	375	0		3.172800
10	21	21	0	0	12	17	23	8	13	375	1		0.617579
11	22	22	0	26	0	0	32	13	15	1500	0		2.535247
2	2	2	0	26	13	0	31	8	11	133.33	0		1.746353
2	3	3	0	26	13	11	34	7	9	133.33	0		1.129790
2	4	4	0	26	0	15	34	8	15	133.33	1		0.908390


-------------------------------------------------------------------------------------------------------------------
Tour_Id:			7
No_of_Customers:		6
No_of_Items:			10
Customer_Sequence:		23 18 19 16 14 12 

CustId	Id	TypeId	Rotated	x	y	z	Length	Width	Height	mass	Fragility	LoadBearingStrength
12	23	23	0	0	0	0	14	14	9	150	0		2.719483
16	30	30	0	0	14	0	22	11	18	233.33	0		1.100922
14	26	26	0	14	0	0	28	5	8	1600	0		1.898128
16	31	31	0	22	14	0	30	10	13	233.33	0		2.176978
19	36	36	0	0	0	9	16	14	16	100	0		3.600840
16	32	32	0	0	14	18	16	7	6	233.33	0		1.346645
19	37	37	0	14	5	0	30	8	8	100	0		3.765303
18	35	35	0	16	0	8	36	12	10	650	0		1.678907
23	42	42	0	16	0	18	34	10	12	350	0		2.349935
23	43	43	0	22	14	13	23	11	16	350	0		2.917522


-------------------------------------------------------------------------------------------------------------------
Tour_Id:			8
No_of_Customers:		4
No_of_Items:			7
Customer_Sequence:		1 7 3 4 

CustId	Id	TypeId	Rotated	x	y	z	Length	Width	Height	mass	Fragility	LoadBearingStrength
4	8	8	0	0	0	0	14	7	16	400	1		0.618850
4	7	7	0	0	7	0	14	9	17	400	1		0.771557
4	6	6	0	14	0	0	13	13	18	400	0		3.979497
3	5	5	0	0	16	0	32	8	9	400	0		1.598707
7	14	14	0	27	0	0	31	13	8	1000	0		3.673869
7	15	15	0	0	16	9	16	5	14	1000	0		3.743264
1	1	1	0	27	0	8	30	14	16	700	0		2.747623


