Name:				VRPTWP12
Problem:			3L-VRPTW
Number_of_used_Vehicles:	9
Total_Travel_Distance:		575.04
Calculation_Time:		14.76
Total_Iterations:		15667
ConstraintSet:			P1

-------------------------------------------------------------------------------------------------------------------
Tour_Id:			1
No_of_Customers:		3
No_of_Items:			6
Customer_Sequence:		27 30 21 

CustId	Id	TypeId	Rotated	x	y	z	Length	Width	Height	mass	Fragility	LoadBearingStrength
21	42	42	0	0	0	0	16	11	9	14	0		1.082888
21	43	43	0	0	11	0	15	8	16	14	1		0.961896
30	63	63	0	16	0	0	15	15	12	22	0		1.081532
27	56	56	0	15	0	12	19	12	9	5.67	0		3.797096
27	57	57	0	34	0	0	24	13	18	5.67	1		0.670469
27	58	58	0	15	15	0	35	10	12	5.67	1		0.920580


-------------------------------------------------------------------------------------------------------------------
Tour_Id:			2
No_of_Customers:		4
No_of_Items:			8
Customer_Sequence:		12 14 15 13 

CustId	Id	TypeId	Rotated	x	y	z	Length	Width	Height	mass	Fragility	LoadBearingStrength
15	30	30	0	0	0	0	26	8	9	8	0		3.771699
13	27	27	0	0	8	0	23	11	11	4	0		2.560669
13	28	28	0	0	8	11	17	8	9	4	0		3.376334
13	26	26	0	23	8	0	20	12	13	4	0		2.583038
12	25	25	0	0	20	0	35	5	12	5.33	0		2.394865
14	29	29	0	0	0	9	13	7	18	31	1		0.922348
12	24	24	0	23	8	13	19	14	10	5.33	0		1.852705
12	23	23	0	26	0	0	34	7	13	5.33	0		1.707966


-------------------------------------------------------------------------------------------------------------------
Tour_Id:			3
No_of_Customers:		3
No_of_Items:			6
Customer_Sequence:		20 24 6 

CustId	Id	TypeId	Rotated	x	y	z	Length	Width	Height	mass	Fragility	LoadBearingStrength
6	12	12	0	0	0	0	33	11	13	19	0		2.096404
24	51	51	0	0	11	0	15	11	15	9	1		0.925780
24	50	50	0	0	0	13	35	10	11	9	0		3.137103
24	49	49	0	15	11	0	27	12	15	9	0		2.908184
20	40	40	0	15	11	15	36	7	15	11	0		3.133276
20	41	41	0	0	0	24	24	9	6	11	0		2.071609


-------------------------------------------------------------------------------------------------------------------
Tour_Id:			4
No_of_Customers:		4
No_of_Items:			9
Customer_Sequence:		16 19 18 17 

CustId	Id	TypeId	Rotated	x	y	z	Length	Width	Height	mass	Fragility	LoadBearingStrength
17	33	33	0	0	0	0	24	11	10	20	0		3.319369
18	34	34	1	0	11	0	14	15	15	4.33	0		1.465593
19	37	37	0	0	0	10	31	10	16	5	0		1.826349
18	36	36	0	15	11	0	21	5	13	4.33	0		3.143188
18	35	35	0	15	16	0	29	7	14	4.33	0		3.425368
19	38	38	0	36	0	0	21	13	12	5	0		2.080934
19	39	39	0	36	0	12	13	9	17	5	1		0.785878
16	31	31	0	0	11	15	19	10	10	9.50	0		2.633176
16	32	32	0	44	16	0	14	9	8	9.50	0		3.318799


-------------------------------------------------------------------------------------------------------------------
Tour_Id:			5
No_of_Customers:		4
No_of_Items:			6
Customer_Sequence:		22 25 10 8 

CustId	Id	TypeId	Rotated	x	y	z	Length	Width	Height	mass	Fragility	LoadBearingStrength
8	16	16	0	0	0	0	20	13	13	8	0		1.410137
8	17	17	0	0	13	0	21	12	12	8	0		1.938812
10	21	21	0	0	13	12	16	10	11	26	0		2.119488
25	52	52	0	0	0	13	19	6	7	14	0		3.551104
22	44	44	0	20	0	0	32	6	11	6	0		3.813528
22	45	45	0	21	13	0	13	10	18	6	1		0.873700


-------------------------------------------------------------------------------------------------------------------
Tour_Id:			6
No_of_Customers:		3
No_of_Items:			6
Customer_Sequence:		5 2 1 

CustId	Id	TypeId	Rotated	x	y	z	Length	Width	Height	mass	Fragility	LoadBearingStrength
1	1	1	0	0	0	0	29	14	16	9	0		1.625127
1	2	2	0	0	14	0	25	10	9	9	1		0.674359
2	3	3	0	0	0	16	21	13	14	8.67	0		3.984317
2	4	4	0	25	14	0	19	10	9	8.67	0		3.038407
2	5	5	0	29	0	0	22	14	15	8.67	1		0.717951
5	11	11	0	29	0	15	23	12	10	21	1		0.668064


-------------------------------------------------------------------------------------------------------------------
Tour_Id:			7
No_of_Customers:		4
No_of_Items:			10
Customer_Sequence:		29 28 26 23 

CustId	Id	TypeId	Rotated	x	y	z	Length	Width	Height	mass	Fragility	LoadBearingStrength
23	46	46	0	0	0	0	19	12	11	2	0		2.296732
23	47	47	0	0	12	0	23	13	7	2	0		1.752924
23	48	48	0	0	12	7	29	8	16	2	1		0.791817
26	55	55	0	0	0	11	16	12	9	6	1		0.968677
26	54	54	0	19	0	0	12	8	11	6	0		3.548899
26	53	53	0	16	0	11	18	6	17	6	0		2.587238
28	59	59	0	34	0	0	12	15	13	29	0		1.661514
29	60	60	1	46	0	0	25	14	10	4.33	0		2.651367
29	61	61	1	46	0	10	25	11	11	4.33	0		2.228987
29	62	62	0	29	15	0	14	9	17	4.33	0		2.681734


-------------------------------------------------------------------------------------------------------------------
Tour_Id:			8
No_of_Customers:		2
No_of_Items:			4
Customer_Sequence:		9 11 

CustId	Id	TypeId	Rotated	x	y	z	Length	Width	Height	mass	Fragility	LoadBearingStrength
11	22	22	0	0	0	0	24	15	18	37	0		3.166562
9	18	18	0	0	0	18	32	11	10	9.67	0		3.315011
9	19	19	0	24	0	0	16	13	10	9.67	0		1.726036
9	20	20	0	0	15	0	24	6	6	9.67	0		1.484815


-------------------------------------------------------------------------------------------------------------------
Tour_Id:			9
No_of_Customers:		3
No_of_Items:			8
Customer_Sequence:		4 3 7 

CustId	Id	TypeId	Rotated	x	y	z	Length	Width	Height	mass	Fragility	LoadBearingStrength
3	7	7	0	0	0	0	15	11	13	3.67	0		1.794829
7	13	13	0	0	11	0	25	9	15	5	0		1.719223
7	15	15	0	0	11	15	22	11	8	5	0		3.552258
3	6	6	0	15	0	0	30	10	10	3.67	0		2.300748
7	14	14	0	25	11	0	32	12	8	5	0		1.667019
3	8	8	0	0	11	23	24	13	6	3.67	1		0.548222
4	9	9	0	15	0	10	34	6	16	15	0		2.869620
4	10	10	0	25	10	8	31	13	18	15	1		0.943936


