Name:				VRPTWP10
Problem:			3L-VRPTW
Number_of_used_Vehicles:	7
Total_Travel_Distance:		487.60
Calculation_Time:		58.50
Total_Iterations:		11975
ConstraintSet:			P1

-------------------------------------------------------------------------------------------------------------------
Tour_Id:			1
No_of_Customers:		2
No_of_Items:			6
Customer_Sequence:		5 1 

CustId	Id	TypeId	Rotated	x	y	z	Length	Width	Height	mass	Fragility	LoadBearingStrength
1	3	3	0	0	0	0	34	12	11	100	1		0.847908
1	2	2	0	0	12	0	25	7	6	100	0		2.811119
5	9	9	0	25	12	0	34	13	7	66.67	0		1.326372
1	1	1	0	34	0	0	23	11	15	100	0		1.422244
5	10	10	0	25	12	7	33	10	8	66.67	0		1.148453
5	11	11	0	34	0	15	18	15	15	66.67	1		0.759177


-------------------------------------------------------------------------------------------------------------------
Tour_Id:			2
No_of_Customers:		4
No_of_Items:			7
Customer_Sequence:		2 7 3 4 

CustId	Id	TypeId	Rotated	x	y	z	Length	Width	Height	mass	Fragility	LoadBearingStrength
4	8	8	0	0	0	0	16	6	13	100	0		1.653678
3	6	6	0	0	6	0	13	13	18	62.50	0		3.165371
7	15	15	0	13	6	0	30	15	17	75	0		2.876399
3	7	7	0	16	0	0	34	5	17	62.50	0		3.924836
7	16	16	0	13	0	17	30	12	7	75	1		0.509607
2	4	4	0	13	12	17	28	11	12	1550	0		2.834913
2	5	5	0	43	6	0	15	7	9	1550	0		2.365377


-------------------------------------------------------------------------------------------------------------------
Tour_Id:			3
No_of_Customers:		4
No_of_Items:			9
Customer_Sequence:		18 16 14 12 

CustId	Id	TypeId	Rotated	x	y	z	Length	Width	Height	mass	Fragility	LoadBearingStrength
12	29	29	0	0	0	0	19	10	11	41.67	0		3.284400
12	28	28	0	0	10	0	24	8	14	41.67	0		3.416394
14	31	31	0	19	0	0	34	9	8	75	0		2.428601
12	27	27	0	24	10	0	34	10	8	41.67	0		3.058648
14	32	32	0	0	0	11	21	10	6	75	0		1.731182
16	35	35	0	0	10	14	24	9	14	150	1		0.684995
18	38	38	0	24	0	8	31	15	13	50	0		3.635371
18	39	39	0	24	0	21	33	13	9	50	0		3.357974
18	40	40	0	24	15	8	32	6	17	50	0		3.236426


-------------------------------------------------------------------------------------------------------------------
Tour_Id:			4
No_of_Customers:		7
No_of_Items:			12
Customer_Sequence:		28 26 23 19 15 17 13 

CustId	Id	TypeId	Rotated	x	y	z	Length	Width	Height	mass	Fragility	LoadBearingStrength
17	36	36	0	0	0	0	30	8	13	50	0		2.518973
15	33	33	0	0	8	0	21	9	13	275	0		2.735910
19	41	41	0	0	0	13	18	11	17	400	0		2.490122
13	30	30	0	0	17	0	34	8	17	150	0		3.377221
15	34	34	0	21	8	0	17	9	11	275	0		2.086854
17	37	37	0	0	17	17	34	5	9	50	0		1.779791
23	48	48	0	18	0	13	14	7	15	300	1		0.563323
26	54	54	1	38	0	0	25	11	9	150	0		1.363790
26	55	55	0	0	11	13	22	5	11	150	1		0.859212
28	59	59	1	38	0	9	21	13	7	50	0		3.206755
28	58	58	1	51	0	0	18	8	16	50	0		1.748996
28	57	57	0	34	0	16	25	15	14	50	0		2.501989


-------------------------------------------------------------------------------------------------------------------
Tour_Id:			5
No_of_Customers:		4
No_of_Items:			10
Customer_Sequence:		25 9 11 10 

CustId	Id	TypeId	Rotated	x	y	z	Length	Width	Height	mass	Fragility	LoadBearingStrength
10	22	22	0	0	0	0	26	10	17	33.33	0		1.657296
9	19	19	0	0	10	0	32	6	17	100	0		3.758006
11	25	25	0	0	16	0	24	8	17	475	1		0.685137
10	24	24	0	0	0	17	23	8	12	33.33	0		1.760560
10	23	23	0	26	0	0	16	10	16	33.33	0		2.242518
9	21	21	0	0	8	17	34	11	12	100	1		0.888441
9	20	20	0	24	16	0	29	8	12	100	0		3.521302
11	26	26	0	0	19	17	22	6	9	475	1		0.623032
25	52	52	0	26	0	16	15	7	13	400	0		3.613964
25	53	53	0	42	0	0	13	14	18	400	1		0.990892


-------------------------------------------------------------------------------------------------------------------
Tour_Id:			6
No_of_Customers:		3
No_of_Items:			8
Customer_Sequence:		29 6 8 

CustId	Id	TypeId	Rotated	x	y	z	Length	Width	Height	mass	Fragility	LoadBearingStrength
8	17	17	0	0	0	0	30	15	11	225	0		1.404154
6	13	13	0	0	0	11	29	12	13	50	1		0.566740
8	18	18	0	0	15	0	23	9	18	225	0		2.405664
6	14	14	0	0	12	18	21	12	8	50	1		0.644176
6	12	12	0	23	15	0	26	6	7	50	0		3.952583
29	60	60	0	30	0	0	18	15	15	333.33	0		2.498675
29	61	61	0	23	15	7	28	7	11	333.33	0		3.971082
29	62	62	0	23	15	18	26	9	8	333.33	0		2.560104


-------------------------------------------------------------------------------------------------------------------
Tour_Id:			7
No_of_Customers:		5
No_of_Items:			10
Customer_Sequence:		20 22 24 27 21 

CustId	Id	TypeId	Rotated	x	y	z	Length	Width	Height	mass	Fragility	LoadBearingStrength
27	56	56	0	0	0	0	22	14	16	100	0		3.410548
21	45	45	0	0	14	0	15	8	13	1500	0		1.136937
24	49	49	0	15	14	0	30	11	12	166.67	0		1.267798
24	50	50	0	0	0	16	15	12	10	166.67	0		1.742345
24	51	51	0	0	14	13	16	7	7	166.67	0		3.194520
22	46	46	0	22	0	0	25	14	16	50	0		3.319584
20	42	42	0	15	0	16	25	7	14	100	0		1.892515
22	47	47	1	47	0	0	22	12	12	50	0		3.963838
20	43	43	0	15	7	16	30	6	6	100	0		2.039718
20	44	44	0	16	14	12	34	8	9	100	1		0.766793


