Name:				VRPTWP26
Problem:			3L-VRPTW
Number_of_used_Vehicles:	24
Total_Travel_Distance:		1642.74
Calculation_Time:		1455.63
Total_Iterations:		25001
ConstraintSet:			P1

-------------------------------------------------------------------------------------------------------------------
Tour_Id:			1
No_of_Customers:		4
No_of_Items:			7
Customer_Sequence:		28 76 3 77 

CustId	Id	TypeId	Rotated	x	y	z	Length	Width	Height	mass	Fragility	LoadBearingStrength
77	157	157	0	0	0	0	34	14	11	10	0		1.942928
3	6	6	0	0	0	11	30	14	9	5	0		2.102540
3	5	5	0	0	14	0	35	11	15	5	0		1.029849
28	59	59	0	0	0	20	34	12	9	10	1		0.993439
76	155	155	0	34	0	0	16	12	17	5	0		3.316074
28	58	58	0	0	14	15	36	9	11	10	0		2.382337
76	156	156	0	35	14	0	14	9	10	5	0		3.591150


-------------------------------------------------------------------------------------------------------------------
Tour_Id:			2
No_of_Customers:		5
No_of_Items:			9
Customer_Sequence:		26 54 24 68 80 

CustId	Id	TypeId	Rotated	x	y	z	Length	Width	Height	mass	Fragility	LoadBearingStrength
24	48	48	0	0	0	0	35	14	12	3.33	0		3.861856
80	162	162	0	0	14	0	27	7	15	10	0		2.182494
54	110	110	0	0	0	12	32	12	8	13.33	0		1.245373
68	140	140	0	0	14	15	22	6	12	10	0		1.709206
24	50	50	0	35	0	0	13	12	7	3.33	0		1.105754
54	109	109	0	35	0	7	14	14	16	13.33	0		3.882512
24	49	49	0	27	14	0	31	7	16	3.33	0		2.873526
54	111	111	0	0	0	20	34	14	9	13.33	1		0.535778
26	54	54	0	22	14	16	20	6	9	10	0		1.905180


-------------------------------------------------------------------------------------------------------------------
Tour_Id:			3
No_of_Customers:		2
No_of_Items:			6
Customer_Sequence:		62 88 

CustId	Id	TypeId	Rotated	x	y	z	Length	Width	Height	mass	Fragility	LoadBearingStrength
88	178	178	0	0	0	0	33	9	8	10	0		2.070973
88	179	179	0	0	9	0	30	11	18	10	1		0.834052
88	177	177	0	0	0	8	36	8	9	10	0		1.192386
62	128	128	0	30	9	0	17	15	18	6.67	0		1.201504
62	129	129	0	0	9	18	35	12	9	6.67	1		0.993213
62	130	130	1	47	0	0	23	12	10	6.67	1		0.838715


-------------------------------------------------------------------------------------------------------------------
Tour_Id:			4
No_of_Customers:		4
No_of_Items:			9
Customer_Sequence:		6 59 100 93 

CustId	Id	TypeId	Rotated	x	y	z	Length	Width	Height	mass	Fragility	LoadBearingStrength
100	197	197	0	0	0	0	34	14	10	6.67	0		1.467965
93	186	186	0	0	14	0	21	6	15	20	0		3.260771
93	187	187	0	21	14	0	32	9	12	20	1		0.798518
59	120	120	0	0	0	10	31	5	16	3.33	0		1.782951
100	198	198	0	0	5	10	32	8	15	6.67	0		1.245400
59	119	119	0	34	0	0	25	13	16	3.33	0		2.340722
100	199	199	0	21	14	12	14	9	11	6.67	1		0.666173
59	121	121	0	32	0	16	20	7	10	3.33	1		0.911356
6	11	11	0	35	13	12	15	10	11	20	1		0.642931


-------------------------------------------------------------------------------------------------------------------
Tour_Id:			5
No_of_Customers:		5
No_of_Items:			7
Customer_Sequence:		95 92 42 57 87 

CustId	Id	TypeId	Rotated	x	y	z	Length	Width	Height	mass	Fragility	LoadBearingStrength
57	116	116	0	0	0	0	33	14	17	40	0		1.348991
87	175	175	0	0	14	0	21	9	18	10	0		2.161727
95	189	189	0	0	0	17	28	11	9	30	0		2.858151
42	86	86	0	33	0	0	24	14	16	10	0		1.562235
87	176	176	0	21	14	0	29	9	7	10	1		0.795940
92	185	185	0	21	14	7	32	6	12	20	1		0.681275
42	87	87	0	0	14	18	19	11	10	10	0		2.443074


-------------------------------------------------------------------------------------------------------------------
Tour_Id:			6
No_of_Customers:		2
No_of_Items:			5
Customer_Sequence:		40 53 

CustId	Id	TypeId	Rotated	x	y	z	Length	Width	Height	mass	Fragility	LoadBearingStrength
53	107	107	0	0	0	0	35	7	18	10	0		1.708122
53	108	108	0	0	7	0	17	13	10	10	0		3.890953
40	80	80	0	17	7	0	35	13	14	3.33	0		3.119963
40	81	81	0	17	7	14	30	11	11	3.33	0		2.542400
40	82	82	1	52	0	0	18	8	10	3.33	0		3.051961


-------------------------------------------------------------------------------------------------------------------
Tour_Id:			7
No_of_Customers:		3
No_of_Items:			9
Customer_Sequence:		7 47 46 

CustId	Id	TypeId	Rotated	x	y	z	Length	Width	Height	mass	Fragility	LoadBearingStrength
46	93	93	0	0	0	0	33	11	11	10	0		1.678846
46	92	92	0	0	11	0	31	13	14	10	0		1.084923
46	94	94	0	0	0	11	17	6	18	10	0		1.276114
47	95	95	0	0	11	14	30	7	13	3.33	0		3.190581
47	96	96	0	17	0	11	15	10	14	3.33	0		1.609848
7	12	12	0	31	11	0	21	14	12	6.67	0		3.998839
7	14	14	0	0	18	14	35	7	14	6.67	1		0.698635
7	13	13	0	31	10	12	17	8	12	6.67	0		2.408158
47	97	97	0	33	0	0	23	7	12	3.33	1		0.752108


-------------------------------------------------------------------------------------------------------------------
Tour_Id:			8
No_of_Customers:		4
No_of_Items:			8
Customer_Sequence:		82 8 45 17 

CustId	Id	TypeId	Rotated	x	y	z	Length	Width	Height	mass	Fragility	LoadBearingStrength
17	36	36	0	0	0	0	15	6	10	10	0		3.109720
17	35	35	0	0	6	0	32	15	11	10	0		3.110258
45	91	91	0	0	6	11	28	14	7	10	0		1.083223
8	17	17	0	0	6	18	14	14	7	6.67	1		0.911978
82	165	165	0	14	6	18	17	15	11	10	0		3.272605
8	15	15	0	32	0	0	26	12	14	6.67	0		2.882748
8	16	16	0	32	12	0	13	8	11	6.67	0		2.045711
82	164	164	0	32	0	14	28	13	11	10	0		3.284677


-------------------------------------------------------------------------------------------------------------------
Tour_Id:			9
No_of_Customers:		4
No_of_Items:			9
Customer_Sequence:		5 84 99 96 

CustId	Id	TypeId	Rotated	x	y	z	Length	Width	Height	mass	Fragility	LoadBearingStrength
96	190	190	0	0	0	0	24	12	14	5	0		1.767295
96	191	191	0	0	12	0	30	7	17	5	1		0.659927
99	196	196	0	0	19	0	15	6	10	10	0		2.727649
84	168	168	0	0	0	14	16	11	15	6.67	0		3.089732
84	169	169	0	24	0	0	29	8	6	6.67	0		3.546591
84	170	170	0	24	0	6	19	7	9	6.67	0		2.069392
5	8	8	0	15	19	0	33	6	18	3.33	0		2.351084
5	9	9	0	30	12	0	30	7	16	3.33	0		2.793483
5	10	10	0	0	19	10	15	5	8	3.33	0		3.777480


-------------------------------------------------------------------------------------------------------------------
Tour_Id:			10
No_of_Customers:		6
No_of_Items:			10
Customer_Sequence:		12 29 78 9 35 34 

CustId	Id	TypeId	Rotated	x	y	z	Length	Width	Height	mass	Fragility	LoadBearingStrength
34	70	70	0	0	0	0	26	13	14	20	0		3.096022
35	71	71	0	0	0	14	20	15	8	5	0		3.938583
35	72	72	0	26	0	0	33	13	12	5	1		0.935939
9	18	18	0	0	15	0	22	10	7	5	0		3.908096
9	19	19	0	26	0	12	34	13	11	5	1		0.887823
78	158	158	0	22	13	0	13	11	16	10	0		2.633092
78	159	159	0	0	15	7	17	6	18	10	1		0.884187
29	60	60	0	35	13	0	16	11	15	5	0		2.708443
29	61	61	0	20	13	16	17	6	6	5	0		1.017934
12	25	25	0	20	13	22	16	8	6	20	1		0.821869


-------------------------------------------------------------------------------------------------------------------
Tour_Id:			11
No_of_Customers:		5
No_of_Items:			8
Customer_Sequence:		79 33 81 51 1 

CustId	Id	TypeId	Rotated	x	y	z	Length	Width	Height	mass	Fragility	LoadBearingStrength
51	105	105	0	0	0	0	18	13	10	10	0		2.007701
33	67	67	0	18	0	0	36	13	6	13.33	0		2.223397
1	1	1	0	0	13	0	21	9	14	10	0		1.872862
33	69	69	0	0	0	10	24	5	10	13.33	0		1.889657
33	68	68	1	0	13	14	12	13	16	13.33	0		2.463907
79	160	160	0	24	0	6	36	14	16	5	0		2.405177
81	163	163	0	21	14	0	28	10	14	30	0		1.803374
79	161	161	0	13	14	14	16	10	13	5	1		0.828845


-------------------------------------------------------------------------------------------------------------------
Tour_Id:			12
No_of_Customers:		5
No_of_Items:			11
Customer_Sequence:		2 72 75 56 74 

CustId	Id	TypeId	Rotated	x	y	z	Length	Width	Height	mass	Fragility	LoadBearingStrength
56	113	113	0	0	0	0	18	6	10	10	0		1.671721
74	153	153	0	0	6	0	28	9	16	25	1		0.933365
72	147	147	0	28	0	0	32	12	14	5	0		2.622342
74	152	152	0	0	15	0	31	8	10	25	0		2.637545
75	154	154	0	31	12	0	24	13	11	20	0		3.361516
56	115	115	0	0	15	10	13	8	11	10	1		0.748053
56	114	114	0	0	0	10	24	5	11	10	1		0.577018
72	148	148	0	0	6	16	19	7	12	5	1		0.831446
2	2	2	0	28	0	14	29	14	15	10	0		1.926140
2	3	3	0	28	14	11	31	11	9	10	0		2.458997
2	4	4	0	28	14	20	20	10	10	10	1		0.935757


-------------------------------------------------------------------------------------------------------------------
Tour_Id:			13
No_of_Customers:		5
No_of_Items:			12
Customer_Sequence:		85 61 16 91 37 

CustId	Id	TypeId	Rotated	x	y	z	Length	Width	Height	mass	Fragility	LoadBearingStrength
37	74	74	0	0	0	0	30	9	10	10	0		1.927216
91	182	182	0	0	9	0	20	8	17	3.33	0		2.858489
16	34	34	0	0	17	0	31	8	15	20	1		0.586537
91	183	183	0	0	0	10	35	9	7	3.33	0		2.191072
16	33	33	0	0	0	17	30	5	7	20	0		2.492397
91	184	184	0	0	5	17	15	12	12	3.33	0		1.140413
37	75	75	0	30	0	0	16	6	10	10	0		1.439706
61	125	125	1	46	0	0	23	12	8	3.33	0		3.671174
61	126	126	0	20	9	0	17	7	17	3.33	0		1.707358
61	127	127	0	15	5	17	22	14	13	3.33	1		0.958646
85	171	171	1	46	0	8	24	14	15	15	0		3.003716
85	172	172	0	0	19	15	27	6	12	15	1		0.745315


-------------------------------------------------------------------------------------------------------------------
Tour_Id:			14
No_of_Customers:		4
No_of_Items:			7
Customer_Sequence:		71 65 66 20 

CustId	Id	TypeId	Rotated	x	y	z	Length	Width	Height	mass	Fragility	LoadBearingStrength
20	40	40	0	0	0	0	35	13	10	10	0		1.716534
65	137	137	0	0	13	0	29	11	17	3.33	1		0.548452
65	135	135	0	35	0	0	23	14	13	3.33	0		3.508976
71	145	145	0	35	0	13	18	15	14	10	0		3.382631
66	138	138	0	0	0	10	21	10	16	10	0		2.021680
65	136	136	0	21	0	10	13	13	10	3.33	0		3.471989
71	146	146	0	29	14	0	20	8	13	10	0		1.683618


-------------------------------------------------------------------------------------------------------------------
Tour_Id:			15
No_of_Customers:		3
No_of_Items:			5
Customer_Sequence:		94 97 13 

CustId	Id	TypeId	Rotated	x	y	z	Length	Width	Height	mass	Fragility	LoadBearingStrength
97	192	192	0	0	0	0	17	14	16	15	0		2.040778
13	27	27	0	0	14	0	22	11	7	15	0		1.810876
13	26	26	0	22	14	0	31	9	11	15	0		1.966070
97	193	193	0	17	0	0	24	12	10	15	0		2.691528
94	188	188	0	22	14	11	33	10	13	10	0		2.501914


-------------------------------------------------------------------------------------------------------------------
Tour_Id:			16
No_of_Customers:		3
No_of_Items:			8
Customer_Sequence:		73 21 58 

CustId	Id	TypeId	Rotated	x	y	z	Length	Width	Height	mass	Fragility	LoadBearingStrength
58	117	117	0	0	0	0	21	15	17	15	0		2.836967
58	118	118	0	0	15	0	19	7	16	15	0		3.028125
21	41	41	0	21	0	0	33	14	12	6.67	0		1.387571
21	43	43	0	19	15	0	33	9	9	6.67	0		1.434424
73	149	149	0	19	15	9	33	9	17	3.33	0		1.320447
73	150	150	0	0	0	17	23	6	8	3.33	0		1.990638
73	151	151	0	23	0	12	25	8	14	3.33	1		0.725657
21	42	42	0	21	8	12	29	6	17	6.67	0		1.924513


-------------------------------------------------------------------------------------------------------------------
Tour_Id:			17
No_of_Customers:		4
No_of_Items:			7
Customer_Sequence:		18 83 60 89 

CustId	Id	TypeId	Rotated	x	y	z	Length	Width	Height	mass	Fragility	LoadBearingStrength
89	180	180	0	0	0	0	31	6	15	10	0		3.263319
60	123	123	0	0	6	0	31	8	17	6.67	0		2.195264
60	124	124	0	0	14	0	12	11	17	6.67	0		1.229102
60	122	122	0	31	0	0	29	14	17	6.67	0		1.376057
83	166	166	0	0	6	17	23	14	11	5	0		2.220674
83	167	167	0	12	14	0	35	7	16	5	1		0.930147
18	37	37	0	23	0	17	36	15	8	20	1		0.967188


-------------------------------------------------------------------------------------------------------------------
Tour_Id:			18
No_of_Customers:		5
No_of_Items:			10
Customer_Sequence:		31 64 49 36 48 

CustId	Id	TypeId	Rotated	x	y	z	Length	Width	Height	mass	Fragility	LoadBearingStrength
48	100	100	0	0	0	0	13	13	16	3.33	1		0.581625
48	99	99	0	0	13	0	18	9	16	3.33	0		3.175526
49	101	101	0	13	0	0	33	10	17	10	1		0.945809
36	73	73	1	0	0	16	24	7	11	10	1		0.644766
48	98	98	0	18	13	0	35	10	13	3.33	0		1.877637
64	132	132	0	18	13	13	30	11	6	3.33	0		1.535617
64	133	133	1	53	0	0	19	6	14	3.33	0		1.631583
64	134	134	0	18	13	19	15	7	7	3.33	0		1.437580
31	63	63	0	18	20	19	28	5	6	10	0		2.329433
31	64	64	0	13	0	17	30	6	10	10	1		0.722542


-------------------------------------------------------------------------------------------------------------------
Tour_Id:			19
No_of_Customers:		3
No_of_Items:			8
Customer_Sequence:		27 69 50 

CustId	Id	TypeId	Rotated	x	y	z	Length	Width	Height	mass	Fragility	LoadBearingStrength
69	141	141	0	0	0	0	36	11	11	5	0		2.905672
50	102	102	0	0	11	0	16	12	18	3.33	0		2.185494
50	104	104	0	16	11	0	31	7	9	3.33	0		1.255005
27	56	56	0	0	0	11	32	11	7	3.33	0		3.352847
69	142	142	1	47	0	0	25	10	8	5	0		3.158459
27	55	55	0	0	0	18	36	14	11	3.33	0		1.320238
50	103	103	0	16	11	9	29	8	9	3.33	0		3.208426
27	57	57	0	0	14	18	34	7	10	3.33	0		3.981924


-------------------------------------------------------------------------------------------------------------------
Tour_Id:			20
No_of_Customers:		3
No_of_Items:			5
Customer_Sequence:		30 70 10 

CustId	Id	TypeId	Rotated	x	y	z	Length	Width	Height	mass	Fragility	LoadBearingStrength
10	20	20	0	0	0	0	34	13	17	5	0		3.804631
10	21	21	0	34	0	0	13	13	16	5	0		3.106755
70	144	144	0	0	13	0	21	9	15	15	0		1.040244
70	143	143	0	0	0	17	35	12	8	15	0		2.408592
30	62	62	0	21	13	0	35	8	16	10	0		1.985662


-------------------------------------------------------------------------------------------------------------------
Tour_Id:			21
No_of_Customers:		6
No_of_Items:			10
Customer_Sequence:		52 19 11 63 90 32 

CustId	Id	TypeId	Rotated	x	y	z	Length	Width	Height	mass	Fragility	LoadBearingStrength
32	65	65	0	0	0	0	33	15	12	15	1		0.587917
90	181	181	0	0	15	0	32	6	16	10	0		3.154573
11	23	23	0	0	15	16	13	6	11	3.33	0		1.718681
63	131	131	0	32	15	0	14	9	14	50	0		2.845913
19	38	38	0	32	15	14	17	9	13	5	0		2.129524
11	24	24	0	0	0	12	31	5	17	3.33	1		0.662653
32	66	66	0	0	5	12	30	7	11	15	1		0.675331
11	22	22	0	33	0	0	20	12	17	3.33	0		2.823276
19	39	39	0	31	0	17	22	14	12	5	1		0.942354
52	106	106	1	53	0	0	18	7	8	10	0		3.099115


-------------------------------------------------------------------------------------------------------------------
Tour_Id:			22
No_of_Customers:		3
No_of_Items:			8
Customer_Sequence:		15 22 41 

CustId	Id	TypeId	Rotated	x	y	z	Length	Width	Height	mass	Fragility	LoadBearingStrength
41	83	83	0	0	0	0	30	14	17	3.33	0		2.855630
22	44	44	0	30	0	0	29	15	14	6.67	0		3.896439
41	84	84	0	0	14	0	19	9	17	3.33	0		2.774633
22	45	45	0	0	0	17	36	14	10	6.67	0		3.351180
41	85	85	0	0	14	17	25	5	8	3.33	0		2.657065
22	46	46	0	30	15	0	23	7	9	6.67	0		2.884360
15	31	31	0	36	0	14	12	13	16	20	0		2.956968
15	32	32	0	30	15	9	29	5	7	20	0		1.364630


-------------------------------------------------------------------------------------------------------------------
Tour_Id:			23
No_of_Customers:		6
No_of_Items:			10
Customer_Sequence:		23 67 39 25 55 4 

CustId	Id	TypeId	Rotated	x	y	z	Length	Width	Height	mass	Fragility	LoadBearingStrength
25	51	51	0	0	0	0	27	13	15	13.33	0		1.022908
4	7	7	0	0	13	0	13	7	15	10	1		0.542497
55	112	112	0	13	13	0	16	12	10	10	0		1.211594
25	52	52	0	0	0	15	34	5	15	13.33	1		0.551034
25	53	53	0	0	5	15	26	7	14	13.33	1		0.936684
39	77	77	0	29	13	0	29	10	16	6.67	0		2.471451
39	78	78	0	29	13	16	20	5	14	6.67	0		3.508745
39	79	79	0	13	13	10	16	12	16	6.67	1		0.967929
67	139	139	0	34	0	0	23	13	16	10	1		0.701831
23	47	47	0	34	0	16	19	9	7	10	1		0.953782


-------------------------------------------------------------------------------------------------------------------
Tour_Id:			24
No_of_Customers:		6
No_of_Items:			11
Customer_Sequence:		98 14 44 86 38 43 

CustId	Id	TypeId	Rotated	x	y	z	Length	Width	Height	mass	Fragility	LoadBearingStrength
43	88	88	0	0	0	0	19	14	15	10	0		1.678506
86	173	173	0	0	14	0	30	8	14	5	0		1.912074
38	76	76	0	0	0	15	18	7	14	30	0		3.118511
86	174	174	0	19	0	0	22	14	11	5	1		0.907371
14	28	28	0	0	14	14	14	5	10	3.33	0		1.546318
44	90	90	0	19	0	11	21	12	9	5	1		0.718695
44	89	89	0	30	14	0	28	9	9	5	0		1.828395
14	29	29	0	41	0	0	18	14	15	3.33	1		0.695945
14	30	30	0	40	0	15	12	14	14	3.33	1		0.820756
98	194	194	0	30	14	9	14	8	18	10	0		3.016939
98	195	195	0	14	14	14	16	8	15	10	1		0.658933


