Name:				VRPTWP09
Problem:			3L-VRPTW
Number_of_used_Vehicles:	9
Total_Travel_Distance:		458.32
Calculation_Time:		20.96
Total_Iterations:		23260
ConstraintSet:			P1

-------------------------------------------------------------------------------------------------------------------
Tour_Id:			1
No_of_Customers:		4
No_of_Items:			10
Customer_Sequence:		24 25 23 22 

CustId	Id	TypeId	Rotated	x	y	z	Length	Width	Height	mass	Fragility	LoadBearingStrength
22	41	41	0	0	0	0	34	11	14	9	0		2.556566
23	42	42	0	0	11	0	17	11	8	5	0		3.145139
23	43	43	0	0	0	14	33	13	15	5	1		0.672090
23	44	44	0	34	0	0	13	7	17	5	1		0.550969
25	49	49	0	34	7	0	13	15	18	2.33	0		2.714031
25	48	48	1	47	0	0	24	13	16	2.33	0		2.884532
25	50	50	0	0	13	8	15	12	11	2.33	0		2.588061
24	45	45	1	47	0	16	24	11	11	4.67	0		3.800349
24	46	46	0	0	13	19	19	7	7	4.67	0		1.140393
24	47	47	1	33	7	18	15	9	7	4.67	1		0.752489


-------------------------------------------------------------------------------------------------------------------
Tour_Id:			2
No_of_Customers:		1
No_of_Items:			0
Customer_Sequence:		3 

-------------------------------------------------------------------------------------------------------------------
Tour_Id:			3
No_of_Customers:		4
No_of_Items:			8
Customer_Sequence:		17 16 14 12 

CustId	Id	TypeId	Rotated	x	y	z	Length	Width	Height	mass	Fragility	LoadBearingStrength
14	23	23	0	0	0	0	24	13	16	2	0		1.033503
12	19	19	0	0	13	0	12	7	15	15	0		2.087354
14	24	24	0	24	0	0	31	14	11	2	0		1.163102
17	29	29	0	12	14	0	34	11	12	4	0		1.868848
16	28	28	0	24	0	11	36	14	15	11	1		0.718673
14	25	25	0	0	0	16	19	5	14	2	1		0.709704
17	30	30	0	12	14	12	34	7	12	4	0		3.678068
17	31	31	0	46	14	0	13	7	17	4	1		0.681338


-------------------------------------------------------------------------------------------------------------------
Tour_Id:			4
No_of_Customers:		2
No_of_Items:			5
Customer_Sequence:		15 19 

CustId	Id	TypeId	Rotated	x	y	z	Length	Width	Height	mass	Fragility	LoadBearingStrength
19	35	35	0	0	0	0	30	13	13	8.67	0		1.594123
19	36	36	0	0	13	0	21	7	11	8.67	0		1.761723
19	37	37	0	0	0	13	33	9	15	8.67	1		0.699755
15	26	26	0	0	13	11	20	8	18	9.50	0		3.590646
15	27	27	0	21	13	0	19	6	9	9.50	0		3.735411


-------------------------------------------------------------------------------------------------------------------
Tour_Id:			5
No_of_Customers:		5
No_of_Items:			7
Customer_Sequence:		11 9 6 2 1 

CustId	Id	TypeId	Rotated	x	y	z	Length	Width	Height	mass	Fragility	LoadBearingStrength
1	1	1	0	0	0	0	24	7	9	15	0		3.567429
2	2	2	0	0	7	0	30	7	17	3	0		2.062415
6	8	8	0	30	0	0	18	12	11	4	0		3.487066
6	9	9	0	0	14	0	18	11	9	4	1		0.515501
9	15	15	0	30	12	0	14	13	18	10	0		1.356828
11	17	17	0	30	0	11	22	8	9	3.50	0		2.302422
11	18	18	0	0	7	17	24	5	13	3.50	1		0.557654


-------------------------------------------------------------------------------------------------------------------
Tour_Id:			6
No_of_Customers:		2
No_of_Items:			4
Customer_Sequence:		8 10 

CustId	Id	TypeId	Rotated	x	y	z	Length	Width	Height	mass	Fragility	LoadBearingStrength
8	14	14	0	0	0	0	19	12	15	5.33	0		2.293008
8	12	12	0	19	0	0	34	15	17	5.33	0		3.752081
8	13	13	0	19	0	17	27	15	11	5.33	0		3.196202
10	16	16	0	0	12	0	17	11	12	28	0		2.078269


-------------------------------------------------------------------------------------------------------------------
Tour_Id:			7
No_of_Customers:		2
No_of_Items:			6
Customer_Sequence:		18 13 

CustId	Id	TypeId	Rotated	x	y	z	Length	Width	Height	mass	Fragility	LoadBearingStrength
13	20	20	0	0	0	0	36	14	15	4.67	0		1.761351
13	21	21	0	0	14	0	34	5	15	4.67	0		1.026399
18	32	32	0	0	0	15	32	9	15	7.67	0		1.024723
18	34	34	0	0	9	15	35	13	9	7.67	1		0.576814
13	22	22	1	36	0	0	25	12	8	4.67	0		1.082360
18	33	33	1	36	0	8	22	5	7	7.67	0		1.373418


-------------------------------------------------------------------------------------------------------------------
Tour_Id:			8
No_of_Customers:		2
No_of_Items:			3
Customer_Sequence:		20 21 

CustId	Id	TypeId	Rotated	x	y	z	Length	Width	Height	mass	Fragility	LoadBearingStrength
21	40	40	0	0	0	0	34	7	18	6	0		3.332785
20	38	38	0	0	7	0	16	13	9	8.50	0		2.149456
20	39	39	0	16	7	0	28	12	13	8.50	1		0.552942


-------------------------------------------------------------------------------------------------------------------
Tour_Id:			9
No_of_Customers:		3
No_of_Items:			6
Customer_Sequence:		5 7 4 

CustId	Id	TypeId	Rotated	x	y	z	Length	Width	Height	mass	Fragility	LoadBearingStrength
4	4	4	0	0	0	0	34	10	10	3	0		3.660063
4	6	6	0	0	10	0	12	10	17	3	0		2.570769
4	5	5	0	0	0	10	32	7	13	3	0		3.236943
7	10	10	0	12	10	0	36	11	8	4	0		1.334897
5	7	7	0	12	10	8	33	13	17	28	1		0.634825
7	11	11	0	34	0	0	13	7	14	4	0		1.645175


