Name:				3l_cvrp24
Problem:			3L-CVRP
Number_of_used_Vehicles:	15
Total_Travel_Distance:		1102.14
Calculation_Time:		-1.00
Total_Iterations:		-1
ConstraintSet:			P1

-------------------------------------------------------------------------------------------------------------------
Tour_Id:			1
No_of_Customers:		7
No_of_Items:			11
Customer_Sequence:		73 1 42 41 56 23 63 

CustId	Id	TypeId	Rotated	x	y	z	Length	Width	Height	mass	Fragility	LoadBearingStrength
73	139	139	0	31	11	16	22	10	10	2	0		3.264899
73	140	140	0	0	0	16	34	11	12	2	1		0.816537
73	141	141	0	27	0	9	30	6	6	2	1		0.921503
1	1	1	0	17	13	16	14	6	8	18	0		2.054371
42	82	82	0	32	0	0	22	6	9	5.50	0		3.603185
42	83	83	0	0	11	16	17	14	7	5.50	1		0.683195
41	81	81	0	0	0	9	27	6	7	15	1		0.595320
56	112	112	0	24	13	0	30	12	16	26	0		2.630408
23	43	43	0	0	13	0	24	12	16	6	0		2.014909
63	121	121	0	0	0	0	32	12	9	5.50	1		0.956331
63	122	122	0	0	6	9	31	7	7	5.50	1		0.697611


-------------------------------------------------------------------------------------------------------------------
Tour_Id:			2
No_of_Customers:		4
No_of_Items:			8
Customer_Sequence:		65 66 11 35 

CustId	Id	TypeId	Rotated	x	y	z	Length	Width	Height	mass	Fragility	LoadBearingStrength
65	125	125	0	29	0	19	17	6	10	9	0		3.335405
66	126	126	0	29	0	8	14	11	11	12.33	0		3.549459
66	127	127	0	29	11	0	22	14	14	12.33	1		0.985712
66	128	128	1	14	10	0	14	15	17	12.33	1		0.585988
11	21	21	0	0	0	12	29	7	17	37	0		2.850853
35	63	63	0	0	0	0	27	10	12	3.33	0		1.258358
35	64	64	0	27	0	0	32	10	8	3.33	0		1.198770
35	65	65	0	0	10	0	14	15	14	3.33	1		0.970487


-------------------------------------------------------------------------------------------------------------------
Tour_Id:			3
No_of_Customers:		3
No_of_Items:			7
Customer_Sequence:		67 46 34 

CustId	Id	TypeId	Rotated	x	y	z	Length	Width	Height	mass	Fragility	LoadBearingStrength
67	129	129	1	14	0	10	15	11	15	15	0		3.973003
67	130	130	0	14	16	11	30	6	11	15	0		2.552617
46	93	93	0	14	16	0	32	7	11	13.50	0		1.921048
46	94	94	0	0	19	0	14	6	12	13.50	0		3.535037
34	60	60	0	26	0	0	26	14	7	6.33	0		1.990505
34	61	61	1	14	0	0	16	12	10	6.33	0		1.281328
34	62	62	1	0	0	0	19	14	16	6.33	1		0.756084


-------------------------------------------------------------------------------------------------------------------
Tour_Id:			4
No_of_Customers:		4
No_of_Items:			8
Customer_Sequence:		19 14 59 54 

CustId	Id	TypeId	Rotated	x	y	z	Length	Width	Height	mass	Fragility	LoadBearingStrength
19	35	35	0	23	14	12	33	8	17	5	0		2.014396
19	36	36	0	31	0	19	29	10	11	5	0		1.980996
19	37	37	0	31	0	11	22	14	8	5	0		3.435739
14	24	24	0	23	14	0	34	11	12	10.33	0		1.349707
14	25	25	0	0	0	14	31	13	16	10.33	1		0.927704
14	26	26	0	0	14	0	23	7	13	10.33	1		0.841901
59	115	115	0	29	0	0	31	14	11	24	0		3.362240
54	110	110	0	0	0	0	29	12	14	16	0		3.004876


-------------------------------------------------------------------------------------------------------------------
Tour_Id:			5
No_of_Customers:		5
No_of_Items:			11
Customer_Sequence:		49 24 50 32 44 

CustId	Id	TypeId	Rotated	x	y	z	Length	Width	Height	mass	Fragility	LoadBearingStrength
49	99	99	1	43	0	0	15	15	16	1.67	0		2.787025
49	100	100	0	40	17	0	14	8	8	1.67	0		1.549088
49	101	101	0	7	17	14	29	8	12	1.67	1		0.941521
24	44	44	0	12	17	0	28	8	14	13.50	0		2.548322
24	45	45	0	0	0	23	25	13	7	13.50	0		3.620554
50	102	102	0	10	0	12	33	12	11	11	0		2.532677
50	103	103	1	0	0	14	22	7	9	11	0		2.673981
32	56	56	0	12	10	0	29	7	7	28	0		2.545698
44	87	87	0	12	0	0	31	10	12	5.67	0		3.967379
44	88	88	1	0	0	6	22	10	8	5.67	0		3.739089
44	89	89	1	0	0	0	23	12	6	5.67	0		2.510147


-------------------------------------------------------------------------------------------------------------------
Tour_Id:			6
No_of_Customers:		5
No_of_Items:			9
Customer_Sequence:		68 2 28 74 30 

CustId	Id	TypeId	Rotated	x	y	z	Length	Width	Height	mass	Fragility	LoadBearingStrength
68	131	131	0	26	0	7	30	10	17	5	0		1.287638
68	132	132	0	31	13	0	20	8	11	5	0		1.823816
2	2	2	0	5	0	23	13	14	6	26	0		2.341475
28	49	49	0	0	14	8	30	11	14	9.67	0		2.152940
28	50	50	0	5	0	12	21	14	11	9.67	0		1.176343
28	51	51	0	21	0	0	33	13	7	9.67	0		2.625432
74	142	142	0	5	0	0	16	14	12	10	0		3.487708
30	53	53	0	0	14	0	31	9	8	11	0		3.783718
30	54	54	1	0	0	0	14	5	18	11	0		3.548074


-------------------------------------------------------------------------------------------------------------------
Tour_Id:			7
No_of_Customers:		5
No_of_Items:			11
Customer_Sequence:		12 72 39 9 40 

CustId	Id	TypeId	Rotated	x	y	z	Length	Width	Height	mass	Fragility	LoadBearingStrength
12	22	22	0	29	0	16	21	9	14	16	0		1.007478
72	137	137	0	23	12	13	36	10	16	0.50	0		1.899880
72	138	138	0	0	0	17	29	7	13	0.50	0		3.464329
39	75	75	0	24	12	0	27	12	13	5.33	0		1.820606
39	76	76	0	28	0	9	21	10	7	5.33	0		3.417768
39	77	77	1	17	11	8	14	6	17	5.33	0		2.005419
9	17	17	0	0	12	0	24	11	8	14.50	0		1.888391
9	18	18	0	0	11	8	17	9	13	14.50	1		0.723231
40	78	78	0	28	0	0	31	10	9	11	0		2.357217
40	79	79	0	0	0	8	28	11	9	11	0		2.543433
40	80	80	0	0	0	0	28	12	8	11	0		1.304282


-------------------------------------------------------------------------------------------------------------------
Tour_Id:			8
No_of_Customers:		6
No_of_Items:			11
Customer_Sequence:		10 31 25 55 18 3 

CustId	Id	TypeId	Rotated	x	y	z	Length	Width	Height	mass	Fragility	LoadBearingStrength
10	19	19	0	0	14	10	16	6	13	13	0		2.454440
10	20	20	0	16	14	10	27	6	7	13	0		3.706331
31	55	55	0	32	0	15	26	8	14	25	0		2.387213
25	46	46	0	0	20	10	34	5	8	14	0		2.025661
55	111	111	0	0	0	16	32	7	12	7	1		0.616477
18	32	32	0	29	0	0	27	12	15	4.33	0		3.658216
18	33	33	0	0	0	0	29	14	16	4.33	1		0.598537
18	34	34	0	0	7	16	20	7	9	4.33	1		0.688685
3	3	3	0	12	14	0	19	11	10	3.67	0		3.778556
3	4	4	0	0	14	0	12	11	10	3.67	0		3.076462
3	5	5	0	31	14	0	13	9	10	3.67	0		1.996454


-------------------------------------------------------------------------------------------------------------------
Tour_Id:			9
No_of_Customers:		5
No_of_Items:			10
Customer_Sequence:		62 22 64 43 16 

CustId	Id	TypeId	Rotated	x	y	z	Length	Width	Height	mass	Fragility	LoadBearingStrength
62	120	120	0	21	15	6	26	6	10	18	1		0.932610
22	42	42	1	50	0	0	14	10	13	12	1		0.503763
64	123	123	0	38	0	16	12	13	12	14	0		3.176195
64	124	124	0	12	0	16	26	14	11	14	1		0.958669
43	84	84	0	0	15	0	16	8	17	6	0		1.838538
43	85	85	0	16	15	0	30	9	6	6	0		2.770157
43	86	86	0	0	15	17	21	5	8	6	0		1.349228
16	28	28	0	12	0	0	35	15	16	6.33	0		2.468800
16	29	29	0	0	0	6	12	14	18	6.33	0		2.200618
16	30	30	0	0	0	0	12	13	6	6.33	0		3.711238


-------------------------------------------------------------------------------------------------------------------
Tour_Id:			10
No_of_Customers:		5
No_of_Items:			9
Customer_Sequence:		7 53 38 58 26 

CustId	Id	TypeId	Rotated	x	y	z	Length	Width	Height	mass	Fragility	LoadBearingStrength
7	12	12	0	36	9	8	21	10	18	5	0		1.840858
7	13	13	0	0	0	15	32	9	11	5	0		2.504134
7	14	14	0	27	0	0	33	7	12	5	0		1.218745
53	109	109	0	0	16	10	36	7	17	22	0		1.619868
38	72	72	0	0	0	0	27	9	15	8	0		3.267331
38	73	73	0	0	9	10	34	7	9	8	0		1.356852
38	74	74	0	0	9	19	31	6	9	8	1		0.543964
58	114	114	0	36	9	0	18	15	8	21	0		1.724090
26	47	47	0	0	9	0	36	15	10	18	0		1.416696


-------------------------------------------------------------------------------------------------------------------
Tour_Id:			11
No_of_Customers:		4
No_of_Items:			8
Customer_Sequence:		4 45 52 8 

CustId	Id	TypeId	Rotated	x	y	z	Length	Width	Height	mass	Fragility	LoadBearingStrength
4	6	6	0	33	12	7	26	10	15	30	0		2.805163
45	90	90	0	9	0	17	26	11	13	7	0		3.939894
45	91	91	0	33	12	0	24	12	7	7	0		3.752848
45	92	92	0	9	12	0	24	9	15	7	1		0.572048
52	107	107	0	9	0	0	27	12	17	9.50	0		3.406163
52	108	108	0	36	0	0	23	6	15	9.50	0		1.345931
8	15	15	1	0	0	0	24	9	18	8	0		2.470831
8	16	16	1	0	0	18	23	7	12	8	0		1.873409


-------------------------------------------------------------------------------------------------------------------
Tour_Id:			12
No_of_Customers:		5
No_of_Items:			10
Customer_Sequence:		47 36 69 61 21 

CustId	Id	TypeId	Rotated	x	y	z	Length	Width	Height	mass	Fragility	LoadBearingStrength
47	95	95	1	54	0	0	22	6	13	9.50	0		2.299637
47	96	96	0	0	0	23	32	12	7	9.50	1		0.549416
36	66	66	1	34	0	0	14	14	13	4	0		1.547319
36	67	67	0	0	6	16	27	6	7	4	0		1.144047
36	68	68	1	34	0	13	17	6	8	4	0		2.828130
69	133	133	0	0	0	16	33	6	7	8	1		0.805356
61	119	119	0	0	0	0	34	13	16	15	0		2.639008
21	39	39	0	0	13	10	14	12	13	9.33	0		2.543836
21	40	40	0	0	13	0	21	10	10	9.33	0		1.331504
21	41	41	0	21	14	0	33	11	12	9.33	1		0.866822


-------------------------------------------------------------------------------------------------------------------
Tour_Id:			13
No_of_Customers:		4
No_of_Items:			10
Customer_Sequence:		17 51 33 6 

CustId	Id	TypeId	Rotated	x	y	z	Length	Width	Height	mass	Fragility	LoadBearingStrength
17	31	31	0	29	0	7	31	6	15	20	1		0.965427
51	104	104	0	11	0	14	15	10	12	4	0		3.891688
51	105	105	0	29	14	0	30	8	7	4	0		2.133997
51	106	106	0	29	14	7	25	6	7	4	0		2.080671
33	57	57	1	0	0	17	17	8	7	9	0		1.520778
33	58	58	1	11	10	15	15	14	15	9	1		0.804848
33	59	59	0	29	0	0	31	14	7	9	1		0.837691
6	9	9	1	0	0	0	17	11	17	6.33	0		1.634310
6	10	10	1	11	0	0	13	13	14	6.33	0		3.107693
6	11	11	0	11	13	0	18	12	15	6.33	1		0.577796


-------------------------------------------------------------------------------------------------------------------
Tour_Id:			14
No_of_Customers:		6
No_of_Items:			10
Customer_Sequence:		20 70 60 71 48 75 

CustId	Id	TypeId	Rotated	x	y	z	Length	Width	Height	mass	Fragility	LoadBearingStrength
20	38	38	0	31	18	0	29	7	16	22	0		2.247191
70	134	134	1	44	0	0	18	13	10	5.50	0		1.130562
70	135	135	0	9	0	9	35	11	9	5.50	1		0.527590
60	116	116	0	9	0	0	35	13	9	4.33	0		2.489278
60	117	117	0	9	11	9	27	7	15	4.33	0		2.351037
60	118	118	1	0	0	23	25	7	7	4.33	0		2.697038
71	136	136	0	9	18	9	14	7	12	3	0		3.676707
48	97	97	1	0	0	9	19	9	14	10	0		2.613042
48	98	98	0	8	13	0	23	11	9	10	0		1.486669
75	143	143	1	0	0	0	20	8	9	20	0		1.944387


-------------------------------------------------------------------------------------------------------------------
Tour_Id:			15
No_of_Customers:		7
No_of_Items:			10
Customer_Sequence:		27 13 57 15 37 5 29 

CustId	Id	TypeId	Rotated	x	y	z	Length	Width	Height	mass	Fragility	LoadBearingStrength
27	48	48	1	32	9	11	14	14	14	17	1		0.618273
13	23	23	0	0	12	22	21	12	8	12	0		3.057326
57	113	113	0	33	9	0	26	15	11	14	1		0.592333
15	27	27	0	0	12	13	28	12	9	8	0		1.554715
37	69	69	0	0	12	0	26	11	13	4.67	0		3.076451
37	70	70	0	0	0	22	14	7	6	4.67	0		3.911512
37	71	71	0	32	0	13	26	9	11	4.67	1		0.596683
5	7	7	0	0	0	6	32	12	16	10.50	0		1.270319
5	8	8	0	33	0	0	22	9	13	10.50	1		0.799350
29	52	52	0	0	0	0	33	12	6	13	0		2.519645


