Name:				3l_cvrp15
Problem:			3L-CVRP
Number_of_used_Vehicles:	7
Total_Travel_Distance:		1338.32
Calculation_Time:		-1.00
Total_Iterations:		-1
ConstraintSet:			P1

-------------------------------------------------------------------------------------------------------------------
Tour_Id:			1
No_of_Customers:		4
No_of_Items:			8
Customer_Sequence:		11 6 7 5 

CustId	Id	TypeId	Rotated	x	y	z	Length	Width	Height	mass	Fragility	LoadBearingStrength
11	22	22	0	24	11	8	32	13	15	1500	0		2.535247
6	12	12	0	32	0	0	28	10	16	40	0		2.883114
6	13	13	0	0	0	17	19	13	10	40	1		0.527832
7	14	14	0	24	11	0	31	13	8	1000	0		3.673869
7	15	15	0	0	13	9	16	5	14	1000	0		3.743264
5	9	9	0	0	0	0	32	11	17	13.33	0		3.695575
5	10	10	0	0	11	0	24	12	9	13.33	0		3.989582
5	11	11	0	0	18	9	17	6	16	13.33	0		1.502599


-------------------------------------------------------------------------------------------------------------------
Tour_Id:			2
No_of_Customers:		4
No_of_Items:			12
Customer_Sequence:		4 8 32 2 

CustId	Id	TypeId	Rotated	x	y	z	Length	Width	Height	mass	Fragility	LoadBearingStrength
4	6	6	1	47	0	12	13	13	18	400	0		3.979497
4	7	7	0	43	16	0	14	9	17	400	1		0.771557
4	8	8	1	34	0	13	14	7	16	400	1		0.618850
8	16	16	1	47	0	0	16	12	12	300	0		1.716816
8	17	17	0	0	14	12	17	8	11	300	0		2.552134
8	18	18	0	17	15	0	26	6	17	300	1		0.705497
32	66	66	1	34	0	0	14	13	13	366.67	0		2.307326
32	67	67	0	0	15	0	17	7	12	366.67	0		2.680924
32	68	68	0	0	8	9	28	6	18	366.67	1		0.673799
2	2	2	0	0	0	0	31	8	11	133.33	0		1.746353
2	3	3	0	0	8	0	34	7	9	133.33	0		1.129790
2	4	4	0	0	0	11	34	8	15	133.33	1		0.908390


-------------------------------------------------------------------------------------------------------------------
Tour_Id:			3
No_of_Customers:		6
No_of_Items:			9
Customer_Sequence:		17 25 22 18 19 12 

CustId	Id	TypeId	Rotated	x	y	z	Length	Width	Height	mass	Fragility	LoadBearingStrength
17	33	33	0	30	14	0	27	11	12	275	0		1.105454
17	34	34	0	30	14	12	19	9	10	275	0		1.650828
25	46	46	0	14	0	19	35	12	10	700	1		0.804933
25	47	47	0	0	16	8	26	7	17	700	1		0.861950
22	41	41	0	14	0	10	32	14	9	1300	0		3.091901
18	35	35	0	14	0	0	36	12	10	650	0		1.678907
19	36	36	1	0	0	9	16	14	16	100	0		3.600840
19	37	37	0	0	14	0	30	8	8	100	0		3.765303
12	23	23	1	0	0	0	14	14	9	150	0		2.719483


-------------------------------------------------------------------------------------------------------------------
Tour_Id:			4
No_of_Customers:		7
No_of_Items:			13
Customer_Sequence:		29 24 23 20 21 10 9 

CustId	Id	TypeId	Rotated	x	y	z	Length	Width	Height	mass	Fragility	LoadBearingStrength
29	57	57	1	28	11	12	13	9	14	166.67	0		3.770375
29	58	58	0	6	11	14	22	6	10	166.67	0		3.745257
29	59	59	1	37	8	12	17	13	16	166.67	1		0.751996
24	44	44	0	29	0	12	23	8	15	375	0		1.933808
24	45	45	0	0	17	13	24	8	16	375	1		0.767950
23	42	42	0	26	0	0	34	10	12	350	0		2.349935
23	43	43	0	6	0	14	23	11	16	350	0		2.917522
20	38	38	0	8	0	0	18	10	14	400	0		3.333259
21	39	39	0	27	10	0	22	13	12	150	0		1.567414
21	40	40	0	8	10	0	19	7	14	150	0		1.731830
10	20	20	1	0	0	12	14	6	15	375	0		3.172800
10	21	21	0	0	17	0	23	8	13	375	1		0.617579
9	19	19	1	0	0	0	17	8	12	600	0		2.743614


-------------------------------------------------------------------------------------------------------------------
Tour_Id:			5
No_of_Customers:		2
No_of_Items:			6
Customer_Sequence:		31 30 

CustId	Id	TypeId	Rotated	x	y	z	Length	Width	Height	mass	Fragility	LoadBearingStrength
31	63	63	0	0	0	0	32	11	17	566.67	0		2.235304
31	64	64	0	32	0	0	25	10	15	566.67	0		1.590225
31	65	65	0	0	0	17	35	12	8	566.67	0		2.664675
30	60	60	0	15	11	0	27	6	13	833.33	0		3.077190
30	61	61	1	0	11	0	13	15	13	833.33	1		0.996845
30	62	62	0	0	12	13	26	11	7	833.33	1		0.697148


-------------------------------------------------------------------------------------------------------------------
Tour_Id:			6
No_of_Customers:		4
No_of_Items:			12
Customer_Sequence:		27 16 28 26 

CustId	Id	TypeId	Rotated	x	y	z	Length	Width	Height	mass	Fragility	LoadBearingStrength
27	51	51	1	43	0	18	22	12	12	200	0		3.619710
27	52	52	1	54	0	0	17	6	13	200	0		2.597686
27	53	53	0	12	8	22	21	13	8	200	1		0.797940
16	30	30	1	43	0	0	22	11	18	233.33	0		1.100922
16	31	31	0	12	10	9	30	10	13	233.33	0		2.176978
16	32	32	0	23	0	11	16	7	6	233.33	0		1.346645
28	54	54	0	0	0	11	23	8	14	333.33	0		3.371120
28	55	55	1	0	8	13	16	11	14	333.33	0		2.107676
28	56	56	0	12	20	0	21	5	8	333.33	0		1.018211
26	48	48	0	0	0	0	35	10	11	1333.33	0		1.044783
26	49	49	0	12	10	0	31	10	9	1333.33	0		2.108184
26	50	50	1	0	10	0	14	12	13	1333.33	0		1.255048


-------------------------------------------------------------------------------------------------------------------
Tour_Id:			7
No_of_Customers:		5
No_of_Items:			8
Customer_Sequence:		13 15 14 1 3 

CustId	Id	TypeId	Rotated	x	y	z	Length	Width	Height	mass	Fragility	LoadBearingStrength
13	24	24	1	22	8	16	13	12	14	125	0		2.784490
13	25	25	0	0	8	16	22	15	14	125	1		0.807829
15	27	27	0	30	8	0	27	11	16	150	0		1.759766
15	28	28	0	0	0	9	33	5	18	150	1		0.927061
15	29	29	0	33	0	0	21	8	15	150	1		0.729555
14	26	26	0	30	19	0	28	5	8	1600	0		1.898128
1	1	1	0	0	8	0	30	14	16	700	0		2.747623
3	5	5	0	0	0	0	32	8	9	400	0		1.598707


