Name:				3l_cvrp25
Problem:			3L-CVRP
Number_of_used_Vehicles:	19
Total_Travel_Distance:		1370.34
Calculation_Time:		-1.00
Total_Iterations:		-1
ConstraintSet:			P1

-------------------------------------------------------------------------------------------------------------------
Tour_Id:			1
No_of_Customers:		5
No_of_Items:			9
Customer_Sequence:		11 64 49 19 52 

CustId	Id	TypeId	Rotated	x	y	z	Length	Width	Height	mass	Fragility	LoadBearingStrength
11	19	19	1	51	0	0	12	9	7	12	1		0.809023
64	130	130	0	0	17	14	24	8	13	3	0		3.196145
64	131	131	1	31	0	15	15	15	11	3	1		0.697842
64	132	132	0	32	13	0	23	9	8	3	1		0.872795
49	100	100	0	31	0	0	20	13	15	10	0		3.544043
49	101	101	0	8	0	10	23	12	16	10	1		0.698996
49	102	102	1	0	0	10	17	8	17	10	1		0.902922
19	37	37	0	0	17	0	32	6	14	17	0		1.107806
52	106	106	0	0	0	0	27	14	10	9	1		0.630547


-------------------------------------------------------------------------------------------------------------------
Tour_Id:			2
No_of_Customers:		6
No_of_Items:			7
Customer_Sequence:		77 3 78 79 68 80 

CustId	Id	TypeId	Rotated	x	y	z	Length	Width	Height	mass	Fragility	LoadBearingStrength
77	157	157	0	28	0	14	31	10	16	14	1		0.812501
3	5	5	0	0	0	15	28	13	14	13	0		3.667883
78	158	158	0	0	13	17	32	6	10	1.50	0		2.050020
78	159	159	0	27	0	0	33	13	14	1.50	1		0.632161
79	160	160	0	0	0	0	27	14	15	23	0		3.267861
68	142	142	0	31	14	0	20	9	15	36	0		1.821350
80	161	161	0	0	14	0	31	7	17	6	0		3.470725


-------------------------------------------------------------------------------------------------------------------
Tour_Id:			3
No_of_Customers:		4
No_of_Items:			8
Customer_Sequence:		55 25 54 12 

CustId	Id	TypeId	Rotated	x	y	z	Length	Width	Height	mass	Fragility	LoadBearingStrength
55	111	111	0	36	0	9	16	15	14	1	0		1.287301
55	112	112	0	17	15	12	28	6	17	1	1		0.636968
25	49	49	0	17	15	0	32	10	12	3	0		2.834395
25	50	50	0	0	0	21	36	13	9	3	1		0.719557
54	109	109	0	0	0	11	29	15	10	9	0		3.121355
54	110	110	0	36	0	0	17	13	9	9	0		1.073379
12	20	20	0	0	0	0	36	15	11	9.50	0		1.262601
12	21	21	0	0	15	0	17	7	16	9.50	0		3.707351


-------------------------------------------------------------------------------------------------------------------
Tour_Id:			4
No_of_Customers:		5
No_of_Items:			12
Customer_Sequence:		27 1 70 10 88 

CustId	Id	TypeId	Rotated	x	y	z	Length	Width	Height	mass	Fragility	LoadBearingStrength
27	53	53	0	36	8	8	23	5	14	8	0		1.131275
27	54	54	0	41	14	7	19	9	8	8	1		0.602076
1	1	1	0	26	8	0	32	6	8	3.33	0		3.337213
1	2	2	0	36	0	16	16	8	11	3.33	0		1.184932
1	3	3	0	0	7	15	33	14	10	3.33	1		0.832480
70	146	146	0	41	14	0	18	10	7	2.50	0		1.371074
70	147	147	0	26	14	0	15	5	14	2.50	1		0.613183
10	17	17	0	0	8	0	26	14	15	8	0		2.812774
10	18	18	0	0	0	23	36	7	7	8	1		0.759095
88	170	170	0	0	0	0	35	8	15	3	0		3.951913
88	171	171	0	35	0	0	21	6	16	3	0		1.822798
88	172	172	0	0	0	15	30	7	8	3	0		2.534236


-------------------------------------------------------------------------------------------------------------------
Tour_Id:			5
No_of_Customers:		5
No_of_Items:			10
Customer_Sequence:		61 16 17 45 83 

CustId	Id	TypeId	Rotated	x	y	z	Length	Width	Height	mass	Fragility	LoadBearingStrength
61	121	121	0	33	5	14	27	6	12	4.33	0		1.800864
61	122	122	0	0	0	18	33	7	8	4.33	0		1.140327
61	123	123	0	33	0	15	12	5	8	4.33	1		0.599983
16	31	31	0	29	11	17	30	13	13	9.50	0		1.345617
16	32	32	0	0	8	17	29	15	9	9.50	0		2.232948
17	33	33	0	30	11	0	27	14	17	2	0		1.014992
45	90	90	0	0	8	0	30	15	17	5.33	0		1.597388
45	91	91	0	30	5	0	29	6	14	5.33	0		2.078231
45	92	92	0	29	0	0	22	5	15	5.33	1		0.844870
83	164	164	0	0	0	0	29	8	18	11	0		3.847341


-------------------------------------------------------------------------------------------------------------------
Tour_Id:			6
No_of_Customers:		5
No_of_Items:			10
Customer_Sequence:		87 43 15 57 2 

CustId	Id	TypeId	Rotated	x	y	z	Length	Width	Height	mass	Fragility	LoadBearingStrength
87	169	169	0	35	8	20	18	10	7	26	0		3.091238
43	85	85	0	0	10	13	35	7	12	2.33	0		2.316338
43	86	86	0	35	10	12	21	12	8	2.33	0		1.791439
43	87	87	0	28	0	10	18	8	15	2.33	1		0.965896
15	28	28	0	35	10	0	21	13	12	2.67	0		1.296259
15	29	29	0	0	10	0	28	14	6	2.67	0		3.540237
15	30	30	0	0	10	6	35	7	7	2.67	0		2.360886
57	114	114	0	28	0	0	20	10	10	3.50	0		1.167443
57	115	115	0	0	0	16	28	7	14	3.50	1		0.943497
2	4	4	0	0	0	0	28	10	16	7	1		0.637696


-------------------------------------------------------------------------------------------------------------------
Tour_Id:			7
No_of_Customers:		7
No_of_Items:			11
Customer_Sequence:		99 93 85 91 100 37 98 

CustId	Id	TypeId	Rotated	x	y	z	Length	Width	Height	mass	Fragility	LoadBearingStrength
99	190	190	0	34	8	13	20	8	11	9	1		0.815073
93	181	181	0	26	0	14	27	6	12	22	0		3.791541
85	167	167	0	34	8	6	22	11	7	41	1		0.644768
91	175	175	0	0	8	18	32	11	12	0.33	0		1.112921
91	176	176	0	0	0	12	26	8	16	0.33	0		3.850334
91	177	177	0	26	0	6	22	8	8	0.33	0		3.869089
100	191	191	0	0	10	0	34	10	18	5.67	0		2.527245
100	192	192	0	0	20	0	18	5	15	5.67	0		1.072155
100	193	193	0	34	9	0	17	13	6	5.67	0		2.774374
37	76	76	0	26	0	0	33	9	6	8	0		2.116799
98	189	189	0	0	0	0	26	10	12	10	0		2.716237


-------------------------------------------------------------------------------------------------------------------
Tour_Id:			8
No_of_Customers:		7
No_of_Items:			12
Customer_Sequence:		97 42 14 44 38 86 96 

CustId	Id	TypeId	Rotated	x	y	z	Length	Width	Height	mass	Fragility	LoadBearingStrength
97	188	188	1	48	6	0	13	12	17	12	0		3.073529
42	83	83	1	34	6	12	14	14	15	2.50	0		2.522199
42	84	84	0	19	13	14	13	12	14	2.50	1		0.616044
14	25	25	1	8	0	15	13	13	9	6.67	0		1.495079
14	26	26	0	31	0	13	22	6	11	6.67	0		1.573515
14	27	27	0	31	0	24	23	5	6	6.67	0		1.509627
44	88	88	1	34	6	0	19	14	12	9	0		1.483131
44	89	89	0	31	0	0	23	6	13	9	0		1.414448
38	77	77	0	0	13	14	19	12	14	16	0		2.779393
86	168	168	0	0	13	0	34	11	14	35	0		2.772949
96	186	186	0	0	0	0	31	10	15	5.50	0		1.715795
96	187	187	1	0	0	15	13	8	14	5.50	0		1.676047


-------------------------------------------------------------------------------------------------------------------
Tour_Id:			9
No_of_Customers:		8
No_of_Items:			14
Customer_Sequence:		26 4 39 67 23 56 75 73 

CustId	Id	TypeId	Rotated	x	y	z	Length	Width	Height	mass	Fragility	LoadBearingStrength
26	51	51	0	22	13	21	33	7	8	8.50	0		3.408177
26	52	52	0	42	5	7	14	8	8	8.50	1		0.896351
4	6	6	0	24	13	7	33	10	14	9.50	0		3.148017
4	7	7	0	32	0	9	19	5	8	9.50	0		2.330389
39	78	78	0	42	5	0	18	7	7	31	0		2.264323
67	139	139	0	24	13	0	27	11	7	8.33	0		3.251239
67	140	140	0	9	13	17	13	9	12	8.33	0		2.827068
67	141	141	0	32	0	0	23	5	9	8.33	0		3.585107
23	44	44	0	9	5	12	33	8	17	9.67	0		3.965974
23	45	45	0	11	5	0	28	8	12	9.67	0		3.591110
23	46	46	0	11	13	0	13	12	17	9.67	0		3.612200
56	113	113	1	0	5	7	15	9	14	6	0		3.003407
75	153	153	0	0	0	0	32	5	15	18	1		0.939603
73	150	150	1	0	5	0	15	11	7	9	0		3.264424


-------------------------------------------------------------------------------------------------------------------
Tour_Id:			10
No_of_Customers:		6
No_of_Items:			14
Customer_Sequence:		31 63 90 32 30 69 

CustId	Id	TypeId	Rotated	x	y	z	Length	Width	Height	mass	Fragility	LoadBearingStrength
31	62	62	1	53	0	9	17	5	15	27	0		2.006694
63	127	127	1	39	5	16	19	10	6	3.33	0		2.017478
63	128	128	1	53	0	0	21	6	9	3.33	0		2.309867
63	129	129	1	39	0	22	21	7	6	3.33	0		3.340797
90	174	174	0	13	0	14	36	5	8	3	0		2.410358
32	63	63	0	14	13	12	23	12	14	7.67	0		1.983639
32	64	64	1	39	7	0	16	14	16	7.67	0		1.848597
32	65	65	0	13	0	0	36	7	14	7.67	0		2.113657
30	59	59	1	0	0	15	19	13	14	7	0		2.638827
30	60	60	0	14	13	0	24	11	12	7	0		2.991112
30	61	61	0	13	7	9	26	6	10	7	1		0.643042
69	143	143	1	0	0	0	18	13	15	2	0		2.481560
69	144	144	0	0	19	0	14	6	17	2	0		1.120139
69	145	145	0	13	7	0	23	6	9	2	0		2.927561


-------------------------------------------------------------------------------------------------------------------
Tour_Id:			11
No_of_Customers:		3
No_of_Items:			8
Customer_Sequence:		50 76 28 

CustId	Id	TypeId	Rotated	x	y	z	Length	Width	Height	mass	Fragility	LoadBearingStrength
50	103	103	0	0	15	15	28	9	10	6.50	0		1.320041
50	104	104	1	47	0	10	19	9	16	6.50	1		0.861144
76	154	154	0	0	15	0	34	9	15	4.33	0		1.907995
76	155	155	1	47	0	0	24	12	10	4.33	0		2.509312
76	156	156	0	29	0	17	18	14	7	4.33	0		3.031543
28	55	55	0	0	0	0	29	14	14	5.33	0		2.554903
28	56	56	0	29	0	0	18	15	17	5.33	0		1.737235
28	57	57	0	0	0	14	23	12	13	5.33	0		3.901528


-------------------------------------------------------------------------------------------------------------------
Tour_Id:			12
No_of_Customers:		5
No_of_Items:			9
Customer_Sequence:		6 5 84 60 89 

CustId	Id	TypeId	Rotated	x	y	z	Length	Width	Height	mass	Fragility	LoadBearingStrength
6	9	9	0	18	0	13	15	12	17	1	0		1.834734
6	10	10	0	24	12	13	31	12	11	1	1		0.666729
6	11	11	0	34	0	9	15	8	13	1	1		0.962339
5	8	8	0	0	11	17	14	9	8	26	0		3.347062
84	165	165	0	24	12	0	31	12	13	3.50	0		1.437163
84	166	166	0	0	0	13	18	11	14	3.50	0		2.998530
60	119	119	0	0	0	0	34	12	13	1.50	0		2.825892
60	120	120	0	34	0	0	25	10	9	1.50	0		3.569804
89	173	173	0	0	12	0	24	7	17	15	0		3.362656


-------------------------------------------------------------------------------------------------------------------
Tour_Id:			13
No_of_Customers:		6
No_of_Items:			12
Customer_Sequence:		18 8 46 36 47 82 

CustId	Id	TypeId	Rotated	x	y	z	Length	Width	Height	mass	Fragility	LoadBearingStrength
18	34	34	1	39	7	0	15	13	12	4	0		3.467678
18	35	35	0	17	20	11	20	5	7	4	0		1.782753
18	36	36	1	52	0	0	19	6	17	4	1		0.843899
8	15	15	0	30	0	18	22	6	8	9	0		3.797564
46	93	93	0	17	8	16	17	12	12	0.50	0		2.572500
46	94	94	0	17	19	0	22	6	11	0.50	0		1.116587
36	73	73	1	0	0	17	25	14	13	1.67	0		2.861291
36	74	74	0	17	0	0	31	7	18	1.67	0		1.671941
36	75	75	0	17	0	18	13	8	12	1.67	1		0.949393
47	95	95	0	17	7	0	20	12	16	13.50	0		2.080976
47	96	96	1	12	0	0	16	5	17	13.50	0		2.823648
82	163	163	1	0	0	0	21	12	17	16	0		3.702429


-------------------------------------------------------------------------------------------------------------------
Tour_Id:			14
No_of_Customers:		4
No_of_Items:			8
Customer_Sequence:		53 40 58 13 

CustId	Id	TypeId	Rotated	x	y	z	Length	Width	Height	mass	Fragility	LoadBearingStrength
53	107	107	0	26	0	0	24	10	17	7	0		3.165650
53	108	108	0	26	0	17	27	7	8	7	0		3.500945
40	79	79	0	34	10	0	22	12	15	4.50	0		2.751438
40	80	80	0	34	10	15	12	14	15	4.50	0		2.062934
58	116	116	0	0	13	18	33	9	6	18	0		2.769956
13	22	22	0	0	0	0	26	15	16	7.67	0		3.625106
13	23	23	0	0	15	0	34	7	18	7.67	0		1.326256
13	24	24	1	0	0	16	13	11	14	7.67	0		3.663004


-------------------------------------------------------------------------------------------------------------------
Tour_Id:			15
No_of_Customers:		5
No_of_Items:			10
Customer_Sequence:		20 66 65 71 51 

CustId	Id	TypeId	Rotated	x	y	z	Length	Width	Height	mass	Fragility	LoadBearingStrength
20	38	38	0	27	18	0	29	6	16	4.50	0		3.245811
20	39	39	0	27	18	16	29	6	10	4.50	0		2.737899
66	136	136	0	33	0	12	23	14	15	8.33	0		2.950368
66	137	137	0	0	0	18	33	8	9	8.33	0		1.931534
66	138	138	0	14	18	0	13	7	18	8.33	0		3.568378
65	133	133	0	0	0	0	32	13	18	6.67	0		1.773997
65	134	134	0	32	0	0	27	13	12	6.67	0		1.075045
65	135	135	0	0	8	18	23	5	11	6.67	0		2.124121
71	148	148	0	0	13	0	36	5	9	15	0		1.529522
51	105	105	0	0	18	0	14	7	8	10	1		0.977013


-------------------------------------------------------------------------------------------------------------------
Tour_Id:			16
No_of_Customers:		5
No_of_Items:			9
Customer_Sequence:		41 22 74 72 21 

CustId	Id	TypeId	Rotated	x	y	z	Length	Width	Height	mass	Fragility	LoadBearingStrength
41	81	81	0	12	0	21	30	9	8	2.50	0		3.812262
41	82	82	1	43	0	12	14	12	11	2.50	0		3.361981
22	41	41	0	12	0	10	24	14	11	6	0		3.253428
22	42	42	1	43	0	0	14	13	12	6	0		2.348582
22	43	43	0	12	15	9	24	9	18	6	1		0.785103
74	151	151	0	12	0	0	31	15	10	4	0		1.293075
74	152	152	0	12	15	0	24	9	9	4	0		2.062149
72	149	149	1	0	0	7	16	12	12	25	1		0.888527
21	40	40	1	0	0	0	23	9	7	11	1		0.779634


-------------------------------------------------------------------------------------------------------------------
Tour_Id:			17
No_of_Customers:		4
No_of_Items:			9
Customer_Sequence:		94 59 92 95 

CustId	Id	TypeId	Rotated	x	y	z	Length	Width	Height	mass	Fragility	LoadBearingStrength
94	182	182	1	46	0	12	24	8	7	9	0		2.980088
94	183	183	1	46	0	19	12	10	8	9	0		2.946438
94	184	184	0	13	8	15	31	14	15	9	1		0.788658
59	117	117	0	10	0	12	36	8	15	14	0		3.164507
59	118	118	1	45	0	0	20	11	12	14	0		3.737048
92	178	178	0	13	8	0	32	11	15	0.67	0		2.461663
92	179	179	0	13	0	0	31	8	12	0.67	0		1.589000
92	180	180	1	0	0	9	24	10	7	0.67	1		0.989661
95	185	185	1	0	0	0	23	13	9	20	1		0.609429


-------------------------------------------------------------------------------------------------------------------
Tour_Id:			18
No_of_Customers:		7
No_of_Items:			12
Customer_Sequence:		24 29 34 35 9 81 33 

CustId	Id	TypeId	Rotated	x	y	z	Length	Width	Height	mass	Fragility	LoadBearingStrength
24	47	47	0	13	8	9	30	9	14	1.50	0		1.598564
24	48	48	0	36	18	0	15	7	17	1.50	0		1.458449
29	58	58	0	32	0	20	25	8	8	9	0		2.339339
34	69	69	0	32	0	12	21	8	8	14	0		3.842892
35	70	70	0	9	8	0	36	10	9	2.67	0		2.482092
35	71	71	1	0	8	15	14	8	14	2.67	0		3.333587
35	72	72	1	0	8	9	14	13	6	2.67	0		1.631531
9	16	16	0	32	0	0	21	6	12	16	0		3.536678
81	162	162	0	0	0	14	32	8	15	26	0		1.073584
33	66	66	0	0	0	0	31	8	14	3.67	0		1.271547
33	67	67	0	9	18	0	27	7	7	3.67	0		2.450432
33	68	68	1	0	8	0	14	9	9	3.67	0		3.455201


-------------------------------------------------------------------------------------------------------------------
Tour_Id:			19
No_of_Customers:		3
No_of_Items:			9
Customer_Sequence:		7 48 62 

CustId	Id	TypeId	Rotated	x	y	z	Length	Width	Height	mass	Fragility	LoadBearingStrength
7	12	12	0	39	10	0	18	8	15	1.67	0		2.945163
7	13	13	1	17	10	18	12	9	11	1.67	0		2.510599
7	14	14	0	27	10	15	32	14	7	1.67	1		0.713988
48	97	97	0	0	0	0	33	10	16	12	0		1.134264
48	98	98	0	39	18	0	19	6	15	12	0		1.487950
48	99	99	0	0	0	16	32	5	8	12	0		1.968387
62	124	124	0	0	10	0	27	14	18	6.33	0		1.043780
62	125	125	0	0	10	18	17	14	12	6.33	0		2.686522
62	126	126	1	27	10	0	13	12	15	6.33	0		3.903514


